# lon_gridpoint [deg], lat_gridpoint [deg], P_R_modelGRS [W], P_R_modelFREND [W] 
96.375, 48.125, 2.559999526824097e-23, 2.5539113698430632e-23 
96.625, 48.125, 2.327410558675212e-23, 2.3218433142435253e-23 
96.875, 48.125, 2.134321868383613e-23, 2.1291040369309757e-23 
97.125, 48.125, 3.4181329955172154e-23, 3.4095378247255865e-23 
97.375, 48.125, 3.589987508048084e-23, 3.580820356983507e-23 
97.625, 48.125, 3.398095165915716e-23, 3.389286363869769e-23 
97.875, 48.125, 2.9191503522859547e-23, 2.911407761388105e-23 
98.125, 48.125, 2.4196025876406088e-23, 2.4130159241517185e-23 
98.375, 48.125, 1.699566651157292e-23, 1.694873420324636e-23 
98.625, 48.125, 2.925921176928688e-23, 2.917728075974956e-23 
98.875, 48.125, 3.129817952014122e-23, 3.120833736205143e-23 
99.125, 48.125, 3.079931936350286e-23, 3.0708681571185696e-23 
99.375, 48.125, 2.6375567080805756e-23, 2.6295979311865694e-23 
99.625, 48.125, 3.722775768687796e-23, 3.7112498777949993e-23 
99.875, 48.125, 3.1556717993192667e-23, 3.1456537336572407e-23 
100.125, 48.125, 1.6850088242255256e-23, 1.679527145675204e-23 
100.375, 48.125, 1.0505780798523335e-23, 1.0470612615878933e-23 
100.625, 48.125, 1.3170300659747956e-23, 1.3124603744577204e-23 
100.875, 48.125, 1.3824859086012355e-23, 1.377548582625235e-23 
101.125, 48.125, 1.9737293449943375e-23, 1.966500732758293e-23 
101.375, 48.125, 2.5954019121950958e-23, 2.585675594687028e-23 
101.625, 48.125, 2.3764576298962646e-23, 2.367350134202268e-23 
101.875, 48.125, 2.9528648852794516e-23, 2.9413337236525646e-23 
102.125, 48.125, 2.0670438453699473e-23, 2.0588350572151535e-23 
102.375, 48.125, 1.5812732954816783e-23, 1.574898325047916e-23 
102.625, 48.125, 1.1158810853727142e-23, 1.1113154368537783e-23 
102.875, 48.125, 2.2884353301469588e-23, 2.2790266258078258e-23 
103.125, 48.125, 2.1876495248023455e-23, 2.1786602618723257e-23 
103.375, 48.125, 9.504999224598464e-24, 9.466055464314186e-24 
103.625, 48.125, 1.2239397659474842e-23, 1.2189247545087022e-23 
103.875, 48.125, 6.22867666021848e-24, 6.2035728711925705e-24 
104.125, 48.125, 4.9395416474824414e-24, 4.920170205774404e-24 
104.375, 48.125, 5.9497123332365445e-24, 5.926991159441692e-24 
104.625, 48.125, 3.1228884395493893e-24, 3.111271790615839e-24 
104.875, 48.125, 5.1192724266253755e-25, 5.100709474999849e-25 
105.125, 48.125, 2.220513503044341e-24, 2.2126699167185754e-24 
105.375, 48.125, 3.2480630460841414e-24, 3.2368944005469136e-24 
105.625, 48.125, 4.428914156561573e-24, 4.4141004622188705e-24 
105.875, 48.125, 1.1087117665510607e-23, 1.1051073781978122e-23 
106.125, 48.125, 1.315817607447907e-23, 1.3116633633309573e-23 
106.375, 48.125, 1.0151029279996305e-23, 1.0120051156519401e-23 
106.625, 48.125, 7.616292552305804e-24, 7.594049383225794e-24 
106.875, 48.125, 8.498170633267853e-24, 8.474273527903372e-24 
107.125, 48.125, 8.073757465776001e-24, 8.051811666739876e-24 
107.375, 48.125, 4.448772518884251e-24, 4.436971468940965e-24 
107.625, 48.125, 9.49149854644985e-24, 9.466916047110525e-24 
107.875, 48.125, 8.449235212184007e-24, 8.428040537900773e-24 
108.125, 48.125, 6.646987331761194e-24, 6.630937772027957e-24 
108.375, 48.125, 4.183021203115502e-24, 4.173196329934087e-24 
108.625, 48.125, 7.124378410427819e-24, 7.108092022795498e-24 
108.875, 48.125, 7.286565165621754e-24, 7.270500116867275e-24 
109.125, 48.125, 4.2865052071397096e-24, 4.2774679180236966e-24 
109.375, 48.125, 3.73124843350413e-24, 3.72374482480691e-24 
109.625, 48.125, 5.464581319907625e-24, 5.454123689821243e-24 
109.875, 48.125, 2.640029565776936e-24, 2.635234241576184e-24 
91.875, 48.375, 4.565239896910784e-23, 4.558025047485867e-23 
92.125, 48.375, 4.522933232822621e-23, 4.515557391210235e-23 
92.375, 48.375, 2.6161906138325526e-23, 2.611790611220023e-23 
92.625, 48.375, 2.708343691262871e-23, 2.703601717950921e-23 
92.875, 48.375, 3.6721518460328453e-23, 3.6655352652248327e-23 
93.125, 48.375, 6.36803335345515e-23, 6.356211994288254e-23 
93.375, 48.375, 5.1199985532760813e-23, 5.110140497459961e-23 
93.625, 48.375, 2.848109148016282e-23, 2.84242874916938e-23 
93.875, 48.375, 2.4577518150517777e-23, 2.4527689034352482e-23 
94.125, 48.375, 2.5043567550045745e-23, 2.499256450722518e-23 
94.375, 48.375, 2.186842650960991e-23, 2.1823098384765784e-23 
94.625, 48.375, 1.9941293679339004e-23, 1.9899187766623944e-23 
94.875, 48.375, 2.685941285917292e-23, 2.680165913868712e-23 
95.125, 48.375, 3.2526867611501075e-23, 3.245534383582957e-23 
95.375, 48.375, 3.377204230155241e-23, 3.369563187836326e-23 
95.625, 48.375, 4.200896657644891e-23, 4.191124705519521e-23 
95.875, 48.375, 3.8608206324255715e-23, 3.851661556169558e-23 
96.125, 48.375, 4.209668023239507e-23, 4.1995182988583125e-23 
96.375, 48.375, 2.7304984245863507e-23, 2.7238095277661236e-23 
96.625, 48.375, 1.9920078730895316e-23, 1.987100468681679e-23 
96.875, 48.375, 2.5096939164706773e-23, 2.5033789184257475e-23 
97.125, 48.375, 5.367161325828061e-23, 5.353281300685586e-23 
97.375, 48.375, 4.461282572669069e-23, 4.449433566169221e-23 
97.625, 48.375, 1.392768475103416e-23, 1.3890151641071842e-23 
97.875, 48.375, 1.830313825886382e-23, 1.8252714416579533e-23 
98.125, 48.375, 2.070097995440175e-23, 2.064250384651667e-23 
98.375, 48.375, 2.4465627334011424e-23, 2.439480736086181e-23 
98.625, 48.375, 2.7809287349970376e-23, 2.772769957130869e-23 
98.875, 48.375, 2.038352796720069e-23, 2.03222920859368e-23 
99.125, 48.375, 2.28724651427322e-23, 2.2802045282264378e-23 
99.375, 48.375, 3.149904743577656e-23, 3.139959313685532e-23 
99.625, 48.375, 3.476960680462368e-23, 3.465709400900293e-23 
99.875, 48.375, 2.4221488767000184e-23, 2.4141205720839158e-23 
100.125, 48.375, 8.348895948275037e-24, 8.32043662285952e-24 
100.375, 48.375, 1.3153860570170522e-23, 1.310741503907092e-23 
100.625, 48.375, 1.1738585970493466e-23, 1.1695703199745198e-23 
100.875, 48.375, 2.1119173676428433e-23, 2.1039875266971617e-23 
101.125, 48.375, 1.7744454252418874e-23, 1.767621094525624e-23 
101.375, 48.375, 2.186837751156402e-23, 2.1782281865106495e-23 
101.625, 48.375, 2.799019973909389e-23, 2.787762011528001e-23 
101.875, 48.375, 2.0449957126015116e-23, 2.03662183331461e-23 
102.125, 48.375, 1.6034080604830006e-23, 1.5967362449350284e-23 
102.375, 48.375, 2.2505073702751135e-23, 2.2409939477748435e-23 
102.625, 48.375, 2.1847364353813847e-23, 2.1753693492755898e-23 
102.875, 48.375, 1.8085629881747903e-23, 1.8007727521685106e-23 
103.125, 48.375, 1.1085750595343042e-23, 1.1037887086293213e-23 
103.375, 48.375, 1.0163048906068817e-23, 1.0118812734771364e-23 
103.625, 48.375, 9.238604063231743e-24, 9.19827631774704e-24 
103.875, 48.375, 7.320026659251154e-24, 7.288564623828507e-24 
104.125, 48.375, 8.769618601926051e-24, 8.732878758708045e-24 
104.375, 48.375, 5.564164765995504e-24, 5.541440157772779e-24 
104.625, 48.375, 7.150033835440721e-24, 7.121505295170398e-24 
104.875, 48.375, 5.03235394770061e-24, 5.012746617656555e-24 
105.125, 48.375, 3.765049330084048e-24, 3.750732695611236e-24 
105.375, 48.375, 2.3196175968127413e-24, 2.311014711223428e-24 
105.625, 48.375, 1.1528871893931812e-23, 1.148719523290993e-23 
105.875, 48.375, 1.1128799762167434e-23, 1.1089613040123602e-23 
106.125, 48.375, 8.282255193785852e-24, 8.253964075295584e-24 
106.375, 48.375, 8.144533614593744e-24, 8.117781666267007e-24 
106.625, 48.375, 1.1444798033621539e-23, 1.140870784989644e-23 
106.875, 48.375, 7.067135299197497e-24, 7.045615975538187e-24 
107.125, 48.375, 6.074217366389826e-24, 6.056291530794474e-24 
107.375, 48.375, 6.302301517426829e-24, 6.284294126580601e-24 
107.625, 48.375, 8.632630342927276e-24, 8.60852949769978e-24 
107.875, 48.375, 5.845059170891524e-24, 5.829216911538108e-24 
108.125, 48.375, 1.0062874616924132e-23, 1.003654541073041e-23 
108.375, 48.375, 1.016131037899077e-23, 1.0135677872141745e-23 
108.625, 48.375, 2.7452740845239043e-24, 2.7385294503699103e-24 
108.875, 48.375, 6.166100616362844e-24, 6.1514526199105706e-24 
109.125, 48.375, 3.0347528475322165e-24, 3.0278362115386885e-24 
109.375, 48.375, 2.0286971635401116e-24, 2.0242708271943976e-24 
109.625, 48.375, 3.0557296811883958e-24, 3.04935980991346e-24 
109.875, 48.375, 4.4983862518842846e-24, 4.489446800132448e-24 
110.125, 48.375, 4.944280891295553e-24, 4.934936522032821e-24 
110.375, 48.375, 6.790623053375481e-24, 6.778450191013477e-24 
110.625, 48.375, 5.1054498308134086e-24, 5.096794822783978e-24 
110.875, 48.375, 6.4176842294640115e-24, 6.407429506126869e-24 
111.125, 48.375, 7.583194206497066e-24, 7.571815562397104e-24 
111.375, 48.375, 1.1226804673438377e-23, 1.121105215127893e-23 
111.625, 48.375, 1.2905603677060536e-23, 1.2888752668492422e-23 
111.875, 48.375, 3.5999835743874605e-23, 3.595620963066853e-23 
112.125, 48.375, 2.6970647762492286e-23, 2.6940249116143475e-23 
112.375, 48.375, 1.1304655609856394e-23, 1.1292662759476755e-23 
112.625, 48.375, 1.0541250766424466e-23, 1.0530765981382854e-23 
112.875, 48.375, 2.078763380048803e-23, 2.0768043828350158e-23 
113.125, 48.375, 4.8042105830291e-23, 4.799911414337564e-23 
113.375, 48.375, 1.828615971665261e-23, 1.8271007544722507e-23 
113.625, 48.375, 2.6798903609397446e-23, 2.677828279061904e-23 
113.875, 48.375, 2.0626209812807467e-23, 2.060934916372991e-23 
114.125, 48.375, 6.349947979407777e-24, 6.344231611676866e-24 
114.375, 48.375, 8.920857705877623e-24, 8.91215838780239e-24 
88.625, 48.625, 1.9786898153043935e-23, 1.9763701228768838e-23 
88.875, 48.625, 3.329889831458098e-23, 3.3259555441497436e-23 
89.125, 48.625, 2.678148889390741e-23, 2.674982993462084e-23 
89.375, 48.625, 3.5054316558036103e-23, 3.5012856585163304e-23 
89.625, 48.625, 3.559002694848391e-23, 3.554791151245755e-23 
89.875, 48.625, 2.2699946613173984e-23, 2.2672752116499956e-23 
90.125, 48.625, 1.6267365293645062e-23, 1.6247563461651633e-23 
90.375, 48.625, 2.0305355689539992e-23, 2.0280247128264767e-23 
90.625, 48.625, 1.8100168501019258e-23, 1.8077437874875938e-23 
90.875, 48.625, 1.2024146581806725e-23, 1.2008462980786689e-23 
91.125, 48.625, 1.5989589473557737e-23, 1.5967629663135464e-23 
91.375, 48.625, 4.7541890512080795e-23, 4.7473315026463347e-23 
91.625, 48.625, 6.661791992548108e-23, 6.651722934196041e-23 
91.875, 48.625, 6.282470519937897e-23, 6.272627254554585e-23 
92.125, 48.625, 6.306301648135752e-23, 6.296103328794916e-23 
92.375, 48.625, 3.970150415414577e-23, 3.963530013150209e-23 
92.625, 48.625, 3.1571883048471676e-23, 3.1517621779637814e-23 
92.875, 48.625, 3.823845936989999e-23, 3.8170397410268115e-23 
93.125, 48.625, 5.237388865822257e-23, 5.2277050333193186e-23 
93.375, 48.625, 2.4026326876181158e-23, 2.398024370102396e-23 
93.625, 48.625, 1.546146132540764e-23, 1.5430738217334764e-23 
93.875, 48.625, 1.3591027305081816e-23, 1.356357261830335e-23 
94.125, 48.625, 5.8424428723168625e-24, 5.8304316461382794e-24 
94.375, 48.625, 2.4859387554456712e-23, 2.4807317452106067e-23 
94.625, 48.625, 3.56787363644471e-23, 3.560262239116284e-23 
94.875, 48.625, 3.2734805742580696e-23, 3.2663379895198687e-23 
95.125, 48.625, 1.574237063006205e-23, 1.5707019937351365e-23 
95.375, 48.625, 1.373748029910972e-23, 1.3705757698299687e-23 
95.625, 48.625, 4.168657722314652e-23, 4.158766214112757e-23 
95.875, 48.625, 6.290217928407369e-23, 6.275001982535636e-23 
96.125, 48.625, 5.687930809294067e-23, 5.673951436428204e-23 
96.375, 48.625, 5.105214489322459e-23, 5.092469489794537e-23 
96.625, 48.625, 4.74235530491605e-23, 4.7303331222801845e-23 
96.875, 48.625, 1.449500717376457e-23, 1.4457497500922917e-23 
97.125, 48.625, 2.505171026691725e-23, 2.498513211654937e-23 
97.375, 48.625, 2.5810732124243952e-23, 2.574033345914348e-23 
97.625, 48.625, 1.4522901709134003e-23, 1.4482275840690496e-23 
97.875, 48.625, 2.410519282021583e-23, 2.4036311677555022e-23 
98.125, 48.625, 3.0331390718152223e-23, 3.024259864572101e-23 
98.375, 48.625, 2.443818572150078e-23, 2.4364937701326485e-23 
98.625, 48.625, 8.841663797662966e-24, 8.814545008735301e-24 
98.875, 48.625, 2.0511044671620865e-23, 2.044663734178887e-23 
99.125, 48.625, 2.5420700952502977e-23, 2.5338879290254204e-23 
99.375, 48.625, 2.3789807487750662e-23, 2.371136576454797e-23 
99.625, 48.625, 2.4010956722884528e-23, 2.3929898819579566e-23 
99.875, 48.625, 2.973164881591952e-23, 2.962848003717856e-23 
100.125, 48.625, 2.3886172452855512e-23, 2.380036874172132e-23 
100.375, 48.625, 1.467289279334465e-23, 1.461839182421391e-23 
100.625, 48.625, 5.44449031390856e-23, 5.423601881643959e-23 
100.875, 48.625, 4.9872695923649696e-23, 4.9676282582170316e-23 
101.125, 48.625, 2.1189421968157023e-23, 2.110404137359779e-23 
101.375, 48.625, 1.4752187838728763e-23, 1.469140130895423e-23 
101.625, 48.625, 1.9032355390864744e-23, 1.8952198127217068e-23 
101.875, 48.625, 9.898144186196686e-24, 9.855734840733752e-24 
102.125, 48.625, 1.1635209910867348e-23, 1.1584587498937392e-23 
102.375, 48.625, 1.8633837946119318e-23, 1.8551531895942112e-23 
102.625, 48.625, 2.235064182514117e-23, 2.2250438238572455e-23 
102.875, 48.625, 1.8468456095046117e-23, 1.8385055721801206e-23 
103.125, 48.625, 1.379196070810363e-23, 1.372919466890216e-23 
103.375, 48.625, 1.0499528151695795e-23, 1.0451377264992482e-23 
103.625, 48.625, 8.843198048661197e-24, 8.802332764432797e-24 
103.875, 48.625, 1.1146058287044784e-23, 1.1095167519180631e-23 
104.125, 48.625, 8.519444857659002e-24, 8.481444904499962e-24 
104.375, 48.625, 1.054637131484111e-23, 1.0500384328326431e-23 
104.625, 48.625, 1.4247460467358022e-23, 1.4186758883505215e-23 
104.875, 48.625, 9.63802976891966e-24, 9.597873658758622e-24 
105.125, 48.625, 7.944852165766567e-24, 7.912495206885517e-24 
105.375, 48.625, 1.442257206821537e-23, 1.4365185314286593e-23 
105.625, 48.625, 2.030921968888924e-23, 2.0230314286617175e-23 
105.875, 48.625, 1.6973858207862973e-23, 1.6909697349193238e-23 
106.125, 48.625, 1.176902830276391e-23, 1.1726085590655214e-23 
106.375, 48.625, 1.4200468433765623e-23, 1.415051711108391e-23 
106.625, 48.625, 2.4772784717092474e-23, 2.468889516906662e-23 
106.875, 48.625, 1.376998230069859e-23, 1.372484505514263e-23 
107.125, 48.625, 1.3258119833298e-23, 1.3215904528668912e-23 
107.375, 48.625, 1.131498886164348e-23, 1.1280022588806416e-23 
107.625, 48.625, 2.045465754785101e-23, 2.0393367195794315e-23 
107.875, 48.625, 1.1598663849052082e-23, 1.1564885471394375e-23 
108.125, 48.625, 2.7635201778143066e-24, 2.7557315289831727e-24 
108.375, 48.625, 1.3539288317674065e-23, 1.3502400768828202e-23 
108.625, 48.625, 1.4209294667932334e-23, 1.4171916092921766e-23 
108.875, 48.625, 9.449205532981062e-24, 9.425144182496066e-24 
109.125, 48.625, 7.358653229922454e-24, 7.340624715345058e-24 
109.375, 48.625, 6.66805112576954e-24, 6.652363167721475e-24 
109.625, 48.625, 4.9502956678747175e-24, 4.939130662904148e-24 
109.875, 48.625, 1.0253582691996187e-23, 1.0231454179913682e-23 
110.125, 48.625, 1.0921406939684733e-23, 1.0898899948251886e-23 
110.375, 48.625, 5.685278774197527e-24, 5.6741157861510285e-24 
110.625, 48.625, 6.722083425926899e-24, 6.70953899614717e-24 
110.875, 48.625, 5.0134234813866236e-24, 5.004555735805109e-24 
111.125, 48.625, 6.194561776013077e-24, 6.184207967917693e-24 
111.375, 48.625, 1.2191426372671245e-23, 1.2172236383243651e-23 
111.625, 48.625, 1.9146578425511678e-23, 1.9118305372781945e-23 
111.875, 48.625, 1.5776926465404163e-23, 1.5755009166406328e-23 
112.125, 48.625, 3.663696630841088e-24, 3.658849561783672e-24 
112.375, 48.625, 1.072543377050924e-23, 1.0711954154549328e-23 
112.625, 48.625, 3.2833476650757725e-23, 3.2794386088893664e-23 
112.875, 48.625, 6.90659830847998e-23, 6.898779073540338e-23 
113.125, 48.625, 1.1434396308612091e-22, 1.1422208371361815e-22 
113.375, 48.625, 7.907126592063334e-23, 7.899222210134138e-23 
113.625, 48.625, 3.996640800687472e-23, 3.992910357169533e-23 
113.875, 48.625, 1.983995461642324e-23, 1.9821567617283298e-23 
114.125, 48.625, 2.5232023584649896e-23, 2.5206550364597933e-23 
114.375, 48.625, 1.4620739183068843e-23, 1.4605052141272844e-23 
114.625, 48.625, 1.8465174240462204e-23, 1.8444235742956154e-23 
114.875, 48.625, 1.681293028138073e-23, 1.6792080568813437e-23 
115.125, 48.625, 8.516406318293715e-24, 8.504740018504702e-24 
115.375, 48.625, 2.0817270434238038e-23, 2.0786052064148352e-23 
115.625, 48.625, 2.997656175568525e-23, 2.99277170924249e-23 
115.875, 48.625, 2.2587092690294605e-23, 2.254702944465215e-23 
116.125, 48.625, 1.68657529029527e-23, 1.6833437384514803e-23 
116.375, 48.625, 2.065013316256836e-23, 2.0607627335017643e-23 
116.625, 48.625, 2.1112743262362516e-23, 2.1066279750732807e-23 
116.875, 48.625, 7.364072215851876e-24, 7.346478121840295e-24 
117.125, 48.625, 5.523751071525763e-24, 5.50928381505324e-24 
117.375, 48.625, 2.8663566139976755e-23, 2.858190219192844e-23 
86.125, 48.875, 1.905908058071028e-23, 1.904266739491411e-23 
86.375, 48.875, 1.0818414841376676e-23, 1.0808579359847968e-23 
86.625, 48.875, 4.05931324557717e-24, 4.055428031837057e-24 
86.875, 48.875, 1.9351220244996313e-23, 1.9332051386824997e-23 
87.125, 48.875, 2.6925153260299556e-23, 2.689769276749431e-23 
87.375, 48.875, 3.8173888604345045e-23, 3.81338369920471e-23 
87.625, 48.875, 3.4532348319688685e-23, 3.4494714814016464e-23 
87.875, 48.875, 6.625247775781915e-23, 6.617826963377872e-23 
88.125, 48.875, 7.814231983083766e-23, 7.805299020121751e-23 
88.375, 48.875, 4.529720703349704e-23, 4.5244379130133734e-23 
88.625, 48.875, 3.8940593218612274e-23, 3.889427978408493e-23 
88.875, 48.875, 4.9661071313218527e-23, 4.9600765829513995e-23 
89.125, 48.875, 2.5777593122064342e-23, 2.5746274496071773e-23 
89.375, 48.875, 2.2887870628451e-23, 2.286004882810684e-23 
89.625, 48.875, 1.3103211791804252e-23, 1.3087275877234925e-23 
89.875, 48.875, 1.2034780241581173e-23, 1.2019762083114149e-23 
90.125, 48.875, 1.1509065793313792e-23, 1.1494481816883193e-23 
90.375, 48.875, 2.1585271114200395e-23, 2.1557502752507632e-23 
90.625, 48.875, 3.253979057640249e-23, 3.2497302519793377e-23 
90.875, 48.875, 3.541880118810497e-23, 3.537056020229524e-23 
91.125, 48.875, 4.639183555543136e-23, 4.632544600690737e-23 
91.375, 48.875, 7.149378649637334e-23, 7.138653818606389e-23 
91.625, 48.875, 6.915452954423322e-23, 6.904655896656998e-23 
91.875, 48.875, 3.627548416173777e-23, 3.621640075259827e-23 
92.125, 48.875, 1.5680565211442362e-23, 1.5654235558066924e-23 
92.375, 48.875, 1.8637121675470688e-23, 1.860488855958896e-23 
92.625, 48.875, 1.6159134507622324e-23, 1.613037291402848e-23 
92.875, 48.875, 9.238123522997691e-24, 9.221089786622733e-24 
93.125, 48.875, 1.2903506335851689e-23, 1.2878823167927432e-23 
93.375, 48.875, 3.0260667807169635e-23, 3.020069248238615e-23 
93.625, 48.875, 2.9632938958638006e-23, 2.9572086952184333e-23 
93.875, 48.875, 1.2310379765819387e-23, 1.228437685449672e-23 
94.125, 48.875, 1.2466872575714257e-23, 1.2440056265757207e-23 
94.375, 48.875, 2.7187992368129696e-23, 2.7128457819813266e-23 
94.625, 48.875, 3.4563927819348474e-23, 3.448690315405917e-23 
94.875, 48.875, 3.616015713166443e-23, 3.6077381098500185e-23 
95.125, 48.875, 3.567551926248883e-23, 3.5591582720074476e-23 
95.375, 48.875, 4.3522840163346473e-23, 4.3417671291242093e-23 
95.625, 48.875, 5.2528808587033304e-23, 5.239853511744352e-23 
95.875, 48.875, 7.004137452494941e-23, 6.986443601883564e-23 
96.125, 48.875, 6.806234031173657e-23, 6.788776426462301e-23 
96.375, 48.875, 3.1103990806963175e-23, 3.102300571012506e-23 
96.625, 48.875, 3.6724897929892003e-23, 3.662733461860129e-23 
96.875, 48.875, 2.8909106525966185e-23, 2.8829614828989025e-23 
97.125, 48.875, 2.1069244245613587e-23, 2.100983778489626e-23 
97.375, 48.875, 2.516325974489282e-23, 2.5090551623018434e-23 
97.625, 48.875, 3.0496758564200056e-23, 3.040650852238087e-23 
97.875, 48.875, 2.8445649739996e-23, 2.8358025877500514e-23 
98.125, 48.875, 1.951056336367932e-23, 1.9449098929822096e-23 
98.375, 48.875, 1.8889812167189317e-23, 1.8828983139117592e-23 
98.625, 48.875, 9.714622301682229e-24, 9.68266028948359e-24 
98.875, 48.875, 2.3737752494374542e-23, 2.3657590576578958e-23 
99.125, 48.875, 2.8629621694367636e-23, 2.8530677154349814e-23 
99.375, 48.875, 2.243607474844862e-23, 2.2356771827197507e-23 
99.625, 48.875, 3.176673731895751e-23, 3.165146660179849e-23 
99.875, 48.875, 3.1017934352024733e-23, 3.090159032989671e-23 
100.125, 48.875, 1.7356962171705265e-23, 1.7289737293212346e-23 
100.375, 48.875, 8.245355280915241e-23, 8.212412549805769e-23 
100.625, 48.875, 9.997286290444725e-23, 9.956057352408704e-23 
100.875, 48.875, 1.027462960158848e-22, 1.0231146756159847e-22 
101.125, 48.875, 9.045273265172187e-23, 9.006168892323116e-23 
101.375, 48.875, 7.980382644413315e-24, 7.945154713426294e-24 
101.625, 48.875, 1.2483319441262025e-23, 1.2426997618806757e-23 
101.875, 48.875, 1.0981711856044943e-23, 1.0931181654407498e-23 
102.125, 48.875, 8.680119103301493e-24, 8.639600602078152e-24 
102.375, 48.875, 2.4402063835533167e-23, 2.4286539304993347e-23 
102.625, 48.875, 2.832371709180777e-23, 2.818775012558399e-23 
102.875, 48.875, 2.03845250820913e-23, 2.028564622054446e-23 
103.125, 48.875, 1.993863886603073e-23, 1.9841217677605026e-23 
103.375, 48.875, 1.7467857106584705e-23, 1.7381895032131672e-23 
103.625, 48.875, 1.3096914416408812e-23, 1.3032002599926251e-23 
103.875, 48.875, 1.610354166193696e-23, 1.602387052314136e-23 
104.125, 48.875, 1.3147977343262956e-23, 1.3084217087755284e-23 
104.375, 48.875, 9.002622663555613e-24, 8.959864405717503e-24 
104.625, 48.875, 7.714400488742126e-24, 7.678531463249196e-24 
104.875, 48.875, 7.13118146729476e-24, 7.098903965244945e-24 
105.125, 48.875, 9.738381108992922e-24, 9.695240392330353e-24 
105.375, 48.875, 1.2179247693785772e-23, 1.2126435453333208e-23 
105.625, 48.875, 1.360816608329456e-23, 1.3550433222576855e-23 
105.875, 48.875, 1.4164111432915954e-23, 1.410567547106954e-23 
106.125, 48.875, 8.223046236025492e-24, 8.190199587761323e-24 
106.375, 48.875, 1.0330618530918433e-23, 1.0290708533881142e-23 
106.625, 48.875, 1.8545695438776033e-23, 1.8476721095813586e-23 
106.875, 48.875, 1.0494952182156171e-23, 1.045723609480446e-23 
107.125, 48.875, 1.7176029849100577e-23, 1.7115915137264237e-23 
107.375, 48.875, 1.2596993476936015e-23, 1.2554086991212076e-23 
107.625, 48.875, 1.5658091719364976e-23, 1.560659314129119e-23 
107.875, 48.875, 6.964323531363968e-24, 6.942296868431417e-24 
108.125, 48.875, 6.830925778348699e-24, 6.80996224336507e-24 
108.375, 48.875, 1.4684150006682452e-23, 1.4640464174383795e-23 
108.625, 48.875, 1.6488424724492393e-23, 1.6441091519881146e-23 
108.875, 48.875, 6.407197534529376e-24, 6.3895035391817356e-24 
109.125, 48.875, 8.705799212685118e-24, 8.682596142680828e-24 
109.375, 48.875, 8.911840077329644e-24, 8.888954587432425e-24 
109.625, 48.875, 8.22749277943245e-24, 8.207164969155563e-24 
109.875, 48.875, 7.091671935142627e-24, 7.074840317990508e-24 
110.125, 48.875, 6.989064678715583e-24, 6.973156607377893e-24 
110.375, 48.875, 1.0262343752759602e-23, 1.0239983882934677e-23 
110.625, 48.875, 1.381431861845545e-23, 1.3785699790661173e-23 
110.875, 48.875, 5.8731043317177126e-24, 5.8616230992351344e-24 
111.125, 48.875, 5.8173179418787724e-24, 5.806516062796805e-24 
111.375, 48.875, 2.5136847077348998e-24, 2.5092619256312846e-24 
111.625, 48.875, 1.4085749557032716e-23, 1.4062337619495788e-23 
111.875, 48.875, 1.516799866956846e-23, 1.5143996125947618e-23 
112.125, 48.875, 8.371484487648055e-24, 8.358791142023403e-24 
112.375, 48.875, 8.949546883034947e-24, 8.936569471177454e-24 
112.625, 48.875, 1.4100295490935538e-23, 1.4080890824100356e-23 
112.875, 48.875, 2.216525767344566e-23, 2.2136138895140876e-23 
113.125, 48.875, 6.2927646129826e-23, 6.28488974594728e-23 
113.375, 48.875, 3.3817131038389516e-23, 3.377705162618694e-23 
113.625, 48.875, 8.378296457454269e-24, 8.3689216835249e-24 
113.875, 48.875, 6.4485203493153046e-24, 6.441398845391238e-24 
114.125, 48.875, 1.3953472563323244e-23, 1.393753359828105e-23 
114.375, 48.875, 6.674299177982202e-24, 6.666267906531981e-24 
114.625, 48.875, 1.5907153138068823e-23, 1.5886995618754146e-23 
114.875, 48.875, 1.2510523384946399e-23, 1.249353788365161e-23 
115.125, 48.875, 8.398427272411938e-24, 8.385964747093383e-24 
115.375, 48.875, 4.847518815276197e-24, 4.8396963575504945e-24 
115.625, 48.875, 1.2565747708699246e-23, 1.2543839210509574e-23 
115.875, 48.875, 1.1628063241120471e-23, 1.1605891340648382e-23 
116.125, 48.875, 1.5795440764681394e-23, 1.5762955196269969e-23 
116.375, 48.875, 1.5362855116475574e-23, 1.5329072241381038e-23 
116.625, 48.875, 1.0586996163601047e-23, 1.0562208106247497e-23 
116.875, 48.875, 1.3827614547476912e-23, 1.3792632925396354e-23 
117.125, 48.875, 1.1400393478815204e-23, 1.1368930854379412e-23 
117.375, 48.875, 1.5130908854511333e-23, 1.508567105546179e-23 
117.625, 48.875, 2.0921151065753505e-23, 2.0853896482279842e-23 
117.875, 48.875, 5.543649399218e-23, 5.524673881949867e-23 
118.125, 48.875, 7.548428538547847e-23, 7.520995819275242e-23 
118.375, 48.875, 1.2817932566345255e-22, 1.2768640480052214e-22 
118.625, 48.875, 5.191305964896037e-22, 5.170270689892027e-22 
118.875, 48.875, 8.628456613340825e-22, 8.591858466544648e-22 
119.125, 48.875, 5.597667597643369e-22, 5.572845163395988e-22 
119.375, 48.875, 5.497550204475696e-23, 5.472006955261479e-23 
119.625, 48.875, 6.813632015259216e-23, 6.780530145404445e-23 
119.875, 48.875, 3.721418838890608e-23, 3.702609323636154e-23 
120.125, 48.875, 1.0727616739407897e-23, 1.067151228582614e-23 
83.875, 49.125, 6.807309204551781e-24, 6.803978696036178e-24 
84.125, 49.125, 1.671907920920429e-23, 1.6710346104220792e-23 
84.375, 49.125, 1.856133953666436e-23, 1.8550753728575877e-23 
84.625, 49.125, 2.733479282952539e-23, 2.731789210705189e-23 
84.875, 49.125, 2.764641008387775e-23, 2.762812699333642e-23 
85.125, 49.125, 1.2871165526308764e-23, 1.2862116206925712e-23 
85.375, 49.125, 1.4830065491741177e-23, 1.4818976489950665e-23 
85.625, 49.125, 2.270833254277738e-23, 2.269026331731994e-23 
85.875, 49.125, 3.2717648083169174e-23, 3.269020473080174e-23 
86.125, 49.125, 2.677518346394728e-23, 2.6751589771894075e-23 
86.375, 49.125, 2.8773958115682013e-23, 2.874722282958436e-23 
86.625, 49.125, 3.002845546140536e-23, 2.9999114062422606e-23 
86.875, 49.125, 3.4091138161880277e-23, 3.405668611114801e-23 
87.125, 49.125, 6.069174947216265e-23, 6.062863645285201e-23 
87.375, 49.125, 6.407703592219683e-23, 6.400780321623937e-23 
87.625, 49.125, 4.897041499605846e-23, 4.8914850592114176e-23 
87.875, 49.125, 7.129480472202306e-23, 7.121175123276542e-23 
88.125, 49.125, 9.186949049771123e-23, 9.176034800598231e-23 
88.375, 49.125, 8.923418648116722e-23, 8.91261147011916e-23 
88.625, 49.125, 6.767353655292089e-23, 6.759001462568529e-23 
88.875, 49.125, 5.743171417932202e-23, 5.735911400219914e-23 
89.125, 49.125, 4.5276552986982343e-23, 4.521810345867924e-23 
89.375, 49.125, 4.3735160878308705e-23, 4.367867433968604e-23 
89.625, 49.125, 5.786772112552387e-23, 5.779294600956347e-23 
89.875, 49.125, 5.44963552029201e-23, 5.442411814281544e-23 
90.125, 49.125, 5.539446064077613e-23, 5.53186811321531e-23 
90.375, 49.125, 3.782214675099842e-23, 3.776967700314352e-23 
90.625, 49.125, 3.6873749209411986e-23, 3.6821884302860373e-23 
90.875, 49.125, 5.1848846065018195e-23, 5.177299911055887e-23 
91.125, 49.125, 5.581308879527677e-23, 5.572758890627883e-23 
91.375, 49.125, 6.853235975825141e-23, 6.842317903395222e-23 
91.625, 49.125, 6.926894161698489e-23, 6.915509721649859e-23 
91.875, 49.125, 4.625650723586415e-23, 4.6177306808066575e-23 
92.125, 49.125, 3.9850704430804673e-23, 3.977952360864277e-23 
92.375, 49.125, 2.4473604820184632e-23, 2.4428657194916268e-23 
92.625, 49.125, 1.652467142433363e-23, 1.6493489957847976e-23 
92.875, 49.125, 2.1930460062682034e-23, 2.188767539780647e-23 
93.125, 49.125, 4.111442599153084e-23, 4.103137565966794e-23 
93.375, 49.125, 3.6740048650441857e-23, 3.6663205348982e-23 
93.625, 49.125, 2.5113257657168588e-23, 2.5058841723715374e-23 
93.875, 49.125, 3.5214829332142645e-23, 3.513628556733434e-23 
94.125, 49.125, 3.60087105941201e-23, 3.592636049689313e-23 
94.375, 49.125, 3.063963993404335e-23, 3.056838179913891e-23 
94.625, 49.125, 6.952471005928941e-23, 6.93603243750976e-23 
94.875, 49.125, 7.174707217093013e-23, 7.157306691570471e-23 
95.125, 49.125, 1.3922040851045975e-22, 1.388730608513487e-22 
95.375, 49.125, 1.5677107612592278e-22, 1.5636996442619882e-22 
95.625, 49.125, 7.305950239321395e-23, 7.286792434935029e-23 
95.875, 49.125, 8.121362105730298e-23, 8.099691186349824e-23 
96.125, 49.125, 9.500274944140862e-23, 9.474556444062702e-23 
96.375, 49.125, 6.787817150271003e-23, 6.769082998104281e-23 
96.625, 49.125, 3.136777141578453e-23, 3.1278810494420326e-23 
96.875, 49.125, 3.3173463238962644e-23, 3.307628400084776e-23 
97.125, 49.125, 1.77190472111076e-23, 1.7665356448495952e-23 
97.375, 49.125, 2.947154759797018e-23, 2.93801858986678e-23 
97.625, 49.125, 3.426098732861507e-23, 3.4152384086964823e-23 
97.875, 49.125, 2.9259651404747085e-23, 2.916335921119415e-23 
98.125, 49.125, 1.9635134779691108e-23, 1.956767966638074e-23 
98.375, 49.125, 2.1802317613454877e-23, 2.1725893385760357e-23 
98.625, 49.125, 2.1092529097278355e-23, 2.1017118546550312e-23 
98.875, 49.125, 1.7794553409279937e-23, 1.7729387531293943e-23 
99.125, 49.125, 2.3219119334107113e-23, 2.3132077841300935e-23 
99.375, 49.125, 2.73664706050318e-23, 2.726130108254618e-23 
99.625, 49.125, 2.9105132533684716e-23, 2.8989724306400056e-23 
99.875, 49.125, 6.058368794263741e-23, 6.033605543554869e-23 
100.125, 49.125, 5.888418545233237e-23, 5.863630158741125e-23 
100.375, 49.125, 8.078102789970638e-23, 8.043057058075096e-23 
100.625, 49.125, 7.598969471624978e-23, 7.564931292003635e-23 
100.875, 49.125, 7.656313254393296e-23, 7.621190789886706e-23 
101.125, 49.125, 6.680806067469728e-23, 6.649549701594617e-23 
101.375, 49.125, 1.4111420476220937e-23, 1.4044024940456477e-23 
101.625, 49.125, 8.188140439349324e-24, 8.148134712576382e-24 
101.875, 49.125, 9.636590846432015e-24, 9.588645191030397e-24 
102.125, 49.125, 2.864955622516329e-23, 2.850475855941577e-23 
102.375, 49.125, 3.720085285802368e-23, 3.701035614056064e-23 
102.625, 49.125, 5.299323635453216e-23, 5.271835851919348e-23 
102.875, 49.125, 5.02155939961688e-23, 4.995260106343461e-23 
103.125, 49.125, 2.970187948381735e-23, 2.954509419037067e-23 
103.375, 49.125, 2.1245866886905876e-23, 2.1132966152867997e-23 
103.625, 49.125, 1.5769534311818022e-23, 1.5685180875279055e-23 
103.875, 49.125, 1.2762230939100963e-23, 1.2694076585196895e-23 
104.125, 49.125, 1.3432531479768205e-23, 1.336163656887745e-23 
104.375, 49.125, 4.8379655627339074e-24, 4.812905924780341e-24 
104.625, 49.125, 6.053537900559307e-24, 6.022786551864277e-24 
104.875, 49.125, 4.462101098662845e-24, 4.4399844858779745e-24 
105.125, 49.125, 5.9060004013603186e-24, 5.8775381022233506e-24 
105.375, 49.125, 7.522843198298054e-24, 7.487312540386891e-24 
105.625, 49.125, 1.9506493581617094e-23, 1.9416191693162135e-23 
105.875, 49.125, 2.520959638886047e-23, 2.509583901947294e-23 
106.125, 49.125, 1.623265588047703e-23, 1.6161535629966306e-23 
106.375, 49.125, 2.386092341918964e-23, 2.3759817164103883e-23 
106.625, 49.125, 1.7500382677692712e-23, 1.742928793445565e-23 
106.875, 49.125, 3.437913527983055e-24, 3.4243782447640634e-24 
107.125, 49.125, 6.128283425349032e-24, 6.104730809485023e-24 
107.375, 49.125, 1.1485664061967217e-23, 1.144286481568807e-23 
107.625, 49.125, 1.4302207467611425e-23, 1.4251414629790346e-23 
107.875, 49.125, 6.796075086186147e-24, 6.77279681206366e-24 
108.125, 49.125, 1.1101282609230669e-23, 1.1064299833976452e-23 
108.375, 49.125, 1.570203147678109e-23, 1.5651358490231216e-23 
108.625, 49.125, 2.2919719278150623e-23, 2.2848763014440302e-23 
108.875, 49.125, 2.341375008179023e-23, 2.3343813557024322e-23 
109.125, 49.125, 1.2989605796626562e-23, 1.2952057267689936e-23 
109.375, 49.125, 1.4199677642195522e-23, 1.416001202913265e-23 
109.625, 49.125, 1.2774987683580649e-23, 1.2740544277655389e-23 
109.875, 49.125, 9.152356540292233e-24, 9.128570580343929e-24 
110.125, 49.125, 6.677587122474117e-24, 6.66088243724841e-24 
110.375, 49.125, 5.690635649830757e-24, 5.677009072764743e-24 
110.625, 49.125, 1.5080930629968357e-23, 1.5046850800021328e-23 
110.875, 49.125, 1.651551717416684e-23, 1.648012425005771e-23 
111.125, 49.125, 1.0407867839899064e-23, 1.0386641777300902e-23 
111.375, 49.125, 6.753816077539074e-24, 6.740704220914507e-24 
111.625, 49.125, 1.3470334505599e-23, 1.3445494815725296e-23 
111.875, 49.125, 2.8856338863395865e-23, 2.880542515546738e-23 
112.125, 49.125, 3.9496968970506e-23, 3.9429894793692346e-23 
112.375, 49.125, 3.099074673527276e-23, 3.0940404661623004e-23 
112.625, 49.125, 1.210302784317776e-23, 1.2084546498589057e-23 
112.875, 49.125, 1.8966380487625435e-23, 1.893860355157949e-23 
113.125, 49.125, 2.327520006779095e-23, 2.324192701854993e-23 
113.375, 49.125, 1.990667506750285e-23, 1.9879458861474922e-23 
113.625, 49.125, 1.2743974234376124e-23, 1.2727394878914597e-23 
113.875, 49.125, 2.186970456920234e-23, 2.1841673350485158e-23 
114.125, 49.125, 2.1628663646806696e-23, 2.1600176243324283e-23 
114.375, 49.125, 2.6450939138873807e-23, 2.6414651162885005e-23 
114.625, 49.125, 3.146856693249651e-23, 3.142308130485938e-23 
114.875, 49.125, 1.4807986327200452e-23, 1.478524211293805e-23 
115.125, 49.125, 2.6855721834216408e-24, 2.6811658632592714e-24 
115.375, 49.125, 6.662590317557764e-24, 6.65081730188408e-24 
115.625, 49.125, 2.4412786169460354e-23, 2.4366478708142236e-23 
115.875, 49.125, 3.853013388670364e-23, 3.845075728715919e-23 
116.125, 49.125, 1.9803329572082346e-23, 1.9758722945581856e-23 
116.375, 49.125, 1.5757172013421337e-23, 1.5719318615548688e-23 
116.625, 49.125, 1.1314632099564534e-23, 1.1285839913349609e-23 
116.875, 49.125, 1.3815003503717266e-23, 1.3777244649172636e-23 
117.125, 49.125, 1.470023774732033e-23, 1.4656678760792535e-23 
117.375, 49.125, 3.3492863225838285e-23, 3.338608450459295e-23 
117.625, 49.125, 3.294454018852589e-23, 3.2832755494937926e-23 
117.875, 49.125, 2.5030799083274257e-23, 2.4940653214650888e-23 
118.125, 49.125, 5.965638874514539e-23, 5.942893566230846e-23 
118.375, 49.125, 5.361700827353452e-23, 5.340150921742346e-23 
118.625, 49.125, 2.93904914275685e-22, 2.9266887413478824e-22 
118.875, 49.125, 4.933288429108797e-22, 4.911605937156867e-22 
119.125, 49.125, 2.8366409173624296e-22, 2.82361173163381e-22 
119.375, 49.125, 4.042516155597864e-23, 4.023087220533761e-23 
119.625, 49.125, 5.929944371427057e-23, 5.900187615207231e-23 
119.875, 49.125, 4.486600018598879e-23, 4.4632056558416696e-23 
120.125, 49.125, 2.549455022317706e-23, 2.5357009498868962e-23 
120.375, 49.125, 1.736112687336506e-23, 1.7264417906009233e-23 
120.625, 49.125, 1.3805139131207214e-23, 1.3725831016341838e-23 
120.875, 49.125, 1.0089227111656002e-23, 1.0029475522250467e-23 
121.125, 49.125, 1.0018072771233253e-23, 9.956932571418913e-24 
121.375, 49.125, 7.714211613195781e-24, 7.665786782015648e-24 
121.625, 49.125, 8.21709848444429e-24, 8.164340738586263e-24 
121.875, 49.125, 6.021498207190556e-24, 5.982121556999664e-24 
122.125, 49.125, 4.628540313687523e-24, 4.5978419916235924e-24 
122.375, 49.125, 2.53686711154087e-23, 2.5198055246534197e-23 
81.625, 49.375, 5.307429052138412e-23, 5.307305673046384e-23 
81.875, 49.375, 3.610554070177522e-23, 3.6102258818891324e-23 
82.125, 49.375, 2.2158143471049247e-23, 2.2154630512754474e-23 
82.375, 49.375, 2.0808170867193245e-23, 2.08034645471612e-23 
82.625, 49.375, 1.887325248632569e-23, 1.8867707417137756e-23 
82.875, 49.375, 2.5083628048729707e-23, 2.5074941647231928e-23 
83.125, 49.375, 3.877324131322636e-23, 3.87580767452246e-23 
83.375, 49.375, 2.540568520294181e-23, 2.5394709668108832e-23 
83.625, 49.375, 2.0547212959353272e-23, 2.0537209825714882e-23 
83.875, 49.375, 1.6591545635337508e-23, 1.6582894235066612e-23 
84.125, 49.375, 1.669024819946724e-23, 1.6680947363472916e-23 
84.375, 49.375, 2.0442413603321948e-23, 2.04303463677818e-23 
84.625, 49.375, 4.1345268760871e-23, 4.1318878999162134e-23 
84.875, 49.375, 3.7450796800023333e-23, 3.742528109758705e-23 
85.125, 49.375, 1.7597077484325266e-23, 1.7584302519164997e-23 
85.375, 49.375, 2.0297146475553083e-23, 2.0281437608270154e-23 
85.625, 49.375, 2.8011551349307854e-23, 2.7988528139914185e-23 
85.875, 49.375, 1.83702953504065e-23, 1.8354404948358125e-23 
86.125, 49.375, 1.8425579160864576e-23, 1.8408871625201936e-23 
86.375, 49.375, 4.0813950414573875e-23, 4.077521156756329e-23 
86.625, 49.375, 3.2940016590522736e-23, 3.290717108854233e-23 
86.875, 49.375, 1.0350007299238347e-23, 1.0339340588364268e-23 
87.125, 49.375, 4.3873948145475084e-23, 4.3826954078403446e-23 
87.375, 49.375, 5.386278197171383e-23, 5.380216961403554e-23 
87.625, 49.375, 3.513083192532872e-23, 3.508939490932042e-23 
87.875, 49.375, 3.4333382750815754e-23, 3.429184673014667e-23 
88.125, 49.375, 2.9961681863642663e-23, 2.9924742923117936e-23 
88.375, 49.375, 2.6060216318772914e-23, 2.6027485727852428e-23 
88.625, 49.375, 5.322096266499464e-23, 5.315289053823426e-23 
88.875, 49.375, 6.422338585986416e-23, 6.413931918982804e-23 
89.125, 49.375, 5.857124272472962e-23, 5.849270683398046e-23 
89.375, 49.375, 5.297851738757938e-23, 5.2906066283593804e-23 
89.625, 49.375, 6.419164721731862e-23, 6.410382210172405e-23 
89.875, 49.375, 5.787060913384456e-23, 5.778950124234346e-23 
90.125, 49.375, 6.59295226778002e-23, 6.583420812272875e-23 
90.375, 49.375, 4.435755985194639e-23, 4.429155078144835e-23 
90.625, 49.375, 3.9574779913185425e-23, 3.951512519484232e-23 
90.875, 49.375, 5.805434859527228e-23, 5.796356960079415e-23 
91.125, 49.375, 3.547144505430648e-23, 3.5413805308358555e-23 
91.375, 49.375, 1.891315919550841e-23, 1.8881473019012364e-23 
91.625, 49.375, 4.8027399182918614e-23, 4.7944516367684074e-23 
91.875, 49.375, 3.335523098237927e-23, 3.3295377277137436e-23 
92.125, 49.375, 1.7938211369877713e-23, 1.7904672088996136e-23 
92.375, 49.375, 1.0397244707249435e-23, 1.0377036084601267e-23 
92.625, 49.375, 1.860816303374245e-23, 1.8571057539995284e-23 
92.875, 49.375, 3.5549542175543064e-23, 3.5476380934265504e-23 
93.125, 49.375, 4.104315634245264e-23, 4.0955752521023373e-23 
93.375, 49.375, 2.4708573456224818e-23, 2.4654094921625606e-23 
93.625, 49.375, 1.7554036578733855e-23, 1.7514011111300882e-23 
93.875, 49.375, 3.027857042049089e-23, 3.02076056631406e-23 
94.125, 49.375, 2.5493844178149115e-23, 2.5432520937786127e-23 
94.375, 49.375, 4.1134288076681164e-23, 4.1033030238808173e-23 
94.625, 49.375, 9.990310777884969e-23, 9.965331195661763e-23 
94.875, 49.375, 1.2252315509567537e-22, 1.222093458588519e-22 
95.125, 49.375, 9.781363738471313e-23, 9.755628152133535e-23 
95.375, 49.375, 1.0704098517783878e-22, 1.0675189238376963e-22 
95.625, 49.375, 7.881693472650576e-23, 7.85990524489361e-23 
95.875, 49.375, 5.517522276227602e-23, 5.502014843804442e-23 
96.125, 49.375, 5.539887389155245e-23, 5.52402481559515e-23 
96.375, 49.375, 4.422694932822837e-23, 4.409694703428803e-23 
96.625, 49.375, 4.5346755325629594e-23, 4.521001050381976e-23 
96.875, 49.375, 5.2017739971585323e-23, 5.1856021470984856e-23 
97.125, 49.375, 4.0706902924643816e-23, 4.0576237112633625e-23 
97.375, 49.375, 3.508475522336228e-23, 3.496860522511214e-23 
97.625, 49.375, 3.5649143985041276e-23, 3.552863398015261e-23 
97.875, 49.375, 3.1969267840728725e-23, 3.185732646392025e-23 
98.125, 49.375, 2.6283607662540473e-23, 2.6187774006449995e-23 
98.375, 49.375, 2.4009680136345972e-23, 2.391867200741311e-23 
98.625, 49.375, 1.926451055561145e-23, 1.9190142111701266e-23 
98.875, 49.375, 2.0376875298666886e-23, 2.0296441709375467e-23 
99.125, 49.375, 2.11984077824924e-23, 2.1112572343111083e-23 
99.375, 49.375, 1.4963311254444872e-23, 1.490077458470502e-23 
99.625, 49.375, 5.395954032020538e-23, 5.372741676741306e-23 
99.875, 49.375, 1.0054782540538541e-22, 1.001029960296309e-22 
100.125, 49.375, 1.1582665661870173e-22, 1.1529933189867627e-22 
100.375, 49.375, 6.22992239381934e-23, 6.200681191658072e-23 
100.625, 49.375, 4.519922984339534e-23, 4.498070734830713e-23 
100.875, 49.375, 5.243966784860462e-23, 5.218047190222055e-23 
101.125, 49.375, 2.7300412929051474e-23, 2.716281489506915e-23 
101.375, 49.375, 2.1508743678152575e-23, 2.1397973324405527e-23 
101.625, 49.375, 1.536173383181922e-23, 1.5280932692091518e-23 
101.875, 49.375, 2.1286709679474297e-23, 2.1172836797634466e-23 
102.125, 49.375, 3.332750653026696e-23, 3.314659722633799e-23 
102.375, 49.375, 2.719481530008489e-23, 2.704505395934205e-23 
102.625, 49.375, 1.3617487143003162e-23, 1.3541588061901273e-23 
102.875, 49.375, 2.817403285246401e-23, 2.801558466324778e-23 
103.125, 49.375, 4.55694365705174e-23, 4.531127274786849e-23 
103.375, 49.375, 4.8929260547877747e-23, 4.865003769452488e-23 
103.625, 49.375, 3.842144326195338e-23, 3.820082537331662e-23 
103.875, 49.375, 1.8026543186305373e-23, 1.792319261813981e-23 
104.125, 49.375, 1.3726873979516096e-23, 1.3649031576400538e-23 
104.375, 49.375, 1.0773078902757473e-23, 1.0712659661294212e-23 
104.625, 49.375, 3.8437557485909775e-24, 3.822575799867013e-24 
104.875, 49.375, 2.3094159046668692e-24, 2.2969753296539772e-24 
105.125, 49.375, 2.7607317708251658e-24, 2.7462390837751174e-24 
105.375, 49.375, 1.2593184372612e-23, 1.2528804813326688e-23 
105.625, 49.375, 1.4431202074556558e-23, 1.4358812680284126e-23 
105.875, 49.375, 1.4445821514364633e-23, 1.4375046676485583e-23 
106.125, 49.375, 1.0174192640580378e-23, 1.012580965404455e-23 
106.375, 49.375, 1.3110442118894971e-23, 1.3050387820370775e-23 
106.625, 49.375, 8.681780735730792e-24, 8.643530453693205e-24 
106.875, 49.375, 7.793987156252026e-24, 7.760625602919985e-24 
107.125, 49.375, 6.970036362649892e-24, 6.941015389927117e-24 
107.375, 49.375, 1.3733180311734156e-23, 1.3678401618197958e-23 
107.625, 49.375, 2.107878532553551e-23, 2.0998393524277713e-23 
107.875, 49.375, 1.721675689936033e-23, 1.7153265999824215e-23 
108.125, 49.375, 3.395661648057549e-23, 3.383492928042085e-23 
108.375, 49.375, 3.3091920835135016e-23, 3.297767658690383e-23 
108.625, 49.375, 1.8139854479002815e-23, 1.8079607154735768e-23 
108.875, 49.375, 1.543885539374783e-23, 1.5389259558258376e-23 
109.125, 49.375, 2.0237733146140518e-23, 2.0174670535818106e-23 
109.375, 49.375, 1.515126407528892e-23, 1.5105524527545366e-23 
109.625, 49.375, 9.916558769227442e-24, 9.887586391623502e-24 
109.875, 49.375, 7.772858933578228e-24, 7.750905594658901e-24 
110.125, 49.375, 7.017710295857618e-24, 6.998640232164996e-24 
110.375, 49.375, 6.2556179798676426e-24, 6.2394617153370106e-24 
110.625, 49.375, 8.820950936997034e-24, 8.799357917542418e-24 
110.875, 49.375, 1.0308978497796203e-23, 1.0284946743907598e-23 
111.125, 49.375, 9.739523219523435e-24, 9.717827725403597e-24 
111.375, 49.375, 1.3210852967430088e-23, 1.3182793344669397e-23 
111.625, 49.375, 1.9501883440221103e-23, 1.9462373264408955e-23 
111.875, 49.375, 3.072013075941462e-23, 3.06603391063908e-23 
112.125, 49.375, 3.846938163021166e-23, 3.8397342578253474e-23 
112.375, 49.375, 2.688304810643464e-23, 2.6835324391841814e-23 
112.625, 49.375, 7.822437294971847e-24, 7.809312638843038e-24 
112.875, 49.375, 7.945693814129498e-24, 7.932858616329392e-24 
113.125, 49.375, 6.5907149790501966e-24, 6.580299078056019e-24 
113.375, 49.375, 1.3322200580679767e-23, 1.3301612323920783e-23 
113.625, 49.375, 1.1899585151774498e-23, 1.1881992734087484e-23 
113.875, 49.375, 1.2049339316877375e-23, 1.2031770613206713e-23 
114.125, 49.375, 8.425665863623317e-24, 8.413058858134787e-24 
114.375, 49.375, 9.553865524504704e-24, 9.53897039182005e-24 
114.625, 49.375, 2.375587078936791e-23, 2.3717298875826628e-23 
114.875, 49.375, 2.6483513432613266e-23, 2.6438115280387885e-23 
115.125, 49.375, 2.0755660331050907e-23, 2.0717905495132195e-23 
115.375, 49.375, 4.281276048222252e-23, 4.273039581414373e-23 
115.625, 49.375, 6.383838368487632e-23, 6.370750161651485e-23 
115.875, 49.375, 7.618010264113549e-23, 7.601147871701599e-23 
116.125, 49.375, 4.278619828001482e-23, 4.268326016257637e-23 
116.375, 49.375, 1.7874505460687388e-23, 1.7828062534481406e-23 
116.625, 49.375, 1.1352072927645097e-23, 1.1320877161182214e-23 
116.875, 49.375, 1.1083577630790761e-23, 1.1051030295820306e-23 
117.125, 49.375, 1.1579679765752566e-23, 1.1543070157253039e-23 
117.375, 49.375, 2.3089504183572403e-23, 2.3011772271135995e-23 
117.625, 49.375, 2.953573098205816e-23, 2.943024169450386e-23 
117.875, 49.375, 1.5703521524088336e-23, 1.5644164039288594e-23 
118.125, 49.375, 4.768694471825112e-23, 4.749684357047886e-23 
118.375, 49.375, 6.28638414441241e-23, 6.260152423120998e-23 
118.625, 49.375, 5.261207152273326e-23, 5.2382727600904054e-23 
118.875, 49.375, 2.0978374521063832e-22, 2.0882949573389177e-22 
119.125, 49.375, 4.131702759588203e-23, 4.112090471348864e-23 
119.375, 49.375, 7.168141897882832e-23, 7.132552499937139e-23 
119.625, 49.375, 6.348662050223738e-23, 6.315789116154688e-23 
119.875, 49.375, 1.6596692374142413e-23, 1.6507498943057035e-23 
120.125, 49.375, 2.0443877291306315e-23, 2.033031534606396e-23 
120.375, 49.375, 1.4009161340647404e-23, 1.3928812209854042e-23 
120.625, 49.375, 2.308735209869124e-24, 2.2950882652597183e-24 
120.875, 49.375, 5.418676371021099e-24, 5.385684717393403e-24 
121.125, 49.375, 1.2784668815585434e-23, 1.2704599050924943e-23 
121.375, 49.375, 9.529560865610996e-24, 9.468513697789144e-24 
121.625, 49.375, 3.558877527233467e-24, 3.535569643024131e-24 
121.875, 49.375, 5.2336577396713096e-24, 5.198759228622879e-24 
122.125, 49.375, 9.544404234857964e-24, 9.479873066804604e-24 
122.375, 49.375, 2.8570849467914796e-23, 2.8375018702529786e-23 
122.625, 49.375, 3.3279371606430075e-23, 3.304817039355984e-23 
122.875, 49.375, 2.473132752370722e-23, 2.4557136456888608e-23 
123.125, 49.375, 2.6328519481319786e-23, 2.6140463459942708e-23 
123.375, 49.375, 2.553178648478925e-23, 2.5346884916372948e-23 
123.625, 49.375, 3.9122564920766324e-23, 3.884846220869533e-23 
123.875, 49.375, 3.8883435752172237e-23, 3.865778913654117e-23 
124.125, 49.375, 2.894537269224055e-23, 2.8812530463141685e-23 
124.375, 49.375, 3.4804613640831405e-23, 3.464569861580831e-23 
79.875, 49.625, 1.379686743794562e-23, 1.380129166757983e-23 
80.125, 49.625, 1.541676511337819e-23, 1.5420665117688856e-23 
80.375, 49.625, 2.3117419763733957e-23, 2.3121702987824945e-23 
80.625, 49.625, 2.0935306570571556e-23, 2.0937768519383345e-23 
80.875, 49.625, 1.139812770917579e-23, 1.1398872810791198e-23 
81.125, 49.625, 8.46718503924295e-24, 8.467323677710109e-24 
81.375, 49.625, 4.430291112448663e-24, 4.430146605477608e-24 
81.625, 49.625, 2.6467541195509638e-23, 2.6465308264900103e-23 
81.875, 49.625, 2.7616684559672225e-23, 2.76124863885563e-23 
82.125, 49.625, 2.717856527778622e-23, 2.71725952464974e-23 
82.375, 49.625, 1.8474948537735682e-23, 1.846964075441981e-23 
82.625, 49.625, 5.208751293159298e-23, 5.20690257267931e-23 
82.875, 49.625, 4.400123442788596e-23, 4.398348355596204e-23 
83.125, 49.625, 4.942789770937724e-23, 4.9406054810456613e-23 
83.375, 49.625, 4.468416039468723e-23, 4.466269377219644e-23 
83.625, 49.625, 4.2682069691216466e-23, 4.2659916920548095e-23 
83.875, 49.625, 3.695532539280574e-23, 3.693486626635346e-23 
84.125, 49.625, 3.3761905734389476e-23, 3.374200487300936e-23 
84.375, 49.625, 2.907565912775333e-23, 2.9057478817380276e-23 
84.625, 49.625, 2.945566961639287e-23, 2.943627979173057e-23 
84.875, 49.625, 2.468471423824836e-23, 2.4667331227424153e-23 
85.125, 49.625, 2.5125594173672044e-23, 2.5106695259062527e-23 
85.375, 49.625, 1.4759070668884062e-23, 1.4747261136216962e-23 
85.625, 49.625, 2.1801067524271838e-23, 2.1782577371293456e-23 
85.875, 49.625, 3.167786269658836e-23, 3.164963075733689e-23 
86.125, 49.625, 1.6104380326392587e-23, 1.6089355349765923e-23 
86.375, 49.625, 1.5009829808398994e-23, 1.499519928939849e-23 
86.625, 49.625, 2.259317014671609e-23, 2.2570189644872066e-23 
86.875, 49.625, 3.5392155653880556e-23, 3.5354577342125586e-23 
87.125, 49.625, 3.35613556290159e-23, 3.3523902244145296e-23 
87.375, 49.625, 3.700230460444224e-23, 3.6959005775541416e-23 
87.625, 49.625, 5.964701836057343e-23, 5.957398870065572e-23 
87.875, 49.625, 4.821796091858548e-23, 4.815746448637435e-23 
88.125, 49.625, 2.369184231077233e-23, 2.3661570442432787e-23 
88.375, 49.625, 2.1900053524523009e-23, 2.187156544554238e-23 
88.625, 49.625, 4.9899492789756633e-23, 4.9833430315651747e-23 
88.875, 49.625, 4.533026769327106e-23, 4.526889786173672e-23 
89.125, 49.625, 4.0794349370690524e-23, 4.073781951991422e-23 
89.375, 49.625, 4.197450839418654e-23, 4.191500462600504e-23 
89.625, 49.625, 4.112714264503533e-23, 4.106774782248704e-23 
89.875, 49.625, 4.0694757050808654e-23, 4.063462868059828e-23 
90.125, 49.625, 4.4273899122435734e-23, 4.4206526926277875e-23 
90.375, 49.625, 4.2544049433541674e-23, 4.2477430481409244e-23 
90.625, 49.625, 2.815796100260926e-23, 2.811267618363616e-23 
90.875, 49.625, 2.4235264900836006e-23, 2.4195111907979304e-23 
91.125, 49.625, 1.7011694378974405e-23, 1.6982652154355146e-23 
91.375, 49.625, 2.3273209208953107e-23, 2.3232304593605688e-23 
91.625, 49.625, 2.808169896391856e-23, 2.8030927917096445e-23 
91.875, 49.625, 1.758724420096022e-23, 1.7554238700388158e-23 
92.125, 49.625, 1.9524118651108636e-23, 1.9486008420166273e-23 
92.375, 49.625, 2.347796832479365e-23, 2.3430372811398912e-23 
92.625, 49.625, 1.9876883535637702e-23, 1.9835119511743202e-23 
92.875, 49.625, 2.6337687115247753e-23, 2.628059804229579e-23 
93.125, 49.625, 1.1783899482932409e-23, 1.175746973405147e-23 
93.375, 49.625, 2.2576845531747853e-23, 2.252450881189803e-23 
93.625, 49.625, 3.0311608582051066e-23, 3.023905926670932e-23 
93.875, 49.625, 3.113923129424587e-23, 3.1062720547334304e-23 
94.125, 49.625, 4.3872816630809766e-23, 4.3762312384011804e-23 
94.375, 49.625, 4.5272773262042776e-23, 4.5155950166594136e-23 
94.625, 49.625, 6.025007171383084e-23, 6.009123147415511e-23 
94.875, 49.625, 1.2654776295589098e-22, 1.2620643869235357e-22 
95.125, 49.625, 1.0546553405056197e-22, 1.0517370437847823e-22 
95.375, 49.625, 6.056283962374685e-23, 6.039102709394847e-23 
95.625, 49.625, 5.714964966268861e-23, 5.698353799640553e-23 
95.875, 49.625, 7.380261898523137e-23, 7.358366778951071e-23 
96.125, 49.625, 6.429064821023016e-23, 6.409502372545557e-23 
96.375, 49.625, 5.360107055829397e-23, 5.343389319786351e-23 
96.625, 49.625, 3.309764544371929e-23, 3.2991897605817706e-23 
96.875, 49.625, 5.746921624956262e-23, 5.728023406241215e-23 
97.125, 49.625, 6.027678885946736e-23, 6.007248534372078e-23 
97.375, 49.625, 3.6377360824529007e-23, 3.6250387712686903e-23 
97.625, 49.625, 2.737503999886213e-23, 2.7276735459901443e-23 
97.875, 49.625, 3.116466543495131e-23, 3.104897834406586e-23 
98.125, 49.625, 3.7198347529550024e-23, 3.705488307197657e-23 
98.375, 49.625, 2.905969686266916e-23, 2.8943418246082146e-23 
98.625, 49.625, 2.0572236408814982e-23, 2.048695268485276e-23 
98.875, 49.625, 2.6748160702814885e-23, 2.6634543477405686e-23 
99.125, 49.625, 2.2290356785357397e-23, 2.219277265401034e-23 
99.375, 49.625, 1.2659925692832132e-23, 1.2602853819229449e-23 
99.625, 49.625, 1.4109457900658238e-22, 1.4044014064126706e-22 
99.875, 49.625, 1.8329095662120982e-22, 1.8241720021219018e-22 
100.125, 49.625, 2.1849728703614984e-22, 2.174248977459391e-22 
100.375, 49.625, 1.819790835638026e-22, 1.8106026891788056e-22 
100.625, 49.625, 8.34663251840761e-23, 8.303313330019266e-23 
100.875, 49.625, 3.699053574404127e-23, 3.6794325727454e-23 
101.125, 49.625, 4.8416568374063556e-23, 4.8154430703350607e-23 
101.375, 49.625, 3.6691791912926495e-23, 3.648910242045784e-23 
101.625, 49.625, 4.142530495893286e-23, 4.1191914064803293e-23 
101.875, 49.625, 3.096902872460439e-23, 3.0791773568560656e-23 
102.125, 49.625, 3.0099286695225515e-23, 2.9924638754044126e-23 
102.375, 49.625, 3.0480229971667165e-23, 3.030097053623091e-23 
102.625, 49.625, 2.5563245417748336e-23, 2.5410889635002354e-23 
102.875, 49.625, 2.4792207862701372e-23, 2.4643192304928838e-23 
103.125, 49.625, 2.836580411202515e-23, 2.8194134946390207e-23 
103.375, 49.625, 3.479936084042826e-23, 3.4587315269957066e-23 
103.625, 49.625, 3.6916655537970434e-23, 3.6690180026816194e-23 
103.875, 49.625, 2.112522148626404e-23, 2.099580391398407e-23 
104.125, 49.625, 1.833756097400899e-23, 1.8226365760642718e-23 
104.375, 49.625, 9.33950150236245e-24, 9.283451696414879e-24 
104.625, 49.625, 4.486595235685184e-24, 4.459949631476894e-24 
104.875, 49.625, 3.690537376000407e-24, 3.669068465284608e-24 
105.125, 49.625, 3.3051493243242246e-24, 3.2863760962049903e-24 
105.375, 49.625, 4.854946883333308e-24, 4.8280374411299376e-24 
105.625, 49.625, 8.416898475734337e-24, 8.371402112925359e-24 
105.875, 49.625, 1.0811266043810443e-23, 1.0754251786949527e-23 
106.125, 49.625, 8.885264233138803e-24, 8.839959935280178e-24 
106.375, 49.625, 7.708494564965718e-24, 7.670537870970148e-24 
106.625, 49.625, 1.406870459613762e-23, 1.4001889720136233e-23 
106.875, 49.625, 1.0517684065009386e-23, 1.0469292045058012e-23 
107.125, 49.625, 1.0530049746459802e-23, 1.0483442148017247e-23 
107.375, 49.625, 2.4069879319788106e-23, 2.3967551793658795e-23 
107.625, 49.625, 2.5367299120621638e-23, 2.5263892731630197e-23 
107.875, 49.625, 2.675148270352203e-23, 2.66460809737562e-23 
108.125, 49.625, 3.2922246986384127e-23, 3.279685343632584e-23 
108.375, 49.625, 2.4417104697431797e-23, 2.4327304874985315e-23 
108.625, 49.625, 1.912827783024046e-23, 1.9060435757423244e-23 
108.875, 49.625, 1.2950277568439952e-23, 1.2905756632170128e-23 
109.125, 49.625, 1.4373942404317098e-23, 1.4325911359106846e-23 
109.375, 49.625, 9.51431124333682e-24, 9.483443789819227e-24 
109.625, 49.625, 1.138320518760222e-23, 1.134738125184347e-23 
109.875, 49.625, 9.876856835410386e-24, 9.84682869237497e-24 
110.125, 49.625, 1.5569564351719775e-23, 1.5524326350414464e-23 
110.375, 49.625, 1.490562953572086e-23, 1.4864328861169764e-23 
110.625, 49.625, 9.063341868599961e-24, 9.039450332167705e-24 
110.875, 49.625, 1.4693796734343405e-23, 1.465677871277398e-23 
111.125, 49.625, 2.1095061890834714e-23, 2.104410190256965e-23 
111.375, 49.625, 1.3343208308651516e-23, 1.3312356795135287e-23 
111.625, 49.625, 1.7962024704616132e-23, 1.792235454793873e-23 
111.875, 49.625, 1.7612913712261353e-23, 1.7575559876818756e-23 
112.125, 49.625, 1.3331263161573424e-23, 1.3304288097928343e-23 
112.375, 49.625, 1.0085778804135317e-23, 1.0066353056637586e-23 
112.625, 49.625, 1.4415199204023037e-23, 1.4388838864982985e-23 
112.875, 49.625, 1.4041758197821008e-23, 1.4016957614529692e-23 
113.125, 49.625, 1.435391104225218e-23, 1.432906100784944e-23 
113.375, 49.625, 1.3100874765651613e-23, 1.3078711150685412e-23 
113.625, 49.625, 1.188211892467948e-23, 1.186250160640521e-23 
113.875, 49.625, 1.1730523521493938e-23, 1.1711318503074017e-23 
114.125, 49.625, 1.0550090042430328e-23, 1.0532312234440643e-23 
114.375, 49.625, 9.181338365510164e-24, 9.165290249264701e-24 
114.625, 49.625, 2.146130294212759e-23, 2.1422442238450202e-23 
114.875, 49.625, 1.99396764770775e-23, 1.9901940983977833e-23 
115.125, 49.625, 1.2416830229657738e-23, 1.2392030013346505e-23 
115.375, 49.625, 7.095719130237503e-24, 7.080802926005157e-24 
115.625, 49.625, 2.7014539465662554e-23, 2.6954918728932784e-23 
115.875, 49.625, 5.0151933590857233e-23, 5.0033230146486174e-23 
116.125, 49.625, 2.3683665555332172e-23, 2.362305251179155e-23 
116.375, 49.625, 2.0250243570409772e-23, 2.019452098085269e-23 
116.625, 49.625, 1.8831342129895987e-23, 1.877589988967352e-23 
116.875, 49.625, 1.0742923820251874e-23, 1.0709245021752161e-23 
117.125, 49.625, 1.1096583447311769e-23, 1.1059521097617552e-23 
117.375, 49.625, 8.830829088554131e-24, 8.799523729926192e-24 
117.625, 49.625, 2.6374963323810558e-23, 2.6276055541235668e-23 
117.875, 49.625, 2.990247922873748e-23, 2.978425523423924e-23 
118.125, 49.625, 1.152311492524362e-23, 1.147540934208587e-23 
118.375, 49.625, 2.6449760440693007e-23, 2.633532948251033e-23 
118.625, 49.625, 4.1888730557227367e-23, 4.1699697797531913e-23 
118.875, 49.625, 4.8709422868805164e-23, 4.848037497330042e-23 
119.125, 49.625, 3.662863378677799e-23, 3.6449138782023903e-23 
119.375, 49.625, 4.1133355517938925e-23, 4.092281133372422e-23 
119.625, 49.625, 8.458673448632693e-24, 8.413531502237766e-24 
119.875, 49.625, 1.0765884742302835e-23, 1.0706305494742901e-23 
120.125, 49.625, 7.243372786856312e-24, 7.201978821893563e-24 
120.375, 49.625, 1.6917334314539553e-23, 1.681759977840402e-23 
120.625, 49.625, 1.0997074572811627e-23, 1.0930255421436293e-23 
120.875, 49.625, 4.413584147141918e-24, 4.386005646222826e-24 
121.125, 49.625, 9.02166346329187e-24, 8.963999840722147e-24 
121.375, 49.625, 7.37392943614373e-24, 7.325742094963485e-24 
121.625, 49.625, 6.2397858548452455e-24, 6.198116727975206e-24 
121.875, 49.625, 5.929871509577904e-24, 5.889567061932331e-24 
122.125, 49.625, 2.5182733327748862e-23, 2.5009226399050265e-23 
122.375, 49.625, 4.613714075083857e-23, 4.5814965722815945e-23 
122.625, 49.625, 4.911827515242582e-23, 4.877071128909061e-23 
122.875, 49.625, 3.352366922891266e-23, 3.328323344426825e-23 
123.125, 49.625, 2.846547299002191e-23, 2.8258487335363097e-23 
123.375, 49.625, 1.8444171933187862e-23, 1.8313992326233114e-23 
123.625, 49.625, 2.319198156390459e-23, 2.3056046840780226e-23 
123.875, 49.625, 3.5293210280962156e-23, 3.5129132111759265e-23 
124.125, 49.625, 3.504719668831306e-23, 3.4928437886326916e-23 
124.375, 49.625, 3.499324675859358e-23, 3.4875497796778845e-23 
124.625, 49.625, 2.4732010575189028e-23, 2.464754508564256e-23 
124.875, 49.625, 1.7309618208109978e-23, 1.7249452668152562e-23 
125.125, 49.625, 2.1042709078384743e-23, 2.096737868637117e-23 
125.375, 49.625, 2.4164041362013505e-23, 2.4075144895754243e-23 
125.625, 49.625, 3.214442921002266e-23, 3.202299163770493e-23 
125.875, 49.625, 3.3989295638853605e-23, 3.385848828861769e-23 
126.125, 49.625, 1.9092232432401292e-23, 1.9018067164805153e-23 
78.125, 49.875, 1.6960893562973694e-23, nan 
78.375, 49.875, 1.0270751727595653e-23, nan 
78.625, 49.875, 4.054065823409073e-24, nan 
78.875, 49.875, 2.8583551042454675e-24, nan 
79.125, 49.875, 5.9397203988888136e-24, nan 
79.375, 49.875, 1.916017582760943e-23, nan 
79.625, 49.875, 1.7706153739198704e-23, nan 
79.875, 49.875, 1.1015151092380453e-23, nan 
80.125, 49.875, 1.968947497127397e-23, nan 
80.375, 49.875, 2.2355870417329148e-23, nan 
80.625, 49.875, 1.4105735679553114e-23, nan 
80.875, 49.875, 1.0559976633796461e-23, nan 
81.125, 49.875, 9.57953313039262e-24, nan 
81.375, 49.875, 1.3340024778098352e-23, nan 
81.625, 49.875, 1.6762298428830648e-23, nan 
81.875, 49.875, 1.4438643277077793e-23, nan 
82.125, 49.875, 2.70987394205856e-23, nan 
82.375, 49.875, 5.921896243797846e-23, nan 
82.625, 49.875, 6.905566317173934e-23, nan 
82.875, 49.875, 3.677435091767553e-23, nan 
83.125, 49.875, 3.9776104221370095e-23, nan 
83.375, 49.875, 5.1094260888791716e-23, nan 
83.625, 49.875, 4.3673210551798263e-23, nan 
83.875, 49.875, 2.3881153491944338e-23, nan 
84.125, 49.875, 2.6821400800407284e-23, nan 
84.375, 49.875, 3.597579574830743e-23, nan 
84.625, 49.875, 3.4006480606490764e-23, nan 
84.875, 49.875, 4.332415539960416e-23, nan 
85.125, 49.875, 6.142784736707584e-23, nan 
85.375, 49.875, 4.147885825889867e-23, nan 
85.625, 49.875, 6.30118784733724e-23, nan 
85.875, 49.875, 6.614373889828315e-23, nan 
86.125, 49.875, 4.046595604986329e-23, nan 
86.375, 49.875, 3.256336154888574e-23, nan 
86.625, 49.875, 3.646263538858363e-23, nan 
86.875, 49.875, 3.59332565702432e-23, nan 
87.125, 49.875, 3.649490587646721e-23, nan 
87.375, 49.875, 4.9293755970039694e-23, nan 
87.625, 49.875, 4.401887253784865e-23, nan 
87.875, 49.875, 3.296121016193953e-23, nan 
88.125, 49.875, 3.143294098014946e-23, nan 
88.375, 49.875, 3.202307872180196e-23, nan 
88.625, 49.875, 3.134395961522459e-23, nan 
88.875, 49.875, 1.91568457681774e-23, nan 
89.125, 49.875, 5.177865111317699e-23, nan 
89.375, 49.875, 5.506426986713492e-23, nan 
89.625, 49.875, 4.133583748441021e-23, nan 
89.875, 49.875, 5.0791228180512764e-23, nan 
90.125, 49.875, 4.345148290716139e-23, nan 
90.375, 49.875, 3.6990978037196196e-23, nan 
90.625, 49.875, 3.8258945007571923e-23, nan 
90.875, 49.875, 3.7311752634958386e-23, nan 
91.125, 49.875, 1.9368533150026472e-23, nan 
91.375, 49.875, 1.5397178694147092e-23, nan 
91.625, 49.875, 2.3087969103610727e-23, nan 
91.875, 49.875, 1.840230855495341e-23, nan 
92.125, 49.875, 1.086427420005489e-23, nan 
92.375, 49.875, 4.518067549712985e-23, nan 
92.625, 49.875, 4.778863444226305e-23, nan 
92.875, 49.875, 3.369842118870808e-23, nan 
93.125, 49.875, 2.954033020364039e-23, nan 
93.375, 49.875, 3.3638650811991164e-23, nan 
93.625, 49.875, 3.578652718356497e-23, nan 
93.875, 49.875, 2.6618871711558374e-23, nan 
94.125, 49.875, 4.4252584157092916e-23, nan 
94.375, 49.875, 7.736119950791692e-23, nan 
94.625, 49.875, 1.067598468993142e-22, nan 
94.875, 49.875, 1.7606417940174954e-22, nan 
95.125, 49.875, 1.2824323969361232e-22, nan 
95.375, 49.875, 9.222851517312115e-23, nan 
95.625, 49.875, 6.743895802566578e-23, nan 
95.875, 49.875, 5.729847669958164e-23, nan 
96.125, 49.875, 6.521839601057356e-23, nan 
96.375, 49.875, 7.006511085943542e-23, nan 
96.625, 49.875, 5.838533198187036e-23, nan 
96.875, 49.875, 5.669137510897124e-23, nan 
97.125, 49.875, 4.260918401146101e-23, nan 
97.375, 49.875, 2.856365753098812e-23, nan 
97.625, 49.875, 4.02093333281934e-23, nan 
97.875, 49.875, 3.9859861904291843e-23, nan 
98.125, 49.875, 3.51145653799609e-23, nan 
98.375, 49.875, 2.9016837959572686e-23, nan 
98.625, 49.875, 2.4820302040944326e-23, nan 
98.875, 49.875, 2.619939197956528e-23, nan 
99.125, 49.875, 3.2802696205015805e-23, nan 
99.375, 49.875, 3.873193842048429e-23, nan 
99.625, 49.875, 2.514382315625329e-23, nan 
99.875, 49.875, 1.0543098986266484e-22, nan 
100.125, 49.875, 1.337498749298868e-22, nan 
100.375, 49.875, 7.334951434083107e-23, nan 
100.625, 49.875, 5.73809609920723e-23, nan 
100.875, 49.875, 3.754318373749055e-23, nan 
101.125, 49.875, 4.874928774890286e-23, nan 
101.375, 49.875, 4.524490714396121e-23, nan 
101.625, 49.875, 3.721963636567088e-23, nan 
101.875, 49.875, 2.3115334542695026e-23, nan 
102.125, 49.875, 2.3012139989239555e-23, nan 
102.375, 49.875, 3.73701329952948e-23, nan 
102.625, 49.875, 3.9773353768273354e-23, nan 
102.875, 49.875, 2.975950284973676e-23, nan 
103.125, 49.875, 3.068142500955491e-23, nan 
103.375, 49.875, 2.3868053961667873e-23, nan 
103.625, 49.875, 3.8515101928392655e-23, nan 
103.875, 49.875, 3.142458829720167e-23, nan 
104.125, 49.875, 1.1725330919260112e-23, nan 
104.375, 49.875, 1.549441508022968e-23, nan 
104.625, 49.875, 1.3565752793120953e-23, nan 
104.875, 49.875, 3.598521552397544e-24, nan 
105.125, 49.875, 3.26336614283701e-24, nan 
105.375, 49.875, 5.251508624535032e-24, nan 
105.625, 49.875, 4.6500132469244864e-24, nan 
105.875, 49.875, 9.935377376142163e-24, nan 
106.125, 49.875, 1.2446325113441202e-23, nan 
106.375, 49.875, 9.472555089310031e-24, nan 
106.625, 49.875, 1.7375218389137482e-23, nan 
106.875, 49.875, 2.5100132933707632e-23, nan 
107.125, 49.875, 3.647652366090848e-23, nan 
107.375, 49.875, 2.905933073034443e-23, nan 
107.625, 49.875, 1.0470563338619426e-23, nan 
107.875, 49.875, 1.5377093741165347e-23, nan 
108.125, 49.875, 3.5129042466684276e-23, nan 
108.375, 49.875, 3.7647520042823644e-23, nan 
108.625, 49.875, 1.8840035284271968e-23, nan 
108.875, 49.875, 2.830338144040372e-23, nan 
109.125, 49.875, 2.5753696104366336e-23, nan 
109.375, 49.875, 1.982790752285144e-23, nan 
109.625, 49.875, 2.0250329158664507e-23, nan 
109.875, 49.875, 1.4776298509120086e-23, nan 
110.125, 49.875, 2.1183677105854974e-23, nan 
110.375, 49.875, 3.1441859549458006e-23, nan 
110.625, 49.875, 2.7117760598242406e-23, nan 
110.875, 49.875, 1.1476088190228672e-23, nan 
111.125, 49.875, 1.3107177196692647e-23, nan 
111.375, 49.875, 2.052664575520238e-23, nan 
111.625, 49.875, 2.6924035464928265e-23, nan 
111.875, 49.875, 2.7524289162437854e-23, nan 
112.125, 49.875, 2.1739340032914837e-23, nan 
112.375, 49.875, 2.250295984147464e-23, nan 
112.625, 49.875, 2.6176536546333637e-23, nan 
112.875, 49.875, 2.1978212751983335e-23, nan 
113.125, 49.875, 2.682298506526969e-23, nan 
113.375, 49.875, 2.265630654615363e-23, nan 
113.625, 49.875, 1.2064952179470064e-23, nan 
113.875, 49.875, 9.689707852885128e-24, nan 
114.125, 49.875, 9.708121098313782e-24, nan 
114.375, 49.875, 1.2018516028218992e-23, nan 
114.625, 49.875, 1.5804313170085258e-23, nan 
114.875, 49.875, 7.292817551507716e-24, nan 
115.125, 49.875, 9.907710091002208e-24, nan 
115.375, 49.875, 1.0689198212541952e-23, nan 
115.625, 49.875, 1.1255803215323702e-23, nan 
115.875, 49.875, 9.390943846592424e-24, nan 
116.125, 49.875, 1.6145972506494092e-23, nan 
116.375, 49.875, 1.0195780130408188e-23, nan 
116.625, 49.875, 2.217624307070322e-23, nan 
116.875, 49.875, 2.2371739757911982e-23, nan 
117.125, 49.875, 2.603061977572622e-23, nan 
117.375, 49.875, 2.766355100437346e-23, nan 
117.625, 49.875, 1.2061166208159954e-23, nan 
117.875, 49.875, 4.7544724621182487e-23, nan 
118.125, 49.875, 4.953418545468161e-23, nan 
118.375, 49.875, 3.08069551456004e-23, nan 
118.625, 49.875, 2.98186034944824e-23, nan 
118.875, 49.875, 2.1961505565952362e-23, nan 
119.125, 49.875, 1.7188846374737107e-23, nan 
119.375, 49.875, 1.369326898066423e-23, nan 
119.625, 49.875, 1.159302410391131e-23, nan 
119.875, 49.875, 7.790571339711774e-24, nan 
120.125, 49.875, 1.1131304514923281e-23, nan 
120.375, 49.875, 1.2719640867311173e-23, nan 
120.625, 49.875, 2.7688910358378984e-24, nan 
120.875, 49.875, 3.4843206907877686e-24, nan 
121.125, 49.875, 5.104915654911438e-24, nan 
121.375, 49.875, 5.3028117268155095e-24, nan 
121.625, 49.875, 7.92084398882851e-24, nan 
121.875, 49.875, 8.639189383893269e-24, nan 
122.125, 49.875, 1.1009612430541446e-23, nan 
122.375, 49.875, 2.3744149533478307e-23, nan 
122.625, 49.875, 4.0127736459896385e-23, nan 
122.875, 49.875, 3.547338483826969e-23, nan 
123.125, 49.875, 2.4857954357590122e-23, nan 
123.375, 49.875, 2.691895585659108e-23, nan 
123.625, 49.875, 2.2860270085932784e-23, nan 
123.875, 49.875, 2.763580493013444e-23, nan 
124.125, 49.875, 2.4398934553904135e-23, nan 
124.375, 49.875, 1.966074704291914e-23, nan 
124.625, 49.875, 1.7460351999690796e-23, nan 
124.875, 49.875, 2.2214976406021994e-23, nan 
125.125, 49.875, 2.440092170032969e-23, nan 
125.375, 49.875, 2.5734705150957265e-23, nan 
125.625, 49.875, 1.9806680762651594e-23, nan 
125.875, 49.875, 1.0765105424841634e-23, nan 
126.125, 49.875, 1.224667989988763e-23, nan 
126.375, 49.875, 2.1014807408443706e-23, nan 
126.625, 49.875, 1.8425416066453534e-23, nan 
126.875, 49.875, 1.4521367721051375e-23, nan 
127.125, 49.875, 1.0445892079588234e-23, nan 
127.375, 49.875, 1.1525717733311094e-23, nan 
127.625, 49.875, 3.0846371353733347e-23, nan 
127.875, 49.875, 3.357491074272904e-23, nan 
76.375, 50.125, 1.879613877107001e-23, nan 
76.625, 50.125, 1.0642449397738487e-23, nan 
76.875, 50.125, 6.68182215490929e-24, nan 
77.125, 50.125, 4.18482411013596e-24, nan 
77.375, 50.125, 4.906546796227301e-24, nan 
77.625, 50.125, 6.155313065621287e-24, nan 
77.875, 50.125, 9.427049455050946e-24, nan 
78.125, 50.125, 1.5560058353795094e-23, nan 
78.375, 50.125, 1.1562258826584527e-23, nan 
78.625, 50.125, 1.1151796077729977e-23, nan 
78.875, 50.125, 1.7112777207977963e-23, nan 
79.125, 50.125, 1.856573858907886e-23, nan 
79.375, 50.125, 1.6812689218030413e-23, nan 
79.625, 50.125, 1.1353882790223578e-23, nan 
79.875, 50.125, 1.1534695073118667e-23, nan 
80.125, 50.125, 1.4411187161333983e-23, nan 
80.375, 50.125, 1.7726291952164383e-23, nan 
80.625, 50.125, 1.7329919326056445e-23, nan 
80.875, 50.125, 1.510402762532363e-23, nan 
81.125, 50.125, 3.045976601465295e-23, nan 
81.375, 50.125, 1.2215968619542005e-23, nan 
81.625, 50.125, 1.766826461000047e-23, nan 
81.875, 50.125, 2.863285735118064e-23, nan 
82.125, 50.125, 3.788742758368602e-23, nan 
82.375, 50.125, 5.0870909160926896e-23, nan 
82.625, 50.125, 3.949596738653458e-23, nan 
82.875, 50.125, 3.9290358819226234e-23, nan 
83.125, 50.125, 5.942417698145659e-23, nan 
83.375, 50.125, 5.672729483165283e-23, nan 
83.625, 50.125, 2.630199572409571e-23, nan 
83.875, 50.125, 1.558709598736526e-23, nan 
84.125, 50.125, 2.0320490875027669e-23, nan 
84.375, 50.125, 5.34989924226517e-23, nan 
84.625, 50.125, 6.114028611469954e-23, nan 
84.875, 50.125, 4.614940003118382e-23, nan 
85.125, 50.125, 6.210524175990232e-23, nan 
85.375, 50.125, 4.770917307671053e-23, nan 
85.625, 50.125, 4.9490480910002426e-23, nan 
85.875, 50.125, 7.814961285388713e-23, nan 
86.125, 50.125, 7.312264401432116e-23, nan 
86.375, 50.125, 4.5810374017042325e-23, nan 
86.625, 50.125, 4.0539427795775405e-23, nan 
86.875, 50.125, 2.52999788406298e-23, nan 
87.125, 50.125, 4.375915705054536e-23, nan 
87.375, 50.125, 3.9278014296609404e-23, nan 
87.625, 50.125, 2.0752570553299255e-23, nan 
87.875, 50.125, 3.039914171450718e-23, nan 
88.125, 50.125, 5.2307193756763815e-23, nan 
88.375, 50.125, 7.212414241149561e-23, nan 
88.625, 50.125, 4.2128608594359574e-23, nan 
88.875, 50.125, 1.940358007558098e-23, nan 
89.125, 50.125, 2.7495190068493317e-23, nan 
89.375, 50.125, 4.861954750418164e-23, nan 
89.625, 50.125, 5.375673896715862e-23, nan 
89.875, 50.125, 5.946621684683647e-23, nan 
90.125, 50.125, 5.516045290007556e-23, nan 
90.375, 50.125, 3.3299005151250804e-23, nan 
90.625, 50.125, 2.759893320263653e-23, nan 
90.875, 50.125, 4.0518438779381554e-23, nan 
91.125, 50.125, 3.0665265215577923e-23, nan 
91.375, 50.125, 1.6348797715865947e-23, nan 
91.625, 50.125, 2.3082216169703702e-23, nan 
91.875, 50.125, 2.9590471642488987e-23, nan 
92.125, 50.125, 2.473022476863002e-23, nan 
92.375, 50.125, 4.193149343668275e-23, nan 
92.625, 50.125, 6.119905626568372e-23, nan 
92.875, 50.125, 5.655932900579628e-23, nan 
93.125, 50.125, 3.0829219757139216e-23, nan 
93.375, 50.125, 1.89566480544264e-23, nan 
93.625, 50.125, 2.715499581112995e-23, nan 
93.875, 50.125, 2.167426666985904e-23, nan 
94.125, 50.125, 3.342193184016934e-23, nan 
94.375, 50.125, 3.7972818807927657e-23, nan 
94.625, 50.125, 6.608003057996067e-23, nan 
94.875, 50.125, 1.0264460547237946e-22, nan 
95.125, 50.125, 8.56570753724932e-23, nan 
95.375, 50.125, 8.201989825861579e-23, nan 
95.625, 50.125, 3.0387037841760205e-23, nan 
95.875, 50.125, 3.6210216743513887e-23, nan 
96.125, 50.125, 6.649973006320857e-23, nan 
96.375, 50.125, 7.776616074414852e-23, nan 
96.625, 50.125, 6.640326847506064e-23, nan 
96.875, 50.125, 6.818413823897013e-23, nan 
97.125, 50.125, 3.9733343387141965e-23, nan 
97.375, 50.125, 9.447848967368648e-23, nan 
97.625, 50.125, 7.916236175693629e-23, nan 
97.875, 50.125, 3.4194945920542827e-23, nan 
98.125, 50.125, 2.0487172350452145e-23, nan 
98.375, 50.125, 4.5054106054485835e-23, nan 
98.625, 50.125, 4.826860284406543e-23, nan 
98.875, 50.125, 2.1649899074641788e-23, nan 
99.125, 50.125, 2.737359551765555e-23, nan 
99.375, 50.125, 3.625167689149631e-23, nan 
99.625, 50.125, 2.4030048565619992e-23, nan 
99.875, 50.125, 3.839359165784656e-23, nan 
100.125, 50.125, 3.2542357399989253e-23, nan 
100.375, 50.125, 4.134718586718012e-23, nan 
100.625, 50.125, 6.195944274685876e-23, nan 
100.875, 50.125, 4.3732703245507954e-23, nan 
101.125, 50.125, 4.365345316175777e-23, nan 
101.375, 50.125, 3.9060925983962474e-23, nan 
101.625, 50.125, 3.5790642186580127e-23, nan 
101.875, 50.125, 3.32931847251972e-23, nan 
102.125, 50.125, 1.9839374150514823e-23, nan 
102.375, 50.125, 1.8107170565563792e-23, nan 
102.625, 50.125, 2.4568689278615895e-23, nan 
102.875, 50.125, 3.0149995880983234e-23, nan 
103.125, 50.125, 2.5385053035460733e-23, nan 
103.375, 50.125, 2.277868787019427e-23, nan 
103.625, 50.125, 1.8308353083822846e-23, nan 
103.875, 50.125, 2.259346592960728e-23, nan 
104.125, 50.125, 1.8579486373830054e-23, nan 
104.375, 50.125, 9.369957308738988e-24, nan 
104.625, 50.125, 1.3348799873731431e-23, nan 
104.875, 50.125, 9.347498973420228e-24, nan 
105.125, 50.125, 3.457572576531867e-24, nan 
105.375, 50.125, 4.365847632968715e-24, nan 
105.625, 50.125, 5.60412101286571e-24, nan 
105.875, 50.125, 7.788814254825621e-24, nan 
106.125, 50.125, 1.102276810195712e-23, nan 
106.375, 50.125, 1.1702574574806184e-23, nan 
106.625, 50.125, 1.1729077252260023e-23, nan 
106.875, 50.125, 1.780293240832504e-23, nan 
107.125, 50.125, 1.9605643454799303e-23, nan 
107.375, 50.125, 8.7718960310958e-24, nan 
107.625, 50.125, 1.2615498558354604e-23, nan 
107.875, 50.125, 1.8095563656307942e-23, nan 
108.125, 50.125, 2.82064370192363e-23, nan 
108.375, 50.125, 2.611637002244199e-23, nan 
108.625, 50.125, 1.532495886568961e-23, nan 
108.875, 50.125, 3.852326503296509e-23, nan 
109.125, 50.125, 3.5570550803329855e-23, nan 
109.375, 50.125, 3.1254409168295716e-23, nan 
109.625, 50.125, 3.515826042386724e-23, nan 
109.875, 50.125, 2.416857541633423e-23, nan 
110.125, 50.125, 1.6960956331343106e-23, nan 
110.375, 50.125, 2.2234876582856327e-23, nan 
110.625, 50.125, 2.239421355847433e-23, nan 
110.875, 50.125, 7.97571627962098e-24, nan 
111.125, 50.125, 1.8977175450288153e-23, nan 
111.375, 50.125, 5.88181763007901e-23, nan 
111.625, 50.125, 3.184020226433356e-23, nan 
111.875, 50.125, 2.346899698046107e-23, nan 
112.125, 50.125, 2.1879556395033156e-23, nan 
112.375, 50.125, 1.7771333171677373e-23, nan 
112.625, 50.125, 1.3540739882329212e-23, nan 
112.875, 50.125, 1.3062826811674077e-23, nan 
113.125, 50.125, 2.1604567607679834e-23, nan 
113.375, 50.125, 2.0824594683511663e-23, nan 
113.625, 50.125, 1.6589417111789127e-23, nan 
113.875, 50.125, 1.441280325175806e-23, nan 
114.125, 50.125, 6.809042880865541e-24, nan 
114.375, 50.125, 7.47446085826741e-24, nan 
114.625, 50.125, 5.810755169957984e-24, nan 
114.875, 50.125, 5.7758756821688504e-24, nan 
115.125, 50.125, 7.301164530124045e-24, nan 
115.375, 50.125, 1.6141597047676894e-23, nan 
115.625, 50.125, 2.0544595964024987e-23, nan 
115.875, 50.125, 2.31333430911232e-23, nan 
116.125, 50.125, 1.9547480124578814e-23, nan 
116.375, 50.125, 7.387670488495256e-24, nan 
116.625, 50.125, 1.0164412569022166e-23, nan 
116.875, 50.125, 2.2138626093458862e-23, nan 
117.125, 50.125, 2.0150490906252312e-23, nan 
117.375, 50.125, 4.4003560756986256e-23, nan 
117.625, 50.125, 5.70650382885477e-23, nan 
117.875, 50.125, 5.089101018935711e-23, nan 
118.125, 50.125, 6.783769457996855e-23, nan 
118.375, 50.125, 5.099253769467747e-23, nan 
118.625, 50.125, 5.32403946466084e-24, nan 
118.875, 50.125, 8.175597204775728e-24, nan 
119.125, 50.125, 1.3274429840454415e-23, nan 
119.375, 50.125, 1.7886609724241767e-23, nan 
119.625, 50.125, 1.7747196483221373e-23, nan 
119.875, 50.125, 9.443286081348418e-24, nan 
120.125, 50.125, 8.950707760688173e-24, nan 
120.375, 50.125, 5.478941735303785e-24, nan 
120.625, 50.125, 2.1874272310378787e-24, nan 
120.875, 50.125, 5.431755198718681e-24, nan 
121.125, 50.125, 5.9129038417931255e-24, nan 
121.375, 50.125, 1.0926851366876259e-23, nan 
121.625, 50.125, 1.5360624577931167e-23, nan 
121.875, 50.125, 1.3744416064222048e-23, nan 
122.125, 50.125, 1.0304657617178361e-23, nan 
122.375, 50.125, 2.145844308223e-23, nan 
122.625, 50.125, 2.7934060192467745e-23, nan 
122.875, 50.125, 2.157985874802278e-23, nan 
123.125, 50.125, 2.754326460090497e-23, nan 
123.375, 50.125, 4.407935005087829e-23, nan 
123.625, 50.125, 3.590160358871265e-23, nan 
123.875, 50.125, 2.2699785339283393e-23, nan 
124.125, 50.125, 9.99588884459227e-24, nan 
124.375, 50.125, 1.442678733583587e-23, nan 
124.625, 50.125, 2.2237320525822153e-23, nan 
124.875, 50.125, 2.0977721169023994e-23, nan 
125.125, 50.125, 1.6206722398369136e-23, nan 
125.375, 50.125, 1.4241674356710977e-23, nan 
125.625, 50.125, 1.3380809885096257e-23, nan 
125.875, 50.125, 1.446838690421872e-23, nan 
126.125, 50.125, 1.837614422221318e-23, nan 
126.375, 50.125, 2.0842014484268856e-23, nan 
126.625, 50.125, 1.2006015025602542e-23, nan 
126.875, 50.125, 2.3115830403882062e-23, nan 
127.125, 50.125, 2.585763264194941e-23, nan 
127.375, 50.125, 4.4345059731570506e-23, nan 
127.625, 50.125, 4.6118596075556166e-23, nan 
127.875, 50.125, 1.0143575250001634e-23, nan 
128.125, 50.125, 9.943902845050528e-24, nan 
128.375, 50.125, 9.33874218320437e-24, nan 
128.625, 50.125, 7.008375123703737e-24, nan 
128.875, 50.125, 1.520250907021994e-23, nan 
129.125, 50.125, 2.677805093713325e-23, nan 
129.375, 50.125, 1.592013501265689e-23, nan 
129.625, 50.125, 5.509329720388728e-24, nan 
74.875, 50.375, 2.3271823935006177e-23, nan 
75.125, 50.375, 2.360876647091403e-23, nan 
75.375, 50.375, 1.1433561271000645e-23, nan 
75.625, 50.375, 1.2664366923179423e-23, nan 
75.875, 50.375, 1.645324489802794e-23, nan 
76.125, 50.375, 1.5369303178062837e-23, nan 
76.375, 50.375, 1.1858404731487016e-23, nan 
76.625, 50.375, 1.1187460366041839e-23, nan 
76.875, 50.375, 9.769046876345607e-24, nan 
77.125, 50.375, 8.22290490732299e-24, nan 
77.375, 50.375, 6.584202736701054e-24, nan 
77.625, 50.375, 5.347524016076355e-24, nan 
77.875, 50.375, 1.5007175027831196e-23, nan 
78.125, 50.375, 3.0125703586170095e-23, nan 
78.375, 50.375, 3.377310993902948e-23, nan 
78.625, 50.375, 2.6427371116687112e-23, nan 
78.875, 50.375, 1.4958846954458123e-23, nan 
79.125, 50.375, 1.3338513308794817e-23, nan 
79.375, 50.375, 1.0935647213568423e-23, nan 
79.625, 50.375, 1.426066777230857e-23, nan 
79.875, 50.375, 1.6013998287777278e-23, nan 
80.125, 50.375, 1.30578837902319e-23, nan 
80.375, 50.375, 1.2826060326429555e-23, nan 
80.625, 50.375, 1.2756420352925908e-23, nan 
80.875, 50.375, 5.752970298688839e-23, nan 
81.125, 50.375, 7.837750263875947e-23, nan 
81.375, 50.375, 6.230521133446312e-23, nan 
81.625, 50.375, 4.267836811925205e-23, nan 
81.875, 50.375, 2.852456039539315e-23, nan 
82.125, 50.375, 2.0661386117373428e-23, nan 
82.375, 50.375, 3.7828204305034095e-23, nan 
82.625, 50.375, 4.3262715825290685e-23, nan 
82.875, 50.375, 4.642365957118982e-23, nan 
83.125, 50.375, 4.157816514225407e-23, nan 
83.375, 50.375, 3.652029742633057e-23, nan 
83.625, 50.375, 3.9392062217032753e-23, nan 
83.875, 50.375, 1.2950124680016024e-23, nan 
84.125, 50.375, 5.166304023307362e-23, nan 
84.375, 50.375, 4.73537991564169e-23, nan 
84.625, 50.375, 3.2540271249457936e-23, nan 
84.875, 50.375, 4.2968706632793794e-23, nan 
85.125, 50.375, 4.90116689946789e-23, nan 
85.375, 50.375, 3.457280183031096e-23, nan 
85.625, 50.375, 4.1689315541170346e-23, nan 
85.875, 50.375, 5.557869440498856e-23, nan 
86.125, 50.375, 3.6650839234233644e-23, nan 
86.375, 50.375, 3.3567433986162835e-23, nan 
86.625, 50.375, 2.1815068418804774e-23, nan 
86.875, 50.375, 3.7013745391542894e-23, nan 
87.125, 50.375, 4.5328345328725566e-23, nan 
87.375, 50.375, 2.2049785239578623e-23, nan 
87.625, 50.375, 1.3439212678378677e-23, nan 
87.875, 50.375, 2.775884704902566e-23, nan 
88.125, 50.375, 3.2314083570580027e-23, nan 
88.375, 50.375, 2.533665853111147e-23, nan 
88.625, 50.375, 1.4477709853299378e-23, nan 
88.875, 50.375, 1.1199746788797263e-23, nan 
89.125, 50.375, 1.2884866795624342e-23, nan 
89.375, 50.375, 8.116352815891153e-23, nan 
89.625, 50.375, 7.836405932769238e-23, nan 
89.875, 50.375, 6.365870404211687e-23, nan 
90.125, 50.375, 7.683920248155129e-23, nan 
90.375, 50.375, 5.444979408493613e-23, nan 
90.625, 50.375, 2.774557141245912e-23, nan 
90.875, 50.375, 2.919884641908703e-23, nan 
91.125, 50.375, 3.3475526463415345e-23, nan 
91.375, 50.375, 3.233556061943121e-23, nan 
91.625, 50.375, 3.418490807498782e-23, nan 
91.875, 50.375, 2.7930627101587924e-23, nan 
92.125, 50.375, 2.9485891537571284e-23, nan 
92.375, 50.375, 3.9569734988500036e-23, nan 
92.625, 50.375, 4.849696843017105e-23, nan 
92.875, 50.375, 4.2908728928616363e-23, nan 
93.125, 50.375, 1.0575351840963837e-23, nan 
93.375, 50.375, 3.2609316521764164e-23, nan 
93.625, 50.375, 3.7053646033096996e-23, nan 
93.875, 50.375, 2.822439367154357e-23, nan 
94.125, 50.375, 2.4852634847140908e-23, nan 
94.375, 50.375, 4.2903791615067506e-23, nan 
94.625, 50.375, 5.983547655613869e-23, nan 
94.875, 50.375, 4.616430265129886e-23, nan 
95.125, 50.375, 5.501090225709557e-23, nan 
95.375, 50.375, 3.9110805581640233e-23, nan 
95.625, 50.375, 3.492722571629348e-23, nan 
95.875, 50.375, 6.426737667180898e-23, nan 
96.125, 50.375, 4.9146845363561e-23, nan 
96.375, 50.375, 4.33552995255272e-23, nan 
96.625, 50.375, 4.456074033739034e-23, nan 
96.875, 50.375, 8.717732842217585e-23, nan 
97.125, 50.375, 9.163725607054757e-23, nan 
97.375, 50.375, 8.344945775212599e-23, nan 
97.625, 50.375, 3.670605222234956e-23, nan 
97.875, 50.375, 4.732537881013412e-23, nan 
98.125, 50.375, 3.13788122278129e-23, nan 
98.375, 50.375, 3.904055654423797e-23, nan 
98.625, 50.375, 4.6104065680307397e-23, nan 
98.875, 50.375, 2.5585446157456515e-23, nan 
99.125, 50.375, 2.1687163599702345e-23, nan 
99.375, 50.375, 1.309698787169087e-23, nan 
99.625, 50.375, 1.946455488346256e-23, nan 
99.875, 50.375, 1.9839721421422195e-23, nan 
100.125, 50.375, 1.2065262970936178e-23, nan 
100.375, 50.375, 1.9713419816021508e-23, nan 
100.625, 50.375, 2.2606369406090626e-23, nan 
100.875, 50.375, 2.5719264986539434e-23, nan 
101.125, 50.375, 3.551412295716077e-23, nan 
101.375, 50.375, 3.0273697698362105e-23, nan 
101.625, 50.375, 1.9719521871865855e-23, nan 
101.875, 50.375, 2.866082231583065e-23, nan 
102.125, 50.375, 3.326071967811242e-23, nan 
102.375, 50.375, 3.3881098906081266e-23, nan 
102.625, 50.375, 4.168548379799346e-23, nan 
102.875, 50.375, 2.6292830919011947e-23, nan 
103.125, 50.375, 1.1456827634814373e-23, nan 
103.375, 50.375, 2.7637335905231346e-23, nan 
103.625, 50.375, 3.620269484710273e-23, nan 
103.875, 50.375, 3.7078441106418e-23, nan 
104.125, 50.375, 1.4212881409060341e-23, nan 
104.375, 50.375, 2.0156691112581622e-23, nan 
104.625, 50.375, 1.8644158178695594e-23, nan 
104.875, 50.375, 1.1491219695179956e-23, nan 
105.125, 50.375, 1.121679879904465e-23, nan 
105.375, 50.375, 6.467254249453398e-24, nan 
105.625, 50.375, 8.282980990266634e-24, nan 
105.875, 50.375, 9.238326491710662e-24, nan 
106.125, 50.375, 6.958319614389356e-24, nan 
106.375, 50.375, 1.6242110874445e-23, nan 
106.625, 50.375, 1.3241961871449824e-23, nan 
106.875, 50.375, 3.421993813291065e-23, nan 
107.125, 50.375, 3.573486518544717e-23, nan 
107.375, 50.375, 2.1189315429922176e-23, nan 
107.625, 50.375, 1.4393551362988665e-23, nan 
107.875, 50.375, 1.3185172641132441e-23, nan 
108.125, 50.375, 8.002484352457441e-24, nan 
108.375, 50.375, 1.5703858240312176e-23, nan 
108.625, 50.375, 1.7434432988173945e-23, nan 
108.875, 50.375, 1.8927828086893107e-23, nan 
109.125, 50.375, 1.786436906966879e-23, nan 
109.375, 50.375, 2.7033830966308384e-23, nan 
109.625, 50.375, 3.77800578807239e-23, nan 
109.875, 50.375, 2.828256582837497e-23, nan 
110.125, 50.375, 1.4856345921114324e-23, nan 
110.375, 50.375, 1.0746589994515098e-23, nan 
110.625, 50.375, 9.551180035850249e-24, nan 
110.875, 50.375, 2.708748929412452e-23, nan 
111.125, 50.375, 7.400479612498201e-23, nan 
111.375, 50.375, 1.0029564549699375e-22, nan 
111.625, 50.375, 5.509018358375272e-23, nan 
111.875, 50.375, 3.384196015631248e-23, nan 
112.125, 50.375, 1.879473916470238e-23, nan 
112.375, 50.375, 1.783023335099269e-23, nan 
112.625, 50.375, 1.4120281253492524e-23, nan 
112.875, 50.375, 8.672211605964059e-24, nan 
113.125, 50.375, 1.2059856152268066e-23, nan 
113.375, 50.375, 1.996162031779197e-23, nan 
113.625, 50.375, 1.9506156159220756e-23, nan 
113.875, 50.375, 1.389570171263605e-23, nan 
114.125, 50.375, 2.3287727983232837e-24, nan 
114.375, 50.375, 3.450366476392175e-24, nan 
114.625, 50.375, 3.760570130577287e-24, nan 
114.875, 50.375, 3.626614506573223e-24, nan 
115.125, 50.375, 2.383997106054987e-24, nan 
115.375, 50.375, 2.104327855473475e-24, nan 
115.625, 50.375, 1.0131411117490281e-23, nan 
115.875, 50.375, 1.627065642842926e-23, nan 
116.125, 50.375, 1.0375561106985909e-23, nan 
116.375, 50.375, 6.860283513735659e-24, nan 
116.625, 50.375, 6.28165764622716e-24, nan 
116.875, 50.375, 2.8503569108020845e-23, nan 
117.125, 50.375, 3.160615496332562e-23, nan 
117.375, 50.375, 1.8360990763210796e-23, nan 
117.625, 50.375, 8.757355904053846e-23, nan 
117.875, 50.375, 9.907230681387014e-23, nan 
118.125, 50.375, 7.432718682740748e-23, nan 
118.375, 50.375, 6.640085081036413e-23, nan 
118.625, 50.375, 1.0087424408559665e-23, nan 
118.875, 50.375, 2.65456771284888e-23, nan 
119.125, 50.375, 2.083430256501132e-23, nan 
119.375, 50.375, 7.545791553471571e-24, nan 
119.625, 50.375, 1.827405648398758e-23, nan 
119.875, 50.375, 2.253229176055789e-23, nan 
120.125, 50.375, 1.0591263101641715e-23, nan 
120.375, 50.375, 8.811408949853902e-24, nan 
120.625, 50.375, 1.2156088959133632e-23, nan 
120.875, 50.375, 8.01324285751248e-24, nan 
121.125, 50.375, 1.4914814319652758e-23, nan 
121.375, 50.375, 1.590856834092008e-23, nan 
121.625, 50.375, 1.2050530803632117e-23, nan 
121.875, 50.375, 1.2894196715989944e-23, nan 
122.125, 50.375, 1.0098994086609998e-23, nan 
122.375, 50.375, 1.1956675121178038e-23, nan 
122.625, 50.375, 2.936688543194358e-23, nan 
122.875, 50.375, 3.5413622437861247e-23, nan 
123.125, 50.375, 5.0375289794198386e-23, nan 
123.375, 50.375, 4.7372470950833683e-23, nan 
123.625, 50.375, 2.9302823919525417e-23, nan 
123.875, 50.375, 2.696482726362634e-23, nan 
124.125, 50.375, 2.5976302607077235e-23, nan 
124.375, 50.375, 1.930106365121297e-23, nan 
124.625, 50.375, 1.8668134431315824e-23, nan 
124.875, 50.375, 6.265738366485665e-24, nan 
125.125, 50.375, 1.2561092879079756e-23, nan 
125.375, 50.375, 1.3342098227321746e-23, nan 
125.625, 50.375, 7.950002503654763e-24, nan 
125.875, 50.375, 6.813157468092696e-24, nan 
126.125, 50.375, 1.990850314190946e-23, nan 
126.375, 50.375, 2.4480812048940178e-23, nan 
126.625, 50.375, 1.9458408935724688e-23, nan 
126.875, 50.375, 1.4405946933269388e-23, nan 
127.125, 50.375, 2.2740689013523298e-23, nan 
127.375, 50.375, 1.9800220208535192e-23, nan 
127.625, 50.375, 1.4682235307303517e-23, nan 
127.875, 50.375, 1.306522317857197e-23, nan 
128.125, 50.375, 1.4946745368552537e-23, nan 
128.375, 50.375, 1.2598219248446377e-23, nan 
128.625, 50.375, 2.1918379270917037e-23, nan 
128.875, 50.375, 2.813913859125665e-23, nan 
129.125, 50.375, 5.170158594580027e-23, nan 
129.375, 50.375, 5.2219469360670574e-23, nan 
129.625, 50.375, 7.407142763352917e-24, nan 
129.875, 50.375, 1.0179530010947571e-23, nan 
130.125, 50.375, 4.4687766415016726e-24, nan 
130.375, 50.375, 3.484050094517588e-24, nan 
130.625, 50.375, 8.675552786428421e-24, nan 
130.875, 50.375, 9.150122971161178e-24, nan 
131.125, 50.375, 7.086607876458522e-24, nan 
73.375, 50.625, 2.932575142310679e-23, nan 
73.625, 50.625, 5.120838352109918e-24, nan 
73.875, 50.625, 5.847173734051014e-24, nan 
74.125, 50.625, 8.088116828082535e-24, nan 
74.375, 50.625, 1.578217541352378e-23, nan 
74.625, 50.625, 1.057389769590837e-23, nan 
74.875, 50.625, 2.0568644277967067e-23, nan 
75.125, 50.625, 1.8423972147699268e-23, nan 
75.375, 50.625, 1.231835438433801e-23, nan 
75.625, 50.625, 1.3029409802360527e-23, nan 
75.875, 50.625, 1.7529988275648126e-23, nan 
76.125, 50.625, 1.4456961185948476e-23, nan 
76.375, 50.625, 1.0977064087629003e-23, nan 
76.625, 50.625, 1.0490179114396304e-23, nan 
76.875, 50.625, 8.752781644281926e-24, nan 
77.125, 50.625, 6.2425698892407314e-24, nan 
77.375, 50.625, 1.6451488237808434e-23, nan 
77.625, 50.625, 1.5060196961234654e-23, nan 
77.875, 50.625, 1.4386671159811426e-23, nan 
78.125, 50.625, 2.5937709135595663e-23, nan 
78.375, 50.625, 2.2032593234869848e-23, nan 
78.625, 50.625, 9.818269812946477e-24, nan 
78.875, 50.625, 1.240299799358915e-23, nan 
79.125, 50.625, 1.223299380770156e-23, nan 
79.375, 50.625, 1.293775305111782e-23, nan 
79.625, 50.625, 1.5622330902817987e-23, nan 
79.875, 50.625, 1.1895554309669561e-23, nan 
80.125, 50.625, 1.3219480563880399e-23, nan 
80.375, 50.625, 1.2703381969574142e-23, nan 
80.625, 50.625, 6.758110661312814e-24, nan 
80.875, 50.625, 9.990201487613016e-24, nan 
81.125, 50.625, 6.014729932817563e-23, nan 
81.375, 50.625, 5.785479789067331e-23, nan 
81.625, 50.625, 2.659434541738812e-23, nan 
81.875, 50.625, 2.7682647255500173e-23, nan 
82.125, 50.625, 3.3807898644030404e-23, nan 
82.375, 50.625, 3.6852698706850946e-23, nan 
82.625, 50.625, 2.1281547114472275e-23, nan 
82.875, 50.625, 2.528159256751674e-23, nan 
83.125, 50.625, 3.9975417704339655e-23, nan 
83.375, 50.625, 4.1606615365980674e-23, nan 
83.625, 50.625, 2.82398413082633e-23, nan 
83.875, 50.625, 7.723598336422203e-23, nan 
84.125, 50.625, 8.73452420398313e-23, nan 
84.375, 50.625, 7.536114958485555e-23, nan 
84.625, 50.625, 6.953562112111128e-23, nan 
84.875, 50.625, 6.52296873551035e-23, nan 
85.125, 50.625, 5.825427077517142e-23, nan 
85.375, 50.625, 2.7273529067347404e-23, nan 
85.625, 50.625, 2.922654461503025e-23, nan 
85.875, 50.625, 3.345003116657998e-23, nan 
86.125, 50.625, 4.140272545238121e-23, nan 
86.375, 50.625, 2.9826030508794274e-23, nan 
86.625, 50.625, 1.7155397827503804e-23, nan 
86.875, 50.625, 9.370242479752544e-24, nan 
87.125, 50.625, 5.404990780958984e-23, nan 
87.375, 50.625, 5.355929580483059e-23, nan 
87.625, 50.625, 1.8531686948923976e-23, nan 
87.875, 50.625, 1.37054521611502e-23, nan 
88.125, 50.625, 1.892508500070012e-23, nan 
88.375, 50.625, 7.360116484221642e-24, nan 
88.625, 50.625, 1.9538781630180717e-23, nan 
88.875, 50.625, 3.0663925071993945e-23, nan 
89.125, 50.625, 2.33784162400793e-23, nan 
89.375, 50.625, 5.701575542004765e-23, nan 
89.625, 50.625, 6.046314769513929e-23, nan 
89.875, 50.625, 4.0018046784148267e-23, nan 
90.125, 50.625, 4.987381572046367e-23, nan 
90.375, 50.625, 5.765130897580994e-23, nan 
90.625, 50.625, 4.778639416925933e-23, nan 
90.875, 50.625, 3.8562729815410367e-23, nan 
91.125, 50.625, 4.242610743923767e-23, nan 
91.375, 50.625, 3.8686358306679014e-23, nan 
91.625, 50.625, 4.056727647378328e-23, nan 
91.875, 50.625, 5.117271738316336e-23, nan 
92.125, 50.625, 5.31336006307839e-23, nan 
92.375, 50.625, 3.855646536957322e-23, nan 
92.625, 50.625, 4.9735732019644e-23, nan 
92.875, 50.625, 4.42320850107502e-23, nan 
93.125, 50.625, 1.5128875743199433e-23, nan 
93.375, 50.625, 1.67581473076293e-23, nan 
93.625, 50.625, 4.602586638658934e-23, nan 
93.875, 50.625, 2.3673396777142005e-23, nan 
94.125, 50.625, 1.010007317413428e-23, nan 
94.375, 50.625, 2.726674240760914e-23, nan 
94.625, 50.625, 3.4165476306218444e-23, nan 
94.875, 50.625, 2.0190357047095663e-23, nan 
95.125, 50.625, 2.5285015152845258e-23, nan 
95.375, 50.625, 3.42879886300506e-23, nan 
95.625, 50.625, 7.49771574441017e-23, nan 
95.875, 50.625, 5.110567519760893e-23, nan 
96.125, 50.625, 2.8161327591150816e-23, nan 
96.375, 50.625, 4.3513612861204134e-23, nan 
96.625, 50.625, 9.376592227972168e-23, nan 
96.875, 50.625, 6.588175512185338e-23, nan 
97.125, 50.625, 4.0055825001454034e-23, nan 
97.375, 50.625, 4.1005747878536966e-23, nan 
97.625, 50.625, 4.9507441775781436e-23, nan 
97.875, 50.625, 5.598141240163556e-23, nan 
98.125, 50.625, 3.1264783062494654e-23, nan 
98.375, 50.625, 1.8841304595715345e-23, nan 
98.625, 50.625, 4.653195735128594e-23, nan 
98.875, 50.625, 4.566300830681642e-23, nan 
99.125, 50.625, 2.084587368342752e-23, nan 
99.375, 50.625, 1.894094255613728e-23, nan 
99.625, 50.625, 2.2818144615021397e-23, nan 
99.875, 50.625, 2.4868070783643376e-23, nan 
100.125, 50.625, 2.774364341277442e-23, nan 
100.375, 50.625, 2.739165396905111e-23, nan 
100.625, 50.625, 1.9292259470646055e-23, nan 
100.875, 50.625, 2.813623878816634e-23, nan 
101.125, 50.625, 2.898377185812963e-23, nan 
101.375, 50.625, 2.0974254188201652e-23, nan 
101.625, 50.625, 1.9158814110238937e-23, nan 
101.875, 50.625, 9.488647705330457e-24, nan 
102.125, 50.625, 2.4658381242117272e-23, nan 
102.375, 50.625, 3.356784393810968e-23, nan 
102.625, 50.625, 4.027636153424575e-23, nan 
102.875, 50.625, 3.375501375890201e-23, nan 
103.125, 50.625, 1.5784834816172248e-23, nan 
103.375, 50.625, 2.8190377986180943e-23, nan 
103.625, 50.625, 3.286002497535554e-23, nan 
103.875, 50.625, 3.7084108532684406e-23, nan 
104.125, 50.625, 4.3629176849363916e-23, nan 
104.375, 50.625, 4.107168750595282e-23, nan 
104.625, 50.625, 1.9546353321878626e-23, nan 
104.875, 50.625, 1.5510023327167817e-23, nan 
105.125, 50.625, 1.194709473722678e-23, nan 
105.375, 50.625, 4.6892727978905725e-24, nan 
105.625, 50.625, 6.0046933177345765e-24, nan 
105.875, 50.625, 2.8044380536917446e-24, nan 
106.125, 50.625, 1.6751404708234855e-23, nan 
106.375, 50.625, 3.284687520421732e-23, nan 
106.625, 50.625, 3.887620790423581e-23, nan 
106.875, 50.625, 4.889761192299902e-23, nan 
107.125, 50.625, 5.447748316732687e-23, nan 
107.375, 50.625, 4.858292337739924e-23, nan 
107.625, 50.625, 1.844831490491831e-23, nan 
107.875, 50.625, 6.607926006943289e-24, nan 
108.125, 50.625, 5.86232313385591e-24, nan 
108.375, 50.625, 7.418980745788551e-24, nan 
108.625, 50.625, 1.5983969556838225e-23, nan 
108.875, 50.625, 1.559680984534649e-23, nan 
109.125, 50.625, 1.5616516501643524e-23, nan 
109.375, 50.625, 1.7236973384186838e-23, nan 
109.625, 50.625, 2.605091738064486e-23, nan 
109.875, 50.625, 1.5337894385986793e-23, nan 
110.125, 50.625, 1.1944704943993042e-23, nan 
110.375, 50.625, 3.9520594179353206e-24, nan 
110.625, 50.625, 4.034496825929951e-24, nan 
110.875, 50.625, 3.8066221053653744e-23, nan 
111.125, 50.625, 5.25066219342528e-23, nan 
111.375, 50.625, 5.726630563963041e-23, nan 
111.625, 50.625, 3.503520204244237e-23, nan 
111.875, 50.625, 2.0520147777029194e-23, nan 
112.125, 50.625, 2.7904230966843854e-24, nan 
112.375, 50.625, 1.1971229232668259e-23, nan 
112.625, 50.625, 1.18572353545316e-23, nan 
112.875, 50.625, 8.653169704453917e-24, nan 
113.125, 50.625, 1.1508318194249158e-23, nan 
113.375, 50.625, 1.1376798665436522e-23, nan 
113.625, 50.625, 8.717337593575284e-24, nan 
113.875, 50.625, 1.0807284461389458e-23, nan 
114.125, 50.625, 8.474209979818634e-24, nan 
114.375, 50.625, 4.935351622709688e-24, nan 
114.625, 50.625, 2.2187107867944324e-24, nan 
114.875, 50.625, 2.3775287168467583e-24, nan 
115.125, 50.625, 3.6363219759164745e-24, nan 
115.375, 50.625, 3.918280237397975e-24, nan 
115.625, 50.625, 3.025057251535525e-24, nan 
115.875, 50.625, 5.097568038716932e-24, nan 
116.125, 50.625, 2.0871078137461506e-23, nan 
116.375, 50.625, 1.9171477850740548e-23, nan 
116.625, 50.625, 4.132865560129906e-24, nan 
116.875, 50.625, 8.085390741203856e-24, nan 
117.125, 50.625, 2.052341024065671e-23, nan 
117.375, 50.625, 1.745639068348055e-23, nan 
117.625, 50.625, 1.8081003762935591e-23, nan 
117.875, 50.625, 6.463090369542408e-23, nan 
118.125, 50.625, 4.177236367594652e-23, nan 
118.375, 50.625, 3.8661953501844024e-23, nan 
118.625, 50.625, 4.377999917320378e-23, nan 
118.875, 50.625, 3.212785110723846e-23, nan 
119.125, 50.625, 1.6942785237697937e-23, nan 
119.375, 50.625, 1.5243303382991905e-23, nan 
119.625, 50.625, 8.6523522664309e-24, nan 
119.875, 50.625, 2.314542790568103e-23, nan 
120.125, 50.625, 3.080865512821212e-23, nan 
120.375, 50.625, 2.1638158135802773e-23, nan 
120.625, 50.625, 1.5115356213726218e-23, nan 
120.875, 50.625, 1.005888930066797e-23, nan 
121.125, 50.625, 1.2169986594229735e-23, nan 
121.375, 50.625, 1.045644520827833e-23, nan 
121.625, 50.625, 1.2472064718562598e-23, nan 
121.875, 50.625, 1.1404364853013884e-23, nan 
122.125, 50.625, 1.3404810855178514e-23, nan 
122.375, 50.625, 9.668717339237345e-24, nan 
122.625, 50.625, 3.3717208991653947e-23, nan 
122.875, 50.625, 6.167012788068314e-23, nan 
123.125, 50.625, 6.409015470243359e-23, nan 
123.375, 50.625, 4.477163197066152e-23, nan 
123.625, 50.625, 4.092215265193876e-23, nan 
123.875, 50.625, 3.205537339818633e-23, nan 
124.125, 50.625, 4.272271114930994e-23, nan 
124.375, 50.625, 3.231300720749706e-23, nan 
124.625, 50.625, 1.8619964994558416e-23, nan 
124.875, 50.625, 1.0581388036344489e-23, nan 
125.125, 50.625, 1.2258863011645042e-23, nan 
125.375, 50.625, 8.103186159240383e-24, nan 
125.625, 50.625, 1.7813221374231685e-23, nan 
125.875, 50.625, 1.482847700294617e-23, nan 
126.125, 50.625, 1.5199492687508363e-23, nan 
126.375, 50.625, 1.7913511651495162e-23, nan 
126.625, 50.625, 3.317417372766112e-23, nan 
126.875, 50.625, 3.065227883882332e-23, nan 
127.125, 50.625, 2.297544059477281e-23, nan 
127.375, 50.625, 2.348268497635293e-23, nan 
127.625, 50.625, 1.1168113908624645e-23, nan 
127.875, 50.625, 1.2109817956113056e-23, nan 
128.125, 50.625, 1.4674972332648626e-23, nan 
128.375, 50.625, 1.8574011251119474e-23, nan 
128.625, 50.625, 1.981539280146471e-23, nan 
128.875, 50.625, 2.0582378408282867e-23, nan 
129.125, 50.625, 1.723197398131504e-23, nan 
129.375, 50.625, 5.61461348463246e-23, nan 
129.625, 50.625, 5.014559093500164e-23, nan 
129.875, 50.625, 1.0330253357157387e-23, nan 
130.125, 50.625, 5.347976233630601e-24, nan 
130.375, 50.625, 7.227968928526851e-24, nan 
130.625, 50.625, 7.864584321678324e-24, nan 
130.875, 50.625, 5.344121121041185e-24, nan 
131.125, 50.625, 5.651986294885329e-24, nan 
131.375, 50.625, 4.4912906513580245e-24, nan 
131.625, 50.625, 9.942922323398874e-24, nan 
131.875, 50.625, 1.4046186866831155e-23, nan 
132.125, 50.625, 8.622128917918917e-24, nan 
132.375, 50.625, 4.4754817307445686e-24, nan 
132.625, 50.625, 5.5218825923081515e-24, nan 
71.875, 50.875, 6.893509011259107e-24, nan 
72.125, 50.875, 7.336226030182646e-24, nan 
72.375, 50.875, 1.0208028478538034e-23, nan 
72.625, 50.875, 2.3874910203567957e-23, nan 
72.875, 50.875, 2.6386726276910076e-23, nan 
73.125, 50.875, 2.0673335040593833e-23, nan 
73.375, 50.875, 1.548573552228294e-23, nan 
73.625, 50.875, 1.2722748994827148e-23, nan 
73.875, 50.875, 8.669598362007164e-24, nan 
74.125, 50.875, 1.1739450083306883e-23, nan 
74.375, 50.875, 2.5982660623170248e-23, nan 
74.625, 50.875, 2.4434501745208844e-23, nan 
74.875, 50.875, 2.685187846361912e-23, nan 
75.125, 50.875, 2.1912881365584997e-23, nan 
75.375, 50.875, 6.71589775992229e-24, nan 
75.625, 50.875, 1.0435206578725973e-23, nan 
75.875, 50.875, 1.6328252745500806e-23, nan 
76.125, 50.875, 2.0273629380847816e-23, nan 
76.375, 50.875, 1.4102787145999422e-23, nan 
76.625, 50.875, 6.864518420528832e-24, nan 
76.875, 50.875, 2.4554100417853414e-23, nan 
77.125, 50.875, 7.846977437206276e-24, nan 
77.375, 50.875, 1.1523636020109433e-23, nan 
77.625, 50.875, 1.3540380228593112e-23, nan 
77.875, 50.875, 1.567575939303597e-23, nan 
78.125, 50.875, 8.154069942149398e-24, nan 
78.375, 50.875, 1.2867025498850517e-23, nan 
78.625, 50.875, 1.1782464340075813e-23, nan 
78.875, 50.875, 7.151753965669775e-24, nan 
79.125, 50.875, 1.6417050782638165e-23, nan 
79.375, 50.875, 2.229269150223073e-23, nan 
79.625, 50.875, 2.713213968421391e-23, nan 
79.875, 50.875, 1.998584638790533e-23, nan 
80.125, 50.875, 2.5966161545233002e-23, nan 
80.375, 50.875, 3.2668779665236377e-23, nan 
80.625, 50.875, 1.6626421786263032e-23, nan 
80.875, 50.875, 3.4964471080470975e-23, nan 
81.125, 50.875, 4.943708324463778e-23, nan 
81.375, 50.875, 3.1634192983474856e-23, nan 
81.625, 50.875, 3.048881779062669e-23, nan 
81.875, 50.875, 1.8770114338971708e-23, nan 
82.125, 50.875, 2.8842778026739547e-23, nan 
82.375, 50.875, 2.4767352524769445e-23, nan 
82.625, 50.875, 1.823536238100766e-23, nan 
82.875, 50.875, 3.646646744607178e-23, nan 
83.125, 50.875, 4.2842212600612735e-23, nan 
83.375, 50.875, 4.3045096319259744e-23, nan 
83.625, 50.875, 5.829578623561873e-23, nan 
83.875, 50.875, 5.470615592154706e-23, nan 
84.125, 50.875, 1.8474790546298813e-23, nan 
84.375, 50.875, 6.597970136124935e-23, nan 
84.625, 50.875, 6.630914506228829e-23, nan 
84.875, 50.875, 4.576472306275934e-23, nan 
85.125, 50.875, 3.2874803920834507e-23, nan 
85.375, 50.875, 9.398160303851507e-24, nan 
85.625, 50.875, 3.149031722851709e-23, nan 
85.875, 50.875, 4.4515701041383904e-23, nan 
86.125, 50.875, 4.4299042856654974e-23, nan 
86.375, 50.875, 3.724233298191131e-23, nan 
86.625, 50.875, 1.280791011986682e-23, nan 
86.875, 50.875, 1.6130847965495366e-23, nan 
87.125, 50.875, 5.940322956868276e-23, nan 
87.375, 50.875, 7.407702387543816e-23, nan 
87.625, 50.875, 2.832871536502129e-23, nan 
87.875, 50.875, 2.100779956795866e-23, nan 
88.125, 50.875, 1.460514494720216e-23, nan 
88.375, 50.875, 1.805945414255183e-23, nan 
88.625, 50.875, 2.2529539624541788e-23, nan 
88.875, 50.875, 5.305591878275122e-23, nan 
89.125, 50.875, 4.977193131756758e-23, nan 
89.375, 50.875, 6.306817121221057e-23, nan 
89.625, 50.875, 6.905622528563784e-23, nan 
89.875, 50.875, 3.449544048313846e-23, nan 
90.125, 50.875, 3.528238442906662e-23, nan 
90.375, 50.875, 4.674098532006344e-23, nan 
90.625, 50.875, 6.099952959278401e-23, nan 
90.875, 50.875, 5.512189771037106e-23, nan 
91.125, 50.875, 3.4232240456930986e-23, nan 
91.375, 50.875, 4.5103677139178946e-23, nan 
91.625, 50.875, 6.11799664142916e-23, nan 
91.875, 50.875, 5.324236285694259e-23, nan 
92.125, 50.875, 5.803777079682267e-23, nan 
92.375, 50.875, 8.626847775716166e-23, nan 
92.625, 50.875, 8.175532668226082e-23, nan 
92.875, 50.875, 2.5727280103638486e-23, nan 
93.125, 50.875, 3.374621106023103e-23, nan 
93.375, 50.875, 8.48659887091311e-23, nan 
93.625, 50.875, 9.856003287926926e-23, nan 
93.875, 50.875, 8.466061881923335e-23, nan 
94.125, 50.875, 7.150361160650513e-23, nan 
94.375, 50.875, 5.0648814241575924e-23, nan 
94.625, 50.875, 7.762105924317851e-23, nan 
94.875, 50.875, 5.780175249228758e-23, nan 
95.125, 50.875, 4.4934816375570085e-23, nan 
95.375, 50.875, 9.13784362073957e-23, nan 
95.625, 50.875, 1.219990896209599e-22, nan 
95.875, 50.875, 8.005784629453482e-23, nan 
96.125, 50.875, 8.082178954613236e-23, nan 
96.375, 50.875, 1.5987949978773396e-22, nan 
96.625, 50.875, 1.854899326409901e-22, nan 
96.875, 50.875, 6.181535947219066e-23, nan 
97.125, 50.875, 8.971522623873096e-23, nan 
97.375, 50.875, 7.431987310039272e-23, nan 
97.625, 50.875, 4.595179687713783e-23, nan 
97.875, 50.875, 1.9507694893981137e-23, nan 
98.125, 50.875, 4.0259922795360776e-23, nan 
98.375, 50.875, 4.45539986037733e-23, nan 
98.625, 50.875, 4.241083290283985e-23, nan 
98.875, 50.875, 3.906690313851591e-23, nan 
99.125, 50.875, 2.6520149892229825e-23, nan 
99.375, 50.875, 1.9249782212929797e-23, nan 
99.625, 50.875, 8.196822342101151e-24, nan 
99.875, 50.875, 1.4304919240794545e-23, nan 
100.125, 50.875, 1.2425917914927213e-23, nan 
100.375, 50.875, 2.5448001976196604e-23, nan 
100.625, 50.875, 2.5724704371968565e-23, nan 
100.875, 50.875, 3.692049971744994e-23, nan 
101.125, 50.875, 3.754664055792873e-23, nan 
101.375, 50.875, 2.5690584541551103e-23, nan 
101.625, 50.875, 2.4172286613052366e-23, nan 
101.875, 50.875, 1.9304541822598553e-23, nan 
102.125, 50.875, 2.814478314247979e-23, nan 
102.375, 50.875, 2.6569005141638633e-23, nan 
102.625, 50.875, 1.7841547788964793e-23, nan 
102.875, 50.875, 3.7402008110246336e-23, nan 
103.125, 50.875, 3.78672428270722e-23, nan 
103.375, 50.875, 1.9753187320319458e-23, nan 
103.625, 50.875, 2.606416613343547e-23, nan 
103.875, 50.875, 3.5642812318643826e-23, nan 
104.125, 50.875, 5.440961047556932e-23, nan 
104.375, 50.875, 5.848883203996327e-23, nan 
104.625, 50.875, 3.2990122909599685e-23, nan 
104.875, 50.875, 1.4658903883197425e-23, nan 
105.125, 50.875, 1.5468779757314203e-23, nan 
105.375, 50.875, 2.3767033819482592e-23, nan 
105.625, 50.875, 3.995346281568175e-23, nan 
105.875, 50.875, 4.472102496321919e-23, nan 
106.125, 50.875, 6.669949283253172e-23, nan 
106.375, 50.875, 6.2327517002114e-23, nan 
106.625, 50.875, 5.035528238227097e-23, nan 
106.875, 50.875, 7.658607580475114e-23, nan 
107.125, 50.875, 7.092866483563316e-23, nan 
107.375, 50.875, 3.483606533964085e-23, nan 
107.625, 50.875, 7.60767811176119e-24, nan 
107.875, 50.875, 6.3571597498323835e-24, nan 
108.125, 50.875, 4.564074734294406e-24, nan 
108.375, 50.875, 2.0043872707845215e-23, nan 
108.625, 50.875, 3.4852490625368165e-23, nan 
108.875, 50.875, 2.3249889769357435e-23, nan 
109.125, 50.875, 9.998305121118565e-24, nan 
109.375, 50.875, 1.0315341464282305e-23, nan 
109.625, 50.875, 7.97688990841655e-24, nan 
109.875, 50.875, 9.068904274103129e-24, nan 
110.125, 50.875, 2.880314442176141e-24, nan 
110.375, 50.875, 5.5153726729654136e-24, nan 
110.625, 50.875, 7.800226879782779e-24, nan 
110.875, 50.875, 5.70084164391515e-24, nan 
111.125, 50.875, 2.6335991832254826e-23, nan 
111.375, 50.875, 4.2350313530078915e-23, nan 
111.625, 50.875, 2.3859404184187796e-23, nan 
111.875, 50.875, 6.707397394538811e-24, nan 
112.125, 50.875, 3.2461768954951726e-24, nan 
112.375, 50.875, 2.1030731586058254e-23, nan 
112.625, 50.875, 8.740482807545928e-24, nan 
112.875, 50.875, 1.7699845482643942e-23, nan 
113.125, 50.875, 2.4220108927790132e-23, nan 
113.375, 50.875, 8.032741823980343e-24, nan 
113.625, 50.875, 6.461812689564896e-24, nan 
113.875, 50.875, 7.953364256667114e-24, nan 
114.125, 50.875, 6.439430707598323e-24, nan 
114.375, 50.875, 3.317018844015243e-24, nan 
114.625, 50.875, 1.9047581896011654e-24, nan 
114.875, 50.875, 5.1938313780043576e-24, nan 
115.125, 50.875, 5.311684052282482e-24, nan 
115.375, 50.875, 6.564910774226006e-24, nan 
115.625, 50.875, 6.052289481316347e-24, nan 
115.875, 50.875, 1.2160411338560243e-23, nan 
116.125, 50.875, 1.8334488790487345e-23, nan 
116.375, 50.875, 1.5689298168626055e-23, nan 
116.625, 50.875, 8.711768593337278e-24, nan 
116.875, 50.875, 1.3142161005694369e-23, nan 
117.125, 50.875, 1.3630104233962578e-23, nan 
117.375, 50.875, 1.4770493477543125e-23, nan 
117.625, 50.875, 1.968099867157029e-23, nan 
117.875, 50.875, 2.4233127836772786e-23, nan 
118.125, 50.875, 2.645320976964776e-23, nan 
118.375, 50.875, 2.9954766021035876e-23, nan 
118.625, 50.875, 4.592513543855146e-23, nan 
118.875, 50.875, 3.7639556039274145e-23, nan 
119.125, 50.875, 1.3739799966943834e-23, nan 
119.375, 50.875, 1.2995959962546774e-23, nan 
119.625, 50.875, 1.870435181535154e-23, nan 
119.875, 50.875, 2.614296721714575e-23, nan 
120.125, 50.875, 2.978156952148646e-23, nan 
120.375, 50.875, 2.675193693535695e-23, nan 
120.625, 50.875, 2.4112504057863814e-23, nan 
120.875, 50.875, 1.3415614648515006e-23, nan 
121.125, 50.875, 8.090293158656575e-24, nan 
121.375, 50.875, 5.184271531019557e-24, nan 
121.625, 50.875, 7.165060204385541e-24, nan 
121.875, 50.875, 9.767376889890575e-24, nan 
122.125, 50.875, 2.1503958755016e-23, nan 
122.375, 50.875, 2.2709533904095955e-23, nan 
122.625, 50.875, 4.4014270199674954e-23, nan 
122.875, 50.875, 7.2769422377968e-23, nan 
123.125, 50.875, 6.836211675655546e-23, nan 
123.375, 50.875, 2.1276859966067816e-23, nan 
123.625, 50.875, 4.075769014446508e-23, nan 
123.875, 50.875, 5.250939849554544e-23, nan 
124.125, 50.875, 5.948506574996555e-23, nan 
124.375, 50.875, 5.358332424783644e-23, nan 
124.625, 50.875, 3.0165235874606185e-23, nan 
124.875, 50.875, 2.9712703659088477e-23, nan 
125.125, 50.875, 2.5603088601258426e-23, nan 
125.375, 50.875, 2.308179824614809e-23, nan 
125.625, 50.875, 2.311801181140888e-23, nan 
125.875, 50.875, 2.3791013513832235e-23, nan 
126.125, 50.875, 1.831991284161185e-23, nan 
126.375, 50.875, 1.7961447807875883e-23, nan 
126.625, 50.875, 2.916021622205855e-23, nan 
126.875, 50.875, 2.574873977163322e-23, nan 
127.125, 50.875, 1.4989586911220727e-23, nan 
127.375, 50.875, 2.7149732059927006e-23, nan 
127.625, 50.875, 2.456024043494269e-23, nan 
127.875, 50.875, 1.263579564928574e-23, nan 
128.125, 50.875, 1.2121348057469578e-23, nan 
128.375, 50.875, 1.8294893503592983e-23, nan 
128.625, 50.875, 1.8607029230957475e-23, nan 
128.875, 50.875, 1.7091903833646147e-23, nan 
129.125, 50.875, 2.078551168076577e-23, nan 
129.375, 50.875, 2.0868314397045807e-23, nan 
129.625, 50.875, 4.637811574709907e-23, nan 
129.875, 50.875, 3.413837084931984e-23, nan 
130.125, 50.875, 3.506736630521999e-24, nan 
130.375, 50.875, 6.4154476853344656e-24, nan 
130.625, 50.875, 6.872148171390888e-24, nan 
130.875, 50.875, 7.675043166649475e-24, nan 
131.125, 50.875, 5.998028185545843e-24, nan 
131.375, 50.875, 3.1825682683405224e-24, nan 
131.625, 50.875, 4.725949772665147e-24, nan 
131.875, 50.875, 1.539049558510057e-23, nan 
132.125, 50.875, 1.3305038034877378e-23, nan 
132.375, 50.875, 9.48023452273589e-24, nan 
132.625, 50.875, 9.12043941798567e-24, nan 
132.875, 50.875, 4.59044465643624e-24, nan 
133.125, 50.875, 4.71238328081419e-24, nan 
133.375, 50.875, 5.744854061019793e-24, nan 
133.625, 50.875, 5.8840609190332154e-24, nan 
133.875, 50.875, 1.0291123796962461e-23, nan 
134.125, 50.875, 1.9179614140614115e-23, nan 
70.625, 51.125, 7.653375549870141e-24, nan 
70.875, 51.125, 7.890741426250687e-24, nan 
71.125, 51.125, 7.713152920850895e-24, nan 
71.375, 51.125, 7.266558041300173e-24, nan 
71.625, 51.125, 8.367225529072334e-24, nan 
71.875, 51.125, 4.7192453133706904e-24, nan 
72.125, 51.125, 1.1908704141175345e-23, nan 
72.375, 51.125, 1.8906611146518326e-23, nan 
72.625, 51.125, 2.8026363261702865e-23, nan 
72.875, 51.125, 2.146323831863239e-23, nan 
73.125, 51.125, 1.2435871263678851e-23, nan 
73.375, 51.125, 1.3009760623023748e-23, nan 
73.625, 51.125, 1.2520723124883931e-23, nan 
73.875, 51.125, 1.1416541176116298e-23, nan 
74.125, 51.125, 1.6861345224303814e-23, nan 
74.375, 51.125, 3.655330019061582e-23, nan 
74.625, 51.125, 4.718342547583007e-23, nan 
74.875, 51.125, 3.392906241718009e-23, nan 
75.125, 51.125, 7.643388643730157e-24, nan 
75.375, 51.125, 5.3757483000218394e-24, nan 
75.625, 51.125, 9.440891772190978e-24, nan 
75.875, 51.125, 7.585918598799505e-24, nan 
76.125, 51.125, 8.774826949340488e-24, nan 
76.375, 51.125, 7.07387587718957e-24, nan 
76.625, 51.125, 3.583888649133055e-23, nan 
76.875, 51.125, 5.898282058689014e-23, nan 
77.125, 51.125, 3.5033530390054736e-23, nan 
77.375, 51.125, 9.7262450847588e-24, nan 
77.625, 51.125, 1.2168117125186873e-23, nan 
77.875, 51.125, 1.5451466208374073e-23, nan 
78.125, 51.125, 1.4908699826962153e-23, nan 
78.375, 51.125, 1.8236784923045834e-23, nan 
78.625, 51.125, 1.5135385179202447e-23, nan 
78.875, 51.125, 2.2606895122491965e-23, nan 
79.125, 51.125, 3.248984686248826e-23, nan 
79.375, 51.125, 2.0934702235652113e-23, nan 
79.625, 51.125, 3.218589043899889e-23, nan 
79.875, 51.125, 3.2712693193920353e-23, nan 
80.125, 51.125, 1.398049388472753e-23, nan 
80.375, 51.125, 3.3369851202094323e-23, nan 
80.625, 51.125, 2.5219333760113448e-23, nan 
80.875, 51.125, 2.8338285098727847e-23, nan 
81.125, 51.125, 4.906843667801613e-23, nan 
81.375, 51.125, 4.899527315279579e-23, nan 
81.625, 51.125, 3.712782856375348e-23, nan 
81.875, 51.125, 3.3710773659973494e-23, nan 
82.125, 51.125, 3.71311243237851e-23, nan 
82.375, 51.125, 2.6191904497281786e-23, nan 
82.625, 51.125, 3.187885472587892e-23, nan 
82.875, 51.125, 3.5826743492290934e-23, nan 
83.125, 51.125, 3.580211177396246e-23, nan 
83.375, 51.125, 2.0127764717323263e-23, nan 
83.625, 51.125, 3.255880266141449e-23, nan 
83.875, 51.125, 2.223254230623567e-23, nan 
84.125, 51.125, 4.341424374606076e-23, nan 
84.375, 51.125, 5.689229406653392e-23, nan 
84.625, 51.125, 4.1565274633731346e-23, nan 
84.875, 51.125, 4.279414643019694e-23, nan 
85.125, 51.125, 3.15605858040594e-23, nan 
85.375, 51.125, 1.1256953586014143e-23, nan 
85.625, 51.125, 5.4569391772289e-23, nan 
85.875, 51.125, 5.936534179219229e-23, nan 
86.125, 51.125, 1.4718179288312347e-23, nan 
86.375, 51.125, 1.4069475273035926e-23, nan 
86.625, 51.125, 3.203434541224735e-23, nan 
86.875, 51.125, 3.3405760902013106e-23, nan 
87.125, 51.125, 4.414539471662148e-23, nan 
87.375, 51.125, 9.971353135221425e-23, nan 
87.625, 51.125, 7.670264870000305e-23, nan 
87.875, 51.125, 4.5738744537858976e-23, nan 
88.125, 51.125, 2.6951018540277213e-23, nan 
88.375, 51.125, 2.828801389065835e-23, nan 
88.625, 51.125, 3.2300162209360723e-23, nan 
88.875, 51.125, 4.99701980504745e-23, nan 
89.125, 51.125, 5.631474380343559e-23, nan 
89.375, 51.125, 6.75819808881909e-23, nan 
89.625, 51.125, 8.399716318830353e-23, nan 
89.875, 51.125, 4.1084773023474735e-23, nan 
90.125, 51.125, 3.6503786622615287e-23, nan 
90.375, 51.125, 5.566213886576756e-23, nan 
90.625, 51.125, 5.479797758383654e-23, nan 
90.875, 51.125, 3.923033021346663e-23, nan 
91.125, 51.125, 3.826583563411981e-23, nan 
91.375, 51.125, 5.4433882286414e-23, nan 
91.625, 51.125, 5.841305894001879e-23, nan 
91.875, 51.125, 5.881020215782469e-23, nan 
92.125, 51.125, 4.4649711043201744e-23, nan 
92.375, 51.125, 4.9114785705808783e-23, nan 
92.625, 51.125, 1.2054161577328604e-22, nan 
92.875, 51.125, 2.0391706087129125e-22, nan 
93.125, 51.125, 9.460832351083884e-23, nan 
93.375, 51.125, 5.0560522538392454e-23, nan 
93.625, 51.125, 1.7395652188984755e-22, nan 
93.875, 51.125, 1.8610981860630923e-22, nan 
94.125, 51.125, 8.552629492801825e-23, nan 
94.375, 51.125, 5.444811547408176e-23, nan 
94.625, 51.125, 5.118757977882901e-23, nan 
94.875, 51.125, 6.966566168353984e-23, nan 
95.125, 51.125, 8.003268958008693e-23, nan 
95.375, 51.125, 8.648782073899915e-23, nan 
95.625, 51.125, 1.2903474224136812e-22, nan 
95.875, 51.125, 1.155456813131966e-22, nan 
96.125, 51.125, 1.166188756945491e-22, nan 
96.375, 51.125, 8.565426503619095e-23, nan 
96.625, 51.125, 9.244842556742614e-23, nan 
96.875, 51.125, 6.295174565915604e-23, nan 
97.125, 51.125, 6.633975709290076e-23, nan 
97.375, 51.125, 2.6520499598507505e-23, nan 
97.625, 51.125, 5.374600858489467e-23, nan 
97.875, 51.125, 5.497051907684303e-23, nan 
98.125, 51.125, 4.8188817682187893e-23, nan 
98.375, 51.125, 5.368057610300443e-23, nan 
98.625, 51.125, 4.8169334358581565e-23, nan 
98.875, 51.125, 2.521887681448274e-23, nan 
99.125, 51.125, 2.5224826820096727e-23, nan 
99.375, 51.125, 2.2785759109413774e-23, nan 
99.625, 51.125, 1.704326112306968e-23, nan 
99.875, 51.125, 4.829010680572556e-23, nan 
100.125, 51.125, 7.063330295295862e-24, nan 
100.375, 51.125, 2.9184478767061626e-23, nan 
100.625, 51.125, 3.9741035106573134e-23, nan 
100.875, 51.125, 3.202156590224507e-23, nan 
101.125, 51.125, 2.0630465824531006e-23, nan 
101.375, 51.125, 3.457529478048935e-23, nan 
101.625, 51.125, 5.118316530570022e-23, nan 
101.875, 51.125, 7.004029623575917e-23, nan 
102.125, 51.125, 5.306683082152475e-23, nan 
102.375, 51.125, 4.460849561463451e-23, nan 
102.625, 51.125, 4.884884440807845e-23, nan 
102.875, 51.125, 5.020727060932956e-23, nan 
103.125, 51.125, 5.635260329658137e-23, nan 
103.375, 51.125, 4.574039699148976e-23, nan 
103.625, 51.125, 4.158606149278616e-23, nan 
103.875, 51.125, 5.2325845804543266e-23, nan 
104.125, 51.125, 6.42185516543742e-23, nan 
104.375, 51.125, 6.556707862909815e-23, nan 
104.625, 51.125, 5.710847314066663e-23, nan 
104.875, 51.125, 4.628953832000559e-23, nan 
105.125, 51.125, 2.257597217608389e-23, nan 
105.375, 51.125, 4.3395063973231944e-23, nan 
105.625, 51.125, 6.36825979339664e-23, nan 
105.875, 51.125, 6.759863552176248e-23, nan 
106.125, 51.125, 6.99492076210452e-23, nan 
106.375, 51.125, 3.7176106187636405e-23, nan 
106.625, 51.125, 6.467766181177578e-23, nan 
106.875, 51.125, 7.87772982142566e-23, nan 
107.125, 51.125, 6.160947242325311e-23, nan 
107.375, 51.125, 1.7943604381688555e-23, nan 
107.625, 51.125, 5.80337209177811e-23, nan 
107.875, 51.125, 3.769592931109915e-23, nan 
108.125, 51.125, 6.013636056242663e-24, nan 
108.375, 51.125, 4.659038965572088e-24, nan 
108.625, 51.125, 1.1797554606794649e-23, nan 
108.875, 51.125, 6.41909846962411e-24, nan 
109.125, 51.125, 5.229986979108702e-24, nan 
109.375, 51.125, 6.444590680605482e-24, nan 
109.625, 51.125, 5.935478885476575e-24, nan 
109.875, 51.125, 2.3567991330984873e-24, nan 
110.125, 51.125, 1.0770923931009118e-23, nan 
110.375, 51.125, 1.320073712017575e-23, nan 
110.625, 51.125, 1.45250879201845e-23, nan 
110.875, 51.125, 2.82082801392691e-23, nan 
111.125, 51.125, 2.2790939537671283e-23, nan 
111.375, 51.125, 1.6166055324992024e-23, nan 
111.625, 51.125, 1.5832389006706948e-23, nan 
111.875, 51.125, 9.449098938960357e-24, nan 
112.125, 51.125, 9.650090661317161e-23, nan 
112.375, 51.125, 8.954737707719424e-23, nan 
112.625, 51.125, 7.786577790089927e-23, nan 
112.875, 51.125, 7.503860208103942e-23, nan 
113.125, 51.125, 7.883105733892084e-23, nan 
113.375, 51.125, 1.0121737666738383e-22, nan 
113.625, 51.125, 3.550941445972613e-23, nan 
113.875, 51.125, 1.126154123067951e-23, nan 
114.125, 51.125, 4.272469400151473e-24, nan 
114.375, 51.125, 2.1565597032363605e-24, nan 
114.625, 51.125, 6.609525577500378e-24, nan 
114.875, 51.125, 7.222778993511245e-24, nan 
115.125, 51.125, 2.3598121394080783e-24, nan 
115.375, 51.125, 7.65155678781049e-24, nan 
115.625, 51.125, 9.946848938692403e-24, nan 
115.875, 51.125, 1.9449128787529822e-23, nan 
116.125, 51.125, 2.0070701689121862e-23, nan 
116.375, 51.125, 1.0717253072767575e-23, nan 
116.625, 51.125, 1.4724755282797456e-23, nan 
116.875, 51.125, 1.338381165929824e-23, nan 
117.125, 51.125, 1.848520582300236e-23, nan 
117.375, 51.125, 2.8076231819046075e-23, nan 
117.625, 51.125, 3.0152276428803645e-23, nan 
117.875, 51.125, 2.054776979270607e-23, nan 
118.125, 51.125, 3.3463476847535676e-23, nan 
118.375, 51.125, 1.8621303639419814e-23, nan 
118.625, 51.125, 3.6575710768112795e-23, nan 
118.875, 51.125, 4.966203007816769e-23, nan 
119.125, 51.125, 2.0537462416404525e-23, nan 
119.375, 51.125, 1.8547587893950185e-23, nan 
119.625, 51.125, 3.771826156695344e-23, nan 
119.875, 51.125, 4.3130216922531743e-23, nan 
120.125, 51.125, 1.487746784612459e-23, nan 
120.375, 51.125, 1.0333394451872007e-23, nan 
120.625, 51.125, 3.593644852799202e-23, nan 
120.875, 51.125, 3.60402247263717e-23, nan 
121.125, 51.125, 1.2053156086914706e-23, nan 
121.375, 51.125, 8.456085888489155e-24, nan 
121.625, 51.125, 7.949942938779212e-24, nan 
121.875, 51.125, 3.5503273180923363e-23, nan 
122.125, 51.125, 3.701238730939993e-23, nan 
122.375, 51.125, 1.902617334368148e-23, nan 
122.625, 51.125, 3.476857431461773e-23, nan 
122.875, 51.125, 2.3122634564251047e-23, nan 
123.125, 51.125, 4.9490200935002287e-23, nan 
123.375, 51.125, 4.164463011278472e-23, nan 
123.625, 51.125, 1.7601127944231528e-23, nan 
123.875, 51.125, 3.521413640524348e-23, nan 
124.125, 51.125, 2.2579571370514725e-23, nan 
124.375, 51.125, 2.955927257533725e-23, nan 
124.625, 51.125, 2.6834347522360824e-23, nan 
124.875, 51.125, 2.5718896969271715e-23, nan 
125.125, 51.125, 1.7716196304838648e-23, nan 
125.375, 51.125, 2.0971850011062297e-23, nan 
125.625, 51.125, 2.700617027086177e-23, nan 
125.875, 51.125, 2.774083577185636e-23, nan 
126.125, 51.125, 1.4641562678546618e-23, nan 
126.375, 51.125, 1.7891339754847423e-23, nan 
126.625, 51.125, 1.888297135816064e-23, nan 
126.875, 51.125, 1.5954239016156317e-23, nan 
127.125, 51.125, 1.6288816277581368e-23, nan 
127.375, 51.125, 1.052560674576708e-23, nan 
127.625, 51.125, 1.8573090809054153e-23, nan 
127.875, 51.125, 1.5529755702371596e-23, nan 
128.125, 51.125, 1.1941487679351157e-23, nan 
128.375, 51.125, 1.5322558089045478e-23, nan 
128.625, 51.125, 1.7008806434132564e-23, nan 
128.875, 51.125, 2.1890597309451125e-23, nan 
129.125, 51.125, 2.1822309055267078e-23, nan 
129.375, 51.125, 1.9921164118534184e-23, nan 
129.625, 51.125, 6.641447796772684e-23, nan 
129.875, 51.125, 6.7705406182024e-23, nan 
130.125, 51.125, 4.491249173745379e-24, nan 
130.375, 51.125, 3.892272745307943e-24, nan 
130.625, 51.125, 1.530777358136017e-23, nan 
130.875, 51.125, 1.5480376506114786e-23, nan 
131.125, 51.125, 4.5079113549236894e-24, nan 
131.375, 51.125, 4.675631783938793e-24, nan 
131.625, 51.125, 8.522339646291824e-24, nan 
131.875, 51.125, 1.0938865747953405e-23, nan 
132.125, 51.125, 6.047195443551651e-24, nan 
132.375, 51.125, 7.9054544072965e-24, nan 
132.625, 51.125, 7.59825204808076e-24, nan 
132.875, 51.125, 3.8326283573089404e-24, nan 
133.125, 51.125, 2.5812878973991814e-24, nan 
133.375, 51.125, 8.696491399813551e-24, nan 
133.625, 51.125, 9.792074639434839e-24, nan 
133.875, 51.125, 1.6530255502970098e-23, nan 
134.125, 51.125, 2.756071107618526e-23, nan 
134.375, 51.125, 2.074583873543039e-23, nan 
134.625, 51.125, 1.629412120647741e-23, nan 
134.875, 51.125, 1.4861135364882454e-23, nan 
135.125, 51.125, 9.319791936705655e-24, nan 
135.375, 51.125, 2.5631576883365223e-23, nan 
69.375, 51.375, 1.3474465468590296e-23, nan 
69.625, 51.375, 1.5627485048432886e-23, nan 
69.875, 51.375, 1.1670015467882636e-23, nan 
70.125, 51.375, 2.4140732011967436e-23, nan 
70.375, 51.375, 2.189560327405117e-23, nan 
70.625, 51.375, 9.681828542573081e-24, nan 
70.875, 51.375, 9.111299149618867e-24, nan 
71.125, 51.375, 8.060457569673505e-24, nan 
71.375, 51.375, 6.668614383948787e-24, nan 
71.625, 51.375, 8.022924164092253e-24, nan 
71.875, 51.375, 1.003727958751779e-23, nan 
72.125, 51.375, 1.451189342450183e-23, nan 
72.375, 51.375, 2.265280854055129e-23, nan 
72.625, 51.375, 2.663022968772948e-23, nan 
72.875, 51.375, 2.1649257181017213e-23, nan 
73.125, 51.375, 2.1079567704423389e-23, nan 
73.375, 51.375, 1.1923991772062514e-23, nan 
73.625, 51.375, 1.178800649364393e-23, nan 
73.875, 51.375, 1.058639851182119e-23, nan 
74.125, 51.375, 1.0037735472809435e-23, nan 
74.375, 51.375, 5.549613306456037e-23, nan 
74.625, 51.375, 5.778112574287155e-23, nan 
74.875, 51.375, 1.1856147625252181e-23, nan 
75.125, 51.375, 1.85631870300801e-23, nan 
75.375, 51.375, 1.8205702471714462e-23, nan 
75.625, 51.375, 9.904638785930775e-24, nan 
75.875, 51.375, 8.76841207997736e-24, nan 
76.125, 51.375, 8.857229056733875e-24, nan 
76.375, 51.375, 7.060319319693779e-24, nan 
76.625, 51.375, 1.1715174868009819e-23, nan 
76.875, 51.375, 2.6176889891582173e-23, nan 
77.125, 51.375, 1.2856307784434493e-23, nan 
77.375, 51.375, 7.954238804781475e-24, nan 
77.625, 51.375, 6.0159454283583386e-24, nan 
77.875, 51.375, 5.305738634255277e-24, nan 
78.125, 51.375, 8.882642457736486e-24, nan 
78.375, 51.375, 1.699318585605195e-23, nan 
78.625, 51.375, 1.8936185410500738e-23, nan 
78.875, 51.375, 2.3149530258096825e-23, nan 
79.125, 51.375, 3.842136423312363e-23, nan 
79.375, 51.375, 2.49428309937358e-23, nan 
79.625, 51.375, 2.1386456614942716e-23, nan 
79.875, 51.375, 5.793366306272083e-23, nan 
80.125, 51.375, 4.793596413396389e-23, nan 
80.375, 51.375, 1.9833778856907196e-23, nan 
80.625, 51.375, 1.33339741260847e-23, nan 
80.875, 51.375, 2.073792674500609e-23, nan 
81.125, 51.375, 3.7360113648572334e-23, nan 
81.375, 51.375, 3.010966877245989e-23, nan 
81.625, 51.375, 3.025588385792272e-23, nan 
81.875, 51.375, 2.9662164554320513e-23, nan 
82.125, 51.375, 1.9354933042811824e-23, nan 
82.375, 51.375, 4.265262607049535e-23, nan 
82.625, 51.375, 4.7229836811426416e-23, nan 
82.875, 51.375, 3.992144708320833e-23, nan 
83.125, 51.375, 4.069695917973661e-23, nan 
83.375, 51.375, 1.55390470227283e-23, nan 
83.625, 51.375, 3.463374181605624e-23, nan 
83.875, 51.375, 3.5071316465335643e-23, nan 
84.125, 51.375, 6.039058497541329e-23, nan 
84.375, 51.375, 6.711205404175704e-23, nan 
84.625, 51.375, 5.0391965811580634e-23, nan 
84.875, 51.375, 4.774964292066567e-23, nan 
85.125, 51.375, 2.0176897232274852e-23, nan 
85.375, 51.375, 2.4473406047137732e-23, nan 
85.625, 51.375, 5.54626434556613e-23, nan 
85.875, 51.375, 5.2505154132261065e-23, nan 
86.125, 51.375, 1.316410853179425e-23, nan 
86.375, 51.375, 1.6943065490467277e-23, nan 
86.625, 51.375, 3.464679332514853e-23, nan 
86.875, 51.375, 3.927045227397852e-23, nan 
87.125, 51.375, 2.73666243502954e-23, nan 
87.375, 51.375, 3.8565182288102823e-23, nan 
87.625, 51.375, 2.7882161509538596e-23, nan 
87.875, 51.375, 8.071465486576783e-23, nan 
88.125, 51.375, 7.244076143709485e-23, nan 
88.375, 51.375, 4.216633171851145e-23, nan 
88.625, 51.375, 3.639089685537376e-23, nan 
88.875, 51.375, 1.6187913271765705e-23, nan 
89.125, 51.375, 2.9226891330876586e-23, nan 
89.375, 51.375, 1.3687240297879305e-22, nan 
89.625, 51.375, 1.3040020457835852e-22, nan 
89.875, 51.375, 3.4723267375390006e-23, nan 
90.125, 51.375, 5.055162305332028e-23, nan 
90.375, 51.375, 4.4144729356833186e-23, nan 
90.625, 51.375, 5.56074935816713e-23, nan 
90.875, 51.375, 6.751620687927564e-23, nan 
91.125, 51.375, 4.668928559040248e-23, nan 
91.375, 51.375, 3.6373944132967383e-23, nan 
91.625, 51.375, 4.0762983148206437e-23, nan 
91.875, 51.375, 5.815014663277007e-23, nan 
92.125, 51.375, 5.634565856863953e-23, nan 
92.375, 51.375, 1.2569420428473068e-22, nan 
92.625, 51.375, 1.8840761941011813e-22, nan 
92.875, 51.375, 3.61430749355099e-22, nan 
93.125, 51.375, 2.820970791154581e-22, nan 
93.375, 51.375, 1.7104658570201507e-22, nan 
93.625, 51.375, 1.395726906140259e-22, nan 
93.875, 51.375, 1.810703450643268e-22, nan 
94.125, 51.375, 1.5085589815041844e-22, nan 
94.375, 51.375, 1.0693333320550638e-22, nan 
94.625, 51.375, 7.41598972841051e-23, nan 
94.875, 51.375, 6.519752125694291e-23, nan 
95.125, 51.375, 7.334744957612384e-23, nan 
95.375, 51.375, 6.333616881822293e-23, nan 
95.625, 51.375, 8.353117682565104e-23, nan 
95.875, 51.375, 8.903740041510499e-23, nan 
96.125, 51.375, 1.0897454716270222e-22, nan 
96.375, 51.375, 7.864906478570946e-23, nan 
96.625, 51.375, 4.8781453136025196e-23, nan 
96.875, 51.375, 4.7358185421757187e-23, nan 
97.125, 51.375, 4.4103750064526894e-23, nan 
97.375, 51.375, 6.005377503581652e-23, nan 
97.625, 51.375, 1.01838012254482e-22, nan 
97.875, 51.375, 7.538038559898617e-23, nan 
98.125, 51.375, 3.3661424237543745e-23, nan 
98.375, 51.375, 3.7921893672272584e-23, nan 
98.625, 51.375, 4.5964391127495006e-23, nan 
98.875, 51.375, 3.364168119815992e-23, nan 
99.125, 51.375, 3.071303854036898e-23, nan 
99.375, 51.375, 3.396077805601098e-23, nan 
99.625, 51.375, 5.174479331678762e-23, nan 
99.875, 51.375, 1.1229429937861275e-22, nan 
100.125, 51.375, 9.645373382619493e-23, nan 
100.375, 51.375, 6.119363531172759e-23, nan 
100.625, 51.375, 7.868189079123851e-23, nan 
100.875, 51.375, 4.34416233498815e-23, nan 
101.125, 51.375, 5.511569005689066e-23, nan 
101.375, 51.375, 6.330569732258375e-23, nan 
101.625, 51.375, 7.758107454574568e-23, nan 
101.875, 51.375, 1.0047301146806568e-22, nan 
102.125, 51.375, 8.710240402426183e-23, nan 
102.375, 51.375, 7.602968330949092e-23, nan 
102.625, 51.375, 5.606775160983785e-23, nan 
102.875, 51.375, 6.117714029154527e-23, nan 
103.125, 51.375, 6.988178963302686e-23, nan 
103.375, 51.375, 6.213448922375612e-23, nan 
103.625, 51.375, 6.177226698844607e-23, nan 
103.875, 51.375, 5.89778273645363e-23, nan 
104.125, 51.375, 5.452257077876898e-23, nan 
104.375, 51.375, 5.2574574121586284e-23, nan 
104.625, 51.375, 5.36075827138769e-23, nan 
104.875, 51.375, 6.847410761363579e-23, nan 
105.125, 51.375, 8.662535685357364e-23, nan 
105.375, 51.375, 8.570239370447508e-23, nan 
105.625, 51.375, 7.979508517647305e-23, nan 
105.875, 51.375, 8.164089232794084e-23, nan 
106.125, 51.375, 7.771745303541407e-23, nan 
106.375, 51.375, 9.389024421059974e-23, nan 
106.625, 51.375, 8.57441299630331e-23, nan 
106.875, 51.375, 3.0693503702861023e-23, nan 
107.125, 51.375, 1.5003050027616568e-23, nan 
107.375, 51.375, 7.700452064352261e-23, nan 
107.625, 51.375, 1.0791284649352106e-22, nan 
107.875, 51.375, 8.479766019883117e-23, nan 
108.125, 51.375, 6.758278275194023e-23, nan 
108.375, 51.375, 2.683332240953232e-23, nan 
108.625, 51.375, 1.4368041733779472e-23, nan 
108.875, 51.375, 2.1098249491798536e-23, nan 
109.125, 51.375, 2.5257923647868825e-23, nan 
109.375, 51.375, 1.9172586418150545e-23, nan 
109.625, 51.375, 1.985727670741586e-23, nan 
109.875, 51.375, 1.8655554513116455e-23, nan 
110.125, 51.375, 1.7359055168491877e-23, nan 
110.375, 51.375, 2.0186810074937048e-23, nan 
110.625, 51.375, 3.706845683977826e-23, nan 
110.875, 51.375, 4.08008929601364e-23, nan 
111.125, 51.375, 2.707156017143041e-23, nan 
111.375, 51.375, 2.6102674627125656e-23, nan 
111.625, 51.375, 2.8384128106014394e-23, nan 
111.875, 51.375, 1.6035425292205286e-22, nan 
112.125, 51.375, 2.021019753755931e-22, nan 
112.375, 51.375, 1.0255441429769499e-22, nan 
112.625, 51.375, 8.432617798290182e-23, nan 
112.875, 51.375, 7.972797113094079e-23, nan 
113.125, 51.375, 1.3725602184918097e-22, nan 
113.375, 51.375, 1.6945559938112304e-22, nan 
113.625, 51.375, 1.340788858577989e-22, nan 
113.875, 51.375, 6.106747942833579e-23, nan 
114.125, 51.375, 1.1255735862081151e-23, nan 
114.375, 51.375, 7.605794068950453e-24, nan 
114.625, 51.375, 9.239021974438072e-24, nan 
114.875, 51.375, 7.876634939141717e-24, nan 
115.125, 51.375, 5.359468981005608e-24, nan 
115.375, 51.375, 7.119556175206644e-24, nan 
115.625, 51.375, 1.1567493880193731e-23, nan 
115.875, 51.375, 2.819470007086388e-23, nan 
116.125, 51.375, 2.8994412607790326e-23, nan 
116.375, 51.375, 1.6788099967396365e-23, nan 
116.625, 51.375, 2.936328610558385e-23, nan 
116.875, 51.375, 2.743667384899775e-23, nan 
117.125, 51.375, 2.0464478050643036e-23, nan 
117.375, 51.375, 6.121476326367576e-23, nan 
117.625, 51.375, 5.996589535700447e-23, nan 
117.875, 51.375, 3.636066698662844e-23, nan 
118.125, 51.375, 4.8536145100924845e-23, nan 
118.375, 51.375, 2.4456001449411912e-23, nan 
118.625, 51.375, 2.402435079333307e-23, nan 
118.875, 51.375, 5.518083657259067e-23, nan 
119.125, 51.375, 5.797496542560087e-23, nan 
119.375, 51.375, 3.089749316309958e-23, nan 
119.625, 51.375, 2.1994928317896642e-23, nan 
119.875, 51.375, 3.4245588062423966e-23, nan 
120.125, 51.375, 2.6687368788962005e-23, nan 
120.375, 51.375, 2.3276897572242476e-23, nan 
120.625, 51.375, 2.436702759091502e-23, nan 
120.875, 51.375, 4.110040223931692e-23, nan 
121.125, 51.375, 3.8653505862973404e-23, nan 
121.375, 51.375, 1.5945729822137434e-23, nan 
121.625, 51.375, 1.0779080589194826e-23, nan 
121.875, 51.375, 1.2806359574531965e-23, nan 
122.125, 51.375, 2.0156480251496835e-23, nan 
122.375, 51.375, 3.073026387353918e-23, nan 
122.625, 51.375, 3.100220949994414e-23, nan 
122.875, 51.375, 1.2636740202328411e-23, nan 
123.125, 51.375, 5.819983266121406e-23, nan 
123.375, 51.375, 6.035311479215553e-23, nan 
123.625, 51.375, 2.3076121219350442e-23, nan 
123.875, 51.375, 1.527325206379746e-23, nan 
124.125, 51.375, 2.038429667948934e-23, nan 
124.375, 51.375, 5.080696779132073e-23, nan 
124.625, 51.375, 4.80370247766517e-23, nan 
124.875, 51.375, 2.914677108963454e-23, nan 
125.125, 51.375, 1.087148709626201e-23, nan 
125.375, 51.375, 1.9229119238124938e-23, nan 
125.625, 51.375, 3.25480221393994e-23, nan 
125.875, 51.375, 2.971924452555703e-23, nan 
126.125, 51.375, 6.710874721009881e-24, nan 
126.375, 51.375, 9.23927462748795e-24, nan 
126.625, 51.375, 8.166460374284686e-24, nan 
126.875, 51.375, 1.2603219097553168e-23, nan 
127.125, 51.375, 1.4877811854682875e-23, nan 
127.375, 51.375, 2.324733350304466e-23, nan 
127.625, 51.375, 2.3141911279946604e-23, nan 
127.875, 51.375, 1.734169691171166e-23, nan 
128.125, 51.375, 1.1856390731389703e-23, nan 
128.375, 51.375, 1.025923821526934e-23, nan 
128.625, 51.375, 1.6648232970152035e-23, nan 
128.875, 51.375, 1.7892610958690537e-23, nan 
129.125, 51.375, 1.4803895251755183e-23, nan 
129.375, 51.375, 2.242688753297736e-23, nan 
129.625, 51.375, 2.265127659512344e-23, nan 
129.875, 51.375, 5.690162769633754e-23, nan 
130.125, 51.375, 5.957862260123939e-23, nan 
130.375, 51.375, 4.5445360975951e-24, nan 
130.625, 51.375, 1.0006092138128389e-23, nan 
130.875, 51.375, 8.176664020993354e-24, nan 
131.125, 51.375, 4.79135138375803e-24, nan 
131.375, 51.375, 4.453186857121514e-24, nan 
131.625, 51.375, 4.61078378804038e-24, nan 
131.875, 51.375, 9.382397964501219e-24, nan 
132.125, 51.375, 9.866799368036437e-24, nan 
132.375, 51.375, 7.066517007738533e-24, nan 
132.625, 51.375, 6.2767768051328314e-24, nan 
132.875, 51.375, 3.48790219590006e-24, nan 
133.125, 51.375, 2.4570229056177414e-24, nan 
133.375, 51.375, 2.4474398175819057e-24, nan 
133.625, 51.375, 6.0593152954550545e-24, nan 
133.875, 51.375, 1.355385368482236e-23, nan 
134.125, 51.375, 1.706068365838342e-23, nan 
134.375, 51.375, 2.719830248789067e-23, nan 
134.625, 51.375, 2.6187310276871804e-23, nan 
134.875, 51.375, 1.6123721104519992e-23, nan 
135.125, 51.375, 1.1780160108288504e-23, nan 
135.375, 51.375, 9.90960668355915e-24, nan 
135.625, 51.375, 1.4069231398805258e-23, nan 
135.875, 51.375, 1.2431319500761324e-23, nan 
136.125, 51.375, 1.1639634438279554e-23, nan 
136.375, 51.375, 1.0383739207894069e-24, nan 
136.625, 51.375, 8.549333538067742e-24, nan 
136.875, 51.375, 9.086930623725631e-24, nan 
68.125, 51.625, 1.7831239883162377e-23, nan 
68.375, 51.625, 1.3379992309474933e-23, nan 
68.625, 51.625, 1.7084785767464943e-23, nan 
68.875, 51.625, 1.4439604090804894e-23, nan 
69.125, 51.625, 1.2999787614460914e-23, nan 
69.375, 51.625, 2.0818592569091004e-23, nan 
69.625, 51.625, 2.1603416475264495e-23, nan 
69.875, 51.625, 2.3079783173706594e-23, nan 
70.125, 51.625, 2.5073237413178734e-23, nan 
70.375, 51.625, 2.3494206145962615e-23, nan 
70.625, 51.625, 2.0106734177132423e-23, nan 
70.875, 51.625, 1.4941257298814072e-23, nan 
71.125, 51.625, 1.454321945307929e-23, nan 
71.375, 51.625, 9.357297944122811e-24, nan 
71.625, 51.625, 5.504455114069532e-24, nan 
71.875, 51.625, 7.210996197618809e-24, nan 
72.125, 51.625, 9.56820164139101e-24, nan 
72.375, 51.625, 1.058254888250374e-23, nan 
72.625, 51.625, 2.107595478261417e-23, nan 
72.875, 51.625, 2.0202867866649302e-23, nan 
73.125, 51.625, 1.0234703991110879e-23, nan 
73.375, 51.625, 1.1710357923845807e-23, nan 
73.625, 51.625, 1.3106098749472666e-23, nan 
73.875, 51.625, 9.798196486410599e-24, nan 
74.125, 51.625, 8.265305185486753e-24, nan 
74.375, 51.625, 5.888934440492008e-23, nan 
74.625, 51.625, 5.915547365816308e-23, nan 
74.875, 51.625, 9.80026992812702e-24, nan 
75.125, 51.625, 1.2199790210419497e-23, nan 
75.375, 51.625, 1.3412321876551987e-23, nan 
75.625, 51.625, 1.215140605469203e-23, nan 
75.875, 51.625, 1.1664983367718426e-23, nan 
76.125, 51.625, 1.1101429391064732e-23, nan 
76.375, 51.625, 9.340123727661616e-24, nan 
76.625, 51.625, 1.3443277142617872e-23, nan 
76.875, 51.625, 1.3521715292964303e-23, nan 
77.125, 51.625, 1.213760601866611e-23, nan 
77.375, 51.625, 9.945217038836143e-24, nan 
77.625, 51.625, 6.858364444101933e-24, nan 
77.875, 51.625, 7.896196787927251e-24, nan 
78.125, 51.625, 1.5422734526428624e-23, nan 
78.375, 51.625, 3.261444236864168e-23, nan 
78.625, 51.625, 3.1118505562956234e-23, nan 
78.875, 51.625, 2.3396064892124865e-23, nan 
79.125, 51.625, 3.195170553963369e-23, nan 
79.375, 51.625, 4.505623945064333e-23, nan 
79.625, 51.625, 4.482907090469715e-23, nan 
79.875, 51.625, 4.1532870543814945e-23, nan 
80.125, 51.625, 2.399256517857002e-23, nan 
80.375, 51.625, 2.077570268640076e-23, nan 
80.625, 51.625, 2.2826505184892318e-23, nan 
80.875, 51.625, 1.9011219780840455e-23, nan 
81.125, 51.625, 2.0253157559700132e-23, nan 
81.375, 51.625, 1.8636123481576327e-23, nan 
81.625, 51.625, 2.1251217980535594e-23, nan 
81.875, 51.625, 3.07183779558313e-23, nan 
82.125, 51.625, 3.1210351129609764e-23, nan 
82.375, 51.625, 3.359989049946551e-23, nan 
82.625, 51.625, 3.527632763632657e-23, nan 
82.875, 51.625, 3.9778058579458513e-23, nan 
83.125, 51.625, 2.087346915001775e-23, nan 
83.375, 51.625, 1.1784997635269172e-23, nan 
83.625, 51.625, 3.243802678538181e-23, nan 
83.875, 51.625, 4.248421190008349e-23, nan 
84.125, 51.625, 4.516936849955261e-23, nan 
84.375, 51.625, 2.5347840851248573e-23, nan 
84.625, 51.625, 2.211498242812302e-23, nan 
84.875, 51.625, 5.340039601518247e-23, nan 
85.125, 51.625, 6.64206896878843e-23, nan 
85.375, 51.625, 5.365889144683234e-23, nan 
85.625, 51.625, 3.198475979456438e-23, nan 
85.875, 51.625, 3.2666754940287035e-23, nan 
86.125, 51.625, 1.1121915099770615e-23, nan 
86.375, 51.625, 2.0188611455078957e-23, nan 
86.625, 51.625, 3.6650671901914725e-23, nan 
86.875, 51.625, 4.033057537662658e-23, nan 
87.125, 51.625, 3.39318074077285e-23, nan 
87.375, 51.625, 2.4029442037944992e-23, nan 
87.625, 51.625, 1.268678143648976e-23, nan 
87.875, 51.625, 3.918953412621516e-23, nan 
88.125, 51.625, 2.8117878862047914e-23, nan 
88.375, 51.625, 2.3497459573445903e-23, nan 
88.625, 51.625, 6.95588912941262e-23, nan 
88.875, 51.625, 6.786010224655744e-23, nan 
89.125, 51.625, 1.2479672067578229e-22, nan 
89.375, 51.625, 1.329203690460152e-22, nan 
89.625, 51.625, 6.5434218845793e-23, nan 
89.875, 51.625, 5.573490201438366e-23, nan 
90.125, 51.625, 4.8727783601950886e-23, nan 
90.375, 51.625, 4.2786058417699415e-23, nan 
90.625, 51.625, 4.314221465652736e-23, nan 
90.875, 51.625, 7.013289167500355e-23, nan 
91.125, 51.625, 6.655190961007146e-23, nan 
91.375, 51.625, 3.556350121091578e-23, nan 
91.625, 51.625, 1.5563513670138383e-23, nan 
91.875, 51.625, 4.9760934563230595e-23, nan 
92.125, 51.625, 1.0409063892178507e-22, nan 
92.375, 51.625, 1.1882476922280855e-22, nan 
92.625, 51.625, 1.860791172757687e-22, nan 
92.875, 51.625, 3.1915977839705383e-22, nan 
93.125, 51.625, 2.828716068245842e-22, nan 
93.375, 51.625, 2.195781603883751e-22, nan 
93.625, 51.625, 3.398732031236482e-23, nan 
93.875, 51.625, 1.2801090185575377e-22, nan 
94.125, 51.625, 1.53092866563065e-22, nan 
94.375, 51.625, 8.84580936542326e-23, nan 
94.625, 51.625, 5.963699766616294e-23, nan 
94.875, 51.625, 4.545498240210707e-23, nan 
95.125, 51.625, 4.580969564162826e-23, nan 
95.375, 51.625, 6.173775147103096e-23, nan 
95.625, 51.625, 4.631268752177218e-23, nan 
95.875, 51.625, 2.8210159841051366e-23, nan 
96.125, 51.625, 8.255576530222547e-23, nan 
96.375, 51.625, 8.970264403505173e-23, nan 
96.625, 51.625, 6.251437988311934e-23, nan 
96.875, 51.625, 5.943764521919892e-23, nan 
97.125, 51.625, 1.402611688962818e-22, nan 
97.375, 51.625, 1.6059582423113188e-22, nan 
97.625, 51.625, 1.2002548888831868e-22, nan 
97.875, 51.625, 4.3985280290122085e-23, nan 
98.125, 51.625, 2.4508557836588036e-23, nan 
98.375, 51.625, 6.272416048378633e-23, nan 
98.625, 51.625, 6.628408656220749e-23, nan 
98.875, 51.625, 2.4384771005846437e-23, nan 
99.125, 51.625, 2.7944365129749213e-23, nan 
99.375, 51.625, 4.6362631316182824e-23, nan 
99.625, 51.625, 1.090565099728466e-22, nan 
99.875, 51.625, 9.486932090155724e-23, nan 
100.125, 51.625, 1.2211276274035886e-22, nan 
100.375, 51.625, 1.0205839410030559e-22, nan 
100.625, 51.625, 1.111164924606838e-22, nan 
100.875, 51.625, 1.1312092123268733e-22, nan 
101.125, 51.625, 7.424534034053306e-23, nan 
101.375, 51.625, 6.595514347739008e-23, nan 
101.625, 51.625, 5.477780180530715e-23, nan 
101.875, 51.625, 5.47790837021888e-23, nan 
102.125, 51.625, 6.014907905336353e-23, nan 
102.375, 51.625, 7.49115581974545e-23, nan 
102.625, 51.625, 5.987564249000637e-23, nan 
102.875, 51.625, 3.55945099736594e-23, nan 
103.125, 51.625, 5.289823451140168e-23, nan 
103.375, 51.625, 6.503450992708998e-23, nan 
103.625, 51.625, 8.155192741629228e-23, nan 
103.875, 51.625, 8.622302405125292e-23, nan 
104.125, 51.625, 5.967763296563124e-23, nan 
104.375, 51.625, 6.166062515665313e-23, nan 
104.625, 51.625, 6.73253378006045e-23, nan 
104.875, 51.625, 6.134035028943867e-23, nan 
105.125, 51.625, 9.569286828069675e-23, nan 
105.375, 51.625, 9.743052995830625e-23, nan 
105.625, 51.625, 9.3212407043313e-23, nan 
105.875, 51.625, 1.8793593322407766e-22, nan 
106.125, 51.625, 1.6359482987025608e-22, nan 
106.375, 51.625, 7.41675368081986e-23, nan 
106.625, 51.625, 2.8072289108392544e-23, nan 
106.875, 51.625, 1.5597450394510505e-23, nan 
107.125, 51.625, 1.379534565425777e-23, nan 
107.375, 51.625, 6.968005395288754e-23, nan 
107.625, 51.625, 4.237960375328052e-23, nan 
107.875, 51.625, 4.6449238224347864e-23, nan 
108.125, 51.625, 5.91561961516403e-23, nan 
108.375, 51.625, 4.403884424845503e-23, nan 
108.625, 51.625, 3.594255050043179e-23, nan 
108.875, 51.625, 3.1906108518545476e-23, nan 
109.125, 51.625, 3.546441866948353e-23, nan 
109.375, 51.625, 3.4711137450900404e-23, nan 
109.625, 51.625, 2.5502600235321264e-23, nan 
109.875, 51.625, 3.394603434046606e-23, nan 
110.125, 51.625, 4.747946495471702e-23, nan 
110.375, 51.625, 5.24344908845463e-23, nan 
110.625, 51.625, 4.3866341150584186e-23, nan 
110.875, 51.625, 3.2962130132037863e-23, nan 
111.125, 51.625, 3.239738160380752e-23, nan 
111.375, 51.625, 3.479689704975064e-23, nan 
111.625, 51.625, 3.981501256421874e-23, nan 
111.875, 51.625, 2.856191508232075e-22, nan 
112.125, 51.625, 2.9763039371801665e-22, nan 
112.375, 51.625, 1.5708538588199752e-22, nan 
112.625, 51.625, 1.7694756320666608e-22, nan 
112.875, 51.625, 1.982497883845651e-22, nan 
113.125, 51.625, 2.3035064605317107e-22, nan 
113.375, 51.625, 2.2961981977046906e-22, nan 
113.625, 51.625, 2.5464130485529135e-22, nan 
113.875, 51.625, 1.4382610050685317e-22, nan 
114.125, 51.625, 2.9480895045924236e-23, nan 
114.375, 51.625, 3.0524870876177064e-23, nan 
114.625, 51.625, 2.7657555680899436e-23, nan 
114.875, 51.625, 3.1227520803808567e-23, nan 
115.125, 51.625, 2.3069893455604825e-23, nan 
115.375, 51.625, 9.463965224692063e-24, nan 
115.625, 51.625, 1.1285884537439057e-23, nan 
115.875, 51.625, 1.0810978635627993e-23, nan 
116.125, 51.625, 2.3608956512132048e-23, nan 
116.375, 51.625, 3.4086916299048125e-23, nan 
116.625, 51.625, 3.283963603754223e-23, nan 
116.875, 51.625, 3.401225966333112e-23, nan 
117.125, 51.625, 2.5753843855459503e-23, nan 
117.375, 51.625, 3.2265190663827584e-23, nan 
117.625, 51.625, 2.966023320219945e-23, nan 
117.875, 51.625, 2.2424554222472726e-23, nan 
118.125, 51.625, 2.852867995381724e-23, nan 
118.375, 51.625, 5.595566452558121e-23, nan 
118.625, 51.625, 4.910187657018936e-23, nan 
118.875, 51.625, 2.0368792248378724e-23, nan 
119.125, 51.625, 7.197316398187051e-23, nan 
119.375, 51.625, 6.48917321577126e-23, nan 
119.625, 51.625, 1.7365918825112355e-23, nan 
119.875, 51.625, 2.0902051991180264e-23, nan 
120.125, 51.625, 3.4814623383915275e-23, nan 
120.375, 51.625, 2.6614176455144494e-23, nan 
120.625, 51.625, 2.694508384796759e-23, nan 
120.875, 51.625, 2.702781080014456e-23, nan 
121.125, 51.625, 4.262817726121938e-23, nan 
121.375, 51.625, 4.043702197331772e-23, nan 
121.625, 51.625, 2.785903868015858e-23, nan 
121.875, 51.625, 1.5214615505585527e-23, nan 
122.125, 51.625, 2.0515755840328503e-23, nan 
122.375, 51.625, 3.0250566013630434e-23, nan 
122.625, 51.625, 3.015965606748626e-23, nan 
122.875, 51.625, 1.622943608645925e-23, nan 
123.125, 51.625, 3.9540133175411336e-23, nan 
123.375, 51.625, 5.416740952752263e-23, nan 
123.625, 51.625, 5.0012046807228396e-23, nan 
123.875, 51.625, 4.524943923432951e-23, nan 
124.125, 51.625, 2.9606013236286654e-23, nan 
124.375, 51.625, 3.8590759184715524e-23, nan 
124.625, 51.625, 2.2088955828643515e-23, nan 
124.875, 51.625, 1.251812528116537e-23, nan 
125.125, 51.625, 1.8070598888542977e-23, nan 
125.375, 51.625, 2.001594334167116e-23, nan 
125.625, 51.625, 2.2460044136446146e-23, nan 
125.875, 51.625, 2.7735829688156705e-23, nan 
126.125, 51.625, 2.0567178737486318e-23, nan 
126.375, 51.625, 5.943511338299663e-24, nan 
126.625, 51.625, 1.024148706919544e-23, nan 
126.875, 51.625, 1.1442133515228177e-23, nan 
127.125, 51.625, 1.0394022340150306e-23, nan 
127.375, 51.625, 2.0542283336006116e-23, nan 
127.625, 51.625, 2.05698513025508e-23, nan 
127.875, 51.625, 1.2724415673974646e-23, nan 
128.125, 51.625, 1.5928211068488523e-23, nan 
128.375, 51.625, 1.1005317893043887e-23, nan 
128.625, 51.625, 1.7490070606820726e-23, nan 
128.875, 51.625, 2.212528097055862e-23, nan 
129.125, 51.625, 1.6146132811661737e-23, nan 
129.375, 51.625, 1.458075647008643e-23, nan 
129.625, 51.625, 1.7820521227134807e-23, nan 
129.875, 51.625, 1.2572107653180845e-23, nan 
130.125, 51.625, 6.736473696412233e-23, nan 
130.375, 51.625, 5.955767121466537e-23, nan 
130.625, 51.625, 1.2049832213749653e-23, nan 
130.875, 51.625, 6.027356849510174e-24, nan 
131.125, 51.625, 1.5241681754197884e-24, nan 
131.375, 51.625, 4.460281374131378e-24, nan 
131.625, 51.625, 4.455447497123528e-24, nan 
131.875, 51.625, 7.28205637466167e-24, nan 
132.125, 51.625, 9.925692263163729e-24, nan 
132.375, 51.625, 7.137804971957885e-24, nan 
132.625, 51.625, 6.825649960861073e-24, nan 
132.875, 51.625, 6.463008153544857e-24, nan 
133.125, 51.625, 2.464004442068879e-24, nan 
133.375, 51.625, 2.3826091305092477e-24, nan 
133.625, 51.625, 2.988161204370395e-24, nan 
133.875, 51.625, 6.301684238899177e-24, nan 
134.125, 51.625, 1.3067046666934381e-23, nan 
134.375, 51.625, 1.3683008089273726e-23, nan 
134.625, 51.625, 8.583356926591851e-24, nan 
134.875, 51.625, 8.667251284796054e-24, nan 
135.125, 51.625, 9.306927420335534e-24, nan 
135.375, 51.625, 3.2840608469288945e-24, nan 
135.625, 51.625, 2.9288567164174192e-24, nan 
135.875, 51.625, 5.464370318317949e-24, nan 
136.125, 51.625, 1.3752236102919508e-23, nan 
136.375, 51.625, 1.1616329380318158e-23, nan 
136.625, 51.625, 3.5890967883231605e-24, nan 
136.875, 51.625, 4.820159457733281e-24, nan 
137.125, 51.625, 9.018750734821512e-24, nan 
137.375, 51.625, 1.3015529255983694e-23, nan 
137.625, 51.625, 1.456891680253824e-23, nan 
137.875, 51.625, 7.63806098824796e-24, nan 
138.125, 51.625, 1.2978372646881002e-23, nan 
66.875, 51.875, 1.526298398666416e-23, nan 
67.125, 51.875, 1.0369887035978383e-23, nan 
67.375, 51.875, 1.307710732422654e-23, nan 
67.625, 51.875, 1.4663452949831862e-23, nan 
67.875, 51.875, 1.983904834792307e-23, nan 
68.125, 51.875, 1.646829846143571e-23, nan 
68.375, 51.875, 1.3536201031210385e-23, nan 
68.625, 51.875, 1.716482017002767e-23, nan 
68.875, 51.875, 1.4631952252089032e-23, nan 
69.125, 51.875, 1.4024377156484728e-23, nan 
69.375, 51.875, 2.1359650297978716e-23, nan 
69.625, 51.875, 2.2133650932160045e-23, nan 
69.875, 51.875, 2.296335248389812e-23, nan 
70.125, 51.875, 2.4995022896477924e-23, nan 
70.375, 51.875, 2.1963121660799783e-23, nan 
70.625, 51.875, 1.820786224735298e-23, nan 
70.875, 51.875, 1.4317741558167014e-23, nan 
71.125, 51.875, 1.512352107866717e-23, nan 
71.375, 51.875, 1.4678100055426496e-23, nan 
71.625, 51.875, 1.3128651623019073e-23, nan 
71.875, 51.875, 7.1836228120579e-24, nan 
72.125, 51.875, 9.685385651305097e-24, nan 
72.375, 51.875, 1.1329335568581512e-23, nan 
72.625, 51.875, 2.104587233386607e-23, nan 
72.875, 51.875, 2.3834637478171292e-23, nan 
73.125, 51.875, 1.2368106122363174e-23, nan 
73.375, 51.875, 1.904684276410692e-23, nan 
73.625, 51.875, 1.3673473458651035e-23, nan 
73.875, 51.875, 9.778732008298104e-24, nan 
74.125, 51.875, 2.510897522941729e-23, nan 
74.375, 51.875, 4.647732511659547e-23, nan 
74.625, 51.875, 4.012301517905004e-23, nan 
74.875, 51.875, 1.5538569556071553e-23, nan 
75.125, 51.875, 1.4481892653238405e-23, nan 
75.375, 51.875, 1.623836537746162e-23, nan 
75.625, 51.875, 1.3665373663090046e-23, nan 
75.875, 51.875, 7.69697726493703e-24, nan 
76.125, 51.875, 6.395384433617912e-24, nan 
76.375, 51.875, 8.709364471789747e-24, nan 
76.625, 51.875, 1.0248055457705465e-23, nan 
76.875, 51.875, 7.04438598151091e-24, nan 
77.125, 51.875, 4.7615196963449235e-24, nan 
77.375, 51.875, 8.741486861752165e-24, nan 
77.625, 51.875, 6.81685693160079e-24, nan 
77.875, 51.875, 1.3640195457920257e-23, nan 
78.125, 51.875, 1.415723571144993e-23, nan 
78.375, 51.875, 2.3176061722022493e-23, nan 
78.625, 51.875, 1.5057071788049183e-23, nan 
78.875, 51.875, 1.86545918554945e-23, nan 
79.125, 51.875, 3.528172488709087e-23, nan 
79.375, 51.875, 4.240444719578581e-23, nan 
79.625, 51.875, 3.738268371067314e-23, nan 
79.875, 51.875, 3.0584265467735756e-23, nan 
80.125, 51.875, 1.8967864949498557e-23, nan 
80.375, 51.875, 1.981793331199265e-23, nan 
80.625, 51.875, 2.441944910693388e-23, nan 
80.875, 51.875, 3.920078635102652e-23, nan 
81.125, 51.875, 4.3865679548835377e-23, nan 
81.375, 51.875, 2.3755227836853285e-23, nan 
81.625, 51.875, 3.998933935005631e-23, nan 
81.875, 51.875, 4.3948843770319757e-23, nan 
82.125, 51.875, 4.60634851239741e-23, nan 
82.375, 51.875, 4.649977838106697e-23, nan 
82.625, 51.875, 4.472542448787418e-23, nan 
82.875, 51.875, 3.8784483158196013e-23, nan 
83.125, 51.875, 4.6801043922619877e-23, nan 
83.375, 51.875, 4.99588201963101e-23, nan 
83.625, 51.875, 3.800352369894794e-23, nan 
83.875, 51.875, 3.4685549277472155e-23, nan 
84.125, 51.875, 3.137553217277877e-23, nan 
84.375, 51.875, 3.4103433940091136e-23, nan 
84.625, 51.875, 3.532460271737274e-23, nan 
84.875, 51.875, 4.6268700568937216e-23, nan 
85.125, 51.875, 6.174656947259491e-23, nan 
85.375, 51.875, 5.406616724712621e-23, nan 
85.625, 51.875, 1.7814274196530116e-23, nan 
85.875, 51.875, 2.771649576514927e-23, nan 
86.125, 51.875, 3.1132680380514173e-23, nan 
86.375, 51.875, 3.3655251803617094e-23, nan 
86.625, 51.875, 1.7121550515352114e-23, nan 
86.875, 51.875, 1.7394270672657375e-23, nan 
87.125, 51.875, 3.596466921485812e-23, nan 
87.375, 51.875, 3.6699151649865476e-23, nan 
87.625, 51.875, 2.4628933601482743e-23, nan 
87.875, 51.875, 4.381884667884562e-23, nan 
88.125, 51.875, 5.79809416195475e-23, nan 
88.375, 51.875, 5.592563193636448e-23, nan 
88.625, 51.875, 4.220856154574805e-23, nan 
88.875, 51.875, 1.11527086760491e-22, nan 
89.125, 51.875, 1.268106662038794e-22, nan 
89.375, 51.875, 4.7569781622647065e-23, nan 
89.625, 51.875, 6.499838419873929e-23, nan 
89.875, 51.875, 7.561601237409845e-23, nan 
90.125, 51.875, 4.3223149999354273e-23, nan 
90.375, 51.875, 4.1034554349634393e-23, nan 
90.625, 51.875, 3.9188281968713065e-23, nan 
90.875, 51.875, 8.919757439451359e-23, nan 
91.125, 51.875, 7.902273438611453e-23, nan 
91.375, 51.875, 3.984928153188271e-23, nan 
91.625, 51.875, 2.0483575178543418e-23, nan 
91.875, 51.875, 5.234042828452302e-23, nan 
92.125, 51.875, 8.867670327395763e-23, nan 
92.375, 51.875, 7.299011696586929e-23, nan 
92.625, 51.875, 6.94917883457165e-23, nan 
92.875, 51.875, 1.3338714136487805e-22, nan 
93.125, 51.875, 1.556732677802544e-22, nan 
93.375, 51.875, 1.0983406889442191e-22, nan 
93.625, 51.875, 5.570191468275144e-23, nan 
93.875, 51.875, 4.176893716167087e-23, nan 
94.125, 51.875, 6.122280913088083e-23, nan 
94.375, 51.875, 7.278227230947836e-23, nan 
94.625, 51.875, 6.542315652440156e-23, nan 
94.875, 51.875, 4.8893027845622427e-23, nan 
95.125, 51.875, 5.134875646311554e-23, nan 
95.375, 51.875, 4.381166466415985e-23, nan 
95.625, 51.875, 3.9849276693782893e-23, nan 
95.875, 51.875, 3.3219437213903287e-23, nan 
96.125, 51.875, 3.9034239957301193e-23, nan 
96.375, 51.875, 1.0231411044238609e-22, nan 
96.625, 51.875, 9.655318587904602e-23, nan 
96.875, 51.875, 1.0802184615567225e-22, nan 
97.125, 51.875, 1.7550887756627326e-22, nan 
97.375, 51.875, 1.6605499142650413e-22, nan 
97.625, 51.875, 1.4208552158968212e-22, nan 
97.875, 51.875, 1.31688084881576e-22, nan 
98.125, 51.875, 7.38625545078187e-23, nan 
98.375, 51.875, 4.327724417749043e-23, nan 
98.625, 51.875, 1.0103750883824796e-22, nan 
98.875, 51.875, 1.0979446227488843e-22, nan 
99.125, 51.875, 5.551184278903718e-23, nan 
99.375, 51.875, 9.505571444627208e-23, nan 
99.625, 51.875, 1.1307752640292305e-22, nan 
99.875, 51.875, 9.716528249623711e-23, nan 
100.125, 51.875, 2.0587676218303991e-22, nan 
100.375, 51.875, 3.3919450391544307e-22, nan 
100.625, 51.875, 1.756347258942941e-22, nan 
100.875, 51.875, 1.2260726603746653e-22, nan 
101.125, 51.875, 6.01001731665476e-23, nan 
101.375, 51.875, 3.555535471260983e-23, nan 
101.625, 51.875, 3.5312116050590527e-23, nan 
101.875, 51.875, 4.348443745914174e-23, nan 
102.125, 51.875, 4.835564981785506e-23, nan 
102.375, 51.875, 4.614061707785031e-23, nan 
102.625, 51.875, 6.748343109422527e-23, nan 
102.875, 51.875, 5.747955447916348e-23, nan 
103.125, 51.875, 4.3993876377640095e-23, nan 
103.375, 51.875, 7.623002029031636e-23, nan 
103.625, 51.875, 1.042603270920623e-22, nan 
103.875, 51.875, 9.058187139316467e-23, nan 
104.125, 51.875, 6.778042038160968e-23, nan 
104.375, 51.875, 6.308654804040056e-23, nan 
104.625, 51.875, 7.158177279083094e-23, nan 
104.875, 51.875, 8.646923219201898e-23, nan 
105.125, 51.875, 9.081074736976206e-23, nan 
105.375, 51.875, 8.813374654676456e-23, nan 
105.625, 51.875, 1.8970763492837754e-22, nan 
105.875, 51.875, 2.0252211350472146e-22, nan 
106.125, 51.875, 8.10940652956128e-23, nan 
106.375, 51.875, 9.110610775256565e-23, nan 
106.625, 51.875, 7.240971487167889e-23, nan 
106.875, 51.875, 8.004883538933654e-23, nan 
107.125, 51.875, 1.2197987486190255e-22, nan 
107.375, 51.875, 1.673063054186615e-22, nan 
107.625, 51.875, 1.091345791456584e-22, nan 
107.875, 51.875, 2.9740466524975445e-23, nan 
108.125, 51.875, 5.1448382129839276e-23, nan 
108.375, 51.875, 4.4231762302838745e-23, nan 
108.625, 51.875, 5.389514397095894e-23, nan 
108.875, 51.875, 4.8360919585232316e-23, nan 
109.125, 51.875, 3.5627344165481535e-23, nan 
109.375, 51.875, 2.1445314262743463e-23, nan 
109.625, 51.875, 2.3008589020366478e-23, nan 
109.875, 51.875, 2.9289795776551696e-23, nan 
110.125, 51.875, 4.418796441097547e-23, nan 
110.375, 51.875, 5.169623842019056e-23, nan 
110.625, 51.875, 3.9155179822554363e-23, nan 
110.875, 51.875, 3.229795049369243e-23, nan 
111.125, 51.875, 3.610134147876919e-23, nan 
111.375, 51.875, 3.9749511772060724e-23, nan 
111.625, 51.875, 3.033498724974573e-23, nan 
111.875, 51.875, 2.3192799596339262e-22, nan 
112.125, 51.875, 2.6561790423088096e-22, nan 
112.375, 51.875, 1.3667377680463227e-22, nan 
112.625, 51.875, 1.4730698411393581e-22, nan 
112.875, 51.875, 1.547019335249832e-22, nan 
113.125, 51.875, 1.8867569090992902e-22, nan 
113.375, 51.875, 2.760955388208917e-22, nan 
113.625, 51.875, 2.2669537543207243e-22, nan 
113.875, 51.875, 4.012924397149308e-23, nan 
114.125, 51.875, 5.729965832222222e-23, nan 
114.375, 51.875, 3.960407790738258e-23, nan 
114.625, 51.875, 2.749916538580733e-23, nan 
114.875, 51.875, 2.9433539388703696e-23, nan 
115.125, 51.875, 3.5995109409153407e-23, nan 
115.375, 51.875, 3.069223568607233e-23, nan 
115.625, 51.875, 7.844714732511139e-24, nan 
115.875, 51.875, 2.0240716590810153e-23, nan 
116.125, 51.875, 2.8305243608213763e-23, nan 
116.375, 51.875, 5.490429768274797e-23, nan 
116.625, 51.875, 5.660884519658034e-23, nan 
116.875, 51.875, 5.2070277889632783e-23, nan 
117.125, 51.875, 5.235233391883424e-23, nan 
117.375, 51.875, 2.5920855697469257e-23, nan 
117.625, 51.875, 3.6682832843979603e-23, nan 
117.875, 51.875, 4.428455268383018e-23, nan 
118.125, 51.875, 4.101076493332241e-23, nan 
118.375, 51.875, 4.1514746451267937e-23, nan 
118.625, 51.875, 1.9536838656167634e-23, nan 
118.875, 51.875, 1.441715844557119e-23, nan 
119.125, 51.875, 6.844391590423995e-23, nan 
119.375, 51.875, 6.255179355627893e-23, nan 
119.625, 51.875, 2.5497719811592567e-23, nan 
119.875, 51.875, 5.105064264745497e-23, nan 
120.125, 51.875, 6.246740672090461e-23, nan 
120.375, 51.875, 3.2412597028946756e-23, nan 
120.625, 51.875, 2.1329849607897766e-23, nan 
120.875, 51.875, 1.7679924153802745e-23, nan 
121.125, 51.875, 3.364805249552677e-23, nan 
121.375, 51.875, 3.9267929809143155e-23, nan 
121.625, 51.875, 2.6153207566428676e-23, nan 
121.875, 51.875, 1.5111435434037933e-23, nan 
122.125, 51.875, 1.3662269512844102e-23, nan 
122.375, 51.875, 8.272822217229549e-24, nan 
122.625, 51.875, 2.0416112757222734e-23, nan 
122.875, 51.875, 2.9267955719666995e-23, nan 
123.125, 51.875, 4.2465378551775773e-23, nan 
123.375, 51.875, 3.355170780284908e-23, nan 
123.625, 51.875, 2.608688482750039e-23, nan 
123.875, 51.875, 4.6197396814837494e-23, nan 
124.125, 51.875, 3.113862688883621e-23, nan 
124.375, 51.875, 2.163523676219639e-23, nan 
124.625, 51.875, 1.820347904405514e-23, nan 
124.875, 51.875, 1.252421994579902e-23, nan 
125.125, 51.875, 1.8326059254181174e-23, nan 
125.375, 51.875, 2.4404456406048662e-23, nan 
125.625, 51.875, 2.729940145643083e-23, nan 
125.875, 51.875, 1.3921603202921262e-23, nan 
126.125, 51.875, 9.797675357374244e-24, nan 
126.375, 51.875, 1.4285989618551247e-23, nan 
126.625, 51.875, 1.2833346618365112e-23, nan 
126.875, 51.875, 1.5786793979914775e-23, nan 
127.125, 51.875, 1.7873175628371234e-23, nan 
127.375, 51.875, 1.732628044731953e-23, nan 
127.625, 51.875, 1.9391809175536572e-23, nan 
127.875, 51.875, 1.9151528109118276e-23, nan 
128.125, 51.875, 1.9380848639345343e-23, nan 
128.375, 51.875, 1.6809247681768653e-23, nan 
128.625, 51.875, 9.072132903333693e-24, nan 
128.875, 51.875, 1.5107197315076118e-23, nan 
129.125, 51.875, 1.8019208837947325e-23, nan 
129.375, 51.875, 1.6386065831670383e-23, nan 
129.625, 51.875, 1.8825407611133026e-23, nan 
129.875, 51.875, 1.8776971201124724e-23, nan 
130.125, 51.875, 2.1443148246704794e-23, nan 
130.375, 51.875, 5.1209387995631066e-23, nan 
130.625, 51.875, 5.033141061695685e-23, nan 
130.875, 51.875, 4.8339073078850186e-24, nan 
131.125, 51.875, 4.0078045852749834e-24, nan 
131.375, 51.875, 6.834680048221918e-24, nan 
131.625, 51.875, 7.761658368636742e-24, nan 
131.875, 51.875, 8.13882812032079e-24, nan 
132.125, 51.875, 8.10733428854202e-24, nan 
132.375, 51.875, 4.598147918525432e-24, nan 
132.625, 51.875, 1.9476238864285293e-24, nan 
132.875, 51.875, 4.2539319994281886e-24, nan 
133.125, 51.875, 4.556934206956372e-24, nan 
133.375, 51.875, 3.713465531909441e-24, nan 
133.625, 51.875, 4.288767444847542e-24, nan 
133.875, 51.875, 3.770091886209119e-24, nan 
134.125, 51.875, 5.7908869934413996e-24, nan 
134.375, 51.875, 7.915396844052817e-24, nan 
134.625, 51.875, 6.15559394370165e-24, nan 
134.875, 51.875, 3.731528927971435e-24, nan 
135.125, 51.875, 6.699159925738492e-24, nan 
135.375, 51.875, 8.277263976786112e-24, nan 
135.625, 51.875, 7.73189246671629e-24, nan 
135.875, 51.875, 5.6544319488507065e-24, nan 
136.125, 51.875, 5.862696118965856e-24, nan 
136.375, 51.875, 3.703206469735536e-24, nan 
136.625, 51.875, 3.8139398882450114e-24, nan 
136.875, 51.875, 5.522449064222542e-24, nan 
137.125, 51.875, 1.090997272037143e-23, nan 
137.375, 51.875, 1.0870539024933901e-23, nan 
137.625, 51.875, 5.480133831596707e-24, nan 
137.875, 51.875, 3.884604320593455e-24, nan 
138.125, 51.875, 5.670645845173005e-24, nan 
138.375, 51.875, 1.1719468473742125e-23, nan 
138.625, 51.875, 3.384098859443027e-24, nan 
138.875, 51.875, 9.978746072777067e-24, nan 
139.125, 51.875, 1.1453187031965744e-23, nan 
139.375, 51.875, 4.930101403221523e-24, nan 
65.625, 52.125, 8.259717833897304e-24, nan 
65.875, 52.125, 1.1302089382835147e-23, nan 
66.125, 52.125, 1.0076200427724951e-23, nan 
66.375, 52.125, 7.984428243917188e-24, nan 
66.625, 52.125, 1.0564131678741183e-23, nan 
66.875, 52.125, 1.672287712084889e-23, nan 
67.125, 52.125, 9.539852127549547e-24, nan 
67.375, 52.125, 7.67564728312178e-24, nan 
67.625, 52.125, 1.1100607848399315e-23, nan 
67.875, 52.125, 1.048553629666756e-23, nan 
68.125, 52.125, 3.51955665834366e-24, nan 
68.375, 52.125, 4.062471443733847e-24, nan 
68.625, 52.125, 7.340487769281817e-24, nan 
68.875, 52.125, 8.233328624057751e-24, nan 
69.125, 52.125, 1.162371951521283e-23, nan 
69.375, 52.125, 1.1141037075239622e-23, nan 
69.625, 52.125, 6.34452982264589e-24, nan 
69.875, 52.125, 4.973700270891991e-24, nan 
70.125, 52.125, 5.5809955656670555e-24, nan 
70.375, 52.125, 4.830750121978817e-24, nan 
70.625, 52.125, 4.9039417794194716e-24, nan 
70.875, 52.125, 8.623875021133541e-24, nan 
71.125, 52.125, 5.189939812225552e-24, nan 
71.375, 52.125, 7.028229400837081e-24, nan 
71.625, 52.125, 1.3976183571271383e-23, nan 
71.875, 52.125, 1.0607767876425053e-23, nan 
72.125, 52.125, 1.2944363323233419e-23, nan 
72.375, 52.125, 2.0426786726497057e-23, nan 
72.625, 52.125, 1.3920714405017196e-23, nan 
72.875, 52.125, 1.4631911069816507e-23, nan 
73.125, 52.125, 1.2688759960131876e-23, nan 
73.375, 52.125, 3.09948923905797e-23, nan 
73.625, 52.125, 2.858215131039376e-23, nan 
73.875, 52.125, 1.9548209317070836e-23, nan 
74.125, 52.125, 1.9778451255549332e-23, nan 
74.375, 52.125, 4.620341861923674e-23, nan 
74.625, 52.125, 5.723453927776119e-23, nan 
74.875, 52.125, 2.9912081393270563e-23, nan 
75.125, 52.125, 3.463365071552734e-23, nan 
75.375, 52.125, 2.762842854523685e-23, nan 
75.625, 52.125, 1.552289117729956e-23, nan 
75.875, 52.125, 7.313633263810224e-24, nan 
76.125, 52.125, 5.413257399058039e-24, nan 
76.375, 52.125, 1.0286968567143506e-23, nan 
76.625, 52.125, 1.2453508134081873e-23, nan 
76.875, 52.125, 1.1338116764195768e-23, nan 
77.125, 52.125, 8.100431096054943e-24, nan 
77.375, 52.125, 9.453098229191677e-24, nan 
77.625, 52.125, 1.1376139384925889e-23, nan 
77.875, 52.125, 1.006162793850019e-23, nan 
78.125, 52.125, 2.3372609550707602e-23, nan 
78.375, 52.125, 2.3688945543313323e-23, nan 
78.625, 52.125, 1.3261599239887177e-23, nan 
78.875, 52.125, 2.33332748542792e-23, nan 
79.125, 52.125, 3.317549791327131e-23, nan 
79.375, 52.125, 3.330534280656725e-23, nan 
79.625, 52.125, 3.083497859083538e-23, nan 
79.875, 52.125, 3.0417446919612235e-23, nan 
80.125, 52.125, 3.121366207623834e-23, nan 
80.375, 52.125, 3.6765139002076574e-23, nan 
80.625, 52.125, 5.94934533037173e-23, nan 
80.875, 52.125, 6.37121929144018e-23, nan 
81.125, 52.125, 8.38362069368205e-23, nan 
81.375, 52.125, 6.709604745236695e-23, nan 
81.625, 52.125, 3.093138414678699e-23, nan 
81.875, 52.125, 2.7048703380598143e-23, nan 
82.125, 52.125, 3.957063639876983e-23, nan 
82.375, 52.125, 3.7473423176086525e-23, nan 
82.625, 52.125, 5.976972471863654e-23, nan 
82.875, 52.125, 5.630377314612025e-23, nan 
83.125, 52.125, 5.718644276608152e-23, nan 
83.375, 52.125, 4.834992342831681e-23, nan 
83.625, 52.125, 2.8469008533269264e-23, nan 
83.875, 52.125, 3.350124200802398e-23, nan 
84.125, 52.125, 4.5543770560396626e-23, nan 
84.375, 52.125, 4.528408318639843e-23, nan 
84.625, 52.125, 4.4632695657558276e-23, nan 
84.875, 52.125, 4.4613140977739694e-23, nan 
85.125, 52.125, 1.876012856385214e-23, nan 
85.375, 52.125, 3.977707512328635e-23, nan 
85.625, 52.125, 2.879164201124166e-23, nan 
85.875, 52.125, 4.309193188542018e-23, nan 
86.125, 52.125, 4.5044755870073366e-23, nan 
86.375, 52.125, 4.063908393590465e-23, nan 
86.625, 52.125, 3.284994165629021e-23, nan 
86.875, 52.125, 1.1784125869105918e-23, nan 
87.125, 52.125, 2.1984851573349433e-23, nan 
87.375, 52.125, 3.3338554265711627e-23, nan 
87.625, 52.125, 3.137094079360559e-23, nan 
87.875, 52.125, 2.2497012729055915e-23, nan 
88.125, 52.125, 2.4075813937340638e-23, nan 
88.375, 52.125, 4.0233041306372193e-23, nan 
88.625, 52.125, 7.990650679062745e-23, nan 
88.875, 52.125, 1.3436825805641356e-22, nan 
89.125, 52.125, 9.933062019637121e-23, nan 
89.375, 52.125, 5.594245635319317e-23, nan 
89.625, 52.125, 5.909577271453693e-23, nan 
89.875, 52.125, 1.0811606342422742e-22, nan 
90.125, 52.125, 9.145366049922633e-23, nan 
90.375, 52.125, 4.690701593977177e-23, nan 
90.625, 52.125, 4.740133059726012e-23, nan 
90.875, 52.125, 1.2399075147435883e-22, nan 
91.125, 52.125, 1.2361848910592651e-22, nan 
91.375, 52.125, 6.439332236919838e-23, nan 
91.625, 52.125, 5.58118435752587e-23, nan 
91.875, 52.125, 5.071206488007477e-23, nan 
92.125, 52.125, 7.127614887364859e-23, nan 
92.375, 52.125, 6.809359203414624e-23, nan 
92.625, 52.125, 7.446515189850951e-23, nan 
92.875, 52.125, 9.45492338030852e-23, nan 
93.125, 52.125, 7.644667118024972e-23, nan 
93.375, 52.125, 7.311155715127605e-23, nan 
93.625, 52.125, 6.673563683998696e-23, nan 
93.875, 52.125, 4.741124767112633e-23, nan 
94.125, 52.125, 3.783289318440479e-23, nan 
94.375, 52.125, 7.308167531052624e-23, nan 
94.625, 52.125, 6.952540162095997e-23, nan 
94.875, 52.125, 4.534243251780775e-23, nan 
95.125, 52.125, 4.476582886226068e-23, nan 
95.375, 52.125, 3.5752943066594193e-23, nan 
95.625, 52.125, 2.3029114504066566e-23, nan 
95.875, 52.125, 2.8897179593701596e-23, nan 
96.125, 52.125, 4.163582270242491e-23, nan 
96.375, 52.125, 1.1227595152402914e-22, nan 
96.625, 52.125, 1.4313012248469375e-22, nan 
96.875, 52.125, 1.6891879761166028e-22, nan 
97.125, 52.125, 1.789482995103218e-22, nan 
97.375, 52.125, 1.7439139589760642e-22, nan 
97.625, 52.125, 2.2476696458891837e-22, nan 
97.875, 52.125, 1.905090587983133e-22, nan 
98.125, 52.125, 9.618898473951891e-23, nan 
98.375, 52.125, 7.392301827103668e-23, nan 
98.625, 52.125, 8.697434712545679e-23, nan 
98.875, 52.125, 9.638895594089453e-23, nan 
99.125, 52.125, 8.757095136008484e-23, nan 
99.375, 52.125, 1.0349453509843452e-22, nan 
99.625, 52.125, 5.957203473700577e-23, nan 
99.875, 52.125, 2.6062342904316e-22, nan 
100.125, 52.125, 4.0641692000908437e-22, nan 
100.375, 52.125, 6.42883085622051e-22, nan 
100.625, 52.125, 4.534942767350492e-22, nan 
100.875, 52.125, 2.262877705458783e-22, nan 
101.125, 52.125, 2.0629791810902387e-22, nan 
101.375, 52.125, 8.132804204385967e-23, nan 
101.625, 52.125, 5.159226043844971e-23, nan 
101.875, 52.125, 5.1762192025205204e-23, nan 
102.125, 52.125, 4.8284949481021496e-23, nan 
102.375, 52.125, 3.978056654479493e-23, nan 
102.625, 52.125, 5.082960349426087e-23, nan 
102.875, 52.125, 6.902531272870516e-23, nan 
103.125, 52.125, 7.029664848651737e-23, nan 
103.375, 52.125, 1.1493140908124934e-22, nan 
103.625, 52.125, 1.1912049678459906e-22, nan 
103.875, 52.125, 9.354566463896516e-23, nan 
104.125, 52.125, 1.065396414678962e-22, nan 
104.375, 52.125, 8.466774137512841e-23, nan 
104.625, 52.125, 8.022352924812391e-23, nan 
104.875, 52.125, 7.695849451180123e-23, nan 
105.125, 52.125, 7.100850367854578e-23, nan 
105.375, 52.125, 3.829167078090673e-23, nan 
105.625, 52.125, 1.8443488334655754e-22, nan 
105.875, 52.125, 1.8781218856614776e-22, nan 
106.125, 52.125, 5.555022168744638e-23, nan 
106.375, 52.125, 6.050260844763398e-23, nan 
106.625, 52.125, 7.283426388671286e-23, nan 
106.875, 52.125, 8.525988866242343e-23, nan 
107.125, 52.125, 6.031105179709859e-23, nan 
107.375, 52.125, 3.549590391632411e-23, nan 
107.625, 52.125, 5.351169044303588e-23, nan 
107.875, 52.125, 4.831897422321331e-23, nan 
108.125, 52.125, 6.35337645996004e-23, nan 
108.375, 52.125, 5.367634880851895e-23, nan 
108.625, 52.125, 5.540197318484781e-23, nan 
108.875, 52.125, 5.464622085242804e-23, nan 
109.125, 52.125, 7.159728342541381e-23, nan 
109.375, 52.125, 6.471702567328764e-23, nan 
109.625, 52.125, 3.8322684357344394e-23, nan 
109.875, 52.125, 3.7732066340313917e-23, nan 
110.125, 52.125, 4.5797548366613015e-23, nan 
110.375, 52.125, 3.8232082352007094e-23, nan 
110.625, 52.125, 4.2676614006636073e-23, nan 
110.875, 52.125, 5.170400664832467e-23, nan 
111.125, 52.125, 4.750426870227588e-23, nan 
111.375, 52.125, 4.405775834565724e-23, nan 
111.625, 52.125, 3.24766266668987e-23, nan 
111.875, 52.125, 3.252062809070798e-23, nan 
112.125, 52.125, 1.4021385008868156e-22, nan 
112.375, 52.125, 1.5403462780063285e-22, nan 
112.625, 52.125, 1.6840884811240006e-22, nan 
112.875, 52.125, 1.8228640566136329e-22, nan 
113.125, 52.125, 1.7197311882734478e-22, nan 
113.375, 52.125, 1.4169501188134195e-22, nan 
113.625, 52.125, 4.9607788645549107e-23, nan 
113.875, 52.125, 7.081676027015944e-23, nan 
114.125, 52.125, 7.006127516468497e-23, nan 
114.375, 52.125, 5.1712118253026645e-23, nan 
114.625, 52.125, 4.785677539722373e-23, nan 
114.875, 52.125, 3.351420487569505e-23, nan 
115.125, 52.125, 4.391473026906996e-23, nan 
115.375, 52.125, 5.1779209976037735e-23, nan 
115.625, 52.125, 4.2439864159181374e-23, nan 
115.875, 52.125, 4.328246265139253e-23, nan 
116.125, 52.125, 5.728739490873342e-23, nan 
116.375, 52.125, 5.805827939000662e-23, nan 
116.625, 52.125, 6.60224225312919e-23, nan 
116.875, 52.125, 7.049090518898302e-23, nan 
117.125, 52.125, 7.877311794901461e-23, nan 
117.375, 52.125, 5.207917162546637e-23, nan 
117.625, 52.125, 3.311817858610401e-23, nan 
117.875, 52.125, 5.3125104537572e-23, nan 
118.125, 52.125, 5.852762579250253e-23, nan 
118.375, 52.125, 4.15807607514371e-23, nan 
118.625, 52.125, 4.4625804591441145e-23, nan 
118.875, 52.125, 6.822734989365192e-23, nan 
119.125, 52.125, 6.001430057394902e-23, nan 
119.375, 52.125, 1.615019222050329e-23, nan 
119.625, 52.125, 2.1014132296281972e-23, nan 
119.875, 52.125, 2.957233249833189e-23, nan 
120.125, 52.125, 2.6503102821999143e-23, nan 
120.375, 52.125, 1.0838731507920645e-23, nan 
120.625, 52.125, 2.4198698162558635e-23, nan 
120.875, 52.125, 2.488296396623865e-23, nan 
121.125, 52.125, 3.440813830631197e-23, nan 
121.375, 52.125, 4.7084318510164873e-23, nan 
121.625, 52.125, 2.596490156185851e-23, nan 
121.875, 52.125, 1.1813090344123779e-23, nan 
122.125, 52.125, 1.4340246408559865e-23, nan 
122.375, 52.125, 2.112961563132838e-23, nan 
122.625, 52.125, 2.0688683368598776e-23, nan 
122.875, 52.125, 3.048351562257425e-23, nan 
123.125, 52.125, 3.091820299280786e-23, nan 
123.375, 52.125, 1.6674664991726447e-23, nan 
123.625, 52.125, 2.063492665866727e-23, nan 
123.875, 52.125, 2.3379658699557705e-23, nan 
124.125, 52.125, 2.1789639459963094e-23, nan 
124.375, 52.125, 1.8543560737087988e-23, nan 
124.625, 52.125, 1.2574076212877859e-23, nan 
124.875, 52.125, 1.446121746845452e-23, nan 
125.125, 52.125, 2.3397735505934117e-23, nan 
125.375, 52.125, 1.6487595011970155e-23, nan 
125.625, 52.125, 1.7277973038259403e-23, nan 
125.875, 52.125, 1.6964469973978775e-23, nan 
126.125, 52.125, 1.6305579479499336e-23, nan 
126.375, 52.125, 1.3522506313902116e-23, nan 
126.625, 52.125, 1.1062838519784723e-23, nan 
126.875, 52.125, 1.3301473369164732e-23, nan 
127.125, 52.125, 1.6519415519556508e-23, nan 
127.375, 52.125, 2.3533227230998058e-23, nan 
127.625, 52.125, 1.6852254431500264e-23, nan 
127.875, 52.125, 1.5504472085903145e-23, nan 
128.125, 52.125, 1.4457465928777336e-23, nan 
128.375, 52.125, 1.593855516302556e-23, nan 
128.625, 52.125, 1.767646645214482e-23, nan 
128.875, 52.125, 1.2185242938225325e-23, nan 
129.125, 52.125, 1.5129178885636214e-23, nan 
129.375, 52.125, 1.4143705484787106e-23, nan 
129.625, 52.125, 1.963805811278717e-23, nan 
129.875, 52.125, 2.3032767917076397e-23, nan 
130.125, 52.125, 2.3877497064326323e-23, nan 
130.375, 52.125, 2.6908087054473977e-23, nan 
130.625, 52.125, 6.987893430880129e-23, nan 
130.875, 52.125, 7.398538134860175e-23, nan 
131.125, 52.125, 1.2482571391500356e-23, nan 
131.375, 52.125, 1.2408881472467619e-23, nan 
131.625, 52.125, 9.558535622039073e-24, nan 
131.875, 52.125, 1.2532958324226312e-23, nan 
132.125, 52.125, 8.195241361944952e-24, nan 
132.375, 52.125, 4.4661819020722045e-24, nan 
132.625, 52.125, 2.0858396901634707e-24, nan 
132.875, 52.125, 5.935278030319637e-24, nan 
133.125, 52.125, 8.32863006344825e-24, nan 
133.375, 52.125, 6.36078108149813e-24, nan 
133.625, 52.125, 3.1403210432180875e-24, nan 
133.875, 52.125, 5.4905809474942064e-24, nan 
134.125, 52.125, 6.863491386346132e-24, nan 
134.375, 52.125, 4.918867599038944e-24, nan 
134.625, 52.125, 4.968255029606918e-24, nan 
134.875, 52.125, 8.763879031540883e-24, nan 
135.125, 52.125, 1.4712539277428683e-23, nan 
135.375, 52.125, 9.337386105496094e-24, nan 
135.625, 52.125, 6.211906589856757e-24, nan 
135.875, 52.125, 5.332159269034103e-24, nan 
136.125, 52.125, 3.517922131397445e-24, nan 
136.375, 52.125, 2.4984912263754433e-24, nan 
136.625, 52.125, 2.9861554164700067e-24, nan 
136.875, 52.125, 4.410711780746437e-24, nan 
137.125, 52.125, 6.599191869921852e-24, nan 
137.375, 52.125, 1.386644709629836e-23, nan 
137.625, 52.125, 1.2630481961468563e-23, nan 
137.875, 52.125, 3.3273828090188464e-24, nan 
138.125, 52.125, 3.3843374937446264e-24, nan 
138.375, 52.125, 5.616423377798e-24, nan 
138.625, 52.125, 3.783117340995759e-24, nan 
138.875, 52.125, 4.831105819569654e-24, nan 
139.125, 52.125, 9.789887095275604e-24, nan 
139.375, 52.125, 8.119018690259859e-24, nan 
139.625, 52.125, 1.088147573632521e-23, nan 
139.875, 52.125, 1.1790661143632418e-23, nan 
140.125, 52.125, 6.139911632271376e-24, nan 
140.375, 52.125, 6.2639625472558956e-24, nan 
140.625, 52.125, 6.080839510592086e-24, nan 
64.375, 52.375, 2.129693994513199e-24, nan 
64.625, 52.375, 7.089424355143431e-24, nan 
64.875, 52.375, 7.398111853872282e-24, nan 
65.125, 52.375, 5.579009358594382e-24, nan 
65.375, 52.375, 4.2134249353958674e-24, nan 
65.625, 52.375, 4.11477732711833e-24, nan 
65.875, 52.375, 6.991133792059298e-24, nan 
66.125, 52.375, 1.2969965098500174e-23, nan 
66.375, 52.375, 1.359239127853476e-23, nan 
66.625, 52.375, 8.418371454151141e-24, nan 
66.875, 52.375, 1.4792621301015493e-23, nan 
67.125, 52.375, 1.0143481023733639e-23, nan 
67.375, 52.375, 1.164503751667808e-23, nan 
67.625, 52.375, 1.0401451084250082e-23, nan 
67.875, 52.375, 1.4779578263395068e-23, nan 
68.125, 52.375, 9.36530217071785e-24, nan 
68.375, 52.375, 7.954157428934263e-24, nan 
68.625, 52.375, 8.73333427012357e-24, nan 
68.875, 52.375, 1.0902264432077023e-23, nan 
69.125, 52.375, 1.3852239356017058e-23, nan 
69.375, 52.375, 1.374767714206635e-23, nan 
69.625, 52.375, 1.1524216240407759e-23, nan 
69.875, 52.375, 7.760403397738276e-24, nan 
70.125, 52.375, 7.487036874944599e-24, nan 
70.375, 52.375, 6.777784170250907e-24, nan 
70.625, 52.375, 9.705095931221622e-24, nan 
70.875, 52.375, 1.3100076859486452e-23, nan 
71.125, 52.375, 9.096046909809061e-24, nan 
71.375, 52.375, 1.1832346761555428e-23, nan 
71.625, 52.375, 1.642680481779045e-23, nan 
71.875, 52.375, 2.4479655751831896e-23, nan 
72.125, 52.375, 2.3204666381811572e-23, nan 
72.375, 52.375, 1.4772774354234524e-23, nan 
72.625, 52.375, 1.4744246931693865e-23, nan 
72.875, 52.375, 1.483596239725784e-23, nan 
73.125, 52.375, 1.2372217109615086e-23, nan 
73.375, 52.375, 4.046753807901339e-23, nan 
73.625, 52.375, 4.889483823379444e-23, nan 
73.875, 52.375, 4.5724395602958196e-23, nan 
74.125, 52.375, 3.6277824343452967e-23, nan 
74.375, 52.375, 3.6264901601968905e-23, nan 
74.625, 52.375, 5.20721572863006e-23, nan 
74.875, 52.375, 4.181894904809024e-23, nan 
75.125, 52.375, 5.628019485794969e-23, nan 
75.375, 52.375, 6.511535861103168e-23, nan 
75.625, 52.375, 4.907381601627925e-23, nan 
75.875, 52.375, 2.763501643668682e-23, nan 
76.125, 52.375, 1.2706139976438814e-23, nan 
76.375, 52.375, 1.5355274641096424e-23, nan 
76.625, 52.375, 1.3615285260029758e-23, nan 
76.875, 52.375, 1.5977156689485966e-23, nan 
77.125, 52.375, 1.7597753267033086e-23, nan 
77.375, 52.375, 1.4046018342060357e-23, nan 
77.625, 52.375, 1.689843993794329e-23, nan 
77.875, 52.375, 2.068597594127427e-23, nan 
78.125, 52.375, 2.206594104554479e-23, nan 
78.375, 52.375, 1.5639871474334144e-23, nan 
78.625, 52.375, 2.7349142268897845e-23, nan 
78.875, 52.375, 3.684512937644472e-23, nan 
79.125, 52.375, 2.7087567136105447e-23, nan 
79.375, 52.375, 3.5263620723458927e-23, nan 
79.625, 52.375, 4.195151231872089e-23, nan 
79.875, 52.375, 3.4697663731904723e-23, nan 
80.125, 52.375, 3.3378300751077195e-23, nan 
80.375, 52.375, 3.9953430986663936e-23, nan 
80.625, 52.375, 4.6844586836516166e-23, nan 
80.875, 52.375, 4.434502300838332e-23, nan 
81.125, 52.375, 5.499584671534348e-23, nan 
81.375, 52.375, 4.5482294183840434e-23, nan 
81.625, 52.375, 3.673514591264063e-23, nan 
81.875, 52.375, 2.4022583037665094e-23, nan 
82.125, 52.375, 3.2505306213866325e-23, nan 
82.375, 52.375, 3.961970553876946e-23, nan 
82.625, 52.375, 6.433881946296853e-23, nan 
82.875, 52.375, 6.563037697220709e-23, nan 
83.125, 52.375, 4.348570293162327e-23, nan 
83.375, 52.375, 3.3792697896945805e-23, nan 
83.625, 52.375, 4.884212832204552e-23, nan 
83.875, 52.375, 4.27819601016695e-23, nan 
84.125, 52.375, 2.736280645903338e-23, nan 
84.375, 52.375, 5.428386107651031e-23, nan 
84.625, 52.375, 6.294160369856658e-23, nan 
84.875, 52.375, 4.13917597503905e-23, nan 
85.125, 52.375, 3.263185017974111e-23, nan 
85.375, 52.375, 4.533258303165794e-23, nan 
85.625, 52.375, 4.756859177939705e-23, nan 
85.875, 52.375, 1.4357861920988447e-23, nan 
86.125, 52.375, 2.3770984355254992e-23, nan 
86.375, 52.375, 6.685091176645236e-23, nan 
86.625, 52.375, 6.777204888873439e-23, nan 
86.875, 52.375, 2.8007098170561745e-23, nan 
87.125, 52.375, 1.9217588592249868e-23, nan 
87.375, 52.375, 2.950456008923205e-23, nan 
87.625, 52.375, 6.199082562637111e-23, nan 
87.875, 52.375, 5.691489650659204e-23, nan 
88.125, 52.375, 1.0087667452028757e-23, nan 
88.375, 52.375, 2.919922171916122e-23, nan 
88.625, 52.375, 1.7640354697204362e-22, nan 
88.875, 52.375, 1.5775842223363375e-22, nan 
89.125, 52.375, 7.733305795934298e-23, nan 
89.375, 52.375, 6.020212017534289e-23, nan 
89.625, 52.375, 9.271133012750015e-23, nan 
89.875, 52.375, 1.1175721679025942e-22, nan 
90.125, 52.375, 7.476844304697903e-23, nan 
90.375, 52.375, 3.909824062011466e-23, nan 
90.625, 52.375, 3.7154087385268974e-23, nan 
90.875, 52.375, 4.671010385355577e-23, nan 
91.125, 52.375, 6.222839221499235e-23, nan 
91.375, 52.375, 7.108932011164644e-23, nan 
91.625, 52.375, 7.1273280704827e-23, nan 
91.875, 52.375, 6.398886361721056e-23, nan 
92.125, 52.375, 7.074422954021064e-23, nan 
92.375, 52.375, 6.201398130811307e-23, nan 
92.625, 52.375, 4.3360679025949364e-23, nan 
92.875, 52.375, 5.50051497547248e-23, nan 
93.125, 52.375, 9.029017195487624e-23, nan 
93.375, 52.375, 8.659180083342467e-23, nan 
93.625, 52.375, 4.7932699169522183e-23, nan 
93.875, 52.375, 5.943310223999605e-23, nan 
94.125, 52.375, 6.908494391958347e-23, nan 
94.375, 52.375, 6.960888621256149e-23, nan 
94.625, 52.375, 6.50698686077235e-23, nan 
94.875, 52.375, 6.380634898822352e-23, nan 
95.125, 52.375, 5.973805337643326e-23, nan 
95.375, 52.375, 6.850945771078465e-23, nan 
95.625, 52.375, 5.169123002891803e-23, nan 
95.875, 52.375, 5.988847507024295e-23, nan 
96.125, 52.375, 5.215481715410047e-23, nan 
96.375, 52.375, 5.99355787524497e-23, nan 
96.625, 52.375, 6.167764194545748e-23, nan 
96.875, 52.375, 1.3170156646270492e-22, nan 
97.125, 52.375, 1.520822406763497e-22, nan 
97.375, 52.375, 1.5510850323544509e-22, nan 
97.625, 52.375, 1.641180084294067e-22, nan 
97.875, 52.375, 1.173172537822019e-22, nan 
98.125, 52.375, 1.1421025770046636e-22, nan 
98.375, 52.375, 5.731344253449033e-23, nan 
98.625, 52.375, 8.294850767709883e-23, nan 
98.875, 52.375, 9.356172880157387e-23, nan 
99.125, 52.375, 6.687916587655917e-23, nan 
99.375, 52.375, 6.45574334699266e-23, nan 
99.625, 52.375, 9.050963452893667e-23, nan 
99.875, 52.375, 8.121295718371294e-23, nan 
100.125, 52.375, 1.4667999808358317e-22, nan 
100.375, 52.375, 3.029862161392629e-22, nan 
100.625, 52.375, 1.5057337825331192e-22, nan 
100.875, 52.375, 1.496520154695686e-22, nan 
101.125, 52.375, 1.7526029977327547e-22, nan 
101.375, 52.375, 1.3523134726689075e-22, nan 
101.625, 52.375, 1.09426297140167e-22, nan 
101.875, 52.375, 7.775362201031471e-23, nan 
102.125, 52.375, 7.645160620729909e-23, nan 
102.375, 52.375, 6.141221528408303e-23, nan 
102.625, 52.375, 4.36941016909837e-23, nan 
102.875, 52.375, 8.063505450949693e-23, nan 
103.125, 52.375, 7.347970629317385e-23, nan 
103.375, 52.375, 6.010312540481192e-23, nan 
103.625, 52.375, 8.290069462598946e-23, nan 
103.875, 52.375, 1.003453468305979e-22, nan 
104.125, 52.375, 1.2654568817969916e-22, nan 
104.375, 52.375, 3.0412746197875047e-22, nan 
104.625, 52.375, 1.3921151242968378e-22, nan 
104.875, 52.375, 7.905691023323252e-23, nan 
105.125, 52.375, 8.105254140736369e-23, nan 
105.375, 52.375, 7.270650099713968e-23, nan 
105.625, 52.375, 1.7665637090559553e-22, nan 
105.875, 52.375, 1.795668054518726e-22, nan 
106.125, 52.375, 7.270532950945402e-23, nan 
106.375, 52.375, 7.815804725374625e-23, nan 
106.625, 52.375, 6.715261306354913e-23, nan 
106.875, 52.375, 6.341255007181974e-23, nan 
107.125, 52.375, 6.560607163234847e-23, nan 
107.375, 52.375, 7.191973282181729e-23, nan 
107.625, 52.375, 7.123826355696409e-23, nan 
107.875, 52.375, 8.684519875825335e-23, nan 
108.125, 52.375, 7.88274213540395e-23, nan 
108.375, 52.375, 6.292891972358526e-23, nan 
108.625, 52.375, 5.731876587350247e-23, nan 
108.875, 52.375, 5.787645625331256e-23, nan 
109.125, 52.375, 7.850883109531843e-23, nan 
109.375, 52.375, 7.200640184495704e-23, nan 
109.625, 52.375, 6.581951756901237e-23, nan 
109.875, 52.375, 4.5026931685450326e-23, nan 
110.125, 52.375, 4.6268413955621573e-23, nan 
110.375, 52.375, 6.499391557260348e-23, nan 
110.625, 52.375, 5.050819795709052e-23, nan 
110.875, 52.375, 4.696650122982873e-23, nan 
111.125, 52.375, 4.799000893217137e-23, nan 
111.375, 52.375, 4.048678600774938e-23, nan 
111.625, 52.375, 4.434597017602586e-23, nan 
111.875, 52.375, 4.118285628639897e-23, nan 
112.125, 52.375, 3.231806775216383e-23, nan 
112.375, 52.375, 4.5166967127310067e-23, nan 
112.625, 52.375, 1.008192556735975e-22, nan 
112.875, 52.375, 8.292337365588973e-23, nan 
113.125, 52.375, 6.616090203385125e-23, nan 
113.375, 52.375, 7.953552562841046e-23, nan 
113.625, 52.375, 1.0646420266953514e-22, nan 
113.875, 52.375, 8.190973448617555e-23, nan 
114.125, 52.375, 5.551163412826472e-23, nan 
114.375, 52.375, 5.843604811431105e-23, nan 
114.625, 52.375, 5.237757348824153e-23, nan 
114.875, 52.375, 2.3986174604499524e-23, nan 
115.125, 52.375, 1.9036809320023516e-23, nan 
115.375, 52.375, 4.502490111714037e-23, nan 
115.625, 52.375, 5.885070012039093e-23, nan 
115.875, 52.375, 7.56759759422576e-23, nan 
116.125, 52.375, 6.810710863619144e-23, nan 
116.375, 52.375, 5.641330658533772e-23, nan 
116.625, 52.375, 9.32313784615208e-23, nan 
116.875, 52.375, 8.897457190511826e-23, nan 
117.125, 52.375, 9.750060256391943e-23, nan 
117.375, 52.375, 8.697554563451646e-23, nan 
117.625, 52.375, 3.0318087103419316e-23, nan 
117.875, 52.375, 3.0912721838733946e-23, nan 
118.125, 52.375, 3.43016732931802e-23, nan 
118.375, 52.375, 3.246687181791132e-23, nan 
118.625, 52.375, 2.074046843491557e-23, nan 
118.875, 52.375, 6.748004674755851e-23, nan 
119.125, 52.375, 7.230720402007992e-23, nan 
119.375, 52.375, 3.2643947870984995e-23, nan 
119.625, 52.375, 1.8724264532363336e-23, nan 
119.875, 52.375, 1.8515376432895305e-23, nan 
120.125, 52.375, 1.2083360970276687e-23, nan 
120.375, 52.375, 1.0279635926881687e-23, nan 
120.625, 52.375, 3.396226526363277e-23, nan 
120.875, 52.375, 3.601334854740722e-23, nan 
121.125, 52.375, 1.8764911884044014e-23, nan 
121.375, 52.375, 6.94419025601665e-23, nan 
121.625, 52.375, 7.675135320219458e-23, nan 
121.875, 52.375, 1.2691244915547454e-23, nan 
122.125, 52.375, 2.0187627750419636e-23, nan 
122.375, 52.375, 2.2475135651413553e-23, nan 
122.625, 52.375, 2.3462130506880232e-23, nan 
122.875, 52.375, 2.892520658484419e-23, nan 
123.125, 52.375, 2.954864665228296e-23, nan 
123.375, 52.375, 3.7764767345642187e-23, nan 
123.625, 52.375, 3.136847346742618e-23, nan 
123.875, 52.375, 1.6319827998164362e-23, nan 
124.125, 52.375, 2.697946646250071e-23, nan 
124.375, 52.375, 2.929326713665843e-23, nan 
124.625, 52.375, 1.7539648769960838e-23, nan 
124.875, 52.375, 1.4953177973607417e-23, nan 
125.125, 52.375, 2.3914696165468834e-23, nan 
125.375, 52.375, 3.653030987788486e-23, nan 
125.625, 52.375, 3.5355369481754774e-23, nan 
125.875, 52.375, 3.312455809966883e-23, nan 
126.125, 52.375, 2.3183704710235198e-23, nan 
126.375, 52.375, 1.3024170533054603e-23, nan 
126.625, 52.375, 7.920519681408226e-24, nan 
126.875, 52.375, 1.992609085385784e-23, nan 
127.125, 52.375, 3.074623208022412e-23, nan 
127.375, 52.375, 3.03183245474445e-23, nan 
127.625, 52.375, 1.0302788559689964e-23, nan 
127.875, 52.375, 1.4925974620584535e-23, nan 
128.125, 52.375, 1.4913759076451522e-23, nan 
128.375, 52.375, 9.550725139835934e-24, nan 
128.625, 52.375, 1.7569612350776408e-23, nan 
128.875, 52.375, 1.83930287485554e-23, nan 
129.125, 52.375, 1.941272418878404e-23, nan 
129.375, 52.375, 1.6708610671168602e-23, nan 
129.625, 52.375, 2.3287324087930944e-23, nan 
129.875, 52.375, 1.5644104362049826e-23, nan 
130.125, 52.375, 1.7517795912155195e-23, nan 
130.375, 52.375, 2.1408083170621856e-23, nan 
130.625, 52.375, 2.5812082813223296e-23, nan 
130.875, 52.375, 7.972940357427532e-23, nan 
131.125, 52.375, 7.078736153417841e-23, nan 
131.375, 52.375, 7.244997075288931e-24, nan 
131.625, 52.375, 2.519195259349889e-23, nan 
131.875, 52.375, 2.7836591137954356e-23, nan 
132.125, 52.375, 9.72697574332493e-24, nan 
132.375, 52.375, 5.927138664963944e-24, nan 
132.625, 52.375, 7.025433657456909e-24, nan 
132.875, 52.375, 1.1423350990329786e-23, nan 
133.125, 52.375, 8.84074567041086e-24, nan 
133.375, 52.375, 4.60990641799689e-24, nan 
133.625, 52.375, 4.1023711613375e-24, nan 
133.875, 52.375, 5.766889366919323e-24, nan 
134.125, 52.375, 4.6167707315077326e-24, nan 
134.375, 52.375, 7.372260335870717e-24, nan 
134.625, 52.375, 1.361455112325683e-23, nan 
134.875, 52.375, 1.8156605257983115e-23, nan 
135.125, 52.375, 2.0514899289805612e-23, nan 
135.375, 52.375, 1.1434340169985822e-23, nan 
135.625, 52.375, 5.427216642240741e-24, nan 
135.875, 52.375, 3.390233950413065e-24, nan 
136.125, 52.375, 1.5481141460734177e-24, nan 
136.375, 52.375, 1.4907161226758135e-24, nan 
136.625, 52.375, 4.3603262737468295e-24, nan 
136.875, 52.375, 7.984480905029103e-24, nan 
137.125, 52.375, 8.806324131711903e-24, nan 
137.375, 52.375, 6.105290033527809e-24, nan 
137.625, 52.375, 7.100072639935804e-24, nan 
137.875, 52.375, 6.63391266617626e-24, nan 
138.125, 52.375, 6.4951115936860115e-24, nan 
138.375, 52.375, 4.983408319955969e-24, nan 
138.625, 52.375, 4.789720099182717e-24, nan 
138.875, 52.375, 5.295370881206209e-24, nan 
139.125, 52.375, 1.0820429248929873e-23, nan 
139.375, 52.375, 1.1152864301558766e-23, nan 
139.625, 52.375, 7.467019798314595e-24, nan 
139.875, 52.375, 8.420870710375883e-24, nan 
140.125, 52.375, 8.968522223616105e-24, nan 
140.375, 52.375, 6.536777410928555e-24, nan 
140.625, 52.375, 4.039212716702874e-24, nan 
140.875, 52.375, 2.584017985538999e-24, nan 
141.125, 52.375, 4.1544589649330945e-24, nan 
141.375, 52.375, 4.617507875899393e-24, nan 
141.625, 52.375, 4.711388457594311e-24, nan 
63.125, 52.625, 2.0009218699119725e-24, nan 
63.375, 52.625, 1.1168703822419557e-23, nan 
63.625, 52.625, 1.0937400563960528e-23, nan 
63.875, 52.625, 6.651909039439445e-24, nan 
64.125, 52.625, 9.613313159881394e-24, nan 
64.375, 52.625, 5.537887914323044e-24, nan 
64.625, 52.625, 5.0412532344335946e-24, nan 
64.875, 52.625, 5.533150700514639e-24, nan 
65.125, 52.625, 4.118782438913506e-24, nan 
65.375, 52.625, 3.241393588137844e-24, nan 
65.625, 52.625, 3.028862989481364e-24, nan 
65.875, 52.625, 8.438506066233824e-24, nan 
66.125, 52.625, 1.5485391746429505e-23, nan 
66.375, 52.625, 1.2620996148082016e-23, nan 
66.625, 52.625, 1.804268764726823e-23, nan 
66.875, 52.625, 2.3610655118117715e-23, nan 
67.125, 52.625, 1.903098273006076e-23, nan 
67.375, 52.625, 2.0801375294023547e-23, nan 
67.625, 52.625, 1.5950223903978866e-23, nan 
67.875, 52.625, 1.69134875248306e-23, nan 
68.125, 52.625, 1.2470639266268763e-23, nan 
68.375, 52.625, 1.0987457842408315e-23, nan 
68.625, 52.625, 1.0419343643120563e-23, nan 
68.875, 52.625, 9.696024991838665e-24, nan 
69.125, 52.625, 8.650739921897635e-24, nan 
69.375, 52.625, 5.396201803396959e-24, nan 
69.625, 52.625, 6.0817977831637755e-24, nan 
69.875, 52.625, 6.802731301838994e-24, nan 
70.125, 52.625, 8.698711736927363e-24, nan 
70.375, 52.625, 9.409034452016022e-24, nan 
70.625, 52.625, 1.1695991686185097e-23, nan 
70.875, 52.625, 1.2873665637633089e-23, nan 
71.125, 52.625, 9.358167634761049e-24, nan 
71.375, 52.625, 1.754353564939466e-23, nan 
71.625, 52.625, 2.392738032421314e-23, nan 
71.875, 52.625, 2.205411321706589e-23, nan 
72.125, 52.625, 1.1775502536638419e-23, nan 
72.375, 52.625, 1.821520399061951e-23, nan 
72.625, 52.625, 1.9587024102203477e-23, nan 
72.875, 52.625, 1.7673768392106798e-23, nan 
73.125, 52.625, 2.967465931241303e-23, nan 
73.375, 52.625, 4.4362703982502236e-23, nan 
73.625, 52.625, 2.833847047619239e-23, nan 
73.875, 52.625, 3.877023328536892e-23, nan 
74.125, 52.625, 4.2070826485017515e-23, nan 
74.375, 52.625, 3.5110925584978665e-23, nan 
74.625, 52.625, 3.8493365756376464e-23, nan 
74.875, 52.625, 3.0771546443725624e-23, nan 
75.125, 52.625, 3.1796373797883333e-23, nan 
75.375, 52.625, 4.4270839936531406e-23, nan 
75.625, 52.625, 6.053111931406016e-23, nan 
75.875, 52.625, 6.174758213868935e-23, nan 
76.125, 52.625, 4.379245805720719e-23, nan 
76.375, 52.625, 1.6407502908656734e-23, nan 
76.625, 52.625, 1.8837781766636777e-23, nan 
76.875, 52.625, 1.8727194995078087e-23, nan 
77.125, 52.625, 2.140730545089055e-23, nan 
77.375, 52.625, 2.4374142103582062e-23, nan 
77.625, 52.625, 3.3449609818846874e-23, nan 
77.875, 52.625, 3.0858303962495973e-23, nan 
78.125, 52.625, 2.1195375068213922e-23, nan 
78.375, 52.625, 2.1918531879662844e-23, nan 
78.625, 52.625, 2.3369262264073445e-23, nan 
78.875, 52.625, 3.742951764100877e-23, nan 
79.125, 52.625, 2.818398781390045e-23, nan 
79.375, 52.625, 3.883248018648477e-23, nan 
79.625, 52.625, 4.438066304626988e-23, nan 
79.875, 52.625, 4.466217761407295e-23, nan 
80.125, 52.625, 3.5193247569498176e-23, nan 
80.375, 52.625, 2.2189145576340466e-23, nan 
80.625, 52.625, 4.5374479648905275e-23, nan 
80.875, 52.625, 5.705588504554317e-23, nan 
81.125, 52.625, 3.131412881033678e-23, nan 
81.375, 52.625, 3.6603802279463963e-23, nan 
81.625, 52.625, 3.364714073699989e-23, nan 
81.875, 52.625, 3.127693520174177e-23, nan 
82.125, 52.625, 3.162648109001532e-23, nan 
82.375, 52.625, 3.290469592046674e-23, nan 
82.625, 52.625, 5.0512990788580704e-23, nan 
82.875, 52.625, 4.39913763892342e-23, nan 
83.125, 52.625, 3.662337723223335e-23, nan 
83.375, 52.625, 4.574979847439294e-23, nan 
83.625, 52.625, 3.948108756752141e-23, nan 
83.875, 52.625, 3.067399704699884e-23, nan 
84.125, 52.625, 3.5308730863262963e-23, nan 
84.375, 52.625, 3.927390976350592e-23, nan 
84.625, 52.625, 5.112500096612989e-23, nan 
84.875, 52.625, 7.275302194716724e-23, nan 
85.125, 52.625, 5.378365926004614e-23, nan 
85.375, 52.625, 2.7313310802017615e-23, nan 
85.625, 52.625, 7.36821088951319e-23, nan 
85.875, 52.625, 6.680749098257241e-23, nan 
86.125, 52.625, 2.966963501943479e-23, nan 
86.375, 52.625, 2.886019854692945e-23, nan 
86.625, 52.625, 3.4392590518224763e-23, nan 
86.875, 52.625, 4.002226811906402e-23, nan 
87.125, 52.625, 3.3266955030086495e-23, nan 
87.375, 52.625, 4.857832338374285e-23, nan 
87.625, 52.625, 4.916811139445546e-23, nan 
87.875, 52.625, 8.119712136712374e-23, nan 
88.125, 52.625, 1.1266352274986863e-22, nan 
88.375, 52.625, 2.3178288096025416e-22, nan 
88.625, 52.625, 2.210638915626621e-22, nan 
88.875, 52.625, 3.904825826528037e-23, nan 
89.125, 52.625, 3.6594985255083575e-23, nan 
89.375, 52.625, 6.464509634859521e-23, nan 
89.625, 52.625, 6.806769019959872e-23, nan 
89.875, 52.625, 8.902136999577399e-23, nan 
90.125, 52.625, 9.191777612548371e-23, nan 
90.375, 52.625, 5.720581187261064e-23, nan 
90.625, 52.625, 5.178649999262847e-23, nan 
90.875, 52.625, 5.444553091049895e-23, nan 
91.125, 52.625, 7.527935538332877e-23, nan 
91.375, 52.625, 8.604692411688366e-23, nan 
91.625, 52.625, 6.270077152937884e-23, nan 
91.875, 52.625, 2.787249373007435e-23, nan 
92.125, 52.625, 5.717292283200367e-23, nan 
92.375, 52.625, 8.414191012819071e-23, nan 
92.625, 52.625, 6.807616739909775e-23, nan 
92.875, 52.625, 2.307247565137909e-23, nan 
93.125, 52.625, 8.334331341492859e-23, nan 
93.375, 52.625, 9.943946950684137e-23, nan 
93.625, 52.625, 7.482936584651485e-23, nan 
93.875, 52.625, 6.481760448291889e-23, nan 
94.125, 52.625, 6.215814249155692e-23, nan 
94.375, 52.625, 6.630056900537364e-23, nan 
94.625, 52.625, 5.912217140169215e-23, nan 
94.875, 52.625, 4.030004291451721e-23, nan 
95.125, 52.625, 3.7693470576365374e-23, nan 
95.375, 52.625, 6.636444724100142e-23, nan 
95.625, 52.625, 7.400178772970396e-23, nan 
95.875, 52.625, 8.026046505015669e-23, nan 
96.125, 52.625, 1.1711696747267497e-22, nan 
96.375, 52.625, 1.4583574614282795e-22, nan 
96.625, 52.625, 7.345923193844237e-23, nan 
96.875, 52.625, 6.551115763725927e-23, nan 
97.125, 52.625, 8.293209073391064e-23, nan 
97.375, 52.625, 8.652148875849188e-23, nan 
97.625, 52.625, 6.938515992034365e-23, nan 
97.875, 52.625, 4.895049001791717e-23, nan 
98.125, 52.625, 9.199820080941233e-23, nan 
98.375, 52.625, 9.146468557488153e-23, nan 
98.625, 52.625, 7.60457034945991e-23, nan 
98.875, 52.625, 1.0226886584427439e-22, nan 
99.125, 52.625, 9.03742444511152e-23, nan 
99.375, 52.625, 7.208638881982371e-23, nan 
99.625, 52.625, 6.509107614103705e-23, nan 
99.875, 52.625, 8.525550500289764e-23, nan 
100.125, 52.625, 8.271453640067057e-23, nan 
100.375, 52.625, 7.862805872026516e-23, nan 
100.625, 52.625, 1.256981033040715e-22, nan 
100.875, 52.625, 1.0341518396574622e-22, nan 
101.125, 52.625, 5.783694843428398e-23, nan 
101.375, 52.625, 1.0413755511298643e-22, nan 
101.625, 52.625, 1.9554365766663862e-22, nan 
101.875, 52.625, 1.4764961217726274e-22, nan 
102.125, 52.625, 6.463576933289466e-23, nan 
102.375, 52.625, 7.097170551843077e-23, nan 
102.625, 52.625, 6.125417999343738e-23, nan 
102.875, 52.625, 8.493902845759646e-23, nan 
103.125, 52.625, 1.075482377688654e-22, nan 
103.375, 52.625, 8.951299787782188e-23, nan 
103.625, 52.625, 1.3324599822157347e-22, nan 
103.875, 52.625, 1.4701022727748936e-22, nan 
104.125, 52.625, 3.72433250910305e-22, nan 
104.375, 52.625, 6.188675061974908e-22, nan 
104.625, 52.625, 3.937751624350223e-22, nan 
104.875, 52.625, 1.351625569105144e-22, nan 
105.125, 52.625, 5.585459086500609e-23, nan 
105.375, 52.625, 1.2461769004458658e-22, nan 
105.625, 52.625, 1.5746099666874558e-22, nan 
105.875, 52.625, 1.4540961390037564e-22, nan 
106.125, 52.625, 8.501116733497683e-23, nan 
106.375, 52.625, 9.868332278058483e-23, nan 
106.625, 52.625, 9.6031458866897e-23, nan 
106.875, 52.625, 5.2071486008790616e-23, nan 
107.125, 52.625, 5.470534654270247e-23, nan 
107.375, 52.625, 7.974777816448631e-23, nan 
107.625, 52.625, 7.983553550065374e-23, nan 
107.875, 52.625, 7.186642596551041e-23, nan 
108.125, 52.625, 5.0998916217792815e-23, nan 
108.375, 52.625, 5.794652990389189e-23, nan 
108.625, 52.625, 7.10446388373006e-23, nan 
108.875, 52.625, 6.134975028852586e-23, nan 
109.125, 52.625, 8.027537968190254e-23, nan 
109.375, 52.625, 8.294156681248143e-23, nan 
109.625, 52.625, 7.207003628934307e-23, nan 
109.875, 52.625, 4.7609716675402976e-23, nan 
110.125, 52.625, 4.102983724189299e-23, nan 
110.375, 52.625, 5.986611724890298e-23, nan 
110.625, 52.625, 5.783125092533048e-23, nan 
110.875, 52.625, 7.041121826269244e-23, nan 
111.125, 52.625, 6.979848662312356e-23, nan 
111.375, 52.625, 6.997959846878838e-23, nan 
111.625, 52.625, 8.225615513660063e-23, nan 
111.875, 52.625, 8.102212499606724e-23, nan 
112.125, 52.625, 4.6962020041508785e-23, nan 
112.375, 52.625, 4.9633850437324196e-23, nan 
112.625, 52.625, 8.156311115491185e-23, nan 
112.875, 52.625, 8.706831564402297e-23, nan 
113.125, 52.625, 6.603492634988198e-23, nan 
113.375, 52.625, 7.110501883816011e-23, nan 
113.625, 52.625, 1.0877853430121562e-22, nan 
113.875, 52.625, 7.528562705477303e-23, nan 
114.125, 52.625, 6.834412533439007e-23, nan 
114.375, 52.625, 6.560332787230311e-23, nan 
114.625, 52.625, 5.92684786421904e-23, nan 
114.875, 52.625, 7.169505964501774e-23, nan 
115.125, 52.625, 1.380194373370678e-22, nan 
115.375, 52.625, 9.09034571188744e-23, nan 
115.625, 52.625, 6.740485733368373e-23, nan 
115.875, 52.625, 7.081186151757411e-23, nan 
116.125, 52.625, 4.625127664054289e-23, nan 
116.375, 52.625, 5.533233274113694e-23, nan 
116.625, 52.625, 6.679467798829045e-23, nan 
116.875, 52.625, 4.965982201484609e-23, nan 
117.125, 52.625, 7.999499715413033e-23, nan 
117.375, 52.625, 8.863891908555558e-23, nan 
117.625, 52.625, 4.022875815777877e-23, nan 
117.875, 52.625, 3.376985530702368e-23, nan 
118.125, 52.625, 3.0264285909993035e-23, nan 
118.375, 52.625, 1.7808632108567735e-23, nan 
118.625, 52.625, 2.3386116235244647e-23, nan 
118.875, 52.625, 5.87735117981435e-23, nan 
119.125, 52.625, 8.216416639173594e-23, nan 
119.375, 52.625, 5.938453589432116e-23, nan 
119.625, 52.625, 1.788955600324275e-23, nan 
119.875, 52.625, 1.3237061618341298e-23, nan 
120.125, 52.625, 1.1772593973020384e-23, nan 
120.375, 52.625, 1.3988198902370147e-23, nan 
120.625, 52.625, 2.6221747760833007e-23, nan 
120.875, 52.625, 2.780613985597011e-23, nan 
121.125, 52.625, 2.878034744792145e-23, nan 
121.375, 52.625, 2.4429541691894168e-23, nan 
121.625, 52.625, 8.341520211314488e-23, nan 
121.875, 52.625, 7.913957526126562e-23, nan 
122.125, 52.625, 2.4346094693339028e-23, nan 
122.375, 52.625, 2.1715132897001145e-23, nan 
122.625, 52.625, 1.8105282710630024e-23, nan 
122.875, 52.625, 1.4244769992009308e-23, nan 
123.125, 52.625, 1.9159343254385914e-23, nan 
123.375, 52.625, 4.250808468773635e-23, nan 
123.625, 52.625, 3.68547087922434e-23, nan 
123.875, 52.625, 1.2198202289881778e-23, nan 
124.125, 52.625, 1.8541823664636596e-23, nan 
124.375, 52.625, 3.806194718113565e-23, nan 
124.625, 52.625, 3.547235841789645e-23, nan 
124.875, 52.625, 4.1291207577759685e-23, nan 
125.125, 52.625, 5.116139699026206e-23, nan 
125.375, 52.625, 5.519877373307527e-23, nan 
125.625, 52.625, 4.2563495094995696e-23, nan 
125.875, 52.625, 2.0648960488689235e-23, nan 
126.125, 52.625, 2.847856955882791e-23, nan 
126.375, 52.625, 3.5091992306430656e-23, nan 
126.625, 52.625, 3.038521766026231e-23, nan 
126.875, 52.625, 1.9264475721972993e-23, nan 
127.125, 52.625, 1.2263643589773592e-23, nan 
127.375, 52.625, 1.5969987331733483e-23, nan 
127.625, 52.625, 1.2090826685929763e-23, nan 
127.875, 52.625, 1.0349369640118219e-23, nan 
128.125, 52.625, 1.4177123430593085e-23, nan 
128.375, 52.625, 2.5895143744698225e-23, nan 
128.625, 52.625, 2.6035258020571564e-23, nan 
128.875, 52.625, 1.8084977197994447e-23, nan 
129.125, 52.625, 2.670107341752882e-23, nan 
129.375, 52.625, 1.8796627667308486e-23, nan 
129.625, 52.625, 1.468000368869015e-23, nan 
129.875, 52.625, 1.361849205260501e-23, nan 
130.125, 52.625, 1.4517371455914152e-23, nan 
130.375, 52.625, 1.399927867395805e-23, nan 
130.625, 52.625, 1.7345747315499764e-23, nan 
130.875, 52.625, 2.0979518177160505e-23, nan 
131.125, 52.625, 6.834569766528716e-23, nan 
131.375, 52.625, 6.285868602402757e-23, nan 
131.625, 52.625, 2.329033700665046e-23, nan 
131.875, 52.625, 1.8467430328774995e-23, nan 
132.125, 52.625, 1.1415059290270585e-23, nan 
132.375, 52.625, 1.0690416815897717e-23, nan 
132.625, 52.625, 1.394485646789852e-23, nan 
132.875, 52.625, 1.2783806847727832e-23, nan 
133.125, 52.625, 3.685625052012393e-24, nan 
133.375, 52.625, 3.401960914833749e-24, nan 
133.625, 52.625, 7.24068382310979e-24, nan 
133.875, 52.625, 7.778512360660187e-24, nan 
134.125, 52.625, 4.649512777560154e-24, nan 
134.375, 52.625, 6.4679209060674124e-24, nan 
134.625, 52.625, 8.64469936169003e-24, nan 
134.875, 52.625, 8.178196231999942e-24, nan 
135.125, 52.625, 9.441526164928671e-24, nan 
135.375, 52.625, 7.543719387176886e-24, nan 
135.625, 52.625, 4.376340908068024e-24, nan 
135.875, 52.625, 6.647130746934527e-24, nan 
136.125, 52.625, 6.616078959811964e-24, nan 
136.375, 52.625, 2.710606797188163e-24, nan 
136.625, 52.625, 5.9869632657848365e-24, nan 
136.875, 52.625, 6.303186651911979e-24, nan 
137.125, 52.625, 9.519581456796325e-24, nan 
137.375, 52.625, 1.1084072882262172e-23, nan 
137.625, 52.625, 9.369745884188713e-24, nan 
137.875, 52.625, 7.413486312020563e-24, nan 
138.125, 52.625, 5.823673504771458e-24, nan 
138.375, 52.625, 5.617420808517722e-24, nan 
138.625, 52.625, 7.551615782752676e-24, nan 
138.875, 52.625, 4.877558476660571e-24, nan 
139.125, 52.625, 6.86390106060199e-24, nan 
139.375, 52.625, 1.0542177643912577e-23, nan 
139.625, 52.625, 1.214324293976149e-23, nan 
139.875, 52.625, 9.318821089659343e-24, nan 
140.125, 52.625, 5.653385119690843e-24, nan 
140.375, 52.625, 2.9640283246575873e-24, nan 
140.625, 52.625, 1.9844797771532385e-24, nan 
140.875, 52.625, 1.8895752738679598e-24, nan 
141.125, 52.625, 2.4944675638538602e-24, nan 
141.375, 52.625, 2.4200761719546955e-24, nan 
141.625, 52.625, 5.707100684878063e-24, nan 
141.875, 52.625, 5.443279400920738e-24, nan 
142.125, 52.625, 3.630033975298085e-24, nan 
142.375, 52.625, 4.163815085445372e-24, nan 
142.625, 52.625, 4.0207273283279504e-24, nan 
142.875, 52.625, 5.986816239154608e-24, nan 
62.125, 52.875, 1.462689602811055e-23, nan 
62.375, 52.875, 2.928265728473057e-24, nan 
62.625, 52.875, 4.168346455074609e-24, nan 
62.875, 52.875, 4.415146360968154e-24, nan 
63.125, 52.875, 5.3989334492624084e-24, nan 
63.375, 52.875, 1.3450581423304804e-23, nan 
63.625, 52.875, 1.4529345427215943e-23, nan 
63.875, 52.875, 1.095924162355538e-23, nan 
64.125, 52.875, 8.253341998530595e-24, nan 
64.375, 52.875, 5.3420651792537986e-24, nan 
64.625, 52.875, 3.0641812229792218e-24, nan 
64.875, 52.875, 3.1795634405954134e-24, nan 
65.125, 52.875, 2.702164443360655e-24, nan 
65.375, 52.875, 2.3091570284355334e-24, nan 
65.625, 52.875, 1.2798473072278485e-23, nan 
65.875, 52.875, 1.6734750000525193e-23, nan 
66.125, 52.875, 1.3147488504268676e-23, nan 
66.375, 52.875, 6.0632850371204714e-24, nan 
66.625, 52.875, 6.967497248616106e-24, nan 
66.875, 52.875, 2.0100014092923757e-23, nan 
67.125, 52.875, 2.1868442493736347e-23, nan 
67.375, 52.875, 1.7539063464901948e-23, nan 
67.625, 52.875, 1.4568570556794824e-23, nan 
67.875, 52.875, 1.2226895743165858e-23, nan 
68.125, 52.875, 9.934959941368557e-24, nan 
68.375, 52.875, 1.0951172090909453e-23, nan 
68.625, 52.875, 9.859663584949001e-24, nan 
68.875, 52.875, 8.837574499860298e-24, nan 
69.125, 52.875, 8.796841683828352e-24, nan 
69.375, 52.875, 7.183782401220012e-24, nan 
69.625, 52.875, 3.723102948638256e-24, nan 
69.875, 52.875, 9.275860605786267e-24, nan 
70.125, 52.875, 1.2473395609844197e-23, nan 
70.375, 52.875, 1.4020816139934536e-23, nan 
70.625, 52.875, 1.44713959047509e-23, nan 
70.875, 52.875, 1.4006468179507382e-23, nan 
71.125, 52.875, 2.411297921425747e-23, nan 
71.375, 52.875, 2.5945062558100093e-23, nan 
71.625, 52.875, 2.3907084359800233e-23, nan 
71.875, 52.875, 2.4124588966911368e-23, nan 
72.125, 52.875, 3.738334866890053e-23, nan 
72.375, 52.875, 3.9809089652282247e-23, nan 
72.625, 52.875, 1.6914123888676702e-23, nan 
72.875, 52.875, 2.3972256283157233e-23, nan 
73.125, 52.875, 2.2613719366104378e-23, nan 
73.375, 52.875, 3.020461153296199e-23, nan 
73.625, 52.875, 3.559060104356562e-23, nan 
73.875, 52.875, 3.338442941355432e-23, nan 
74.125, 52.875, 2.2401559221783116e-23, nan 
74.375, 52.875, 2.995655568269871e-23, nan 
74.625, 52.875, 4.062371566280671e-23, nan 
74.875, 52.875, 3.5570655558618354e-23, nan 
75.125, 52.875, 4.4371233635924373e-23, nan 
75.375, 52.875, 4.44698003006318e-23, nan 
75.625, 52.875, 3.4945534700617413e-23, nan 
75.875, 52.875, 3.357796373199102e-23, nan 
76.125, 52.875, 4.6310812038095773e-23, nan 
76.375, 52.875, 3.479154159194041e-23, nan 
76.625, 52.875, 2.485932457177584e-23, nan 
76.875, 52.875, 1.815076623033372e-23, nan 
77.125, 52.875, 2.1337036852519813e-23, nan 
77.375, 52.875, 1.456577795685382e-23, nan 
77.625, 52.875, 2.5202026482311203e-23, nan 
77.875, 52.875, 3.9529206897220237e-23, nan 
78.125, 52.875, 3.9525919264890513e-23, nan 
78.375, 52.875, 4.38657023314671e-23, nan 
78.625, 52.875, 1.98165982221699e-23, nan 
78.875, 52.875, 1.524012623880227e-23, nan 
79.125, 52.875, 2.4387713347819237e-23, nan 
79.375, 52.875, 5.042347211580712e-23, nan 
79.625, 52.875, 6.642601663040439e-23, nan 
79.875, 52.875, 5.411252794449946e-23, nan 
80.125, 52.875, 3.0583274462069663e-23, nan 
80.375, 52.875, 9.822494052792023e-24, nan 
80.625, 52.875, 6.736498294852862e-24, nan 
80.875, 52.875, 2.887599180940506e-23, nan 
81.125, 52.875, 3.720687652892172e-23, nan 
81.375, 52.875, 5.205664368809631e-23, nan 
81.625, 52.875, 5.32574987243228e-23, nan 
81.875, 52.875, 3.8466711664214794e-23, nan 
82.125, 52.875, 3.133717611132935e-23, nan 
82.375, 52.875, 5.1188823610528056e-23, nan 
82.625, 52.875, 5.449694325440199e-23, nan 
82.875, 52.875, 5.130766783838638e-23, nan 
83.125, 52.875, 5.0172757074381933e-23, nan 
83.375, 52.875, 1.3371658307940067e-23, nan 
83.625, 52.875, 3.5689125140258916e-23, nan 
83.875, 52.875, 4.073690465892292e-23, nan 
84.125, 52.875, 3.8860675058460025e-23, nan 
84.375, 52.875, 4.4252341445812936e-23, nan 
84.625, 52.875, 4.364159667879124e-23, nan 
84.875, 52.875, 4.277985617559046e-23, nan 
85.125, 52.875, 1.4023347130768467e-23, nan 
85.375, 52.875, 2.5562213394322506e-23, nan 
85.625, 52.875, 8.350560831602086e-23, nan 
85.875, 52.875, 9.510219436968236e-23, nan 
86.125, 52.875, 5.978654659162522e-23, nan 
86.375, 52.875, 3.8755497264448455e-23, nan 
86.625, 52.875, 4.119164811322566e-23, nan 
86.875, 52.875, 4.4855354828257255e-23, nan 
87.125, 52.875, 5.556734578976553e-23, nan 
87.375, 52.875, 1.0470360479085917e-22, nan 
87.625, 52.875, 1.786248977985135e-22, nan 
87.875, 52.875, 1.5955498561536022e-22, nan 
88.125, 52.875, 1.5211185341026357e-22, nan 
88.375, 52.875, 1.8409322388617723e-22, nan 
88.625, 52.875, 8.587522446402255e-23, nan 
88.875, 52.875, 8.572622423882585e-23, nan 
89.125, 52.875, 6.617483217855847e-23, nan 
89.375, 52.875, 7.647446550812205e-23, nan 
89.625, 52.875, 5.708639884330675e-23, nan 
89.875, 52.875, 6.813575403240799e-23, nan 
90.125, 52.875, 7.236864203394839e-23, nan 
90.375, 52.875, 6.867694282120904e-23, nan 
90.625, 52.875, 8.438665645975489e-23, nan 
90.875, 52.875, 7.880461558261764e-23, nan 
91.125, 52.875, 7.321688983319991e-23, nan 
91.375, 52.875, 7.154275332761011e-23, nan 
91.625, 52.875, 8.268008520185563e-23, nan 
91.875, 52.875, 4.323845616311172e-23, nan 
92.125, 52.875, 6.192612425092717e-23, nan 
92.375, 52.875, 6.506984779332587e-23, nan 
92.625, 52.875, 7.320527185069747e-23, nan 
92.875, 52.875, 8.110210597821946e-23, nan 
93.125, 52.875, 8.638329398398425e-23, nan 
93.375, 52.875, 8.885794420781002e-23, nan 
93.625, 52.875, 9.480842921830531e-23, nan 
93.875, 52.875, 1.058716948816709e-22, nan 
94.125, 52.875, 1.0286238366500499e-22, nan 
94.375, 52.875, 8.097818070792493e-23, nan 
94.625, 52.875, 6.093034277363801e-23, nan 
94.875, 52.875, 6.145071094615423e-23, nan 
95.125, 52.875, 4.0022713436166174e-23, nan 
95.375, 52.875, 3.878263517437069e-23, nan 
95.625, 52.875, 8.40929082366515e-23, nan 
95.875, 52.875, 5.891351610955664e-23, nan 
96.125, 52.875, 4.7550819702292493e-23, nan 
96.375, 52.875, 1.7022094178275764e-22, nan 
96.625, 52.875, 1.6950375476809805e-22, nan 
96.875, 52.875, 1.1121964225957052e-22, nan 
97.125, 52.875, 1.3737554997451187e-22, nan 
97.375, 52.875, 1.464535630337482e-22, nan 
97.625, 52.875, 7.925922319698273e-23, nan 
97.875, 52.875, 3.443378035639009e-23, nan 
98.125, 52.875, 8.28628316542846e-23, nan 
98.375, 52.875, 1.1385127476258088e-22, nan 
98.625, 52.875, 1.0523497835731633e-22, nan 
98.875, 52.875, 1.3101968026880958e-22, nan 
99.125, 52.875, 1.0360975025067783e-22, nan 
99.375, 52.875, 1.0940275648885317e-22, nan 
99.625, 52.875, 9.026271539591458e-23, nan 
99.875, 52.875, 9.259804765458558e-23, nan 
100.125, 52.875, 1.2540261521094936e-22, nan 
100.375, 52.875, 4.080214569364613e-23, nan 
100.625, 52.875, 1.2189294025419946e-23, nan 
100.875, 52.875, 9.145042218557378e-23, nan 
101.125, 52.875, 1.7467051604525008e-22, nan 
101.375, 52.875, 1.9800873883400117e-22, nan 
101.625, 52.875, 3.1131785251752394e-22, nan 
101.875, 52.875, 3.319259512779989e-22, nan 
102.125, 52.875, 6.661611107035914e-23, nan 
102.375, 52.875, 5.245790311060472e-23, nan 
102.625, 52.875, 4.487941556548851e-23, nan 
102.875, 52.875, 7.047876806472242e-23, nan 
103.125, 52.875, 1.1548523199816131e-22, nan 
103.375, 52.875, 1.1924697140322648e-22, nan 
103.625, 52.875, 1.1493486635492404e-22, nan 
103.875, 52.875, 8.831796273037972e-23, nan 
104.125, 52.875, 1.6200171000374343e-22, nan 
104.375, 52.875, 2.317019968973779e-22, nan 
104.625, 52.875, 1.0771252310348265e-22, nan 
104.875, 52.875, 9.674037844204905e-23, nan 
105.125, 52.875, 7.31944483856287e-23, nan 
105.375, 52.875, 9.576952577293349e-23, nan 
105.625, 52.875, 1.1648157657195797e-22, nan 
105.875, 52.875, 1.3712040439147856e-22, nan 
106.125, 52.875, 1.1680598834169007e-22, nan 
106.375, 52.875, 8.0247901717873e-23, nan 
106.625, 52.875, 1.0177619566934247e-22, nan 
106.875, 52.875, 9.37929145500877e-23, nan 
107.125, 52.875, 8.610018550788762e-23, nan 
107.375, 52.875, 7.673781830030976e-23, nan 
107.625, 52.875, 5.626615779999948e-23, nan 
107.875, 52.875, 6.884490711861722e-23, nan 
108.125, 52.875, 5.0442760348796234e-23, nan 
108.375, 52.875, 5.308567465280373e-23, nan 
108.625, 52.875, 4.7517623232796433e-23, nan 
108.875, 52.875, 6.526667428964532e-23, nan 
109.125, 52.875, 7.491901078729059e-23, nan 
109.375, 52.875, 7.111367322225442e-23, nan 
109.625, 52.875, 7.57497942397794e-23, nan 
109.875, 52.875, 5.44596793872035e-23, nan 
110.125, 52.875, 8.234227611846314e-23, nan 
110.375, 52.875, 6.790563297431524e-23, nan 
110.625, 52.875, 9.876341655298952e-23, nan 
110.875, 52.875, 9.229780654344268e-23, nan 
111.125, 52.875, 7.602975477929519e-23, nan 
111.375, 52.875, 5.949983466092327e-23, nan 
111.625, 52.875, 3.614405711398139e-23, nan 
111.875, 52.875, 8.191511808627194e-23, nan 
112.125, 52.875, 7.187879709955206e-23, nan 
112.375, 52.875, 5.37454538717704e-23, nan 
112.625, 52.875, 6.040072902478186e-23, nan 
112.875, 52.875, 9.569337505043508e-23, nan 
113.125, 52.875, 1.0565152950592561e-22, nan 
113.375, 52.875, 4.186689708132813e-23, nan 
113.625, 52.875, 4.5502039480652476e-23, nan 
113.875, 52.875, 9.075330794637693e-23, nan 
114.125, 52.875, 8.949664982972178e-23, nan 
114.375, 52.875, 4.921109462031941e-23, nan 
114.625, 52.875, 9.147669917129272e-23, nan 
114.875, 52.875, 1.3099154347492102e-22, nan 
115.125, 52.875, 1.65937756077566e-22, nan 
115.375, 52.875, 6.699718796581817e-23, nan 
115.625, 52.875, 4.6561596478926125e-23, nan 
115.875, 52.875, 4.308382079677852e-23, nan 
116.125, 52.875, 4.525549535466151e-23, nan 
116.375, 52.875, 4.5840322752482835e-23, nan 
116.625, 52.875, 4.8034940562607037e-23, nan 
116.875, 52.875, 4.328387779773697e-23, nan 
117.125, 52.875, 4.5338479130426073e-23, nan 
117.375, 52.875, 7.646274830431478e-23, nan 
117.625, 52.875, 5.531596127159727e-23, nan 
117.875, 52.875, 1.8559173157398666e-23, nan 
118.125, 52.875, 2.9092557069635125e-23, nan 
118.375, 52.875, 3.450594520429244e-23, nan 
118.625, 52.875, 3.1659315382239063e-23, nan 
118.875, 52.875, 3.352335763667888e-23, nan 
119.125, 52.875, 7.4390626698112e-23, nan 
119.375, 52.875, 7.771966814873634e-23, nan 
119.625, 52.875, 3.0779778449231413e-23, nan 
119.875, 52.875, 1.8817784315980825e-23, nan 
120.125, 52.875, 1.3506739869599516e-23, nan 
120.375, 52.875, 1.6754356439655015e-23, nan 
120.625, 52.875, 2.0946159369712597e-23, nan 
120.875, 52.875, 1.9870813291342854e-23, nan 
121.125, 52.875, 3.316576796085046e-23, nan 
121.375, 52.875, 3.6263170907099985e-23, nan 
121.625, 52.875, 3.172727055099247e-23, nan 
121.875, 52.875, 7.94609922705751e-23, nan 
122.125, 52.875, 6.599068998135433e-23, nan 
122.375, 52.875, 2.364320693423456e-23, nan 
122.625, 52.875, 2.025610406176282e-23, nan 
122.875, 52.875, 2.869366337812315e-23, nan 
123.125, 52.875, 2.4988477041630263e-23, nan 
123.375, 52.875, 1.677048677294252e-23, nan 
123.625, 52.875, 1.691007208489241e-23, nan 
123.875, 52.875, 1.586764058181885e-23, nan 
124.125, 52.875, 5.03084064066096e-23, nan 
124.375, 52.875, 6.227334996857025e-23, nan 
124.625, 52.875, 5.785050488531796e-23, nan 
124.875, 52.875, 5.823298481549973e-23, nan 
125.125, 52.875, 5.299951301255363e-23, nan 
125.375, 52.875, 3.824282074045953e-23, nan 
125.625, 52.875, 4.6561099271952296e-23, nan 
125.875, 52.875, 3.526162287603258e-23, nan 
126.125, 52.875, 3.382080796091811e-23, nan 
126.375, 52.875, 5.657517342415543e-23, nan 
126.625, 52.875, 5.423515528691738e-23, nan 
126.875, 52.875, 1.4055307823467815e-23, nan 
127.125, 52.875, 1.2197983519565093e-23, nan 
127.375, 52.875, 1.492008373370236e-23, nan 
127.625, 52.875, 1.7185868611217684e-23, nan 
127.875, 52.875, 1.366859565782886e-23, nan 
128.125, 52.875, 8.663392944184954e-24, nan 
128.375, 52.875, 1.5796329437739065e-23, nan 
128.625, 52.875, 2.0400249961978124e-23, nan 
128.875, 52.875, 1.2046989620277389e-23, nan 
129.125, 52.875, 1.3128124361041099e-23, nan 
129.375, 52.875, 5.26842594683816e-24, nan 
129.625, 52.875, 8.973076917640206e-24, nan 
129.875, 52.875, 1.336192815529031e-23, nan 
130.125, 52.875, 1.0756574462175573e-23, nan 
130.375, 52.875, 1.0683461574527956e-23, nan 
130.625, 52.875, 1.344389061667999e-23, nan 
130.875, 52.875, 1.9965800804744957e-23, nan 
131.125, 52.875, 2.0839199043443403e-23, nan 
131.375, 52.875, 5.107695456246885e-23, nan 
131.625, 52.875, 4.624221296009328e-23, nan 
131.875, 52.875, 7.86930265046829e-24, nan 
132.125, 52.875, 1.1294267905694537e-23, nan 
132.375, 52.875, 1.0582717063570248e-23, nan 
132.625, 52.875, 7.488171952433145e-24, nan 
132.875, 52.875, 9.870068566252014e-24, nan 
133.125, 52.875, 7.409028755371891e-24, nan 
133.375, 52.875, 5.767915807850074e-24, nan 
133.625, 52.875, 4.5731765346445526e-24, nan 
133.875, 52.875, 6.0732915767100974e-24, nan 
134.125, 52.875, 6.3168921404511975e-24, nan 
134.375, 52.875, 7.419149395436731e-24, nan 
134.625, 52.875, 1.3487682255750104e-23, nan 
134.875, 52.875, 1.235815147307455e-23, nan 
135.125, 52.875, 1.1489098834206309e-23, nan 
135.375, 52.875, 1.3132902848920751e-23, nan 
135.625, 52.875, 5.7455228439834935e-24, nan 
135.875, 52.875, 2.744885179010491e-24, nan 
136.125, 52.875, 6.24622891917956e-24, nan 
136.375, 52.875, 6.795008782480261e-24, nan 
136.625, 52.875, 5.832487376616588e-24, nan 
136.875, 52.875, 5.1557329408337765e-24, nan 
137.125, 52.875, 1.1123353779223845e-23, nan 
137.375, 52.875, 1.554725865272563e-23, nan 
137.625, 52.875, 1.2411308943971295e-23, nan 
137.875, 52.875, 9.044254775943332e-24, nan 
138.125, 52.875, 1.0239639470639668e-23, nan 
138.375, 52.875, 1.3004408772362344e-23, nan 
138.625, 52.875, 1.396754646664315e-23, nan 
138.875, 52.875, 7.050233651861766e-24, nan 
139.125, 52.875, 4.663884524175554e-24, nan 
139.375, 52.875, 7.462625197629289e-24, nan 
139.625, 52.875, 1.4994426821843897e-23, nan 
139.875, 52.875, 1.380365259834935e-23, nan 
140.125, 52.875, 7.037388823525275e-24, nan 
140.375, 52.875, 3.1074385776461934e-24, nan 
140.625, 52.875, 2.1930584759727873e-24, nan 
140.875, 52.875, 1.5330411578219408e-24, nan 
141.125, 52.875, 2.1601555711728183e-24, nan 
141.375, 52.875, 3.0337456207454028e-24, nan 
141.625, 52.875, 3.6186502791494624e-24, nan 
141.875, 52.875, 5.095687061035753e-24, nan 
142.125, 52.875, 4.580606331597846e-24, nan 
142.375, 52.875, 2.6095333917940126e-24, nan 
142.625, 52.875, 1.5532955124890933e-24, nan 
142.875, 52.875, 3.286439884714414e-24, nan 
143.125, 52.875, 4.533570034574005e-24, nan 
143.375, 52.875, 4.3158844412574784e-24, nan 
143.625, 52.875, 2.7514462092854563e-24, nan 
143.875, 52.875, 5.843471169831985e-24, nan 
60.875, 53.125, 1.1275533064295932e-23, nan 
61.125, 53.125, 1.58201146646261e-23, nan 
61.375, 53.125, 9.068837045069202e-24, nan 
61.625, 53.125, 4.5880215604691215e-24, nan 
61.875, 53.125, 1.0759412799016057e-23, nan 
62.125, 53.125, 1.0628223811638123e-23, nan 
62.375, 53.125, 2.8071795798232727e-24, nan 
62.625, 53.125, 2.9745069773682248e-24, nan 
62.875, 53.125, 4.190820884416966e-24, nan 
63.125, 53.125, 5.408924937289308e-24, nan 
63.375, 53.125, 4.813648866198915e-24, nan 
63.625, 53.125, 4.607273227000326e-24, nan 
63.875, 53.125, 1.1024564998523879e-23, nan 
64.125, 53.125, 1.67213027996309e-23, nan 
64.375, 53.125, 1.4280568247001105e-23, nan 
64.625, 53.125, 2.7542153863547615e-24, nan 
64.875, 53.125, 1.3837476828574983e-24, nan 
65.125, 53.125, 2.2426415836754078e-24, nan 
65.375, 53.125, 4.1983163354437084e-24, nan 
65.625, 53.125, 1.110103292051225e-23, nan 
65.875, 53.125, 1.2421835845596162e-23, nan 
66.125, 53.125, 1.0812699590062541e-23, nan 
66.375, 53.125, 9.754573622390953e-24, nan 
66.625, 53.125, 8.339420200308063e-24, nan 
66.875, 53.125, 8.020999020485065e-24, nan 
67.125, 53.125, 3.6081719181695165e-24, nan 
67.375, 53.125, 4.475025594129856e-24, nan 
67.625, 53.125, 5.9865980557487405e-24, nan 
67.875, 53.125, 5.708458963513349e-24, nan 
68.125, 53.125, 4.2273412879167115e-24, nan 
68.375, 53.125, 1.6915721217045792e-23, nan 
68.625, 53.125, 3.7052854956271965e-24, nan 
68.875, 53.125, 4.780367713667798e-24, nan 
69.125, 53.125, 6.23464304773884e-24, nan 
69.375, 53.125, 6.08296275951001e-24, nan 
69.625, 53.125, 5.618354165509137e-24, nan 
69.875, 53.125, 5.313935265923144e-24, nan 
70.125, 53.125, 1.0555275126000846e-23, nan 
70.375, 53.125, 1.4717708387539748e-23, nan 
70.625, 53.125, 1.2588503067046645e-23, nan 
70.875, 53.125, 1.593058011248255e-23, nan 
71.125, 53.125, 1.1293324836198914e-23, nan 
71.375, 53.125, 1.2138043900969078e-23, nan 
71.625, 53.125, 2.648373541296394e-23, nan 
71.875, 53.125, 2.60839801194029e-23, nan 
72.125, 53.125, 2.3198393837677495e-23, nan 
72.375, 53.125, 1.6538793552005906e-23, nan 
72.625, 53.125, 1.0604766314261569e-23, nan 
72.875, 53.125, 1.3632450717939004e-23, nan 
73.125, 53.125, 2.2845019594216104e-23, nan 
73.375, 53.125, 2.732663334478439e-23, nan 
73.625, 53.125, 1.7989421802084903e-23, nan 
73.875, 53.125, 1.0539597754513502e-23, nan 
74.125, 53.125, 3.6563554148371945e-23, nan 
74.375, 53.125, 3.855261767161013e-23, nan 
74.625, 53.125, 2.7335432041576916e-23, nan 
74.875, 53.125, 2.739332132926014e-23, nan 
75.125, 53.125, 3.4078137647323453e-23, nan 
75.375, 53.125, 4.2476582408430813e-23, nan 
75.625, 53.125, 6.730667955295159e-23, nan 
75.875, 53.125, 6.7457031280049e-23, nan 
76.125, 53.125, 2.77894583189272e-23, nan 
76.375, 53.125, 3.777698041056125e-23, nan 
76.625, 53.125, 6.331365583728351e-23, nan 
76.875, 53.125, 5.870387896097832e-23, nan 
77.125, 53.125, 4.9475668886835645e-23, nan 
77.375, 53.125, 1.6384931060078102e-23, nan 
77.625, 53.125, 2.4268573862750863e-23, nan 
77.875, 53.125, 3.975788879474664e-23, nan 
78.125, 53.125, 3.7458986292000064e-23, nan 
78.375, 53.125, 6.328098597101583e-23, nan 
78.625, 53.125, 5.413486393230961e-23, nan 
78.875, 53.125, 3.293155614058554e-23, nan 
79.125, 53.125, 4.9986285911175746e-23, nan 
79.375, 53.125, 7.683839585256495e-23, nan 
79.625, 53.125, 7.183400742655128e-23, nan 
79.875, 53.125, 2.079824448339852e-23, nan 
80.125, 53.125, 2.2987397851029815e-23, nan 
80.375, 53.125, 1.4949996520104478e-23, nan 
80.625, 53.125, 3.75726802066085e-23, nan 
80.875, 53.125, 3.60755952561555e-23, nan 
81.125, 53.125, 5.903003851346128e-23, nan 
81.375, 53.125, 5.918856089097431e-23, nan 
81.625, 53.125, 4.456505954393832e-23, nan 
81.875, 53.125, 3.501856535133304e-23, nan 
82.125, 53.125, 3.4982892171079547e-23, nan 
82.375, 53.125, 5.50038565585821e-23, nan 
82.625, 53.125, 6.594596047873639e-23, nan 
82.875, 53.125, 6.99222378204462e-23, nan 
83.125, 53.125, 1.0709232995401611e-22, nan 
83.375, 53.125, 9.360802480858835e-23, nan 
83.625, 53.125, 3.479869281575826e-23, nan 
83.875, 53.125, 2.5632010834878527e-23, nan 
84.125, 53.125, 3.80920099942591e-23, nan 
84.375, 53.125, 4.399028327021601e-23, nan 
84.625, 53.125, 3.040445919299954e-23, nan 
84.875, 53.125, 4.3970074038436084e-23, nan 
85.125, 53.125, 4.832258907319605e-23, nan 
85.375, 53.125, 4.267196778792142e-23, nan 
85.625, 53.125, 1.0532448319224863e-22, nan 
85.875, 53.125, 1.2141576684106156e-22, nan 
86.125, 53.125, 7.216800459132891e-23, nan 
86.375, 53.125, 5.028894112527218e-23, nan 
86.625, 53.125, 4.9743052806447723e-23, nan 
86.875, 53.125, 7.099616951078301e-23, nan 
87.125, 53.125, 1.0985190409705837e-22, nan 
87.375, 53.125, 1.147242825869666e-22, nan 
87.625, 53.125, 1.4036085850180432e-22, nan 
87.875, 53.125, 7.634873072575558e-23, nan 
88.125, 53.125, 5.50589705539482e-23, nan 
88.375, 53.125, 7.330847079034915e-23, nan 
88.625, 53.125, 9.2176137602044e-23, nan 
88.875, 53.125, 8.617828525948274e-23, nan 
89.125, 53.125, 5.128182167664632e-23, nan 
89.375, 53.125, 7.164031344599441e-23, nan 
89.625, 53.125, 7.703554123008396e-23, nan 
89.875, 53.125, 7.887640661723438e-23, nan 
90.125, 53.125, 6.394467969973619e-23, nan 
90.375, 53.125, 6.620718980508217e-23, nan 
90.625, 53.125, 5.886857676075732e-23, nan 
90.875, 53.125, 8.139271229429848e-23, nan 
91.125, 53.125, 8.006877308544997e-23, nan 
91.375, 53.125, 7.034557329556692e-23, nan 
91.625, 53.125, 1.077975404619166e-22, nan 
91.875, 53.125, 8.751689314216983e-23, nan 
92.125, 53.125, 8.248397652431732e-23, nan 
92.375, 53.125, 1.6449755583803033e-22, nan 
92.625, 53.125, 1.3654400444768293e-22, nan 
92.875, 53.125, 7.979387913977398e-23, nan 
93.125, 53.125, 1.147883649588656e-22, nan 
93.375, 53.125, 1.1757782081668598e-22, nan 
93.625, 53.125, 8.790298056973824e-23, nan 
93.875, 53.125, 1.1668515292372432e-22, nan 
94.125, 53.125, 1.5222534969400895e-22, nan 
94.375, 53.125, 1.3777261050838745e-22, nan 
94.625, 53.125, 6.930158325618831e-23, nan 
94.875, 53.125, 7.251710328758814e-23, nan 
95.125, 53.125, 5.87346015486433e-23, nan 
95.375, 53.125, 4.754824171035985e-23, nan 
95.625, 53.125, 7.94202712062234e-23, nan 
95.875, 53.125, 6.902227016807418e-23, nan 
96.125, 53.125, 4.082495263972373e-23, nan 
96.375, 53.125, 2.9167864983082453e-23, nan 
96.625, 53.125, 1.2285970090361565e-22, nan 
96.875, 53.125, 1.8229356007643422e-22, nan 
97.125, 53.125, 1.6509898599013506e-22, nan 
97.375, 53.125, 1.8679520958797667e-22, nan 
97.625, 53.125, 1.4936696539558357e-22, nan 
97.875, 53.125, 8.190359591560637e-23, nan 
98.125, 53.125, 5.777656241526749e-23, nan 
98.375, 53.125, 9.578568817513695e-23, nan 
98.625, 53.125, 1.2087259789439223e-22, nan 
98.875, 53.125, 1.6613880021235843e-22, nan 
99.125, 53.125, 1.38353684736952e-22, nan 
99.375, 53.125, 1.4869531585766098e-22, nan 
99.625, 53.125, 1.1996437977131845e-22, nan 
99.875, 53.125, 6.009741108821235e-23, nan 
100.125, 53.125, 1.7666476518931635e-22, nan 
100.375, 53.125, 1.6228578715190993e-22, nan 
100.625, 53.125, 1.2392747900131354e-22, nan 
100.875, 53.125, 2.7014308574643733e-22, nan 
101.125, 53.125, 3.389548034262263e-22, nan 
101.375, 53.125, 2.5513034142672126e-22, nan 
101.625, 53.125, 1.498255336216692e-22, nan 
101.875, 53.125, 4.662164650281524e-22, nan 
102.125, 53.125, 4.224298029150579e-22, nan 
102.375, 53.125, 1.0560397633875747e-22, nan 
102.625, 53.125, 6.082639632918275e-23, nan 
102.875, 53.125, 4.813932506067155e-23, nan 
103.125, 53.125, 8.985662079908664e-23, nan 
103.375, 53.125, 1.3211070309974355e-22, nan 
103.625, 53.125, 1.5503880712026555e-22, nan 
103.875, 53.125, 1.9023748677078712e-22, nan 
104.125, 53.125, 2.6436834020443124e-22, nan 
104.375, 53.125, 1.8551333496448103e-22, nan 
104.625, 53.125, 8.480659793899771e-23, nan 
104.875, 53.125, 7.126707956559069e-23, nan 
105.125, 53.125, 1.696000034346166e-22, nan 
105.375, 53.125, 1.7503817737073384e-22, nan 
105.625, 53.125, 7.205295663404046e-23, nan 
105.875, 53.125, 1.0591644829445573e-22, nan 
106.125, 53.125, 1.3073421817740463e-22, nan 
106.375, 53.125, 9.127156568890546e-23, nan 
106.625, 53.125, 5.829749633120404e-23, nan 
106.875, 53.125, 8.643412867743972e-23, nan 
107.125, 53.125, 8.266317512067e-23, nan 
107.375, 53.125, 7.063054138516387e-23, nan 
107.625, 53.125, 5.215399048979332e-23, nan 
107.875, 53.125, 7.932051126906372e-23, nan 
108.125, 53.125, 4.7811597401536596e-23, nan 
108.375, 53.125, 6.061918081897938e-23, nan 
108.625, 53.125, 6.346726570431967e-23, nan 
108.875, 53.125, 5.304413819617198e-23, nan 
109.125, 53.125, 9.189546607108596e-23, nan 
109.375, 53.125, 8.134404772682103e-23, nan 
109.625, 53.125, 1.2831347116001361e-22, nan 
109.875, 53.125, 2.5643372579265312e-22, nan 
110.125, 53.125, 3.1728813648347984e-22, nan 
110.375, 53.125, 2.930868712786022e-22, nan 
110.625, 53.125, 2.3822036493098635e-22, nan 
110.875, 53.125, 6.606635405490015e-23, nan 
111.125, 53.125, 7.72439368818025e-23, nan 
111.375, 53.125, 7.319338495015016e-23, nan 
111.625, 53.125, 3.560768964380162e-23, nan 
111.875, 53.125, 2.559129898833863e-23, nan 
112.125, 53.125, 4.939508414625011e-23, nan 
112.375, 53.125, 4.9319841232357245e-23, nan 
112.625, 53.125, 7.056623921822735e-23, nan 
112.875, 53.125, 7.895722321707373e-23, nan 
113.125, 53.125, 1.0517095032647894e-22, nan 
113.375, 53.125, 8.246382107234683e-23, nan 
113.625, 53.125, 4.488733628614955e-23, nan 
113.875, 53.125, 6.516347912521685e-23, nan 
114.125, 53.125, 6.685725049521601e-23, nan 
114.375, 53.125, 9.084167768911581e-23, nan 
114.625, 53.125, 1.062008998207112e-22, nan 
114.875, 53.125, 4.7220436268591256e-23, nan 
115.125, 53.125, 3.409943050908509e-23, nan 
115.375, 53.125, 5.131948236100331e-23, nan 
115.625, 53.125, 5.149615164804461e-23, nan 
115.875, 53.125, 4.380799425651138e-23, nan 
116.125, 53.125, 6.257395926292303e-23, nan 
116.375, 53.125, 5.917527483445774e-23, nan 
116.625, 53.125, 2.4688563335454137e-23, nan 
116.875, 53.125, 4.2877830962587724e-23, nan 
117.125, 53.125, 4.4469259786434764e-23, nan 
117.375, 53.125, 8.804714893316097e-23, nan 
117.625, 53.125, 8.0513169460706e-23, nan 
117.875, 53.125, 2.62749619918986e-23, nan 
118.125, 53.125, 3.234465647746753e-23, nan 
118.375, 53.125, 2.4706346848591754e-23, nan 
118.625, 53.125, 2.1563662613580075e-23, nan 
118.875, 53.125, 1.2552997953238192e-23, nan 
119.125, 53.125, 4.316863161300375e-23, nan 
119.375, 53.125, 8.41708684870519e-23, nan 
119.625, 53.125, 6.831371894758574e-23, nan 
119.875, 53.125, 2.4797255854034547e-23, nan 
120.125, 53.125, 2.831046149664519e-23, nan 
120.375, 53.125, 2.8329409173586813e-23, nan 
120.625, 53.125, 2.076950640605375e-23, nan 
120.875, 53.125, 3.280034082682127e-23, nan 
121.125, 53.125, 3.665592761654737e-23, nan 
121.375, 53.125, 3.924389039391083e-23, nan 
121.625, 53.125, 3.530721406712729e-23, nan 
121.875, 53.125, 6.38790567122546e-23, nan 
122.125, 53.125, 7.243639159515982e-23, nan 
122.375, 53.125, 3.4171993733528386e-23, nan 
122.625, 53.125, 3.728692811686734e-23, nan 
122.875, 53.125, 2.691750828833431e-23, nan 
123.125, 53.125, 1.517626521196091e-23, nan 
123.375, 53.125, 1.342613164488812e-23, nan 
123.625, 53.125, 2.718480450856589e-23, nan 
123.875, 53.125, 4.8315663624530256e-23, nan 
124.125, 53.125, 6.288267952940798e-23, nan 
124.375, 53.125, 2.717305363728465e-23, nan 
124.625, 53.125, 2.7850325175533787e-23, nan 
124.875, 53.125, 4.1373428001457486e-23, nan 
125.125, 53.125, 4.003777239508614e-23, nan 
125.375, 53.125, 4.8791650900478845e-23, nan 
125.625, 53.125, 5.795008788226515e-23, nan 
125.875, 53.125, 3.525205055405122e-23, nan 
126.125, 53.125, 8.071284372922644e-23, nan 
126.375, 53.125, 8.521553553788042e-23, nan 
126.625, 53.125, 9.204325528235392e-23, nan 
126.875, 53.125, 9.572324303314216e-23, nan 
127.125, 53.125, 2.5001733582125663e-23, nan 
127.375, 53.125, 2.1885240417960416e-23, nan 
127.625, 53.125, 2.954746926660762e-23, nan 
127.875, 53.125, 2.3373338015448744e-23, nan 
128.125, 53.125, 1.1510374576753775e-23, nan 
128.375, 53.125, 1.1054679668025885e-23, nan 
128.625, 53.125, 1.8253902404859226e-23, nan 
128.875, 53.125, 1.5670613928825345e-23, nan 
129.125, 53.125, 5.2812278865761504e-24, nan 
129.375, 53.125, 6.249511071415322e-24, nan 
129.625, 53.125, 9.069911906199773e-24, nan 
129.875, 53.125, 7.876247325032974e-24, nan 
130.125, 53.125, 5.934620690991957e-24, nan 
130.375, 53.125, 1.7293882550665935e-23, nan 
130.625, 53.125, 1.7211999225236352e-23, nan 
130.875, 53.125, 1.365205680865449e-23, nan 
131.125, 53.125, 2.777172100888319e-23, nan 
131.375, 53.125, 2.4328049893789122e-23, nan 
131.625, 53.125, 4.4355532580626373e-23, nan 
131.875, 53.125, 4.349817895976239e-23, nan 
132.125, 53.125, 1.3455134082697216e-23, nan 
132.375, 53.125, 6.25089774913294e-24, nan 
132.625, 53.125, 1.8615619145126563e-23, nan 
132.875, 53.125, 2.2871339240951745e-23, nan 
133.125, 53.125, 1.6839753134779116e-23, nan 
133.375, 53.125, 1.4002594472816353e-23, nan 
133.625, 53.125, 5.454695015547018e-24, nan 
133.875, 53.125, 2.881809860485814e-24, nan 
134.125, 53.125, 9.336690350884414e-24, nan 
134.375, 53.125, 1.2231030408260274e-23, nan 
134.625, 53.125, 1.1996612467142203e-23, nan 
134.875, 53.125, 1.3630333464556593e-23, nan 
135.125, 53.125, 1.4988689055204024e-23, nan 
135.375, 53.125, 1.6732910962267888e-23, nan 
135.625, 53.125, 1.1078571148338861e-23, nan 
135.875, 53.125, 4.081048823618669e-24, nan 
136.125, 53.125, 1.809218073056806e-24, nan 
136.375, 53.125, 5.1440558168324116e-24, nan 
136.625, 53.125, 7.769266472586849e-24, nan 
136.875, 53.125, 1.3114090838168735e-23, nan 
137.125, 53.125, 1.370416338858344e-23, nan 
137.375, 53.125, 9.953394340433741e-24, nan 
137.625, 53.125, 1.5885007515573163e-23, nan 
137.875, 53.125, 1.5988992968953635e-23, nan 
138.125, 53.125, 1.12666776891451e-23, nan 
138.375, 53.125, 2.0603949358799452e-23, nan 
138.625, 53.125, 2.0938430545044462e-23, nan 
138.875, 53.125, 7.882347985293248e-24, nan 
139.125, 53.125, 6.191395571291974e-24, nan 
139.375, 53.125, 9.068446791655184e-24, nan 
139.625, 53.125, 9.718789963189181e-24, nan 
139.875, 53.125, 7.8121916597593e-24, nan 
140.125, 53.125, 8.719235094211463e-24, nan 
140.375, 53.125, 5.8474167812868805e-24, nan 
140.625, 53.125, 2.6501718516625265e-24, nan 
140.875, 53.125, 3.470287235476067e-24, nan 
141.125, 53.125, 3.83789904923987e-24, nan 
141.375, 53.125, 6.0821863558755485e-24, nan 
141.625, 53.125, 7.124254867427728e-24, nan 
141.875, 53.125, 2.9082805957971957e-24, nan 
142.125, 53.125, 2.111511574369132e-24, nan 
142.375, 53.125, 9.556506634499514e-25, nan 
142.625, 53.125, 1.636491898616971e-24, nan 
142.875, 53.125, 2.617977458884731e-24, nan 
143.125, 53.125, 4.599391318390785e-24, nan 
143.375, 53.125, 5.569179107051648e-24, nan 
143.625, 53.125, 4.231894938468996e-24, nan 
143.875, 53.125, 5.130737098708599e-24, nan 
144.125, 53.125, 6.386547758758689e-24, nan 
144.375, 53.125, 1.1009582392597797e-23, nan 
144.625, 53.125, 8.289364253760729e-24, nan 
144.875, 53.125, 8.254360799951584e-24, nan 
145.125, 53.125, 5.50791531236137e-24, nan 
59.875, 53.375, 1.72751427663131e-23, nan 
60.125, 53.375, 6.443099104580668e-24, nan 
60.375, 53.375, 6.543338284278684e-24, nan 
60.625, 53.375, 1.1291259751754631e-23, nan 
60.875, 53.375, 8.09610047088353e-24, nan 
61.125, 53.375, 2.4953033427090194e-23, nan 
61.375, 53.375, 2.579913731661466e-23, nan 
61.625, 53.375, 1.2265368097573736e-23, nan 
61.875, 53.375, 9.88108967766478e-24, nan 
62.125, 53.375, 9.938526586837897e-24, nan 
62.375, 53.375, 2.9611193278097022e-24, nan 
62.625, 53.375, 4.0873905886400356e-24, nan 
62.875, 53.375, 2.1686731789007212e-24, nan 
63.125, 53.375, 1.7003079065352557e-24, nan 
63.375, 53.375, 1.5301445147465754e-24, nan 
63.625, 53.375, 2.41648934314048e-24, nan 
63.875, 53.375, 6.049257992495977e-24, nan 
64.125, 53.375, 1.8030838078216847e-23, nan 
64.375, 53.375, 2.033985199613153e-23, nan 
64.625, 53.375, 5.380905700674154e-24, nan 
64.875, 53.375, 4.760180688823495e-24, nan 
65.125, 53.375, 1.3630266046193595e-23, nan 
65.375, 53.375, 1.3861926377403573e-23, nan 
65.625, 53.375, 1.198989845399523e-23, nan 
65.875, 53.375, 5.522695515725789e-24, nan 
66.125, 53.375, 1.3290948699063393e-24, nan 
66.375, 53.375, 1.0903567724573905e-23, nan 
66.625, 53.375, 1.1892657263206817e-23, nan 
66.875, 53.375, 1.0147258275274523e-23, nan 
67.125, 53.375, 7.226180603074775e-24, nan 
67.375, 53.375, 7.437091212710238e-24, nan 
67.625, 53.375, 6.332516965352609e-24, nan 
67.875, 53.375, 5.0693898153135694e-24, nan 
68.125, 53.375, 3.1258015979984795e-23, nan 
68.375, 53.375, 4.908846774456046e-23, nan 
68.625, 53.375, 2.5776821365396242e-23, nan 
68.875, 53.375, 9.56458689570058e-24, nan 
69.125, 53.375, 4.639061147311683e-24, nan 
69.375, 53.375, 3.800347845032727e-24, nan 
69.625, 53.375, 4.205850036077312e-24, nan 
69.875, 53.375, 5.3063116790834644e-24, nan 
70.125, 53.375, 5.959805102218604e-24, nan 
70.375, 53.375, 1.3799019763936454e-23, nan 
70.625, 53.375, 2.1342954801671683e-23, nan 
70.875, 53.375, 2.756720812208592e-23, nan 
71.125, 53.375, 2.0405985864115526e-23, nan 
71.375, 53.375, 1.4792712358922105e-23, nan 
71.625, 53.375, 2.3088261123953497e-23, nan 
71.875, 53.375, 2.993799950446819e-23, nan 
72.125, 53.375, 1.685488782019467e-23, nan 
72.375, 53.375, 1.0277694203926705e-23, nan 
72.625, 53.375, 1.3594543203860485e-23, nan 
72.875, 53.375, 3.4352083780902113e-23, nan 
73.125, 53.375, 3.8833446481786263e-23, nan 
73.375, 53.375, 1.7081958394608472e-23, nan 
73.625, 53.375, 2.232556378502857e-23, nan 
73.875, 53.375, 2.839902646175061e-23, nan 
74.125, 53.375, 3.4696697202651303e-23, nan 
74.375, 53.375, 2.8734943433517626e-23, nan 
74.625, 53.375, 2.759674730282592e-23, nan 
74.875, 53.375, 8.961402665309179e-24, nan 
75.125, 53.375, 9.760629346632405e-24, nan 
75.375, 53.375, 1.3293687423366005e-23, nan 
75.625, 53.375, 3.1196653192465e-23, nan 
75.875, 53.375, 4.691381129350674e-23, nan 
76.125, 53.375, 3.272895647802653e-23, nan 
76.375, 53.375, 4.5286991070544185e-23, nan 
76.625, 53.375, 6.082793099390037e-23, nan 
76.875, 53.375, 4.0630679600665e-23, nan 
77.125, 53.375, 2.668872314175571e-23, nan 
77.375, 53.375, 3.154202106906648e-23, nan 
77.625, 53.375, 2.6779873343293136e-23, nan 
77.875, 53.375, 3.8621220283181805e-23, nan 
78.125, 53.375, 4.817805027878201e-23, nan 
78.375, 53.375, 5.580632853732329e-23, nan 
78.625, 53.375, 4.061576872745922e-23, nan 
78.875, 53.375, 3.7782249764069905e-23, nan 
79.125, 53.375, 5.053857804468778e-23, nan 
79.375, 53.375, 3.866615340900207e-23, nan 
79.625, 53.375, 3.309168558053229e-23, nan 
79.875, 53.375, 3.245727405360295e-23, nan 
80.125, 53.375, 4.291943456845868e-23, nan 
80.375, 53.375, 7.597104131698303e-23, nan 
80.625, 53.375, 6.995485610641964e-23, nan 
80.875, 53.375, 4.318016284530701e-23, nan 
81.125, 53.375, 4.8696978811490576e-23, nan 
81.375, 53.375, 1.3018204896007056e-23, nan 
81.625, 53.375, 3.360113088234479e-23, nan 
81.875, 53.375, 3.641363299644581e-23, nan 
82.125, 53.375, 1.9465734743241162e-23, nan 
82.375, 53.375, 5.693889701907566e-23, nan 
82.625, 53.375, 8.238425888840766e-23, nan 
82.875, 53.375, 7.228743511739251e-23, nan 
83.125, 53.375, 8.413288925383035e-23, nan 
83.375, 53.375, 7.151789886431153e-23, nan 
83.625, 53.375, 2.7117878052184523e-23, nan 
83.875, 53.375, 4.012910583970219e-23, nan 
84.125, 53.375, 5.528987023246416e-23, nan 
84.375, 53.375, 3.915375209070343e-23, nan 
84.625, 53.375, 3.15925779433733e-23, nan 
84.875, 53.375, 6.040957293365561e-23, nan 
85.125, 53.375, 5.998738203714988e-23, nan 
85.375, 53.375, 7.650538452863975e-23, nan 
85.625, 53.375, 1.1387414199156907e-22, nan 
85.875, 53.375, 1.114273540682672e-22, nan 
86.125, 53.375, 5.405966263930808e-23, nan 
86.375, 53.375, 4.1632707922070466e-23, nan 
86.625, 53.375, 7.79149125389419e-23, nan 
86.875, 53.375, 1.7396424744621253e-22, nan 
87.125, 53.375, 1.3901270114011242e-22, nan 
87.375, 53.375, 4.382853763586269e-23, nan 
87.625, 53.375, 4.124023546666186e-23, nan 
87.875, 53.375, 1.3222038098009317e-22, nan 
88.125, 53.375, 1.2228577068806826e-22, nan 
88.375, 53.375, 4.307207852178896e-23, nan 
88.625, 53.375, 7.368048373525695e-23, nan 
88.875, 53.375, 7.415023363840975e-23, nan 
89.125, 53.375, 3.1817779801769883e-23, nan 
89.375, 53.375, 6.648125573774283e-23, nan 
89.625, 53.375, 8.049285290846291e-23, nan 
89.875, 53.375, 8.278986974725515e-23, nan 
90.125, 53.375, 8.295370419151736e-23, nan 
90.375, 53.375, 1.4989883268984102e-22, nan 
90.625, 53.375, 1.2618983018028547e-22, nan 
90.875, 53.375, 4.796743391236858e-23, nan 
91.125, 53.375, 5.117446947131662e-23, nan 
91.375, 53.375, 8.371697961828866e-23, nan 
91.625, 53.375, 8.406440238232627e-23, nan 
91.875, 53.375, 8.806639845329858e-23, nan 
92.125, 53.375, 3.179476651632633e-22, nan 
92.375, 53.375, 3.378972573586839e-22, nan 
92.625, 53.375, 2.2242284414870817e-22, nan 
92.875, 53.375, 1.8723980189739546e-22, nan 
93.125, 53.375, 9.081484073764023e-23, nan 
93.375, 53.375, 1.062421245118683e-22, nan 
93.625, 53.375, 7.508898711659697e-23, nan 
93.875, 53.375, 8.912799624973038e-23, nan 
94.125, 53.375, 1.1087574333021667e-22, nan 
94.375, 53.375, 1.1612231025905156e-22, nan 
94.625, 53.375, 9.992823990038357e-23, nan 
94.875, 53.375, 1.0007993602536074e-22, nan 
95.125, 53.375, 7.008736976659509e-23, nan 
95.375, 53.375, 5.717429672951058e-23, nan 
95.625, 53.375, 5.430307945562062e-23, nan 
95.875, 53.375, 7.773746140575756e-23, nan 
96.125, 53.375, 5.048950043216884e-23, nan 
96.375, 53.375, 5.21193318002315e-23, nan 
96.625, 53.375, 9.01004229353071e-23, nan 
96.875, 53.375, 2.288935824266557e-22, nan 
97.125, 53.375, 2.4967126980725596e-22, nan 
97.375, 53.375, 3.2541393633624333e-22, nan 
97.625, 53.375, 2.7719017698367923e-22, nan 
97.875, 53.375, 9.892881070445982e-23, nan 
98.125, 53.375, 8.353252930862231e-23, nan 
98.375, 53.375, 8.224981345280051e-23, nan 
98.625, 53.375, 4.5531525058925055e-23, nan 
98.875, 53.375, 6.534255158594394e-23, nan 
99.125, 53.375, 1.015131184672257e-22, nan 
99.375, 53.375, 1.8901550501793509e-22, nan 
99.625, 53.375, 1.7924734323844304e-22, nan 
99.875, 53.375, 1.1630916180929146e-22, nan 
100.125, 53.375, 1.445609502560356e-22, nan 
100.375, 53.375, 1.8335430979740244e-22, nan 
100.625, 53.375, 1.38413664413571e-22, nan 
100.875, 53.375, 3.4384855423879346e-22, nan 
101.125, 53.375, 4.246989567586777e-22, nan 
101.375, 53.375, 3.3647583869336776e-22, nan 
101.625, 53.375, 4.046719123777822e-22, nan 
101.875, 53.375, 5.927925227952563e-22, nan 
102.125, 53.375, 5.465738989469352e-22, nan 
102.375, 53.375, 1.7545835211450311e-22, nan 
102.625, 53.375, 1.4637770280276403e-22, nan 
102.875, 53.375, 1.5103317913038578e-22, nan 
103.125, 53.375, 1.6963340112813252e-22, nan 
103.375, 53.375, 1.7651811828282107e-22, nan 
103.625, 53.375, 2.3762873180545816e-22, nan 
103.875, 53.375, 1.5512819114619971e-22, nan 
104.125, 53.375, 1.9741596424556208e-22, nan 
104.375, 53.375, 1.8526920424784045e-22, nan 
104.625, 53.375, 1.6147965938816136e-22, nan 
104.875, 53.375, 1.7023708044329412e-22, nan 
105.125, 53.375, 1.7363044987065806e-22, nan 
105.375, 53.375, 2.0142498696307938e-22, nan 
105.625, 53.375, 1.6245716384954377e-22, nan 
105.875, 53.375, 1.0745355527095276e-22, nan 
106.125, 53.375, 1.1599772557881432e-22, nan 
106.375, 53.375, 1.3420594539638566e-22, nan 
106.625, 53.375, 9.092303885809539e-23, nan 
106.875, 53.375, 1.3958739538346568e-23, nan 
107.125, 53.375, 4.0575120905912164e-23, nan 
107.375, 53.375, 4.2788089352698214e-23, nan 
107.625, 53.375, 4.746104793064427e-23, nan 
107.875, 53.375, 7.99909770126969e-23, nan 
108.125, 53.375, 7.157582134758914e-23, nan 
108.375, 53.375, 3.2876379088965256e-23, nan 
108.625, 53.375, 4.606037804004091e-23, nan 
108.875, 53.375, 6.778667303488725e-23, nan 
109.125, 53.375, 1.1534631930329e-22, nan 
109.375, 53.375, 1.3047680619336207e-22, nan 
109.625, 53.375, 9.897724629114138e-23, nan 
109.875, 53.375, 1.5474758609310113e-22, nan 
110.125, 53.375, 2.4615607756290128e-22, nan 
110.375, 53.375, 2.19935270257123e-22, nan 
110.625, 53.375, 1.3015317902721665e-22, nan 
110.875, 53.375, 1.3479679215302132e-22, nan 
111.125, 53.375, 1.3090550127813986e-22, nan 
111.375, 53.375, 9.716164432360499e-23, nan 
111.625, 53.375, 1.100072299720496e-22, nan 
111.875, 53.375, 1.1306404324232497e-22, nan 
112.125, 53.375, 9.454745674822962e-23, nan 
112.375, 53.375, 5.1741989956318116e-23, nan 
112.625, 53.375, 6.978548271524975e-23, nan 
112.875, 53.375, 7.8376221179278e-23, nan 
113.125, 53.375, 5.2648122213963944e-23, nan 
113.375, 53.375, 6.310689312345062e-23, nan 
113.625, 53.375, 6.134948662812544e-23, nan 
113.875, 53.375, 4.042745819060531e-23, nan 
114.125, 53.375, 5.084252076080853e-23, nan 
114.375, 53.375, 6.044834825537039e-23, nan 
114.625, 53.375, 2.5926906349505072e-23, nan 
114.875, 53.375, 4.6864261142982764e-23, nan 
115.125, 53.375, 5.726789376723502e-23, nan 
115.375, 53.375, 4.995935180747247e-23, nan 
115.625, 53.375, 5.2179765212563384e-23, nan 
115.875, 53.375, 5.678773559293775e-23, nan 
116.125, 53.375, 7.303271989910269e-23, nan 
116.375, 53.375, 6.369610037364503e-23, nan 
116.625, 53.375, 3.8360390041688705e-23, nan 
116.875, 53.375, 8.164221798954185e-23, nan 
117.125, 53.375, 7.527004418116468e-23, nan 
117.375, 53.375, 9.791267935120924e-23, nan 
117.625, 53.375, 9.630161084457623e-23, nan 
117.875, 53.375, 2.9613843510149704e-23, nan 
118.125, 53.375, 4.514808610833459e-23, nan 
118.375, 53.375, 5.99758177344329e-23, nan 
118.625, 53.375, 5.125517473734977e-23, nan 
118.875, 53.375, 3.8585716986764607e-23, nan 
119.125, 53.375, 6.101733502258464e-23, nan 
119.375, 53.375, 7.784088457508e-23, nan 
119.625, 53.375, 4.957467892528523e-23, nan 
119.875, 53.375, 1.8179592610192718e-23, nan 
120.125, 53.375, 3.026905688613302e-23, nan 
120.375, 53.375, 3.4217577689728343e-23, nan 
120.625, 53.375, 2.1727912606078787e-23, nan 
120.875, 53.375, 2.5942821279105268e-23, nan 
121.125, 53.375, 2.5751274911655124e-23, nan 
121.375, 53.375, 4.5987152535945616e-23, nan 
121.625, 53.375, 4.970728890611259e-23, nan 
121.875, 53.375, 3.2408127571644735e-23, nan 
122.125, 53.375, 6.03356765127028e-23, nan 
122.375, 53.375, 4.9312434378927824e-23, nan 
122.625, 53.375, 3.461332335932337e-23, nan 
122.875, 53.375, 2.673564649793343e-23, nan 
123.125, 53.375, 2.05858055153219e-23, nan 
123.375, 53.375, 2.6344232879884536e-23, nan 
123.625, 53.375, 3.6588304822185434e-23, nan 
123.875, 53.375, 3.290472800853137e-23, nan 
124.125, 53.375, 9.647997610169676e-23, nan 
124.375, 53.375, 8.131793330513082e-23, nan 
124.625, 53.375, 1.5979328310958314e-23, nan 
124.875, 53.375, 3.223115801643796e-23, nan 
125.125, 53.375, 6.717777065484216e-23, nan 
125.375, 53.375, 6.582514744746362e-23, nan 
125.625, 53.375, 4.8574487712019764e-23, nan 
125.875, 53.375, 5.918480274968918e-23, nan 
126.125, 53.375, 6.865629981350176e-23, nan 
126.375, 53.375, 2.932538822791039e-23, nan 
126.625, 53.375, 2.708140985971579e-23, nan 
126.875, 53.375, 1.06848951701116e-22, nan 
127.125, 53.375, 1.0314702302444444e-22, nan 
127.375, 53.375, 6.778620287262406e-23, nan 
127.625, 53.375, 3.3233113993534896e-23, nan 
127.875, 53.375, 2.286923599251558e-23, nan 
128.125, 53.375, 1.008068144153636e-23, nan 
128.375, 53.375, 6.039679147323003e-24, nan 
128.625, 53.375, 8.74316218175463e-24, nan 
128.875, 53.375, 9.964789971672141e-24, nan 
129.125, 53.375, 5.024766227994876e-24, nan 
129.375, 53.375, 5.2831621682646126e-24, nan 
129.625, 53.375, 1.5118105501939886e-23, nan 
129.875, 53.375, 1.7573704841617538e-23, nan 
130.125, 53.375, 1.09717177040935e-23, nan 
130.375, 53.375, 6.446588871452563e-24, nan 
130.625, 53.375, 9.175547960998525e-24, nan 
130.875, 53.375, 1.327735335402384e-23, nan 
131.125, 53.375, 2.3317867203971417e-23, nan 
131.375, 53.375, 2.2706044086886796e-23, nan 
131.625, 53.375, 1.3820118062684053e-23, nan 
131.875, 53.375, 6.966356994793645e-23, nan 
132.125, 53.375, 6.523533890231013e-23, nan 
132.375, 53.375, 8.598069421625285e-24, nan 
132.625, 53.375, 6.092386867598091e-24, nan 
132.875, 53.375, 8.791797792769666e-24, nan 
133.125, 53.375, 1.4637544049026824e-23, nan 
133.375, 53.375, 1.3889450788037693e-23, nan 
133.625, 53.375, 1.194301267443451e-23, nan 
133.875, 53.375, 1.1240308314895848e-23, nan 
134.125, 53.375, 1.1014314518322206e-23, nan 
134.375, 53.375, 1.1564764861393394e-23, nan 
134.625, 53.375, 1.1832443934231111e-23, nan 
134.875, 53.375, 1.2158877968820785e-23, nan 
135.125, 53.375, 1.085585986115662e-23, nan 
135.375, 53.375, 2.3719848662391815e-23, nan 
135.625, 53.375, 2.152846310315848e-23, nan 
135.875, 53.375, 7.676120536995865e-24, nan 
136.125, 53.375, 6.192293084781694e-24, nan 
136.375, 53.375, 5.626898730655829e-24, nan 
136.625, 53.375, 7.551993937381693e-24, nan 
136.875, 53.375, 1.6714622044046472e-23, nan 
137.125, 53.375, 1.5241052696861768e-23, nan 
137.375, 53.375, 4.315617268655077e-24, nan 
137.625, 53.375, 8.099469052682715e-24, nan 
137.875, 53.375, 7.083300795292833e-24, nan 
138.125, 53.375, 1.1352872209812738e-23, nan 
138.375, 53.375, 1.2620984855852826e-23, nan 
138.625, 53.375, 1.1560146342373235e-23, nan 
138.875, 53.375, 8.483254232665926e-24, nan 
139.125, 53.375, 6.762181295437743e-24, nan 
139.375, 53.375, 7.904728777073303e-24, nan 
139.625, 53.375, 1.1138921923555543e-23, nan 
139.875, 53.375, 9.079912991915893e-24, nan 
140.125, 53.375, 5.922006295995119e-24, nan 
140.375, 53.375, 2.1010037209898146e-24, nan 
140.625, 53.375, 9.510993680429592e-24, nan 
140.875, 53.375, 1.0549678208199824e-23, nan 
141.125, 53.375, 3.994741681437501e-24, nan 
141.375, 53.375, 4.947856935641998e-24, nan 
141.625, 53.375, 9.139735372726746e-24, nan 
141.875, 53.375, 7.253496520673253e-24, nan 
142.125, 53.375, 3.0480147240575894e-24, nan 
142.375, 53.375, 2.6016112276372772e-24, nan 
142.625, 53.375, 1.4887479525359865e-24, nan 
142.875, 53.375, 3.0110598571742825e-24, nan 
143.125, 53.375, 5.0018043297526825e-24, nan 
143.375, 53.375, 3.6259905972948824e-24, nan 
143.625, 53.375, 4.428681267027526e-24, nan 
143.875, 53.375, 4.223641896977411e-24, nan 
144.125, 53.375, 2.073516470690045e-23, nan 
144.375, 53.375, 2.606678669689993e-23, nan 
144.625, 53.375, 1.3333070794472186e-23, nan 
144.875, 53.375, 2.1032471379076485e-23, nan 
145.125, 53.375, 1.9421711155976966e-23, nan 
145.375, 53.375, 1.0838903184660886e-23, nan 
145.625, 53.375, 9.752464947845174e-24, nan 
145.875, 53.375, 2.8199097279415558e-24, nan 
146.125, 53.375, 6.71406635446079e-24, nan 
58.875, 53.625, 1.2304262182777352e-23, nan 
59.125, 53.625, 1.1536602434897873e-23, nan 
59.375, 53.625, 1.0719785409770776e-23, nan 
59.625, 53.625, 1.3014207746508713e-23, nan 
59.875, 53.625, 1.443752331481128e-23, nan 
60.125, 53.625, 1.2345165465081491e-23, nan 
60.375, 53.625, 1.1578540646173245e-23, nan 
60.625, 53.625, 1.6202062090749254e-23, nan 
60.875, 53.625, 1.548807858635978e-23, nan 
61.125, 53.625, 1.5989966445791643e-23, nan 
61.375, 53.625, 2.1129576014455388e-23, nan 
61.625, 53.625, 1.3589875594733654e-23, nan 
61.875, 53.625, 5.432160661871265e-24, nan 
62.125, 53.625, 5.569499355342254e-24, nan 
62.375, 53.625, 7.826973473533095e-24, nan 
62.625, 53.625, 9.681844116213705e-24, nan 
62.875, 53.625, 2.9925757640868073e-24, nan 
63.125, 53.625, 2.92178050108563e-24, nan 
63.375, 53.625, 3.48385043125577e-24, nan 
63.625, 53.625, 6.864465289706064e-24, nan 
63.875, 53.625, 1.1836960205536399e-23, nan 
64.125, 53.625, 3.913820631613305e-23, nan 
64.375, 53.625, 5.1961830641799004e-23, nan 
64.625, 53.625, 2.701302284598787e-23, nan 
64.875, 53.625, 9.920777073122728e-24, nan 
65.125, 53.625, 1.3109207550009187e-23, nan 
65.375, 53.625, 6.070163732708237e-24, nan 
65.625, 53.625, 3.533520581933313e-24, nan 
65.875, 53.625, 2.7267358370611444e-24, nan 
66.125, 53.625, 7.829770510274335e-24, nan 
66.375, 53.625, 1.5343915234197232e-23, nan 
66.625, 53.625, 1.414916607546078e-23, nan 
66.875, 53.625, 1.3219821056587428e-23, nan 
67.125, 53.625, 9.969194971909514e-24, nan 
67.375, 53.625, 7.536780221658692e-24, nan 
67.625, 53.625, 5.697304721821636e-24, nan 
67.875, 53.625, 5.470532795222282e-24, nan 
68.125, 53.625, 5.5777682432366285e-24, nan 
68.375, 53.625, 2.7660421734445345e-23, nan 
68.625, 53.625, 1.2220310464319988e-23, nan 
68.875, 53.625, 6.9954892936829e-24, nan 
69.125, 53.625, 6.050223388285452e-24, nan 
69.375, 53.625, 7.200744061744987e-24, nan 
69.625, 53.625, 9.021083830259879e-24, nan 
69.875, 53.625, 8.064391747569069e-24, nan 
70.125, 53.625, 6.903519895043371e-24, nan 
70.375, 53.625, 9.303661184228687e-24, nan 
70.625, 53.625, 1.248060159321572e-23, nan 
70.875, 53.625, 1.8300655396694772e-23, nan 
71.125, 53.625, 1.554897898137688e-23, nan 
71.375, 53.625, 2.0117805942466886e-23, nan 
71.625, 53.625, 2.27145718663296e-23, nan 
71.875, 53.625, 1.9493625114430866e-23, nan 
72.125, 53.625, 1.0282363294321379e-23, nan 
72.375, 53.625, 1.1891731138763357e-23, nan 
72.625, 53.625, 1.487781221991999e-23, nan 
72.875, 53.625, 4.836994025547071e-23, nan 
73.125, 53.625, 5.386878582204475e-23, nan 
73.375, 53.625, 1.9914780911209058e-23, nan 
73.625, 53.625, 2.2499958262421968e-23, nan 
73.875, 53.625, 3.673716337955682e-23, nan 
74.125, 53.625, 3.4985993795461616e-23, nan 
74.375, 53.625, 1.6753456143547782e-23, nan 
74.625, 53.625, 1.6444151121343046e-23, nan 
74.875, 53.625, 1.0589851766358427e-23, nan 
75.125, 53.625, 7.601643295685439e-24, nan 
75.375, 53.625, 1.0201927808065499e-23, nan 
75.625, 53.625, 1.60970149758437e-23, nan 
75.875, 53.625, 1.9141056998625657e-23, nan 
76.125, 53.625, 2.69012304927216e-23, nan 
76.375, 53.625, 4.8357260921826606e-23, nan 
76.625, 53.625, 4.820280792712928e-23, nan 
76.875, 53.625, 3.6724990717507917e-23, nan 
77.125, 53.625, 3.1066355336283845e-23, nan 
77.375, 53.625, 3.395427470342357e-23, nan 
77.625, 53.625, 3.524303573748064e-23, nan 
77.875, 53.625, 4.1799866529100574e-23, nan 
78.125, 53.625, 3.6583646664575386e-23, nan 
78.375, 53.625, 2.699770810393597e-23, nan 
78.625, 53.625, 2.2812244812999112e-23, nan 
78.875, 53.625, 3.3594130522890684e-23, nan 
79.125, 53.625, 1.7561735874025902e-23, nan 
79.375, 53.625, 1.4717487247123907e-23, nan 
79.625, 53.625, 1.9814075199447306e-23, nan 
79.875, 53.625, 4.104388907396888e-23, nan 
80.125, 53.625, 6.823304029859709e-23, nan 
80.375, 53.625, 6.266293673782636e-23, nan 
80.625, 53.625, 3.0201840332476916e-23, nan 
80.875, 53.625, 3.541479765436768e-23, nan 
81.125, 53.625, 1.7852590198363417e-23, nan 
81.375, 53.625, 3.925875513274269e-23, nan 
81.625, 53.625, 3.818729950199381e-23, nan 
81.875, 53.625, 2.957185618368507e-23, nan 
82.125, 53.625, 5.350915361652556e-23, nan 
82.375, 53.625, 6.795032710354883e-23, nan 
82.625, 53.625, 5.981313919447915e-23, nan 
82.875, 53.625, 5.357538149357875e-23, nan 
83.125, 53.625, 5.777442018771518e-23, nan 
83.375, 53.625, 5.461173583090398e-23, nan 
83.625, 53.625, 5.37038590578914e-23, nan 
83.875, 53.625, 2.1166971838978234e-23, nan 
84.125, 53.625, 4.202393215218498e-23, nan 
84.375, 53.625, 4.905608814929295e-23, nan 
84.625, 53.625, 5.546454372023133e-23, nan 
84.875, 53.625, 7.629202710123443e-23, nan 
85.125, 53.625, 7.196991892407023e-23, nan 
85.375, 53.625, 5.875771116217437e-23, nan 
85.625, 53.625, 5.918092661164712e-23, nan 
85.875, 53.625, 5.417450306409655e-23, nan 
86.125, 53.625, 6.176688075462047e-23, nan 
86.375, 53.625, 1.7435066222746407e-22, nan 
86.625, 53.625, 1.8454662815536916e-22, nan 
86.875, 53.625, 1.7686376057828558e-22, nan 
87.125, 53.625, 1.0775314826556126e-22, nan 
87.375, 53.625, 4.865106881782173e-23, nan 
87.625, 53.625, 3.1874532115963245e-23, nan 
87.875, 53.625, 1.0843079271285154e-22, nan 
88.125, 53.625, 1.1028129204536493e-22, nan 
88.375, 53.625, 5.441201835694605e-23, nan 
88.625, 53.625, 3.665772252089612e-23, nan 
88.875, 53.625, 4.469269371031915e-23, nan 
89.125, 53.625, 3.8937100744306434e-23, nan 
89.375, 53.625, 9.107928887623331e-23, nan 
89.625, 53.625, 1.0947563880192744e-22, nan 
89.875, 53.625, 8.43853911382126e-23, nan 
90.125, 53.625, 5.894669421773845e-23, nan 
90.375, 53.625, 7.08743539879948e-23, nan 
90.625, 53.625, 5.52346844163441e-23, nan 
90.875, 53.625, 4.675207903479188e-23, nan 
91.125, 53.625, 5.835836017263889e-23, nan 
91.375, 53.625, 1.0466193851233891e-22, nan 
91.625, 53.625, 9.584574576850423e-23, nan 
91.875, 53.625, 3.183377312241804e-22, nan 
92.125, 53.625, 4.551568769549991e-22, nan 
92.375, 53.625, 3.27334680544744e-22, nan 
92.625, 53.625, 2.7807880907304034e-22, nan 
92.875, 53.625, 3.259616790405123e-22, nan 
93.125, 53.625, 2.1925505110946386e-22, nan 
93.375, 53.625, 1.5932475556647157e-22, nan 
93.625, 53.625, 1.6575709558888236e-22, nan 
93.875, 53.625, 9.320603276091734e-23, nan 
94.125, 53.625, 1.0004482510801366e-22, nan 
94.375, 53.625, 1.2863547409866065e-22, nan 
94.625, 53.625, 1.0337515392802009e-22, nan 
94.875, 53.625, 1.126489797500768e-22, nan 
95.125, 53.625, 1.0229560456299756e-22, nan 
95.375, 53.625, 5.650300989812108e-23, nan 
95.625, 53.625, 2.2778180109514793e-23, nan 
95.875, 53.625, 3.1999058731591616e-23, nan 
96.125, 53.625, 5.336420561253516e-23, nan 
96.375, 53.625, 5.053141799987534e-23, nan 
96.625, 53.625, 6.568494745940241e-23, nan 
96.875, 53.625, 1.5757377807613403e-22, nan 
97.125, 53.625, 2.2768850810452484e-22, nan 
97.375, 53.625, 3.4614049874781735e-22, nan 
97.625, 53.625, 3.536719751009537e-22, nan 
97.875, 53.625, 2.747051161362449e-22, nan 
98.125, 53.625, 1.8469537006959314e-22, nan 
98.375, 53.625, 1.5535529049706519e-22, nan 
98.625, 53.625, 8.801182118851401e-23, nan 
98.875, 53.625, 7.830134075513309e-23, nan 
99.125, 53.625, 1.1618770672051396e-22, nan 
99.375, 53.625, 1.5031394478037728e-22, nan 
99.625, 53.625, 1.7895823432857922e-22, nan 
99.875, 53.625, 1.476954437657304e-22, nan 
100.125, 53.625, 1.25333435264749e-22, nan 
100.375, 53.625, 1.3967873667152278e-22, nan 
100.625, 53.625, 1.0383634374018802e-22, nan 
100.875, 53.625, 9.03488575692626e-23, nan 
101.125, 53.625, 2.569412891545266e-22, nan 
101.375, 53.625, 3.6095601719820046e-22, nan 
101.625, 53.625, 3.197344659591549e-22, nan 
101.875, 53.625, 1.4270070156311407e-22, nan 
102.125, 53.625, 3.5161104793966405e-22, nan 
102.375, 53.625, 3.098502068805011e-22, nan 
102.625, 53.625, 1.7847581871269604e-22, nan 
102.875, 53.625, 1.3297021377932756e-22, nan 
103.125, 53.625, 2.059199627865742e-22, nan 
103.375, 53.625, 1.4906896364079695e-22, nan 
103.625, 53.625, 2.208824709689308e-22, nan 
103.875, 53.625, 2.2790166869502322e-22, nan 
104.125, 53.625, 2.7877913073075367e-22, nan 
104.375, 53.625, 2.2268113729738294e-22, nan 
104.625, 53.625, 2.5210382964568487e-22, nan 
104.875, 53.625, 3.17689686319186e-22, nan 
105.125, 53.625, 2.028835771412935e-22, nan 
105.375, 53.625, 1.7826791814479381e-22, nan 
105.625, 53.625, 1.2432269744009956e-22, nan 
105.875, 53.625, 1.3496470568309591e-22, nan 
106.125, 53.625, 1.9109841267002553e-22, nan 
106.375, 53.625, 2.375500248277465e-22, nan 
106.625, 53.625, 2.645746909524149e-22, nan 
106.875, 53.625, 1.4812936900645542e-22, nan 
107.125, 53.625, 8.794540891215832e-23, nan 
107.375, 53.625, 7.622498642860294e-23, nan 
107.625, 53.625, 8.495663078599192e-23, nan 
107.875, 53.625, 6.378821111983386e-23, nan 
108.125, 53.625, 5.576042915641967e-23, nan 
108.375, 53.625, 3.573115729603552e-23, nan 
108.625, 53.625, 3.915624559554849e-23, nan 
108.875, 53.625, 6.599662690906942e-23, nan 
109.125, 53.625, 6.349058214870001e-23, nan 
109.375, 53.625, 1.101006370534411e-22, nan 
109.625, 53.625, 8.549263564858664e-23, nan 
109.875, 53.625, 1.2688805766963744e-22, nan 
110.125, 53.625, 1.3038802281972495e-22, nan 
110.375, 53.625, 1.3586342267526896e-22, nan 
110.625, 53.625, 1.6084838512486141e-22, nan 
110.875, 53.625, 1.5703327482695155e-22, nan 
111.125, 53.625, 9.489794470553988e-23, nan 
111.375, 53.625, 2.5916706386358673e-22, nan 
111.625, 53.625, 2.740927736633115e-22, nan 
111.875, 53.625, 2.2360261541261207e-22, nan 
112.125, 53.625, 6.975499860029493e-23, nan 
112.375, 53.625, 4.8049820397629744e-23, nan 
112.625, 53.625, 4.824517022666987e-23, nan 
112.875, 53.625, 6.389992004827134e-23, nan 
113.125, 53.625, 6.059572140258207e-23, nan 
113.375, 53.625, 6.476454692411203e-23, nan 
113.625, 53.625, 6.848905941776231e-23, nan 
113.875, 53.625, 7.263415035212721e-23, nan 
114.125, 53.625, 5.711380840645357e-23, nan 
114.375, 53.625, 5.315535309643912e-23, nan 
114.625, 53.625, 4.115296687978177e-23, nan 
114.875, 53.625, 3.6726852559224696e-23, nan 
115.125, 53.625, 5.669651948410345e-23, nan 
115.375, 53.625, 6.208126392578886e-23, nan 
115.625, 53.625, 6.927305920345199e-23, nan 
115.875, 53.625, 4.5259822795850315e-23, nan 
116.125, 53.625, 5.552279177800995e-23, nan 
116.375, 53.625, 5.2102485911346845e-23, nan 
116.625, 53.625, 8.109566523330731e-23, nan 
116.875, 53.625, 8.229889152130591e-23, nan 
117.125, 53.625, 5.384712404126857e-23, nan 
117.375, 53.625, 7.102642844892092e-23, nan 
117.625, 53.625, 9.309971067188416e-23, nan 
117.875, 53.625, 7.509853555383945e-23, nan 
118.125, 53.625, 6.383679593009911e-23, nan 
118.375, 53.625, 5.878540268983985e-23, nan 
118.625, 53.625, 5.013235144206077e-23, nan 
118.875, 53.625, 6.48239880769473e-23, nan 
119.125, 53.625, 6.368574501319258e-23, nan 
119.375, 53.625, 7.319232052494574e-23, nan 
119.625, 53.625, 7.311226616412233e-23, nan 
119.875, 53.625, 4.6201531740218235e-23, nan 
120.125, 53.625, 2.3043921294051954e-23, nan 
120.375, 53.625, 2.8781313817963676e-23, nan 
120.625, 53.625, 4.792530444916967e-23, nan 
120.875, 53.625, 5.384172494236319e-23, nan 
121.125, 53.625, 3.950100746777791e-23, nan 
121.375, 53.625, 5.394681079150551e-23, nan 
121.625, 53.625, 5.069532876359595e-23, nan 
121.875, 53.625, 3.048706355986493e-23, nan 
122.125, 53.625, 5.717334064583231e-23, nan 
122.375, 53.625, 6.814037068239383e-23, nan 
122.625, 53.625, 3.320945151806786e-23, nan 
122.875, 53.625, 2.822728830749988e-23, nan 
123.125, 53.625, 3.27404417665161e-23, nan 
123.375, 53.625, 3.822203266090077e-23, nan 
123.625, 53.625, 4.088549352703599e-23, nan 
123.875, 53.625, 3.082493925405268e-23, nan 
124.125, 53.625, 4.236648992265396e-23, nan 
124.375, 53.625, 2.2983134285016625e-23, nan 
124.625, 53.625, 6.904049278231713e-24, nan 
124.875, 53.625, 1.2563246731338095e-23, nan 
125.125, 53.625, 5.443964850930037e-23, nan 
125.375, 53.625, 5.476999540005642e-23, nan 
125.625, 53.625, 3.219998724607417e-23, nan 
125.875, 53.625, 3.4484735659462843e-23, nan 
126.125, 53.625, 4.033593422485846e-23, nan 
126.375, 53.625, 4.9864380849675507e-23, nan 
126.625, 53.625, 4.1908456198360954e-23, nan 
126.875, 53.625, 3.1959231830802576e-23, nan 
127.125, 53.625, 6.831274725449968e-23, nan 
127.375, 53.625, 8.975159767304437e-23, nan 
127.625, 53.625, 1.105308185705083e-22, nan 
127.875, 53.625, 8.381831707431013e-23, nan 
128.125, 53.625, 2.0254814968936926e-23, nan 
128.375, 53.625, 6.653841792182502e-24, nan 
128.625, 53.625, 6.464649434563035e-24, nan 
128.875, 53.625, 1.54916460221732e-23, nan 
129.125, 53.625, 1.337043774252834e-23, nan 
129.375, 53.625, 3.507766061275814e-24, nan 
129.625, 53.625, 8.193531434473407e-24, nan 
129.875, 53.625, 1.4533867124956815e-23, nan 
130.125, 53.625, 1.7796857022275776e-23, nan 
130.375, 53.625, 1.8615773169702013e-23, nan 
130.625, 53.625, 1.402708721473843e-23, nan 
130.875, 53.625, 1.5677789736259132e-23, nan 
131.125, 53.625, 2.1137406243245765e-23, nan 
131.375, 53.625, 3.052369131649546e-23, nan 
131.625, 53.625, 2.782739751200405e-23, nan 
131.875, 53.625, 5.63948421184664e-23, nan 
132.125, 53.625, 6.61745026553285e-23, nan 
132.375, 53.625, 8.501735384803232e-24, nan 
132.625, 53.625, 5.0295915051663314e-24, nan 
132.875, 53.625, 8.289155040646888e-24, nan 
133.125, 53.625, 1.1743242434331971e-23, nan 
133.375, 53.625, 1.1826680434577561e-23, nan 
133.625, 53.625, 1.0675582605911293e-23, nan 
133.875, 53.625, 7.085207325262027e-24, nan 
134.125, 53.625, 1.4770882762647889e-23, nan 
134.375, 53.625, 1.4442432692244873e-23, nan 
134.625, 53.625, 1.0603730380387774e-23, nan 
134.875, 53.625, 1.9734843755087098e-23, nan 
135.125, 53.625, 2.0723458178590977e-23, nan 
135.375, 53.625, 3.441830941923275e-23, nan 
135.625, 53.625, 3.240251863394272e-23, nan 
135.875, 53.625, 6.559745995705318e-24, nan 
136.125, 53.625, 4.0235637667804445e-24, nan 
136.375, 53.625, 6.15855762571198e-24, nan 
136.625, 53.625, 1.83867648058086e-23, nan 
136.875, 53.625, 1.9662334958462474e-23, nan 
137.125, 53.625, 7.3257372277294e-24, nan 
137.375, 53.625, 5.231163695092344e-24, nan 
137.625, 53.625, 5.8920515324714986e-24, nan 
137.875, 53.625, 9.359583638397891e-24, nan 
138.125, 53.625, 1.7000840502466355e-23, nan 
138.375, 53.625, 1.8163880659207805e-23, nan 
138.625, 53.625, 1.2308945833311355e-23, nan 
138.875, 53.625, 5.9477190821650584e-24, nan 
139.125, 53.625, 5.460600774694094e-24, nan 
139.375, 53.625, 1.1528759753106685e-23, nan 
139.625, 53.625, 1.2590622093750583e-23, nan 
139.875, 53.625, 1.7092875847954866e-23, nan 
140.125, 53.625, 1.2447382946768942e-23, nan 
140.375, 53.625, 9.833718824022639e-24, nan 
140.625, 53.625, 5.0181337566747276e-24, nan 
140.875, 53.625, 6.266466175566422e-24, nan 
141.125, 53.625, 9.42237070400005e-24, nan 
141.375, 53.625, 8.885755276301553e-24, nan 
141.625, 53.625, 5.248076449083139e-24, nan 
141.875, 53.625, 6.2807249301446e-24, nan 
142.125, 53.625, 4.613866049323802e-24, nan 
142.375, 53.625, 3.804497371747523e-24, nan 
142.625, 53.625, 4.657214541451881e-24, nan 
142.875, 53.625, 3.949678381550856e-24, nan 
143.125, 53.625, 8.219023154546749e-24, nan 
143.375, 53.625, 7.600695670334763e-24, nan 
143.625, 53.625, 6.345219008328949e-24, nan 
143.875, 53.625, 7.429829904128044e-24, nan 
144.125, 53.625, 6.499854218782723e-24, nan 
144.375, 53.625, 1.2603637941850816e-23, nan 
144.625, 53.625, 1.4385669633461002e-23, nan 
144.875, 53.625, 1.3235690240129883e-23, nan 
145.125, 53.625, 7.655966515630573e-24, nan 
145.375, 53.625, 1.5242061309708354e-23, nan 
145.625, 53.625, 1.4445412106061642e-23, nan 
145.875, 53.625, 3.7195250797280766e-24, nan 
146.125, 53.625, 4.991593117754033e-24, nan 
146.375, 53.625, 3.50183835186574e-24, nan 
146.625, 53.625, 1.711431192834752e-24, nan 
146.875, 53.625, 1.7589153702438685e-24, nan 
147.125, 53.625, 3.407256711040203e-24, nan 
147.375, 53.625, 5.047180467500898e-24, nan 
57.875, 53.875, 5.236560206042582e-24, nan 
58.125, 53.875, 1.0396105926208453e-23, nan 
58.375, 53.875, 8.054007046107579e-24, nan 
58.625, 53.875, 8.087168660155057e-24, nan 
58.875, 53.875, 9.237884902985112e-24, nan 
59.125, 53.875, 9.354498722296373e-24, nan 
59.375, 53.875, 1.1981366627040633e-23, nan 
59.625, 53.875, 7.386328215841584e-24, nan 
59.875, 53.875, 1.1496505612833797e-23, nan 
60.125, 53.875, 1.0929847860918024e-23, nan 
60.375, 53.875, 3.8863551512760525e-24, nan 
60.625, 53.875, 9.572427164678474e-24, nan 
60.875, 53.875, 1.3918889396998222e-23, nan 
61.125, 53.875, 1.3531796880567113e-23, nan 
61.375, 53.875, 1.2838511280991534e-23, nan 
61.625, 53.875, 6.1869947800645385e-24, nan 
61.875, 53.875, 6.533774771692874e-24, nan 
62.125, 53.875, 5.463296484225353e-24, nan 
62.375, 53.875, 5.255581654162419e-24, nan 
62.625, 53.875, 6.62549634169621e-24, nan 
62.875, 53.875, 6.4201514999574906e-24, nan 
63.125, 53.875, 5.114092646902574e-24, nan 
63.375, 53.875, 5.326868888961891e-24, nan 
63.625, 53.875, 5.503256771820634e-24, nan 
63.875, 53.875, 5.740464747211957e-24, nan 
64.125, 53.875, 4.06984752648488e-24, nan 
64.375, 53.875, 2.1330772875984878e-23, nan 
64.625, 53.875, 7.931767730394517e-24, nan 
64.875, 53.875, 1.658267685790257e-23, nan 
65.125, 53.875, 1.245211252864655e-23, nan 
65.375, 53.875, 3.0913180414903213e-24, nan 
65.625, 53.875, 2.8088854506228938e-24, nan 
65.875, 53.875, 1.776199450278543e-24, nan 
66.125, 53.875, 2.358182750722235e-24, nan 
66.375, 53.875, 6.4291959755226896e-24, nan 
66.625, 53.875, 8.75533553824894e-25, nan 
66.875, 53.875, 4.291200750146536e-24, nan 
67.125, 53.875, 3.032184002316778e-24, nan 
67.375, 53.875, 3.202436335119114e-24, nan 
67.625, 53.875, 3.870914608224972e-24, nan 
67.875, 53.875, 6.4761414496314966e-24, nan 
68.125, 53.875, 1.0244531745979284e-23, nan 
68.375, 53.875, 1.3326935266927063e-23, nan 
68.625, 53.875, 1.5106625753826372e-23, nan 
68.875, 53.875, 1.0501110940854268e-23, nan 
69.125, 53.875, 6.604509673130657e-24, nan 
69.375, 53.875, 7.732823134069114e-24, nan 
69.625, 53.875, 1.2944636008824778e-23, nan 
69.875, 53.875, 1.1604977114848257e-23, nan 
70.125, 53.875, 2.4333003969244903e-23, nan 
70.375, 53.875, 2.832945474772793e-23, nan 
70.625, 53.875, 1.8134439916484455e-23, nan 
70.875, 53.875, 2.812346765443672e-23, nan 
71.125, 53.875, 2.5554044785230652e-23, nan 
71.375, 53.875, 1.6057673580763817e-23, nan 
71.625, 53.875, 4.047121787952759e-23, nan 
71.875, 53.875, 4.0154251455706704e-23, nan 
72.125, 53.875, 2.0997941071455185e-23, nan 
72.375, 53.875, 6.686500048785509e-24, nan 
72.625, 53.875, 1.794876725355853e-23, nan 
72.875, 53.875, 3.395419898832048e-23, nan 
73.125, 53.875, 4.3735158280208004e-23, nan 
73.375, 53.875, 2.9179890069080726e-23, nan 
73.625, 53.875, 2.8610884725942095e-23, nan 
73.875, 53.875, 3.864995683024287e-23, nan 
74.125, 53.875, 4.003402879777367e-23, nan 
74.375, 53.875, 2.560679268370215e-23, nan 
74.625, 53.875, 2.31677474553397e-23, nan 
74.875, 53.875, 1.961163094770269e-23, nan 
75.125, 53.875, 2.2102956388457753e-23, nan 
75.375, 53.875, 1.713836386805037e-23, nan 
75.625, 53.875, 1.7958231659765025e-23, nan 
75.875, 53.875, 1.2668074508909029e-23, nan 
76.125, 53.875, 1.0137747921994199e-23, nan 
76.375, 53.875, 2.6501620990180496e-23, nan 
76.625, 53.875, 3.4484785045743184e-23, nan 
76.875, 53.875, 2.2669241021974186e-23, nan 
77.125, 53.875, 1.7411417904602264e-23, nan 
77.375, 53.875, 2.440621377243337e-23, nan 
77.625, 53.875, 1.3296092594983555e-23, nan 
77.875, 53.875, 9.913903793370452e-24, nan 
78.125, 53.875, 1.1866170407633472e-23, nan 
78.375, 53.875, 1.4307763295190696e-23, nan 
78.625, 53.875, 1.6115262841344064e-23, nan 
78.875, 53.875, 5.761657778672182e-23, nan 
79.125, 53.875, 5.636246441072681e-23, nan 
79.375, 53.875, 3.023413151475803e-23, nan 
79.625, 53.875, 3.754360074531882e-23, nan 
79.875, 53.875, 4.852812957726307e-23, nan 
80.125, 53.875, 5.503649016831961e-23, nan 
80.375, 53.875, 4.1801036685746576e-23, nan 
80.625, 53.875, 3.4328394345704277e-23, nan 
80.875, 53.875, 2.7684578751812507e-23, nan 
81.125, 53.875, 4.4126540110272543e-23, nan 
81.375, 53.875, 7.685199503412854e-23, nan 
81.625, 53.875, 7.989058947552916e-23, nan 
81.875, 53.875, 6.888691012220424e-23, nan 
82.125, 53.875, 5.454162628628851e-23, nan 
82.375, 53.875, 6.173962859497729e-23, nan 
82.625, 53.875, 5.1973222890723905e-23, nan 
82.875, 53.875, 3.800754286395831e-23, nan 
83.125, 53.875, 3.0843797397798905e-23, nan 
83.375, 53.875, 3.795398951720757e-23, nan 
83.625, 53.875, 3.445515727774698e-23, nan 
83.875, 53.875, 5.527192934244315e-23, nan 
84.125, 53.875, 6.09488682614647e-23, nan 
84.375, 53.875, 4.3480090596775956e-23, nan 
84.625, 53.875, 6.382609807796025e-23, nan 
84.875, 53.875, 6.101488945675017e-23, nan 
85.125, 53.875, 1.0708493975227703e-22, nan 
85.375, 53.875, 9.536631654390922e-23, nan 
85.625, 53.875, 4.2316578939791376e-23, nan 
85.875, 53.875, 7.66724492415445e-23, nan 
86.125, 53.875, 2.0037459641905837e-22, nan 
86.375, 53.875, 2.407786829017675e-22, nan 
86.625, 53.875, 1.4125676140643663e-22, nan 
86.875, 53.875, 6.934310382708099e-23, nan 
87.125, 53.875, 1.466221851924018e-22, nan 
87.375, 53.875, 1.2748789146984902e-22, nan 
87.625, 53.875, 1.077765842993488e-22, nan 
87.875, 53.875, 1.0629906144794386e-22, nan 
88.125, 53.875, 6.551378288636733e-23, nan 
88.375, 53.875, 1.0588276554281375e-22, nan 
88.625, 53.875, 9.877159207817709e-23, nan 
88.875, 53.875, 5.508157955102027e-23, nan 
89.125, 53.875, 5.36301585055462e-23, nan 
89.375, 53.875, 1.2725996333108726e-22, nan 
89.625, 53.875, 1.4941443970076044e-22, nan 
89.875, 53.875, 8.110163073563361e-23, nan 
90.125, 53.875, 3.100360509075934e-23, nan 
90.375, 53.875, 8.131382359379507e-23, nan 
90.625, 53.875, 8.955531552403404e-23, nan 
90.875, 53.875, 6.235323696151726e-23, nan 
91.125, 53.875, 7.449459820737409e-23, nan 
91.375, 53.875, 1.1738104247939916e-22, nan 
91.625, 53.875, 1.1589481785591512e-22, nan 
91.875, 53.875, 6.860669429042793e-23, nan 
92.125, 53.875, 2.774870683337614e-22, nan 
92.375, 53.875, 3.2102777933468015e-22, nan 
92.625, 53.875, 2.591061869381327e-22, nan 
92.875, 53.875, 2.040747575524111e-22, nan 
93.125, 53.875, 7.561802759402227e-23, nan 
93.375, 53.875, 1.3902719461082514e-22, nan 
93.625, 53.875, 1.3136482315488485e-22, nan 
93.875, 53.875, 6.280503765408185e-23, nan 
94.125, 53.875, 5.295778267363959e-23, nan 
94.375, 53.875, 8.932920735728357e-23, nan 
94.625, 53.875, 1.353896787259793e-22, nan 
94.875, 53.875, 1.7645002520065454e-22, nan 
95.125, 53.875, 3.221703923751397e-22, nan 
95.375, 53.875, 4.516856291339598e-22, nan 
95.625, 53.875, 8.197555071081622e-23, nan 
95.875, 53.875, 2.71290199828185e-23, nan 
96.125, 53.875, 3.764581692318097e-23, nan 
96.375, 53.875, 1.5955995115446745e-22, nan 
96.625, 53.875, 2.0907461104448702e-22, nan 
96.875, 53.875, 2.5230143067229903e-22, nan 
97.125, 53.875, 2.7875202012698134e-22, nan 
97.375, 53.875, 3.0488790368669745e-22, nan 
97.625, 53.875, 3.0083916772904923e-22, nan 
97.875, 53.875, 2.824678001770192e-22, nan 
98.125, 53.875, 1.9568749981478692e-22, nan 
98.375, 53.875, 2.0365079881924012e-22, nan 
98.625, 53.875, 1.3065087445632697e-22, nan 
98.875, 53.875, 8.950710001827083e-23, nan 
99.125, 53.875, 1.0689552006453515e-22, nan 
99.375, 53.875, 9.840591233793224e-23, nan 
99.625, 53.875, 1.2571842489262281e-22, nan 
99.875, 53.875, 1.9352669889046443e-22, nan 
100.125, 53.875, 1.813433148814875e-22, nan 
100.375, 53.875, 1.6984931516434563e-22, nan 
100.625, 53.875, 1.5388158483613165e-22, nan 
100.875, 53.875, 1.4843761298217374e-22, nan 
101.125, 53.875, 8.326849743917635e-23, nan 
101.375, 53.875, 1.536789027652607e-22, nan 
101.625, 53.875, 1.485170121637058e-22, nan 
101.875, 53.875, 1.558427244309302e-22, nan 
102.125, 53.875, 2.304845183103678e-22, nan 
102.375, 53.875, 3.270838820571507e-22, nan 
102.625, 53.875, 2.9056451961928156e-22, nan 
102.875, 53.875, 1.6004680758336987e-22, nan 
103.125, 53.875, 1.3962775019980942e-22, nan 
103.375, 53.875, 1.600065849017673e-22, nan 
103.625, 53.875, 2.7417357549467327e-22, nan 
103.875, 53.875, 2.791492637481797e-22, nan 
104.125, 53.875, 2.1118245501247308e-22, nan 
104.375, 53.875, 2.1839978740894854e-22, nan 
104.625, 53.875, 2.836170955368733e-22, nan 
104.875, 53.875, 3.563651954467635e-22, nan 
105.125, 53.875, 3.4809088840556746e-22, nan 
105.375, 53.875, 3.5146975172087483e-22, nan 
105.625, 53.875, 2.8008034538609575e-22, nan 
105.875, 53.875, 2.8730632373972605e-22, nan 
106.125, 53.875, 2.476196067432685e-22, nan 
106.375, 53.875, 3.355892203578578e-22, nan 
106.625, 53.875, 3.9471766599148325e-22, nan 
106.875, 53.875, 3.7589492521326903e-22, nan 
107.125, 53.875, 2.056787061445289e-22, nan 
107.375, 53.875, 1.2835491526577475e-22, nan 
107.625, 53.875, 1.5782883566250617e-22, nan 
107.875, 53.875, 1.482748041792591e-22, nan 
108.125, 53.875, 9.42563865484529e-23, nan 
108.375, 53.875, 5.7816833189623e-23, nan 
108.625, 53.875, 4.5332747642089826e-23, nan 
108.875, 53.875, 6.068387359343905e-23, nan 
109.125, 53.875, 7.364137441120535e-23, nan 
109.375, 53.875, 3.5089180691925134e-23, nan 
109.625, 53.875, 3.515617594660265e-23, nan 
109.875, 53.875, 3.292381929684572e-23, nan 
110.125, 53.875, 4.784169173816882e-23, nan 
110.375, 53.875, 8.641956714790742e-23, nan 
110.625, 53.875, 1.5197380567180273e-22, nan 
110.875, 53.875, 1.499159466063383e-22, nan 
111.125, 53.875, 1.5376775636481594e-22, nan 
111.375, 53.875, 3.2829827459701766e-22, nan 
111.625, 53.875, 3.6394699275069566e-22, nan 
111.875, 53.875, 4.446459370864345e-22, nan 
112.125, 53.875, 3.349600637746745e-22, nan 
112.375, 53.875, 1.0577746985987209e-22, nan 
112.625, 53.875, 7.398080278068909e-23, nan 
112.875, 53.875, 8.473476986584929e-23, nan 
113.125, 53.875, 9.202751672219173e-23, nan 
113.375, 53.875, 7.659487057205769e-23, nan 
113.625, 53.875, 5.038697513589869e-23, nan 
113.875, 53.875, 6.686212856936531e-23, nan 
114.125, 53.875, 1.0472993888615932e-22, nan 
114.375, 53.875, 1.6427700656687806e-22, nan 
114.625, 53.875, 7.32997775823377e-23, nan 
114.875, 53.875, 4.777295186371988e-23, nan 
115.125, 53.875, 5.834848066702321e-23, nan 
115.375, 53.875, 8.22350473540113e-23, nan 
115.625, 53.875, 5.76831696286726e-23, nan 
115.875, 53.875, 6.40382557469205e-23, nan 
116.125, 53.875, 7.821395327185591e-23, nan 
116.375, 53.875, 1.075922241395845e-22, nan 
116.625, 53.875, 1.3272848084022535e-22, nan 
116.875, 53.875, 9.917228981611728e-23, nan 
117.125, 53.875, 6.105465341086255e-23, nan 
117.375, 53.875, 5.0206106622084347e-23, nan 
117.625, 53.875, 9.882552453110358e-23, nan 
117.875, 53.875, 8.851654887474244e-23, nan 
118.125, 53.875, 1.061913498506974e-22, nan 
118.375, 53.875, 9.682839232971538e-23, nan 
118.625, 53.875, 4.4320643675767467e-23, nan 
118.875, 53.875, 4.2332491784871385e-23, nan 
119.125, 53.875, 8.379692249108297e-23, nan 
119.375, 53.875, 9.304235416754337e-23, nan 
119.625, 53.875, 7.631049130091803e-23, nan 
119.875, 53.875, 4.7074601955536957e-23, nan 
120.125, 53.875, 4.145039880624461e-23, nan 
120.375, 53.875, 5.2298898439983736e-23, nan 
120.625, 53.875, 6.679968131455118e-23, nan 
120.875, 53.875, 5.913125652268591e-23, nan 
121.125, 53.875, 3.621363030507314e-23, nan 
121.375, 53.875, 3.4919031140391275e-23, nan 
121.625, 53.875, 5.908832573066266e-23, nan 
121.875, 53.875, 7.332184043471191e-23, nan 
122.125, 53.875, 6.923230498089607e-23, nan 
122.375, 53.875, 9.796785900852385e-23, nan 
122.625, 53.875, 8.750826256722436e-23, nan 
122.875, 53.875, 2.288360020657629e-23, nan 
123.125, 53.875, 1.8737383417590305e-23, nan 
123.375, 53.875, 4.2356189972878117e-23, nan 
123.625, 53.875, 4.3226566144212846e-23, nan 
123.875, 53.875, 1.3874412404597442e-23, nan 
124.125, 53.875, 2.819205114721975e-23, nan 
124.375, 53.875, 2.5458498763741537e-23, nan 
124.625, 53.875, 2.718311205228679e-23, nan 
124.875, 53.875, 5.491413934912022e-23, nan 
125.125, 53.875, 5.121720909178275e-23, nan 
125.375, 53.875, 4.472826827305598e-23, nan 
125.625, 53.875, 5.61689537301339e-23, nan 
125.875, 53.875, 4.3874337446632674e-23, nan 
126.125, 53.875, 3.1303187395934254e-23, nan 
126.375, 53.875, 4.16494680741433e-23, nan 
126.625, 53.875, 4.4793215158989165e-23, nan 
126.875, 53.875, 3.5334279618009923e-23, nan 
127.125, 53.875, 5.273736888240533e-23, nan 
127.375, 53.875, 8.85071571723033e-23, nan 
127.625, 53.875, 1.2076267203187464e-22, nan 
127.875, 53.875, 1.6455432322523817e-22, nan 
128.125, 53.875, 1.3993435136855213e-22, nan 
128.375, 53.875, 3.088290611315265e-23, nan 
128.625, 53.875, 1.870157996379359e-23, nan 
128.875, 53.875, 2.1221626309231076e-23, nan 
129.125, 53.875, 2.3080151047054825e-23, nan 
129.375, 53.875, 1.915442193742225e-23, nan 
129.625, 53.875, 1.1825002058027676e-23, nan 
129.875, 53.875, 1.412508843388546e-23, nan 
130.125, 53.875, 2.3771415843936855e-23, nan 
130.375, 53.875, 2.4347700226522835e-23, nan 
130.625, 53.875, 2.4998636295704246e-23, nan 
130.875, 53.875, 3.225060844229226e-23, nan 
131.125, 53.875, 2.642723606236197e-23, nan 
131.375, 53.875, 1.5415444333610162e-23, nan 
131.625, 53.875, 2.5327449233623263e-23, nan 
131.875, 53.875, 2.081113812440941e-23, nan 
132.125, 53.875, 6.920154350982175e-23, nan 
132.375, 53.875, 6.235425748314766e-23, nan 
132.625, 53.875, 8.569695936427959e-24, nan 
132.875, 53.875, 3.513832489293042e-24, nan 
133.125, 53.875, 7.262182458447153e-24, nan 
133.375, 53.875, 8.216638747590517e-24, nan 
133.625, 53.875, 4.166517675128351e-24, nan 
133.875, 53.875, 2.1930309425261016e-23, nan 
134.125, 53.875, 2.4197815110274408e-23, nan 
134.375, 53.875, 9.690751265807845e-24, nan 
134.625, 53.875, 1.2324858400208246e-23, nan 
134.875, 53.875, 1.5668021388981263e-23, nan 
135.125, 53.875, 1.6762398329220397e-23, nan 
135.375, 53.875, 3.51418172149558e-23, nan 
135.625, 53.875, 3.3655588960319206e-23, nan 
135.875, 53.875, 1.3676885182609825e-23, nan 
136.125, 53.875, 6.948280167292524e-24, nan 
136.375, 53.875, 6.381982579054195e-24, nan 
136.625, 53.875, 1.6854019090063758e-23, nan 
136.875, 53.875, 2.3093330917503443e-23, nan 
137.125, 53.875, 1.2946308104597024e-23, nan 
137.375, 53.875, 8.097559908141508e-24, nan 
137.625, 53.875, 1.6316613012452848e-23, nan 
137.875, 53.875, 1.757390102238874e-23, nan 
138.125, 53.875, 2.2633170082440055e-23, nan 
138.375, 53.875, 1.9386102206740592e-23, nan 
138.625, 53.875, 7.575249385636458e-24, nan 
138.875, 53.875, 5.570819252319768e-24, nan 
139.125, 53.875, 3.337947704932075e-23, nan 
139.375, 53.875, 2.1934705822071987e-23, nan 
139.625, 53.875, 2.5476817436145492e-23, nan 
139.875, 53.875, 3.388164993741024e-23, nan 
140.125, 53.875, 1.6033364717982588e-23, nan 
140.375, 53.875, 2.0803942371419027e-23, nan 
140.625, 53.875, 2.3914598765529076e-23, nan 
140.875, 53.875, 9.950492741978838e-24, nan 
141.125, 53.875, 8.483091602791882e-24, nan 
141.375, 53.875, 6.6140108548190116e-24, nan 
141.625, 53.875, 5.5770332877830666e-24, nan 
141.875, 53.875, 5.7786643473525645e-24, nan 
142.125, 53.875, 6.670546639756638e-24, nan 
142.375, 53.875, 4.60976617650229e-24, nan 
142.625, 53.875, 3.4774756085065225e-24, nan 
142.875, 53.875, 2.6901821986468375e-24, nan 
143.125, 53.875, 4.1716643144053816e-24, nan 
143.375, 53.875, 7.668572053029876e-24, nan 
143.625, 53.875, 6.552909079493253e-24, nan 
143.875, 53.875, 3.1396496436193685e-24, nan 
144.125, 53.875, 7.901156831928234e-24, nan 
144.375, 53.875, 1.5982180790291566e-23, nan 
144.625, 53.875, 1.7957912880718407e-23, nan 
144.875, 53.875, 1.0294344726712488e-23, nan 
145.125, 53.875, 1.1819494117958946e-23, nan 
145.375, 53.875, 1.4521793277195648e-23, nan 
145.625, 53.875, 1.0157086391268217e-23, nan 
145.875, 53.875, 6.013101182315375e-24, nan 
146.125, 53.875, 5.453892126121905e-24, nan 
146.375, 53.875, 2.6171152235108417e-24, nan 
146.625, 53.875, 1.4472021747757737e-24, nan 
146.875, 53.875, 2.3719209316874402e-24, nan 
147.125, 53.875, 1.9217139214759078e-24, nan 
147.375, 53.875, 2.3503031858482428e-24, nan 
147.625, 53.875, 1.3785613577215536e-24, nan 
147.875, 53.875, 3.891911232465443e-24, nan 
148.125, 53.875, 2.977505363489734e-24, nan 
148.375, 53.875, 6.202212978055636e-24, nan 
56.625, 54.125, 8.585137194014864e-24, nan 
56.875, 54.125, 8.08077111287025e-24, nan 
57.125, 54.125, 7.577721144632167e-24, nan 
57.375, 54.125, 9.792142515543031e-24, nan 
57.625, 54.125, 6.569368857052035e-24, nan 
57.875, 54.125, 3.1693506745992428e-24, nan 
58.125, 54.125, 4.378635088412244e-24, nan 
58.375, 54.125, 4.055591353625994e-24, nan 
58.625, 54.125, 8.273148152972444e-24, nan 
58.875, 54.125, 1.7086868971472436e-23, nan 
59.125, 54.125, 1.587067726966994e-23, nan 
59.375, 54.125, 1.8079082218986448e-23, nan 
59.625, 54.125, 1.3067446227121369e-23, nan 
59.875, 54.125, 8.429679261683743e-24, nan 
60.125, 54.125, 5.46777580306972e-24, nan 
60.375, 54.125, 5.518615951317345e-24, nan 
60.625, 54.125, 9.568414568349675e-24, nan 
60.875, 54.125, 1.4348702075389417e-23, nan 
61.125, 54.125, 1.6259150441116517e-23, nan 
61.375, 54.125, 1.4926276900877936e-23, nan 
61.625, 54.125, 6.680145784479291e-24, nan 
61.875, 54.125, 5.633141491017736e-24, nan 
62.125, 54.125, 6.214257971249557e-24, nan 
62.375, 54.125, 6.815421042773981e-24, nan 
62.625, 54.125, 5.8418750961702384e-24, nan 
62.875, 54.125, 5.5959446901109586e-24, nan 
63.125, 54.125, 2.044586667280392e-24, nan 
63.375, 54.125, 6.658113930693937e-24, nan 
63.625, 54.125, 6.934176259083607e-24, nan 
63.875, 54.125, 2.3230033262696237e-24, nan 
64.125, 54.125, 3.0911842927727993e-24, nan 
64.375, 54.125, 4.452261327443244e-24, nan 
64.625, 54.125, 1.4233542797648574e-23, nan 
64.875, 54.125, 2.1370480671789082e-23, nan 
65.125, 54.125, 2.0125501710550823e-23, nan 
65.375, 54.125, 1.626025039918524e-23, nan 
65.625, 54.125, 4.43114643162087e-24, nan 
65.875, 54.125, 1.614982850330706e-24, nan 
66.125, 54.125, 1.0860087221164672e-24, nan 
66.375, 54.125, 1.9284465102173027e-24, nan 
66.625, 54.125, 3.0219811649899893e-24, nan 
66.875, 54.125, 4.737844506173745e-24, nan 
67.125, 54.125, 4.5141534058790964e-24, nan 
67.375, 54.125, 4.3102927022793826e-24, nan 
67.625, 54.125, 6.97245024687261e-24, nan 
67.875, 54.125, 8.985721781342737e-24, nan 
68.125, 54.125, 1.2272123358202702e-23, nan 
68.375, 54.125, 1.8392265156558244e-23, nan 
68.625, 54.125, 2.0877590504891017e-23, nan 
68.875, 54.125, 1.5183291842099228e-23, nan 
69.125, 54.125, 1.4752427036164317e-23, nan 
69.375, 54.125, 9.711034804970633e-24, nan 
69.625, 54.125, 1.0721611760253275e-23, nan 
69.875, 54.125, 3.1978234396321536e-23, nan 
70.125, 54.125, 3.7178438090043427e-23, nan 
70.375, 54.125, 3.855611669136511e-23, nan 
70.625, 54.125, 4.053141929705243e-23, nan 
70.875, 54.125, 2.024369958669421e-23, nan 
71.125, 54.125, 1.6900248375481853e-23, nan 
71.375, 54.125, 2.753737666694209e-23, nan 
71.625, 54.125, 2.5640924596875385e-23, nan 
71.875, 54.125, 1.3639331033402708e-23, nan 
72.125, 54.125, 1.0807305297648591e-23, nan 
72.375, 54.125, 3.584536403546892e-24, nan 
72.625, 54.125, 1.3575097638866977e-23, nan 
72.875, 54.125, 1.4871566987228113e-23, nan 
73.125, 54.125, 3.991243077897294e-23, nan 
73.375, 54.125, 3.954254283549215e-23, nan 
73.625, 54.125, 2.318284627403747e-23, nan 
73.875, 54.125, 1.9396889258040773e-23, nan 
74.125, 54.125, 2.762785573497801e-23, nan 
74.375, 54.125, 1.8861055000821027e-23, nan 
74.625, 54.125, 1.9021368137469455e-23, nan 
74.875, 54.125, 1.7941692129363743e-23, nan 
75.125, 54.125, 1.9454893962709663e-23, nan 
75.375, 54.125, 2.0357460054093617e-23, nan 
75.625, 54.125, 2.1106604064824033e-23, nan 
75.875, 54.125, 1.7585278176746667e-23, nan 
76.125, 54.125, 3.83080808396772e-23, nan 
76.375, 54.125, 3.789263783200812e-23, nan 
76.625, 54.125, 2.1223937542452695e-23, nan 
76.875, 54.125, 2.836805955544461e-23, nan 
77.125, 54.125, 3.796463694793447e-23, nan 
77.375, 54.125, 3.2257130577007754e-23, nan 
77.625, 54.125, 3.4299353412365824e-23, nan 
77.875, 54.125, 4.1640441368693034e-23, nan 
78.125, 54.125, 2.6216345406742808e-23, nan 
78.375, 54.125, 3.3831495823238076e-23, nan 
78.625, 54.125, 3.0360989024016806e-23, nan 
78.875, 54.125, 4.8162485876924655e-23, nan 
79.125, 54.125, 4.587771842888907e-23, nan 
79.375, 54.125, 5.1968222799222604e-23, nan 
79.625, 54.125, 6.016167445387402e-23, nan 
79.875, 54.125, 3.8486068437387194e-23, nan 
80.125, 54.125, 6.579989814615667e-23, nan 
80.375, 54.125, 7.382176424091529e-23, nan 
80.625, 54.125, 5.398309629702083e-23, nan 
80.875, 54.125, 3.2155097908359717e-23, nan 
81.125, 54.125, 2.4331332639380916e-23, nan 
81.375, 54.125, 4.326410632272987e-23, nan 
81.625, 54.125, 5.380655496237036e-23, nan 
81.875, 54.125, 7.171961903476484e-23, nan 
82.125, 54.125, 5.953922044850594e-23, nan 
82.375, 54.125, 3.332524407056889e-23, nan 
82.625, 54.125, 3.9917609482795656e-23, nan 
82.875, 54.125, 3.7235185139312925e-23, nan 
83.125, 54.125, 4.2887373996072567e-23, nan 
83.375, 54.125, 6.87663550039299e-23, nan 
83.625, 54.125, 9.816927313371385e-23, nan 
83.875, 54.125, 6.405374363785195e-23, nan 
84.125, 54.125, 5.468947102331244e-23, nan 
84.375, 54.125, 4.531164999819112e-23, nan 
84.625, 54.125, 3.526481861766939e-23, nan 
84.875, 54.125, 2.6174424787995945e-23, nan 
85.125, 54.125, 1.1047337198585137e-22, nan 
85.375, 54.125, 1.1512502262145546e-22, nan 
85.625, 54.125, 1.2097126927868562e-22, nan 
85.875, 54.125, 1.5342325086718626e-22, nan 
86.125, 54.125, 1.741899628386218e-22, nan 
86.375, 54.125, 1.0922303191869836e-22, nan 
86.625, 54.125, 1.4583188893622263e-22, nan 
86.875, 54.125, 1.3519813397719234e-22, nan 
87.125, 54.125, 1.1946669305917956e-22, nan 
87.375, 54.125, 1.1247905960084435e-22, nan 
87.625, 54.125, 6.328266402074721e-23, nan 
87.875, 54.125, 5.991790838661692e-23, nan 
88.125, 54.125, 9.512424680123171e-23, nan 
88.375, 54.125, 9.147423348277878e-23, nan 
88.625, 54.125, 9.861171804108758e-23, nan 
88.875, 54.125, 6.928192267855789e-23, nan 
89.125, 54.125, 6.879751092644288e-23, nan 
89.375, 54.125, 1.4025321992133845e-22, nan 
89.625, 54.125, 1.3098341040955182e-22, nan 
89.875, 54.125, 4.908266914014819e-23, nan 
90.125, 54.125, 4.2044236753877335e-23, nan 
90.375, 54.125, 1.2289397326127931e-22, nan 
90.625, 54.125, 1.5578907217906027e-22, nan 
90.875, 54.125, 1.0480572886636746e-22, nan 
91.125, 54.125, 2.8944582970287453e-23, nan 
91.375, 54.125, 4.597731357963906e-23, nan 
91.625, 54.125, 9.093905532272994e-23, nan 
91.875, 54.125, 9.636758130875575e-23, nan 
92.125, 54.125, 1.6120609948103109e-22, nan 
92.375, 54.125, 1.8068398551205033e-22, nan 
92.625, 54.125, 1.2877252318527327e-22, nan 
92.875, 54.125, 9.420581694034616e-23, nan 
93.125, 54.125, 9.730248589507315e-23, nan 
93.375, 54.125, 1.2018707742570038e-22, nan 
93.625, 54.125, 1.0264763326236872e-22, nan 
93.875, 54.125, 8.76197430925037e-23, nan 
94.125, 54.125, 1.3694028410928696e-22, nan 
94.375, 54.125, 1.4210516601427683e-22, nan 
94.625, 54.125, 1.9854141546194689e-22, nan 
94.875, 54.125, 2.459292409203062e-22, nan 
95.125, 54.125, 4.901671452189909e-22, nan 
95.375, 54.125, 1.0203946215779379e-21, nan 
95.625, 54.125, 8.0769185822271255e-22, nan 
95.875, 54.125, 1.1293398552366867e-22, nan 
96.125, 54.125, 2.1777961780781056e-22, nan 
96.375, 54.125, 2.927381452711181e-22, nan 
96.625, 54.125, 2.4217789367271704e-22, nan 
96.875, 54.125, 3.889211974098153e-22, nan 
97.125, 54.125, 3.748442066879393e-22, nan 
97.375, 54.125, 2.8732058342488435e-22, nan 
97.625, 54.125, 2.546004097018024e-22, nan 
97.875, 54.125, 1.9846509114861946e-22, nan 
98.125, 54.125, 1.9102574789658238e-22, nan 
98.375, 54.125, 1.8452151058160294e-22, nan 
98.625, 54.125, 1.2149959071967076e-22, nan 
98.875, 54.125, 1.3145443643708033e-22, nan 
99.125, 54.125, 9.069699242660554e-23, nan 
99.375, 54.125, 1.2291402914250142e-22, nan 
99.625, 54.125, 1.3541932762829694e-22, nan 
99.875, 54.125, 2.3985214340394243e-22, nan 
100.125, 54.125, 1.4475605790005027e-22, nan 
100.375, 54.125, 1.4623433659923944e-22, nan 
100.625, 54.125, 1.45919022325173e-22, nan 
100.875, 54.125, 2.1311373258753817e-22, nan 
101.125, 54.125, 2.0930038578799015e-22, nan 
101.375, 54.125, 1.734508518166242e-22, nan 
101.625, 54.125, 1.9298807323639793e-22, nan 
101.875, 54.125, 2.1192861022191066e-22, nan 
102.125, 54.125, 1.6746902965064676e-22, nan 
102.375, 54.125, 3.2564945746908317e-22, nan 
102.625, 54.125, 5.227480253199774e-22, nan 
102.875, 54.125, 5.027798037368899e-22, nan 
103.125, 54.125, 1.2494315799287454e-22, nan 
103.375, 54.125, 2.1535911220135247e-22, nan 
103.625, 54.125, 2.394625879536264e-22, nan 
103.875, 54.125, 3.215157677789881e-22, nan 
104.125, 54.125, 4.197735805634364e-22, nan 
104.375, 54.125, 4.802009874929648e-22, nan 
104.625, 54.125, 3.4841776109319944e-22, nan 
104.875, 54.125, 3.5127183405804278e-22, nan 
105.125, 54.125, 3.6086359386540286e-22, nan 
105.375, 54.125, 2.7226085368682185e-22, nan 
105.625, 54.125, 3.117698498120362e-22, nan 
105.875, 54.125, 5.575691348543439e-22, nan 
106.125, 54.125, 4.634342938860426e-22, nan 
106.375, 54.125, 4.956144978462191e-22, nan 
106.625, 54.125, 3.1016524904738605e-22, nan 
106.875, 54.125, 3.9196359567140384e-22, nan 
107.125, 54.125, 3.6971142932132427e-22, nan 
107.375, 54.125, 1.8418079107070692e-22, nan 
107.625, 54.125, 1.2862270218432963e-22, nan 
107.875, 54.125, 1.5169104696518223e-22, nan 
108.125, 54.125, 1.214328438742462e-22, nan 
108.375, 54.125, 1.0377981762555992e-22, nan 
108.625, 54.125, 1.1530207637132687e-22, nan 
108.875, 54.125, 1.1781763927855775e-22, nan 
109.125, 54.125, 1.2776701830449017e-22, nan 
109.375, 54.125, 1.0841199173903185e-22, nan 
109.625, 54.125, 8.118814854297216e-23, nan 
109.875, 54.125, 5.329812661507499e-23, nan 
110.125, 54.125, 8.973721778227884e-23, nan 
110.375, 54.125, 9.27473753506681e-23, nan 
110.625, 54.125, 6.964556495349331e-23, nan 
110.875, 54.125, 1.4654359772952254e-22, nan 
111.125, 54.125, 1.7471084929266653e-22, nan 
111.375, 54.125, 2.0655968160130065e-22, nan 
111.625, 54.125, 1.7455217017887765e-22, nan 
111.875, 54.125, 1.4346934002711124e-22, nan 
112.125, 54.125, 1.4788470472474968e-22, nan 
112.375, 54.125, 1.2488226952153366e-22, nan 
112.625, 54.125, 8.710261229336642e-23, nan 
112.875, 54.125, 7.741261908601097e-23, nan 
113.125, 54.125, 9.1901468190998e-23, nan 
113.375, 54.125, 9.310455473414776e-23, nan 
113.625, 54.125, 7.130478514776238e-23, nan 
113.875, 54.125, 1.9902732134479887e-22, nan 
114.125, 54.125, 2.6107586621674845e-22, nan 
114.375, 54.125, 2.9057018126900747e-22, nan 
114.625, 54.125, 2.3163552652051706e-22, nan 
114.875, 54.125, 1.5448243942707984e-22, nan 
115.125, 54.125, 7.725657991142665e-23, nan 
115.375, 54.125, 8.509133557912236e-23, nan 
115.625, 54.125, 4.78155581849155e-23, nan 
115.875, 54.125, 9.279590598044288e-23, nan 
116.125, 54.125, 9.91551523435381e-23, nan 
116.375, 54.125, 1.878576582152885e-22, nan 
116.625, 54.125, 1.8431509134141149e-22, nan 
116.875, 54.125, 1.167073148097594e-22, nan 
117.125, 54.125, 1.076299281619015e-22, nan 
117.375, 54.125, 1.3028690999398676e-22, nan 
117.625, 54.125, 1.3078515630209234e-22, nan 
117.875, 54.125, 9.971258377874551e-23, nan 
118.125, 54.125, 6.552921897510919e-23, nan 
118.375, 54.125, 2.3028344640472676e-23, nan 
118.625, 54.125, 6.5953024678294e-23, nan 
118.875, 54.125, 5.824802183598378e-23, nan 
119.125, 54.125, 8.99410674063078e-23, nan 
119.375, 54.125, 1.0460285072285637e-22, nan 
119.625, 54.125, 6.790678097259759e-23, nan 
119.875, 54.125, 5.61785710059566e-23, nan 
120.125, 54.125, 4.9547880413948765e-23, nan 
120.375, 54.125, 4.216048434194447e-23, nan 
120.625, 54.125, 4.138752748061462e-23, nan 
120.875, 54.125, 5.247382890208621e-23, nan 
121.125, 54.125, 4.93150530253824e-23, nan 
121.375, 54.125, 4.475601078143917e-23, nan 
121.625, 54.125, 5.122071522415177e-23, nan 
121.875, 54.125, 5.624437801519618e-23, nan 
122.125, 54.125, 5.496562362891598e-23, nan 
122.375, 54.125, 7.500180699571749e-23, nan 
122.625, 54.125, 1.0856350377891722e-22, nan 
122.875, 54.125, 8.979757103177423e-23, nan 
123.125, 54.125, 4.822697823163682e-23, nan 
123.375, 54.125, 9.499878324105708e-23, nan 
123.625, 54.125, 7.543755702890596e-23, nan 
123.875, 54.125, 4.718890622184416e-23, nan 
124.125, 54.125, 2.861937113049989e-23, nan 
124.375, 54.125, 9.849551921577302e-24, nan 
124.625, 54.125, 2.4507000765405893e-23, nan 
124.875, 54.125, 2.738089383575441e-23, nan 
125.125, 54.125, 1.845915873988136e-23, nan 
125.375, 54.125, 3.041272572285095e-23, nan 
125.625, 54.125, 3.333202663001381e-23, nan 
125.875, 54.125, 3.5348975411289496e-23, nan 
126.125, 54.125, 4.2475300299440724e-23, nan 
126.375, 54.125, 6.351037298131866e-23, nan 
126.625, 54.125, 6.416047522690673e-23, nan 
126.875, 54.125, 4.24270590548623e-23, nan 
127.125, 54.125, 1.2866458698159394e-23, nan 
127.375, 54.125, 6.97010910589481e-23, nan 
127.625, 54.125, 7.096452642269438e-23, nan 
127.875, 54.125, 1.345200886420517e-22, nan 
128.125, 54.125, 1.531182489510988e-22, nan 
128.375, 54.125, 5.484977633566565e-23, nan 
128.625, 54.125, 2.8436845028068906e-23, nan 
128.875, 54.125, 4.075066517436545e-23, nan 
129.125, 54.125, 3.8178008436438265e-23, nan 
129.375, 54.125, 1.2554109797273738e-23, nan 
129.625, 54.125, 1.0217280627278643e-23, nan 
129.875, 54.125, 1.605342235689768e-23, nan 
130.125, 54.125, 1.7531510546931105e-23, nan 
130.375, 54.125, 1.747101025101781e-23, nan 
130.625, 54.125, 2.783846974534801e-23, nan 
130.875, 54.125, 3.335022164389602e-23, nan 
131.125, 54.125, 1.9418133571323296e-23, nan 
131.375, 54.125, 9.772492082505459e-24, nan 
131.625, 54.125, 2.033915564739249e-23, nan 
131.875, 54.125, 2.3472020210193442e-23, nan 
132.125, 54.125, 2.1619624452231904e-23, nan 
132.375, 54.125, 4.795530723170267e-23, nan 
132.625, 54.125, 3.977946943832559e-23, nan 
132.875, 54.125, 4.738223216394028e-24, nan 
133.125, 54.125, 6.800625746766442e-24, nan 
133.375, 54.125, 6.299099656856628e-24, nan 
133.625, 54.125, 7.079992531724218e-24, nan 
133.875, 54.125, 1.3390276936176522e-23, nan 
134.125, 54.125, 1.6917515643823674e-23, nan 
134.375, 54.125, 1.775955907435575e-23, nan 
134.625, 54.125, 1.9625141454672757e-23, nan 
134.875, 54.125, 1.623919511470932e-23, nan 
135.125, 54.125, 1.4643376726233807e-23, nan 
135.375, 54.125, 3.2233585736710303e-23, nan 
135.625, 54.125, 2.7995574842012984e-23, nan 
135.875, 54.125, 1.2131906769100384e-23, nan 
136.125, 54.125, 1.6080596181706593e-23, nan 
136.375, 54.125, 2.1752511393714932e-23, nan 
136.625, 54.125, 2.7622383123291164e-23, nan 
136.875, 54.125, 2.3743149746313934e-23, nan 
137.125, 54.125, 1.5362050523009487e-23, nan 
137.375, 54.125, 1.8255025975446842e-23, nan 
137.625, 54.125, 2.4173011899390848e-23, nan 
137.875, 54.125, 2.2283663013033657e-23, nan 
138.125, 54.125, 1.3108975110498444e-23, nan 
138.375, 54.125, 5.780186356702312e-24, nan 
138.625, 54.125, 1.1892097945253346e-23, nan 
138.875, 54.125, 5.502536129488927e-23, nan 
139.125, 54.125, 6.433987901430478e-23, nan 
139.375, 54.125, 1.7949396147062646e-22, nan 
139.625, 54.125, 1.3969791851139189e-22, nan 
139.875, 54.125, 7.669221449822419e-23, nan 
140.125, 54.125, 4.4701431283292237e-23, nan 
140.375, 54.125, 7.871058798685884e-24, nan 
140.625, 54.125, 2.5464034366049284e-23, nan 
140.875, 54.125, 2.010906224651229e-23, nan 
141.125, 54.125, 1.3251280394054143e-23, nan 
141.375, 54.125, 1.3510021092136117e-23, nan 
141.625, 54.125, 1.1859260113360098e-23, nan 
141.875, 54.125, 5.0655806448244976e-24, nan 
142.125, 54.125, 4.760645348015485e-24, nan 
142.375, 54.125, 4.1698389938128946e-24, nan 
142.625, 54.125, 3.256633143480554e-24, nan 
142.875, 54.125, 2.3034740474126344e-24, nan 
143.125, 54.125, 7.259587633845828e-24, nan 
143.375, 54.125, 6.01433299175676e-24, nan 
143.625, 54.125, 2.191307966068304e-24, nan 
143.875, 54.125, 8.739880196818106e-24, nan 
144.125, 54.125, 1.0392094562506812e-23, nan 
144.375, 54.125, 7.997026526438004e-24, nan 
144.625, 54.125, 1.2179547982053506e-24, nan 
144.875, 54.125, 1.085905850203447e-23, nan 
145.125, 54.125, 1.3533920769428836e-23, nan 
145.375, 54.125, 1.2794813491817036e-23, nan 
145.625, 54.125, 1.076872364795321e-23, nan 
145.875, 54.125, 7.337244516924332e-24, nan 
146.125, 54.125, 3.310808756845243e-24, nan 
146.375, 54.125, 1.672298760204193e-24, nan 
146.625, 54.125, 1.2563092992479472e-24, nan 
146.875, 54.125, 1.2133121161299329e-24, nan 
147.125, 54.125, 8.005077625953907e-25, nan 
147.375, 54.125, 3.496640692144354e-24, nan 
147.625, 54.125, 1.6468242893908007e-24, nan 
147.875, 54.125, 1.726344123910084e-24, nan 
148.125, 54.125, 1.5619621137103184e-24, nan 
148.375, 54.125, 2.1778796544202697e-24, nan 
148.625, 54.125, 1.6540833099336423e-24, nan 
148.875, 54.125, 8.139199543214912e-24, nan 
149.125, 54.125, 8.576338091659266e-24, nan 
149.375, 54.125, 3.0254301713237353e-24, nan 
55.625, 54.375, 3.934551154742528e-24, nan 
55.875, 54.375, 8.133657034443338e-24, nan 
56.125, 54.375, 6.64043842023247e-24, nan 
56.375, 54.375, 1.0902479966657659e-23, nan 
56.625, 54.375, 8.783360092416314e-24, nan 
56.875, 54.375, 5.845885466883224e-24, nan 
57.125, 54.375, 8.042915841340933e-24, nan 
57.375, 54.375, 1.0383239885027726e-23, nan 
57.625, 54.375, 9.394380092249995e-24, nan 
57.875, 54.375, 6.035031992115316e-24, nan 
58.125, 54.375, 1.0888646190418908e-23, nan 
58.375, 54.375, 9.368986777079176e-24, nan 
58.625, 54.375, 1.840365529990627e-23, nan 
58.875, 54.375, 2.057620150976618e-23, nan 
59.125, 54.375, 1.1705040973230965e-23, nan 
59.375, 54.375, 1.0504634175227493e-23, nan 
59.625, 54.375, 1.2931962795909771e-23, nan 
59.875, 54.375, 9.918636293707526e-24, nan 
60.125, 54.375, 6.133813199690222e-24, nan 
60.375, 54.375, 6.5797854611451324e-24, nan 
60.625, 54.375, 8.249539828362453e-24, nan 
60.875, 54.375, 1.0740862416158051e-23, nan 
61.125, 54.375, 1.5528836809191884e-23, nan 
61.375, 54.375, 2.744689716253573e-23, nan 
61.625, 54.375, 2.6109444414130526e-23, nan 
61.875, 54.375, 3.8919976764491225e-24, nan 
62.125, 54.375, 6.398988979882736e-24, nan 
62.375, 54.375, 6.090563269053241e-24, nan 
62.625, 54.375, 3.6229607652469084e-24, nan 
62.875, 54.375, 9.376678087266143e-24, nan 
63.125, 54.375, 8.680929568073801e-24, nan 
63.375, 54.375, 3.1819798560215386e-24, nan 
63.625, 54.375, 4.275484892323428e-24, nan 
63.875, 54.375, 3.519446505729492e-24, nan 
64.125, 54.375, 7.979842985595548e-24, nan 
64.375, 54.375, 5.00740156438004e-24, nan 
64.625, 54.375, 2.8499720673761823e-24, nan 
64.875, 54.375, 6.992497283832587e-24, nan 
65.125, 54.375, 1.389555088002116e-23, nan 
65.375, 54.375, 1.2981230349101272e-23, nan 
65.625, 54.375, 7.288448123574565e-24, nan 
65.875, 54.375, 4.612868121768983e-24, nan 
66.125, 54.375, 2.6559534257394716e-24, nan 
66.375, 54.375, 3.927246577586633e-24, nan 
66.625, 54.375, 4.1880884051581284e-24, nan 
66.875, 54.375, 4.127379139188295e-24, nan 
67.125, 54.375, 3.2426191651857127e-24, nan 
67.375, 54.375, 6.844755157534943e-24, nan 
67.625, 54.375, 4.645219435451885e-24, nan 
67.875, 54.375, 5.544007857860275e-24, nan 
68.125, 54.375, 6.657849351196836e-24, nan 
68.375, 54.375, 1.2740140622762435e-23, nan 
68.625, 54.375, 1.3135200017447125e-23, nan 
68.875, 54.375, 5.0885567070184116e-24, nan 
69.125, 54.375, 1.3541279596156016e-23, nan 
69.375, 54.375, 1.588302679786585e-23, nan 
69.625, 54.375, 2.1585419264533755e-23, nan 
69.875, 54.375, 2.6413134930921122e-23, nan 
70.125, 54.375, 3.65017534169376e-23, nan 
70.375, 54.375, 3.9911378313054514e-23, nan 
70.625, 54.375, 4.496849861822643e-23, nan 
70.875, 54.375, 4.8936044553966156e-23, nan 
71.125, 54.375, 3.410215527076639e-23, nan 
71.375, 54.375, 2.87788998900221e-23, nan 
71.625, 54.375, 3.271293527957368e-23, nan 
71.875, 54.375, 1.4544391522578618e-23, nan 
72.125, 54.375, 1.1710327774067545e-23, nan 
72.375, 54.375, 8.570238626606917e-24, nan 
72.625, 54.375, 2.4872711346146554e-23, nan 
72.875, 54.375, 4.7786289732856635e-23, nan 
73.125, 54.375, 4.8994783708425705e-23, nan 
73.375, 54.375, 2.867827524829561e-23, nan 
73.625, 54.375, 3.761741616281066e-23, nan 
73.875, 54.375, 1.657425429837444e-23, nan 
74.125, 54.375, 2.3848752454704748e-23, nan 
74.375, 54.375, 2.5047339467260777e-23, nan 
74.625, 54.375, 2.21724171880288e-23, nan 
74.875, 54.375, 2.858151694563783e-23, nan 
75.125, 54.375, 4.393842506069343e-23, nan 
75.375, 54.375, 4.004196723423647e-23, nan 
75.625, 54.375, 1.8959190049017073e-23, nan 
75.875, 54.375, 1.8684983639231096e-23, nan 
76.125, 54.375, 2.261349520453411e-23, nan 
76.375, 54.375, 2.6219681701268474e-23, nan 
76.625, 54.375, 3.106025143827584e-23, nan 
76.875, 54.375, 2.0302773589732983e-23, nan 
77.125, 54.375, 3.369327046420085e-23, nan 
77.375, 54.375, 3.691609808027631e-23, nan 
77.625, 54.375, 5.0007729762013216e-23, nan 
77.875, 54.375, 6.771634870415032e-23, nan 
78.125, 54.375, 7.184346372703533e-23, nan 
78.375, 54.375, 6.205451977046895e-23, nan 
78.625, 54.375, 4.636967685783989e-23, nan 
78.875, 54.375, 5.333605768728061e-23, nan 
79.125, 54.375, 4.529602697596612e-23, nan 
79.375, 54.375, 6.364787219191963e-23, nan 
79.625, 54.375, 6.028217162480938e-23, nan 
79.875, 54.375, 4.720577508370614e-23, nan 
80.125, 54.375, 5.824896007286459e-23, nan 
80.375, 54.375, 5.847136620567447e-23, nan 
80.625, 54.375, 5.821024138888558e-23, nan 
80.875, 54.375, 6.632226808058458e-23, nan 
81.125, 54.375, 5.0029851160235414e-23, nan 
81.375, 54.375, 3.419967077342961e-23, nan 
81.625, 54.375, 5.335287855534161e-23, nan 
81.875, 54.375, 4.58824212018666e-23, nan 
82.125, 54.375, 4.102808098699526e-23, nan 
82.375, 54.375, 1.1903554292669624e-23, nan 
82.625, 54.375, 2.109574726636022e-23, nan 
82.875, 54.375, 3.8880455111338527e-23, nan 
83.125, 54.375, 4.6499651019887745e-23, nan 
83.375, 54.375, 6.463723936027726e-23, nan 
83.625, 54.375, 1.0732511646577992e-22, nan 
83.875, 54.375, 1.1211098166921457e-22, nan 
84.125, 54.375, 9.01372025412928e-23, nan 
84.375, 54.375, 2.63403370563948e-23, nan 
84.625, 54.375, 2.099999222123409e-23, nan 
84.875, 54.375, 8.976498032786558e-23, nan 
85.125, 54.375, 1.1441440057840764e-22, nan 
85.375, 54.375, 1.5703577494738812e-22, nan 
85.625, 54.375, 1.7968980830293063e-22, nan 
85.875, 54.375, 1.0604179234880038e-22, nan 
86.125, 54.375, 4.3225985861793564e-23, nan 
86.375, 54.375, 5.599784678155182e-23, nan 
86.625, 54.375, 1.2161522608034358e-22, nan 
86.875, 54.375, 1.3060665630593833e-22, nan 
87.125, 54.375, 1.0690734273318606e-22, nan 
87.375, 54.375, 4.574366433527423e-23, nan 
87.625, 54.375, 9.180885420913736e-23, nan 
87.875, 54.375, 6.130652545013951e-23, nan 
88.125, 54.375, 8.783138718250074e-23, nan 
88.375, 54.375, 1.0852261809632623e-22, nan 
88.625, 54.375, 1.8628924766543113e-22, nan 
88.875, 54.375, 1.5968083023986896e-22, nan 
89.125, 54.375, 1.0960831239950833e-22, nan 
89.375, 54.375, 1.4958400419572317e-22, nan 
89.625, 54.375, 1.2771775592718623e-22, nan 
89.875, 54.375, 3.939923114757452e-23, nan 
90.125, 54.375, 3.488697865512677e-23, nan 
90.375, 54.375, 1.2334389193162521e-22, nan 
90.625, 54.375, 1.3806436287657817e-22, nan 
90.875, 54.375, 8.161814398946002e-23, nan 
91.125, 54.375, 6.891997386756736e-23, nan 
91.375, 54.375, 5.674877067742561e-23, nan 
91.625, 54.375, 7.840424571654385e-23, nan 
91.875, 54.375, 1.446308205182109e-22, nan 
92.125, 54.375, 1.507333376354746e-22, nan 
92.375, 54.375, 8.79637942807056e-23, nan 
92.625, 54.375, 1.3383345503057888e-22, nan 
92.875, 54.375, 1.1977949142560057e-22, nan 
93.125, 54.375, 1.1152990028857947e-22, nan 
93.375, 54.375, 1.243707172640793e-22, nan 
93.625, 54.375, 1.6707246093102508e-22, nan 
93.875, 54.375, 1.4469247441579794e-22, nan 
94.125, 54.375, 1.8058153445510222e-22, nan 
94.375, 54.375, 2.2391490669545742e-22, nan 
94.625, 54.375, 4.846915806390171e-22, nan 
94.875, 54.375, 4.197307569031259e-22, nan 
95.125, 54.375, 2.8612826072517887e-22, nan 
95.375, 54.375, 4.2326468622751e-22, nan 
95.625, 54.375, 1.219597723184976e-22, nan 
95.875, 54.375, 1.3825584969478602e-22, nan 
96.125, 54.375, 1.109928316391843e-22, nan 
96.375, 54.375, 1.8168188296112754e-22, nan 
96.625, 54.375, 1.8787868886525568e-22, nan 
96.875, 54.375, 2.0490202680411073e-22, nan 
97.125, 54.375, 3.4577307159498833e-22, nan 
97.375, 54.375, 2.934407367542071e-22, nan 
97.625, 54.375, 2.4729987035360295e-22, nan 
97.875, 54.375, 2.8882813707912574e-22, nan 
98.125, 54.375, 2.732403422884209e-22, nan 
98.375, 54.375, 2.0470556608994784e-22, nan 
98.625, 54.375, 1.5697294978745703e-22, nan 
98.875, 54.375, 1.6504834666263896e-22, nan 
99.125, 54.375, 1.345784696023986e-22, nan 
99.375, 54.375, 8.295403998497835e-23, nan 
99.625, 54.375, 1.9014849945937218e-22, nan 
99.875, 54.375, 3.3814854208659946e-22, nan 
100.125, 54.375, 3.1163712013777118e-22, nan 
100.375, 54.375, 1.8765376586779006e-22, nan 
100.625, 54.375, 1.9565586468144622e-22, nan 
100.875, 54.375, 1.8190795381386918e-22, nan 
101.125, 54.375, 1.8227968251225063e-22, nan 
101.375, 54.375, 1.9295553586987891e-22, nan 
101.625, 54.375, 2.5368462923037986e-22, nan 
101.875, 54.375, 2.418803840630789e-22, nan 
102.125, 54.375, 2.680526606316501e-22, nan 
102.375, 54.375, 2.45860614272816e-22, nan 
102.625, 54.375, 4.383686846471624e-22, nan 
102.875, 54.375, 8.269500567061653e-22, nan 
103.125, 54.375, 7.497731333933771e-22, nan 
103.375, 54.375, 4.591005554555704e-22, nan 
103.625, 54.375, 9.66114772222221e-22, nan 
103.875, 54.375, 8.0990996636957205e-22, nan 
104.125, 54.375, 7.200423240531216e-22, nan 
104.375, 54.375, 8.049359142193275e-22, nan 
104.625, 54.375, 5.205254478331322e-22, nan 
104.875, 54.375, 3.087869099361217e-22, nan 
105.125, 54.375, 1.5707224670070152e-22, nan 
105.375, 54.375, 2.3287204198195517e-22, nan 
105.625, 54.375, 6.99841848524859e-22, nan 
105.875, 54.375, 9.227309787623248e-22, nan 
106.125, 54.375, 5.170399158031982e-22, nan 
106.375, 54.375, 7.949101314436277e-22, nan 
106.625, 54.375, 6.721622174320553e-22, nan 
106.875, 54.375, 3.0207765974976608e-22, nan 
107.125, 54.375, 5.137128464363942e-22, nan 
107.375, 54.375, 4.113051233251982e-22, nan 
107.625, 54.375, 1.5482759771029507e-22, nan 
107.875, 54.375, 1.643726423371451e-22, nan 
108.125, 54.375, 1.3454132969385907e-22, nan 
108.375, 54.375, 1.2161963653620788e-22, nan 
108.625, 54.375, 1.808079339893871e-22, nan 
108.875, 54.375, 1.3083849124715239e-22, nan 
109.125, 54.375, 1.0401895730942475e-22, nan 
109.375, 54.375, 1.628440733141335e-22, nan 
109.625, 54.375, 1.530560307096644e-22, nan 
109.875, 54.375, 1.1903526119005862e-22, nan 
110.125, 54.375, 1.3680842743422263e-22, nan 
110.375, 54.375, 1.734138171635345e-22, nan 
110.625, 54.375, 1.512896706379715e-22, nan 
110.875, 54.375, 1.5296588644565632e-22, nan 
111.125, 54.375, 2.7038611446636626e-22, nan 
111.375, 54.375, 1.5851063035952517e-22, nan 
111.625, 54.375, 1.056411054059391e-22, nan 
111.875, 54.375, 5.099486521102741e-23, nan 
112.125, 54.375, 8.544681923727587e-23, nan 
112.375, 54.375, 7.801264437039645e-23, nan 
112.625, 54.375, 7.843769605286145e-23, nan 
112.875, 54.375, 7.491294543268225e-23, nan 
113.125, 54.375, 6.324319411285348e-23, nan 
113.375, 54.375, 4.07992868046387e-23, nan 
113.625, 54.375, 5.210132215197372e-23, nan 
113.875, 54.375, 7.60573752975705e-23, nan 
114.125, 54.375, 1.6831623873431506e-22, nan 
114.375, 54.375, 2.4000103545284983e-22, nan 
114.625, 54.375, 1.6929990143128426e-22, nan 
114.875, 54.375, 7.792117510073911e-23, nan 
115.125, 54.375, 3.948121385618438e-23, nan 
115.375, 54.375, 5.371321307224279e-23, nan 
115.625, 54.375, 6.6986142585333e-23, nan 
115.875, 54.375, 6.043323332763874e-23, nan 
116.125, 54.375, 1.7378132712967142e-22, nan 
116.375, 54.375, 1.8671353233710627e-22, nan 
116.625, 54.375, 9.792692531088846e-23, nan 
116.875, 54.375, 6.184671671628474e-23, nan 
117.125, 54.375, 1.2818032441234943e-22, nan 
117.375, 54.375, 1.6202498752904702e-22, nan 
117.625, 54.375, 2.02334957428202e-22, nan 
117.875, 54.375, 1.855127659001207e-22, nan 
118.125, 54.375, 8.656332756428893e-23, nan 
118.375, 54.375, 6.519718369602228e-23, nan 
118.625, 54.375, 8.542759531248534e-23, nan 
118.875, 54.375, 4.024317284301932e-23, nan 
119.125, 54.375, 3.6328237860286914e-23, nan 
119.375, 54.375, 9.697697053536411e-23, nan 
119.625, 54.375, 9.660315439124771e-23, nan 
119.875, 54.375, 6.306641102276867e-23, nan 
120.125, 54.375, 6.179437668899251e-23, nan 
120.375, 54.375, 7.58181192712139e-23, nan 
120.625, 54.375, 8.33190652044397e-23, nan 
120.875, 54.375, 8.052835162462588e-23, nan 
121.125, 54.375, 5.396959115230335e-23, nan 
121.375, 54.375, 4.754451384930491e-23, nan 
121.625, 54.375, 5.387818860000076e-23, nan 
121.875, 54.375, 4.77257553580846e-23, nan 
122.125, 54.375, 5.395567018410603e-23, nan 
122.375, 54.375, 6.046147664638383e-23, nan 
122.625, 54.375, 6.917302234439328e-23, nan 
122.875, 54.375, 7.992219205887912e-23, nan 
123.125, 54.375, 1.073153312459348e-22, nan 
123.375, 54.375, 1.0799747224774474e-22, nan 
123.625, 54.375, 5.790530553801891e-23, nan 
123.875, 54.375, 6.451791424599859e-23, nan 
124.125, 54.375, 5.541531650027163e-23, nan 
124.375, 54.375, 3.7955743546959215e-23, nan 
124.625, 54.375, 3.7081795112486653e-23, nan 
124.875, 54.375, 2.3092689558574578e-23, nan 
125.125, 54.375, 1.7292909774399045e-23, nan 
125.375, 54.375, 3.921529600668229e-23, nan 
125.625, 54.375, 4.023045684668059e-23, nan 
125.875, 54.375, 3.1406819179243935e-23, nan 
126.125, 54.375, 5.453346578603271e-23, nan 
126.375, 54.375, 6.057416486316974e-23, nan 
126.625, 54.375, 4.555192025654699e-23, nan 
126.875, 54.375, 6.013383871364508e-23, nan 
127.125, 54.375, 5.334081293692711e-23, nan 
127.375, 54.375, 3.8332831225390755e-23, nan 
127.625, 54.375, 4.3562678987281085e-23, nan 
127.875, 54.375, 3.2266862974533905e-23, nan 
128.125, 54.375, 1.6636481497566783e-22, nan 
128.375, 54.375, 1.7012058949653199e-22, nan 
128.625, 54.375, 2.462349928905095e-23, nan 
128.875, 54.375, 2.831440945055277e-23, nan 
129.125, 54.375, 1.7866294928905384e-23, nan 
129.375, 54.375, 8.908927799146513e-24, nan 
129.625, 54.375, 1.075398494777944e-23, nan 
129.875, 54.375, 9.10698773233081e-24, nan 
130.125, 54.375, 1.395361945136104e-23, nan 
130.375, 54.375, 2.3039186032611324e-23, nan 
130.625, 54.375, 1.8368712065579424e-23, nan 
130.875, 54.375, 3.741109642639678e-23, nan 
131.125, 54.375, 3.5616884933646414e-23, nan 
131.375, 54.375, 1.6227751842586915e-23, nan 
131.625, 54.375, 9.92380046427295e-24, nan 
131.875, 54.375, 1.3582937952774297e-23, nan 
132.125, 54.375, 1.5690428669380572e-23, nan 
132.375, 54.375, 3.147072110969223e-23, nan 
132.625, 54.375, 3.5862736444646834e-23, nan 
132.875, 54.375, 3.102131794037859e-23, nan 
133.125, 54.375, 1.8077509472236264e-23, nan 
133.375, 54.375, 2.99457766728147e-23, nan 
133.625, 54.375, 1.5023784126942057e-23, nan 
133.875, 54.375, 7.768563080073633e-24, nan 
134.125, 54.375, 5.088747496255667e-24, nan 
134.375, 54.375, 7.305248317526622e-24, nan 
134.625, 54.375, 1.800831768604051e-23, nan 
134.875, 54.375, 1.8824015062482187e-23, nan 
135.125, 54.375, 2.2390312511141397e-23, nan 
135.375, 54.375, 2.5617937552978387e-23, nan 
135.625, 54.375, 1.5730651015350694e-23, nan 
135.875, 54.375, 6.555103373178746e-24, nan 
136.125, 54.375, 2.5658373853179197e-23, nan 
136.375, 54.375, 3.774879078743611e-23, nan 
136.625, 54.375, 3.3930621589725386e-23, nan 
136.875, 54.375, 1.82158903294701e-23, nan 
137.125, 54.375, 1.2341851694496914e-23, nan 
137.375, 54.375, 1.257316115238019e-23, nan 
137.625, 54.375, 1.4967460176491048e-23, nan 
137.875, 54.375, 1.4566317870904244e-23, nan 
138.125, 54.375, 1.2442519290224918e-23, nan 
138.375, 54.375, 1.577169335792293e-23, nan 
138.625, 54.375, 7.491142168299503e-24, nan 
138.875, 54.375, 7.813026959304647e-23, nan 
139.125, 54.375, 3.6576067036108247e-22, nan 
139.375, 54.375, 4.491071424250961e-22, nan 
139.625, 54.375, 2.818075765542569e-22, nan 
139.875, 54.375, 1.9644630121553982e-22, nan 
140.125, 54.375, 4.119923327307366e-23, nan 
140.375, 54.375, 1.4288717378098968e-23, nan 
140.625, 54.375, 9.573172717656777e-24, nan 
140.875, 54.375, 3.85812151221716e-24, nan 
141.125, 54.375, 9.48691960738507e-24, nan 
141.375, 54.375, 9.502434222144153e-24, nan 
141.625, 54.375, 6.257634180707066e-24, nan 
141.875, 54.375, 5.10666377212547e-24, nan 
142.125, 54.375, 3.697551842769319e-24, nan 
142.375, 54.375, 5.498486282730212e-24, nan 
142.625, 54.375, 6.995844080326192e-24, nan 
142.875, 54.375, 9.966545756551343e-24, nan 
143.125, 54.375, 9.387285149292027e-24, nan 
143.375, 54.375, 2.3473928108389403e-24, nan 
143.625, 54.375, 3.7297936945164814e-24, nan 
143.875, 54.375, 6.312814386065783e-24, nan 
144.125, 54.375, 5.7120706340623825e-24, nan 
144.375, 54.375, 2.8419756933135025e-24, nan 
144.625, 54.375, 8.747915182668296e-24, nan 
144.875, 54.375, 9.765810858719814e-24, nan 
145.125, 54.375, 1.7719293023856706e-23, nan 
145.375, 54.375, 1.617510825140977e-23, nan 
145.625, 54.375, 8.872990653019456e-24, nan 
145.875, 54.375, 8.291818958120782e-24, nan 
146.125, 54.375, 5.006319495050661e-24, nan 
146.375, 54.375, 1.1485741149977378e-24, nan 
146.625, 54.375, 1.4656976169188012e-24, nan 
146.875, 54.375, 2.209745769897099e-24, nan 
147.125, 54.375, 5.841487962993162e-24, nan 
147.375, 54.375, 8.316183570443169e-24, nan 
147.625, 54.375, 4.752242161774165e-24, nan 
147.875, 54.375, 2.3892756469992935e-24, nan 
148.125, 54.375, 3.932257990829138e-24, nan 
148.375, 54.375, 5.2208509375246264e-24, nan 
148.625, 54.375, 8.43469462061858e-24, nan 
148.875, 54.375, 1.2011720174517848e-23, nan 
149.125, 54.375, 1.0898089707158018e-23, nan 
149.375, 54.375, 6.0438882236707025e-24, nan 
149.625, 54.375, 2.5003983572016845e-24, nan 
149.875, 54.375, 2.6187780616713538e-24, nan 
150.125, 54.375, 1.3200353291212386e-24, nan 
150.375, 54.375, 5.817347226368453e-25, nan 
54.625, 54.625, 3.6971318185809895e-24, nan 
54.875, 54.625, 2.7552609706207427e-24, nan 
55.125, 54.625, 6.0043155869760904e-24, nan 
55.375, 54.625, 6.241892675168197e-24, nan 
55.625, 54.625, 2.9805932089488177e-24, nan 
55.875, 54.625, 7.763753182853798e-24, nan 
56.125, 54.625, 8.759413240179119e-24, nan 
56.375, 54.625, 6.097538035379216e-24, nan 
56.625, 54.625, 3.7327885444977075e-24, nan 
56.875, 54.625, 1.1137482921481112e-23, nan 
57.125, 54.625, 1.1634267378501407e-23, nan 
57.375, 54.625, 9.558760195007494e-24, nan 
57.625, 54.625, 1.2363436731224362e-23, nan 
57.875, 54.625, 1.1839529554014152e-23, nan 
58.125, 54.625, 1.3234791828909461e-23, nan 
58.375, 54.625, 1.165042916007737e-23, nan 
58.625, 54.625, 1.0918450862774988e-23, nan 
58.875, 54.625, 4.1146009273211376e-24, nan 
59.125, 54.625, 7.45226914476217e-24, nan 
59.375, 54.625, 7.981083127845764e-24, nan 
59.625, 54.625, 7.330815819987643e-24, nan 
59.875, 54.625, 6.76645793167389e-24, nan 
60.125, 54.625, 7.018763854256996e-24, nan 
60.375, 54.625, 9.016737148980998e-24, nan 
60.625, 54.625, 1.1021436243740201e-23, nan 
60.875, 54.625, 1.4859605437753633e-23, nan 
61.125, 54.625, 2.0882219523244566e-23, nan 
61.375, 54.625, 2.721024087287486e-23, nan 
61.625, 54.625, 2.6112083585879354e-23, nan 
61.875, 54.625, 1.2087250397251967e-23, nan 
62.125, 54.625, 1.1399086006477063e-23, nan 
62.375, 54.625, 1.0343550759980372e-23, nan 
62.625, 54.625, 7.749732824140718e-24, nan 
62.875, 54.625, 7.337819476529237e-24, nan 
63.125, 54.625, 4.070716452052704e-24, nan 
63.375, 54.625, 3.2448174715236273e-24, nan 
63.625, 54.625, 7.736796940432747e-24, nan 
63.875, 54.625, 1.4565128511500414e-23, nan 
64.125, 54.625, 2.396664817348531e-23, nan 
64.375, 54.625, 1.4608206294833197e-23, nan 
64.625, 54.625, 5.244121796013776e-24, nan 
64.875, 54.625, 6.169569632627478e-24, nan 
65.125, 54.625, 7.58530363396349e-24, nan 
65.375, 54.625, 5.3369189155486295e-24, nan 
65.625, 54.625, 5.614644253348629e-24, nan 
65.875, 54.625, 2.54980153949926e-24, nan 
66.125, 54.625, 2.2027526520056618e-24, nan 
66.375, 54.625, 2.6950618090751834e-24, nan 
66.625, 54.625, 2.716467314765199e-24, nan 
66.875, 54.625, 2.214837423092422e-24, nan 
67.125, 54.625, 9.977984539836856e-24, nan 
67.375, 54.625, 1.2671102508190539e-23, nan 
67.625, 54.625, 7.906117814691038e-24, nan 
67.875, 54.625, 4.370685353269348e-24, nan 
68.125, 54.625, 2.8650408985931088e-24, nan 
68.375, 54.625, 9.602517096447647e-24, nan 
68.625, 54.625, 1.7983485096914945e-23, nan 
68.875, 54.625, 1.5941920000496563e-23, nan 
69.125, 54.625, 5.321894450476588e-24, nan 
69.375, 54.625, 1.5790924242214933e-23, nan 
69.625, 54.625, 2.0630493077942856e-23, nan 
69.875, 54.625, 1.5936553811910058e-23, nan 
70.125, 54.625, 3.50477914313577e-23, nan 
70.375, 54.625, 4.309687910703846e-23, nan 
70.625, 54.625, 2.3620314081648725e-23, nan 
70.875, 54.625, 3.705195713764935e-23, nan 
71.125, 54.625, 3.335560946209182e-23, nan 
71.375, 54.625, 8.200100923715012e-24, nan 
71.625, 54.625, 1.915004865388274e-23, nan 
71.875, 54.625, 1.2893389382222343e-23, nan 
72.125, 54.625, 1.0382824162394997e-23, nan 
72.375, 54.625, 1.6781534845371356e-23, nan 
72.625, 54.625, 1.9308414536303334e-23, nan 
72.875, 54.625, 3.243768009693722e-23, nan 
73.125, 54.625, 3.8816574080225103e-23, nan 
73.375, 54.625, 9.837323940440455e-23, nan 
73.625, 54.625, 9.141698802039063e-23, nan 
73.875, 54.625, 5.0578170868300637e-23, nan 
74.125, 54.625, 2.1718838748580483e-23, nan 
74.375, 54.625, 2.9041369942272005e-23, nan 
74.625, 54.625, 3.34642632875312e-23, nan 
74.875, 54.625, 3.242994048193343e-23, nan 
75.125, 54.625, 2.753574364536953e-23, nan 
75.375, 54.625, 5.157308496766848e-24, nan 
75.625, 54.625, 6.165831777721526e-24, nan 
75.875, 54.625, 7.822574682845734e-24, nan 
76.125, 54.625, 6.286962981765515e-24, nan 
76.375, 54.625, 6.0769480332003446e-24, nan 
76.625, 54.625, 1.5517261328611216e-23, nan 
76.875, 54.625, 1.0356745200776892e-23, nan 
77.125, 54.625, 3.481840585862268e-24, nan 
77.375, 54.625, 1.3167533902750006e-23, nan 
77.625, 54.625, 5.955669669875517e-23, nan 
77.875, 54.625, 6.45178342319531e-23, nan 
78.125, 54.625, 7.256809145626579e-23, nan 
78.375, 54.625, 8.244708023987165e-23, nan 
78.625, 54.625, 5.799103472160444e-23, nan 
78.875, 54.625, 4.6916102434289365e-23, nan 
79.125, 54.625, 4.7323939083809004e-23, nan 
79.375, 54.625, 5.452978366597639e-23, nan 
79.625, 54.625, 4.5950966137155605e-23, nan 
79.875, 54.625, 3.768750776721384e-23, nan 
80.125, 54.625, 2.9414338700822264e-23, nan 
80.375, 54.625, 5.478464932275467e-23, nan 
80.625, 54.625, 5.1810184276793816e-23, nan 
80.875, 54.625, 5.790443535342496e-23, nan 
81.125, 54.625, 6.322678171592081e-23, nan 
81.375, 54.625, 5.372521270612676e-23, nan 
81.625, 54.625, 7.355903768839727e-23, nan 
81.875, 54.625, 5.358735662016783e-23, nan 
82.125, 54.625, 7.28847922554874e-23, nan 
82.375, 54.625, 6.725865358894959e-23, nan 
82.625, 54.625, 3.319280748935516e-23, nan 
82.875, 54.625, 2.593259613766859e-23, nan 
83.125, 54.625, 3.8512524633671957e-23, nan 
83.375, 54.625, 4.8892256426442217e-23, nan 
83.625, 54.625, 3.7640531158989735e-23, nan 
83.875, 54.625, 1.2003942399706535e-22, nan 
84.125, 54.625, 1.2477495759367252e-22, nan 
84.375, 54.625, 5.136113906605058e-23, nan 
84.625, 54.625, 4.9415968550276096e-23, nan 
84.875, 54.625, 5.0786115682458064e-23, nan 
85.125, 54.625, 6.657418993273121e-23, nan 
85.375, 54.625, 9.350605576789161e-23, nan 
85.625, 54.625, 1.1066304297515109e-22, nan 
85.875, 54.625, 1.641928211939187e-22, nan 
86.125, 54.625, 1.3508128594047657e-22, nan 
86.375, 54.625, 7.349756913097064e-23, nan 
86.625, 54.625, 1.192027707309919e-22, nan 
86.875, 54.625, 1.2884734614098576e-22, nan 
87.125, 54.625, 8.437789283646254e-23, nan 
87.375, 54.625, 1.0899326230134518e-22, nan 
87.625, 54.625, 1.5366564491276736e-22, nan 
87.875, 54.625, 1.1288763361927546e-22, nan 
88.125, 54.625, 1.151108342689037e-22, nan 
88.375, 54.625, 2.2871350506950555e-22, nan 
88.625, 54.625, 2.2693193309988636e-22, nan 
88.875, 54.625, 6.787970022373696e-23, nan 
89.125, 54.625, 1.2979955432645677e-22, nan 
89.375, 54.625, 1.796683346075154e-22, nan 
89.625, 54.625, 1.50771318937363e-22, nan 
89.875, 54.625, 7.832130068794265e-23, nan 
90.125, 54.625, 4.579267890573436e-23, nan 
90.375, 54.625, 8.279908018726745e-23, nan 
90.625, 54.625, 1.2237516818561587e-22, nan 
90.875, 54.625, 1.4687088544316286e-22, nan 
91.125, 54.625, 1.3615650088640136e-22, nan 
91.375, 54.625, 7.317936604004902e-23, nan 
91.625, 54.625, 5.175359757652039e-23, nan 
91.875, 54.625, 9.930589337664016e-23, nan 
92.125, 54.625, 1.4131019029271603e-22, nan 
92.375, 54.625, 1.454341970498087e-22, nan 
92.625, 54.625, 2.1133295274956266e-22, nan 
92.875, 54.625, 1.85808040792722e-22, nan 
93.125, 54.625, 1.7834211380851635e-22, nan 
93.375, 54.625, 1.4907658297406676e-22, nan 
93.625, 54.625, 1.8505878492067992e-22, nan 
93.875, 54.625, 1.9989170210110474e-22, nan 
94.125, 54.625, 1.321684099545842e-22, nan 
94.375, 54.625, 1.3234119165451805e-22, nan 
94.625, 54.625, 2.281203528227025e-22, nan 
94.875, 54.625, 1.8579388265539626e-22, nan 
95.125, 54.625, 1.740293199117486e-22, nan 
95.375, 54.625, 1.1752923014038412e-22, nan 
95.625, 54.625, 1.4293015784539686e-22, nan 
95.875, 54.625, 1.2954742709763714e-22, nan 
96.125, 54.625, 1.3574074708930617e-22, nan 
96.375, 54.625, 9.560631058759336e-23, nan 
96.625, 54.625, 4.04073034218176e-22, nan 
96.875, 54.625, 4.742439230291072e-22, nan 
97.125, 54.625, 5.408503690930511e-22, nan 
97.375, 54.625, 5.103090537734228e-22, nan 
97.625, 54.625, 2.973514722289439e-22, nan 
97.875, 54.625, 2.938356482909577e-22, nan 
98.125, 54.625, 2.924049217526772e-22, nan 
98.375, 54.625, 2.3588704952487544e-22, nan 
98.625, 54.625, 2.6010157989655935e-22, nan 
98.875, 54.625, 1.9533692838363125e-22, nan 
99.125, 54.625, 2.1364580677742286e-22, nan 
99.375, 54.625, 1.9083845698501773e-22, nan 
99.625, 54.625, 1.803130224820345e-22, nan 
99.875, 54.625, 1.9934533283526058e-22, nan 
100.125, 54.625, 2.682954734768742e-22, nan 
100.375, 54.625, 3.2026847027564086e-22, nan 
100.625, 54.625, 3.1211990072985303e-22, nan 
100.875, 54.625, 2.201747274992539e-22, nan 
101.125, 54.625, 2.63037515286202e-22, nan 
101.375, 54.625, 2.2919070497146594e-22, nan 
101.625, 54.625, 2.7770643886031483e-22, nan 
101.875, 54.625, 3.4618217897384714e-22, nan 
102.125, 54.625, 2.8307326557260347e-22, nan 
102.375, 54.625, 1.8700090447014527e-22, nan 
102.625, 54.625, 3.9923141320311865e-22, nan 
102.875, 54.625, 4.804174365169867e-22, nan 
103.125, 54.625, 5.469082207290561e-22, nan 
103.375, 54.625, 8.481834644187099e-22, nan 
103.625, 54.625, 1.0199997929746802e-21, nan 
103.875, 54.625, 7.7790699471979905e-22, nan 
104.125, 54.625, 8.156932668837898e-22, nan 
104.375, 54.625, 1.1545657613865797e-21, nan 
104.625, 54.625, 1.0466864936132092e-21, nan 
104.875, 54.625, 4.278448557312823e-22, nan 
105.125, 54.625, 3.846935617518315e-22, nan 
105.375, 54.625, 2.214603812180111e-22, nan 
105.625, 54.625, 3.2832026068441406e-22, nan 
105.875, 54.625, 5.167399693455048e-22, nan 
106.125, 54.625, 2.720369063051972e-22, nan 
106.375, 54.625, 3.847530273808522e-22, nan 
106.625, 54.625, 5.823582020518093e-22, nan 
106.875, 54.625, 5.87496457966028e-22, nan 
107.125, 54.625, 2.5029380434996874e-22, nan 
107.375, 54.625, 1.5021865180610082e-22, nan 
107.625, 54.625, 1.7894875723304538e-22, nan 
107.875, 54.625, 1.917565000160086e-22, nan 
108.125, 54.625, 1.5995603381131878e-22, nan 
108.375, 54.625, 1.6717073791295914e-22, nan 
108.625, 54.625, 2.2164542753970124e-22, nan 
108.875, 54.625, 1.7665795665641724e-22, nan 
109.125, 54.625, 2.259229205797692e-22, nan 
109.375, 54.625, 2.1961945361380283e-22, nan 
109.625, 54.625, 1.8909837418915182e-22, nan 
109.875, 54.625, 1.6584633344978123e-22, nan 
110.125, 54.625, 1.112988100268388e-22, nan 
110.375, 54.625, 1.7818483183661583e-22, nan 
110.625, 54.625, 2.536454951811767e-22, nan 
110.875, 54.625, 5.713606724018711e-22, nan 
111.125, 54.625, 5.744081707149227e-22, nan 
111.375, 54.625, 2.5977921536227856e-22, nan 
111.625, 54.625, 1.0045395616202945e-22, nan 
111.875, 54.625, 8.585438268874056e-23, nan 
112.125, 54.625, 5.766125319002922e-23, nan 
112.375, 54.625, 5.71865730429291e-23, nan 
112.625, 54.625, 7.028544056780756e-23, nan 
112.875, 54.625, 8.012429770101766e-23, nan 
113.125, 54.625, 9.261104446490602e-23, nan 
113.375, 54.625, 6.2301012194202e-23, nan 
113.625, 54.625, 4.681415738122662e-23, nan 
113.875, 54.625, 7.135152591565248e-23, nan 
114.125, 54.625, 1.5312442894812953e-22, nan 
114.375, 54.625, 2.0110778179137975e-22, nan 
114.625, 54.625, 1.3808590421786907e-22, nan 
114.875, 54.625, 9.182598333634732e-23, nan 
115.125, 54.625, 4.493948426287686e-23, nan 
115.375, 54.625, 1.4136080843495702e-22, nan 
115.625, 54.625, 9.767438743177102e-23, nan 
115.875, 54.625, 1.7935865581417062e-22, nan 
116.125, 54.625, 2.60286945183094e-22, nan 
116.375, 54.625, 1.9898273504912033e-22, nan 
116.625, 54.625, 8.02034786372855e-23, nan 
116.875, 54.625, 1.2350328065418325e-22, nan 
117.125, 54.625, 1.5750025648913113e-22, nan 
117.375, 54.625, 1.0008182251018158e-22, nan 
117.625, 54.625, 2.0429383299688457e-22, nan 
117.875, 54.625, 2.1003088895111932e-22, nan 
118.125, 54.625, 1.0040024643600028e-22, nan 
118.375, 54.625, 9.288812252947248e-23, nan 
118.625, 54.625, 1.02932206848182e-22, nan 
118.875, 54.625, 6.071672756999229e-23, nan 
119.125, 54.625, 6.220749213089787e-23, nan 
119.375, 54.625, 1.1329719797008717e-22, nan 
119.625, 54.625, 1.0776832465308994e-22, nan 
119.875, 54.625, 6.529227954946574e-23, nan 
120.125, 54.625, 9.064062511682725e-23, nan 
120.375, 54.625, 9.593236894269858e-23, nan 
120.625, 54.625, 6.400762742193239e-23, nan 
120.875, 54.625, 3.2712125263481016e-23, nan 
121.125, 54.625, 3.161960588283282e-23, nan 
121.375, 54.625, 4.139378307943474e-23, nan 
121.625, 54.625, 5.060240552013268e-23, nan 
121.875, 54.625, 5.758480347137802e-23, nan 
122.125, 54.625, 6.061268322290753e-23, nan 
122.375, 54.625, 7.307393462067691e-23, nan 
122.625, 54.625, 8.032237138438691e-23, nan 
122.875, 54.625, 6.100401550999725e-23, nan 
123.125, 54.625, 7.115886501770008e-23, nan 
123.375, 54.625, 2.766035264842403e-23, nan 
123.625, 54.625, 4.9629399099826535e-23, nan 
123.875, 54.625, 6.562319581126728e-23, nan 
124.125, 54.625, 5.520127100500407e-23, nan 
124.375, 54.625, 4.038881499018808e-23, nan 
124.625, 54.625, 4.711294152756887e-23, nan 
124.875, 54.625, 4.236711171523855e-23, nan 
125.125, 54.625, 4.0580896151383125e-23, nan 
125.375, 54.625, 5.327884107981113e-23, nan 
125.625, 54.625, 4.591370881803366e-23, nan 
125.875, 54.625, 3.2160278643628317e-23, nan 
126.125, 54.625, 2.6537008291361993e-23, nan 
126.375, 54.625, 3.847525598459899e-23, nan 
126.625, 54.625, 7.337773152883004e-23, nan 
126.875, 54.625, 6.610091379173758e-23, nan 
127.125, 54.625, 4.353090135897494e-23, nan 
127.375, 54.625, 4.342400131316776e-23, nan 
127.625, 54.625, 4.378343500781537e-23, nan 
127.875, 54.625, 4.201076296318757e-23, nan 
128.125, 54.625, 2.958055838812703e-23, nan 
128.375, 54.625, 1.5991187864440186e-22, nan 
128.625, 54.625, 1.543996344907111e-22, nan 
128.875, 54.625, 9.327340175544993e-23, nan 
129.125, 54.625, 1.2898129489375798e-23, nan 
129.375, 54.625, 8.877745617511801e-24, nan 
129.625, 54.625, 8.838405019429431e-24, nan 
129.875, 54.625, 1.090030118589601e-23, nan 
130.125, 54.625, 1.6174931138441046e-23, nan 
130.375, 54.625, 1.8564587232326034e-23, nan 
130.625, 54.625, 1.6574023264441057e-23, nan 
130.875, 54.625, 1.8530568061503807e-23, nan 
131.125, 54.625, 1.8948078633282906e-23, nan 
131.375, 54.625, 2.1075923917010422e-23, nan 
131.625, 54.625, 2.1098324577088383e-23, nan 
131.875, 54.625, 1.2896616768356842e-23, nan 
132.125, 54.625, 1.1854804632170238e-23, nan 
132.375, 54.625, 1.154086722149015e-23, nan 
132.625, 54.625, 3.122093111589366e-23, nan 
132.875, 54.625, 3.529848459684699e-23, nan 
133.125, 54.625, 3.175625538039507e-23, nan 
133.375, 54.625, 4.5697552101689844e-23, nan 
133.625, 54.625, 3.701459558030154e-23, nan 
133.875, 54.625, 3.478265506233933e-23, nan 
134.125, 54.625, 9.452747311608539e-24, nan 
134.375, 54.625, 9.536752930664586e-24, nan 
134.625, 54.625, 1.1342956698838176e-23, nan 
134.875, 54.625, 9.019852050331767e-24, nan 
135.125, 54.625, 8.199834871766332e-24, nan 
135.375, 54.625, 7.732094118719126e-24, nan 
135.625, 54.625, 2.243323199383477e-23, nan 
135.875, 54.625, 1.6555490921495337e-23, nan 
136.125, 54.625, 1.9248487367250546e-23, nan 
136.375, 54.625, 2.3655257907125737e-23, nan 
136.625, 54.625, 2.0335057187171535e-23, nan 
136.875, 54.625, 1.750826809311369e-23, nan 
137.125, 54.625, 1.525889244657185e-23, nan 
137.375, 54.625, 1.4256817024693962e-23, nan 
137.625, 54.625, 1.0496496909372068e-23, nan 
137.875, 54.625, 1.7253622439533048e-23, nan 
138.125, 54.625, 1.6478880102462102e-23, nan 
138.375, 54.625, 2.136482179451446e-23, nan 
138.625, 54.625, 2.964531747459791e-23, nan 
138.875, 54.625, 2.9008597269205913e-23, nan 
139.125, 54.625, 5.675283603549692e-23, nan 
139.375, 54.625, 2.121608410922345e-22, nan 
139.625, 54.625, 1.5262042988192727e-22, nan 
139.875, 54.625, 3.1800655057416686e-23, nan 
140.125, 54.625, 2.1755418461771344e-23, nan 
140.375, 54.625, 2.333228663605136e-23, nan 
140.625, 54.625, 1.1772242097563269e-23, nan 
140.875, 54.625, 2.386895138150076e-24, nan 
141.125, 54.625, 5.597839659620891e-24, nan 
141.375, 54.625, 6.961502600966133e-24, nan 
141.625, 54.625, 4.67577036031983e-24, nan 
141.875, 54.625, 2.799297561228391e-24, nan 
142.125, 54.625, 2.2302932927287536e-24, nan 
142.375, 54.625, 4.366662766681398e-24, nan 
142.625, 54.625, 5.031972557961742e-24, nan 
142.875, 54.625, 6.88297619730935e-24, nan 
143.125, 54.625, 7.70305343126707e-24, nan 
143.375, 54.625, 1.1258215423590886e-23, nan 
143.625, 54.625, 1.0851689401904505e-23, nan 
143.875, 54.625, 4.174916646560479e-24, nan 
144.125, 54.625, 4.0970786950678636e-24, nan 
144.375, 54.625, 5.852902411431586e-24, nan 
144.625, 54.625, 7.475589769680683e-24, nan 
144.875, 54.625, 1.4802372577959558e-23, nan 
145.125, 54.625, 1.5675521058037003e-23, nan 
145.375, 54.625, 8.25811471903174e-24, nan 
145.625, 54.625, 9.872697026065941e-24, nan 
145.875, 54.625, 3.690177574528049e-24, nan 
146.125, 54.625, 2.3853026538735566e-24, nan 
146.375, 54.625, 3.901955036912766e-24, nan 
146.625, 54.625, 4.492041176826402e-24, nan 
146.875, 54.625, 3.798475939548294e-24, nan 
147.125, 54.625, 4.585101081817778e-24, nan 
147.375, 54.625, 5.1725703184321915e-24, nan 
147.625, 54.625, 1.875581993738805e-24, nan 
147.875, 54.625, 1.9609495158273303e-24, nan 
148.125, 54.625, 2.0396696232168226e-24, nan 
148.375, 54.625, 4.676975158456968e-24, nan 
148.625, 54.625, 9.34885836607321e-24, nan 
148.875, 54.625, 8.578789815424663e-24, nan 
149.125, 54.625, 2.6609493976098712e-24, nan 
149.375, 54.625, 3.591158739242995e-24, nan 
149.625, 54.625, 4.34352980475581e-24, nan 
149.875, 54.625, 3.723170388284204e-24, nan 
150.125, 54.625, 1.5425287921440922e-24, nan 
150.375, 54.625, 2.7106114938558093e-24, nan 
150.625, 54.625, 2.4651570379456412e-24, nan 
150.875, 54.625, 5.461612496387648e-25, nan 
151.125, 54.625, 1.9611546074435952e-24, nan 
151.375, 54.625, 2.312005717857261e-24, nan 
53.625, 54.875, 3.3244202382549006e-24, nan 
53.875, 54.875, 3.974968504661304e-24, nan 
54.125, 54.875, 4.183407107610791e-24, nan 
54.375, 54.875, 5.18501358059769e-24, nan 
54.625, 54.875, 4.804773619688103e-24, nan 
54.875, 54.875, 2.544697661437253e-24, nan 
55.125, 54.875, 5.080935759326915e-24, nan 
55.375, 54.875, 4.3126047860869534e-24, nan 
55.625, 54.875, 3.444418340446347e-24, nan 
55.875, 54.875, 3.7293209005806414e-24, nan 
56.125, 54.875, 3.9956607825555014e-24, nan 
56.375, 54.875, 3.996970662754012e-24, nan 
56.625, 54.875, 7.90728830456859e-24, nan 
56.875, 54.875, 1.0293496217391416e-23, nan 
57.125, 54.875, 2.790112377891153e-24, nan 
57.375, 54.875, 5.268926778203874e-24, nan 
57.625, 54.875, 8.811284738354877e-24, nan 
57.875, 54.875, 9.57462706951114e-24, nan 
58.125, 54.875, 5.99713093826795e-24, nan 
58.375, 54.875, 7.19235758932391e-24, nan 
58.625, 54.875, 6.4446948085563804e-24, nan 
58.875, 54.875, 5.1427813499862386e-24, nan 
59.125, 54.875, 6.086310739472364e-24, nan 
59.375, 54.875, 1.0877051343826254e-23, nan 
59.625, 54.875, 1.2045195663135985e-23, nan 
59.875, 54.875, 8.226779321647596e-24, nan 
60.125, 54.875, 2.172309434798152e-24, nan 
60.375, 54.875, 4.4267335295010786e-24, nan 
60.625, 54.875, 9.796775838562023e-24, nan 
60.875, 54.875, 1.3727729673335143e-23, nan 
61.125, 54.875, 1.413700369248441e-23, nan 
61.375, 54.875, 1.670475996154093e-23, nan 
61.625, 54.875, 1.5530497141915052e-23, nan 
61.875, 54.875, 4.6134131645639665e-24, nan 
62.125, 54.875, 6.74995018580822e-24, nan 
62.375, 54.875, 8.817912124561869e-24, nan 
62.625, 54.875, 8.700602725386373e-24, nan 
62.875, 54.875, 1.4287889828666084e-23, nan 
63.125, 54.875, 1.5779631480770703e-23, nan 
63.375, 54.875, 9.188443878254716e-24, nan 
63.625, 54.875, 1.1834435864381542e-23, nan 
63.875, 54.875, 9.216435017630705e-24, nan 
64.125, 54.875, 1.321539921187312e-23, nan 
64.375, 54.875, 4.775337191153931e-24, nan 
64.625, 54.875, 5.805506083904982e-24, nan 
64.875, 54.875, 5.653494153928135e-24, nan 
65.125, 54.875, 8.395540801803109e-24, nan 
65.375, 54.875, 6.969161847754611e-24, nan 
65.625, 54.875, 1.7393828532320848e-24, nan 
65.875, 54.875, 2.43862091323823e-24, nan 
66.125, 54.875, 3.80547699877104e-24, nan 
66.375, 54.875, 4.065361105046801e-24, nan 
66.625, 54.875, 3.65335820251853e-24, nan 
66.875, 54.875, 3.6297111837655426e-24, nan 
67.125, 54.875, 3.9797662681108574e-24, nan 
67.375, 54.875, 7.26301391413995e-24, nan 
67.625, 54.875, 9.450022055117509e-24, nan 
67.875, 54.875, 8.520847919496154e-24, nan 
68.125, 54.875, 9.820393714259427e-24, nan 
68.375, 54.875, 1.572436790323233e-23, nan 
68.625, 54.875, 2.7994801508316603e-23, nan 
68.875, 54.875, 2.5443945087521936e-23, nan 
69.125, 54.875, 1.05951096215087e-23, nan 
69.375, 54.875, 1.8286968038104275e-23, nan 
69.625, 54.875, 1.9275995642132773e-23, nan 
69.875, 54.875, 1.777056886157255e-23, nan 
70.125, 54.875, 1.5570053776723692e-23, nan 
70.375, 54.875, 5.0844377609712697e-23, nan 
70.625, 54.875, 4.915422821925905e-23, nan 
70.875, 54.875, 3.461977298228557e-23, nan 
71.125, 54.875, 2.856772749604472e-23, nan 
71.375, 54.875, 5.160687592584929e-24, nan 
71.625, 54.875, 8.392966474597815e-24, nan 
71.875, 54.875, 1.0948458895442249e-23, nan 
72.125, 54.875, 1.4697989582607695e-23, nan 
72.375, 54.875, 1.947730065158809e-23, nan 
72.625, 54.875, 1.9033093034103294e-23, nan 
72.875, 54.875, 2.6293894209741058e-23, nan 
73.125, 54.875, 1.3425886729551553e-22, nan 
73.375, 54.875, 1.8635122496846033e-22, nan 
73.625, 54.875, 1.6112864001254327e-22, nan 
73.875, 54.875, 1.3327301458854606e-22, nan 
74.125, 54.875, 2.8659358886527814e-23, nan 
74.375, 54.875, 2.0931374872024825e-23, nan 
74.625, 54.875, 2.1261626704463217e-23, nan 
74.875, 54.875, 1.712944812466671e-23, nan 
75.125, 54.875, 9.392526791589325e-24, nan 
75.375, 54.875, 7.702580494718121e-24, nan 
75.625, 54.875, 6.4072429259897736e-24, nan 
75.875, 54.875, 1.1795256981331856e-23, nan 
76.125, 54.875, 1.801395836828155e-23, nan 
76.375, 54.875, 1.2047054281636369e-23, nan 
76.625, 54.875, 1.3104064714016977e-23, nan 
76.875, 54.875, 1.414904368070313e-23, nan 
77.125, 54.875, 1.073990253250131e-23, nan 
77.375, 54.875, 1.3478360553288237e-23, nan 
77.625, 54.875, 4.3749718549902946e-23, nan 
77.875, 54.875, 6.040447790102578e-23, nan 
78.125, 54.875, 9.916281328122754e-23, nan 
78.375, 54.875, 9.806707245419606e-23, nan 
78.625, 54.875, 6.362678231518617e-23, nan 
78.875, 54.875, 5.650232822805874e-23, nan 
79.125, 54.875, 5.559091455337202e-23, nan 
79.375, 54.875, 5.66075916260427e-23, nan 
79.625, 54.875, 3.466000057386954e-23, nan 
79.875, 54.875, 3.211188440424987e-23, nan 
80.125, 54.875, 2.2865018583128777e-23, nan 
80.375, 54.875, 3.067537147459131e-23, nan 
80.625, 54.875, 3.041419562674569e-23, nan 
80.875, 54.875, 4.132835786765256e-23, nan 
81.125, 54.875, 4.6020192332225164e-23, nan 
81.375, 54.875, 4.900586187011079e-23, nan 
81.625, 54.875, 1.2877336682946018e-22, nan 
81.875, 54.875, 1.450307391859654e-22, nan 
82.125, 54.875, 7.085545876158797e-23, nan 
82.375, 54.875, 6.420423654068579e-23, nan 
82.625, 54.875, 5.200777718687578e-23, nan 
82.875, 54.875, 5.142759855229034e-23, nan 
83.125, 54.875, 3.656846998976676e-23, nan 
83.375, 54.875, 2.3288418568251816e-23, nan 
83.625, 54.875, 3.849445588175773e-23, nan 
83.875, 54.875, 4.844814526950701e-23, nan 
84.125, 54.875, 5.33117558785215e-23, nan 
84.375, 54.875, 5.43013065374375e-23, nan 
84.625, 54.875, 5.768919428627637e-23, nan 
84.875, 54.875, 8.128912913696337e-23, nan 
85.125, 54.875, 6.144171517582029e-23, nan 
85.375, 54.875, 7.258636021250927e-23, nan 
85.625, 54.875, 8.042457126403401e-23, nan 
85.875, 54.875, 2.0161928153732967e-22, nan 
86.125, 54.875, 1.6354788880291294e-22, nan 
86.375, 54.875, 9.13738175477239e-23, nan 
86.625, 54.875, 1.1436687208282067e-22, nan 
86.875, 54.875, 1.5134605663705748e-22, nan 
87.125, 54.875, 1.0457504943133053e-22, nan 
87.375, 54.875, 3.557068609332123e-23, nan 
87.625, 54.875, 9.319158762169973e-23, nan 
87.875, 54.875, 1.8756093904606467e-22, nan 
88.125, 54.875, 2.0862553259795102e-22, nan 
88.375, 54.875, 2.481778465509374e-22, nan 
88.625, 54.875, 2.3353887163786545e-22, nan 
88.875, 54.875, 1.4900589185490445e-22, nan 
89.125, 54.875, 1.9384574758049386e-22, nan 
89.375, 54.875, 1.6602681914031155e-22, nan 
89.625, 54.875, 8.3580656293212e-23, nan 
89.875, 54.875, 7.462798817270732e-23, nan 
90.125, 54.875, 9.43664300114764e-23, nan 
90.375, 54.875, 9.544912987561287e-23, nan 
90.625, 54.875, 5.268566730352736e-23, nan 
90.875, 54.875, 1.190769149973914e-22, nan 
91.125, 54.875, 1.4537112313462066e-22, nan 
91.375, 54.875, 9.570730578247675e-23, nan 
91.625, 54.875, 1.1236556571976706e-22, nan 
91.875, 54.875, 1.2134692571423683e-22, nan 
92.125, 54.875, 9.269540904334503e-23, nan 
92.375, 54.875, 9.440572763049726e-23, nan 
92.625, 54.875, 1.5346907598221743e-22, nan 
92.875, 54.875, 1.5734846474397132e-22, nan 
93.125, 54.875, 2.3964784269850334e-22, nan 
93.375, 54.875, 2.671161787070911e-22, nan 
93.625, 54.875, 1.1649097994691385e-22, nan 
93.875, 54.875, 1.5545257486150027e-22, nan 
94.125, 54.875, 1.312129687325469e-22, nan 
94.375, 54.875, 8.549975736555173e-23, nan 
94.625, 54.875, 1.65385960758459e-22, nan 
94.875, 54.875, 1.913839639823275e-22, nan 
95.125, 54.875, 1.0167994672550687e-22, nan 
95.375, 54.875, 1.4283359707763038e-22, nan 
95.625, 54.875, 1.7381755027474917e-22, nan 
95.875, 54.875, 1.453766551524719e-22, nan 
96.125, 54.875, 1.6017333044105385e-22, nan 
96.375, 54.875, 1.6142297413094719e-22, nan 
96.625, 54.875, 1.0242249260975852e-22, nan 
96.875, 54.875, 3.0241252453443934e-22, nan 
97.125, 54.875, 4.0055775476329753e-22, nan 
97.375, 54.875, 2.669245649760951e-22, nan 
97.625, 54.875, 2.607244976876276e-22, nan 
97.875, 54.875, 2.7235338729054877e-22, nan 
98.125, 54.875, 2.449937374477354e-22, nan 
98.375, 54.875, 4.94433640785348e-22, nan 
98.625, 54.875, 6.839065755816761e-22, nan 
98.875, 54.875, 4.0354706248304533e-22, nan 
99.125, 54.875, 2.825988724281721e-22, nan 
99.375, 54.875, 2.71079090041829e-22, nan 
99.625, 54.875, 2.6380934524678946e-22, nan 
99.875, 54.875, 2.2771488904926354e-22, nan 
100.125, 54.875, 2.3452844946539116e-22, nan 
100.375, 54.875, 2.6928928903976627e-22, nan 
100.625, 54.875, 3.208151604356413e-22, nan 
100.875, 54.875, 2.8036685039052484e-22, nan 
101.125, 54.875, 2.5679578683799866e-22, nan 
101.375, 54.875, 1.661087440655674e-22, nan 
101.625, 54.875, 3.136282630992515e-22, nan 
101.875, 54.875, 3.163993801875895e-22, nan 
102.125, 54.875, 3.2644154548976945e-22, nan 
102.375, 54.875, 5.524115540984536e-22, nan 
102.625, 54.875, 7.63194149952584e-22, nan 
102.875, 54.875, 7.257923819321336e-22, nan 
103.125, 54.875, 8.189919641534808e-22, nan 
103.375, 54.875, 1.2048013399712907e-21, nan 
103.625, 54.875, 1.1422649312561393e-21, nan 
103.875, 54.875, 8.407617401334441e-22, nan 
104.125, 54.875, 5.032686940594491e-22, nan 
104.375, 54.875, 5.911709607690428e-22, nan 
104.625, 54.875, 9.382137655870503e-22, nan 
104.875, 54.875, 7.808699684790539e-22, nan 
105.125, 54.875, 3.227213148941148e-22, nan 
105.375, 54.875, 1.17849602711984e-22, nan 
105.625, 54.875, 3.2105040555512737e-22, nan 
105.875, 54.875, 4.151040767298313e-22, nan 
106.125, 54.875, 4.838577886927234e-22, nan 
106.375, 54.875, 4.369992664419269e-22, nan 
106.625, 54.875, 4.033897661504904e-22, nan 
106.875, 54.875, 3.6738998600565884e-22, nan 
107.125, 54.875, 1.9728915799044953e-22, nan 
107.375, 54.875, 2.245133727587399e-22, nan 
107.625, 54.875, 2.3348694684504417e-22, nan 
107.875, 54.875, 4.570178639437312e-22, nan 
108.125, 54.875, 1.6881712034047558e-22, nan 
108.375, 54.875, 1.6226569808894882e-22, nan 
108.625, 54.875, 2.188372170970944e-22, nan 
108.875, 54.875, 2.395379159523587e-22, nan 
109.125, 54.875, 2.829679659651556e-22, nan 
109.375, 54.875, 1.9756636878975674e-22, nan 
109.625, 54.875, 1.6226126523569238e-22, nan 
109.875, 54.875, 2.076294378315258e-22, nan 
110.125, 54.875, 1.871655624875032e-22, nan 
110.375, 54.875, 2.3710607719451356e-22, nan 
110.625, 54.875, 5.520649628887533e-22, nan 
110.875, 54.875, 6.551754751475502e-22, nan 
111.125, 54.875, 5.752271781651636e-22, nan 
111.375, 54.875, 4.518414834285916e-22, nan 
111.625, 54.875, 1.3890044042860869e-22, nan 
111.875, 54.875, 1.5935549976446596e-22, nan 
112.125, 54.875, 1.0267609304484437e-22, nan 
112.375, 54.875, 4.222169025393929e-23, nan 
112.625, 54.875, 7.168503934114847e-23, nan 
112.875, 54.875, 9.966231995657649e-23, nan 
113.125, 54.875, 1.6014511196905374e-22, nan 
113.375, 54.875, 1.1378071560263613e-22, nan 
113.625, 54.875, 6.60519218881142e-23, nan 
113.875, 54.875, 7.090164358679537e-23, nan 
114.125, 54.875, 5.2055591614322617e-23, nan 
114.375, 54.875, 9.377910111400726e-23, nan 
114.625, 54.875, 5.727744174250222e-23, nan 
114.875, 54.875, 9.470294811316567e-23, nan 
115.125, 54.875, 2.3485030930466194e-22, nan 
115.375, 54.875, 2.423544626883937e-22, nan 
115.625, 54.875, 9.574336029319392e-23, nan 
115.875, 54.875, 2.695629073994187e-22, nan 
116.125, 54.875, 3.360933454378749e-22, nan 
116.375, 54.875, 2.4118939428876524e-22, nan 
116.625, 54.875, 1.2350023414143108e-22, nan 
116.875, 54.875, 1.6874674830889214e-22, nan 
117.125, 54.875, 1.6361573237585556e-22, nan 
117.375, 54.875, 1.0371767358856339e-22, nan 
117.625, 54.875, 2.0228790674929923e-22, nan 
117.875, 54.875, 1.9788263066199285e-22, nan 
118.125, 54.875, 1.0923408472424822e-22, nan 
118.375, 54.875, 6.512712988447915e-23, nan 
118.625, 54.875, 5.438120880282374e-23, nan 
118.875, 54.875, 5.747631247637781e-23, nan 
119.125, 54.875, 8.362961400938303e-23, nan 
119.375, 54.875, 1.4447794967677408e-22, nan 
119.625, 54.875, 1.229988681960012e-22, nan 
119.875, 54.875, 5.862778092467645e-23, nan 
120.125, 54.875, 6.58074130497544e-23, nan 
120.375, 54.875, 7.64614696481498e-23, nan 
120.625, 54.875, 6.323100448881828e-23, nan 
120.875, 54.875, 5.0314660429719593e-23, nan 
121.125, 54.875, 7.136242625271522e-23, nan 
121.375, 54.875, 6.709195832313543e-23, nan 
121.625, 54.875, 6.850216443017015e-23, nan 
121.875, 54.875, 7.123905303977212e-23, nan 
122.125, 54.875, 1.1883395674581538e-22, nan 
122.375, 54.875, 1.2954963034620483e-22, nan 
122.625, 54.875, 1.009576401127918e-22, nan 
122.875, 54.875, 5.623541303947177e-23, nan 
123.125, 54.875, 5.356085158056035e-23, nan 
123.375, 54.875, 2.9246689130206615e-23, nan 
123.625, 54.875, 3.51097052635572e-23, nan 
123.875, 54.875, 5.261525889692782e-23, nan 
124.125, 54.875, 5.698533159287691e-23, nan 
124.375, 54.875, 4.734421158786446e-23, nan 
124.625, 54.875, 4.0078346420595134e-23, nan 
124.875, 54.875, 3.789367052770739e-23, nan 
125.125, 54.875, 3.970406968455931e-23, nan 
125.375, 54.875, 3.37874127795852e-23, nan 
125.625, 54.875, 3.9286382065618145e-23, nan 
125.875, 54.875, 2.4530439104928702e-23, nan 
126.125, 54.875, 2.506436719066981e-23, nan 
126.375, 54.875, 2.5967226902303686e-23, nan 
126.625, 54.875, 6.432036062757266e-23, nan 
126.875, 54.875, 7.243663705816389e-23, nan 
127.125, 54.875, 2.816039228048001e-23, nan 
127.375, 54.875, 2.918157799840444e-23, nan 
127.625, 54.875, 4.246056536046601e-23, nan 
127.875, 54.875, 6.375678062178466e-23, nan 
128.125, 54.875, 6.18845028321698e-23, nan 
128.375, 54.875, 4.074332796844103e-23, nan 
128.625, 54.875, 9.432254359707879e-23, nan 
128.875, 54.875, 1.8120617453439996e-22, nan 
129.125, 54.875, 1.4906713497365824e-22, nan 
129.375, 54.875, 8.05949271555607e-24, nan 
129.625, 54.875, 1.1839624283339816e-23, nan 
129.875, 54.875, 1.9938517303782167e-23, nan 
130.125, 54.875, 3.0942258600780535e-23, nan 
130.375, 54.875, 9.60852972502205e-24, nan 
130.625, 54.875, 9.90214482195008e-24, nan 
130.875, 54.875, 3.7488246650975764e-24, nan 
131.125, 54.875, 9.795650264720107e-24, nan 
131.375, 54.875, 1.4149481630118483e-23, nan 
131.625, 54.875, 2.3811773707409924e-23, nan 
131.875, 54.875, 2.0417271474245757e-23, nan 
132.125, 54.875, 1.404134983391646e-23, nan 
132.375, 54.875, 5.83751306809867e-23, nan 
132.625, 54.875, 6.272516342033369e-23, nan 
132.875, 54.875, 3.2172075728731045e-23, nan 
133.125, 54.875, 2.9741857675514303e-23, nan 
133.375, 54.875, 1.876809224835079e-23, nan 
133.625, 54.875, 1.710226000054428e-23, nan 
133.875, 54.875, 4.7924071841313566e-23, nan 
134.125, 54.875, 4.1210324524611784e-23, nan 
134.375, 54.875, 1.445123519270355e-23, nan 
134.625, 54.875, 1.5302706335402053e-23, nan 
134.875, 54.875, 7.55691017766332e-24, nan 
135.125, 54.875, 1.382836441651208e-23, nan 
135.375, 54.875, 1.4019549865554215e-23, nan 
135.625, 54.875, 8.875163895701039e-24, nan 
135.875, 54.875, 3.370353903832231e-24, nan 
136.125, 54.875, 5.639916761429244e-24, nan 
136.375, 54.875, 1.8854599917753745e-23, nan 
136.625, 54.875, 1.6770369721515673e-23, nan 
136.875, 54.875, 4.950569741393225e-24, nan 
137.125, 54.875, 8.261295398418764e-24, nan 
137.375, 54.875, 1.1431085090255075e-23, nan 
137.625, 54.875, 1.0854885761955567e-23, nan 
137.875, 54.875, 1.0117899152748928e-23, nan 
138.125, 54.875, 1.3636707682736235e-23, nan 
138.375, 54.875, 8.801415423147278e-24, nan 
138.625, 54.875, 2.4639126877782586e-23, nan 
138.875, 54.875, 2.6230000377261347e-23, nan 
139.125, 54.875, 2.1343776840253015e-23, nan 
139.375, 54.875, 4.209366306266133e-23, nan 
139.625, 54.875, 2.540509753341359e-23, nan 
139.875, 54.875, 1.4774683278152553e-23, nan 
140.125, 54.875, 2.1237976324966912e-23, nan 
140.375, 54.875, 2.214369561430118e-23, nan 
140.625, 54.875, 1.1302128333782854e-23, nan 
140.875, 54.875, 4.123407969216632e-24, nan 
141.125, 54.875, 9.565851479260574e-24, nan 
141.375, 54.875, 1.0197302004355566e-23, nan 
141.625, 54.875, 8.81502983480859e-24, nan 
141.875, 54.875, 6.030982285955649e-24, nan 
142.125, 54.875, 3.712668789876555e-24, nan 
142.375, 54.875, 3.7040275545467894e-24, nan 
142.625, 54.875, 6.40508159656086e-24, nan 
142.875, 54.875, 1.0367150483336043e-23, nan 
143.125, 54.875, 9.135005680350334e-24, nan 
143.375, 54.875, 2.189260937554963e-23, nan 
143.625, 54.875, 1.7973299759794123e-23, nan 
143.875, 54.875, 3.902077854086985e-24, nan 
144.125, 54.875, 4.584024241480692e-24, nan 
144.375, 54.875, 5.326523004608433e-24, nan 
144.625, 54.875, 1.5727932912447125e-23, nan 
144.875, 54.875, 1.5051637695362483e-23, nan 
145.125, 54.875, 9.477495031068658e-24, nan 
145.375, 54.875, 1.0132588558124984e-23, nan 
145.625, 54.875, 7.518044330069501e-24, nan 
145.875, 54.875, 4.788275938605941e-24, nan 
146.125, 54.875, 4.3624090653020085e-24, nan 
146.375, 54.875, 5.742111995822514e-24, nan 
146.625, 54.875, 5.1531216946522584e-24, nan 
146.875, 54.875, 2.320232942737182e-24, nan 
147.125, 54.875, 1.8667663981501554e-24, nan 
147.375, 54.875, 2.039455828948681e-24, nan 
147.625, 54.875, 1.9878094830396495e-24, nan 
147.875, 54.875, 1.8530487670236815e-24, nan 
148.125, 54.875, 6.677896029833094e-24, nan 
148.375, 54.875, 7.609555337849061e-24, nan 
148.625, 54.875, 5.2590813234404864e-24, nan 
148.875, 54.875, 3.716234288685919e-24, nan 
149.125, 54.875, 2.4993788277019225e-24, nan 
149.375, 54.875, 1.5536332557598637e-24, nan 
149.625, 54.875, 1.9975306910097746e-24, nan 
149.875, 54.875, 2.761758215004583e-24, nan 
150.125, 54.875, 2.0549646702896544e-24, nan 
150.375, 54.875, 2.736565360591963e-24, nan 
150.625, 54.875, 2.6858188999799594e-24, nan 
150.875, 54.875, 3.691620809807697e-24, nan 
151.125, 54.875, 3.32636542594729e-24, nan 
151.375, 54.875, 6.484943933918422e-24, nan 
151.625, 54.875, 2.9399806004122302e-24, nan 
151.875, 54.875, 2.77990995418457e-24, nan 
152.125, 54.875, 5.039343963660887e-24, nan 
152.375, 54.875, 6.470436039364862e-24, nan 
52.625, 55.125, 7.676872121385206e-24, nan 
52.875, 55.125, 4.058169304476276e-24, nan 
53.125, 55.125, 3.925672469086989e-24, nan 
53.375, 55.125, 4.765560016217796e-24, nan 
53.625, 55.125, 3.485215067196361e-24, nan 
53.875, 55.125, 4.4430769684757504e-24, nan 
54.125, 55.125, 4.400873510553607e-24, nan 
54.375, 55.125, 5.515807811399357e-24, nan 
54.625, 55.125, 6.836012917189174e-24, nan 
54.875, 55.125, 4.825695622373772e-24, nan 
55.125, 55.125, 3.299814975153498e-24, nan 
55.375, 55.125, 5.5373172741373595e-24, nan 
55.625, 55.125, 8.936387383887926e-24, nan 
55.875, 55.125, 6.470875937915347e-24, nan 
56.125, 55.125, 5.3779286181747225e-24, nan 
56.375, 55.125, 5.031520055517691e-24, nan 
56.625, 55.125, 8.896348489303458e-24, nan 
56.875, 55.125, 6.542501235517384e-24, nan 
57.125, 55.125, 3.2747176574820463e-24, nan 
57.375, 55.125, 3.9779328148707305e-24, nan 
57.625, 55.125, 8.086580912610241e-24, nan 
57.875, 55.125, 8.85664818105165e-24, nan 
58.125, 55.125, 5.2800578616468334e-24, nan 
58.375, 55.125, 8.751447635548512e-24, nan 
58.625, 55.125, 4.196414864242114e-24, nan 
58.875, 55.125, 3.309826849030922e-24, nan 
59.125, 55.125, 2.198490442902145e-24, nan 
59.375, 55.125, 3.3554551831308025e-24, nan 
59.625, 55.125, 7.857966860219012e-24, nan 
59.875, 55.125, 1.0108347318869408e-23, nan 
60.125, 55.125, 7.49533351543387e-24, nan 
60.375, 55.125, 8.766532161432887e-24, nan 
60.625, 55.125, 1.3840416428774946e-23, nan 
60.875, 55.125, 2.3621381333894406e-23, nan 
61.125, 55.125, 2.4361610357790782e-23, nan 
61.375, 55.125, 1.719053456133871e-23, nan 
61.625, 55.125, 1.4719337818406393e-23, nan 
61.875, 55.125, 1.1358831615257558e-23, nan 
62.125, 55.125, 1.4005290955002708e-23, nan 
62.375, 55.125, 9.946189882445425e-24, nan 
62.625, 55.125, 7.762071189799787e-24, nan 
62.875, 55.125, 9.439574542929804e-24, nan 
63.125, 55.125, 1.4762838089835162e-23, nan 
63.375, 55.125, 1.331921663966159e-23, nan 
63.625, 55.125, 9.291079908432283e-24, nan 
63.875, 55.125, 5.903736778884404e-24, nan 
64.125, 55.125, 6.670021740230557e-24, nan 
64.375, 55.125, 8.021653125403259e-24, nan 
64.625, 55.125, 4.6816660371292996e-24, nan 
64.875, 55.125, 6.2389801547136995e-24, nan 
65.125, 55.125, 9.59193626065764e-24, nan 
65.375, 55.125, 1.1298740518852306e-23, nan 
65.625, 55.125, 4.749687608677032e-24, nan 
65.875, 55.125, 5.694475101901511e-24, nan 
66.125, 55.125, 6.844103708798105e-24, nan 
66.375, 55.125, 5.14799861591885e-24, nan 
66.625, 55.125, 3.448415338188805e-24, nan 
66.875, 55.125, 2.9588769910909562e-24, nan 
67.125, 55.125, 3.760279884275804e-24, nan 
67.375, 55.125, 4.399578816644667e-24, nan 
67.625, 55.125, 6.230062319009628e-24, nan 
67.875, 55.125, 4.112528007360841e-24, nan 
68.125, 55.125, 5.9200926524115386e-24, nan 
68.375, 55.125, 1.9184443081678795e-23, nan 
68.625, 55.125, 2.1572861116881004e-23, nan 
68.875, 55.125, 1.2527492551189616e-23, nan 
69.125, 55.125, 2.0497592487598363e-23, nan 
69.375, 55.125, 1.971425561270338e-23, nan 
69.625, 55.125, 2.9103382366357297e-23, nan 
69.875, 55.125, 3.1845942315662983e-23, nan 
70.125, 55.125, 2.5021477744996826e-23, nan 
70.375, 55.125, 1.857885282679117e-23, nan 
70.625, 55.125, 3.550585840668342e-23, nan 
70.875, 55.125, 3.322234425112901e-23, nan 
71.125, 55.125, 1.847298223057706e-23, nan 
71.375, 55.125, 1.332979204442727e-23, nan 
71.625, 55.125, 1.2331251078908431e-23, nan 
71.875, 55.125, 1.9426700820625748e-23, nan 
72.125, 55.125, 7.161875377843094e-24, nan 
72.375, 55.125, 1.6531414410992054e-23, nan 
72.625, 55.125, 1.675421767187507e-23, nan 
72.875, 55.125, 1.5770077180016934e-23, nan 
73.125, 55.125, 3.9944303742036425e-23, nan 
73.375, 55.125, 1.1461542210526732e-22, nan 
73.625, 55.125, 1.0221855869966219e-22, nan 
73.875, 55.125, 3.557654388371877e-23, nan 
74.125, 55.125, 4.376789011741741e-23, nan 
74.375, 55.125, 4.181431926823502e-23, nan 
74.625, 55.125, 1.5717034694589846e-23, nan 
74.875, 55.125, 1.3852345049504956e-23, nan 
75.125, 55.125, 1.3412628653005497e-23, nan 
75.375, 55.125, 1.3095101599463464e-23, nan 
75.625, 55.125, 1.8326085775087854e-23, nan 
75.875, 55.125, 1.4247296754203297e-23, nan 
76.125, 55.125, 1.8859061891986608e-23, nan 
76.375, 55.125, 1.3037853848148772e-23, nan 
76.625, 55.125, 1.2897829600107152e-23, nan 
76.875, 55.125, 1.5723081646907273e-23, nan 
77.125, 55.125, 1.6431797623673342e-23, nan 
77.375, 55.125, 1.7446760659541426e-23, nan 
77.625, 55.125, 4.426909819731336e-23, nan 
77.875, 55.125, 5.823734811193627e-23, nan 
78.125, 55.125, 4.393224944580353e-23, nan 
78.375, 55.125, 4.982218204104028e-23, nan 
78.625, 55.125, 1.0225309262628189e-22, nan 
78.875, 55.125, 1.0063035097733378e-22, nan 
79.125, 55.125, 6.538919846587728e-23, nan 
79.375, 55.125, 7.995619376295164e-23, nan 
79.625, 55.125, 5.883314062772382e-23, nan 
79.875, 55.125, 4.2314915173822216e-23, nan 
80.125, 55.125, 2.5085917137470406e-23, nan 
80.375, 55.125, 4.8597588737598766e-23, nan 
80.625, 55.125, 5.262414949815122e-23, nan 
80.875, 55.125, 5.228697736847824e-23, nan 
81.125, 55.125, 4.552568828834744e-23, nan 
81.375, 55.125, 2.945908089940144e-23, nan 
81.625, 55.125, 4.41193722773389e-23, nan 
81.875, 55.125, 1.587351244300898e-22, nan 
82.125, 55.125, 1.830054832101e-22, nan 
82.375, 55.125, 1.240688113421285e-22, nan 
82.625, 55.125, 6.49338722255988e-23, nan 
82.875, 55.125, 5.411567446850903e-23, nan 
83.125, 55.125, 5.488348794131252e-23, nan 
83.375, 55.125, 4.312880162973361e-23, nan 
83.625, 55.125, 3.384369005493304e-23, nan 
83.875, 55.125, 4.2689289011907704e-23, nan 
84.125, 55.125, 3.821634836239759e-23, nan 
84.375, 55.125, 3.2328268276557235e-23, nan 
84.625, 55.125, 1.9907055566117325e-23, nan 
84.875, 55.125, 7.219158697597484e-23, nan 
85.125, 55.125, 1.0003725195776252e-22, nan 
85.375, 55.125, 1.1353325610746285e-22, nan 
85.625, 55.125, 1.487354036194037e-22, nan 
85.875, 55.125, 2.169429877519356e-22, nan 
86.125, 55.125, 8.029288238588267e-23, nan 
86.375, 55.125, 1.3959369799514426e-22, nan 
86.625, 55.125, 1.4564266737257174e-22, nan 
86.875, 55.125, 1.3671623397152533e-22, nan 
87.125, 55.125, 1.2972200582925127e-22, nan 
87.375, 55.125, 1.361051958111597e-22, nan 
87.625, 55.125, 1.6054826125065317e-22, nan 
87.875, 55.125, 1.1745227253194882e-22, nan 
88.125, 55.125, 1.1708260006585183e-22, nan 
88.375, 55.125, 1.468146253645075e-22, nan 
88.625, 55.125, 2.0789022323382564e-22, nan 
88.875, 55.125, 1.5565655035485152e-22, nan 
89.125, 55.125, 1.0826539217946523e-22, nan 
89.375, 55.125, 1.7960062622477105e-22, nan 
89.625, 55.125, 1.6835426789299884e-22, nan 
89.875, 55.125, 6.383692487159931e-23, nan 
90.125, 55.125, 1.1049994673454235e-22, nan 
90.375, 55.125, 1.592791050925584e-22, nan 
90.625, 55.125, 1.28133563881564e-22, nan 
90.875, 55.125, 7.811602238459108e-23, nan 
91.125, 55.125, 1.3321472122655863e-22, nan 
91.375, 55.125, 1.5289319496119855e-22, nan 
91.625, 55.125, 1.218217280669209e-22, nan 
91.875, 55.125, 1.018331033940369e-22, nan 
92.125, 55.125, 1.223183496146378e-22, nan 
92.375, 55.125, 1.229454112347496e-22, nan 
92.625, 55.125, 2.050801723165247e-22, nan 
92.875, 55.125, 2.100883035465961e-22, nan 
93.125, 55.125, 1.231566164478498e-22, nan 
93.375, 55.125, 1.889467001814953e-22, nan 
93.625, 55.125, 1.9452373895197437e-22, nan 
93.875, 55.125, 2.6149102657691748e-22, nan 
94.125, 55.125, 1.947615455569389e-22, nan 
94.375, 55.125, 1.2594349045116722e-22, nan 
94.625, 55.125, 1.4519741202548384e-22, nan 
94.875, 55.125, 2.544226370837105e-22, nan 
95.125, 55.125, 2.121596395768326e-22, nan 
95.375, 55.125, 1.0705712070873297e-22, nan 
95.625, 55.125, 5.872714659155799e-23, nan 
95.875, 55.125, 9.066348726988499e-23, nan 
96.125, 55.125, 1.761139570477306e-22, nan 
96.375, 55.125, 2.233582625229408e-22, nan 
96.625, 55.125, 2.5173150956652094e-22, nan 
96.875, 55.125, 2.339029524242313e-22, nan 
97.125, 55.125, 3.894204677459936e-22, nan 
97.375, 55.125, 1.5865519006341247e-22, nan 
97.625, 55.125, 1.7201909550239683e-22, nan 
97.875, 55.125, 2.2413511550362677e-22, nan 
98.125, 55.125, 6.158898772474102e-22, nan 
98.375, 55.125, 8.699883219703149e-22, nan 
98.625, 55.125, 1.0337623735481256e-21, nan 
98.875, 55.125, 8.543164794447364e-22, nan 
99.125, 55.125, 5.123902524358725e-22, nan 
99.375, 55.125, 2.7645664374422104e-22, nan 
99.625, 55.125, 2.650774580535447e-22, nan 
99.875, 55.125, 2.601200264946153e-22, nan 
100.125, 55.125, 3.4787509610668564e-22, nan 
100.375, 55.125, 2.9952976002773904e-22, nan 
100.625, 55.125, 2.587920132631266e-22, nan 
100.875, 55.125, 4.371207080125762e-22, nan 
101.125, 55.125, 3.627312777949052e-22, nan 
101.375, 55.125, 9.74142357008724e-22, nan 
101.625, 55.125, 8.730377798860109e-22, nan 
101.875, 55.125, 8.300198275527785e-22, nan 
102.125, 55.125, 8.059314454926013e-22, nan 
102.375, 55.125, 5.055865071721154e-22, nan 
102.625, 55.125, 2.0220543052039626e-22, nan 
102.875, 55.125, 4.469909349969086e-22, nan 
103.125, 55.125, 9.025170480987109e-22, nan 
103.375, 55.125, 1.7266942542673902e-21, nan 
103.625, 55.125, 1.5413078751606292e-21, nan 
103.875, 55.125, 8.218582040993577e-22, nan 
104.125, 55.125, 8.315526508614512e-22, nan 
104.375, 55.125, 9.074711027222448e-22, nan 
104.625, 55.125, 7.922048662948465e-22, nan 
104.875, 55.125, 4.530663624686119e-22, nan 
105.125, 55.125, 3.6091602478244983e-22, nan 
105.375, 55.125, 3.3595771738305076e-22, nan 
105.625, 55.125, 2.78771641353919e-22, nan 
105.875, 55.125, 3.6821856720436848e-22, nan 
106.125, 55.125, 4.1985165861619183e-22, nan 
106.375, 55.125, 2.1109852221988033e-22, nan 
106.625, 55.125, 1.7801310417336192e-22, nan 
106.875, 55.125, 2.2365133560402e-22, nan 
107.125, 55.125, 2.698776668735272e-22, nan 
107.375, 55.125, 2.2554961300481e-22, nan 
107.625, 55.125, 4.1828710050845237e-22, nan 
107.875, 55.125, 1.10237276901673e-21, nan 
108.125, 55.125, 8.681223899219663e-22, nan 
108.375, 55.125, 2.3425822990200564e-22, nan 
108.625, 55.125, 2.110056379990657e-22, nan 
108.875, 55.125, 3.061173206997658e-22, nan 
109.125, 55.125, 3.780789730583574e-22, nan 
109.375, 55.125, 2.9866090563978036e-22, nan 
109.625, 55.125, 2.153310705604826e-22, nan 
109.875, 55.125, 1.3981510629454322e-22, nan 
110.125, 55.125, 2.5232749477594146e-22, nan 
110.375, 55.125, 2.6129246261186246e-22, nan 
110.625, 55.125, 2.467303014031725e-22, nan 
110.875, 55.125, 2.7801110447893416e-22, nan 
111.125, 55.125, 2.92708953001538e-22, nan 
111.375, 55.125, 1.8897778072263103e-22, nan 
111.625, 55.125, 1.8741104795263307e-22, nan 
111.875, 55.125, 2.3666600960399534e-22, nan 
112.125, 55.125, 2.5184842692701797e-22, nan 
112.375, 55.125, 2.457562687923404e-22, nan 
112.625, 55.125, 1.4004780271030446e-22, nan 
112.875, 55.125, 1.0051684111356796e-22, nan 
113.125, 55.125, 2.127216392634187e-22, nan 
113.375, 55.125, 2.374576889368213e-22, nan 
113.625, 55.125, 1.8535398430181183e-22, nan 
113.875, 55.125, 1.1503446466131545e-22, nan 
114.125, 55.125, 8.124231987129439e-23, nan 
114.375, 55.125, 8.646299000032606e-23, nan 
114.625, 55.125, 1.6370010853731295e-22, nan 
114.875, 55.125, 1.7338298444599926e-22, nan 
115.125, 55.125, 1.6792428389109316e-22, nan 
115.375, 55.125, 1.086322460188255e-22, nan 
115.625, 55.125, 8.240564881202335e-23, nan 
115.875, 55.125, 8.649252317290539e-23, nan 
116.125, 55.125, 2.1727996948684502e-22, nan 
116.375, 55.125, 3.045178958749433e-22, nan 
116.625, 55.125, 2.1475050691161445e-22, nan 
116.875, 55.125, 8.788149526320568e-23, nan 
117.125, 55.125, 5.02697091199634e-23, nan 
117.375, 55.125, 1.0216778518880709e-22, nan 
117.625, 55.125, 9.794014143455695e-23, nan 
117.875, 55.125, 6.070348364711694e-23, nan 
118.125, 55.125, 1.179381185761062e-22, nan 
118.375, 55.125, 1.222466477009735e-22, nan 
118.625, 55.125, 9.473850880092072e-23, nan 
118.875, 55.125, 1.1510044460456468e-22, nan 
119.125, 55.125, 1.1882885696936474e-22, nan 
119.375, 55.125, 2.393448976886678e-22, nan 
119.625, 55.125, 2.4154253708865027e-22, nan 
119.875, 55.125, 5.916276392662598e-23, nan 
120.125, 55.125, 5.018623713297065e-23, nan 
120.375, 55.125, 6.617165502877349e-23, nan 
120.625, 55.125, 7.304384577592444e-23, nan 
120.875, 55.125, 6.619261454635751e-23, nan 
121.125, 55.125, 6.225665508970166e-23, nan 
121.375, 55.125, 7.094179064576106e-23, nan 
121.625, 55.125, 8.732048763096596e-23, nan 
121.875, 55.125, 7.795269046899247e-23, nan 
122.125, 55.125, 6.91804274889384e-23, nan 
122.375, 55.125, 6.266770807146116e-23, nan 
122.625, 55.125, 9.995441168055992e-23, nan 
122.875, 55.125, 8.912453608194726e-23, nan 
123.125, 55.125, 8.501712023865613e-23, nan 
123.375, 55.125, 4.844799881131836e-23, nan 
123.625, 55.125, 1.2532008359076948e-23, nan 
123.875, 55.125, 2.4321610783866588e-23, nan 
124.125, 55.125, 4.6248975840963346e-23, nan 
124.375, 55.125, 3.78356989628757e-23, nan 
124.625, 55.125, 2.50011493535458e-23, nan 
124.875, 55.125, 2.1342731127289023e-23, nan 
125.125, 55.125, 1.4449201390252728e-23, nan 
125.375, 55.125, 4.31977411126744e-23, nan 
125.625, 55.125, 5.493491533179122e-23, nan 
125.875, 55.125, 2.702243308726459e-23, nan 
126.125, 55.125, 2.5902037214874725e-23, nan 
126.375, 55.125, 2.7697102808407535e-23, nan 
126.625, 55.125, 1.1274704209694215e-23, nan 
126.875, 55.125, 5.195741376585176e-23, nan 
127.125, 55.125, 3.899373577298754e-23, nan 
127.375, 55.125, 2.929194234157222e-23, nan 
127.625, 55.125, 4.195685837088058e-23, nan 
127.875, 55.125, 4.845198112423048e-23, nan 
128.125, 55.125, 5.599000669582981e-23, nan 
128.375, 55.125, 5.942025235465242e-23, nan 
128.625, 55.125, 5.347009413514092e-23, nan 
128.875, 55.125, 1.1343706026851874e-22, nan 
129.125, 55.125, 1.2230574942626145e-22, nan 
129.375, 55.125, 3.4243556292358e-23, nan 
129.625, 55.125, 3.6984350498818605e-23, nan 
129.875, 55.125, 6.061503719563254e-23, nan 
130.125, 55.125, 7.392007627204815e-23, nan 
130.375, 55.125, 4.2446317009235254e-23, nan 
130.625, 55.125, 1.6020631084097692e-23, nan 
130.875, 55.125, 1.4264537814636408e-23, nan 
131.125, 55.125, 9.815741567973471e-24, nan 
131.375, 55.125, 9.212800634009671e-24, nan 
131.625, 55.125, 7.327073462968114e-24, nan 
131.875, 55.125, 1.7533764633335818e-23, nan 
132.125, 55.125, 4.9169273965020087e-23, nan 
132.375, 55.125, 5.657708020001517e-23, nan 
132.625, 55.125, 2.306223650814055e-23, nan 
132.875, 55.125, 2.2162895695867787e-23, nan 
133.125, 55.125, 3.2881493893151465e-23, nan 
133.375, 55.125, 5.230605829787189e-23, nan 
133.625, 55.125, 4.8010525979779604e-23, nan 
133.875, 55.125, 2.3214778929353865e-23, nan 
134.125, 55.125, 3.121211292912535e-23, nan 
134.375, 55.125, 3.154021996640852e-23, nan 
134.625, 55.125, 2.2062151431896715e-23, nan 
134.875, 55.125, 1.2768604831504036e-23, nan 
135.125, 55.125, 1.8802512158932915e-23, nan 
135.375, 55.125, 1.5199058717847387e-23, nan 
135.625, 55.125, 3.467693448215627e-24, nan 
135.875, 55.125, 4.893284769735086e-24, nan 
136.125, 55.125, 4.0019406823729345e-24, nan 
136.375, 55.125, 2.1546884049032552e-23, nan 
136.625, 55.125, 2.1444075284411148e-23, nan 
136.875, 55.125, 5.262021577711432e-24, nan 
137.125, 55.125, 2.7548550720140274e-24, nan 
137.375, 55.125, 3.565479628181288e-24, nan 
137.625, 55.125, 5.337518019214659e-24, nan 
137.875, 55.125, 7.46892276797782e-24, nan 
138.125, 55.125, 6.278580499064308e-24, nan 
138.375, 55.125, 2.339022056402313e-23, nan 
138.625, 55.125, 2.5226079552304218e-23, nan 
138.875, 55.125, 1.8931069801986932e-23, nan 
139.125, 55.125, 3.004552403640712e-23, nan 
139.375, 55.125, 2.3082947369244673e-23, nan 
139.625, 55.125, 1.0200518170903248e-23, nan 
139.875, 55.125, 1.6964946127449348e-23, nan 
140.125, 55.125, 1.5486499771268984e-23, nan 
140.375, 55.125, 1.5456964829392574e-23, nan 
140.625, 55.125, 5.8031732821031895e-24, nan 
140.875, 55.125, 1.404773626898005e-23, nan 
141.125, 55.125, 1.2642098338365136e-23, nan 
141.375, 55.125, 4.276423068861264e-24, nan 
141.625, 55.125, 3.90013102880243e-24, nan 
141.875, 55.125, 2.7814332613086087e-24, nan 
142.125, 55.125, 6.6152499570705836e-24, nan 
142.375, 55.125, 1.0812389452261253e-23, nan 
142.625, 55.125, 9.914639017882642e-24, nan 
142.875, 55.125, 7.709201661900647e-24, nan 
143.125, 55.125, 2.2542054894703593e-23, nan 
143.375, 55.125, 2.375817082814254e-23, nan 
143.625, 55.125, 2.893887801067042e-24, nan 
143.875, 55.125, 2.0916857424903525e-24, nan 
144.125, 55.125, 4.3120807908421574e-24, nan 
144.375, 55.125, 1.9108745522073028e-23, nan 
144.625, 55.125, 1.7187917013977357e-23, nan 
144.875, 55.125, 4.28182348991932e-24, nan 
145.125, 55.125, 8.426339340424371e-24, nan 
145.375, 55.125, 8.46151528283494e-24, nan 
145.625, 55.125, 3.6810478592554505e-24, nan 
145.875, 55.125, 4.8073986142584706e-24, nan 
146.125, 55.125, 1.9370386972978793e-24, nan 
146.375, 55.125, 7.772651752168404e-24, nan 
146.625, 55.125, 8.235691556239728e-24, nan 
146.875, 55.125, 2.6081415632491363e-24, nan 
147.125, 55.125, 3.216950536445224e-24, nan 
147.375, 55.125, 1.9857940060220757e-24, nan 
147.625, 55.125, 4.936935843018402e-24, nan 
147.875, 55.125, 5.0960409695661084e-24, nan 
148.125, 55.125, 2.4327645683422666e-24, nan 
148.375, 55.125, 2.0614396237978982e-24, nan 
148.625, 55.125, 4.6244893392674516e-24, nan 
148.875, 55.125, 5.2425836826784995e-24, nan 
149.125, 55.125, 3.75646008750179e-24, nan 
149.375, 55.125, 1.6168649283079272e-24, nan 
149.625, 55.125, 2.7128589929406375e-24, nan 
149.875, 55.125, 3.1263029244440605e-24, nan 
150.125, 55.125, 3.6630953479771755e-24, nan 
150.375, 55.125, 1.7961012168350973e-24, nan 
150.625, 55.125, 1.689540635874678e-24, nan 
150.875, 55.125, 1.1093103683509537e-24, nan 
151.125, 55.125, 1.1201280234075107e-23, nan 
151.375, 55.125, 1.492290435905146e-23, nan 
151.625, 55.125, 7.630588641853245e-24, nan 
151.875, 55.125, 3.119088612358644e-24, nan 
152.125, 55.125, 3.936219119923402e-24, nan 
152.375, 55.125, 5.1765650849735234e-24, nan 
152.625, 55.125, 5.501676104683484e-24, nan 
152.875, 55.125, 4.016080074653464e-24, nan 
153.125, 55.125, 2.4354432502371263e-24, nan 
153.375, 55.125, 1.922868963222254e-24, nan 
51.625, 55.375, 2.3991981244911183e-24, nan 
51.875, 55.375, 6.720123027322836e-24, nan 
52.125, 55.375, 1.2940454378663453e-23, nan 
52.375, 55.375, 1.412540021924598e-23, nan 
52.625, 55.375, 5.8105598412145766e-24, nan 
52.875, 55.375, 4.9070566427224106e-24, nan 
53.125, 55.375, 4.844027449171915e-24, nan 
53.375, 55.375, 5.300989556805553e-24, nan 
53.625, 55.375, 4.1847796055762584e-24, nan 
53.875, 55.375, 4.0818259831972565e-24, nan 
54.125, 55.375, 5.955901620875128e-24, nan 
54.375, 55.375, 5.7073962136940415e-24, nan 
54.625, 55.375, 7.370852504572721e-24, nan 
54.875, 55.375, 6.736845974293965e-24, nan 
55.125, 55.375, 4.662716976254217e-24, nan 
55.375, 55.375, 4.483235980601505e-24, nan 
55.625, 55.375, 6.630171892927015e-24, nan 
55.875, 55.375, 7.71884040121842e-24, nan 
56.125, 55.375, 9.793339845843085e-24, nan 
56.375, 55.375, 9.04011897186078e-24, nan 
56.625, 55.375, 8.301218938710717e-24, nan 
56.875, 55.375, 4.801670664982414e-24, nan 
57.125, 55.375, 4.066011832769134e-24, nan 
57.375, 55.375, 2.8776045941744958e-24, nan 
57.625, 55.375, 4.236780853047574e-24, nan 
57.875, 55.375, 5.551703688697692e-24, nan 
58.125, 55.375, 6.1986360272395614e-24, nan 
58.375, 55.375, 1.1517823247340575e-23, nan 
58.625, 55.375, 8.971341404117196e-24, nan 
58.875, 55.375, 5.87012242191175e-24, nan 
59.125, 55.375, 5.413724436877125e-24, nan 
59.375, 55.375, 5.407036781810302e-24, nan 
59.625, 55.375, 5.8017208711250706e-24, nan 
59.875, 55.375, 7.555189973696578e-24, nan 
60.125, 55.375, 1.1435514626269422e-23, nan 
60.375, 55.375, 9.541939327569725e-24, nan 
60.625, 55.375, 5.94329735697861e-24, nan 
60.875, 55.375, 2.24817700507241e-23, nan 
61.125, 55.375, 3.085023710273664e-23, nan 
61.375, 55.375, 2.4237244551419597e-23, nan 
61.625, 55.375, 1.9090447614695754e-23, nan 
61.875, 55.375, 1.3374294902356108e-23, nan 
62.125, 55.375, 1.956535078011691e-23, nan 
62.375, 55.375, 1.7348475891748494e-23, nan 
62.625, 55.375, 1.0457065813673161e-23, nan 
62.875, 55.375, 8.791244722793424e-24, nan 
63.125, 55.375, 1.6717743575172388e-23, nan 
63.375, 55.375, 1.8241972572437262e-23, nan 
63.625, 55.375, 8.227923291905504e-24, nan 
63.875, 55.375, 2.6392161687131734e-23, nan 
64.125, 55.375, 2.6365222665593563e-23, nan 
64.375, 55.375, 1.2696969362609247e-23, nan 
64.625, 55.375, 1.2622714474593756e-23, nan 
64.875, 55.375, 1.9660615209303424e-23, nan 
65.125, 55.375, 1.334144139980394e-23, nan 
65.375, 55.375, 1.40750479815631e-23, nan 
65.625, 55.375, 1.1197725717700166e-23, nan 
65.875, 55.375, 5.9885474372221174e-24, nan 
66.125, 55.375, 7.756882149875812e-24, nan 
66.375, 55.375, 7.411107480034227e-24, nan 
66.625, 55.375, 6.5051585150716334e-24, nan 
66.875, 55.375, 8.437975871485362e-24, nan 
67.125, 55.375, 1.0960184855919863e-23, nan 
67.375, 55.375, 8.742811441290485e-24, nan 
67.625, 55.375, 2.908359359009845e-24, nan 
67.875, 55.375, 2.4219011989120894e-24, nan 
68.125, 55.375, 2.1083936381395482e-23, nan 
68.375, 55.375, 2.678091879058204e-23, nan 
68.625, 55.375, 1.361102518091323e-23, nan 
68.875, 55.375, 2.587620075292406e-23, nan 
69.125, 55.375, 2.65386130274395e-23, nan 
69.375, 55.375, 1.585906655540338e-23, nan 
69.625, 55.375, 2.90018623053269e-23, nan 
69.875, 55.375, 5.1580692374685077e-23, nan 
70.125, 55.375, 5.373100254570759e-23, nan 
70.375, 55.375, 3.9682966479740416e-23, nan 
70.625, 55.375, 3.36052129094011e-23, nan 
70.875, 55.375, 2.54566641401906e-23, nan 
71.125, 55.375, 1.8075073946412748e-23, nan 
71.375, 55.375, 1.2827475558788274e-23, nan 
71.625, 55.375, 3.180568789032032e-23, nan 
71.875, 55.375, 4.531846401891389e-23, nan 
72.125, 55.375, 3.6577248433931804e-23, nan 
72.375, 55.375, 1.7985328618777613e-23, nan 
72.625, 55.375, 1.6699633143158645e-23, nan 
72.875, 55.375, 1.343493132512166e-23, nan 
73.125, 55.375, 2.3474313969689427e-23, nan 
73.375, 55.375, 5.868234018914489e-23, nan 
73.625, 55.375, 1.2144021114432413e-22, nan 
73.875, 55.375, 1.0165395787117655e-22, nan 
74.125, 55.375, 2.968331304302927e-23, nan 
74.375, 55.375, 2.1561505825382635e-23, nan 
74.625, 55.375, 1.4500323345143658e-23, nan 
74.875, 55.375, 1.2019552812510937e-23, nan 
75.125, 55.375, 1.4875703521216528e-23, nan 
75.375, 55.375, 2.2107155722997394e-23, nan 
75.625, 55.375, 1.7093463652435745e-23, nan 
75.875, 55.375, 1.9955183196228285e-23, nan 
76.125, 55.375, 4.306060560781329e-23, nan 
76.375, 55.375, 3.557731092640982e-23, nan 
76.625, 55.375, 2.2983127004996766e-23, nan 
76.875, 55.375, 1.8742143087261523e-23, nan 
77.125, 55.375, 1.8675585697365975e-23, nan 
77.375, 55.375, 1.8458300491270562e-23, nan 
77.625, 55.375, 3.8759612012740103e-23, nan 
77.875, 55.375, 6.796039142962937e-23, nan 
78.125, 55.375, 8.6469894846736e-23, nan 
78.375, 55.375, 4.1674532383425206e-23, nan 
78.625, 55.375, 6.484806633691496e-23, nan 
78.875, 55.375, 6.559226479061788e-23, nan 
79.125, 55.375, 4.7892702838453256e-23, nan 
79.375, 55.375, 1.0423586588523178e-22, nan 
79.625, 55.375, 1.164539112613992e-22, nan 
79.875, 55.375, 7.696573487699872e-23, nan 
80.125, 55.375, 4.024151497188373e-23, nan 
80.375, 55.375, 7.695283616111355e-23, nan 
80.625, 55.375, 9.923309203132111e-23, nan 
80.875, 55.375, 7.484944761619066e-23, nan 
81.125, 55.375, 8.007723388477443e-23, nan 
81.375, 55.375, 7.348889860991173e-23, nan 
81.625, 55.375, 7.694660843728106e-23, nan 
81.875, 55.375, 7.665545327211093e-23, nan 
82.125, 55.375, 1.0800236540396813e-22, nan 
82.375, 55.375, 1.2352002028989997e-22, nan 
82.625, 55.375, 6.131345593762224e-23, nan 
82.875, 55.375, 6.615864383251199e-23, nan 
83.125, 55.375, 1.1288747624994317e-22, nan 
83.375, 55.375, 9.730109766522181e-23, nan 
83.625, 55.375, 6.305231081513575e-23, nan 
83.875, 55.375, 7.52404540686998e-23, nan 
84.125, 55.375, 5.296959964944697e-23, nan 
84.375, 55.375, 3.948138921134575e-23, nan 
84.625, 55.375, 3.278894465674808e-23, nan 
84.875, 55.375, 3.606187716351578e-23, nan 
85.125, 55.375, 4.9424103103592904e-23, nan 
85.375, 55.375, 1.6679622980852414e-22, nan 
85.625, 55.375, 2.8623820227499805e-22, nan 
85.875, 55.375, 2.561990322007415e-22, nan 
86.125, 55.375, 1.7134165062372226e-22, nan 
86.375, 55.375, 1.6099882479963656e-22, nan 
86.625, 55.375, 1.313755996087264e-22, nan 
86.875, 55.375, 1.73474346557543e-22, nan 
87.125, 55.375, 1.439473704410166e-22, nan 
87.375, 55.375, 1.0726127214145918e-22, nan 
87.625, 55.375, 1.8218551523295516e-22, nan 
87.875, 55.375, 1.7282599549405723e-22, nan 
88.125, 55.375, 6.631210401280504e-23, nan 
88.375, 55.375, 2.4871314635584247e-22, nan 
88.625, 55.375, 2.836079464721363e-22, nan 
88.875, 55.375, 1.5531143815403518e-22, nan 
89.125, 55.375, 1.1421285016220004e-22, nan 
89.375, 55.375, 1.189761744393933e-22, nan 
89.625, 55.375, 1.1859563544310954e-22, nan 
89.875, 55.375, 6.215383983114329e-23, nan 
90.125, 55.375, 1.4501431511158268e-22, nan 
90.375, 55.375, 1.8096368677759363e-22, nan 
90.625, 55.375, 1.3055273581778334e-22, nan 
90.875, 55.375, 6.038429181530792e-23, nan 
91.125, 55.375, 1.312443921803872e-22, nan 
91.375, 55.375, 1.87826595787351e-22, nan 
91.625, 55.375, 1.7565662348383832e-22, nan 
91.875, 55.375, 1.8529897007355153e-22, nan 
92.125, 55.375, 1.7109399249260887e-22, nan 
92.375, 55.375, 1.5560917640560657e-22, nan 
92.625, 55.375, 1.8517402713211137e-22, nan 
92.875, 55.375, 1.965341440661194e-22, nan 
93.125, 55.375, 1.4108190559418282e-22, nan 
93.375, 55.375, 1.9240263883543387e-22, nan 
93.625, 55.375, 1.9385823258704325e-22, nan 
93.875, 55.375, 2.618235600083986e-22, nan 
94.125, 55.375, 2.9041044847723517e-22, nan 
94.375, 55.375, 2.1715038008404394e-22, nan 
94.625, 55.375, 1.10431244575646e-22, nan 
94.875, 55.375, 2.6606584488537227e-22, nan 
95.125, 55.375, 3.0833376971371754e-22, nan 
95.375, 55.375, 2.1789185043530073e-22, nan 
95.625, 55.375, 1.4512589766699404e-22, nan 
95.875, 55.375, 1.3452241815863717e-22, nan 
96.125, 55.375, 3.5602930932404866e-22, nan 
96.375, 55.375, 2.680455638323493e-22, nan 
96.625, 55.375, 2.781124865323753e-22, nan 
96.875, 55.375, 2.1312846929632307e-22, nan 
97.125, 55.375, 3.9033817266948526e-22, nan 
97.375, 55.375, 4.161456263517461e-22, nan 
97.625, 55.375, 2.8542149005455913e-22, nan 
97.875, 55.375, 1.7203468374661254e-22, nan 
98.125, 55.375, 3.6741077452212023e-22, nan 
98.375, 55.375, 3.619505601308791e-22, nan 
98.625, 55.375, 3.679123460731499e-22, nan 
98.875, 55.375, 3.7984807592786074e-22, nan 
99.125, 55.375, 4.0804745210136304e-22, nan 
99.375, 55.375, 2.704362409245172e-22, nan 
99.625, 55.375, 1.557944261962661e-22, nan 
99.875, 55.375, 1.976595571554e-22, nan 
100.125, 55.375, 4.0811813409753426e-22, nan 
100.375, 55.375, 4.1731028449749174e-22, nan 
100.625, 55.375, 4.273243743094891e-22, nan 
100.875, 55.375, 6.154900025331172e-22, nan 
101.125, 55.375, 1.4158912670271194e-21, nan 
101.375, 55.375, 1.6516634616270617e-21, nan 
101.625, 55.375, 2.520514280649784e-21, nan 
101.875, 55.375, 2.553288878790545e-21, nan 
102.125, 55.375, 1.2356293842543881e-21, nan 
102.375, 55.375, 1.4561356914332433e-21, nan 
102.625, 55.375, 1.0568791296012719e-21, nan 
102.875, 55.375, 5.615470855191628e-22, nan 
103.125, 55.375, 1.5263705392123229e-21, nan 
103.375, 55.375, 1.331480289899351e-21, nan 
103.625, 55.375, 1.7420621041621372e-22, nan 
103.875, 55.375, 5.093950606319105e-22, nan 
104.125, 55.375, 4.252953799748315e-22, nan 
104.375, 55.375, 8.980805184188594e-22, nan 
104.625, 55.375, 1.3014159221181342e-21, nan 
104.875, 55.375, 1.0555878121273017e-21, nan 
105.125, 55.375, 4.1935156585886343e-22, nan 
105.375, 55.375, 3.4459745939500134e-22, nan 
105.625, 55.375, 3.483682816634824e-22, nan 
105.875, 55.375, 2.8337758695522057e-22, nan 
106.125, 55.375, 2.1912540316845385e-22, nan 
106.375, 55.375, 2.3232977263094596e-22, nan 
106.625, 55.375, 1.296875345730146e-22, nan 
106.875, 55.375, 1.8424168248162044e-22, nan 
107.125, 55.375, 2.0358252286615181e-22, nan 
107.375, 55.375, 1.1805110595485467e-22, nan 
107.625, 55.375, 4.259298943194486e-22, nan 
107.875, 55.375, 5.913458809730272e-22, nan 
108.125, 55.375, 1.790087092724684e-22, nan 
108.375, 55.375, 1.5029997917064912e-22, nan 
108.625, 55.375, 2.668701416887081e-22, nan 
108.875, 55.375, 4.0824257907461897e-22, nan 
109.125, 55.375, 3.8812277967681747e-22, nan 
109.375, 55.375, 2.4683119946765704e-22, nan 
109.625, 55.375, 3.282902158656845e-22, nan 
109.875, 55.375, 3.167484386346569e-22, nan 
110.125, 55.375, 1.7842717766512045e-22, nan 
110.375, 55.375, 3.2695030280247663e-22, nan 
110.625, 55.375, 3.191890711852516e-22, nan 
110.875, 55.375, 3.0089904370688924e-22, nan 
111.125, 55.375, 2.167975942532511e-22, nan 
111.375, 55.375, 2.1000722773240474e-22, nan 
111.625, 55.375, 1.8489586752416258e-22, nan 
111.875, 55.375, 1.876236806308307e-22, nan 
112.125, 55.375, 1.8550664838094918e-22, nan 
112.375, 55.375, 1.560929702755574e-22, nan 
112.625, 55.375, 1.6785820559968128e-22, nan 
112.875, 55.375, 2.279939225848156e-22, nan 
113.125, 55.375, 1.374283584898218e-22, nan 
113.375, 55.375, 1.9702455053532087e-22, nan 
113.625, 55.375, 2.0303283440986853e-22, nan 
113.875, 55.375, 1.3953175786120976e-22, nan 
114.125, 55.375, 1.3663564788285538e-22, nan 
114.375, 55.375, 1.3126565134808643e-22, nan 
114.625, 55.375, 1.1087268300546835e-22, nan 
114.875, 55.375, 2.5300540433659133e-22, nan 
115.125, 55.375, 2.2797823726342547e-22, nan 
115.375, 55.375, 6.371829657659754e-23, nan 
115.625, 55.375, 7.148870875381542e-23, nan 
115.875, 55.375, 1.1429055994623461e-22, nan 
116.125, 55.375, 3.5979008438091385e-22, nan 
116.375, 55.375, 3.41951265057861e-22, nan 
116.625, 55.375, 1.0482883415295511e-22, nan 
116.875, 55.375, 5.736690463082809e-23, nan 
117.125, 55.375, 1.4944726356149136e-22, nan 
117.375, 55.375, 2.3592307286337e-22, nan 
117.625, 55.375, 1.3348297331441168e-22, nan 
117.875, 55.375, 6.243210794796767e-23, nan 
118.125, 55.375, 4.5344167895595e-23, nan 
118.375, 55.375, 8.699148661619812e-23, nan 
118.625, 55.375, 8.430270324498934e-23, nan 
118.875, 55.375, 8.003480533462756e-23, nan 
119.125, 55.375, 6.836261231841258e-23, nan 
119.375, 55.375, 1.3099311697896903e-22, nan 
119.625, 55.375, 2.183939678189584e-22, nan 
119.875, 55.375, 1.307316100386578e-22, nan 
120.125, 55.375, 6.438908768177545e-23, nan 
120.375, 55.375, 5.987996376016091e-23, nan 
120.625, 55.375, 4.039875346058531e-23, nan 
120.875, 55.375, 6.714378971279644e-23, nan 
121.125, 55.375, 9.710020355250137e-23, nan 
121.375, 55.375, 9.338288524058323e-23, nan 
121.625, 55.375, 5.710815895657804e-23, nan 
121.875, 55.375, 2.9843572059721945e-23, nan 
122.125, 55.375, 3.6735991834181493e-23, nan 
122.375, 55.375, 3.494650568772594e-23, nan 
122.625, 55.375, 4.4189690223210034e-23, nan 
122.875, 55.375, 3.8263647207278004e-23, nan 
123.125, 55.375, 4.7394956414447147e-23, nan 
123.375, 55.375, 2.752428856459756e-23, nan 
123.625, 55.375, 2.0160148999247197e-23, nan 
123.875, 55.375, 3.288059160146293e-23, nan 
124.125, 55.375, 3.1917314043994886e-23, nan 
124.375, 55.375, 1.9121718797219365e-23, nan 
124.625, 55.375, 1.8660475241164726e-23, nan 
124.875, 55.375, 8.44941844946983e-24, nan 
125.125, 55.375, 3.6997062359022513e-23, nan 
125.375, 55.375, 5.359294187567811e-23, nan 
125.625, 55.375, 5.630970384736995e-23, nan 
125.875, 55.375, 3.998066126912033e-23, nan 
126.125, 55.375, 1.906301538832362e-23, nan 
126.375, 55.375, 3.337874733944284e-23, nan 
126.625, 55.375, 4.906599309066336e-23, nan 
126.875, 55.375, 6.337113374339457e-23, nan 
127.125, 55.375, 5.1682799227614346e-23, nan 
127.375, 55.375, 1.416945280729273e-23, nan 
127.625, 55.375, 1.753392073627347e-23, nan 
127.875, 55.375, 2.2350214983764555e-23, nan 
128.125, 55.375, 3.0720001913364646e-23, nan 
128.375, 55.375, 4.895249989679674e-23, nan 
128.625, 55.375, 6.263662960710113e-23, nan 
128.875, 55.375, 5.825017131630559e-23, nan 
129.125, 55.375, 1.3440759681488963e-22, nan 
129.375, 55.375, 1.1830052006838698e-22, nan 
129.625, 55.375, 2.846365727632786e-23, nan 
129.875, 55.375, 3.216967267121926e-23, nan 
130.125, 55.375, 4.7106478146580885e-23, nan 
130.375, 55.375, 4.2793761527072763e-23, nan 
130.625, 55.375, 2.4415961751671477e-23, nan 
130.875, 55.375, 1.5808571122211304e-23, nan 
131.125, 55.375, 9.940308786222492e-24, nan 
131.375, 55.375, 1.0432645330691932e-23, nan 
131.625, 55.375, 1.1501061996428383e-23, nan 
131.875, 55.375, 1.9009510770311657e-23, nan 
132.125, 55.375, 1.7547512725593173e-23, nan 
132.375, 55.375, 4.726981990467263e-23, nan 
132.625, 55.375, 4.8281691113293175e-23, nan 
132.875, 55.375, 3.1441693221876256e-23, nan 
133.125, 55.375, 3.0665281461105695e-23, nan 
133.375, 55.375, 3.0468503691642214e-23, nan 
133.625, 55.375, 3.1493725319208187e-23, nan 
133.875, 55.375, 3.536683856818018e-23, nan 
134.125, 55.375, 1.8129313203732864e-23, nan 
134.375, 55.375, 1.3962853337185754e-23, nan 
134.625, 55.375, 1.1098753557576286e-23, nan 
134.875, 55.375, 1.5735055175978924e-23, nan 
135.125, 55.375, 1.2378931619424e-23, nan 
135.375, 55.375, 4.777867480669355e-24, nan 
135.625, 55.375, 1.0558264857809039e-23, nan 
135.875, 55.375, 1.3466208879498664e-23, nan 
136.125, 55.375, 6.93120149773463e-24, nan 
136.375, 55.375, 3.0036475284626764e-23, nan 
136.625, 55.375, 2.8822512555922823e-23, nan 
136.875, 55.375, 1.1983256001681798e-23, nan 
137.125, 55.375, 1.0018641485832205e-23, nan 
137.375, 55.375, 2.9467831365722466e-24, nan 
137.625, 55.375, 4.648008552820802e-24, nan 
137.875, 55.375, 6.573321347624175e-24, nan 
138.125, 55.375, 1.4367593323759958e-23, nan 
138.375, 55.375, 1.4165299381781156e-23, nan 
138.625, 55.375, 2.9610886360961096e-23, nan 
138.875, 55.375, 4.518562918252091e-23, nan 
139.125, 55.375, 3.66091743039527e-23, nan 
139.375, 55.375, 9.135203322201302e-24, nan 
139.625, 55.375, 1.4036164388932952e-22, nan 
139.875, 55.375, 1.1502868528866118e-22, nan 
140.125, 55.375, 3.4884394044474135e-23, nan 
140.375, 55.375, 2.825902850873251e-23, nan 
140.625, 55.375, 2.356904704648275e-23, nan 
140.875, 55.375, 2.4319203869667586e-23, nan 
141.125, 55.375, 1.0778999653504511e-23, nan 
141.375, 55.375, 9.025404200889752e-24, nan 
141.625, 55.375, 7.056875751299238e-24, nan 
141.875, 55.375, 6.3344453503910386e-24, nan 
142.125, 55.375, 9.25448584067677e-24, nan 
142.375, 55.375, 1.0674679064428665e-23, nan 
142.625, 55.375, 1.153088481315742e-23, nan 
142.875, 55.375, 1.0503739533039274e-23, nan 
143.125, 55.375, 1.1788294998819685e-23, nan 
143.375, 55.375, 7.803251871282239e-24, nan 
143.625, 55.375, 4.8286810584844996e-24, nan 
143.875, 55.375, 3.018634984370854e-24, nan 
144.125, 55.375, 2.3103755986449226e-23, nan 
144.375, 55.375, 2.325407601480047e-23, nan 
144.625, 55.375, 6.690933741757121e-24, nan 
144.875, 55.375, 7.20880853683569e-24, nan 
145.125, 55.375, 7.051245819693225e-24, nan 
145.375, 55.375, 5.38543620632353e-24, nan 
145.625, 55.375, 3.350114880039188e-24, nan 
145.875, 55.375, 6.2400019633745065e-24, nan 
146.125, 55.375, 7.600646381734596e-24, nan 
146.375, 55.375, 1.2402000442382306e-23, nan 
146.625, 55.375, 1.2024317901447513e-23, nan 
146.875, 55.375, 7.244315601605878e-24, nan 
147.125, 55.375, 3.9597631630894305e-24, nan 
147.375, 55.375, 1.2981005332682196e-24, nan 
147.625, 55.375, 3.6749421255336214e-24, nan 
147.875, 55.375, 3.940215995104447e-24, nan 
148.125, 55.375, 2.7452253919336334e-24, nan 
148.375, 55.375, 2.200963010007672e-24, nan 
148.625, 55.375, 1.8882850496012234e-24, nan 
148.875, 55.375, 5.089177792090266e-24, nan 
149.125, 55.375, 4.8431846991763156e-24, nan 
149.375, 55.375, 6.119048679052443e-24, nan 
149.625, 55.375, 6.242834115945526e-24, nan 
149.875, 55.375, 4.6025293644536944e-24, nan 
150.125, 55.375, 5.6830364421447706e-24, nan 
150.375, 55.375, 2.6764212579567945e-24, nan 
150.625, 55.375, 3.0336240073947517e-24, nan 
150.875, 55.375, 5.207821499643766e-24, nan 
151.125, 55.375, 5.845134710943059e-24, nan 
151.375, 55.375, 4.647513201103061e-24, nan 
151.625, 55.375, 2.6559332858820702e-24, nan 
151.875, 55.375, 2.229234006213486e-24, nan 
152.125, 55.375, 1.9204899365118587e-24, nan 
152.375, 55.375, 1.2267294443440133e-24, nan 
152.625, 55.375, 2.388923339758101e-24, nan 
152.875, 55.375, 3.111257581471953e-24, nan 
153.125, 55.375, 2.413398478065298e-24, nan 
153.375, 55.375, 1.8866806013829545e-24, nan 
153.625, 55.375, 5.5671944006572325e-24, nan 
153.875, 55.375, 7.354528599728931e-24, nan 
154.125, 55.375, 6.665287138428965e-24, nan 
154.375, 55.375, 5.904854695658045e-24, nan 
50.875, 55.625, 5.0739022534530176e-24, nan 
51.125, 55.625, 5.5796305722864114e-24, nan 
51.375, 55.625, 3.3005996606046108e-24, nan 
51.625, 55.625, 2.3543817323500553e-24, nan 
51.875, 55.625, 2.9967668538944956e-24, nan 
52.125, 55.625, 9.419445859408748e-24, nan 
52.375, 55.625, 1.0388945526724018e-23, nan 
52.625, 55.625, 6.787687238894352e-24, nan 
52.875, 55.625, 5.722087387547702e-24, nan 
53.125, 55.625, 6.118827759449879e-24, nan 
53.375, 55.625, 6.046789242088191e-24, nan 
53.625, 55.625, 4.726055230977392e-24, nan 
53.875, 55.625, 4.220249033664849e-24, nan 
54.125, 55.625, 3.711616369192466e-24, nan 
54.375, 55.625, 3.1948284769621858e-24, nan 
54.625, 55.625, 6.4923548988922384e-24, nan 
54.875, 55.625, 9.636317176899447e-24, nan 
55.125, 55.625, 1.0287546484873397e-23, nan 
55.375, 55.625, 6.253089665157474e-24, nan 
55.625, 55.625, 1.080399080707415e-23, nan 
55.875, 55.625, 1.78989290281952e-23, nan 
56.125, 55.625, 1.8993474963928905e-23, nan 
56.375, 55.625, 1.6169672789746435e-23, nan 
56.625, 55.625, 8.483096517986031e-24, nan 
56.875, 55.625, 5.499033945953905e-24, nan 
57.125, 55.625, 6.2907758521401916e-24, nan 
57.375, 55.625, 6.549669882620681e-24, nan 
57.625, 55.625, 6.693865374417706e-24, nan 
57.875, 55.625, 4.315410570269517e-24, nan 
58.125, 55.625, 5.596311736863873e-24, nan 
58.375, 55.625, 1.2984313250206636e-23, nan 
58.625, 55.625, 1.3750364311235783e-23, nan 
58.875, 55.625, 6.2182037344023926e-24, nan 
59.125, 55.625, 4.209812069811529e-24, nan 
59.375, 55.625, 4.356131238589504e-24, nan 
59.625, 55.625, 3.845996850372593e-24, nan 
59.875, 55.625, 7.490765830904672e-24, nan 
60.125, 55.625, 1.1828354931508714e-23, nan 
60.375, 55.625, 9.097592681984661e-24, nan 
60.625, 55.625, 1.2929481490827257e-23, nan 
60.875, 55.625, 1.3152177918733016e-23, nan 
61.125, 55.625, 1.832074262550893e-23, nan 
61.375, 55.625, 3.462977971252733e-23, nan 
61.625, 55.625, 3.1958744438354984e-23, nan 
61.875, 55.625, 8.463935119953479e-24, nan 
62.125, 55.625, 9.364308065970014e-24, nan 
62.375, 55.625, 1.6980140487844438e-23, nan 
62.625, 55.625, 1.687731688191932e-23, nan 
62.875, 55.625, 1.6808884006529792e-23, nan 
63.125, 55.625, 1.6707874330666805e-23, nan 
63.375, 55.625, 2.3886775375966534e-23, nan 
63.625, 55.625, 3.0820233762947597e-23, nan 
63.875, 55.625, 3.4218461157538187e-23, nan 
64.125, 55.625, 3.460993047806911e-23, nan 
64.375, 55.625, 2.314201358572054e-23, nan 
64.625, 55.625, 2.3508642896640508e-23, nan 
64.875, 55.625, 3.114666527870939e-23, nan 
65.125, 55.625, 2.918432690480742e-23, nan 
65.375, 55.625, 3.114963265121561e-23, nan 
65.625, 55.625, 9.469476329767397e-24, nan 
65.875, 55.625, 1.0575996651221133e-23, nan 
66.125, 55.625, 1.810786537147231e-23, nan 
66.375, 55.625, 1.9074384442252705e-23, nan 
66.625, 55.625, 1.4122650384617036e-23, nan 
66.875, 55.625, 1.51595323742624e-23, nan 
67.125, 55.625, 9.476733676749752e-24, nan 
67.375, 55.625, 5.9612139151202536e-24, nan 
67.625, 55.625, 1.2631389102277702e-23, nan 
67.875, 55.625, 6.0519491669544205e-24, nan 
68.125, 55.625, 3.549783055992028e-23, nan 
68.375, 55.625, 3.6482521915339117e-23, nan 
68.625, 55.625, 1.4365737189332415e-23, nan 
68.875, 55.625, 1.7578156365857482e-23, nan 
69.125, 55.625, 1.2250973458135398e-23, nan 
69.375, 55.625, 1.7650472419228703e-23, nan 
69.625, 55.625, 4.796868375599894e-23, nan 
69.875, 55.625, 5.623632062169633e-23, nan 
70.125, 55.625, 4.3354615993448e-23, nan 
70.375, 55.625, 4.493769950987261e-23, nan 
70.625, 55.625, 2.843794673438512e-23, nan 
70.875, 55.625, 3.118520389450105e-23, nan 
71.125, 55.625, 2.678878809682897e-23, nan 
71.375, 55.625, 3.4075943415452245e-23, nan 
71.625, 55.625, 3.775006036252799e-23, nan 
71.875, 55.625, 4.049542965591137e-23, nan 
72.125, 55.625, 4.8330566343626676e-23, nan 
72.375, 55.625, 2.5979462549210372e-23, nan 
72.625, 55.625, 1.6661691674150853e-23, nan 
72.875, 55.625, 5.421809282996965e-23, nan 
73.125, 55.625, 5.083178786804491e-23, nan 
73.375, 55.625, 3.259833715534158e-23, nan 
73.625, 55.625, 5.328745438903547e-23, nan 
73.875, 55.625, 2.2771005544140598e-23, nan 
74.125, 55.625, 3.322447267720374e-23, nan 
74.375, 55.625, 4.778091288624537e-23, nan 
74.625, 55.625, 3.818943974793765e-23, nan 
74.875, 55.625, 2.4422132933205617e-23, nan 
75.125, 55.625, 1.5277316350042705e-23, nan 
75.375, 55.625, 2.5302931912614143e-23, nan 
75.625, 55.625, 3.8117716665142756e-23, nan 
75.875, 55.625, 4.106793854245613e-23, nan 
76.125, 55.625, 3.672478266675592e-23, nan 
76.375, 55.625, 3.687388224007568e-23, nan 
76.625, 55.625, 3.5306028900852464e-23, nan 
76.875, 55.625, 2.1156096934246894e-23, nan 
77.125, 55.625, 2.4939733153413587e-23, nan 
77.375, 55.625, 3.9663957519944727e-23, nan 
77.625, 55.625, 4.938388717230592e-23, nan 
77.875, 55.625, 5.075642620381712e-23, nan 
78.125, 55.625, 1.5265665452522314e-22, nan 
78.375, 55.625, 1.450068613505203e-22, nan 
78.625, 55.625, 4.863812719219262e-23, nan 
78.875, 55.625, 3.631726726412051e-23, nan 
79.125, 55.625, 2.2408343935567928e-23, nan 
79.375, 55.625, 3.426577406397902e-23, nan 
79.625, 55.625, 1.425245510411314e-22, nan 
79.875, 55.625, 1.4748806131458013e-22, nan 
80.125, 55.625, 9.391946422475438e-23, nan 
80.375, 55.625, 1.272271137612335e-22, nan 
80.625, 55.625, 1.317045360729929e-22, nan 
80.875, 55.625, 1.0350382639464078e-22, nan 
81.125, 55.625, 7.81713014358799e-23, nan 
81.375, 55.625, 5.469104684480155e-23, nan 
81.625, 55.625, 5.0375685066163934e-23, nan 
81.875, 55.625, 8.773506948315891e-23, nan 
82.125, 55.625, 7.478789462460301e-23, nan 
82.375, 55.625, 1.2874904411181482e-22, nan 
82.625, 55.625, 1.7088795474260848e-22, nan 
82.875, 55.625, 1.5589890092183876e-22, nan 
83.125, 55.625, 7.177313248833973e-23, nan 
83.375, 55.625, 9.443806513355361e-23, nan 
83.625, 55.625, 1.0307529139133726e-22, nan 
83.875, 55.625, 1.0107764593631532e-22, nan 
84.125, 55.625, 5.76017506308424e-23, nan 
84.375, 55.625, 8.141733019930954e-23, nan 
84.625, 55.625, 9.514403236411322e-23, nan 
84.875, 55.625, 1.1812445583302144e-22, nan 
85.125, 55.625, 1.9550315470915246e-22, nan 
85.375, 55.625, 3.391704839640426e-22, nan 
85.625, 55.625, 2.9889526649019375e-22, nan 
85.875, 55.625, 1.9592594733537555e-22, nan 
86.125, 55.625, 2.2113199964240454e-22, nan 
86.375, 55.625, 1.6241866932483198e-22, nan 
86.625, 55.625, 2.3555775705801973e-22, nan 
86.875, 55.625, 3.2530785374132e-22, nan 
87.125, 55.625, 2.5588778443303456e-22, nan 
87.375, 55.625, 2.4145940308013e-22, nan 
87.625, 55.625, 1.584210843468092e-22, nan 
87.875, 55.625, 1.3007148460347282e-22, nan 
88.125, 55.625, 4.817862944231326e-23, nan 
88.375, 55.625, 3.229728287857209e-22, nan 
88.625, 55.625, 3.891986170430578e-22, nan 
88.875, 55.625, 2.564088655281056e-22, nan 
89.125, 55.625, 1.6070992524367317e-22, nan 
89.375, 55.625, 1.813417456564422e-22, nan 
89.625, 55.625, 1.7959954107143836e-22, nan 
89.875, 55.625, 1.6708213602985084e-22, nan 
90.125, 55.625, 1.0265730756134354e-22, nan 
90.375, 55.625, 1.3328788695738196e-22, nan 
90.625, 55.625, 1.9054559782798289e-22, nan 
90.875, 55.625, 1.636971553783627e-22, nan 
91.125, 55.625, 9.07652879839505e-23, nan 
91.375, 55.625, 1.5748588165137985e-22, nan 
91.625, 55.625, 1.8081902206969827e-22, nan 
91.875, 55.625, 1.75509025360646e-22, nan 
92.125, 55.625, 2.808096911478577e-22, nan 
92.375, 55.625, 2.8792419242061534e-22, nan 
92.625, 55.625, 2.5928629299826726e-22, nan 
92.875, 55.625, 1.4215468197300628e-22, nan 
93.125, 55.625, 1.3089217940558555e-22, nan 
93.375, 55.625, 1.3851552619981514e-22, nan 
93.625, 55.625, 2.8648631084234987e-22, nan 
93.875, 55.625, 2.74549177256585e-22, nan 
94.125, 55.625, 1.3789328761116525e-22, nan 
94.375, 55.625, 2.1329733338602497e-22, nan 
94.625, 55.625, 1.6763913216309428e-22, nan 
94.875, 55.625, 3.158759241286054e-22, nan 
95.125, 55.625, 3.6806914804726018e-22, nan 
95.375, 55.625, 1.747494815780467e-22, nan 
95.625, 55.625, 1.5513891935998102e-22, nan 
95.875, 55.625, 3.752888871934095e-22, nan 
96.125, 55.625, 6.946298055061122e-22, nan 
96.375, 55.625, 5.266567540007832e-22, nan 
96.625, 55.625, 2.600145170174515e-22, nan 
96.875, 55.625, 2.4847369042883953e-22, nan 
97.125, 55.625, 2.9357378300846276e-22, nan 
97.375, 55.625, 4.888734147004131e-22, nan 
97.625, 55.625, 6.009863976434197e-22, nan 
97.875, 55.625, 5.502187143594481e-22, nan 
98.125, 55.625, 4.643911897963904e-22, nan 
98.375, 55.625, 7.141971121643495e-22, nan 
98.625, 55.625, 8.084324704525685e-22, nan 
98.875, 55.625, 4.256714607772083e-22, nan 
99.125, 55.625, 3.6604982513953155e-22, nan 
99.375, 55.625, 4.741758031651831e-22, nan 
99.625, 55.625, 4.3248219235097e-22, nan 
99.875, 55.625, 3.4740413344406163e-22, nan 
100.125, 55.625, 3.7327236667683177e-22, nan 
100.375, 55.625, 4.34399238358604e-22, nan 
100.625, 55.625, 5.488293309064462e-22, nan 
100.875, 55.625, 4.9444075816070965e-22, nan 
101.125, 55.625, 6.437425443557178e-22, nan 
101.375, 55.625, 9.160861093727624e-22, nan 
101.625, 55.625, 1.2014478430920487e-21, nan 
101.875, 55.625, 7.665019494638509e-22, nan 
102.125, 55.625, 1.018590875853179e-21, nan 
102.375, 55.625, 1.2039261990494495e-21, nan 
102.625, 55.625, 4.122461999109402e-22, nan 
102.875, 55.625, 1.773761746538115e-21, nan 
103.125, 55.625, 1.8871864998448068e-21, nan 
103.375, 55.625, 3.9987357976488535e-22, nan 
103.625, 55.625, 5.455612651744436e-22, nan 
103.875, 55.625, 5.749464505831682e-22, nan 
104.125, 55.625, 4.831801400705132e-22, nan 
104.375, 55.625, 7.661014792591837e-22, nan 
104.625, 55.625, 8.36327862419368e-22, nan 
104.875, 55.625, 6.290560139308061e-22, nan 
105.125, 55.625, 9.421575517079665e-22, nan 
105.375, 55.625, 7.530847476503925e-22, nan 
105.625, 55.625, 5.178447231294269e-22, nan 
105.875, 55.625, 4.0843840616658174e-22, nan 
106.125, 55.625, 3.00066214226236e-22, nan 
106.375, 55.625, 2.231562032489812e-22, nan 
106.625, 55.625, 2.257816430583335e-22, nan 
106.875, 55.625, 1.7820395304442985e-22, nan 
107.125, 55.625, 1.4815810778711902e-22, nan 
107.375, 55.625, 2.0270356898337976e-22, nan 
107.625, 55.625, 9.126403071476133e-23, nan 
107.875, 55.625, 2.0126341267481e-22, nan 
108.125, 55.625, 2.375326162035827e-22, nan 
108.375, 55.625, 2.80997926681959e-22, nan 
108.625, 55.625, 4.082021213619561e-22, nan 
108.875, 55.625, 4.787789533898101e-22, nan 
109.125, 55.625, 4.933757748315065e-22, nan 
109.375, 55.625, 4.783336548688445e-22, nan 
109.625, 55.625, 3.495631053632021e-22, nan 
109.875, 55.625, 3.1202159520277387e-22, nan 
110.125, 55.625, 3.1152541183352085e-22, nan 
110.375, 55.625, 4.0501974144454725e-22, nan 
110.625, 55.625, 4.387111766198484e-22, nan 
110.875, 55.625, 4.0269067789416307e-22, nan 
111.125, 55.625, 3.1569213843784685e-22, nan 
111.375, 55.625, 4.141309043216264e-22, nan 
111.625, 55.625, 3.3381732977187417e-22, nan 
111.875, 55.625, 2.0320873105682562e-22, nan 
112.125, 55.625, 2.301569904603516e-22, nan 
112.375, 55.625, 3.8287346361581312e-22, nan 
112.625, 55.625, 4.0648946546208606e-22, nan 
112.875, 55.625, 5.257771394510755e-22, nan 
113.125, 55.625, 4.900194979437459e-22, nan 
113.375, 55.625, 1.8372330877314376e-22, nan 
113.625, 55.625, 2.124810183969253e-22, nan 
113.875, 55.625, 1.9198201750468285e-22, nan 
114.125, 55.625, 1.5493401518382712e-22, nan 
114.375, 55.625, 1.3345890579823997e-22, nan 
114.625, 55.625, 1.4820873547577462e-22, nan 
114.875, 55.625, 2.3377371811437824e-22, nan 
115.125, 55.625, 1.852858056643835e-22, nan 
115.375, 55.625, 7.716374944207153e-23, nan 
115.625, 55.625, 8.479442878460011e-23, nan 
115.875, 55.625, 3.0837991753389297e-22, nan 
116.125, 55.625, 3.9130007177027744e-22, nan 
116.375, 55.625, 2.503873784434241e-22, nan 
116.625, 55.625, 2.4296373783995167e-22, nan 
116.875, 55.625, 2.157430590143976e-22, nan 
117.125, 55.625, 1.1869075278520167e-22, nan 
117.375, 55.625, 1.985080380569474e-22, nan 
117.625, 55.625, 1.1157646785818285e-22, nan 
117.875, 55.625, 6.115450373911523e-23, nan 
118.125, 55.625, 7.47750168481639e-23, nan 
118.375, 55.625, 7.668981340021476e-23, nan 
118.625, 55.625, 7.335691168766031e-23, nan 
118.875, 55.625, 5.536192260177329e-23, nan 
119.125, 55.625, 6.745628504750389e-23, nan 
119.375, 55.625, 5.374082425316562e-23, nan 
119.625, 55.625, 2.8252029779005813e-22, nan 
119.875, 55.625, 2.882482795403599e-22, nan 
120.125, 55.625, 1.0734158661423092e-22, nan 
120.375, 55.625, 6.24025567892124e-23, nan 
120.625, 55.625, 3.8142493735634607e-23, nan 
120.875, 55.625, 4.725351704831473e-23, nan 
121.125, 55.625, 3.888780035372373e-23, nan 
121.375, 55.625, 3.618523142543027e-23, nan 
121.625, 55.625, 3.965459762553619e-23, nan 
121.875, 55.625, 4.570982696632255e-23, nan 
122.125, 55.625, 8.272729715233898e-23, nan 
122.375, 55.625, 7.271308542593836e-23, nan 
122.625, 55.625, 3.4960488301702045e-23, nan 
122.875, 55.625, 7.154145863016846e-23, nan 
123.125, 55.625, 8.073211506714776e-23, nan 
123.375, 55.625, 7.06163342428532e-23, nan 
123.625, 55.625, 1.6461760058048835e-23, nan 
123.875, 55.625, 3.359972938964876e-23, nan 
124.125, 55.625, 3.8710718676581014e-23, nan 
124.375, 55.625, 3.48846387523022e-23, nan 
124.625, 55.625, 3.236386100323347e-23, nan 
124.875, 55.625, 2.3240230645324932e-23, nan 
125.125, 55.625, 1.8786098431765466e-23, nan 
125.375, 55.625, 2.9820408125388875e-23, nan 
125.625, 55.625, 3.8677799345573966e-23, nan 
125.875, 55.625, 1.8065150960345285e-23, nan 
126.125, 55.625, 8.259816062524622e-24, nan 
126.375, 55.625, 7.895794784287056e-23, nan 
126.625, 55.625, 1.2417972236353522e-22, nan 
126.875, 55.625, 1.2014476313253412e-22, nan 
127.125, 55.625, 1.1119107978313077e-22, nan 
127.375, 55.625, 7.897918049660986e-23, nan 
127.625, 55.625, 2.9646533024906426e-23, nan 
127.875, 55.625, 1.4604724636950518e-23, nan 
128.125, 55.625, 2.5516155890937715e-23, nan 
128.375, 55.625, 2.6484141808031055e-23, nan 
128.625, 55.625, 4.235621327379988e-23, nan 
128.875, 55.625, 5.323680288467319e-23, nan 
129.125, 55.625, 7.416840505313133e-23, nan 
129.375, 55.625, 6.949796401578829e-23, nan 
129.625, 55.625, 3.70658182701661e-23, nan 
129.875, 55.625, 2.3430766738875486e-23, nan 
130.125, 55.625, 3.8981354219546856e-23, nan 
130.375, 55.625, 6.266938368591581e-23, nan 
130.625, 55.625, 4.877136071577718e-23, nan 
130.875, 55.625, 2.784928454108869e-23, nan 
131.125, 55.625, 1.2278971335739574e-23, nan 
131.375, 55.625, 1.5585052108826683e-23, nan 
131.625, 55.625, 9.434103964326565e-24, nan 
131.875, 55.625, 1.3610662505014448e-23, nan 
132.125, 55.625, 1.3463636761888616e-23, nan 
132.375, 55.625, 6.987815601109907e-24, nan 
132.625, 55.625, 2.958739027501061e-23, nan 
132.875, 55.625, 4.0204063982242445e-23, nan 
133.125, 55.625, 4.0239289919711015e-23, nan 
133.375, 55.625, 6.270391031178087e-23, nan 
133.625, 55.625, 6.972792592670513e-23, nan 
133.875, 55.625, 6.155850834235639e-23, nan 
134.125, 55.625, 4.495356468979713e-23, nan 
134.375, 55.625, 3.840701592685298e-23, nan 
134.625, 55.625, 3.121455800759408e-23, nan 
134.875, 55.625, 1.4015104943183726e-23, nan 
135.125, 55.625, 1.2089245662888033e-23, nan 
135.375, 55.625, 1.0858442099976888e-23, nan 
135.625, 55.625, 4.229404038888366e-24, nan 
135.875, 55.625, 7.881514096883304e-24, nan 
136.125, 55.625, 1.1952843635357573e-23, nan 
136.375, 55.625, 1.9893375449332794e-23, nan 
136.625, 55.625, 1.4979015864731454e-23, nan 
136.875, 55.625, 5.964958010000662e-24, nan 
137.125, 55.625, 6.5373272082331286e-24, nan 
137.375, 55.625, 9.648382791196492e-24, nan 
137.625, 55.625, 6.5136515171066506e-24, nan 
137.875, 55.625, 4.7503497612219985e-24, nan 
138.125, 55.625, 2.0072456245506295e-23, nan 
138.375, 55.625, 1.949282695052033e-23, nan 
138.625, 55.625, 1.3000900893808013e-23, nan 
138.875, 55.625, 4.574661361331156e-23, nan 
139.125, 55.625, 4.9224773972394133e-23, nan 
139.375, 55.625, 2.799346806705648e-22, nan 
139.625, 55.625, 3.4699047966418586e-22, nan 
139.875, 55.625, 2.9133356712762252e-22, nan 
140.125, 55.625, 2.465449263654695e-22, nan 
140.375, 55.625, 6.775990395823001e-23, nan 
140.625, 55.625, 2.9377908912197036e-23, nan 
140.875, 55.625, 3.325353794578816e-23, nan 
141.125, 55.625, 1.630615379678515e-23, nan 
141.375, 55.625, 1.1853296842269978e-23, nan 
141.625, 55.625, 6.836281302999395e-24, nan 
141.875, 55.625, 3.820318664870997e-24, nan 
142.125, 55.625, 1.0139868851374744e-23, nan 
142.375, 55.625, 1.1094118211266037e-23, nan 
142.625, 55.625, 1.2107192239702987e-23, nan 
142.875, 55.625, 1.2529696608346559e-23, nan 
143.125, 55.625, 1.2773315264226218e-23, nan 
143.375, 55.625, 9.112290938135264e-24, nan 
143.625, 55.625, 4.79584518295571e-24, nan 
143.875, 55.625, 1.83613474121031e-23, nan 
144.125, 55.625, 2.0476023962474987e-23, nan 
144.375, 55.625, 9.625977021227173e-24, nan 
144.625, 55.625, 1.1694325460197942e-23, nan 
144.875, 55.625, 1.0752153180196365e-23, nan 
145.125, 55.625, 6.698369531392305e-24, nan 
145.375, 55.625, 1.746711402985391e-24, nan 
145.625, 55.625, 7.854106825750675e-24, nan 
145.875, 55.625, 1.4586483726943115e-23, nan 
146.125, 55.625, 1.3170278497125067e-23, nan 
146.375, 55.625, 9.644885304419407e-24, nan 
146.625, 55.625, 7.18156697852206e-24, nan 
146.875, 55.625, 6.71638119474864e-24, nan 
147.125, 55.625, 3.320958437048815e-24, nan 
147.375, 55.625, 5.479259566844062e-24, nan 
147.625, 55.625, 5.780628774627715e-24, nan 
147.875, 55.625, 2.9384899416175234e-24, nan 
148.125, 55.625, 3.0017700427728042e-24, nan 
148.375, 55.625, 3.931750749577032e-24, nan 
148.625, 55.625, 5.994125718638146e-24, nan 
148.875, 55.625, 6.69195899865473e-24, nan 
149.125, 55.625, 2.9219880439150862e-24, nan 
149.375, 55.625, 2.2900745085160284e-24, nan 
149.625, 55.625, 4.155493720443161e-24, nan 
149.875, 55.625, 5.050764356383115e-24, nan 
150.125, 55.625, 4.9564840405612216e-24, nan 
150.375, 55.625, 2.540860231286766e-24, nan 
150.625, 55.625, 2.8435155535377273e-24, nan 
150.875, 55.625, 2.7192301732285514e-24, nan 
151.125, 55.625, 2.5644750749634544e-24, nan 
151.375, 55.625, 1.2971055966041666e-24, nan 
151.625, 55.625, 4.521817631424122e-25, nan 
151.875, 55.625, 1.689062205401515e-24, nan 
152.125, 55.625, 2.045939922361586e-24, nan 
152.375, 55.625, 2.6263530083041263e-24, nan 
152.625, 55.625, 1.7361922898353624e-24, nan 
152.875, 55.625, 2.589819773186216e-24, nan 
153.125, 55.625, 3.459173547656595e-24, nan 
153.375, 55.625, 3.144526982627976e-24, nan 
153.625, 55.625, 2.4771894460061275e-24, nan 
153.875, 55.625, 4.733292314223802e-24, nan 
154.125, 55.625, 7.758875203076964e-24, nan 
154.375, 55.625, 6.1874746813603914e-24, nan 
154.625, 55.625, 4.463946239867574e-24, nan 
154.875, 55.625, 4.248905233467261e-24, nan 
155.125, 55.625, 5.4674501905976986e-24, nan 
155.375, 55.625, 4.18520069254116e-24, nan 
49.875, 55.875, 1.033943843804861e-23, nan 
50.125, 55.875, 1.2307630576926098e-23, nan 
50.375, 55.875, 9.256960455361958e-24, nan 
50.625, 55.875, 4.4675815621218756e-24, nan 
50.875, 55.875, 5.395855701737472e-24, nan 
51.125, 55.875, 6.560696683735636e-24, nan 
51.375, 55.875, 4.59203166639102e-24, nan 
51.625, 55.875, 4.177806775384749e-24, nan 
51.875, 55.875, 3.566712832304859e-24, nan 
52.125, 55.875, 1.8656959576395996e-23, nan 
52.375, 55.875, 1.8845098681145354e-23, nan 
52.625, 55.875, 1.0732841163182574e-23, nan 
52.875, 55.875, 1.2537564857254839e-23, nan 
53.125, 55.875, 6.0129708322668765e-24, nan 
53.375, 55.875, 2.56009550524877e-24, nan 
53.625, 55.875, 4.778245412616195e-24, nan 
53.875, 55.875, 6.045014244803128e-24, nan 
54.125, 55.875, 6.51416736974262e-24, nan 
54.375, 55.875, 6.896059366570342e-24, nan 
54.625, 55.875, 1.8270393179895233e-24, nan 
54.875, 55.875, 5.8176061733548564e-24, nan 
55.125, 55.875, 1.4057402461757864e-23, nan 
55.375, 55.875, 1.2711497168206042e-23, nan 
55.625, 55.875, 9.298257886108776e-24, nan 
55.875, 55.875, 1.931360897131197e-23, nan 
56.125, 55.875, 1.4091645500987194e-23, nan 
56.375, 55.875, 6.042978119525795e-24, nan 
56.625, 55.875, 5.591932222737616e-24, nan 
56.875, 55.875, 5.4648439431602945e-24, nan 
57.125, 55.875, 6.828799746182804e-24, nan 
57.375, 55.875, 1.1677539043800078e-23, nan 
57.625, 55.875, 1.209097415294335e-23, nan 
57.875, 55.875, 7.155671042928629e-24, nan 
58.125, 55.875, 7.947129361950097e-24, nan 
58.375, 55.875, 2.5872980722391597e-23, nan 
58.625, 55.875, 1.2487235016727514e-23, nan 
58.875, 55.875, 1.17681811667356e-23, nan 
59.125, 55.875, 1.1506938101166696e-23, nan 
59.375, 55.875, 6.0810657681857415e-24, nan 
59.625, 55.875, 5.9703722128598616e-24, nan 
59.875, 55.875, 8.251169423143611e-24, nan 
60.125, 55.875, 1.3011925328085524e-23, nan 
60.375, 55.875, 1.1801058345895242e-23, nan 
60.625, 55.875, 1.043152620427618e-23, nan 
60.875, 55.875, 1.543075191712397e-23, nan 
61.125, 55.875, 1.1849167227653316e-23, nan 
61.375, 55.875, 2.0127283672160662e-23, nan 
61.625, 55.875, 1.7565774247571433e-23, nan 
61.875, 55.875, 8.297571001548656e-24, nan 
62.125, 55.875, 7.89292890268569e-24, nan 
62.375, 55.875, 8.83795058909222e-24, nan 
62.625, 55.875, 1.7332261704463092e-23, nan 
62.875, 55.875, 2.0138913736432045e-23, nan 
63.125, 55.875, 1.2487237956980409e-23, nan 
63.375, 55.875, 1.3039160282837415e-23, nan 
63.625, 55.875, 1.8785719212457153e-23, nan 
63.875, 55.875, 9.069569104180435e-24, nan 
64.125, 55.875, 1.836070210736978e-23, nan 
64.375, 55.875, 2.2261634510391266e-23, nan 
64.625, 55.875, 2.0363256763558584e-23, nan 
64.875, 55.875, 3.445948050096884e-23, nan 
65.125, 55.875, 3.595171229806347e-23, nan 
65.375, 55.875, 4.783101192520538e-23, nan 
65.625, 55.875, 3.9607447072817857e-23, nan 
65.875, 55.875, 1.3449233010104115e-23, nan 
66.125, 55.875, 2.1713204691371755e-23, nan 
66.375, 55.875, 3.0268860127305846e-23, nan 
66.625, 55.875, 2.8827106262311656e-23, nan 
66.875, 55.875, 2.0414278816749756e-23, nan 
67.125, 55.875, 3.088594808843175e-23, nan 
67.375, 55.875, 3.649608373064727e-23, nan 
67.625, 55.875, 2.4663181971124978e-23, nan 
67.875, 55.875, 2.233673888668786e-23, nan 
68.125, 55.875, 2.680625693681996e-23, nan 
68.375, 55.875, 2.4049156743748386e-23, nan 
68.625, 55.875, 2.0212998886375804e-23, nan 
68.875, 55.875, 2.0146636866859857e-23, nan 
69.125, 55.875, 1.8688055146034424e-23, nan 
69.375, 55.875, 3.173117828099923e-23, nan 
69.625, 55.875, 7.992808214924319e-23, nan 
69.875, 55.875, 6.461401358962111e-23, nan 
70.125, 55.875, 5.554853282725978e-23, nan 
70.375, 55.875, 5.760419816929628e-23, nan 
70.625, 55.875, 6.977313390567749e-23, nan 
70.875, 55.875, 7.162403437074552e-23, nan 
71.125, 55.875, 3.609406781022835e-23, nan 
71.375, 55.875, 2.621173357341113e-23, nan 
71.625, 55.875, 1.9101924062513382e-23, nan 
71.875, 55.875, 3.4228782400774114e-23, nan 
72.125, 55.875, 4.285879716451502e-23, nan 
72.375, 55.875, 3.05285312224061e-23, nan 
72.625, 55.875, 4.2600642051581045e-23, nan 
72.875, 55.875, 5.2633377335515136e-23, nan 
73.125, 55.875, 2.427502545542917e-23, nan 
73.375, 55.875, 3.724000386219131e-23, nan 
73.625, 55.875, 7.855400581007296e-23, nan 
73.875, 55.875, 9.676166001943727e-23, nan 
74.125, 55.875, 2.3107709342265372e-23, nan 
74.375, 55.875, 5.120676271900268e-23, nan 
74.625, 55.875, 5.396747039384971e-23, nan 
74.875, 55.875, 3.338986337385912e-23, nan 
75.125, 55.875, 2.6322448430903662e-23, nan 
75.375, 55.875, 1.8891173528555234e-23, nan 
75.625, 55.875, 1.830699815938652e-23, nan 
75.875, 55.875, 2.852423704592857e-23, nan 
76.125, 55.875, 3.3998541015713373e-23, nan 
76.375, 55.875, 3.9634216780120076e-23, nan 
76.625, 55.875, 5.103360422803177e-23, nan 
76.875, 55.875, 4.2881525992985465e-23, nan 
77.125, 55.875, 3.436522439018421e-23, nan 
77.375, 55.875, 5.344300294532644e-23, nan 
77.625, 55.875, 5.420738766571086e-23, nan 
77.875, 55.875, 5.009238658538559e-23, nan 
78.125, 55.875, 5.398357787751761e-23, nan 
78.375, 55.875, 7.126965074638114e-23, nan 
78.625, 55.875, 8.039551431113219e-23, nan 
78.875, 55.875, 7.589912916481807e-23, nan 
79.125, 55.875, 5.367765249010614e-23, nan 
79.375, 55.875, 5.1429272312155967e-23, nan 
79.625, 55.875, 1.19455580428059e-22, nan 
79.875, 55.875, 1.297424980224859e-22, nan 
80.125, 55.875, 9.427490114341509e-23, nan 
80.375, 55.875, 9.565712883451781e-23, nan 
80.625, 55.875, 8.137256603251316e-23, nan 
80.875, 55.875, 1.733812038822638e-22, nan 
81.125, 55.875, 1.6447507533744034e-22, nan 
81.375, 55.875, 5.496196501311842e-23, nan 
81.625, 55.875, 8.32972022381906e-23, nan 
81.875, 55.875, 5.674968126647818e-23, nan 
82.125, 55.875, 2.0116293385619656e-22, nan 
82.375, 55.875, 2.757823107639106e-22, nan 
82.625, 55.875, 2.2712612734106925e-22, nan 
82.875, 55.875, 2.7253927427236813e-22, nan 
83.125, 55.875, 2.41245163323306e-22, nan 
83.375, 55.875, 1.8269177304554886e-22, nan 
83.625, 55.875, 1.2502486136518403e-22, nan 
83.875, 55.875, 1.433328137033182e-22, nan 
84.125, 55.875, 2.0429945645707526e-22, nan 
84.375, 55.875, 2.6392545596890766e-22, nan 
84.625, 55.875, 1.7307683020792715e-22, nan 
84.875, 55.875, 1.5200937729046604e-22, nan 
85.125, 55.875, 2.727804126534097e-22, nan 
85.375, 55.875, 3.031151094854031e-22, nan 
85.625, 55.875, 2.7544753612712984e-22, nan 
85.875, 55.875, 2.940184115178993e-22, nan 
86.125, 55.875, 1.5651904114913256e-22, nan 
86.375, 55.875, 1.21656066153025e-22, nan 
86.625, 55.875, 4.93731972324186e-23, nan 
86.875, 55.875, 1.4518735210116821e-22, nan 
87.125, 55.875, 2.402793923699657e-22, nan 
87.375, 55.875, 2.5192966778682743e-22, nan 
87.625, 55.875, 8.419894379380199e-23, nan 
87.875, 55.875, 8.235907933990082e-23, nan 
88.125, 55.875, 1.7923919773932544e-22, nan 
88.375, 55.875, 2.910633331532466e-22, nan 
88.625, 55.875, 3.659771280726851e-22, nan 
88.875, 55.875, 5.064851230790215e-22, nan 
89.125, 55.875, 4.870655671794369e-22, nan 
89.375, 55.875, 1.9359250785885302e-22, nan 
89.625, 55.875, 2.0525183599060134e-22, nan 
89.875, 55.875, 1.6450023335712727e-22, nan 
90.125, 55.875, 7.967324454364607e-23, nan 
90.375, 55.875, 1.3024524831423526e-22, nan 
90.625, 55.875, 2.730852799059651e-22, nan 
90.875, 55.875, 3.158878917911375e-22, nan 
91.125, 55.875, 2.1933520980835755e-22, nan 
91.375, 55.875, 2.188137640644994e-22, nan 
91.625, 55.875, 2.1229411369783663e-22, nan 
91.875, 55.875, 2.4695820876950597e-22, nan 
92.125, 55.875, 3.5575354673037066e-22, nan 
92.375, 55.875, 3.7283815353480845e-22, nan 
92.625, 55.875, 5.718672420405978e-22, nan 
92.875, 55.875, 1.0048924506907735e-21, nan 
93.125, 55.875, 2.2728091377441585e-22, nan 
93.375, 55.875, 1.8407490545725441e-22, nan 
93.625, 55.875, 1.4916542997298032e-22, nan 
93.875, 55.875, 2.697079850996122e-22, nan 
94.125, 55.875, 2.9201662930413963e-22, nan 
94.375, 55.875, 2.733387382805217e-22, nan 
94.625, 55.875, 2.0337940790041447e-22, nan 
94.875, 55.875, 1.0338249703377868e-22, nan 
95.125, 55.875, 2.8489228813900415e-22, nan 
95.375, 55.875, 3.3886425274475957e-22, nan 
95.625, 55.875, 4.46087899134116e-22, nan 
95.875, 55.875, 8.420113081064145e-22, nan 
96.125, 55.875, 1.0630389777844192e-21, nan 
96.375, 55.875, 7.348520310146202e-22, nan 
96.625, 55.875, 6.010383250252724e-22, nan 
96.875, 55.875, 4.111222856551258e-22, nan 
97.125, 55.875, 3.7933143084147896e-22, nan 
97.375, 55.875, 3.4743122507308093e-22, nan 
97.625, 55.875, 3.5652744038913304e-22, nan 
97.875, 55.875, 4.656108560363e-22, nan 
98.125, 55.875, 1.0179429600263346e-21, nan 
98.375, 55.875, 1.3129134610147243e-21, nan 
98.625, 55.875, 1.605477164688814e-21, nan 
98.875, 55.875, 1.3475269478465238e-21, nan 
99.125, 55.875, 4.81248191999851e-22, nan 
99.375, 55.875, 4.77964620025188e-22, nan 
99.625, 55.875, 5.796008542978671e-22, nan 
99.875, 55.875, 5.334278531595362e-22, nan 
100.125, 55.875, 6.118264062585546e-22, nan 
100.375, 55.875, 7.321036177023164e-22, nan 
100.625, 55.875, 8.187826033707448e-22, nan 
100.875, 55.875, 5.989555194534058e-22, nan 
101.125, 55.875, 6.252522636401925e-22, nan 
101.375, 55.875, 9.172259195632054e-22, nan 
101.625, 55.875, 1.5608865701299325e-21, nan 
101.875, 55.875, 1.3361429960436681e-21, nan 
102.125, 55.875, 5.699787455820799e-22, nan 
102.375, 55.875, 6.3914235692410345e-22, nan 
102.625, 55.875, 9.923938960871564e-22, nan 
102.875, 55.875, 1.8353543477120637e-21, nan 
103.125, 55.875, 1.4019182283314842e-21, nan 
103.375, 55.875, 7.82384927717125e-22, nan 
103.625, 55.875, 7.609646877165968e-22, nan 
103.875, 55.875, 6.740395350220855e-22, nan 
104.125, 55.875, 5.30184916576316e-22, nan 
104.375, 55.875, 6.840572032221124e-22, nan 
104.625, 55.875, 4.592137792532944e-22, nan 
104.875, 55.875, 1.3374169108159976e-21, nan 
105.125, 55.875, 1.9299570710277518e-21, nan 
105.375, 55.875, 1.6393815137550183e-21, nan 
105.625, 55.875, 1.3013846055704848e-21, nan 
105.875, 55.875, 5.808199265896258e-22, nan 
106.125, 55.875, 5.819245442996239e-22, nan 
106.375, 55.875, 5.4345964709481e-22, nan 
106.625, 55.875, 2.7863501572963773e-22, nan 
106.875, 55.875, 2.303502786489758e-22, nan 
107.125, 55.875, 4.405148060679684e-22, nan 
107.375, 55.875, 5.044197484230073e-22, nan 
107.625, 55.875, 3.4782489976740284e-22, nan 
107.875, 55.875, 2.494362213887662e-22, nan 
108.125, 55.875, 2.538190315978395e-22, nan 
108.375, 55.875, 2.1502176500886315e-22, nan 
108.625, 55.875, 1.9143592922786933e-22, nan 
108.875, 55.875, 3.507996190272829e-22, nan 
109.125, 55.875, 3.4502970757100644e-22, nan 
109.375, 55.875, 2.9482496058445025e-22, nan 
109.625, 55.875, 1.852286053732987e-22, nan 
109.875, 55.875, 2.884909497211355e-22, nan 
110.125, 55.875, 2.7560056775785946e-22, nan 
110.375, 55.875, 4.1319491035123724e-22, nan 
110.625, 55.875, 6.600696047124258e-22, nan 
110.875, 55.875, 6.827866661889209e-22, nan 
111.125, 55.875, 8.992350706567993e-22, nan 
111.375, 55.875, 7.969636540906867e-22, nan 
111.625, 55.875, 2.94827388463088e-22, nan 
111.875, 55.875, 2.88548947109297e-22, nan 
112.125, 55.875, 1.3002903557935335e-22, nan 
112.375, 55.875, 1.8131627044205402e-22, nan 
112.625, 55.875, 2.2569120489430673e-22, nan 
112.875, 55.875, 6.40453622090519e-22, nan 
113.125, 55.875, 6.237194986902914e-22, nan 
113.375, 55.875, 3.0193064379588556e-22, nan 
113.625, 55.875, 2.850707563144787e-22, nan 
113.875, 55.875, 2.1285847574628826e-22, nan 
114.125, 55.875, 2.9713044937209293e-22, nan 
114.375, 55.875, 3.150028985776571e-22, nan 
114.625, 55.875, 1.4014690764491314e-22, nan 
114.875, 55.875, 9.053480385101368e-23, nan 
115.125, 55.875, 8.588158895882816e-23, nan 
115.375, 55.875, 5.0886691753798245e-23, nan 
115.625, 55.875, 2.4749786869964035e-23, nan 
115.875, 55.875, 1.3158810862957275e-22, nan 
116.125, 55.875, 3.03117422295006e-22, nan 
116.375, 55.875, 3.4712525497727334e-22, nan 
116.625, 55.875, 3.717761361008011e-22, nan 
116.875, 55.875, 2.720536360394143e-22, nan 
117.125, 55.875, 1.2861564393616639e-22, nan 
117.375, 55.875, 1.0308204652844907e-22, nan 
117.625, 55.875, 1.0190388993128194e-22, nan 
117.875, 55.875, 1.6125376846767055e-22, nan 
118.125, 55.875, 1.5922135041225568e-22, nan 
118.375, 55.875, 7.418348975535898e-23, nan 
118.625, 55.875, 1.1776362976923161e-22, nan 
118.875, 55.875, 1.0290212360208474e-22, nan 
119.125, 55.875, 8.674031952579267e-23, nan 
119.375, 55.875, 8.872370902994222e-23, nan 
119.625, 55.875, 1.2792917294468162e-22, nan 
119.875, 55.875, 2.6841998510340105e-22, nan 
120.125, 55.875, 2.1026528531643957e-22, nan 
120.375, 55.875, 7.470272045909896e-23, nan 
120.625, 55.875, 5.01974866645716e-23, nan 
120.875, 55.875, 4.378237951876053e-23, nan 
121.125, 55.875, 3.261369919970406e-23, nan 
121.375, 55.875, 5.49500890822359e-23, nan 
121.625, 55.875, 6.651140966857575e-23, nan 
121.875, 55.875, 7.035400514457502e-23, nan 
122.125, 55.875, 5.796779465491876e-23, nan 
122.375, 55.875, 2.834955048525525e-23, nan 
122.625, 55.875, 1.2009156452468448e-22, nan 
122.875, 55.875, 1.3777936164395497e-22, nan 
123.125, 55.875, 1.0728973815509933e-22, nan 
123.375, 55.875, 1.5214262531668643e-22, nan 
123.625, 55.875, 1.2766694749714297e-22, nan 
123.875, 55.875, 5.018158217097637e-23, nan 
124.125, 55.875, 5.468609987103261e-23, nan 
124.375, 55.875, 4.1810605994002583e-23, nan 
124.625, 55.875, 3.0652672282921787e-23, nan 
124.875, 55.875, 2.8147087176554617e-23, nan 
125.125, 55.875, 2.8515043256114934e-23, nan 
125.375, 55.875, 3.666689290894116e-23, nan 
125.625, 55.875, 2.316293320855644e-23, nan 
125.875, 55.875, 8.06287317539349e-24, nan 
126.125, 55.875, 1.0374300907284763e-23, nan 
126.375, 55.875, 1.0006306932466092e-23, nan 
126.625, 55.875, 5.0889390904158074e-23, nan 
126.875, 55.875, 8.069017889612706e-23, nan 
127.125, 55.875, 7.313822293567006e-23, nan 
127.375, 55.875, 7.192588608126852e-23, nan 
127.625, 55.875, 1.7491948973743284e-23, nan 
127.875, 55.875, 1.7574879350823526e-23, nan 
128.125, 55.875, 1.955768410742428e-23, nan 
128.375, 55.875, 3.299797795914145e-23, nan 
128.625, 55.875, 3.06038846724353e-23, nan 
128.875, 55.875, 3.979823808210414e-23, nan 
129.125, 55.875, 3.697735192492708e-23, nan 
129.375, 55.875, 3.363109660598122e-23, nan 
129.625, 55.875, 5.845309414689898e-23, nan 
129.875, 55.875, 4.8383176052106685e-23, nan 
130.125, 55.875, 1.8196901685809914e-23, nan 
130.375, 55.875, 3.836667485210883e-23, nan 
130.625, 55.875, 3.1717376335567386e-23, nan 
130.875, 55.875, 1.3531475927437408e-23, nan 
131.125, 55.875, 2.4862008619522153e-23, nan 
131.375, 55.875, 3.4279816137008507e-23, nan 
131.625, 55.875, 2.3309635735759322e-23, nan 
131.875, 55.875, 1.4534314284123765e-23, nan 
132.125, 55.875, 1.6010190488560896e-23, nan 
132.375, 55.875, 1.3517820955116198e-23, nan 
132.625, 55.875, 1.0467085298450006e-23, nan 
132.875, 55.875, 1.608317592250867e-23, nan 
133.125, 55.875, 1.368261135569977e-23, nan 
133.375, 55.875, 2.5598867480872104e-23, nan 
133.625, 55.875, 4.515119813883481e-23, nan 
133.875, 55.875, 3.995931154427631e-23, nan 
134.125, 55.875, 2.730816789798296e-23, nan 
134.375, 55.875, 3.085901027247504e-23, nan 
134.625, 55.875, 2.1891171127420774e-23, nan 
134.875, 55.875, 8.319728457255631e-24, nan 
135.125, 55.875, 1.1317771129350862e-23, nan 
135.375, 55.875, 1.0232028580790752e-23, nan 
135.625, 55.875, 5.084655769336408e-24, nan 
135.875, 55.875, 4.821979197153527e-24, nan 
136.125, 55.875, 4.691883040432052e-24, nan 
136.375, 55.875, 1.8258445330495734e-23, nan 
136.625, 55.875, 1.4312209672523582e-23, nan 
136.875, 55.875, 4.2999683308274165e-24, nan 
137.125, 55.875, 3.638977966610155e-24, nan 
137.375, 55.875, 7.202652986960936e-24, nan 
137.625, 55.875, 1.4187344661985372e-23, nan 
137.875, 55.875, 1.4873224149539426e-23, nan 
138.125, 55.875, 1.1522563563360455e-23, nan 
138.375, 55.875, 1.6238174599038657e-23, nan 
138.625, 55.875, 1.4378446072519362e-23, nan 
138.875, 55.875, 1.7617298922082765e-23, nan 
139.125, 55.875, 3.42745422901277e-23, nan 
139.375, 55.875, 3.0779557130425336e-23, nan 
139.625, 55.875, 1.4953472960713768e-22, nan 
139.875, 55.875, 1.1710263576237094e-22, nan 
140.125, 55.875, 4.388414651401154e-23, nan 
140.375, 55.875, 1.5151591852712313e-23, nan 
140.625, 55.875, 1.11576661719125e-23, nan 
140.875, 55.875, 1.3201243325377429e-23, nan 
141.125, 55.875, 8.488154761180452e-24, nan 
141.375, 55.875, 7.01336832488246e-24, nan 
141.625, 55.875, 1.0029268159316058e-23, nan 
141.875, 55.875, 1.54831963810395e-23, nan 
142.125, 55.875, 1.74928162892003e-23, nan 
142.375, 55.875, 1.419017996415235e-23, nan 
142.625, 55.875, 6.672355971011677e-24, nan 
142.875, 55.875, 3.582823360355196e-24, nan 
143.125, 55.875, 5.968120864747353e-24, nan 
143.375, 55.875, 5.511558996157918e-24, nan 
143.625, 55.875, 1.5091736573417008e-23, nan 
143.875, 55.875, 1.638101179627414e-23, nan 
144.125, 55.875, 6.797191727978588e-24, nan 
144.375, 55.875, 7.560653940015935e-24, nan 
144.625, 55.875, 8.950933269762055e-24, nan 
144.875, 55.875, 6.883679057173748e-24, nan 
145.125, 55.875, 3.2633931579435796e-24, nan 
145.375, 55.875, 4.759491131708986e-24, nan 
145.625, 55.875, 2.1915063062383898e-23, nan 
145.875, 55.875, 2.3902391686696686e-23, nan 
146.125, 55.875, 1.2081467802843231e-23, nan 
146.375, 55.875, 1.3069937794915616e-23, nan 
146.625, 55.875, 1.3241670167524266e-23, nan 
146.875, 55.875, 9.570841011110968e-24, nan 
147.125, 55.875, 3.5329368130998356e-24, nan 
147.375, 55.875, 1.0038146474171832e-23, nan 
147.625, 55.875, 1.0081058838569509e-23, nan 
147.875, 55.875, 1.6842316479629954e-24, nan 
148.125, 55.875, 1.4953675122136434e-24, nan 
148.375, 55.875, 4.2666386656002065e-24, nan 
148.625, 55.875, 3.9142095869340584e-24, nan 
148.875, 55.875, 7.866255739112546e-24, nan 
149.125, 55.875, 6.817510330987417e-24, nan 
149.375, 55.875, 4.563672124906296e-24, nan 
149.625, 55.875, 4.8580401490785206e-24, nan 
149.875, 55.875, 2.864761948972377e-24, nan 
150.125, 55.875, 1.9232054986074196e-24, nan 
150.375, 55.875, 2.6235808424812715e-24, nan 
150.625, 55.875, 2.964660189272242e-24, nan 
150.875, 55.875, 3.314772741939852e-24, nan 
151.125, 55.875, 2.535681050162521e-24, nan 
151.375, 55.875, 2.68504756941145e-24, nan 
151.625, 55.875, 2.1108286610778494e-24, nan 
151.875, 55.875, 2.0672537490963898e-24, nan 
152.125, 55.875, 2.79772112683141e-24, nan 
152.375, 55.875, 2.509910915024876e-24, nan 
152.625, 55.875, 4.47830422681828e-24, nan 
152.875, 55.875, 3.9211801263985625e-24, nan 
153.125, 55.875, 3.0944543289494194e-24, nan 
153.375, 55.875, 3.587324117689095e-24, nan 
153.625, 55.875, 2.3099936680432284e-24, nan 
153.875, 55.875, 2.3210203358480916e-24, nan 
154.125, 55.875, 4.0362060782356265e-24, nan 
154.375, 55.875, 4.106215840948606e-24, nan 
154.625, 55.875, 3.260347017272723e-24, nan 
154.875, 55.875, 2.2943454949141388e-24, nan 
155.125, 55.875, 4.1731150482523956e-24, nan 
155.375, 55.875, 3.3690131534606776e-24, nan 
155.625, 55.875, 6.68381160359663e-24, nan 
48.875, 56.125, 3.364911567023299e-24, nan 
49.125, 56.125, 4.397251958544431e-24, nan 
49.375, 56.125, 6.0989965035978445e-24, nan 
49.625, 56.125, 1.006636637453172e-23, nan 
49.875, 56.125, 1.962732783547596e-23, nan 
50.125, 56.125, 2.702548365357129e-23, nan 
50.375, 56.125, 1.9968927057198615e-23, nan 
50.625, 56.125, 7.733738174654156e-24, nan 
50.875, 56.125, 1.2066696298930346e-23, nan 
51.125, 56.125, 1.1440079632901153e-23, nan 
51.375, 56.125, 4.1312801950515676e-24, nan 
51.625, 56.125, 4.6626682187496795e-24, nan 
51.875, 56.125, 6.078377212251107e-24, nan 
52.125, 56.125, 8.483074079360901e-24, nan 
52.375, 56.125, 6.256602094134252e-24, nan 
52.625, 56.125, 3.2944842822057354e-24, nan 
52.875, 56.125, 5.739390741162626e-24, nan 
53.125, 56.125, 3.9782094034539045e-24, nan 
53.375, 56.125, 3.7797654213150466e-24, nan 
53.625, 56.125, 3.040249447028237e-24, nan 
53.875, 56.125, 6.922276043409998e-24, nan 
54.125, 56.125, 7.816836908809179e-24, nan 
54.375, 56.125, 8.836993123921016e-24, nan 
54.625, 56.125, 6.892485387265648e-24, nan 
54.875, 56.125, 5.187604411371728e-24, nan 
55.125, 56.125, 1.50589376751508e-23, nan 
55.375, 56.125, 1.6182802475148086e-23, nan 
55.625, 56.125, 7.574976406624717e-24, nan 
55.875, 56.125, 1.5849241479320515e-23, nan 
56.125, 56.125, 1.3617908189431666e-23, nan 
56.375, 56.125, 8.288446169525933e-24, nan 
56.625, 56.125, 6.438695962302216e-24, nan 
56.875, 56.125, 5.9860519430398974e-24, nan 
57.125, 56.125, 6.708939320148549e-24, nan 
57.375, 56.125, 8.46726347297978e-24, nan 
57.625, 56.125, 6.1326520553151646e-24, nan 
57.875, 56.125, 1.6337735315363436e-23, nan 
58.125, 56.125, 4.210489969311559e-23, nan 
58.375, 56.125, 5.507045146396416e-23, nan 
58.625, 56.125, 2.78792929033839e-23, nan 
58.875, 56.125, 2.1536929876042918e-23, nan 
59.125, 56.125, 1.0472357288149664e-23, nan 
59.375, 56.125, 2.4134160329624658e-23, nan 
59.625, 56.125, 2.5699102595116133e-23, nan 
59.875, 56.125, 2.044373184930215e-23, nan 
60.125, 56.125, 2.836694451025012e-23, nan 
60.375, 56.125, 2.7485143639738405e-23, nan 
60.625, 56.125, 1.1307074028359945e-23, nan 
60.875, 56.125, 1.1457818719945655e-23, nan 
61.125, 56.125, 4.550583769319108e-24, nan 
61.375, 56.125, 1.643101520694792e-23, nan 
61.625, 56.125, 1.723243087830565e-23, nan 
61.875, 56.125, 9.149121753156462e-24, nan 
62.125, 56.125, 1.1036182486654763e-23, nan 
62.375, 56.125, 7.966011873449225e-24, nan 
62.625, 56.125, 6.901307518418339e-24, nan 
62.875, 56.125, 7.98834435813056e-24, nan 
63.125, 56.125, 7.372175489822122e-24, nan 
63.375, 56.125, 8.099424408142714e-24, nan 
63.625, 56.125, 7.45184530823765e-24, nan 
63.875, 56.125, 1.2057573081890926e-23, nan 
64.125, 56.125, 8.784861386422555e-24, nan 
64.375, 56.125, 1.1485105986529367e-23, nan 
64.625, 56.125, 1.854563294886135e-23, nan 
64.875, 56.125, 2.2859250421987718e-23, nan 
65.125, 56.125, 2.302888101298125e-23, nan 
65.375, 56.125, 2.4193208412656543e-23, nan 
65.625, 56.125, 1.953845435785531e-23, nan 
65.875, 56.125, 2.0914905986796373e-23, nan 
66.125, 56.125, 3.424931058258221e-23, nan 
66.375, 56.125, 3.562004949434285e-23, nan 
66.625, 56.125, 3.8890801393983863e-23, nan 
66.875, 56.125, 3.774159813318091e-23, nan 
67.125, 56.125, 3.730365987853488e-23, nan 
67.375, 56.125, 4.686338824361183e-23, nan 
67.625, 56.125, 3.4570424130093543e-23, nan 
67.875, 56.125, 2.7506806864928974e-23, nan 
68.125, 56.125, 2.422633615915307e-23, nan 
68.375, 56.125, 1.820016163002625e-23, nan 
68.625, 56.125, 1.9089575954193222e-23, nan 
68.875, 56.125, 1.9769722537246844e-23, nan 
69.125, 56.125, 2.3430684546509846e-23, nan 
69.375, 56.125, 3.641299831726588e-23, nan 
69.625, 56.125, 5.2815530199271057e-23, nan 
69.875, 56.125, 3.1997719297242666e-23, nan 
70.125, 56.125, 4.3514536826481744e-23, nan 
70.375, 56.125, 4.9609746832191163e-23, nan 
70.625, 56.125, 4.0069453033822157e-23, nan 
70.875, 56.125, 2.414014374385008e-23, nan 
71.125, 56.125, 4.8395921850610496e-23, nan 
71.375, 56.125, 4.423442778288323e-23, nan 
71.625, 56.125, 2.838071580168414e-23, nan 
71.875, 56.125, 3.2529304974486776e-23, nan 
72.125, 56.125, 1.8731842682621728e-23, nan 
72.375, 56.125, 9.464368964497141e-24, nan 
72.625, 56.125, 1.4336433867770523e-23, nan 
72.875, 56.125, 5.519632875936816e-23, nan 
73.125, 56.125, 5.574879310498124e-23, nan 
73.375, 56.125, 2.2617728118284282e-23, nan 
73.625, 56.125, 2.7870370323816627e-23, nan 
73.875, 56.125, 1.080237874068805e-22, nan 
74.125, 56.125, 9.638081838027747e-23, nan 
74.375, 56.125, 5.704742223295093e-23, nan 
74.625, 56.125, 5.578550109369757e-23, nan 
74.875, 56.125, 4.464288433923791e-23, nan 
75.125, 56.125, 3.675129816808272e-23, nan 
75.375, 56.125, 3.0666887557628566e-23, nan 
75.625, 56.125, 1.1227095034871141e-23, nan 
75.875, 56.125, 1.7739232269604743e-23, nan 
76.125, 56.125, 2.082630059962045e-23, nan 
76.375, 56.125, 4.2744137807662773e-23, nan 
76.625, 56.125, 5.317784330575725e-23, nan 
76.875, 56.125, 4.801843534193491e-23, nan 
77.125, 56.125, 3.8562785823049406e-23, nan 
77.375, 56.125, 6.317648263365762e-23, nan 
77.625, 56.125, 7.579682336651691e-23, nan 
77.875, 56.125, 8.818078344002357e-23, nan 
78.125, 56.125, 8.030290378793274e-23, nan 
78.375, 56.125, 4.0325874291580967e-23, nan 
78.625, 56.125, 6.332777978046804e-23, nan 
78.875, 56.125, 7.30966903733628e-23, nan 
79.125, 56.125, 9.768080116825423e-23, nan 
79.375, 56.125, 9.981668098577093e-23, nan 
79.625, 56.125, 9.011661143185253e-23, nan 
79.875, 56.125, 1.5288257855515957e-22, nan 
80.125, 56.125, 1.430808304547803e-22, nan 
80.375, 56.125, 1.0123969854966378e-22, nan 
80.625, 56.125, 1.0625631197573964e-22, nan 
80.875, 56.125, 2.9614616935595512e-22, nan 
81.125, 56.125, 3.8289538591269017e-22, nan 
81.375, 56.125, 1.606997551223312e-22, nan 
81.625, 56.125, 5.954910972058238e-23, nan 
81.875, 56.125, 5.475214723294804e-23, nan 
82.125, 56.125, 2.2696979102207104e-22, nan 
82.375, 56.125, 3.058323463618387e-22, nan 
82.625, 56.125, 3.18246789044032e-22, nan 
82.875, 56.125, 2.5858332953350595e-22, nan 
83.125, 56.125, 5.050207711947805e-23, nan 
83.375, 56.125, 1.8649319139335028e-22, nan 
83.625, 56.125, 2.865104939929584e-22, nan 
83.875, 56.125, 3.898106009089917e-22, nan 
84.125, 56.125, 4.004046294364464e-22, nan 
84.375, 56.125, 3.433361750068632e-22, nan 
84.625, 56.125, 1.8723756063416392e-22, nan 
84.875, 56.125, 1.4638202675944373e-22, nan 
85.125, 56.125, 1.565954923951025e-22, nan 
85.375, 56.125, 1.292437603034752e-22, nan 
85.625, 56.125, 2.0419280854218226e-22, nan 
85.875, 56.125, 1.9656855954602468e-22, nan 
86.125, 56.125, 1.5154896228643656e-22, nan 
86.375, 56.125, 1.0709010948356248e-22, nan 
86.625, 56.125, 7.591788079297274e-23, nan 
86.875, 56.125, 1.6301719170863924e-22, nan 
87.125, 56.125, 1.8965375833754853e-22, nan 
87.375, 56.125, 1.650235393727917e-22, nan 
87.625, 56.125, 1.2847377040008423e-22, nan 
87.875, 56.125, 1.225600441504541e-22, nan 
88.125, 56.125, 2.674151322981588e-22, nan 
88.375, 56.125, 2.961303935590695e-22, nan 
88.625, 56.125, 4.356569052427575e-22, nan 
88.875, 56.125, 5.07663007885406e-22, nan 
89.125, 56.125, 5.1619902119996e-22, nan 
89.375, 56.125, 3.9281951176367733e-22, nan 
89.625, 56.125, 3.1380376522180386e-22, nan 
89.875, 56.125, 3.403469440757161e-22, nan 
90.125, 56.125, 3.321767862681337e-22, nan 
90.375, 56.125, 1.3400627116638717e-22, nan 
90.625, 56.125, 1.5723664505161346e-22, nan 
90.875, 56.125, 3.0850675813817334e-22, nan 
91.125, 56.125, 3.2395320440386145e-22, nan 
91.375, 56.125, 3.0532724279914386e-22, nan 
91.625, 56.125, 3.6042944125751807e-22, nan 
91.875, 56.125, 4.2316241332263684e-22, nan 
92.125, 56.125, 3.2717551022414584e-22, nan 
92.375, 56.125, 5.341900498968596e-22, nan 
92.625, 56.125, 1.1142822920815162e-21, nan 
92.875, 56.125, 2.269540223718786e-21, nan 
93.125, 56.125, 1.6843905798774556e-21, nan 
93.375, 56.125, 3.837754078794472e-22, nan 
93.625, 56.125, 2.276249022087448e-22, nan 
93.875, 56.125, 2.8511187861673575e-22, nan 
94.125, 56.125, 3.5023481498876784e-22, nan 
94.375, 56.125, 2.737283177375298e-22, nan 
94.625, 56.125, 2.846077184985929e-22, nan 
94.875, 56.125, 2.3425187462351647e-22, nan 
95.125, 56.125, 2.4346633242874563e-22, nan 
95.375, 56.125, 3.4893123594389874e-22, nan 
95.625, 56.125, 4.983100993882715e-22, nan 
95.875, 56.125, 4.438835018500159e-22, nan 
96.125, 56.125, 2.1932258112939823e-22, nan 
96.375, 56.125, 7.516264606952938e-22, nan 
96.625, 56.125, 1.0961808221030705e-21, nan 
96.875, 56.125, 6.730952047417864e-22, nan 
97.125, 56.125, 3.8253028222339843e-22, nan 
97.375, 56.125, 3.8389218943817426e-22, nan 
97.625, 56.125, 3.957209253265975e-22, nan 
97.875, 56.125, 4.0220001513171472e-22, nan 
98.125, 56.125, 3.5539821594073115e-22, nan 
98.375, 56.125, 6.917858193033764e-22, nan 
98.625, 56.125, 6.944729079477897e-22, nan 
98.875, 56.125, 3.899331903037145e-22, nan 
99.125, 56.125, 5.25126862123754e-22, nan 
99.375, 56.125, 4.841327568531005e-22, nan 
99.625, 56.125, 6.648589917695343e-22, nan 
99.875, 56.125, 5.897787334214961e-22, nan 
100.125, 56.125, 6.768344864492768e-22, nan 
100.375, 56.125, 9.269130409315215e-22, nan 
100.625, 56.125, 1.1207270053140017e-21, nan 
100.875, 56.125, 8.596122920777853e-22, nan 
101.125, 56.125, 1.507977716670374e-21, nan 
101.375, 56.125, 1.716475871638768e-21, nan 
101.625, 56.125, 1.9392311006999662e-21, nan 
101.875, 56.125, 1.716996317383405e-21, nan 
102.125, 56.125, 7.56591145604441e-22, nan 
102.375, 56.125, 1.1838875307792924e-21, nan 
102.625, 56.125, 2.743777670257554e-21, nan 
102.875, 56.125, 2.706285967955443e-21, nan 
103.125, 56.125, 6.772999336285815e-22, nan 
103.375, 56.125, 8.741012362933735e-22, nan 
103.625, 56.125, 9.680355758966644e-22, nan 
103.875, 56.125, 9.040284918296202e-22, nan 
104.125, 56.125, 5.875206876433552e-22, nan 
104.375, 56.125, 4.914055299930085e-22, nan 
104.625, 56.125, 6.217491450148737e-22, nan 
104.875, 56.125, 6.028560298974906e-22, nan 
105.125, 56.125, 8.389229033685019e-22, nan 
105.375, 56.125, 4.315769391605987e-22, nan 
105.625, 56.125, 6.280318313174283e-22, nan 
105.875, 56.125, 1.2218350302116988e-21, nan 
106.125, 56.125, 1.4002983921600866e-21, nan 
106.375, 56.125, 7.450471285952085e-22, nan 
106.625, 56.125, 6.882158598051978e-22, nan 
106.875, 56.125, 4.652828980295626e-22, nan 
107.125, 56.125, 6.817610963634034e-22, nan 
107.375, 56.125, 8.854523583367727e-22, nan 
107.625, 56.125, 1.0012233137738894e-21, nan 
107.875, 56.125, 7.219727022131942e-22, nan 
108.125, 56.125, 2.728292670062507e-22, nan 
108.375, 56.125, 1.6073312901265655e-22, nan 
108.625, 56.125, 2.9453036394065024e-22, nan 
108.875, 56.125, 3.6759494101851886e-22, nan 
109.125, 56.125, 3.905183742342072e-22, nan 
109.375, 56.125, 3.307960088141163e-22, nan 
109.625, 56.125, 9.197515606144186e-23, nan 
109.875, 56.125, 1.8822028617884439e-22, nan 
110.125, 56.125, 3.5703846989532383e-22, nan 
110.375, 56.125, 8.061078754927019e-22, nan 
110.625, 56.125, 8.755852669173214e-22, nan 
110.875, 56.125, 7.8398473627020185e-22, nan 
111.125, 56.125, 1.1254068968680625e-21, nan 
111.375, 56.125, 1.3195774098328195e-21, nan 
111.625, 56.125, 1.0011222104483336e-21, nan 
111.875, 56.125, 5.091339255804486e-22, nan 
112.125, 56.125, 3.124451733526606e-22, nan 
112.375, 56.125, 2.6752301974358714e-22, nan 
112.625, 56.125, 4.32969249011845e-22, nan 
112.875, 56.125, 6.92001830760979e-22, nan 
113.125, 56.125, 6.046314242275641e-22, nan 
113.375, 56.125, 3.7001040911375414e-22, nan 
113.625, 56.125, 9.121639871934977e-23, nan 
113.875, 56.125, 1.4052286818802114e-22, nan 
114.125, 56.125, 2.2540110445202793e-22, nan 
114.375, 56.125, 3.923619790299727e-22, nan 
114.625, 56.125, 3.008873288337826e-22, nan 
114.875, 56.125, 1.3601321701214436e-22, nan 
115.125, 56.125, 1.2952583496516614e-22, nan 
115.375, 56.125, 1.0658415296900747e-22, nan 
115.625, 56.125, 1.444706719292639e-22, nan 
115.875, 56.125, 1.6031012681969049e-22, nan 
116.125, 56.125, 1.0103923791053611e-22, nan 
116.375, 56.125, 1.1476874033169676e-22, nan 
116.625, 56.125, 2.3141635340798514e-22, nan 
116.875, 56.125, 1.0305701618805952e-22, nan 
117.125, 56.125, 5.186642134883894e-23, nan 
117.375, 56.125, 9.650896800452563e-23, nan 
117.625, 56.125, 2.168355050600662e-22, nan 
117.875, 56.125, 2.5686296874125885e-22, nan 
118.125, 56.125, 1.6872981070013668e-22, nan 
118.375, 56.125, 8.80254493828123e-23, nan 
118.625, 56.125, 9.400823950872695e-23, nan 
118.875, 56.125, 8.510603946116274e-23, nan 
119.125, 56.125, 1.124860950162892e-22, nan 
119.375, 56.125, 9.621713124785316e-23, nan 
119.625, 56.125, 7.425272768198307e-23, nan 
119.875, 56.125, 3.0005335927156004e-22, nan 
120.125, 56.125, 3.356762755257707e-22, nan 
120.375, 56.125, 9.487954126146921e-23, nan 
120.625, 56.125, 4.552758443535111e-23, nan 
120.875, 56.125, 5.2256600457675955e-23, nan 
121.125, 56.125, 6.554456752280611e-23, nan 
121.375, 56.125, 7.474997976857831e-23, nan 
121.625, 56.125, 4.8354943867674954e-23, nan 
121.875, 56.125, 3.666740201950352e-23, nan 
122.125, 56.125, 3.8887459383087864e-23, nan 
122.375, 56.125, 5.443082318624124e-23, nan 
122.625, 56.125, 1.7438116244171174e-22, nan 
122.875, 56.125, 1.8006103678142868e-22, nan 
123.125, 56.125, 1.4588541014831525e-22, nan 
123.375, 56.125, 1.7978326684936597e-22, nan 
123.625, 56.125, 1.5720020780237987e-22, nan 
123.875, 56.125, 6.143940369080246e-23, nan 
124.125, 56.125, 3.288363776756114e-23, nan 
124.375, 56.125, 4.0022431538963854e-23, nan 
124.625, 56.125, 3.591873370985253e-23, nan 
124.875, 56.125, 2.837233386109947e-23, nan 
125.125, 56.125, 1.8721234331922763e-23, nan 
125.375, 56.125, 2.4264640752241002e-23, nan 
125.625, 56.125, 3.679493851370185e-23, nan 
125.875, 56.125, 2.0032769900723723e-23, nan 
126.125, 56.125, 7.303945309343415e-24, nan 
126.375, 56.125, 1.5932402011785078e-23, nan 
126.625, 56.125, 1.3552140876775008e-23, nan 
126.875, 56.125, 2.163465382997544e-23, nan 
127.125, 56.125, 1.5675923441747605e-22, nan 
127.375, 56.125, 2.359866591465995e-22, nan 
127.625, 56.125, 1.3961924827786477e-22, nan 
127.875, 56.125, 3.1359887580238493e-23, nan 
128.125, 56.125, 3.601655967791932e-23, nan 
128.375, 56.125, 2.4813224977688705e-23, nan 
128.625, 56.125, 2.409520534722396e-23, nan 
128.875, 56.125, 5.879738378656387e-23, nan 
129.125, 56.125, 5.530345068818346e-23, nan 
129.375, 56.125, 1.1783398239386157e-23, nan 
129.625, 56.125, 5.19862973476576e-23, nan 
129.875, 56.125, 6.56627075506541e-23, nan 
130.125, 56.125, 4.8665458963545795e-23, nan 
130.375, 56.125, 2.0334118316462818e-23, nan 
130.625, 56.125, 5.015114317231264e-24, nan 
130.875, 56.125, 3.420289129913349e-24, nan 
131.125, 56.125, 1.232894698376587e-23, nan 
131.375, 56.125, 2.0415239283709767e-23, nan 
131.625, 56.125, 1.6924515299838805e-23, nan 
131.875, 56.125, 1.551352748757364e-23, nan 
132.125, 56.125, 1.6874809163394988e-23, nan 
132.375, 56.125, 1.6961051672238576e-23, nan 
132.625, 56.125, 1.7009257577956915e-23, nan 
132.875, 56.125, 1.5869369450133464e-23, nan 
133.125, 56.125, 1.2288625686619081e-23, nan 
133.375, 56.125, 1.5338455589994188e-23, nan 
133.625, 56.125, 1.783799865815262e-23, nan 
133.875, 56.125, 1.9267048021704723e-23, nan 
134.125, 56.125, 2.0710907702755254e-23, nan 
134.375, 56.125, 1.6094105754648467e-23, nan 
134.625, 56.125, 1.3243881758084205e-23, nan 
134.875, 56.125, 7.713957734632013e-24, nan 
135.125, 56.125, 4.93858986225487e-24, nan 
135.375, 56.125, 5.831443347114218e-24, nan 
135.625, 56.125, 8.333778432544644e-24, nan 
135.875, 56.125, 9.69077362735423e-24, nan 
136.125, 56.125, 2.67396073942723e-23, nan 
136.375, 56.125, 2.8667763931650915e-23, nan 
136.625, 56.125, 1.1427549100570893e-23, nan 
136.875, 56.125, 1.0661219141777584e-23, nan 
137.125, 56.125, 6.043276472562652e-24, nan 
137.375, 56.125, 1.5738990222274485e-23, nan 
137.625, 56.125, 2.0650008586585115e-23, nan 
137.875, 56.125, 1.1676138459473564e-23, nan 
138.125, 56.125, 9.045803220223405e-24, nan 
138.375, 56.125, 8.483969090659905e-24, nan 
138.625, 56.125, 1.6275291160833816e-23, nan 
138.875, 56.125, 1.697213996653828e-23, nan 
139.125, 56.125, 2.940903294465757e-23, nan 
139.375, 56.125, 2.945195251549384e-23, nan 
139.625, 56.125, 2.4873995075255843e-23, nan 
139.875, 56.125, 3.125492895342995e-23, nan 
140.125, 56.125, 2.4874795582200048e-23, nan 
140.375, 56.125, 1.1655715902393888e-23, nan 
140.625, 56.125, 1.0736857763115063e-23, nan 
140.875, 56.125, 1.421305354337568e-23, nan 
141.125, 56.125, 1.473365547604342e-23, nan 
141.375, 56.125, 7.049021145263047e-24, nan 
141.625, 56.125, 1.210658212622226e-23, nan 
141.875, 56.125, 1.417361558778633e-23, nan 
142.125, 56.125, 1.4914568322709756e-23, nan 
142.375, 56.125, 1.1794883248864801e-23, nan 
142.625, 56.125, 5.94348621215246e-24, nan 
142.875, 56.125, 4.127258091261464e-24, nan 
143.125, 56.125, 7.622241462299233e-24, nan 
143.375, 56.125, 8.360074442654192e-24, nan 
143.625, 56.125, 9.700400309653403e-24, nan 
143.875, 56.125, 8.185704560731787e-24, nan 
144.125, 56.125, 5.367009604981992e-24, nan 
144.375, 56.125, 6.991100837534607e-24, nan 
144.625, 56.125, 6.732558383142926e-24, nan 
144.875, 56.125, 5.287770022817037e-24, nan 
145.125, 56.125, 4.0570859312696e-24, nan 
145.375, 56.125, 8.314311868288886e-24, nan 
145.625, 56.125, 1.174309975683721e-23, nan 
145.875, 56.125, 1.0558804130934623e-23, nan 
146.125, 56.125, 1.1762938115556458e-23, nan 
146.375, 56.125, 1.2766244983959003e-23, nan 
146.625, 56.125, 6.820752974288668e-24, nan 
146.875, 56.125, 4.4207219157955e-24, nan 
147.125, 56.125, 4.9833391334896474e-24, nan 
147.375, 56.125, 5.628416843894653e-24, nan 
147.625, 56.125, 5.129478359622988e-24, nan 
147.875, 56.125, 3.725751496468473e-24, nan 
148.125, 56.125, 7.571558683536152e-24, nan 
148.375, 56.125, 9.456784891080373e-24, nan 
148.625, 56.125, 7.042237602714779e-24, nan 
148.875, 56.125, 7.389972381961169e-24, nan 
149.125, 56.125, 5.041956599181124e-24, nan 
149.375, 56.125, 5.1776759593605184e-24, nan 
149.625, 56.125, 5.476916271610893e-24, nan 
149.875, 56.125, 1.934438712980404e-24, nan 
150.125, 56.125, 2.4472054196777167e-24, nan 
150.375, 56.125, 1.7779620339543212e-24, nan 
150.625, 56.125, 1.2455042365387683e-24, nan 
150.875, 56.125, 1.1564029593571552e-24, nan 
151.125, 56.125, 2.4399351232276396e-24, nan 
151.375, 56.125, 3.719114067561857e-24, nan 
151.625, 56.125, 3.349625898748972e-24, nan 
151.875, 56.125, 7.696223298428773e-24, nan 
152.125, 56.125, 5.56824859596957e-24, nan 
152.375, 56.125, 4.0013481930737605e-24, nan 
152.625, 56.125, 4.842880660780322e-24, nan 
152.875, 56.125, 2.6573144203084485e-24, nan 
153.125, 56.125, 1.8348986642748356e-24, nan 
153.375, 56.125, 2.4246767046609487e-24, nan 
153.625, 56.125, 2.7551795505208245e-24, nan 
153.875, 56.125, 3.3075735649240697e-24, nan 
154.125, 56.125, 3.9142333651135516e-24, nan 
154.375, 56.125, 3.716463450131271e-24, nan 
154.625, 56.125, 3.463527927539297e-24, nan 
154.875, 56.125, 3.1542041526389244e-24, nan 
155.125, 56.125, 3.68553185307349e-24, nan 
155.375, 56.125, 8.273592094025808e-24, nan 
155.625, 56.125, 8.905125226529274e-24, nan 
155.875, 56.125, 5.4242580955533e-24, nan 
47.875, 56.375, 8.247505968885129e-24, nan 
48.125, 56.375, 9.557354347479195e-24, nan 
48.375, 56.375, 4.914117425057981e-24, nan 
48.625, 56.375, 2.7335147564063123e-24, nan 
48.875, 56.375, 4.4271254867871984e-24, nan 
49.125, 56.375, 5.138706384633512e-24, nan 
49.375, 56.375, 8.270988796740347e-24, nan 
49.625, 56.375, 9.521696490827647e-24, nan 
49.875, 56.375, 9.591778734539718e-24, nan 
50.125, 56.375, 1.101900331626252e-23, nan 
50.375, 56.375, 1.2956068345807438e-23, nan 
50.625, 56.375, 7.376141285891296e-24, nan 
50.875, 56.375, 6.340622607423881e-24, nan 
51.125, 56.375, 5.2675356858885674e-24, nan 
51.375, 56.375, 3.703721325065378e-24, nan 
51.625, 56.375, 2.208786376942586e-24, nan 
51.875, 56.375, 5.708620520003644e-24, nan 
52.125, 56.375, 6.974369494300731e-24, nan 
52.375, 56.375, 4.7205230971827694e-24, nan 
52.625, 56.375, 2.937656990896888e-24, nan 
52.875, 56.375, 2.5631927705024702e-24, nan 
53.125, 56.375, 3.633993948889462e-24, nan 
53.375, 56.375, 3.308790587569418e-24, nan 
53.625, 56.375, 3.8172394806921646e-24, nan 
53.875, 56.375, 3.651448181783315e-24, nan 
54.125, 56.375, 5.958485074103559e-24, nan 
54.375, 56.375, 7.045364290157293e-24, nan 
54.625, 56.375, 3.715614189209424e-24, nan 
54.875, 56.375, 6.554834190584668e-24, nan 
55.125, 56.375, 8.921964251384872e-24, nan 
55.375, 56.375, 1.1322436261156906e-23, nan 
55.625, 56.375, 1.258113294110683e-23, nan 
55.875, 56.375, 1.51229254955216e-23, nan 
56.125, 56.375, 1.1695117140581447e-23, nan 
56.375, 56.375, 7.605304940658596e-24, nan 
56.625, 56.375, 2.1941688883716765e-23, nan 
56.875, 56.375, 2.0621819557380335e-23, nan 
57.125, 56.375, 1.2279575803115485e-23, nan 
57.375, 56.375, 1.15618374834502e-23, nan 
57.625, 56.375, 2.386485455992875e-23, nan 
57.875, 56.375, 3.003538904437769e-23, nan 
58.125, 56.375, 2.8661377088620994e-23, nan 
58.375, 56.375, 3.152485605808988e-23, nan 
58.625, 56.375, 2.190865159817869e-23, nan 
58.875, 56.375, 1.815136257680891e-23, nan 
59.125, 56.375, 3.196330308943089e-23, nan 
59.375, 56.375, 4.4459186795364015e-23, nan 
59.625, 56.375, 4.0589581772260655e-23, nan 
59.875, 56.375, 2.5806220880280395e-23, nan 
60.125, 56.375, 3.1716772796756585e-23, nan 
60.375, 56.375, 5.013187377529013e-23, nan 
60.625, 56.375, 4.6636728327778834e-23, nan 
60.875, 56.375, 2.634659936004486e-23, nan 
61.125, 56.375, 2.8395487613948227e-23, nan 
61.375, 56.375, 1.4277010115293245e-23, nan 
61.625, 56.375, 1.0528019300313862e-23, nan 
61.875, 56.375, 7.594788492565958e-24, nan 
62.125, 56.375, 8.4591179113494e-24, nan 
62.375, 56.375, 9.373206838584505e-24, nan 
62.625, 56.375, 1.4451402593573296e-23, nan 
62.875, 56.375, 1.5520835662141274e-23, nan 
63.125, 56.375, 6.132203829554297e-24, nan 
63.375, 56.375, 7.412849011944347e-24, nan 
63.625, 56.375, 1.6765160295159068e-23, nan 
63.875, 56.375, 1.721783788652412e-23, nan 
64.125, 56.375, 6.338872191779258e-24, nan 
64.375, 56.375, 1.7413680555546407e-23, nan 
64.625, 56.375, 2.403728153703611e-23, nan 
64.875, 56.375, 1.4565265902750463e-23, nan 
65.125, 56.375, 2.036572004891088e-23, nan 
65.375, 56.375, 2.81243944047655e-23, nan 
65.625, 56.375, 2.456380439170067e-23, nan 
65.875, 56.375, 2.6741896661587685e-23, nan 
66.125, 56.375, 2.986933830927242e-23, nan 
66.375, 56.375, 1.0003150188590718e-23, nan 
66.625, 56.375, 3.137561599951433e-23, nan 
66.875, 56.375, 3.100407858256299e-23, nan 
67.125, 56.375, 1.1674847456017757e-23, nan 
67.375, 56.375, 1.877277036349641e-23, nan 
67.625, 56.375, 1.2960354597093734e-23, nan 
67.875, 56.375, 1.7839665057114585e-23, nan 
68.125, 56.375, 2.0792329321762104e-23, nan 
68.375, 56.375, 1.5233361408775436e-23, nan 
68.625, 56.375, 1.401563824291521e-23, nan 
68.875, 56.375, 3.6508392282342345e-23, nan 
69.125, 56.375, 4.321354568438986e-23, nan 
69.375, 56.375, 3.126059482440711e-23, nan 
69.625, 56.375, 2.28083856159326e-23, nan 
69.875, 56.375, 3.094651298041335e-23, nan 
70.125, 56.375, 3.094769363349005e-23, nan 
70.375, 56.375, 1.565985995696683e-23, nan 
70.625, 56.375, 6.849627135494304e-24, nan 
70.875, 56.375, 2.5394422297199067e-23, nan 
71.125, 56.375, 1.8487005245937542e-23, nan 
71.375, 56.375, 2.4062042757972954e-23, nan 
71.625, 56.375, 3.4521851876918426e-23, nan 
71.875, 56.375, 3.9703171059474286e-23, nan 
72.125, 56.375, 3.206392347738088e-23, nan 
72.375, 56.375, 3.268642502510299e-23, nan 
72.625, 56.375, 1.884799154826049e-23, nan 
72.875, 56.375, 2.565756176409923e-23, nan 
73.125, 56.375, 3.9856061727141346e-23, nan 
73.375, 56.375, 5.391253006384254e-23, nan 
73.625, 56.375, 7.688922503248068e-23, nan 
73.875, 56.375, 7.301940959318017e-23, nan 
74.125, 56.375, 6.004080510114791e-23, nan 
74.375, 56.375, 5.501521631138287e-23, nan 
74.625, 56.375, 4.4498985316334326e-23, nan 
74.875, 56.375, 5.302682717391793e-23, nan 
75.125, 56.375, 4.6860392819357997e-23, nan 
75.375, 56.375, 2.792935712101681e-23, nan 
75.625, 56.375, 3.151371199199402e-23, nan 
75.875, 56.375, 2.3389849020113697e-23, nan 
76.125, 56.375, 2.971803100608794e-23, nan 
76.375, 56.375, 6.924612632613114e-23, nan 
76.625, 56.375, 6.960045675466715e-23, nan 
76.875, 56.375, 3.3009494922039123e-23, nan 
77.125, 56.375, 1.670486861404815e-23, nan 
77.375, 56.375, 1.4005638380207507e-23, nan 
77.625, 56.375, 8.367779967559332e-23, nan 
77.875, 56.375, 1.226259571289381e-22, nan 
78.125, 56.375, 8.180365997507168e-23, nan 
78.375, 56.375, 6.210565708391497e-23, nan 
78.625, 56.375, 6.284286441844157e-23, nan 
78.875, 56.375, 4.237384591508808e-23, nan 
79.125, 56.375, 6.75363547337427e-23, nan 
79.375, 56.375, 1.421206816785825e-22, nan 
79.625, 56.375, 1.3941553134813274e-22, nan 
79.875, 56.375, 7.117902581627995e-23, nan 
80.125, 56.375, 1.0392489832651916e-22, nan 
80.375, 56.375, 7.824212783986889e-23, nan 
80.625, 56.375, 1.1744584574507787e-22, nan 
80.875, 56.375, 1.1750897261247797e-22, nan 
81.125, 56.375, 2.175631066106588e-22, nan 
81.375, 56.375, 1.4360678918689164e-22, nan 
81.625, 56.375, 1.0918190027616635e-22, nan 
81.875, 56.375, 6.240412568802851e-23, nan 
82.125, 56.375, 7.774620881221193e-23, nan 
82.375, 56.375, 1.4582769317713113e-22, nan 
82.625, 56.375, 1.9167649986022832e-22, nan 
82.875, 56.375, 5.469512794122893e-23, nan 
83.125, 56.375, 1.125408342490672e-22, nan 
83.375, 56.375, 1.6971028442539706e-22, nan 
83.625, 56.375, 2.819280600183404e-22, nan 
83.875, 56.375, 2.877629116455249e-22, nan 
84.125, 56.375, 1.801304091734938e-22, nan 
84.375, 56.375, 1.847110796339059e-22, nan 
84.625, 56.375, 1.1092571992436493e-22, nan 
84.875, 56.375, 1.0177758425947874e-22, nan 
85.125, 56.375, 1.6242142539903197e-22, nan 
85.375, 56.375, 1.830081537589577e-22, nan 
85.625, 56.375, 2.592536921106565e-22, nan 
85.875, 56.375, 2.1265878604734373e-22, nan 
86.125, 56.375, 9.020621776073436e-23, nan 
86.375, 56.375, 9.771683453227494e-23, nan 
86.625, 56.375, 7.343689950428577e-23, nan 
86.875, 56.375, 9.546309090147642e-23, nan 
87.125, 56.375, 1.5018424624417464e-22, nan 
87.375, 56.375, 1.5950747023158499e-22, nan 
87.625, 56.375, 1.0463569707063247e-22, nan 
87.875, 56.375, 1.14928226280285e-22, nan 
88.125, 56.375, 2.379757599084057e-22, nan 
88.375, 56.375, 2.9307593253620943e-22, nan 
88.625, 56.375, 2.8791433513397407e-22, nan 
88.875, 56.375, 2.93578443465287e-22, nan 
89.125, 56.375, 4.738010727479201e-22, nan 
89.375, 56.375, 5.289195206007045e-22, nan 
89.625, 56.375, 4.123948662163661e-22, nan 
89.875, 56.375, 3.6264233456375544e-22, nan 
90.125, 56.375, 4.282409986004853e-22, nan 
90.375, 56.375, 3.6072491425201624e-22, nan 
90.625, 56.375, 2.164436392436202e-22, nan 
90.875, 56.375, 2.924351388662599e-22, nan 
91.125, 56.375, 4.1500139313923456e-22, nan 
91.375, 56.375, 2.572692050135928e-22, nan 
91.625, 56.375, 2.692257746991943e-22, nan 
91.875, 56.375, 4.186340645841225e-22, nan 
92.125, 56.375, 4.561829525658967e-22, nan 
92.375, 56.375, 4.135086232096189e-22, nan 
92.625, 56.375, 5.088206637345282e-22, nan 
92.875, 56.375, 9.458825079756991e-22, nan 
93.125, 56.375, 2.0686930344401484e-22, nan 
93.375, 56.375, 2.5598282571647934e-22, nan 
93.625, 56.375, 2.8282239188536823e-22, nan 
93.875, 56.375, 2.5297463916012716e-22, nan 
94.125, 56.375, 4.695148000883041e-22, nan 
94.375, 56.375, 4.521071581463411e-22, nan 
94.625, 56.375, 3.203673782173061e-22, nan 
94.875, 56.375, 3.260859355905809e-22, nan 
95.125, 56.375, 3.2464446590317297e-22, nan 
95.375, 56.375, 4.377777966441071e-22, nan 
95.625, 56.375, 3.2553200766716883e-22, nan 
95.875, 56.375, 2.997298719745112e-22, nan 
96.125, 56.375, 3.9899882324283474e-22, nan 
96.375, 56.375, 3.7568760391806413e-22, nan 
96.625, 56.375, 6.060448489187948e-22, nan 
96.875, 56.375, 2.3818978948116266e-22, nan 
97.125, 56.375, 7.747075861342739e-22, nan 
97.375, 56.375, 8.83061839620039e-22, nan 
97.625, 56.375, 5.483752659647622e-22, nan 
97.875, 56.375, 7.54933554571991e-22, nan 
98.125, 56.375, 6.051270058510371e-22, nan 
98.375, 56.375, 3.872337225403066e-22, nan 
98.625, 56.375, 3.7594107528448854e-22, nan 
98.875, 56.375, 4.633979123426304e-22, nan 
99.125, 56.375, 5.532597737623423e-22, nan 
99.375, 56.375, 6.926889550481601e-22, nan 
99.625, 56.375, 8.470809636323251e-22, nan 
99.875, 56.375, 8.429733485689516e-22, nan 
100.125, 56.375, 8.607185011202122e-22, nan 
100.375, 56.375, 1.0019704347427581e-21, nan 
100.625, 56.375, 2.795362495342152e-21, nan 
100.875, 56.375, 2.848822321355865e-21, nan 
101.125, 56.375, 1.3853736318520806e-21, nan 
101.375, 56.375, 8.828008603427929e-22, nan 
101.625, 56.375, 6.072812343491922e-22, nan 
101.875, 56.375, 9.961402809559147e-22, nan 
102.125, 56.375, 8.3796700696146395e-22, nan 
102.375, 56.375, 9.209731379637677e-22, nan 
102.625, 56.375, 2.232151298014305e-21, nan 
102.875, 56.375, 2.405428921055534e-21, nan 
103.125, 56.375, 1.49300584444666e-21, nan 
103.375, 56.375, 1.5349271194105236e-21, nan 
103.625, 56.375, 1.3128016690677575e-21, nan 
103.875, 56.375, 8.679200033970345e-22, nan 
104.125, 56.375, 9.038057431106018e-22, nan 
104.375, 56.375, 8.255096652493348e-22, nan 
104.625, 56.375, 5.994194263066324e-22, nan 
104.875, 56.375, 5.107498236360368e-22, nan 
105.125, 56.375, 5.329993377909147e-22, nan 
105.375, 56.375, 5.490260721472562e-22, nan 
105.625, 56.375, 1.4127649276598343e-21, nan 
105.875, 56.375, 1.7091856392821173e-21, nan 
106.125, 56.375, 2.831949281088796e-21, nan 
106.375, 56.375, 2.4651628948102887e-21, nan 
106.625, 56.375, 6.715984182950227e-22, nan 
106.875, 56.375, 5.529328616718649e-22, nan 
107.125, 56.375, 4.097585946491357e-22, nan 
107.375, 56.375, 7.133055728577949e-22, nan 
107.625, 56.375, 8.344198075820051e-22, nan 
107.875, 56.375, 4.264060866659204e-22, nan 
108.125, 56.375, 2.984927240066779e-22, nan 
108.375, 56.375, 2.9279477219453686e-22, nan 
108.625, 56.375, 3.472732834264868e-22, nan 
108.875, 56.375, 3.3040779138983395e-22, nan 
109.125, 56.375, 2.5093655198026024e-22, nan 
109.375, 56.375, 2.0804342517391136e-22, nan 
109.625, 56.375, 1.7238824085156003e-22, nan 
109.875, 56.375, 2.5756878542580264e-22, nan 
110.125, 56.375, 3.7587684900940163e-22, nan 
110.375, 56.375, 4.434544684266273e-22, nan 
110.625, 56.375, 3.469115953908994e-22, nan 
110.875, 56.375, 3.4486688082742406e-22, nan 
111.125, 56.375, 4.295792219768333e-22, nan 
111.375, 56.375, 8.130591287604154e-22, nan 
111.625, 56.375, 9.488940458755832e-22, nan 
111.875, 56.375, 6.3747004776881995e-22, nan 
112.125, 56.375, 7.230266240870981e-22, nan 
112.375, 56.375, 9.277522036776487e-22, nan 
112.625, 56.375, 6.764145767270611e-22, nan 
112.875, 56.375, 6.647888446344904e-22, nan 
113.125, 56.375, 3.803718935825642e-22, nan 
113.375, 56.375, 2.261594383858414e-22, nan 
113.625, 56.375, 2.309397493643708e-22, nan 
113.875, 56.375, 2.4776869095952543e-22, nan 
114.125, 56.375, 2.8277712323357617e-22, nan 
114.375, 56.375, 2.586875472175075e-22, nan 
114.625, 56.375, 1.8629177266765325e-22, nan 
114.875, 56.375, 1.8201985730904563e-22, nan 
115.125, 56.375, 1.5475965075817905e-22, nan 
115.375, 56.375, 1.540577273583918e-22, nan 
115.625, 56.375, 1.2028515715447848e-22, nan 
115.875, 56.375, 1.1215146400802913e-22, nan 
116.125, 56.375, 1.296830269570393e-22, nan 
116.375, 56.375, 1.0428486354064499e-22, nan 
116.625, 56.375, 4.5300648440900456e-23, nan 
116.875, 56.375, 6.541748505811671e-23, nan 
117.125, 56.375, 1.476918422637137e-22, nan 
117.375, 56.375, 2.1390478174726253e-22, nan 
117.625, 56.375, 2.986958644112046e-22, nan 
117.875, 56.375, 2.8842757655715004e-22, nan 
118.125, 56.375, 1.7559069714565397e-22, nan 
118.375, 56.375, 1.3145006823800704e-22, nan 
118.625, 56.375, 7.758416009574809e-23, nan 
118.875, 56.375, 7.627627375271714e-23, nan 
119.125, 56.375, 9.588093032645795e-23, nan 
119.375, 56.375, 9.785808232059368e-23, nan 
119.625, 56.375, 1.1196675732124757e-22, nan 
119.875, 56.375, 1.131946453564077e-22, nan 
120.125, 56.375, 4.0745148841910054e-22, nan 
120.375, 56.375, 3.4866594791464274e-22, nan 
120.625, 56.375, 8.435248508318095e-23, nan 
120.875, 56.375, 5.771253976612732e-23, nan 
121.125, 56.375, 3.3641861600011984e-23, nan 
121.375, 56.375, 2.986145346842023e-23, nan 
121.625, 56.375, 5.420318884737839e-23, nan 
121.875, 56.375, 4.6991859830312596e-23, nan 
122.125, 56.375, 3.539185158464061e-23, nan 
122.375, 56.375, 1.927685881912114e-22, nan 
122.625, 56.375, 2.2458783975885294e-22, nan 
122.875, 56.375, 1.4272383629955485e-22, nan 
123.125, 56.375, 1.6767988393891704e-22, nan 
123.375, 56.375, 1.452382045009846e-22, nan 
123.625, 56.375, 8.095480983331147e-23, nan 
123.875, 56.375, 5.447214821374494e-23, nan 
124.125, 56.375, 5.361200961310366e-23, nan 
124.375, 56.375, 5.2308989504699076e-23, nan 
124.625, 56.375, 1.465796028367743e-23, nan 
124.875, 56.375, 1.1489995932985525e-23, nan 
125.125, 56.375, 1.1296707807323599e-23, nan 
125.375, 56.375, 5.666441432496046e-23, nan 
125.625, 56.375, 6.591709615033147e-23, nan 
125.875, 56.375, 3.335288119207387e-23, nan 
126.125, 56.375, 3.5569315569079225e-23, nan 
126.375, 56.375, 1.9628682202382575e-23, nan 
126.625, 56.375, 1.0710179477786005e-23, nan 
126.875, 56.375, 7.863244627624455e-24, nan 
127.125, 56.375, 1.7006820401502906e-23, nan 
127.375, 56.375, 9.31551341942211e-23, nan 
127.625, 56.375, 1.347102972150759e-23, nan 
127.875, 56.375, 2.6075163440990184e-23, nan 
128.125, 56.375, 2.7038733869403094e-23, nan 
128.375, 56.375, 4.603310348343476e-23, nan 
128.625, 56.375, 4.9557165487689827e-23, nan 
128.875, 56.375, 2.5922534390429888e-23, nan 
129.125, 56.375, 1.9502698929714105e-23, nan 
129.375, 56.375, 3.229699694907739e-23, nan 
129.625, 56.375, 2.966442203581426e-23, nan 
129.875, 56.375, 3.5611565448669255e-23, nan 
130.125, 56.375, 6.424349837419139e-23, nan 
130.375, 56.375, 5.627690245377571e-23, nan 
130.625, 56.375, 2.105208099136352e-23, nan 
130.875, 56.375, 1.42201253431967e-23, nan 
131.125, 56.375, 1.6923848646025157e-23, nan 
131.375, 56.375, 9.650746300292981e-24, nan 
131.625, 56.375, 1.2502543393627685e-23, nan 
131.875, 56.375, 1.2041673386935713e-23, nan 
132.125, 56.375, 1.7730055356183826e-23, nan 
132.375, 56.375, 2.4262972108013248e-23, nan 
132.625, 56.375, 2.6243188413029226e-23, nan 
132.875, 56.375, 2.0882375142356943e-23, nan 
133.125, 56.375, 7.623270427205617e-24, nan 
133.375, 56.375, 7.362536269008589e-24, nan 
133.625, 56.375, 9.829440706110789e-24, nan 
133.875, 56.375, 1.6338001386616878e-23, nan 
134.125, 56.375, 1.1019706982066806e-23, nan 
134.375, 56.375, 1.3468474819848527e-23, nan 
134.625, 56.375, 1.7975076810591835e-23, nan 
134.875, 56.375, 1.1560944293115932e-23, nan 
135.125, 56.375, 5.238134406740066e-24, nan 
135.375, 56.375, 5.694662061511585e-24, nan 
135.625, 56.375, 7.860748861285923e-24, nan 
135.875, 56.375, 7.141595987688127e-24, nan 
136.125, 56.375, 1.4943782713387475e-23, nan 
136.375, 56.375, 1.508556611584985e-23, nan 
136.625, 56.375, 7.677052625746078e-24, nan 
136.875, 56.375, 8.787902054783434e-24, nan 
137.125, 56.375, 6.7081102258678e-24, nan 
137.375, 56.375, 1.140724226422698e-23, nan 
137.625, 56.375, 1.7059350714263885e-23, nan 
137.875, 56.375, 1.891376418892036e-23, nan 
138.125, 56.375, 1.614614860652809e-23, nan 
138.375, 56.375, 1.5381330382985327e-23, nan 
138.625, 56.375, 1.829129944942161e-23, nan 
138.875, 56.375, 1.3950120856816492e-23, nan 
139.125, 56.375, 1.621434243253301e-23, nan 
139.375, 56.375, 2.007048075856755e-23, nan 
139.625, 56.375, 2.397721395050249e-23, nan 
139.875, 56.375, 1.4609796162968065e-23, nan 
140.125, 56.375, 9.99146051586036e-24, nan 
140.375, 56.375, 4.0024485939566235e-24, nan 
140.625, 56.375, 2.703144338278973e-24, nan 
140.875, 56.375, 6.629351730725277e-24, nan 
141.125, 56.375, 1.5635813822637964e-23, nan 
141.375, 56.375, 1.8957751844807777e-23, nan 
141.625, 56.375, 2.162183511488999e-23, nan 
141.875, 56.375, 3.8428809672067394e-23, nan 
142.125, 56.375, 3.2178646134497604e-23, nan 
142.375, 56.375, 6.012963601423688e-24, nan 
142.625, 56.375, 1.2958891688392366e-23, nan 
142.875, 56.375, 5.2776810143524806e-24, nan 
143.125, 56.375, 9.417787738075359e-24, nan 
143.375, 56.375, 1.6328719416021864e-23, nan 
143.625, 56.375, 1.5242136085840248e-23, nan 
143.875, 56.375, 1.2272872917406613e-23, nan 
144.125, 56.375, 1.0726351192138085e-23, nan 
144.375, 56.375, 6.907319858123065e-24, nan 
144.625, 56.375, 3.574111491731566e-24, nan 
144.875, 56.375, 8.795000513538982e-24, nan 
145.125, 56.375, 9.015202358026315e-24, nan 
145.375, 56.375, 7.08215418078201e-24, nan 
145.625, 56.375, 8.189953244109295e-24, nan 
145.875, 56.375, 1.119646639004834e-23, nan 
146.125, 56.375, 1.2303175472410738e-23, nan 
146.375, 56.375, 9.375138644622166e-24, nan 
146.625, 56.375, 5.34759662021145e-24, nan 
146.875, 56.375, 5.6692841557781065e-24, nan 
147.125, 56.375, 2.6874888508324228e-24, nan 
147.375, 56.375, 7.431834584945297e-24, nan 
147.625, 56.375, 6.610184946357805e-24, nan 
147.875, 56.375, 4.507558016448197e-24, nan 
148.125, 56.375, 1.3679739783034597e-23, nan 
148.375, 56.375, 1.556429338399565e-23, nan 
148.625, 56.375, 7.002584581614476e-24, nan 
148.875, 56.375, 7.476541689984218e-24, nan 
149.125, 56.375, 1.3344820291195776e-23, nan 
149.375, 56.375, 1.0712859595311219e-23, nan 
149.625, 56.375, 4.777030636434523e-24, nan 
149.875, 56.375, 3.58049471854866e-24, nan 
150.125, 56.375, 5.039386300282963e-24, nan 
150.375, 56.375, 3.707890537566927e-24, nan 
150.625, 56.375, 1.2725214370360774e-24, nan 
150.875, 56.375, 2.3329504787655476e-24, nan 
151.125, 56.375, 4.0691338965266506e-24, nan 
151.375, 56.375, 4.559231154871124e-24, nan 
151.625, 56.375, 1.057877694312007e-23, nan 
151.875, 56.375, 1.16148677849196e-23, nan 
152.125, 56.375, 3.9967230135032924e-24, nan 
152.375, 56.375, 3.0243462611073816e-24, nan 
152.625, 56.375, 2.4175220114104447e-24, nan 
152.875, 56.375, 4.389555618496237e-24, nan 
153.125, 56.375, 3.0096968673472534e-24, nan 
153.375, 56.375, 1.465356360891518e-24, nan 
153.625, 56.375, 1.8360142139794478e-24, nan 
153.875, 56.375, 3.7178261391054684e-24, nan 
154.125, 56.375, 4.162031330078283e-24, nan 
154.375, 56.375, 1.4444707090073738e-24, nan 
154.625, 56.375, 2.2732349980790852e-24, nan 
154.875, 56.375, 2.6179236899551493e-24, nan 
155.125, 56.375, 2.0034616503282372e-24, nan 
155.375, 56.375, 3.454115833882387e-24, nan 
155.625, 56.375, 5.635528365601689e-24, nan 
155.875, 56.375, 4.88628739365897e-24, nan 
156.125, 56.375, 1.5538810267421281e-24, nan 
156.375, 56.375, 9.957932517732312e-25, nan 
46.875, 56.625, 1.973629560953195e-24, nan 
47.125, 56.625, 3.90158095281994e-24, nan 
47.375, 56.625, 3.917990760675527e-24, nan 
47.625, 56.625, 2.087962958982728e-24, nan 
47.875, 56.625, 4.797214838935898e-24, nan 
48.125, 56.625, 6.751844527897674e-24, nan 
48.375, 56.625, 3.7734460912847504e-24, nan 
48.625, 56.625, 3.3543352459069196e-24, nan 
48.875, 56.625, 4.00918717283471e-24, nan 
49.125, 56.625, 2.4734651639961904e-24, nan 
49.375, 56.625, 4.357505744599169e-24, nan 
49.625, 56.625, 7.18513434946044e-24, nan 
49.875, 56.625, 7.16051660464116e-24, nan 
50.125, 56.625, 1.0295762804896956e-23, nan 
50.375, 56.625, 1.7515832524664232e-23, nan 
50.625, 56.625, 1.4177918195040756e-23, nan 
50.875, 56.625, 8.185480341812912e-24, nan 
51.125, 56.625, 7.27053016902257e-24, nan 
51.375, 56.625, 4.534910784996658e-24, nan 
51.625, 56.625, 6.188623868626175e-24, nan 
51.875, 56.625, 8.820025151552532e-24, nan 
52.125, 56.625, 7.503824632284559e-24, nan 
52.375, 56.625, 3.757209251125079e-24, nan 
52.625, 56.625, 2.4120931887258187e-24, nan 
52.875, 56.625, 1.857011700683318e-24, nan 
53.125, 56.625, 1.807781150052611e-24, nan 
53.375, 56.625, 2.2428082708715832e-24, nan 
53.625, 56.625, 3.38703490424163e-24, nan 
53.875, 56.625, 3.0367151310831285e-24, nan 
54.125, 56.625, 4.78807409152209e-24, nan 
54.375, 56.625, 3.718591762281065e-24, nan 
54.625, 56.625, 2.10949813779812e-24, nan 
54.875, 56.625, 2.5824777419439927e-24, nan 
55.125, 56.625, 4.732314739607604e-24, nan 
55.375, 56.625, 9.108030599099872e-24, nan 
55.625, 56.625, 1.0667823956731118e-23, nan 
55.875, 56.625, 9.354544107633322e-24, nan 
56.125, 56.625, 5.2595869285476524e-24, nan 
56.375, 56.625, 3.3671451404704155e-23, nan 
56.625, 56.625, 3.697365566032075e-23, nan 
56.875, 56.625, 1.7397629484253794e-23, nan 
57.125, 56.625, 1.6787559799100858e-23, nan 
57.375, 56.625, 3.129808024081154e-23, nan 
57.625, 56.625, 4.102623239766774e-23, nan 
57.875, 56.625, 3.0471893081131e-23, nan 
58.125, 56.625, 2.9198448269025007e-23, nan 
58.375, 56.625, 2.570287520985837e-23, nan 
58.625, 56.625, 3.242473932620885e-23, nan 
58.875, 56.625, 3.609304971786196e-23, nan 
59.125, 56.625, 3.378203464665741e-23, nan 
59.375, 56.625, 3.105218924656687e-23, nan 
59.625, 56.625, 3.359317427606244e-23, nan 
59.875, 56.625, 2.753558983301549e-23, nan 
60.125, 56.625, 2.796844255242643e-23, nan 
60.375, 56.625, 2.316556450727856e-23, nan 
60.625, 56.625, 2.905303860542474e-23, nan 
60.875, 56.625, 3.6411035729348534e-23, nan 
61.125, 56.625, 4.312688438070104e-23, nan 
61.375, 56.625, 4.52665277980002e-23, nan 
61.625, 56.625, 3.34421981612274e-23, nan 
61.875, 56.625, 1.2872282375930704e-23, nan 
62.125, 56.625, 1.2871748132641024e-23, nan 
62.375, 56.625, 1.2045257845501303e-23, nan 
62.625, 56.625, 2.1843644193496291e-23, nan 
62.875, 56.625, 2.5148336976118754e-23, nan 
63.125, 56.625, 1.0817571789809925e-23, nan 
63.375, 56.625, 1.2198878633741708e-23, nan 
63.625, 56.625, 1.8463077096974317e-23, nan 
63.875, 56.625, 1.8781757973165447e-23, nan 
64.125, 56.625, 1.382350422858903e-23, nan 
64.375, 56.625, 8.70654195108963e-24, nan 
64.625, 56.625, 2.5457617706939838e-23, nan 
64.875, 56.625, 2.755864310986607e-23, nan 
65.125, 56.625, 2.2574224826479577e-23, nan 
65.375, 56.625, 1.5687262645091907e-23, nan 
65.625, 56.625, 1.1629453074995108e-23, nan 
65.875, 56.625, 1.0029292412598315e-23, nan 
66.125, 56.625, 1.0906180788612671e-23, nan 
66.375, 56.625, 1.1173829162503606e-23, nan 
66.625, 56.625, 2.2392492482397452e-23, nan 
66.875, 56.625, 2.2752713393765227e-23, nan 
67.125, 56.625, 2.954471750780634e-23, nan 
67.375, 56.625, 2.7381536584505134e-23, nan 
67.625, 56.625, 1.5383270021284185e-23, nan 
67.875, 56.625, 1.8026141684266383e-23, nan 
68.125, 56.625, 2.5217714318218426e-23, nan 
68.375, 56.625, 3.5047726975149703e-23, nan 
68.625, 56.625, 4.732282660927902e-23, nan 
68.875, 56.625, 5.2264669180985164e-23, nan 
69.125, 56.625, 3.2867557961763254e-23, nan 
69.375, 56.625, 9.87872238398708e-24, nan 
69.625, 56.625, 5.70043865374186e-23, nan 
69.875, 56.625, 7.476342091632735e-23, nan 
70.125, 56.625, 4.787689861173807e-23, nan 
70.375, 56.625, 2.7153383263438126e-23, nan 
70.625, 56.625, 3.46262967221178e-23, nan 
70.875, 56.625, 4.2125903727459245e-23, nan 
71.125, 56.625, 4.2775498292279813e-23, nan 
71.375, 56.625, 3.3084691521793636e-23, nan 
71.625, 56.625, 4.103110338777127e-23, nan 
71.875, 56.625, 3.822460604018416e-23, nan 
72.125, 56.625, 2.2546296267937835e-23, nan 
72.375, 56.625, 3.656210395462944e-23, nan 
72.625, 56.625, 3.127345251886502e-23, nan 
72.875, 56.625, 2.2154118732396806e-23, nan 
73.125, 56.625, 3.0815301233374144e-23, nan 
73.375, 56.625, 3.994584397766267e-23, nan 
73.625, 56.625, 5.894407165910711e-23, nan 
73.875, 56.625, 3.4001860931843346e-23, nan 
74.125, 56.625, 4.0090417344100184e-23, nan 
74.375, 56.625, 4.157301536067013e-23, nan 
74.625, 56.625, 4.031886537439214e-23, nan 
74.875, 56.625, 2.959318265424284e-23, nan 
75.125, 56.625, 2.0209715621040635e-23, nan 
75.375, 56.625, 5.982600884811044e-23, nan 
75.625, 56.625, 5.842954408796697e-23, nan 
75.875, 56.625, 2.845434487530455e-23, nan 
76.125, 56.625, 4.105397970445892e-23, nan 
76.375, 56.625, 5.254125620379276e-23, nan 
76.625, 56.625, 2.339122582409804e-23, nan 
76.875, 56.625, 1.8332715560483508e-23, nan 
77.125, 56.625, 4.244934598152796e-23, nan 
77.375, 56.625, 6.729141128070254e-23, nan 
77.625, 56.625, 4.811071911889828e-23, nan 
77.875, 56.625, 6.152292792132264e-23, nan 
78.125, 56.625, 2.6192678615517587e-23, nan 
78.375, 56.625, 8.754847935203299e-23, nan 
78.625, 56.625, 1.0344061890833558e-22, nan 
78.875, 56.625, 2.4194344777151395e-23, nan 
79.125, 56.625, 1.2303852385853298e-23, nan 
79.375, 56.625, 5.949090111617467e-23, nan 
79.625, 56.625, 1.8764819881828297e-22, nan 
79.875, 56.625, 1.8023026629492947e-22, nan 
80.125, 56.625, 1.3770869741980373e-22, nan 
80.375, 56.625, 1.5851607942934711e-22, nan 
80.625, 56.625, 1.5307900541852135e-22, nan 
80.875, 56.625, 1.2213255988991767e-22, nan 
81.125, 56.625, 7.994992915525538e-23, nan 
81.375, 56.625, 1.0554194540421961e-22, nan 
81.625, 56.625, 1.0683649773092954e-22, nan 
81.875, 56.625, 7.82420284278641e-23, nan 
82.125, 56.625, 8.347347226555211e-23, nan 
82.375, 56.625, 1.5977869546077934e-22, nan 
82.625, 56.625, 2.3424378743466505e-22, nan 
82.875, 56.625, 3.3094121087567293e-22, nan 
83.125, 56.625, 2.9528507820341883e-22, nan 
83.375, 56.625, 9.066990837840402e-23, nan 
83.625, 56.625, 1.0112715243195951e-22, nan 
83.875, 56.625, 1.080508300056351e-22, nan 
84.125, 56.625, 1.5659803011754442e-22, nan 
84.375, 56.625, 1.6896967127306504e-22, nan 
84.625, 56.625, 7.452988385035249e-23, nan 
84.875, 56.625, 1.1342642165530458e-22, nan 
85.125, 56.625, 1.9126115982251474e-22, nan 
85.375, 56.625, 1.781931912882094e-22, nan 
85.625, 56.625, 1.528867657753551e-22, nan 
85.875, 56.625, 1.6508869892601441e-22, nan 
86.125, 56.625, 1.0734049298785323e-22, nan 
86.375, 56.625, 7.611311838392463e-23, nan 
86.625, 56.625, 1.7073016489710372e-22, nan 
86.875, 56.625, 1.8175454275194457e-22, nan 
87.125, 56.625, 1.918671004809332e-22, nan 
87.375, 56.625, 1.5494002978390303e-22, nan 
87.625, 56.625, 9.217799101924498e-23, nan 
87.875, 56.625, 1.3479073640464812e-22, nan 
88.125, 56.625, 1.3788727880551724e-22, nan 
88.375, 56.625, 2.4542744260416244e-22, nan 
88.625, 56.625, 2.3147085937361044e-22, nan 
88.875, 56.625, 2.138739214635024e-22, nan 
89.125, 56.625, 3.8360862715119576e-22, nan 
89.375, 56.625, 4.968602239348225e-22, nan 
89.625, 56.625, 5.984030536542713e-22, nan 
89.875, 56.625, 5.160935996699999e-22, nan 
90.125, 56.625, 3.2070165462102397e-22, nan 
90.375, 56.625, 3.905909948374159e-22, nan 
90.625, 56.625, 3.685820008541048e-22, nan 
90.875, 56.625, 2.768617616962933e-22, nan 
91.125, 56.625, 6.765069230535079e-22, nan 
91.375, 56.625, 6.090707150471322e-22, nan 
91.625, 56.625, 3.301037163514848e-22, nan 
91.875, 56.625, 5.483706179201926e-22, nan 
92.125, 56.625, 5.737255741279297e-22, nan 
92.375, 56.625, 2.549423637952979e-22, nan 
92.625, 56.625, 4.393984250514114e-22, nan 
92.875, 56.625, 4.24167260792735e-22, nan 
93.125, 56.625, 2.8175790914825836e-22, nan 
93.375, 56.625, 1.71411041936629e-22, nan 
93.625, 56.625, 2.0995730896501722e-22, nan 
93.875, 56.625, 3.1623199031883065e-22, nan 
94.125, 56.625, 4.649290231582422e-22, nan 
94.375, 56.625, 4.495052268839967e-22, nan 
94.625, 56.625, 3.0487745919485724e-22, nan 
94.875, 56.625, 2.937717381477134e-22, nan 
95.125, 56.625, 4.395798091100978e-22, nan 
95.375, 56.625, 7.9063336250505915e-22, nan 
95.625, 56.625, 8.306856673986233e-22, nan 
95.875, 56.625, 1.0156885092222414e-21, nan 
96.125, 56.625, 7.511210226767256e-22, nan 
96.375, 56.625, 8.689746433824908e-22, nan 
96.625, 56.625, 1.2887763397365675e-21, nan 
96.875, 56.625, 9.682223701206648e-22, nan 
97.125, 56.625, 7.08258404708607e-22, nan 
97.375, 56.625, 9.99901633539854e-22, nan 
97.625, 56.625, 1.0888131128137638e-21, nan 
97.875, 56.625, 1.2897211275983169e-21, nan 
98.125, 56.625, 1.086614572556336e-21, nan 
98.375, 56.625, 9.03804510641229e-22, nan 
98.625, 56.625, 6.068194312761177e-22, nan 
98.875, 56.625, 6.497114193610018e-22, nan 
99.125, 56.625, 7.48241319296057e-22, nan 
99.375, 56.625, 8.996616924037845e-22, nan 
99.625, 56.625, 8.0642237614607e-22, nan 
99.875, 56.625, 1.1049655930985897e-21, nan 
100.125, 56.625, 1.1578220920354994e-21, nan 
100.375, 56.625, 2.4438409911625642e-21, nan 
100.625, 56.625, 3.1022535075460128e-21, nan 
100.875, 56.625, 2.503039153167469e-21, nan 
101.125, 56.625, 1.4180680700226234e-21, nan 
101.375, 56.625, 4.719095873851453e-22, nan 
101.625, 56.625, 4.720506225975376e-22, nan 
101.875, 56.625, 5.131781434118181e-22, nan 
102.125, 56.625, 5.004165414165751e-22, nan 
102.375, 56.625, 3.9835443402224925e-22, nan 
102.625, 56.625, 3.597619133081534e-21, nan 
102.875, 56.625, 3.807579510252748e-21, nan 
103.125, 56.625, 1.0671706578719003e-21, nan 
103.375, 56.625, 1.3909872628517753e-21, nan 
103.625, 56.625, 1.6467922029594984e-21, nan 
103.875, 56.625, 1.1801339740733021e-21, nan 
104.125, 56.625, 1.1446271159897345e-21, nan 
104.375, 56.625, 9.691064327249433e-22, nan 
104.625, 56.625, 7.784053118317028e-22, nan 
104.875, 56.625, 5.180721753519327e-22, nan 
105.125, 56.625, 5.297698096213986e-22, nan 
105.375, 56.625, 4.717115744641467e-22, nan 
105.625, 56.625, 2.519913873566868e-22, nan 
105.875, 56.625, 6.636744499721547e-22, nan 
106.125, 56.625, 1.212282834620743e-21, nan 
106.375, 56.625, 1.2288584496402923e-21, nan 
106.625, 56.625, 7.995457228457004e-22, nan 
106.875, 56.625, 1.3193730942991861e-21, nan 
107.125, 56.625, 6.498698078128763e-22, nan 
107.375, 56.625, 2.678553481526245e-22, nan 
107.625, 56.625, 4.346681692544686e-22, nan 
107.875, 56.625, 5.916107574758921e-22, nan 
108.125, 56.625, 3.9089580275302526e-22, nan 
108.375, 56.625, 3.5334670339440536e-22, nan 
108.625, 56.625, 3.6963322004998883e-22, nan 
108.875, 56.625, 2.9413199531032316e-22, nan 
109.125, 56.625, 3.048600067395863e-22, nan 
109.375, 56.625, 3.273341594739297e-22, nan 
109.625, 56.625, 3.8061924113148294e-22, nan 
109.875, 56.625, 3.979770626060485e-22, nan 
110.125, 56.625, 3.7595247480869803e-22, nan 
110.375, 56.625, 3.9391556475757037e-22, nan 
110.625, 56.625, 3.0569472552322536e-22, nan 
110.875, 56.625, 2.3381078080515047e-22, nan 
111.125, 56.625, 3.634773605696864e-22, nan 
111.375, 56.625, 2.9111233107868625e-22, nan 
111.625, 56.625, 5.431525277175384e-22, nan 
111.875, 56.625, 6.903029571944356e-22, nan 
112.125, 56.625, 9.995698394199772e-22, nan 
112.375, 56.625, 1.2913364690459491e-21, nan 
112.625, 56.625, 7.852943363331656e-22, nan 
112.875, 56.625, 1.8248957737372582e-22, nan 
113.125, 56.625, 2.0921808282749891e-22, nan 
113.375, 56.625, 2.376903947984772e-22, nan 
113.625, 56.625, 2.826347663544215e-22, nan 
113.875, 56.625, 3.1237316156454693e-22, nan 
114.125, 56.625, 2.876576436621265e-22, nan 
114.375, 56.625, 2.3908335789286293e-22, nan 
114.625, 56.625, 2.1149145903734154e-22, nan 
114.875, 56.625, 1.4477686779997978e-22, nan 
115.125, 56.625, 1.3843388234921555e-22, nan 
115.375, 56.625, 1.928144184412039e-22, nan 
115.625, 56.625, 1.834717255996422e-22, nan 
115.875, 56.625, 1.1762506903226861e-22, nan 
116.125, 56.625, 1.4186045287663927e-22, nan 
116.375, 56.625, 9.631138411372395e-23, nan 
116.625, 56.625, 8.663340910403127e-23, nan 
116.875, 56.625, 1.2860834456244463e-22, nan 
117.125, 56.625, 1.6530010628824194e-22, nan 
117.375, 56.625, 1.975751568696393e-22, nan 
117.625, 56.625, 1.892624934478837e-22, nan 
117.875, 56.625, 1.5582374008565102e-22, nan 
118.125, 56.625, 9.110500222570964e-23, nan 
118.375, 56.625, 1.4191777995419407e-22, nan 
118.625, 56.625, 1.2078188918133786e-22, nan 
118.875, 56.625, 5.339832072423286e-23, nan 
119.125, 56.625, 5.992734852050734e-23, nan 
119.375, 56.625, 5.980390480126612e-23, nan 
119.625, 56.625, 5.883877384611385e-23, nan 
119.875, 56.625, 6.93113912386749e-23, nan 
120.125, 56.625, 3.3774899956526764e-22, nan 
120.375, 56.625, 3.338628818272055e-22, nan 
120.625, 56.625, 7.298693573101418e-23, nan 
120.875, 56.625, 3.86121471233353e-23, nan 
121.125, 56.625, 3.618630094155905e-23, nan 
121.375, 56.625, 4.594542940630605e-23, nan 
121.625, 56.625, 6.793618333252633e-23, nan 
121.875, 56.625, 6.646827458496101e-23, nan 
122.125, 56.625, 6.286418468462722e-23, nan 
122.375, 56.625, 4.403049559217545e-23, nan 
122.625, 56.625, 7.58480182528117e-23, nan 
122.875, 56.625, 1.2717791384905064e-22, nan 
123.125, 56.625, 1.2076539276438994e-22, nan 
123.375, 56.625, 5.509088316724781e-23, nan 
123.625, 56.625, 8.355072943865241e-23, nan 
123.875, 56.625, 7.862293264587635e-23, nan 
124.125, 56.625, 6.654430988050544e-23, nan 
124.375, 56.625, 7.875522722595227e-23, nan 
124.625, 56.625, 4.1987301068567137e-23, nan 
124.875, 56.625, 1.1569356472820107e-23, nan 
125.125, 56.625, 5.81269252553885e-24, nan 
125.375, 56.625, 1.876795390556581e-23, nan 
125.625, 56.625, 4.1423937694502713e-23, nan 
125.875, 56.625, 3.667004120682762e-23, nan 
126.125, 56.625, 3.334819245580483e-23, nan 
126.375, 56.625, 2.837446480368108e-23, nan 
126.625, 56.625, 3.006822777111505e-23, nan 
126.875, 56.625, 1.1715068901539417e-23, nan 
127.125, 56.625, 1.2310790512190385e-23, nan 
127.375, 56.625, 1.87745017878774e-23, nan 
127.625, 56.625, 1.6023306681492007e-23, nan 
127.875, 56.625, 1.6242429514834574e-23, nan 
128.125, 56.625, 2.307391500313678e-23, nan 
128.375, 56.625, 2.9819864138108144e-23, nan 
128.625, 56.625, 4.637855497247971e-23, nan 
128.875, 56.625, 4.7607835778584203e-23, nan 
129.125, 56.625, 3.118444250173698e-23, nan 
129.375, 56.625, 3.4004804532537045e-23, nan 
129.625, 56.625, 3.355959198980856e-23, nan 
129.875, 56.625, 2.853186638694541e-23, nan 
130.125, 56.625, 9.843390174499324e-24, nan 
130.375, 56.625, 4.978340094089087e-23, nan 
130.625, 56.625, 5.125579171943641e-23, nan 
130.875, 56.625, 2.6907883834451947e-23, nan 
131.125, 56.625, 9.828150053666149e-24, nan 
131.375, 56.625, 1.5943820170456525e-23, nan 
131.625, 56.625, 1.895125713945285e-23, nan 
131.875, 56.625, 1.705075334981532e-23, nan 
132.125, 56.625, 2.313913389672143e-23, nan 
132.375, 56.625, 2.120725458082758e-23, nan 
132.625, 56.625, 1.8607490911546083e-23, nan 
132.875, 56.625, 1.8410890020128614e-23, nan 
133.125, 56.625, 1.0798400503191559e-23, nan 
133.375, 56.625, 1.5915060543318664e-23, nan 
133.625, 56.625, 2.158895754771222e-23, nan 
133.875, 56.625, 1.921729712246739e-23, nan 
134.125, 56.625, 2.767527377045757e-23, nan 
134.375, 56.625, 3.898144463847636e-23, nan 
134.625, 56.625, 2.2167355963539554e-23, nan 
134.875, 56.625, 1.5786454636320995e-23, nan 
135.125, 56.625, 1.1539600461915216e-23, nan 
135.375, 56.625, 8.742017496091081e-24, nan 
135.625, 56.625, 8.865136741390112e-24, nan 
135.875, 56.625, 8.345179379188303e-24, nan 
136.125, 56.625, 8.755135230656808e-24, nan 
136.375, 56.625, 5.352048596270937e-24, nan 
136.625, 56.625, 6.011348597050634e-24, nan 
136.875, 56.625, 5.4080807379339734e-24, nan 
137.125, 56.625, 2.3185796908878595e-23, nan 
137.375, 56.625, 2.839812187522756e-23, nan 
137.625, 56.625, 1.4068431000075343e-23, nan 
137.875, 56.625, 1.1101311687004458e-23, nan 
138.125, 56.625, 9.939466355743213e-24, nan 
138.375, 56.625, 1.858127771254953e-23, nan 
138.625, 56.625, 2.1831439417310998e-23, nan 
138.875, 56.625, 1.759371012643654e-23, nan 
139.125, 56.625, 2.0973257380260465e-23, nan 
139.375, 56.625, 3.2250531100341936e-23, nan 
139.625, 56.625, 2.781336026825194e-23, nan 
139.875, 56.625, 1.0840733934930089e-23, nan 
140.125, 56.625, 1.3576040411111448e-23, nan 
140.375, 56.625, 1.1155323307699663e-23, nan 
140.625, 56.625, 5.204362698965548e-24, nan 
140.875, 56.625, 1.2359416410737742e-23, nan 
141.125, 56.625, 2.5677417604746496e-23, nan 
141.375, 56.625, 2.541440821290104e-23, nan 
141.625, 56.625, 2.9483615394734644e-23, nan 
141.875, 56.625, 3.2363477169862775e-23, nan 
142.125, 56.625, 2.0659520554500523e-23, nan 
142.375, 56.625, 2.2956515984554097e-23, nan 
142.625, 56.625, 2.678973041667682e-23, nan 
142.875, 56.625, 1.520584619832711e-23, nan 
143.125, 56.625, 3.0696038730442885e-24, nan 
143.375, 56.625, 1.54986593402081e-23, nan 
143.625, 56.625, 1.4889296199327603e-23, nan 
143.875, 56.625, 8.558175023191584e-24, nan 
144.125, 56.625, 6.700096077409853e-24, nan 
144.375, 56.625, 8.763011042898565e-24, nan 
144.625, 56.625, 9.974797695302777e-24, nan 
144.875, 56.625, 7.968611045293208e-24, nan 
145.125, 56.625, 5.647374197700921e-24, nan 
145.375, 56.625, 8.440431518746584e-24, nan 
145.625, 56.625, 1.175481459136166e-23, nan 
145.875, 56.625, 2.1703770844448674e-23, nan 
146.125, 56.625, 1.974071313248841e-23, nan 
146.375, 56.625, 8.27899457831901e-24, nan 
146.625, 56.625, 3.95062493835472e-24, nan 
146.875, 56.625, 4.615821470543389e-24, nan 
147.125, 56.625, 1.0685825258691219e-23, nan 
147.375, 56.625, 1.1904705975411765e-23, nan 
147.625, 56.625, 4.096278201838465e-24, nan 
147.875, 56.625, 4.3424850458062944e-24, nan 
148.125, 56.625, 5.804560806881797e-24, nan 
148.375, 56.625, 1.1137465620622835e-23, nan 
148.625, 56.625, 1.0587930072392682e-23, nan 
148.875, 56.625, 1.218772569474057e-23, nan 
149.125, 56.625, 1.2123678556205004e-23, nan 
149.375, 56.625, 4.5045761348597765e-24, nan 
149.625, 56.625, 3.004731657580944e-24, nan 
149.875, 56.625, 2.715246744018973e-24, nan 
150.125, 56.625, 6.959150811019665e-24, nan 
150.375, 56.625, 3.363930222819365e-24, nan 
150.625, 56.625, 1.370118262244261e-24, nan 
150.875, 56.625, 1.2956719532982512e-24, nan 
151.125, 56.625, 4.0764492728077035e-24, nan 
151.375, 56.625, 6.074144502836796e-24, nan 
151.625, 56.625, 6.150497285894368e-24, nan 
151.875, 56.625, 3.494635574102215e-24, nan 
152.125, 56.625, 3.858988825685027e-24, nan 
152.375, 56.625, 3.843983944410651e-24, nan 
152.625, 56.625, 3.319558149412692e-24, nan 
152.875, 56.625, 4.299803228253665e-24, nan 
153.125, 56.625, 2.745367317296967e-24, nan 
153.375, 56.625, 1.9577091438250994e-24, nan 
153.625, 56.625, 1.2972627217959352e-24, nan 
153.875, 56.625, 2.2367416030003297e-24, nan 
154.125, 56.625, 4.3403203496445575e-24, nan 
154.375, 56.625, 3.74888348817286e-24, nan 
154.625, 56.625, 3.910755158894361e-24, nan 
154.875, 56.625, 3.620693616904444e-24, nan 
155.125, 56.625, 2.8455462763314456e-24, nan 
155.375, 56.625, 2.889888423867046e-24, nan 
155.625, 56.625, 3.211003165882769e-24, nan 
155.875, 56.625, 5.840615730053044e-24, nan 
156.125, 56.625, 5.668151104451447e-24, nan 
156.375, 56.625, 2.3320402540023957e-24, nan 
156.625, 56.625, 3.309089203284541e-24, nan 
46.125, 56.875, 2.7358241757390197e-24, nan 
46.375, 56.875, 1.2477784012110098e-24, nan 
46.625, 56.875, 1.3542953121241962e-24, nan 
46.875, 56.875, 2.6450816639039314e-24, nan 
47.125, 56.875, 2.8385722239010276e-24, nan 
47.375, 56.875, 3.887111252567237e-24, nan 
47.625, 56.875, 3.544430019008236e-24, nan 
47.875, 56.875, 8.0661823637113375e-25, nan 
48.125, 56.875, 8.035119904228565e-24, nan 
48.375, 56.875, 7.973943102434142e-24, nan 
48.625, 56.875, 3.680709315323045e-24, nan 
48.875, 56.875, 7.553948888881969e-24, nan 
49.125, 56.875, 8.979988153294968e-24, nan 
49.375, 56.875, 6.4576182273883485e-24, nan 
49.625, 56.875, 4.579615542598087e-24, nan 
49.875, 56.875, 3.370884162966251e-24, nan 
50.125, 56.875, 3.1780959369405737e-24, nan 
50.375, 56.875, 1.391408279982827e-24, nan 
50.625, 56.875, 6.849572713389099e-24, nan 
50.875, 56.875, 6.46972813460814e-24, nan 
51.125, 56.875, 3.946038590539934e-24, nan 
51.375, 56.875, 4.424893793175338e-24, nan 
51.625, 56.875, 7.742781570803164e-24, nan 
51.875, 56.875, 7.762808721814873e-24, nan 
52.125, 56.875, 5.1551247353655026e-24, nan 
52.375, 56.875, 4.76877891846444e-24, nan 
52.625, 56.875, 3.790014539784047e-24, nan 
52.875, 56.875, 4.7461502531674546e-24, nan 
53.125, 56.875, 2.9118887630528502e-24, nan 
53.375, 56.875, 4.324578651198056e-24, nan 
53.625, 56.875, 5.2963418194597354e-24, nan 
53.875, 56.875, 1.0490469955242784e-23, nan 
54.125, 56.875, 1.1146734153060615e-23, nan 
54.375, 56.875, 6.731218112295604e-24, nan 
54.625, 56.875, 7.073775836380989e-24, nan 
54.875, 56.875, 6.0227734790370925e-24, nan 
55.125, 56.875, 4.462447076322196e-24, nan 
55.375, 56.875, 6.883059462258583e-24, nan 
55.625, 56.875, 5.7802431713273e-24, nan 
55.875, 56.875, 1.8884702473964912e-24, nan 
56.125, 56.875, 2.3344321124916837e-23, nan 
56.375, 56.875, 2.6435937063475316e-23, nan 
56.625, 56.875, 1.344660203720018e-23, nan 
56.875, 56.875, 1.6259801208780818e-23, nan 
57.125, 56.875, 1.2337285317582088e-23, nan 
57.375, 56.875, 2.0410137307408943e-23, nan 
57.625, 56.875, 2.734997976069076e-23, nan 
57.875, 56.875, 2.4705171621171313e-23, nan 
58.125, 56.875, 1.6663039679245397e-23, nan 
58.375, 56.875, 1.0516806489313801e-23, nan 
58.625, 56.875, 1.0239559815244781e-23, nan 
58.875, 56.875, 2.8647211776505165e-23, nan 
59.125, 56.875, 2.935638625572848e-23, nan 
59.375, 56.875, 1.807983393741298e-23, nan 
59.625, 56.875, 1.6175487571106947e-23, nan 
59.875, 56.875, 1.642541332033633e-23, nan 
60.125, 56.875, 1.9887499716349602e-23, nan 
60.375, 56.875, 2.1515216366165338e-23, nan 
60.625, 56.875, 2.435846144483702e-23, nan 
60.875, 56.875, 3.769019138757144e-23, nan 
61.125, 56.875, 3.6241783139441595e-23, nan 
61.375, 56.875, 4.5862659942992686e-23, nan 
61.625, 56.875, 4.9899790334188254e-23, nan 
61.875, 56.875, 2.6301046420664836e-23, nan 
62.125, 56.875, 1.2927393740488631e-23, nan 
62.375, 56.875, 1.244774342777331e-23, nan 
62.625, 56.875, 1.8218168207678773e-23, nan 
62.875, 56.875, 2.6020240379419713e-23, nan 
63.125, 56.875, 1.7862875329811193e-23, nan 
63.375, 56.875, 1.3345431658218882e-23, nan 
63.625, 56.875, 1.7111557776580048e-23, nan 
63.875, 56.875, 1.817736134946688e-23, nan 
64.125, 56.875, 1.6153975807543657e-23, nan 
64.375, 56.875, 2.3902386836009e-23, nan 
64.625, 56.875, 2.295695284751623e-23, nan 
64.875, 56.875, 3.5975739412511966e-23, nan 
65.125, 56.875, 3.7639944231527054e-23, nan 
65.375, 56.875, 2.129957173548042e-23, nan 
65.625, 56.875, 1.6873961503198323e-23, nan 
65.875, 56.875, 1.7805309977765634e-23, nan 
66.125, 56.875, 1.8083721010272965e-23, nan 
66.375, 56.875, 2.45734070940632e-23, nan 
66.625, 56.875, 2.7802251596569066e-23, nan 
66.875, 56.875, 2.2509043275385946e-23, nan 
67.125, 56.875, 2.801728051508568e-23, nan 
67.375, 56.875, 2.8969192426228124e-23, nan 
67.625, 56.875, 3.2097463307541383e-23, nan 
67.875, 56.875, 3.059348080261945e-23, nan 
68.125, 56.875, 2.680991056211667e-23, nan 
68.375, 56.875, 2.5319544153771012e-23, nan 
68.625, 56.875, 3.575010580641512e-23, nan 
68.875, 56.875, 3.7049852693340934e-23, nan 
69.125, 56.875, 2.2971099026114446e-23, nan 
69.375, 56.875, 1.4108047369783342e-23, nan 
69.625, 56.875, 1.8820562069343742e-23, nan 
69.875, 56.875, 3.72409222881352e-23, nan 
70.125, 56.875, 4.5204541631795245e-23, nan 
70.375, 56.875, 5.134753686268114e-23, nan 
70.625, 56.875, 4.753951923758986e-23, nan 
70.875, 56.875, 5.815099974057274e-23, nan 
71.125, 56.875, 5.744019631600263e-23, nan 
71.375, 56.875, 3.607745675545206e-23, nan 
71.625, 56.875, 2.842248701060395e-23, nan 
71.875, 56.875, 4.3436249459976516e-23, nan 
72.125, 56.875, 3.3533764061489236e-23, nan 
72.375, 56.875, 2.7065982082878523e-23, nan 
72.625, 56.875, 1.9794730788868948e-23, nan 
72.875, 56.875, 3.334313467686622e-23, nan 
73.125, 56.875, 4.955150657897742e-23, nan 
73.375, 56.875, 5.46194371853747e-23, nan 
73.625, 56.875, 1.1102955498061942e-22, nan 
73.875, 56.875, 9.671693167810553e-23, nan 
74.125, 56.875, 2.715446500748868e-23, nan 
74.375, 56.875, 2.5234923652287724e-23, nan 
74.625, 56.875, 2.75670806234298e-23, nan 
74.875, 56.875, 2.719187073853408e-23, nan 
75.125, 56.875, 6.322410546071838e-23, nan 
75.375, 56.875, 8.403798890334636e-23, nan 
75.625, 56.875, 2.792673687164474e-23, nan 
75.875, 56.875, 1.660820140276725e-23, nan 
76.125, 56.875, 1.5664377791872186e-23, nan 
76.375, 56.875, 4.1944163685352494e-23, nan 
76.625, 56.875, 4.259693222178303e-23, nan 
76.875, 56.875, 4.2704127924427915e-23, nan 
77.125, 56.875, 4.1973140354323675e-23, nan 
77.375, 56.875, 4.526491714368795e-23, nan 
77.625, 56.875, 4.534616069340432e-23, nan 
77.875, 56.875, 5.2819321575671715e-23, nan 
78.125, 56.875, 4.761171916102416e-23, nan 
78.375, 56.875, 4.737072355258456e-23, nan 
78.625, 56.875, 1.4244181188313988e-22, nan 
78.875, 56.875, 1.3643222759385505e-22, nan 
79.125, 56.875, 2.7714572978093234e-23, nan 
79.375, 56.875, 2.3350609073243043e-23, nan 
79.625, 56.875, 1.5112799088639725e-22, nan 
79.875, 56.875, 1.8028974431305867e-22, nan 
80.125, 56.875, 1.4624201864769165e-22, nan 
80.375, 56.875, 1.488408364613887e-22, nan 
80.625, 56.875, 1.3766707616552237e-22, nan 
80.875, 56.875, 1.081328443851518e-22, nan 
81.125, 56.875, 1.022809839579204e-22, nan 
81.375, 56.875, 1.1266923612559426e-22, nan 
81.625, 56.875, 8.652810563715521e-23, nan 
81.875, 56.875, 7.953679625358674e-23, nan 
82.125, 56.875, 2.6347988490684777e-22, nan 
82.375, 56.875, 2.5544916322373792e-22, nan 
82.625, 56.875, 2.772440865291314e-22, nan 
82.875, 56.875, 2.5524688178132435e-22, nan 
83.125, 56.875, 8.96678241177712e-23, nan 
83.375, 56.875, 8.347280921829495e-23, nan 
83.625, 56.875, 1.1132595070717552e-22, nan 
83.875, 56.875, 1.2835792793933316e-22, nan 
84.125, 56.875, 1.7065555596699124e-22, nan 
84.375, 56.875, 1.5312528028965568e-22, nan 
84.625, 56.875, 5.927636917413161e-23, nan 
84.875, 56.875, 9.515652308238049e-23, nan 
85.125, 56.875, 1.7630000815587971e-22, nan 
85.375, 56.875, 2.422424466207371e-22, nan 
85.625, 56.875, 1.9552815535953903e-22, nan 
85.875, 56.875, 1.6822610135132393e-22, nan 
86.125, 56.875, 1.3904306951556932e-22, nan 
86.375, 56.875, 2.5093487230033883e-22, nan 
86.625, 56.875, 3.122717071084691e-22, nan 
86.875, 56.875, 7.852753252875616e-23, nan 
87.125, 56.875, 1.598356823774849e-22, nan 
87.375, 56.875, 2.4960006523958105e-22, nan 
87.625, 56.875, 2.655223698198229e-22, nan 
87.875, 56.875, 2.799949941867682e-22, nan 
88.125, 56.875, 4.691221889099494e-22, nan 
88.375, 56.875, 4.737307049028344e-22, nan 
88.625, 56.875, 2.8457719155271527e-22, nan 
88.875, 56.875, 1.6877345155934868e-22, nan 
89.125, 56.875, 2.4934370985115676e-22, nan 
89.375, 56.875, 3.0084474618574586e-22, nan 
89.625, 56.875, 4.333727721513445e-22, nan 
89.875, 56.875, 4.395463279522195e-22, nan 
90.125, 56.875, 3.911700812403452e-22, nan 
90.375, 56.875, 3.5307620339668954e-22, nan 
90.625, 56.875, 4.675939820789844e-22, nan 
90.875, 56.875, 4.61287584860282e-22, nan 
91.125, 56.875, 6.030638647964587e-22, nan 
91.375, 56.875, 7.700120282159559e-22, nan 
91.625, 56.875, 6.3585637459164435e-22, nan 
91.875, 56.875, 3.3692366646936627e-22, nan 
92.125, 56.875, 4.804507590468009e-22, nan 
92.375, 56.875, 4.406849057582253e-22, nan 
92.625, 56.875, 6.077925698978088e-22, nan 
92.875, 56.875, 6.1700802794825605e-22, nan 
93.125, 56.875, 4.419020962332468e-22, nan 
93.375, 56.875, 2.3143955716913475e-22, nan 
93.625, 56.875, 2.4969933224061763e-22, nan 
93.875, 56.875, 2.3449564060197087e-22, nan 
94.125, 56.875, 3.52274631981443e-22, nan 
94.375, 56.875, 4.343206959201221e-22, nan 
94.625, 56.875, 3.948784777109666e-22, nan 
94.875, 56.875, 4.266318843496735e-22, nan 
95.125, 56.875, 9.990550384084286e-22, nan 
95.375, 56.875, 1.2186212820866734e-21, nan 
95.625, 56.875, 8.92606308486375e-22, nan 
95.875, 56.875, 1.0770285317253756e-21, nan 
96.125, 56.875, 8.445462642874595e-22, nan 
96.375, 56.875, 8.4179704974331e-22, nan 
96.625, 56.875, 8.83146175690543e-22, nan 
96.875, 56.875, 6.963351422947298e-22, nan 
97.125, 56.875, 2.880087467582816e-22, nan 
97.375, 56.875, 1.1987792543698298e-21, nan 
97.625, 56.875, 1.4848553302735438e-21, nan 
97.875, 56.875, 1.3750324755523364e-21, nan 
98.125, 56.875, 1.1154524916748271e-21, nan 
98.375, 56.875, 1.0351740331310248e-21, nan 
98.625, 56.875, 9.38422256291494e-22, nan 
98.875, 56.875, 8.107661637869552e-22, nan 
99.125, 56.875, 8.373607229192111e-22, nan 
99.375, 56.875, 9.376554107757958e-22, nan 
99.625, 56.875, 1.1429683556633428e-21, nan 
99.875, 56.875, 1.237225091319374e-21, nan 
100.125, 56.875, 4.415247525449645e-21, nan 
100.375, 56.875, 4.852291029115577e-21, nan 
100.625, 56.875, 1.9701140804875195e-21, nan 
100.875, 56.875, 8.849450310471697e-22, nan 
101.125, 56.875, 9.595811384535655e-22, nan 
101.375, 56.875, 8.204736747336556e-22, nan 
101.625, 56.875, 7.037336472591429e-22, nan 
101.875, 56.875, 8.944546078632719e-22, nan 
102.125, 56.875, 6.939574766805871e-22, nan 
102.375, 56.875, 5.275628606104333e-22, nan 
102.625, 56.875, 1.6046892376445223e-21, nan 
102.875, 56.875, 4.2140720440964734e-21, nan 
103.125, 56.875, 3.83302415251121e-21, nan 
103.375, 56.875, 1.271273731434587e-21, nan 
103.625, 56.875, 1.751286272369941e-21, nan 
103.875, 56.875, 1.3768344392633267e-21, nan 
104.125, 56.875, 1.6743674955816582e-21, nan 
104.375, 56.875, 1.7855266131855697e-21, nan 
104.625, 56.875, 1.23352603665273e-21, nan 
104.875, 56.875, 6.103988412081678e-22, nan 
105.125, 56.875, 6.545343204960463e-22, nan 
105.375, 56.875, 6.2842115462447e-22, nan 
105.625, 56.875, 4.21211752607201e-22, nan 
105.875, 56.875, 7.228095586756096e-22, nan 
106.125, 56.875, 1.2108854533296102e-21, nan 
106.375, 56.875, 9.279143310097417e-22, nan 
106.625, 56.875, 1.8808292722088345e-21, nan 
106.875, 56.875, 2.6774485223428605e-21, nan 
107.125, 56.875, 1.9096256757134945e-21, nan 
107.375, 56.875, 1.3692338677989547e-21, nan 
107.625, 56.875, 9.401786182987363e-22, nan 
107.875, 56.875, 9.959766207691026e-22, nan 
108.125, 56.875, 9.933296952361632e-22, nan 
108.375, 56.875, 6.5209115666534425e-22, nan 
108.625, 56.875, 6.214522488686693e-22, nan 
108.875, 56.875, 6.217328671298409e-22, nan 
109.125, 56.875, 8.008202686242552e-22, nan 
109.375, 56.875, 5.571751430637497e-22, nan 
109.625, 56.875, 3.255966932134977e-22, nan 
109.875, 56.875, 2.9808195298810725e-22, nan 
110.125, 56.875, 4.609306588930787e-22, nan 
110.375, 56.875, 3.5905252290507504e-22, nan 
110.625, 56.875, 2.1003484740518678e-22, nan 
110.875, 56.875, 4.072095424252784e-22, nan 
111.125, 56.875, 4.869692371996705e-22, nan 
111.375, 56.875, 5.356823709233038e-22, nan 
111.625, 56.875, 4.460022885149328e-22, nan 
111.875, 56.875, 5.461210320106687e-22, nan 
112.125, 56.875, 4.944918363611209e-22, nan 
112.375, 56.875, 6.245833652461078e-22, nan 
112.625, 56.875, 6.00988199838752e-22, nan 
112.875, 56.875, 1.1757408074677627e-22, nan 
113.125, 56.875, 2.6820714303977985e-22, nan 
113.375, 56.875, 2.5182274834435035e-22, nan 
113.625, 56.875, 2.632327901033418e-22, nan 
113.875, 56.875, 3.36067023581975e-22, nan 
114.125, 56.875, 3.7370644724493507e-22, nan 
114.375, 56.875, 3.757128527571085e-22, nan 
114.625, 56.875, 3.3366010501434933e-22, nan 
114.875, 56.875, 3.2273972925948383e-22, nan 
115.125, 56.875, 3.751369798811976e-22, nan 
115.375, 56.875, 2.215212552641371e-22, nan 
115.625, 56.875, 1.82903876796168e-22, nan 
115.875, 56.875, 2.133256794856265e-22, nan 
116.125, 56.875, 1.574506202754094e-22, nan 
116.375, 56.875, 1.261315055983726e-22, nan 
116.625, 56.875, 1.644552548903898e-22, nan 
116.875, 56.875, 1.9415385041387024e-22, nan 
117.125, 56.875, 1.635681328569856e-22, nan 
117.375, 56.875, 1.1579435735269553e-22, nan 
117.625, 56.875, 9.805723361861949e-23, nan 
117.875, 56.875, 6.255378217734126e-23, nan 
118.125, 56.875, 1.1125760103419487e-22, nan 
118.375, 56.875, 1.0400893560625976e-22, nan 
118.625, 56.875, 6.485304030297032e-23, nan 
118.875, 56.875, 3.6364339076364866e-23, nan 
119.125, 56.875, 4.856723616586862e-23, nan 
119.375, 56.875, 3.6207590024172224e-23, nan 
119.625, 56.875, 7.095319586750865e-23, nan 
119.875, 56.875, 1.1034686630153838e-22, nan 
120.125, 56.875, 2.417928177568781e-22, nan 
120.375, 56.875, 2.767747996422532e-22, nan 
120.625, 56.875, 1.215277279254769e-22, nan 
120.875, 56.875, 5.428435734541406e-23, nan 
121.125, 56.875, 5.623973523073635e-23, nan 
121.375, 56.875, 5.086237760860711e-23, nan 
121.625, 56.875, 6.672291437892188e-23, nan 
121.875, 56.875, 5.398673915470164e-23, nan 
122.125, 56.875, 3.592489205121769e-23, nan 
122.375, 56.875, 1.3359604078405358e-23, nan 
122.625, 56.875, 2.787450167693215e-23, nan 
122.875, 56.875, 2.808584110006937e-23, nan 
123.125, 56.875, 3.19979287868754e-23, nan 
123.375, 56.875, 7.162704002202724e-23, nan 
123.625, 56.875, 7.327673756129398e-23, nan 
123.875, 56.875, 8.291885030915122e-23, nan 
124.125, 56.875, 6.454076260213169e-23, nan 
124.375, 56.875, 6.434379034463989e-23, nan 
124.625, 56.875, 9.104932010111159e-23, nan 
124.875, 56.875, 9.350631987279031e-23, nan 
125.125, 56.875, 4.182973264048706e-23, nan 
125.375, 56.875, 4.888334344188843e-23, nan 
125.625, 56.875, 4.839263806141574e-23, nan 
125.875, 56.875, 3.9751110205823976e-23, nan 
126.125, 56.875, 3.267784750935699e-23, nan 
126.375, 56.875, 1.5378043275234455e-23, nan 
126.625, 56.875, 3.2691884341688885e-23, nan 
126.875, 56.875, 2.7997088975394405e-23, nan 
127.125, 56.875, 1.5389032245271923e-23, nan 
127.375, 56.875, 2.732288199222381e-23, nan 
127.625, 56.875, 2.47669077239555e-23, nan 
127.875, 56.875, 8.998162319659928e-24, nan 
128.125, 56.875, 3.7000143852424966e-23, nan 
128.375, 56.875, 3.8077005246663694e-23, nan 
128.625, 56.875, 3.539146134972842e-23, nan 
128.875, 56.875, 4.711851295724872e-23, nan 
129.125, 56.875, 4.8718267371784254e-23, nan 
129.375, 56.875, 3.92784382761984e-23, nan 
129.625, 56.875, 5.992177748925876e-23, nan 
129.875, 56.875, 6.347038552339698e-23, nan 
130.125, 56.875, 4.066827089002261e-23, nan 
130.375, 56.875, 3.8110887116341345e-23, nan 
130.625, 56.875, 4.3993192236349765e-23, nan 
130.875, 56.875, 2.9448813715732894e-23, nan 
131.125, 56.875, 2.1969370028491556e-23, nan 
131.375, 56.875, 2.2661302188021592e-23, nan 
131.625, 56.875, 2.819478018376616e-23, nan 
131.875, 56.875, 2.2710995958158955e-23, nan 
132.125, 56.875, 2.974965959406865e-23, nan 
132.375, 56.875, 5.003780203506273e-23, nan 
132.625, 56.875, 4.8369930853594136e-23, nan 
132.875, 56.875, 3.2672404589873023e-23, nan 
133.125, 56.875, 5.099308439641037e-23, nan 
133.375, 56.875, 5.07011195612671e-23, nan 
133.625, 56.875, 5.1200910910322217e-23, nan 
133.875, 56.875, 1.657617010053083e-23, nan 
134.125, 56.875, 1.7568987937608325e-23, nan 
134.375, 56.875, 3.189203830815653e-23, nan 
134.625, 56.875, 3.4872589865434263e-23, nan 
134.875, 56.875, 3.27603474632462e-23, nan 
135.125, 56.875, 8.208921614056077e-24, nan 
135.375, 56.875, 1.0033329952238596e-23, nan 
135.625, 56.875, 6.636431311943842e-24, nan 
135.875, 56.875, 1.0021107376680052e-23, nan 
136.125, 56.875, 1.016185163246055e-23, nan 
136.375, 56.875, 4.305919537601995e-24, nan 
136.625, 56.875, 7.341299688254331e-24, nan 
136.875, 56.875, 7.772520499129943e-24, nan 
137.125, 56.875, 7.093764826729015e-24, nan 
137.375, 56.875, 1.383529876599845e-23, nan 
137.625, 56.875, 1.278435944129741e-23, nan 
137.875, 56.875, 9.538570720637544e-24, nan 
138.125, 56.875, 6.140307868183659e-24, nan 
138.375, 56.875, 2.0001659557927387e-23, nan 
138.625, 56.875, 2.1012358345298936e-23, nan 
138.875, 56.875, 2.0089858181694983e-23, nan 
139.125, 56.875, 2.6239002245483824e-23, nan 
139.375, 56.875, 2.1790868813085594e-23, nan 
139.625, 56.875, 9.95359484556285e-24, nan 
139.875, 56.875, 9.747889035209602e-24, nan 
140.125, 56.875, 7.509891763416625e-24, nan 
140.375, 56.875, 6.501700149828332e-24, nan 
140.625, 56.875, 1.4161675169509453e-23, nan 
140.875, 56.875, 2.1011168813249222e-23, nan 
141.125, 56.875, 2.0751502313739876e-23, nan 
141.375, 56.875, 2.0624634828504003e-23, nan 
141.625, 56.875, 2.6192489611778772e-23, nan 
141.875, 56.875, 1.7487604558849618e-23, nan 
142.125, 56.875, 6.281493543306676e-24, nan 
142.375, 56.875, 1.1150346277084153e-23, nan 
142.625, 56.875, 1.4245313357936644e-23, nan 
142.875, 56.875, 4.459782445617495e-24, nan 
143.125, 56.875, 3.4816387964209844e-24, nan 
143.375, 56.875, 1.5428073411312753e-23, nan 
143.625, 56.875, 1.5048909933988642e-23, nan 
143.875, 56.875, 3.7351834906616234e-24, nan 
144.125, 56.875, 5.746131653009972e-24, nan 
144.375, 56.875, 5.660105205985119e-24, nan 
144.625, 56.875, 4.456706462337308e-24, nan 
144.875, 56.875, 4.971566984980278e-24, nan 
145.125, 56.875, 9.408337998385895e-24, nan 
145.375, 56.875, 9.434842760733969e-24, nan 
145.625, 56.875, 5.8810770274498876e-24, nan 
145.875, 56.875, 1.476810945792768e-23, nan 
146.125, 56.875, 1.0188800705803896e-23, nan 
146.375, 56.875, 5.797451861745156e-24, nan 
146.625, 56.875, 6.244717411170897e-24, nan 
146.875, 56.875, 2.5907469588834493e-24, nan 
147.125, 56.875, 5.108094192996278e-24, nan 
147.375, 56.875, 7.439057806998403e-24, nan 
147.625, 56.875, 5.269112862622727e-24, nan 
147.875, 56.875, 4.453543602091996e-24, nan 
148.125, 56.875, 5.271835401248856e-24, nan 
148.375, 56.875, 2.272589273146559e-24, nan 
148.625, 56.875, 6.5934343883924914e-24, nan 
148.875, 56.875, 9.509637448914497e-24, nan 
149.125, 56.875, 7.076066307392094e-24, nan 
149.375, 56.875, 6.881125306139145e-24, nan 
149.625, 56.875, 5.033920763932191e-24, nan 
149.875, 56.875, 1.2888997593196657e-23, nan 
150.125, 56.875, 1.8811094492419133e-23, nan 
150.375, 56.875, 1.1358331457539499e-23, nan 
150.625, 56.875, 2.823193781554562e-24, nan 
150.875, 56.875, 2.540267240782324e-24, nan 
151.125, 56.875, 3.1884733463502874e-24, nan 
151.375, 56.875, 7.785777219010143e-24, nan 
151.625, 56.875, 8.137879856990146e-24, nan 
151.875, 56.875, 3.5603506670263686e-24, nan 
152.125, 56.875, 2.9415054777975344e-24, nan 
152.375, 56.875, 1.293888381579899e-24, nan 
152.625, 56.875, 1.0884815054947073e-24, nan 
152.875, 56.875, 9.264086685028514e-25, nan 
153.125, 56.875, 7.094044731987338e-25, nan 
153.375, 56.875, 1.719452302854956e-24, nan 
153.625, 56.875, 2.0522411513384132e-24, nan 
153.875, 56.875, 2.94355984835682e-24, nan 
154.125, 56.875, 1.3235203169048952e-24, nan 
154.375, 56.875, 3.1268173289899054e-24, nan 
154.625, 56.875, 3.2205520616812788e-24, nan 
154.875, 56.875, 2.4327380365193218e-24, nan 
155.125, 56.875, 9.621079440408546e-25, nan 
155.375, 56.875, 1.4096081596095531e-24, nan 
155.625, 56.875, 5.091289996728533e-24, nan 
155.875, 56.875, 5.056853832077996e-24, nan 
156.125, 56.875, 2.826455389436543e-24, nan 
156.375, 56.875, 2.4935175420919594e-24, nan 
156.625, 56.875, 2.8519131339591125e-24, nan 
156.875, 56.875, 2.2194121001930905e-24, nan 
45.375, 57.125, 7.396573312143291e-24, nan 
45.625, 57.125, 6.258456672421651e-24, nan 
45.875, 57.125, 7.09056585241631e-24, nan 
46.125, 57.125, 6.779021931084329e-24, nan 
46.375, 57.125, 2.9725988672172186e-24, nan 
46.625, 57.125, 1.402904391908882e-24, nan 
46.875, 57.125, 2.1566570084906614e-24, nan 
47.125, 57.125, 3.1821011871841153e-24, nan 
47.375, 57.125, 3.31844943528097e-24, nan 
47.625, 57.125, 2.981742174377669e-24, nan 
47.875, 57.125, 5.695803063881524e-24, nan 
48.125, 57.125, 7.118475547895202e-24, nan 
48.375, 57.125, 3.350080597626569e-24, nan 
48.625, 57.125, 3.8025796842428616e-24, nan 
48.875, 57.125, 3.5396438950829795e-24, nan 
49.125, 57.125, 5.601967269318335e-24, nan 
49.375, 57.125, 6.84045499647553e-24, nan 
49.625, 57.125, 4.871188330237137e-24, nan 
49.875, 57.125, 6.539793519655349e-24, nan 
50.125, 57.125, 5.896178082568014e-24, nan 
50.375, 57.125, 4.001901440964283e-24, nan 
50.625, 57.125, 6.382244994498253e-24, nan 
50.875, 57.125, 5.91401329724202e-24, nan 
51.125, 57.125, 5.280005513838349e-24, nan 
51.375, 57.125, 9.211217221722175e-24, nan 
51.625, 57.125, 8.905002927740576e-24, nan 
51.875, 57.125, 5.1036154679681696e-24, nan 
52.125, 57.125, 4.655383514073741e-24, nan 
52.375, 57.125, 5.428176107169603e-24, nan 
52.625, 57.125, 6.209070669012762e-24, nan 
52.875, 57.125, 7.020605513263816e-24, nan 
53.125, 57.125, 6.513339337323462e-24, nan 
53.375, 57.125, 5.5638050330187076e-24, nan 
53.625, 57.125, 5.516205948042763e-24, nan 
53.875, 57.125, 9.516097620706004e-24, nan 
54.125, 57.125, 1.0677276913877759e-23, nan 
54.375, 57.125, 9.818465000745137e-24, nan 
54.625, 57.125, 9.240795785591707e-24, nan 
54.875, 57.125, 8.510539666075035e-24, nan 
55.125, 57.125, 7.666376302062137e-24, nan 
55.375, 57.125, 4.436306034021263e-24, nan 
55.625, 57.125, 3.2995946211897314e-24, nan 
55.875, 57.125, 1.3103941332006807e-24, nan 
56.125, 57.125, 1.3396333105699822e-23, nan 
56.375, 57.125, 1.7119657086868916e-23, nan 
56.625, 57.125, 1.0245178075843323e-23, nan 
56.875, 57.125, 1.776132376893002e-23, nan 
57.125, 57.125, 2.2088505337301063e-23, nan 
57.375, 57.125, 2.4036076436823763e-23, nan 
57.625, 57.125, 1.0854687526173255e-23, nan 
57.875, 57.125, 1.126213168468651e-23, nan 
58.125, 57.125, 2.321328364112526e-23, nan 
58.375, 57.125, 3.732272906961607e-23, nan 
58.625, 57.125, 5.1469987367726463e-23, nan 
58.875, 57.125, 5.551673706632262e-23, nan 
59.125, 57.125, 6.949390272021614e-23, nan 
59.375, 57.125, 4.0119703203230285e-23, nan 
59.625, 57.125, 2.3907488249535354e-23, nan 
59.875, 57.125, 2.630806009452118e-23, nan 
60.125, 57.125, 2.9951382934237114e-23, nan 
60.375, 57.125, 2.288041338698526e-23, nan 
60.625, 57.125, 2.3517899620639527e-23, nan 
60.875, 57.125, 2.4703622121360086e-23, nan 
61.125, 57.125, 4.7720124591808786e-23, nan 
61.375, 57.125, 5.400950049451494e-23, nan 
61.625, 57.125, 3.2212649850563634e-23, nan 
61.875, 57.125, 2.7105366065816034e-23, nan 
62.125, 57.125, 2.557440266087781e-23, nan 
62.375, 57.125, 2.4321112016121968e-23, nan 
62.625, 57.125, 3.093621033857217e-23, nan 
62.875, 57.125, 2.898378997983645e-23, nan 
63.125, 57.125, 1.7440582548524344e-23, nan 
63.375, 57.125, 1.6836483971611104e-23, nan 
63.625, 57.125, 1.3941707305838268e-23, nan 
63.875, 57.125, 1.2602494938009894e-23, nan 
64.125, 57.125, 1.2746511916387602e-23, nan 
64.375, 57.125, 2.2194365651040956e-23, nan 
64.625, 57.125, 2.6791851444769246e-23, nan 
64.875, 57.125, 1.9880198901399123e-23, nan 
65.125, 57.125, 1.4197075618098694e-23, nan 
65.375, 57.125, 1.8470897777076355e-23, nan 
65.625, 57.125, 1.8216313086609653e-23, nan 
65.875, 57.125, 2.2569047956396884e-23, nan 
66.125, 57.125, 2.43065927553533e-23, nan 
66.375, 57.125, 5.916025021400514e-23, nan 
66.625, 57.125, 6.168671140493027e-23, nan 
66.875, 57.125, 2.417998067027669e-23, nan 
67.125, 57.125, 3.470776253246847e-23, nan 
67.375, 57.125, 4.232926139260184e-23, nan 
67.625, 57.125, 4.024280649112495e-23, nan 
67.875, 57.125, 4.2293232249387885e-23, nan 
68.125, 57.125, 3.8632229562866933e-23, nan 
68.375, 57.125, 3.5405768391546243e-23, nan 
68.625, 57.125, 4.338106078338437e-23, nan 
68.875, 57.125, 4.3667195237939195e-23, nan 
69.125, 57.125, 1.9182843315517122e-23, nan 
69.375, 57.125, 1.854682486040127e-23, nan 
69.625, 57.125, 2.451402405620184e-23, nan 
69.875, 57.125, 2.386679685457834e-23, nan 
70.125, 57.125, 2.792635799406239e-23, nan 
70.375, 57.125, 7.199413706366023e-23, nan 
70.625, 57.125, 9.47831296129135e-23, nan 
70.875, 57.125, 7.350691012859165e-23, nan 
71.125, 57.125, 3.941350976441748e-23, nan 
71.375, 57.125, 3.667409556341284e-23, nan 
71.625, 57.125, 2.0126425461244197e-23, nan 
71.875, 57.125, 3.819894222354273e-23, nan 
72.125, 57.125, 1.8531232642747183e-23, nan 
72.375, 57.125, 7.063322214224752e-24, nan 
72.625, 57.125, 1.2643024781998422e-23, nan 
72.875, 57.125, 1.409396166454543e-23, nan 
73.125, 57.125, 3.698307943073194e-23, nan 
73.375, 57.125, 3.6201280941826506e-23, nan 
73.625, 57.125, 5.919295809429085e-23, nan 
73.875, 57.125, 5.198864843944629e-23, nan 
74.125, 57.125, 4.439933917565949e-23, nan 
74.375, 57.125, 6.258641155799216e-23, nan 
74.625, 57.125, 5.124448998931465e-23, nan 
74.875, 57.125, 4.066072379951247e-23, nan 
75.125, 57.125, 3.2296683231950086e-23, nan 
75.375, 57.125, 7.805002277757309e-23, nan 
75.625, 57.125, 6.863142896204869e-23, nan 
75.875, 57.125, 2.954130690845408e-23, nan 
76.125, 57.125, 2.5173277368218248e-23, nan 
76.375, 57.125, 3.457368171651737e-23, nan 
76.625, 57.125, 3.8365275735621016e-23, nan 
76.875, 57.125, 2.3258319415483616e-23, nan 
77.125, 57.125, 4.018684669255774e-23, nan 
77.375, 57.125, 3.877047112725219e-23, nan 
77.625, 57.125, 3.630608472173004e-23, nan 
77.875, 57.125, 2.972857511765743e-23, nan 
78.125, 57.125, 9.369458165955505e-23, nan 
78.375, 57.125, 1.0267902426046176e-22, nan 
78.625, 57.125, 1.6319103354598632e-22, nan 
78.875, 57.125, 1.5647172672391747e-22, nan 
79.125, 57.125, 8.038073557547989e-23, nan 
79.375, 57.125, 7.461083269748419e-23, nan 
79.625, 57.125, 1.227616682139332e-22, nan 
79.875, 57.125, 1.330884601760049e-22, nan 
80.125, 57.125, 1.0460062154834452e-22, nan 
80.375, 57.125, 1.0784527347577778e-22, nan 
80.625, 57.125, 1.0564692654707949e-22, nan 
80.875, 57.125, 7.742616342652214e-23, nan 
81.125, 57.125, 6.987695113300201e-23, nan 
81.375, 57.125, 4.913717334451823e-23, nan 
81.625, 57.125, 5.844176573286186e-23, nan 
81.875, 57.125, 2.1537395569798524e-22, nan 
82.125, 57.125, 2.58307548523293e-22, nan 
82.375, 57.125, 1.4179506765042135e-22, nan 
82.625, 57.125, 1.5522060867764725e-22, nan 
82.875, 57.125, 1.1781223445946661e-22, nan 
83.125, 57.125, 1.1835113742057758e-22, nan 
83.375, 57.125, 1.181488608241043e-22, nan 
83.625, 57.125, 1.3467939569299575e-22, nan 
83.875, 57.125, 1.07667227669945e-22, nan 
84.125, 57.125, 9.429730586994442e-23, nan 
84.375, 57.125, 1.3867175618739514e-22, nan 
84.625, 57.125, 1.387786420740849e-22, nan 
84.875, 57.125, 1.918477688555572e-22, nan 
85.125, 57.125, 2.1539030470073546e-22, nan 
85.375, 57.125, 2.1741864794000546e-22, nan 
85.625, 57.125, 2.585230109924019e-22, nan 
85.875, 57.125, 3.012845238431977e-22, nan 
86.125, 57.125, 3.182817991695951e-22, nan 
86.375, 57.125, 2.2944726521170538e-22, nan 
86.625, 57.125, 4.000351096394735e-22, nan 
86.875, 57.125, 3.590411423846e-22, nan 
87.125, 57.125, 1.808643964695556e-22, nan 
87.375, 57.125, 2.161110998263585e-22, nan 
87.625, 57.125, 2.765557610301847e-22, nan 
87.875, 57.125, 2.523222287386694e-22, nan 
88.125, 57.125, 2.556840240964736e-22, nan 
88.375, 57.125, 1.7316117561868255e-22, nan 
88.625, 57.125, 2.1196220808488196e-22, nan 
88.875, 57.125, 2.6798156247654547e-22, nan 
89.125, 57.125, 2.77775730285138e-22, nan 
89.375, 57.125, 3.0235238929537536e-22, nan 
89.625, 57.125, 2.3150946336319977e-22, nan 
89.875, 57.125, 1.7084478111680116e-22, nan 
90.125, 57.125, 3.5128868753593133e-22, nan 
90.375, 57.125, 5.8559912634586e-22, nan 
90.625, 57.125, 7.058581904688147e-22, nan 
90.875, 57.125, 5.639886426131597e-22, nan 
91.125, 57.125, 2.495692842339886e-22, nan 
91.375, 57.125, 1.7064555577154237e-22, nan 
91.625, 57.125, 4.788701405394662e-22, nan 
91.875, 57.125, 5.122804583798135e-22, nan 
92.125, 57.125, 5.025641142018605e-22, nan 
92.375, 57.125, 7.074182554150813e-22, nan 
92.625, 57.125, 7.501508188706373e-22, nan 
92.875, 57.125, 5.810946850293522e-22, nan 
93.125, 57.125, 8.552208892008295e-22, nan 
93.375, 57.125, 8.614359472609366e-22, nan 
93.625, 57.125, 3.5829509088647265e-22, nan 
93.875, 57.125, 3.762871914732491e-22, nan 
94.125, 57.125, 2.9845426806664275e-22, nan 
94.375, 57.125, 4.850838791364299e-22, nan 
94.625, 57.125, 5.194788328409794e-22, nan 
94.875, 57.125, 4.0318261300216583e-22, nan 
95.125, 57.125, 1.1782523930191342e-21, nan 
95.375, 57.125, 1.3027157847944816e-21, nan 
95.625, 57.125, 1.0566657236392285e-21, nan 
95.875, 57.125, 8.144673907335392e-22, nan 
96.125, 57.125, 9.762946482649345e-22, nan 
96.375, 57.125, 9.286221880313862e-22, nan 
96.625, 57.125, 1.341596905832414e-21, nan 
96.875, 57.125, 1.1758057755059461e-21, nan 
97.125, 57.125, 4.295303939030511e-22, nan 
97.375, 57.125, 8.909958199823823e-22, nan 
97.625, 57.125, 7.852403178523502e-22, nan 
97.875, 57.125, 6.987663582594745e-22, nan 
98.125, 57.125, 8.768615480221024e-22, nan 
98.375, 57.125, 6.922489278558296e-22, nan 
98.625, 57.125, 1.0339576080013059e-21, nan 
98.875, 57.125, 1.0544808144815877e-21, nan 
99.125, 57.125, 1.6768004677208442e-21, nan 
99.375, 57.125, 1.3864570673623018e-21, nan 
99.625, 57.125, 8.489082718162447e-22, nan 
99.875, 57.125, 4.218533388894921e-22, nan 
100.125, 57.125, 5.497362901662709e-21, nan 
100.375, 57.125, 5.269040507060819e-21, nan 
100.625, 57.125, 1.3047076077572264e-21, nan 
100.875, 57.125, 1.1486382677401506e-21, nan 
101.125, 57.125, 1.279037701044167e-21, nan 
101.375, 57.125, 1.14647437245193e-21, nan 
101.625, 57.125, 1.0771732994722054e-21, nan 
101.875, 57.125, 1.3774294695160632e-21, nan 
102.125, 57.125, 1.4145413338842023e-21, nan 
102.375, 57.125, 1.0829572690580324e-21, nan 
102.625, 57.125, 1.7590548971418582e-21, nan 
102.875, 57.125, 5.830129608715379e-21, nan 
103.125, 57.125, 5.668048691587555e-21, nan 
103.375, 57.125, 1.3866472129267738e-21, nan 
103.625, 57.125, 1.8536103239251324e-21, nan 
103.875, 57.125, 2.461423934066552e-21, nan 
104.125, 57.125, 2.270194809048767e-21, nan 
104.375, 57.125, 1.1904976024992618e-21, nan 
104.625, 57.125, 9.216767428058777e-22, nan 
104.875, 57.125, 1.0303206448599484e-21, nan 
105.125, 57.125, 9.538112993601234e-22, nan 
105.375, 57.125, 7.893591605030748e-22, nan 
105.625, 57.125, 7.388392349330651e-22, nan 
105.875, 57.125, 1.2070490927025055e-21, nan 
106.125, 57.125, 2.003586434258316e-21, nan 
106.375, 57.125, 1.9322294268360327e-21, nan 
106.625, 57.125, 1.468571493800305e-21, nan 
106.875, 57.125, 6.9214636463564925e-22, nan 
107.125, 57.125, 5.513248955081794e-22, nan 
107.375, 57.125, 9.58310011966047e-22, nan 
107.625, 57.125, 7.488230695754858e-22, nan 
107.875, 57.125, 5.431683149767594e-22, nan 
108.125, 57.125, 1.0634152537505565e-21, nan 
108.375, 57.125, 1.0460375816085865e-21, nan 
108.625, 57.125, 7.9040920793651545e-22, nan 
108.875, 57.125, 8.411235352270681e-22, nan 
109.125, 57.125, 7.734663801446696e-22, nan 
109.375, 57.125, 6.366652715127804e-22, nan 
109.625, 57.125, 5.299835452320845e-22, nan 
109.875, 57.125, 5.231158987203117e-22, nan 
110.125, 57.125, 4.725797663309472e-22, nan 
110.375, 57.125, 2.7488052227287674e-22, nan 
110.625, 57.125, 3.4813105836896065e-22, nan 
110.875, 57.125, 6.035222533635394e-22, nan 
111.125, 57.125, 7.0180516166539275e-22, nan 
111.375, 57.125, 6.072305637683809e-22, nan 
111.625, 57.125, 3.907770520022696e-22, nan 
111.875, 57.125, 6.614746988555581e-22, nan 
112.125, 57.125, 5.497383303491795e-22, nan 
112.375, 57.125, 5.425159451567608e-22, nan 
112.625, 57.125, 6.514396901343895e-22, nan 
112.875, 57.125, 3.881698269695183e-22, nan 
113.125, 57.125, 1.8100357553995648e-22, nan 
113.375, 57.125, 3.499540758212176e-22, nan 
113.625, 57.125, 3.990865922237711e-22, nan 
113.875, 57.125, 3.1821136462895017e-22, nan 
114.125, 57.125, 2.5227766181901967e-22, nan 
114.375, 57.125, 3.9566351963315973e-22, nan 
114.625, 57.125, 8.316916188972275e-22, nan 
114.875, 57.125, 9.550526051815148e-22, nan 
115.125, 57.125, 8.67931465580693e-22, nan 
115.375, 57.125, 7.9022008973225e-22, nan 
115.625, 57.125, 4.986861072318044e-22, nan 
115.875, 57.125, 3.2674092257066445e-22, nan 
116.125, 57.125, 2.2142790875268775e-22, nan 
116.375, 57.125, 1.4026437174822059e-22, nan 
116.625, 57.125, 1.6123515913989018e-22, nan 
116.875, 57.125, 1.2278581087013326e-22, nan 
117.125, 57.125, 1.1236541880622641e-22, nan 
117.375, 57.125, 1.122039659192892e-22, nan 
117.625, 57.125, 1.219764974014079e-22, nan 
117.875, 57.125, 1.4966542007760366e-22, nan 
118.125, 57.125, 1.7468248433824073e-22, nan 
118.375, 57.125, 7.460754851157892e-23, nan 
118.625, 57.125, 7.259117266135902e-23, nan 
118.875, 57.125, 3.648807931683407e-23, nan 
119.125, 57.125, 4.552557401988939e-23, nan 
119.375, 57.125, 6.136897874801563e-23, nan 
119.625, 57.125, 2.215592349119944e-22, nan 
119.875, 57.125, 2.616886678056732e-22, nan 
120.125, 57.125, 1.688782700574723e-22, nan 
120.375, 57.125, 2.5470726238684534e-22, nan 
120.625, 57.125, 2.0468813804931556e-22, nan 
120.875, 57.125, 6.955062256938413e-23, nan 
121.125, 57.125, 4.349199254813921e-23, nan 
121.375, 57.125, 4.020878894679323e-23, nan 
121.625, 57.125, 4.310500184699102e-23, nan 
121.875, 57.125, 3.6105965049579754e-23, nan 
122.125, 57.125, 2.616063417508433e-23, nan 
122.375, 57.125, 4.2261763565058203e-23, nan 
122.625, 57.125, 2.4156160941396832e-23, nan 
122.875, 57.125, 4.5105756864473916e-23, nan 
123.125, 57.125, 5.877365702730866e-23, nan 
123.375, 57.125, 6.358940352846255e-23, nan 
123.625, 57.125, 7.431000098918471e-23, nan 
123.875, 57.125, 5.889693221464425e-23, nan 
124.125, 57.125, 3.136791676332207e-23, nan 
124.375, 57.125, 5.597778715075253e-23, nan 
124.625, 57.125, 8.511533711383571e-23, nan 
124.875, 57.125, 1.325967905388479e-22, nan 
125.125, 57.125, 1.0555563895259375e-22, nan 
125.375, 57.125, 2.8546546879076946e-23, nan 
125.625, 57.125, 1.6911161808957722e-23, nan 
125.875, 57.125, 2.8901818293806626e-23, nan 
126.125, 57.125, 3.124062309579706e-23, nan 
126.375, 57.125, 1.2385135791370369e-23, nan 
126.625, 57.125, 1.9634305326729984e-23, nan 
126.875, 57.125, 2.1425701446520268e-23, nan 
127.125, 57.125, 2.0871981449929352e-23, nan 
127.375, 57.125, 2.5202468639980152e-23, nan 
127.625, 57.125, 2.2207951994997175e-23, nan 
127.875, 57.125, 2.174909215871689e-23, nan 
128.125, 57.125, 3.7757885839096225e-23, nan 
128.375, 57.125, 3.9795999973268244e-23, nan 
128.625, 57.125, 4.7262885153853753e-23, nan 
128.875, 57.125, 5.170765697281089e-23, nan 
129.125, 57.125, 5.699588875509788e-23, nan 
129.375, 57.125, 1.2358224517733804e-22, nan 
129.625, 57.125, 1.137526028031415e-22, nan 
129.875, 57.125, 3.488325476725816e-23, nan 
130.125, 57.125, 3.7582073130949e-23, nan 
130.375, 57.125, 2.4968611354301026e-23, nan 
130.625, 57.125, 1.5127982910632532e-23, nan 
130.875, 57.125, 2.2695594843841966e-23, nan 
131.125, 57.125, 1.6514276136081442e-23, nan 
131.375, 57.125, 3.1263841807780564e-23, nan 
131.625, 57.125, 5.990995289391838e-23, nan 
131.875, 57.125, 4.2118060925433614e-23, nan 
132.125, 57.125, 2.0854373116574535e-23, nan 
132.375, 57.125, 2.3135879776760032e-23, nan 
132.625, 57.125, 1.767445394159504e-23, nan 
132.875, 57.125, 7.96674009218404e-23, nan 
133.125, 57.125, 9.715759547588531e-23, nan 
133.375, 57.125, 5.168787815810132e-23, nan 
133.625, 57.125, 9.56037692682778e-23, nan 
133.875, 57.125, 7.471265605126752e-23, nan 
134.125, 57.125, 1.2829889468554945e-23, nan 
134.375, 57.125, 1.1202159554887056e-23, nan 
134.625, 57.125, 1.7927328052754832e-23, nan 
134.875, 57.125, 2.3083602177002325e-23, nan 
135.125, 57.125, 2.1769821481213182e-23, nan 
135.375, 57.125, 1.147570375173071e-23, nan 
135.625, 57.125, 7.131608461264049e-24, nan 
135.875, 57.125, 6.294331978240835e-24, nan 
136.125, 57.125, 5.7415574217404596e-24, nan 
136.375, 57.125, 1.3160087721472126e-23, nan 
136.625, 57.125, 1.4490268166362337e-23, nan 
136.875, 57.125, 1.7345696512030985e-23, nan 
137.125, 57.125, 1.594358435539334e-23, nan 
137.375, 57.125, 4.262875097178817e-24, nan 
137.625, 57.125, 6.304191823989629e-24, nan 
137.875, 57.125, 1.1092662819425251e-23, nan 
138.125, 57.125, 1.1969072656929089e-23, nan 
138.375, 57.125, 1.4872448655538292e-23, nan 
138.625, 57.125, 1.2642969667129373e-23, nan 
138.875, 57.125, 2.1050983944010402e-23, nan 
139.125, 57.125, 2.1688937205988157e-23, nan 
139.375, 57.125, 6.382852055807578e-24, nan 
139.625, 57.125, 1.2327960391663239e-23, nan 
139.875, 57.125, 1.167576922933503e-23, nan 
140.125, 57.125, 6.1760402874593616e-24, nan 
140.375, 57.125, 1.4805321684081063e-23, nan 
140.625, 57.125, 2.0247999260315983e-23, nan 
140.875, 57.125, 2.1568933309338024e-23, nan 
141.125, 57.125, 1.7252838746074747e-23, nan 
141.375, 57.125, 2.674649846946347e-23, nan 
141.625, 57.125, 2.2640633846280884e-23, nan 
141.875, 57.125, 5.5755660323174865e-24, nan 
142.125, 57.125, 8.655977402344192e-24, nan 
142.375, 57.125, 1.7789271146289986e-24, nan 
142.625, 57.125, 6.5241412567909135e-24, nan 
142.875, 57.125, 8.053508908201499e-24, nan 
143.125, 57.125, 6.6302171229843e-24, nan 
143.375, 57.125, 1.1409330765101045e-23, nan 
143.625, 57.125, 1.2454325671318185e-23, nan 
143.875, 57.125, 7.510681280875859e-24, nan 
144.125, 57.125, 5.401984163917621e-24, nan 
144.375, 57.125, 5.071380666648298e-24, nan 
144.625, 57.125, 3.84974727500304e-24, nan 
144.875, 57.125, 7.515269800007832e-24, nan 
145.125, 57.125, 7.998709931873476e-24, nan 
145.375, 57.125, 5.1901645199919296e-24, nan 
145.625, 57.125, 1.117685377841957e-23, nan 
145.875, 57.125, 1.2163134108205745e-23, nan 
146.125, 57.125, 3.0312361943207953e-24, nan 
146.375, 57.125, 4.7094164860892394e-24, nan 
146.625, 57.125, 7.349708072860313e-24, nan 
146.875, 57.125, 6.5137538217272316e-24, nan 
147.125, 57.125, 3.2851799929586155e-24, nan 
147.375, 57.125, 4.8142090453671436e-24, nan 
147.625, 57.125, 2.850525961393818e-24, nan 
147.875, 57.125, 4.956539734431541e-24, nan 
148.125, 57.125, 9.83813535074919e-24, nan 
148.375, 57.125, 7.61464066538063e-24, nan 
148.625, 57.125, 2.6406448004932616e-24, nan 
148.875, 57.125, 4.404430027069964e-24, nan 
149.125, 57.125, 4.41125072552438e-24, nan 
149.375, 57.125, 5.406435891564829e-24, nan 
149.625, 57.125, 5.929459348646101e-24, nan 
149.875, 57.125, 3.0223791066687594e-24, nan 
150.125, 57.125, 6.428554613930592e-24, nan 
150.375, 57.125, 4.970537171062947e-24, nan 
150.625, 57.125, 4.852534259035315e-24, nan 
150.875, 57.125, 2.23941500679251e-24, nan 
151.125, 57.125, 4.251054754777842e-24, nan 
151.375, 57.125, 5.179501087851848e-24, nan 
151.625, 57.125, 4.459512470334909e-24, nan 
151.875, 57.125, 2.2082531654218932e-24, nan 
152.125, 57.125, 1.6347306686038995e-24, nan 
152.375, 57.125, 1.2564350883910354e-24, nan 
152.625, 57.125, 1.3606083802089921e-24, nan 
152.875, 57.125, 2.411641730344094e-24, nan 
153.125, 57.125, 2.7356595315076654e-24, nan 
153.375, 57.125, 5.175306221610136e-24, nan 
153.625, 57.125, 6.443658917085145e-24, nan 
153.875, 57.125, 5.6429524099399374e-24, nan 
154.125, 57.125, 3.055279601717991e-24, nan 
154.375, 57.125, 4.114124930386693e-24, nan 
154.625, 57.125, 2.577146466622821e-24, nan 
154.875, 57.125, 3.345713179480412e-24, nan 
155.125, 57.125, 2.89372250913657e-24, nan 
155.375, 57.125, 1.3599532235220518e-24, nan 
155.625, 57.125, 3.829888158904174e-24, nan 
155.875, 57.125, 3.893416554696089e-24, nan 
156.125, 57.125, 2.7001031584059234e-24, nan 
156.375, 57.125, 3.1443277036528957e-24, nan 
156.625, 57.125, 2.7277015281356142e-24, nan 
156.875, 57.125, 2.8685001985386596e-24, nan 
157.125, 57.125, 5.785126967827381e-24, nan 
157.375, 57.125, 5.746883132718884e-24, nan 
45.125, 57.375, 2.1063645491042522e-24, nan 
45.375, 57.375, 1.9233299558275963e-24, nan 
45.625, 57.375, 2.346320703304062e-24, nan 
45.875, 57.375, 4.2028831948311596e-24, nan 
46.125, 57.375, 6.767656560014552e-24, nan 
46.375, 57.375, 5.166435916223419e-24, nan 
46.625, 57.375, 3.458395897651455e-24, nan 
46.875, 57.375, 3.472461164456997e-24, nan 
47.125, 57.375, 5.636521945184539e-24, nan 
47.375, 57.375, 3.517854548383108e-24, nan 
47.625, 57.375, 3.4484673499685854e-24, nan 
47.875, 57.375, 4.197259551991592e-24, nan 
48.125, 57.375, 5.389659168960026e-24, nan 
48.375, 57.375, 5.95909930785301e-24, nan 
48.625, 57.375, 6.775865962476095e-24, nan 
48.875, 57.375, 3.864471202762398e-24, nan 
49.125, 57.375, 3.789750455195682e-24, nan 
49.375, 57.375, 4.0908796679953916e-24, nan 
49.625, 57.375, 5.274260694654682e-24, nan 
49.875, 57.375, 6.666652899505496e-24, nan 
50.125, 57.375, 5.1692324784832245e-24, nan 
50.375, 57.375, 4.283462477081978e-24, nan 
50.625, 57.375, 5.5610557700044295e-24, nan 
50.875, 57.375, 3.266054916506515e-24, nan 
51.125, 57.375, 3.847663295218635e-24, nan 
51.375, 57.375, 6.673036459298676e-24, nan 
51.625, 57.375, 4.76881761489526e-24, nan 
51.875, 57.375, 3.3611865559429864e-24, nan 
52.125, 57.375, 3.917315162851887e-24, nan 
52.375, 57.375, 4.2913439098353956e-24, nan 
52.625, 57.375, 5.0827191092626505e-24, nan 
52.875, 57.375, 3.757876058073071e-24, nan 
53.125, 57.375, 5.164747318719558e-24, nan 
53.375, 57.375, 5.425221008234509e-24, nan 
53.625, 57.375, 5.6785008364092864e-24, nan 
53.875, 57.375, 5.560065790413733e-24, nan 
54.125, 57.375, 7.225996284738782e-24, nan 
54.375, 57.375, 5.36256283421115e-24, nan 
54.625, 57.375, 1.756342598503218e-24, nan 
54.875, 57.375, 4.091655060188809e-24, nan 
55.125, 57.375, 4.046556432281479e-24, nan 
55.375, 57.375, 3.5253561212970215e-24, nan 
55.625, 57.375, 2.898169659062667e-24, nan 
55.875, 57.375, 2.3930997192742888e-24, nan 
56.125, 57.375, 2.866375562580552e-24, nan 
56.375, 57.375, 8.54789981945228e-24, nan 
56.625, 57.375, 4.5730219819838685e-23, nan 
56.875, 57.375, 5.168397248377962e-23, nan 
57.125, 57.375, 2.133163032427829e-23, nan 
57.375, 57.375, 2.328689493757702e-23, nan 
57.625, 57.375, 2.2928389665386875e-23, nan 
57.875, 57.375, 1.3070992128880171e-23, nan 
58.125, 57.375, 2.483205591588946e-23, nan 
58.375, 57.375, 1.802515144839711e-22, nan 
58.625, 57.375, 1.6519660720128063e-22, nan 
58.875, 57.375, 1.8713079259614392e-22, nan 
59.125, 57.375, 1.2341375729551845e-22, nan 
59.375, 57.375, 9.946650570111187e-23, nan 
59.625, 57.375, 3.1350811771929656e-23, nan 
59.875, 57.375, 2.7137816990837417e-23, nan 
60.125, 57.375, 3.320408394397363e-23, nan 
60.375, 57.375, 2.4132528775759206e-23, nan 
60.625, 57.375, 2.77966297309644e-23, nan 
60.875, 57.375, 2.858093179295233e-23, nan 
61.125, 57.375, 1.859866181454849e-23, nan 
61.375, 57.375, 3.386023807294119e-23, nan 
61.625, 57.375, 2.664834492247747e-23, nan 
61.875, 57.375, 1.1747747695398904e-23, nan 
62.125, 57.375, 1.2318726924850213e-23, nan 
62.375, 57.375, 2.2353754571175447e-23, nan 
62.625, 57.375, 2.0584744327870343e-23, nan 
62.875, 57.375, 2.276074356174887e-23, nan 
63.125, 57.375, 2.675291985848064e-23, nan 
63.375, 57.375, 1.7953650250363397e-23, nan 
63.625, 57.375, 1.597858023054917e-23, nan 
63.875, 57.375, 9.796472220512593e-24, nan 
64.125, 57.375, 1.0608785956334258e-23, nan 
64.375, 57.375, 1.1212936937388304e-23, nan 
64.625, 57.375, 1.0761003842053222e-23, nan 
64.875, 57.375, 1.1181335410110733e-23, nan 
65.125, 57.375, 1.2103623608273605e-23, nan 
65.375, 57.375, 1.3847658052140222e-23, nan 
65.625, 57.375, 7.684054877018275e-24, nan 
65.875, 57.375, 9.194411643491233e-24, nan 
66.125, 57.375, 3.052542050456424e-23, nan 
66.375, 57.375, 3.5879476760830997e-23, nan 
66.625, 57.375, 2.77963460204311e-23, nan 
66.875, 57.375, 2.8311405637124516e-23, nan 
67.125, 57.375, 3.132607224842316e-23, nan 
67.375, 57.375, 3.334092380435596e-23, nan 
67.625, 57.375, 2.582449088366997e-23, nan 
67.875, 57.375, 2.060713741760821e-23, nan 
68.125, 57.375, 2.5028628861923027e-23, nan 
68.375, 57.375, 3.019243809696155e-23, nan 
68.625, 57.375, 1.8217873646753677e-23, nan 
68.875, 57.375, 2.6150832238299312e-23, nan 
69.125, 57.375, 2.4074763493290003e-23, nan 
69.375, 57.375, 1.4669453048817932e-23, nan 
69.625, 57.375, 2.1258267140435215e-23, nan 
69.875, 57.375, 2.3115854034521504e-23, nan 
70.125, 57.375, 3.48449834060121e-23, nan 
70.375, 57.375, 3.57179783303427e-23, nan 
70.625, 57.375, 4.702468646425262e-23, nan 
70.875, 57.375, 4.943432669141797e-23, nan 
71.125, 57.375, 2.2126673784342407e-23, nan 
71.375, 57.375, 1.4027290218486417e-23, nan 
71.625, 57.375, 1.2225602750717405e-23, nan 
71.875, 57.375, 1.583787495938148e-23, nan 
72.125, 57.375, 1.2561383203063745e-23, nan 
72.375, 57.375, 1.9625846858196712e-23, nan 
72.625, 57.375, 2.3743757897933653e-23, nan 
72.875, 57.375, 2.642931078333225e-23, nan 
73.125, 57.375, 2.946370744519656e-23, nan 
73.375, 57.375, 9.080072800729866e-24, nan 
73.625, 57.375, 3.3192496989163267e-23, nan 
73.875, 57.375, 4.946610160544515e-23, nan 
74.125, 57.375, 4.2339394067602884e-23, nan 
74.375, 57.375, 3.333817656858968e-23, nan 
74.625, 57.375, 2.9734004009322816e-23, nan 
74.875, 57.375, 4.6186693282128865e-23, nan 
75.125, 57.375, 4.9410039346132606e-23, nan 
75.375, 57.375, 1.0199154711218863e-22, nan 
75.625, 57.375, 8.610730569344621e-23, nan 
75.875, 57.375, 1.970409507921691e-23, nan 
76.125, 57.375, 3.313812431638981e-23, nan 
76.375, 57.375, 4.459164492536168e-23, nan 
76.625, 57.375, 9.539436989193338e-23, nan 
76.875, 57.375, 9.513736447823842e-23, nan 
77.125, 57.375, 2.2619084851921574e-23, nan 
77.375, 57.375, 2.4029904043019097e-23, nan 
77.625, 57.375, 1.4082417394729838e-23, nan 
77.875, 57.375, 5.426241706496951e-23, nan 
78.125, 57.375, 6.907392561938837e-23, nan 
78.375, 57.375, 1.4260123850490943e-22, nan 
78.625, 57.375, 1.709054089997802e-22, nan 
78.875, 57.375, 2.454649393302212e-23, nan 
79.125, 57.375, 3.82641953003651e-23, nan 
79.375, 57.375, 7.972981472234984e-23, nan 
79.625, 57.375, 1.0115487112982424e-22, nan 
79.875, 57.375, 1.6426975260689554e-22, nan 
80.125, 57.375, 2.0147759241472875e-22, nan 
80.375, 57.375, 1.445759344620862e-22, nan 
80.625, 57.375, 1.0159760156413338e-22, nan 
80.875, 57.375, 7.536224166783638e-23, nan 
81.125, 57.375, 1.254408779088606e-22, nan 
81.375, 57.375, 1.2792383711034193e-22, nan 
81.625, 57.375, 2.5492173336605142e-22, nan 
81.875, 57.375, 2.778564077699033e-22, nan 
82.125, 57.375, 1.9738901355695027e-22, nan 
82.375, 57.375, 2.1320335074697743e-22, nan 
82.625, 57.375, 1.1155519626869768e-22, nan 
82.875, 57.375, 1.378207132112266e-22, nan 
83.125, 57.375, 1.1723632760712787e-22, nan 
83.375, 57.375, 1.1047620500627716e-22, nan 
83.625, 57.375, 1.3974189798130845e-22, nan 
83.875, 57.375, 1.428954712816409e-22, nan 
84.125, 57.375, 1.4722643067359501e-22, nan 
84.375, 57.375, 1.5009883437872956e-22, nan 
84.625, 57.375, 9.195303360600798e-23, nan 
84.875, 57.375, 2.0612871530340029e-22, nan 
85.125, 57.375, 2.158851606537399e-22, nan 
85.375, 57.375, 1.4235039399032752e-22, nan 
85.625, 57.375, 1.9750121147785985e-22, nan 
85.875, 57.375, 2.1124897158507368e-22, nan 
86.125, 57.375, 1.2927605512107727e-22, nan 
86.375, 57.375, 6.776887265643078e-23, nan 
86.625, 57.375, 2.9559125503483743e-22, nan 
86.875, 57.375, 5.169216226761675e-22, nan 
87.125, 57.375, 5.059973861432729e-22, nan 
87.375, 57.375, 1.5882006178984055e-22, nan 
87.625, 57.375, 3.0655397125312265e-22, nan 
87.875, 57.375, 4.6028243184769415e-22, nan 
88.125, 57.375, 4.653157602440094e-22, nan 
88.375, 57.375, 1.5528126774896247e-22, nan 
88.625, 57.375, 1.7992488364748835e-22, nan 
88.875, 57.375, 4.460510399601931e-22, nan 
89.125, 57.375, 4.861319370440393e-22, nan 
89.375, 57.375, 3.171072870344656e-22, nan 
89.625, 57.375, 2.1583989071845776e-22, nan 
89.875, 57.375, 2.572699454001629e-22, nan 
90.125, 57.375, 1.9933075314152688e-22, nan 
90.375, 57.375, 5.5445693830354735e-22, nan 
90.625, 57.375, 6.486262456312859e-22, nan 
90.875, 57.375, 5.544678421323328e-22, nan 
91.125, 57.375, 4.323131942591572e-22, nan 
91.375, 57.375, 2.930045433687004e-22, nan 
91.625, 57.375, 1.3443847377531769e-22, nan 
91.875, 57.375, 5.12123705498316e-22, nan 
92.125, 57.375, 5.644874258275286e-22, nan 
92.375, 57.375, 4.804325050507414e-22, nan 
92.625, 57.375, 6.195944684256061e-22, nan 
92.875, 57.375, 7.755225801218595e-22, nan 
93.125, 57.375, 8.514708123671564e-22, nan 
93.375, 57.375, 1.081639462437531e-21, nan 
93.625, 57.375, 9.970655226688484e-22, nan 
93.875, 57.375, 8.033042885426165e-22, nan 
94.125, 57.375, 5.694781237496604e-22, nan 
94.375, 57.375, 5.000215999679652e-22, nan 
94.625, 57.375, 4.696930831075974e-22, nan 
94.875, 57.375, 5.049942158482931e-22, nan 
95.125, 57.375, 4.039583897352533e-22, nan 
95.375, 57.375, 7.230468189110152e-22, nan 
95.625, 57.375, 9.646841972509918e-22, nan 
95.875, 57.375, 6.3299564222004145e-22, nan 
96.125, 57.375, 8.41486246357778e-22, nan 
96.375, 57.375, 9.139701992546021e-22, nan 
96.625, 57.375, 8.682066603816667e-22, nan 
96.875, 57.375, 8.12643503111851e-22, nan 
97.125, 57.375, 1.1260941412927955e-21, nan 
97.375, 57.375, 1.0209716540928339e-21, nan 
97.625, 57.375, 7.689911587295645e-22, nan 
97.875, 57.375, 4.78980525125167e-22, nan 
98.125, 57.375, 9.342789289662107e-22, nan 
98.375, 57.375, 1.0333766780205594e-21, nan 
98.625, 57.375, 1.2897262580064763e-21, nan 
98.875, 57.375, 2.0337427191851858e-21, nan 
99.125, 57.375, 2.304701907565139e-21, nan 
99.375, 57.375, 1.3083147352618361e-21, nan 
99.625, 57.375, 9.928905213927835e-22, nan 
99.875, 57.375, 6.0267161257254854e-21, nan 
100.125, 57.375, 6.437511026235719e-21, nan 
100.375, 57.375, 1.9176659099484935e-21, nan 
100.625, 57.375, 6.707203792575605e-22, nan 
100.875, 57.375, 4.30940830065693e-22, nan 
101.125, 57.375, 9.758637751621834e-22, nan 
101.375, 57.375, 1.3352010430700164e-21, nan 
101.625, 57.375, 1.1281338325392534e-21, nan 
101.875, 57.375, 9.416709842673506e-22, nan 
102.125, 57.375, 1.2612482190007592e-21, nan 
102.375, 57.375, 1.2132156747959322e-21, nan 
102.625, 57.375, 1.8350685018617055e-21, nan 
102.875, 57.375, 6.265132266713015e-21, nan 
103.125, 57.375, 6.0023322774322054e-21, nan 
103.375, 57.375, 1.5814503192181297e-21, nan 
103.625, 57.375, 2.0835237122822343e-21, nan 
103.875, 57.375, 2.1270463516465387e-21, nan 
104.125, 57.375, 2.2432941544280474e-21, nan 
104.375, 57.375, 1.999328752502799e-21, nan 
104.625, 57.375, 1.4724790367411342e-21, nan 
104.875, 57.375, 9.671699118617926e-22, nan 
105.125, 57.375, 1.1452699026269865e-21, nan 
105.375, 57.375, 1.2559281785293002e-21, nan 
105.625, 57.375, 1.1379506527334951e-21, nan 
105.875, 57.375, 7.805843776865067e-22, nan 
106.125, 57.375, 1.1573162447085811e-21, nan 
106.375, 57.375, 5.360852227428202e-22, nan 
106.625, 57.375, 7.148162621663187e-22, nan 
106.875, 57.375, 5.440004580587607e-22, nan 
107.125, 57.375, 6.620184527117874e-22, nan 
107.375, 57.375, 7.663096281772519e-22, nan 
107.625, 57.375, 7.2783600837389645e-22, nan 
107.875, 57.375, 4.940906933369974e-22, nan 
108.125, 57.375, 4.0336354710891705e-22, nan 
108.375, 57.375, 6.969631067553827e-22, nan 
108.625, 57.375, 6.094081451483428e-22, nan 
108.875, 57.375, 8.594663817901059e-22, nan 
109.125, 57.375, 7.888448456914747e-22, nan 
109.375, 57.375, 6.751232444382479e-22, nan 
109.625, 57.375, 5.037708059451939e-22, nan 
109.875, 57.375, 5.632158280591175e-22, nan 
110.125, 57.375, 6.841438972241445e-22, nan 
110.375, 57.375, 7.825835950845741e-22, nan 
110.625, 57.375, 8.5601696358934e-22, nan 
110.875, 57.375, 1.112700269055413e-21, nan 
111.125, 57.375, 9.429441373622948e-22, nan 
111.375, 57.375, 3.6409636061858225e-22, nan 
111.625, 57.375, 8.690429055217267e-22, nan 
111.875, 57.375, 8.544190417461804e-22, nan 
112.125, 57.375, 5.101104483129014e-22, nan 
112.375, 57.375, 5.16994474951758e-22, nan 
112.625, 57.375, 4.828979856238656e-22, nan 
112.875, 57.375, 3.6760216046226877e-22, nan 
113.125, 57.375, 6.022465029584633e-22, nan 
113.375, 57.375, 2.9121543232618105e-22, nan 
113.625, 57.375, 3.3309193711017314e-22, nan 
113.875, 57.375, 3.158774981421808e-22, nan 
114.125, 57.375, 3.2010679297270784e-22, nan 
114.375, 57.375, 2.489215459737246e-22, nan 
114.625, 57.375, 4.0468385874568637e-22, nan 
114.875, 57.375, 7.178243130317246e-22, nan 
115.125, 57.375, 8.750914825475298e-22, nan 
115.375, 57.375, 6.363403720974364e-22, nan 
115.625, 57.375, 2.329367486032035e-22, nan 
115.875, 57.375, 1.5704983652916925e-22, nan 
116.125, 57.375, 1.8216117002073452e-22, nan 
116.375, 57.375, 1.0921564543129006e-22, nan 
116.625, 57.375, 6.471665191964331e-23, nan 
116.875, 57.375, 1.0982023560588682e-22, nan 
117.125, 57.375, 1.2297529580093706e-22, nan 
117.375, 57.375, 1.447028713516091e-22, nan 
117.625, 57.375, 1.7213668017353724e-22, nan 
117.875, 57.375, 1.1833587173558195e-22, nan 
118.125, 57.375, 2.0003866632958167e-22, nan 
118.375, 57.375, 1.9414545825467125e-22, nan 
118.625, 57.375, 9.416785599314115e-23, nan 
118.875, 57.375, 5.550086873287598e-23, nan 
119.125, 57.375, 7.248962710032562e-23, nan 
119.375, 57.375, 1.0469904706643548e-22, nan 
119.625, 57.375, 7.666004682149353e-23, nan 
119.875, 57.375, 1.4212908547886395e-22, nan 
120.125, 57.375, 1.0740389511701822e-22, nan 
120.375, 57.375, 1.4925818528831643e-22, nan 
120.625, 57.375, 1.623600010395143e-22, nan 
120.875, 57.375, 1.0152085412795628e-22, nan 
121.125, 57.375, 7.458721290506178e-23, nan 
121.375, 57.375, 5.451351185467242e-23, nan 
121.625, 57.375, 2.170825971113553e-23, nan 
121.875, 57.375, 4.817735543671357e-23, nan 
122.125, 57.375, 4.756301515283165e-23, nan 
122.375, 57.375, 5.1389894627184505e-23, nan 
122.625, 57.375, 2.681583728791395e-23, nan 
122.875, 57.375, 2.1804565138146434e-23, nan 
123.125, 57.375, 1.9170911135654862e-23, nan 
123.375, 57.375, 3.527046588262278e-23, nan 
123.625, 57.375, 4.6346672206753914e-23, nan 
123.875, 57.375, 3.872737501874972e-23, nan 
124.125, 57.375, 1.4389346933680242e-23, nan 
124.375, 57.375, 1.6841798263051107e-23, nan 
124.625, 57.375, 6.637044578757033e-23, nan 
124.875, 57.375, 1.0054540163618733e-22, nan 
125.125, 57.375, 9.382172180646065e-23, nan 
125.375, 57.375, 5.487275817057839e-23, nan 
125.625, 57.375, 3.941051228596466e-23, nan 
125.875, 57.375, 2.5041561934554274e-23, nan 
126.125, 57.375, 2.7058664393938125e-23, nan 
126.375, 57.375, 2.3032107949132768e-23, nan 
126.625, 57.375, 2.4540334685192638e-23, nan 
126.875, 57.375, 2.0905466994704652e-23, nan 
127.125, 57.375, 1.70459716220446e-23, nan 
127.375, 57.375, 4.383493213725475e-23, nan 
127.625, 57.375, 3.6403077840933707e-23, nan 
127.875, 57.375, 2.653595127972679e-23, nan 
128.125, 57.375, 4.2350127183606314e-23, nan 
128.375, 57.375, 6.938217496755511e-23, nan 
128.625, 57.375, 6.542243454360937e-23, nan 
128.875, 57.375, 2.050025897446355e-23, nan 
129.125, 57.375, 3.703504042469466e-23, nan 
129.375, 57.375, 5.857256893403e-23, nan 
129.625, 57.375, 1.8307676727473937e-23, nan 
129.875, 57.375, 5.573970333402829e-23, nan 
130.125, 57.375, 6.037494638260155e-23, nan 
130.375, 57.375, 7.076538763074044e-23, nan 
130.625, 57.375, 6.559394668101699e-23, nan 
130.875, 57.375, 3.1225663213943616e-23, nan 
131.125, 57.375, 2.2734202465695068e-23, nan 
131.375, 57.375, 1.9236379817951827e-23, nan 
131.625, 57.375, 2.984095541969647e-23, nan 
131.875, 57.375, 2.0591626579252658e-23, nan 
132.125, 57.375, 2.393856455415632e-23, nan 
132.375, 57.375, 2.1482702437547143e-23, nan 
132.625, 57.375, 3.152016270001084e-23, nan 
132.875, 57.375, 3.928850476057063e-23, nan 
133.125, 57.375, 9.12661121785164e-23, nan 
133.375, 57.375, 1.0649553392179134e-22, nan 
133.625, 57.375, 6.635216735517265e-23, nan 
133.875, 57.375, 2.020501199305818e-23, nan 
134.125, 57.375, 1.807593461321834e-23, nan 
134.375, 57.375, 2.621026737816498e-23, nan 
134.625, 57.375, 2.717578512076395e-23, nan 
134.875, 57.375, 2.5493315077270142e-23, nan 
135.125, 57.375, 2.665630868356603e-23, nan 
135.375, 57.375, 1.55260010586874e-23, nan 
135.625, 57.375, 1.079055740528588e-23, nan 
135.875, 57.375, 1.1835519169892251e-23, nan 
136.125, 57.375, 4.8211340132473056e-24, nan 
136.375, 57.375, 5.055095711314769e-24, nan 
136.625, 57.375, 6.279451720314358e-24, nan 
136.875, 57.375, 1.5134909622166808e-23, nan 
137.125, 57.375, 1.3359745224916958e-23, nan 
137.375, 57.375, 7.452789086928195e-24, nan 
137.625, 57.375, 1.2543823589293191e-23, nan 
137.875, 57.375, 1.6294906359707767e-23, nan 
138.125, 57.375, 1.5682300823163155e-23, nan 
138.375, 57.375, 1.4375824424926566e-23, nan 
138.625, 57.375, 2.4531743496361997e-23, nan 
138.875, 57.375, 3.3179516583970845e-23, nan 
139.125, 57.375, 3.175944448493974e-23, nan 
139.375, 57.375, 2.3844245394175728e-23, nan 
139.625, 57.375, 1.3316153691240794e-23, nan 
139.875, 57.375, 8.644268315084662e-24, nan 
140.125, 57.375, 1.3034083069958913e-23, nan 
140.375, 57.375, 1.526431926200473e-23, nan 
140.625, 57.375, 1.470550206061455e-23, nan 
140.875, 57.375, 1.2394331352637803e-23, nan 
141.125, 57.375, 2.3217789873373245e-23, nan 
141.375, 57.375, 2.4020224179764645e-23, nan 
141.625, 57.375, 9.71340716584546e-24, nan 
141.875, 57.375, 1.013246611086168e-23, nan 
142.125, 57.375, 1.6300944537966917e-23, nan 
142.375, 57.375, 1.1612693231904624e-23, nan 
142.625, 57.375, 9.893402104313454e-24, nan 
142.875, 57.375, 1.3147748895807319e-23, nan 
143.125, 57.375, 1.1807843279926415e-23, nan 
143.375, 57.375, 1.4801766684342614e-23, nan 
143.625, 57.375, 1.018349423156555e-23, nan 
143.875, 57.375, 1.1636498864409333e-23, nan 
144.125, 57.375, 1.0473344250572398e-23, nan 
144.375, 57.375, 5.7237680911462895e-24, nan 
144.625, 57.375, 5.842605563341557e-24, nan 
144.875, 57.375, 7.27735031908091e-24, nan 
145.125, 57.375, 5.555668801488805e-24, nan 
145.375, 57.375, 7.1996488747631e-24, nan 
145.625, 57.375, 7.987130695260834e-24, nan 
145.875, 57.375, 2.0423520277257097e-24, nan 
146.125, 57.375, 2.1378367179798723e-24, nan 
146.375, 57.375, 1.470922836103915e-24, nan 
146.625, 57.375, 4.314137919935036e-24, nan 
146.875, 57.375, 4.723976447666419e-24, nan 
147.125, 57.375, 2.7446589866729774e-24, nan 
147.375, 57.375, 3.0373580381637926e-24, nan 
147.625, 57.375, 1.0640378377559502e-23, nan 
147.875, 57.375, 1.1333175353106907e-23, nan 
148.125, 57.375, 8.57638824723623e-24, nan 
148.375, 57.375, 5.9176211536192896e-24, nan 
148.625, 57.375, 3.3752688424942165e-24, nan 
148.875, 57.375, 3.253713755903477e-24, nan 
149.125, 57.375, 3.326580559594485e-24, nan 
149.375, 57.375, 2.6329477072216932e-24, nan 
149.625, 57.375, 4.2205052924282105e-24, nan 
149.875, 57.375, 4.775195658835307e-24, nan 
150.125, 57.375, 5.616273839766446e-24, nan 
150.375, 57.375, 4.7807341970873235e-24, nan 
150.625, 57.375, 3.1080985429163254e-24, nan 
150.875, 57.375, 6.0104752767022076e-24, nan 
151.125, 57.375, 7.711253056229045e-24, nan 
151.375, 57.375, 6.865318974863879e-24, nan 
151.625, 57.375, 5.526132088197959e-24, nan 
151.875, 57.375, 2.391992791480312e-24, nan 
152.125, 57.375, 2.461189299503491e-24, nan 
152.375, 57.375, 1.4124372847129931e-24, nan 
152.625, 57.375, 3.8012782362493225e-24, nan 
152.875, 57.375, 4.091536673629898e-24, nan 
153.125, 57.375, 1.699945867042953e-24, nan 
153.375, 57.375, 3.1673873339695876e-24, nan 
153.625, 57.375, 3.8813228321911266e-24, nan 
153.875, 57.375, 5.270053365119284e-24, nan 
154.125, 57.375, 6.150403583881588e-24, nan 
154.375, 57.375, 7.166312477775386e-24, nan 
154.625, 57.375, 4.623615522840248e-24, nan 
154.875, 57.375, 1.7094570485744132e-24, nan 
155.125, 57.375, 1.8794104241593106e-24, nan 
155.375, 57.375, 2.042696952019958e-24, nan 
155.625, 57.375, 2.9964496731382034e-24, nan 
155.875, 57.375, 2.615575959088096e-24, nan 
156.125, 57.375, 1.9607992384336335e-24, nan 
156.375, 57.375, 3.210868073485832e-24, nan 
156.625, 57.375, 3.122471839597166e-24, nan 
156.875, 57.375, 3.1879265204008036e-24, nan 
157.125, 57.375, 7.350442955824388e-24, nan 
157.375, 57.375, 6.429645904745221e-24, nan 
157.625, 57.375, 3.0928342574778382e-24, nan 
44.875, 57.625, 3.424257251948901e-24, nan 
45.125, 57.625, 3.1171616899532972e-24, nan 
45.375, 57.625, 2.5478735642124227e-24, nan 
45.625, 57.625, 2.169876740044497e-24, nan 
45.875, 57.625, 3.169632469454575e-24, nan 
46.125, 57.625, 4.41969112078758e-24, nan 
46.375, 57.625, 4.8321885522036255e-24, nan 
46.625, 57.625, 3.593227140725593e-24, nan 
46.875, 57.625, 3.317979398042416e-24, nan 
47.125, 57.625, 4.374492409738749e-24, nan 
47.375, 57.625, 1.716639787424739e-24, nan 
47.625, 57.625, 1.0280277804928479e-24, nan 
47.875, 57.625, 1.5155984493068586e-24, nan 
48.125, 57.625, 2.7006396942633428e-24, nan 
48.375, 57.625, 1.069526350980534e-23, nan 
48.625, 57.625, 1.5236891925821993e-23, nan 
48.875, 57.625, 8.896893919684644e-24, nan 
49.125, 57.625, 2.6446630088470654e-24, nan 
49.375, 57.625, 4.142363578952391e-24, nan 
49.625, 57.625, 4.608899323320174e-24, nan 
49.875, 57.625, 2.8161269506188395e-24, nan 
50.125, 57.625, 1.0361384813156856e-24, nan 
50.375, 57.625, 2.3813866525960044e-24, nan 
50.625, 57.625, 2.207559093197086e-24, nan 
50.875, 57.625, 2.763785359317419e-24, nan 
51.125, 57.625, 3.540662510711257e-24, nan 
51.375, 57.625, 2.3802647979637684e-24, nan 
51.625, 57.625, 1.1183709892677816e-24, nan 
51.875, 57.625, 4.944856958547759e-24, nan 
52.125, 57.625, 5.079370239915353e-24, nan 
52.375, 57.625, 1.3563628098548104e-24, nan 
52.625, 57.625, 2.4809992999014745e-24, nan 
52.875, 57.625, 2.1089991387410917e-24, nan 
53.125, 57.625, 1.667092289466331e-24, nan 
53.375, 57.625, 1.2081091898507786e-23, nan 
53.625, 57.625, 1.377051352276207e-23, nan 
53.875, 57.625, 9.37210548365965e-24, nan 
54.125, 57.625, 8.66871059382499e-24, nan 
54.375, 57.625, 5.151709642131525e-24, nan 
54.625, 57.625, 3.9992807716730905e-24, nan 
54.875, 57.625, 2.9558033577006548e-24, nan 
55.125, 57.625, 3.0916835948388633e-24, nan 
55.375, 57.625, 3.395968808571502e-24, nan 
55.625, 57.625, 4.214164588736349e-24, nan 
55.875, 57.625, 1.3222046553135033e-23, nan 
56.125, 57.625, 1.6275103243466376e-23, nan 
56.375, 57.625, 1.4953896645441302e-23, nan 
56.625, 57.625, 3.646771247940762e-23, nan 
56.875, 57.625, 3.82536376581527e-23, nan 
57.125, 57.625, 2.3852268698065666e-23, nan 
57.375, 57.625, 1.571079901177821e-23, nan 
57.625, 57.625, 4.997009546184281e-23, nan 
57.875, 57.625, 8.489430647043548e-23, nan 
58.125, 57.625, 4.07147945306921e-22, nan 
58.375, 57.625, 4.0051898577291817e-22, nan 
58.625, 57.625, 2.0067300449124534e-22, nan 
58.875, 57.625, 3.734839509880024e-22, nan 
59.125, 57.625, 4.0664728362158924e-22, nan 
59.375, 57.625, 4.3105899377915543e-23, nan 
59.625, 57.625, 4.3785370951746855e-23, nan 
59.875, 57.625, 2.421316158389802e-23, nan 
60.125, 57.625, 1.2781455563504416e-23, nan 
60.375, 57.625, 1.0895438952360557e-23, nan 
60.625, 57.625, 1.5517415894560528e-23, nan 
60.875, 57.625, 1.651793520252154e-23, nan 
61.125, 57.625, 6.60463798572271e-24, nan 
61.375, 57.625, 1.2298157465773333e-23, nan 
61.625, 57.625, 2.9112315175589384e-23, nan 
61.875, 57.625, 2.9952617925956404e-23, nan 
62.125, 57.625, 4.009320319246534e-23, nan 
62.375, 57.625, 2.8283403238318386e-23, nan 
62.625, 57.625, 1.7078775656318863e-23, nan 
62.875, 57.625, 1.0721963492902488e-23, nan 
63.125, 57.625, 2.535785621926437e-23, nan 
63.375, 57.625, 3.047532001778233e-23, nan 
63.625, 57.625, 1.2365124965847961e-23, nan 
63.875, 57.625, 9.782405228485584e-24, nan 
64.125, 57.625, 1.6529694059739264e-23, nan 
64.375, 57.625, 1.6238072606514286e-23, nan 
64.625, 57.625, 1.2136902110187126e-23, nan 
64.875, 57.625, 7.52875000487113e-24, nan 
65.125, 57.625, 9.78929031252726e-24, nan 
65.375, 57.625, 1.0522796506015542e-23, nan 
65.625, 57.625, 1.9628892342720152e-23, nan 
65.875, 57.625, 2.148545184576872e-23, nan 
66.125, 57.625, 1.0395449196457722e-23, nan 
66.375, 57.625, 1.4607149785639468e-23, nan 
66.625, 57.625, 2.8101204388489934e-23, nan 
66.875, 57.625, 2.992549763467621e-23, nan 
67.125, 57.625, 1.5312558140514376e-23, nan 
67.375, 57.625, 2.276536119479322e-23, nan 
67.625, 57.625, 2.9817290155837886e-23, nan 
67.875, 57.625, 2.4883647627830958e-23, nan 
68.125, 57.625, 3.354550584167309e-23, nan 
68.375, 57.625, 2.0260964459830867e-23, nan 
68.625, 57.625, 1.2101205140301075e-23, nan 
68.875, 57.625, 1.526933837356488e-23, nan 
69.125, 57.625, 2.109316518572815e-23, nan 
69.375, 57.625, 1.3860890636136034e-23, nan 
69.625, 57.625, 1.610078672547831e-23, nan 
69.875, 57.625, 1.5878005115792963e-23, nan 
70.125, 57.625, 1.6576105337825825e-23, nan 
70.375, 57.625, 9.19394561013014e-24, nan 
70.625, 57.625, 2.953657411499109e-23, nan 
70.875, 57.625, 3.352776333809989e-23, nan 
71.125, 57.625, 2.1581703244732927e-23, nan 
71.375, 57.625, 3.2443181910421946e-23, nan 
71.625, 57.625, 2.697270395970688e-23, nan 
71.875, 57.625, 2.6354640487463011e-23, nan 
72.125, 57.625, 1.922427244668735e-23, nan 
72.375, 57.625, 2.3761155451979504e-23, nan 
72.625, 57.625, 1.8472723494590697e-23, nan 
72.875, 57.625, 3.936382579682004e-23, nan 
73.125, 57.625, 3.354685352420491e-23, nan 
73.375, 57.625, 1.0503620455944902e-23, nan 
73.625, 57.625, 1.6524875033350012e-23, nan 
73.875, 57.625, 6.999029193062479e-23, nan 
74.125, 57.625, 8.205147652369298e-23, nan 
74.375, 57.625, 4.9195392946674664e-23, nan 
74.625, 57.625, 3.2124031828781135e-23, nan 
74.875, 57.625, 4.673157211460823e-23, nan 
75.125, 57.625, 7.982231009522022e-23, nan 
75.375, 57.625, 8.887477177168781e-23, nan 
75.625, 57.625, 2.758975464298294e-23, nan 
75.875, 57.625, 4.862498456228763e-23, nan 
76.125, 57.625, 4.684372014643908e-23, nan 
76.375, 57.625, 4.9334531346428926e-23, nan 
76.625, 57.625, 4.622140050914569e-23, nan 
76.875, 57.625, 4.390574061014642e-23, nan 
77.125, 57.625, 2.8012969097317353e-23, nan 
77.375, 57.625, 2.8401610516408195e-23, nan 
77.625, 57.625, 3.139953415609962e-23, nan 
77.875, 57.625, 1.83199612786483e-23, nan 
78.125, 57.625, 4.5032610404216335e-23, nan 
78.375, 57.625, 1.3108640550286344e-22, nan 
78.625, 57.625, 1.244659419747922e-22, nan 
78.875, 57.625, 4.6997880736940186e-23, nan 
79.125, 57.625, 8.272455955049026e-23, nan 
79.375, 57.625, 8.671733540146251e-23, nan 
79.625, 57.625, 6.221178321976014e-23, nan 
79.875, 57.625, 1.1294299392675044e-22, nan 
80.125, 57.625, 1.89949462669425e-22, nan 
80.375, 57.625, 1.9019751577251937e-22, nan 
80.625, 57.625, 2.907552530487655e-22, nan 
80.875, 57.625, 2.813424072908134e-22, nan 
81.125, 57.625, 8.581857917119769e-23, nan 
81.375, 57.625, 7.513066009952215e-23, nan 
81.625, 57.625, 1.876879826952973e-22, nan 
81.875, 57.625, 2.072171289296774e-22, nan 
82.125, 57.625, 1.2647115108243764e-22, nan 
82.375, 57.625, 1.483292658109605e-22, nan 
82.625, 57.625, 1.2541449544983831e-22, nan 
82.875, 57.625, 1.3090155275502103e-22, nan 
83.125, 57.625, 2.346281638024384e-22, nan 
83.375, 57.625, 2.419860697984126e-22, nan 
83.625, 57.625, 8.665575711306039e-23, nan 
83.875, 57.625, 9.71680866925858e-23, nan 
84.125, 57.625, 1.0158451415500679e-22, nan 
84.375, 57.625, 1.398570830940977e-22, nan 
84.625, 57.625, 2.428670557164192e-22, nan 
84.875, 57.625, 2.360426826936016e-22, nan 
85.125, 57.625, 7.896679420478892e-23, nan 
85.375, 57.625, 1.0376934701591085e-22, nan 
85.625, 57.625, 9.44169199007311e-23, nan 
85.875, 57.625, 1.1663366864316527e-22, nan 
86.125, 57.625, 7.397950340737948e-23, nan 
86.375, 57.625, 1.7339671936750771e-22, nan 
86.625, 57.625, 2.7478756376432783e-22, nan 
86.875, 57.625, 2.492323910439623e-22, nan 
87.125, 57.625, 6.6577752037549785e-22, nan 
87.375, 57.625, 7.337511686926329e-22, nan 
87.625, 57.625, 5.176344771936906e-22, nan 
87.875, 57.625, 4.938798661845126e-22, nan 
88.125, 57.625, 5.828469800769784e-22, nan 
88.375, 57.625, 5.101529954788368e-22, nan 
88.625, 57.625, 5.427770135262414e-22, nan 
88.875, 57.625, 4.895498186392337e-22, nan 
89.125, 57.625, 4.938467009391974e-22, nan 
89.375, 57.625, 2.7668284371349283e-22, nan 
89.625, 57.625, 3.566846161596229e-22, nan 
89.875, 57.625, 4.724413757258839e-22, nan 
90.125, 57.625, 6.30119507305236e-22, nan 
90.375, 57.625, 5.931809220527346e-22, nan 
90.625, 57.625, 3.9778470177183893e-22, nan 
90.875, 57.625, 3.6729929646356014e-22, nan 
91.125, 57.625, 3.476599575018001e-22, nan 
91.375, 57.625, 3.71734849336733e-22, nan 
91.625, 57.625, 3.905626762236816e-22, nan 
91.875, 57.625, 1.8957631163167933e-22, nan 
92.125, 57.625, 3.3566550858679793e-22, nan 
92.375, 57.625, 4.753660736562225e-22, nan 
92.625, 57.625, 7.006931571715192e-22, nan 
92.875, 57.625, 8.004071087895174e-22, nan 
93.125, 57.625, 7.773646436574111e-22, nan 
93.375, 57.625, 1.2044457267918555e-21, nan 
93.625, 57.625, 1.3821157111941973e-21, nan 
93.875, 57.625, 1.5904528243232327e-21, nan 
94.125, 57.625, 1.0971568228737905e-21, nan 
94.375, 57.625, 5.831825161775842e-22, nan 
94.625, 57.625, 5.111356955014259e-22, nan 
94.875, 57.625, 6.052490010320583e-22, nan 
95.125, 57.625, 6.043833018129095e-22, nan 
95.375, 57.625, 7.281825876416278e-22, nan 
95.625, 57.625, 7.878596650727601e-22, nan 
95.875, 57.625, 7.781063999751339e-22, nan 
96.125, 57.625, 6.325823184324847e-22, nan 
96.375, 57.625, 5.973160483579408e-22, nan 
96.625, 57.625, 7.218209455407535e-22, nan 
96.875, 57.625, 1.4068790635325891e-21, nan 
97.125, 57.625, 1.437832222603664e-21, nan 
97.375, 57.625, 1.0830729753453243e-21, nan 
97.625, 57.625, 1.1422054175184313e-21, nan 
97.875, 57.625, 1.4373126212788008e-21, nan 
98.125, 57.625, 1.3490482427080139e-21, nan 
98.375, 57.625, 1.3783147114436985e-21, nan 
98.625, 57.625, 1.8111151545896816e-21, nan 
98.875, 57.625, 2.1860777227367694e-21, nan 
99.125, 57.625, 1.816976091131727e-21, nan 
99.375, 57.625, 1.113310348870905e-21, nan 
99.625, 57.625, 6.6733700856972245e-21, nan 
99.875, 57.625, 7.470369468458445e-21, nan 
100.125, 57.625, 2.599434013066693e-21, nan 
100.375, 57.625, 1.713319089796854e-21, nan 
100.625, 57.625, 1.4713548271625207e-21, nan 
100.875, 57.625, 5.970569110349168e-22, nan 
101.125, 57.625, 7.475816897286347e-22, nan 
101.375, 57.625, 6.783801228028118e-22, nan 
101.625, 57.625, 7.733934146272415e-22, nan 
101.875, 57.625, 6.015573831850409e-22, nan 
102.125, 57.625, 9.651928954553386e-22, nan 
102.375, 57.625, 1.1253349662429958e-21, nan 
102.625, 57.625, 2.3906726617743926e-21, nan 
102.875, 57.625, 7.444497770361958e-21, nan 
103.125, 57.625, 6.124372027924618e-21, nan 
103.375, 57.625, 1.68088750744603e-21, nan 
103.625, 57.625, 2.487758352815781e-21, nan 
103.875, 57.625, 2.5525451869226285e-21, nan 
104.125, 57.625, 2.1727505214535823e-21, nan 
104.375, 57.625, 1.6801784046779577e-21, nan 
104.625, 57.625, 1.6196849507856815e-21, nan 
104.875, 57.625, 1.3835342967983442e-21, nan 
105.125, 57.625, 1.5098910092323374e-21, nan 
105.375, 57.625, 1.4386108101150234e-21, nan 
105.625, 57.625, 1.163398774080878e-21, nan 
105.875, 57.625, 1.0032031363005618e-21, nan 
106.125, 57.625, 8.99489210907588e-22, nan 
106.375, 57.625, 9.844662522350429e-22, nan 
106.625, 57.625, 8.834917666061403e-22, nan 
106.875, 57.625, 1.1114003991001374e-21, nan 
107.125, 57.625, 9.070141944530866e-22, nan 
107.375, 57.625, 7.161779650876297e-22, nan 
107.625, 57.625, 8.199454855832379e-22, nan 
107.875, 57.625, 7.563959174834735e-22, nan 
108.125, 57.625, 7.3039002066091775e-22, nan 
108.375, 57.625, 5.589338361428941e-22, nan 
108.625, 57.625, 4.502702693364561e-22, nan 
108.875, 57.625, 3.7877874192723686e-22, nan 
109.125, 57.625, 4.429905993817406e-22, nan 
109.375, 57.625, 4.264391379575011e-22, nan 
109.625, 57.625, 5.841823314520605e-22, nan 
109.875, 57.625, 7.121477469716686e-22, nan 
110.125, 57.625, 9.239559842858747e-22, nan 
110.375, 57.625, 9.452555103331812e-22, nan 
110.625, 57.625, 9.888877631106677e-22, nan 
110.875, 57.625, 7.684745556007507e-22, nan 
111.125, 57.625, 5.830320774184235e-22, nan 
111.375, 57.625, 6.580787769466507e-22, nan 
111.625, 57.625, 7.303425144211118e-22, nan 
111.875, 57.625, 6.02437500288637e-22, nan 
112.125, 57.625, 1.1634214458722057e-21, nan 
112.375, 57.625, 1.0773052281970342e-21, nan 
112.625, 57.625, 3.9040720380382736e-22, nan 
112.875, 57.625, 9.847854482440061e-22, nan 
113.125, 57.625, 1.4708462551947976e-21, nan 
113.375, 57.625, 9.603467308795132e-22, nan 
113.625, 57.625, 4.612087759092512e-22, nan 
113.875, 57.625, 6.322896883797721e-22, nan 
114.125, 57.625, 7.9455854961216445e-22, nan 
114.375, 57.625, 5.552185566368477e-22, nan 
114.625, 57.625, 3.9358267589838427e-22, nan 
114.875, 57.625, 4.735273538620845e-22, nan 
115.125, 57.625, 6.515580818053655e-22, nan 
115.375, 57.625, 7.493609138371201e-22, nan 
115.625, 57.625, 6.382900145082145e-22, nan 
115.875, 57.625, 2.1055385993618463e-22, nan 
116.125, 57.625, 1.9708380962523467e-22, nan 
116.375, 57.625, 1.4990396327802706e-22, nan 
116.625, 57.625, 1.2722100555552456e-22, nan 
116.875, 57.625, 1.6747189611924636e-22, nan 
117.125, 57.625, 1.8473702592506107e-22, nan 
117.375, 57.625, 9.975690135224988e-23, nan 
117.625, 57.625, 1.3341690252607075e-22, nan 
117.875, 57.625, 1.3205379523414083e-22, nan 
118.125, 57.625, 5.02784988539905e-23, nan 
118.375, 57.625, 1.1913762331238027e-22, nan 
118.625, 57.625, 1.0128161816621708e-22, nan 
118.875, 57.625, 1.671753501822469e-22, nan 
119.125, 57.625, 2.1073430356044724e-22, nan 
119.375, 57.625, 1.4907441432713738e-22, nan 
119.625, 57.625, 1.1864123495872003e-22, nan 
119.875, 57.625, 8.084317351072406e-23, nan 
120.125, 57.625, 9.355755808996394e-23, nan 
120.375, 57.625, 1.3378961022713122e-22, nan 
120.625, 57.625, 1.884593585940886e-22, nan 
120.875, 57.625, 1.8313200255158656e-22, nan 
121.125, 57.625, 7.896436747264918e-23, nan 
121.375, 57.625, 4.301867106560623e-23, nan 
121.625, 57.625, 6.979837117584491e-23, nan 
121.875, 57.625, 7.014067208721667e-23, nan 
122.125, 57.625, 3.5412677849990525e-23, nan 
122.375, 57.625, 2.146990677488193e-23, nan 
122.625, 57.625, 2.2942094093993064e-23, nan 
122.875, 57.625, 1.5489641679939766e-23, nan 
123.125, 57.625, 1.4705972128359754e-23, nan 
123.375, 57.625, 2.4394698805661912e-23, nan 
123.625, 57.625, 2.6353147240690868e-23, nan 
123.875, 57.625, 2.3012664474339397e-23, nan 
124.125, 57.625, 4.261547073617869e-23, nan 
124.375, 57.625, 8.320335772893375e-23, nan 
124.625, 57.625, 1.2551968067585455e-22, nan 
124.875, 57.625, 1.3920714753980219e-22, nan 
125.125, 57.625, 1.1687732739973335e-22, nan 
125.375, 57.625, 8.937929452843683e-23, nan 
125.625, 57.625, 3.9561896165077294e-23, nan 
125.875, 57.625, 4.407667701671542e-23, nan 
126.125, 57.625, 3.9330513294636195e-23, nan 
126.375, 57.625, 2.0128569194234894e-23, nan 
126.625, 57.625, 1.8996912257798363e-23, nan 
126.875, 57.625, 1.7145979210151696e-23, nan 
127.125, 57.625, 2.168475976095374e-23, nan 
127.375, 57.625, 3.293601949850435e-23, nan 
127.625, 57.625, 2.7055751953233813e-23, nan 
127.875, 57.625, 2.4616950853432878e-23, nan 
128.125, 57.625, 6.949160347776853e-23, nan 
128.375, 57.625, 9.297585123933519e-23, nan 
128.625, 57.625, 6.787010860180081e-23, nan 
128.875, 57.625, 6.094571311743216e-23, nan 
129.125, 57.625, 6.285706634934859e-23, nan 
129.375, 57.625, 3.6331015055505947e-23, nan 
129.625, 57.625, 2.4398596050527683e-23, nan 
129.875, 57.625, 2.3317400499524477e-23, nan 
130.125, 57.625, 2.370808070223526e-23, nan 
130.375, 57.625, 4.7234661107849255e-23, nan 
130.625, 57.625, 4.072199294653341e-23, nan 
130.875, 57.625, 1.596075231527566e-23, nan 
131.125, 57.625, 1.854282706181428e-23, nan 
131.375, 57.625, 1.845064395937883e-23, nan 
131.625, 57.625, 3.817960415974153e-23, nan 
131.875, 57.625, 3.871582533998893e-23, nan 
132.125, 57.625, 2.5820002888258248e-23, nan 
132.375, 57.625, 4.819740069513088e-23, nan 
132.625, 57.625, 4.475277915891539e-23, nan 
132.875, 57.625, 1.75502037206942e-23, nan 
133.125, 57.625, 1.6935820142939102e-23, nan 
133.375, 57.625, 5.859108246805165e-23, nan 
133.625, 57.625, 3.449780939846813e-23, nan 
133.875, 57.625, 2.3734602647491388e-23, nan 
134.125, 57.625, 1.1441623574331381e-23, nan 
134.375, 57.625, 3.4817767921724614e-23, nan 
134.625, 57.625, 3.284437186844437e-23, nan 
134.875, 57.625, 3.4610592989578037e-23, nan 
135.125, 57.625, 3.501497421436913e-23, nan 
135.375, 57.625, 2.6142565197521814e-23, nan 
135.625, 57.625, 2.353140846743874e-23, nan 
135.875, 57.625, 2.700595101084432e-23, nan 
136.125, 57.625, 1.8884445184312698e-23, nan 
136.375, 57.625, 6.879000523654029e-24, nan 
136.625, 57.625, 2.101693817981986e-23, nan 
136.875, 57.625, 1.82863487966165e-23, nan 
137.125, 57.625, 1.66919373610407e-23, nan 
137.375, 57.625, 1.5811763492712863e-23, nan 
137.625, 57.625, 3.237329282403331e-23, nan 
137.875, 57.625, 3.321844049467567e-23, nan 
138.125, 57.625, 1.6985512848998872e-23, nan 
138.375, 57.625, 2.652554498368319e-23, nan 
138.625, 57.625, 3.795748898750886e-23, nan 
138.875, 57.625, 3.5197125680325425e-23, nan 
139.125, 57.625, 3.8557825176631174e-23, nan 
139.375, 57.625, 3.539746887064861e-23, nan 
139.625, 57.625, 9.653134033221376e-24, nan 
139.875, 57.625, 1.2622284346122108e-23, nan 
140.125, 57.625, 1.8007940708200864e-23, nan 
140.375, 57.625, 1.8397305738084455e-23, nan 
140.625, 57.625, 1.807472127672339e-23, nan 
140.875, 57.625, 2.0532110105996075e-23, nan 
141.125, 57.625, 1.6095882379561337e-23, nan 
141.375, 57.625, 4.2188479322896596e-24, nan 
141.625, 57.625, 6.159822990179521e-24, nan 
141.875, 57.625, 8.03724612446015e-24, nan 
142.125, 57.625, 8.682777108161691e-24, nan 
142.375, 57.625, 2.9805957178007826e-24, nan 
142.625, 57.625, 1.0370748565987283e-23, nan 
142.875, 57.625, 1.766487016140949e-23, nan 
143.125, 57.625, 2.5335497080564358e-23, nan 
143.375, 57.625, 2.0632930639393616e-23, nan 
143.625, 57.625, 9.317746418318225e-24, nan 
143.875, 57.625, 1.0853802980808128e-23, nan 
144.125, 57.625, 6.324122820400005e-24, nan 
144.375, 57.625, 5.4982963776094656e-24, nan 
144.625, 57.625, 1.2517145605146723e-23, nan 
144.875, 57.625, 1.1712487790979474e-23, nan 
145.125, 57.625, 5.567253545003121e-24, nan 
145.375, 57.625, 7.850427565416714e-24, nan 
145.625, 57.625, 5.781375510933274e-24, nan 
145.875, 57.625, 3.816674575471073e-24, nan 
146.125, 57.625, 2.4120940599302876e-24, nan 
146.375, 57.625, 1.6328968848971106e-24, nan 
146.625, 57.625, 4.85338312629248e-24, nan 
146.875, 57.625, 5.6176867238016015e-24, nan 
147.125, 57.625, 3.864895829365891e-24, nan 
147.375, 57.625, 6.444727030902886e-24, nan 
147.625, 57.625, 7.283283304077899e-24, nan 
147.875, 57.625, 5.225959636590805e-24, nan 
148.125, 57.625, 3.780034293072084e-24, nan 
148.375, 57.625, 2.870848159526814e-24, nan 
148.625, 57.625, 3.1305779110019384e-24, nan 
148.875, 57.625, 3.0332832850618885e-24, nan 
149.125, 57.625, 3.0410724780237573e-24, nan 
149.375, 57.625, 3.271130477590694e-24, nan 
149.625, 57.625, 8.269590400503177e-24, nan 
149.875, 57.625, 6.813906903749919e-24, nan 
150.125, 57.625, 3.7780306793682125e-24, nan 
150.375, 57.625, 7.708258001921474e-24, nan 
150.625, 57.625, 6.571171364007631e-24, nan 
150.875, 57.625, 3.2803951019425783e-24, nan 
151.125, 57.625, 3.731676896305426e-24, nan 
151.375, 57.625, 2.2044859233433433e-24, nan 
151.625, 57.625, 3.556294071787095e-24, nan 
151.875, 57.625, 3.70688455239888e-24, nan 
152.125, 57.625, 2.7430120002432634e-24, nan 
152.375, 57.625, 3.255667673697381e-24, nan 
152.625, 57.625, 3.546352805064717e-24, nan 
152.875, 57.625, 4.7000693179364895e-24, nan 
153.125, 57.625, 4.435229386828304e-24, nan 
153.375, 57.625, 3.236952776296455e-24, nan 
153.625, 57.625, 5.672925989169965e-24, nan 
153.875, 57.625, 5.732823093040329e-24, nan 
154.125, 57.625, 2.8624655528483296e-24, nan 
154.375, 57.625, 5.0288886116027734e-24, nan 
154.625, 57.625, 6.088372551759889e-24, nan 
154.875, 57.625, 4.8103069740745375e-24, nan 
155.125, 57.625, 2.3079539504882467e-24, nan 
155.375, 57.625, 2.118560515687111e-24, nan 
155.625, 57.625, 1.5771449685028847e-24, nan 
155.875, 57.625, 1.5904235423909126e-24, nan 
156.125, 57.625, 3.4551997549426956e-24, nan 
156.375, 57.625, 3.5336400249441665e-24, nan 
156.625, 57.625, 3.072378702912146e-24, nan 
156.875, 57.625, 9.893513840003796e-24, nan 
157.125, 57.625, 9.9203980531144e-24, nan 
157.375, 57.625, 2.2748012577898902e-24, nan 
157.625, 57.625, 9.620410986023541e-24, nan 
157.875, 57.625, 1.2159037024890986e-23, nan 
44.375, 57.875, 4.5470899602136266e-24, nan 
44.625, 57.875, 3.98684133846429e-24, nan 
44.875, 57.875, 2.1611839157539344e-24, nan 
45.125, 57.875, 1.248876225414389e-24, nan 
45.375, 57.875, 7.412447878282052e-25, nan 
45.625, 57.875, 2.5528051735171785e-24, nan 
45.875, 57.875, 3.524623810942037e-24, nan 
46.125, 57.875, 2.4255349009254284e-24, nan 
46.375, 57.875, 4.5642775346643485e-24, nan 
46.625, 57.875, 2.4508834301078462e-24, nan 
46.875, 57.875, 2.2877321812800154e-24, nan 
47.125, 57.875, 5.2977911620338206e-24, nan 
47.375, 57.875, 5.451362559725454e-24, nan 
47.625, 57.875, 2.569818058473619e-24, nan 
47.875, 57.875, 2.115627437443954e-24, nan 
48.125, 57.875, 1.9695650955626244e-23, nan 
48.375, 57.875, 2.3453190050662438e-23, nan 
48.625, 57.875, 2.811931813832056e-23, nan 
48.875, 57.875, 2.4947318580434978e-23, nan 
49.125, 57.875, 4.551015271313005e-24, nan 
49.375, 57.875, 2.9604443532516318e-24, nan 
49.625, 57.875, 2.8516858812455923e-24, nan 
49.875, 57.875, 3.3938653115300394e-24, nan 
50.125, 57.875, 2.9496394377101897e-24, nan 
50.375, 57.875, 3.1255056571767592e-24, nan 
50.625, 57.875, 2.0050360423877355e-24, nan 
50.875, 57.875, 1.5092702997364922e-24, nan 
51.125, 57.875, 2.6440800575061924e-24, nan 
51.375, 57.875, 3.0496031808557074e-24, nan 
51.625, 57.875, 1.720734792484984e-24, nan 
51.875, 57.875, 2.8758018492815195e-24, nan 
52.125, 57.875, 2.919140831705649e-24, nan 
52.375, 57.875, 2.6363980638080945e-24, nan 
52.625, 57.875, 1.9480221886467232e-24, nan 
52.875, 57.875, 1.0623364871578416e-24, nan 
53.125, 57.875, 1.4677602604622816e-24, nan 
53.375, 57.875, 1.695341511985437e-23, nan 
53.625, 57.875, 1.8800115627751296e-23, nan 
53.875, 57.875, 7.43194107928125e-24, nan 
54.125, 57.875, 6.883004490147977e-24, nan 
54.375, 57.875, 4.7340067700043486e-24, nan 
54.625, 57.875, 5.547155805740977e-24, nan 
54.875, 57.875, 5.50945412261741e-24, nan 
55.125, 57.875, 3.750932469322484e-24, nan 
55.375, 57.875, 7.984087881776533e-24, nan 
55.625, 57.875, 2.4265633877920504e-23, nan 
55.875, 57.875, 2.819114392875154e-23, nan 
56.125, 57.875, 2.0930792516891446e-23, nan 
56.375, 57.875, 1.924559692352475e-23, nan 
56.625, 57.875, 1.74167891389366e-23, nan 
56.875, 57.875, 7.805631387920173e-24, nan 
57.125, 57.875, 1.829814322909448e-23, nan 
57.375, 57.875, 4.783676113916569e-23, nan 
57.625, 57.875, 1.4169698049506697e-22, nan 
57.875, 57.875, 6.253753384645315e-22, nan 
58.125, 57.875, 7.020378884903828e-22, nan 
58.375, 57.875, 1.7255546431045867e-22, nan 
58.625, 57.875, 1.4171997392734146e-22, nan 
58.875, 57.875, 1.4814935799325003e-22, nan 
59.125, 57.875, 5.722859354675291e-22, nan 
59.375, 57.875, 5.184213594078355e-22, nan 
59.625, 57.875, 8.913928793646571e-23, nan 
59.875, 57.875, 8.050967561542865e-23, nan 
60.125, 57.875, 1.253068720214736e-23, nan 
60.375, 57.875, 1.2422657977854274e-23, nan 
60.625, 57.875, 1.6032967891436206e-23, nan 
60.875, 57.875, 1.2826904885932477e-23, nan 
61.125, 57.875, 1.4572499854801017e-23, nan 
61.375, 57.875, 3.782445556040291e-23, nan 
61.625, 57.875, 4.354655841483126e-23, nan 
61.875, 57.875, 2.5662056017596303e-23, nan 
62.125, 57.875, 2.296820763205969e-22, nan 
62.375, 57.875, 1.0476141109198957e-22, nan 
62.625, 57.875, 2.6963843349602916e-23, nan 
62.875, 57.875, 3.1371196977665184e-23, nan 
63.125, 57.875, 1.4661022191610254e-23, nan 
63.375, 57.875, 3.380681770451064e-23, nan 
63.625, 57.875, 2.969311452710908e-23, nan 
63.875, 57.875, 1.7688057449270426e-23, nan 
64.125, 57.875, 1.89234388576622e-23, nan 
64.375, 57.875, 2.617646958480109e-24, nan 
64.625, 57.875, 5.445951108684158e-24, nan 
64.875, 57.875, 6.442271859784378e-24, nan 
65.125, 57.875, 1.01246733745123e-23, nan 
65.375, 57.875, 1.2076488611183288e-23, nan 
65.625, 57.875, 1.6256166656056843e-23, nan 
65.875, 57.875, 1.758989240264356e-23, nan 
66.125, 57.875, 9.486677596269391e-24, nan 
66.375, 57.875, 1.2725863947237731e-23, nan 
66.625, 57.875, 1.5786173607340098e-23, nan 
66.875, 57.875, 2.916723286206947e-23, nan 
67.125, 57.875, 3.091233487593631e-23, nan 
67.375, 57.875, 2.3659227309055003e-23, nan 
67.625, 57.875, 2.6378143387771928e-23, nan 
67.875, 57.875, 4.2624171366602015e-23, nan 
68.125, 57.875, 4.796460679638419e-23, nan 
68.375, 57.875, 3.243790650105344e-23, nan 
68.625, 57.875, 2.460256844888028e-23, nan 
68.875, 57.875, 2.705369614137927e-23, nan 
69.125, 57.875, 2.955511768281478e-23, nan 
69.375, 57.875, 2.145035354059619e-23, nan 
69.625, 57.875, 1.0952714289792437e-23, nan 
69.875, 57.875, 1.2865841440719616e-23, nan 
70.125, 57.875, 1.3268012351620919e-23, nan 
70.375, 57.875, 7.469272702627328e-24, nan 
70.625, 57.875, 3.364436006736533e-23, nan 
70.875, 57.875, 3.304954913894221e-23, nan 
71.125, 57.875, 8.466020322778937e-24, nan 
71.375, 57.875, 1.9750890319663974e-23, nan 
71.625, 57.875, 2.840952615189865e-23, nan 
71.875, 57.875, 3.7133190531828254e-23, nan 
72.125, 57.875, 2.504570649833056e-23, nan 
72.375, 57.875, 4.989078258873645e-23, nan 
72.625, 57.875, 8.477733935181646e-23, nan 
72.875, 57.875, 9.246285671033013e-23, nan 
73.125, 57.875, 5.123926849042552e-23, nan 
73.375, 57.875, 1.5550413766167918e-23, nan 
73.625, 57.875, 3.1911729352659523e-23, nan 
73.875, 57.875, 1.402003368775117e-23, nan 
74.125, 57.875, 5.1946359973637914e-23, nan 
74.375, 57.875, 9.091216400338475e-23, nan 
74.625, 57.875, 3.189832233062181e-22, nan 
74.875, 57.875, 1.1800036729325679e-22, nan 
75.125, 57.875, 9.0273860207778e-23, nan 
75.375, 57.875, 3.030763883143226e-23, nan 
75.625, 57.875, 1.1906560156509857e-22, nan 
75.875, 57.875, 1.3358159593102724e-22, nan 
76.125, 57.875, 6.567392239964318e-23, nan 
76.375, 57.875, 6.104973813423217e-23, nan 
76.625, 57.875, 4.7979647341961156e-23, nan 
76.875, 57.875, 3.1836198320604043e-23, nan 
77.125, 57.875, 4.5382359985322175e-23, nan 
77.375, 57.875, 6.48754726134643e-23, nan 
77.625, 57.875, 9.766954240362566e-23, nan 
77.875, 57.875, 1.0314332175709643e-22, nan 
78.125, 57.875, 1.8619451425346438e-22, nan 
78.375, 57.875, 1.7876328966827963e-22, nan 
78.625, 57.875, 8.16045058372923e-23, nan 
78.875, 57.875, 7.922559922779013e-23, nan 
79.125, 57.875, 1.4181039974023165e-22, nan 
79.375, 57.875, 1.4515084194183965e-22, nan 
79.625, 57.875, 7.443871646778994e-23, nan 
79.875, 57.875, 7.393038670153097e-23, nan 
80.125, 57.875, 7.449492490938636e-23, nan 
80.375, 57.875, 1.0030269118422936e-22, nan 
80.625, 57.875, 2.86044132454974e-22, nan 
80.875, 57.875, 3.4840169410700404e-22, nan 
81.125, 57.875, 2.198101693820262e-22, nan 
81.375, 57.875, 6.8156673110279e-23, nan 
81.625, 57.875, 1.442758885619204e-22, nan 
81.875, 57.875, 1.6518242197315775e-22, nan 
82.125, 57.875, 1.9817512742199948e-22, nan 
82.375, 57.875, 3.795977131548981e-22, nan 
82.625, 57.875, 3.8860567448780362e-22, nan 
82.875, 57.875, 1.8310562474839563e-22, nan 
83.125, 57.875, 1.3965299203975116e-22, nan 
83.375, 57.875, 1.3787445537855927e-22, nan 
83.625, 57.875, 9.912034255321133e-23, nan 
83.875, 57.875, 7.800091745682456e-23, nan 
84.125, 57.875, 1.027530742146335e-22, nan 
84.375, 57.875, 1.2745227102499043e-22, nan 
84.625, 57.875, 2.2247237523159244e-22, nan 
84.875, 57.875, 2.868101943291713e-22, nan 
85.125, 57.875, 2.9640687254651396e-22, nan 
85.375, 57.875, 2.369890120512946e-22, nan 
85.625, 57.875, 1.0889427454836557e-22, nan 
85.875, 57.875, 5.705249950188061e-23, nan 
86.125, 57.875, 1.5437365219336849e-22, nan 
86.375, 57.875, 4.895222514283643e-22, nan 
86.625, 57.875, 4.252308456633337e-22, nan 
86.875, 57.875, 1.3063217056236613e-22, nan 
87.125, 57.875, 3.7355962582685937e-22, nan 
87.375, 57.875, 8.839304287189264e-22, nan 
87.625, 57.875, 9.428518558076029e-22, nan 
87.875, 57.875, 5.449796099741161e-22, nan 
88.125, 57.875, 7.205621221289538e-22, nan 
88.375, 57.875, 8.205557723875047e-22, nan 
88.625, 57.875, 5.957641402197418e-22, nan 
88.875, 57.875, 4.470272108755184e-22, nan 
89.125, 57.875, 6.992055908673181e-22, nan 
89.375, 57.875, 1.1721642174106824e-21, nan 
89.625, 57.875, 7.946967588874947e-22, nan 
89.875, 57.875, 9.564837327805212e-22, nan 
90.125, 57.875, 8.427552478650557e-22, nan 
90.375, 57.875, 8.741715381385177e-22, nan 
90.625, 57.875, 7.386160974120902e-22, nan 
90.875, 57.875, 9.024915942343733e-22, nan 
91.125, 57.875, 5.355681240197424e-22, nan 
91.375, 57.875, 2.538301315271254e-22, nan 
91.625, 57.875, 4.722413925392669e-22, nan 
91.875, 57.875, 5.066005666799334e-22, nan 
92.125, 57.875, 2.9683944433531934e-22, nan 
92.375, 57.875, 2.4669495336872783e-22, nan 
92.625, 57.875, 5.246309148233572e-22, nan 
92.875, 57.875, 6.029571522528417e-22, nan 
93.125, 57.875, 1.0207971148743742e-21, nan 
93.375, 57.875, 1.4810664310096271e-21, nan 
93.625, 57.875, 1.0680639198845736e-21, nan 
93.875, 57.875, 2.6221800343468487e-21, nan 
94.125, 57.875, 2.9144573326316203e-21, nan 
94.375, 57.875, 2.2721069709760715e-21, nan 
94.625, 57.875, 1.4539008778780975e-21, nan 
94.875, 57.875, 8.881396530238258e-22, nan 
95.125, 57.875, 1.0053492590124209e-21, nan 
95.375, 57.875, 1.1616541108590122e-21, nan 
95.625, 57.875, 1.3507356871598661e-21, nan 
95.875, 57.875, 1.6152543031557549e-21, nan 
96.125, 57.875, 2.1540152074636878e-21, nan 
96.375, 57.875, 1.848474467109008e-21, nan 
96.625, 57.875, 2.959567447701329e-21, nan 
96.875, 57.875, 2.591281868327202e-21, nan 
97.125, 57.875, 1.3018596711825477e-21, nan 
97.375, 57.875, 1.6088621854269183e-21, nan 
97.625, 57.875, 1.5105006815189301e-21, nan 
97.875, 57.875, 1.6411657498891721e-21, nan 
98.125, 57.875, 1.7242718909951104e-21, nan 
98.375, 57.875, 2.1351929014868877e-21, nan 
98.625, 57.875, 2.762371197972863e-21, nan 
98.875, 57.875, 2.777677031357611e-21, nan 
99.125, 57.875, 2.9346874037790246e-21, nan 
99.375, 57.875, 6.231456655854561e-21, nan 
99.625, 57.875, 8.083941538183353e-21, nan 
99.875, 57.875, 5.784554052637337e-21, nan 
100.125, 57.875, 1.3535637768694817e-21, nan 
100.375, 57.875, 1.9121659590878332e-21, nan 
100.625, 57.875, 2.3469480526364235e-21, nan 
100.875, 57.875, 1.701240708990118e-21, nan 
101.125, 57.875, 4.381240944156473e-22, nan 
101.375, 57.875, 6.798275508004729e-22, nan 
101.625, 57.875, 9.088231386811307e-22, nan 
101.875, 57.875, 1.2623443067850071e-21, nan 
102.125, 57.875, 1.052087350811729e-21, nan 
102.375, 57.875, 1.2463913220853535e-21, nan 
102.625, 57.875, 9.943386425019959e-21, nan 
102.875, 57.875, 1.0745403894627356e-20, nan 
103.125, 57.875, 2.275211765454872e-21, nan 
103.375, 57.875, 3.1380460160470145e-21, nan 
103.625, 57.875, 3.2867930764417864e-21, nan 
103.875, 57.875, 2.4603124859911194e-21, nan 
104.125, 57.875, 1.893031183143952e-21, nan 
104.375, 57.875, 1.6006127373831542e-21, nan 
104.625, 57.875, 1.4041914622002536e-21, nan 
104.875, 57.875, 1.4278968542874963e-21, nan 
105.125, 57.875, 1.5561458468469235e-21, nan 
105.375, 57.875, 1.7382953413169182e-21, nan 
105.625, 57.875, 1.2282934281532274e-21, nan 
105.875, 57.875, 1.2244556777309782e-21, nan 
106.125, 57.875, 1.4757312687439792e-21, nan 
106.375, 57.875, 9.715241243890511e-22, nan 
106.625, 57.875, 1.1341765535411181e-21, nan 
106.875, 57.875, 1.9683843876332802e-21, nan 
107.125, 57.875, 1.6988932748348132e-21, nan 
107.375, 57.875, 9.405348583903823e-22, nan 
107.625, 57.875, 9.030475228230095e-22, nan 
107.875, 57.875, 6.446037663487809e-22, nan 
108.125, 57.875, 7.430935458475962e-22, nan 
108.375, 57.875, 6.692256713230101e-22, nan 
108.625, 57.875, 5.324477237940036e-22, nan 
108.875, 57.875, 9.678713401371526e-22, nan 
109.125, 57.875, 5.862829226435694e-22, nan 
109.375, 57.875, 6.941512827456197e-22, nan 
109.625, 57.875, 8.210774154822741e-22, nan 
109.875, 57.875, 9.410872885417854e-22, nan 
110.125, 57.875, 7.895989465242717e-22, nan 
110.375, 57.875, 6.380155940640331e-22, nan 
110.625, 57.875, 8.000570841287856e-22, nan 
110.875, 57.875, 6.775817830220315e-22, nan 
111.125, 57.875, 7.412907964409454e-22, nan 
111.375, 57.875, 6.667453616353547e-22, nan 
111.625, 57.875, 8.548764358366677e-22, nan 
111.875, 57.875, 8.67978109291719e-22, nan 
112.125, 57.875, 1.678139861056262e-21, nan 
112.375, 57.875, 1.716198107854096e-21, nan 
112.625, 57.875, 7.495570845924214e-22, nan 
112.875, 57.875, 3.4203202111165536e-22, nan 
113.125, 57.875, 4.159431170875518e-22, nan 
113.375, 57.875, 2.8396956466702678e-22, nan 
113.625, 57.875, 8.189841274403753e-22, nan 
113.875, 57.875, 1.2078194014934952e-21, nan 
114.125, 57.875, 1.4077345521777997e-21, nan 
114.375, 57.875, 9.437925300075571e-22, nan 
114.625, 57.875, 1.2296233735609732e-22, nan 
114.875, 57.875, 9.758418880215331e-23, nan 
115.125, 57.875, 3.08601412180478e-22, nan 
115.375, 57.875, 3.6277265845287958e-22, nan 
115.625, 57.875, 2.940022469228276e-22, nan 
115.875, 57.875, 1.8801560651185992e-22, nan 
116.125, 57.875, 2.5758070898878855e-22, nan 
116.375, 57.875, 2.327804655741113e-22, nan 
116.625, 57.875, 3.5364363423053493e-22, nan 
116.875, 57.875, 2.792891446632546e-22, nan 
117.125, 57.875, 2.2808149617803746e-22, nan 
117.375, 57.875, 1.9373339709803285e-22, nan 
117.625, 57.875, 1.9673100511793478e-22, nan 
117.875, 57.875, 1.3121729025213772e-22, nan 
118.125, 57.875, 6.274364670045811e-23, nan 
118.375, 57.875, 8.395518200907467e-23, nan 
118.625, 57.875, 8.0569523938562e-23, nan 
118.875, 57.875, 3.7337923614502315e-22, nan 
119.125, 57.875, 3.96392433843195e-22, nan 
119.375, 57.875, 1.8940945662443253e-22, nan 
119.625, 57.875, 3.13678729872909e-22, nan 
119.875, 57.875, 2.830600707509136e-22, nan 
120.125, 57.875, 1.1229052447688572e-22, nan 
120.375, 57.875, 1.3544412386029247e-22, nan 
120.625, 57.875, 1.1424317833499006e-22, nan 
120.875, 57.875, 1.9942489798084669e-22, nan 
121.125, 57.875, 1.4789112425272028e-22, nan 
121.375, 57.875, 6.166721950612397e-23, nan 
121.625, 57.875, 5.946406703897991e-23, nan 
121.875, 57.875, 3.6190826417861277e-23, nan 
122.125, 57.875, 2.2851392014081168e-23, nan 
122.375, 57.875, 1.6520139617396853e-23, nan 
122.625, 57.875, 1.210640793202819e-23, nan 
122.875, 57.875, 1.8375895275302292e-23, nan 
123.125, 57.875, 2.765808540150021e-23, nan 
123.375, 57.875, 2.0774307343348413e-23, nan 
123.625, 57.875, 2.5719539772004164e-23, nan 
123.875, 57.875, 1.0100586884368086e-22, nan 
124.125, 57.875, 2.449173682876954e-22, nan 
124.375, 57.875, 2.777395244066885e-22, nan 
124.625, 57.875, 1.8115135234950024e-22, nan 
124.875, 57.875, 1.3282039509079437e-22, nan 
125.125, 57.875, 1.1793866347188945e-22, nan 
125.375, 57.875, 1.3635747961282992e-22, nan 
125.625, 57.875, 1.4944786258551216e-22, nan 
125.875, 57.875, 1.0735105177398615e-22, nan 
126.125, 57.875, 3.626888960951038e-23, nan 
126.375, 57.875, 3.146294168284733e-23, nan 
126.625, 57.875, 1.6655637282771088e-23, nan 
126.875, 57.875, 1.0065866734293586e-23, nan 
127.125, 57.875, 2.412682767853452e-23, nan 
127.375, 57.875, 5.1067316639742554e-23, nan 
127.625, 57.875, 4.8418659849617725e-23, nan 
127.875, 57.875, 3.4917061487753806e-23, nan 
128.125, 57.875, 8.461190406512995e-23, nan 
128.375, 57.875, 1.0110301075074002e-22, nan 
128.625, 57.875, 9.733393675563047e-23, nan 
128.875, 57.875, 9.612787829097375e-23, nan 
129.125, 57.875, 4.4812841013862073e-23, nan 
129.375, 57.875, 2.871261811733137e-23, nan 
129.625, 57.875, 2.626849699790063e-23, nan 
129.875, 57.875, 3.769474519811678e-23, nan 
130.125, 57.875, 3.104470014934021e-23, nan 
130.375, 57.875, 3.6909125524129683e-23, nan 
130.625, 57.875, 3.1780702296083415e-23, nan 
130.875, 57.875, 1.4013240651049786e-23, nan 
131.125, 57.875, 1.5696549114338303e-23, nan 
131.375, 57.875, 2.835309438643348e-23, nan 
131.625, 57.875, 3.1378523926153365e-23, nan 
131.875, 57.875, 1.9262591286274643e-23, nan 
132.125, 57.875, 2.633198124494629e-23, nan 
132.375, 57.875, 3.1169634263824247e-23, nan 
132.625, 57.875, 1.0421556710307301e-23, nan 
132.875, 57.875, 6.595339696893075e-24, nan 
133.125, 57.875, 4.569581144036313e-24, nan 
133.375, 57.875, 4.931154896526241e-24, nan 
133.625, 57.875, 2.327491988851387e-23, nan 
133.875, 57.875, 2.4111881641622404e-23, nan 
134.125, 57.875, 2.3956627532723883e-23, nan 
134.375, 57.875, 2.3973818917251407e-23, nan 
134.625, 57.875, 8.674716679002215e-24, nan 
134.875, 57.875, 2.7940245048351526e-23, nan 
135.125, 57.875, 3.441315155910646e-23, nan 
135.375, 57.875, 2.3293443031185185e-23, nan 
135.625, 57.875, 2.1308172975003594e-23, nan 
135.875, 57.875, 2.0189620419439078e-23, nan 
136.125, 57.875, 1.4142533518825886e-23, nan 
136.375, 57.875, 2.872296262002759e-23, nan 
136.625, 57.875, 3.389544705476778e-23, nan 
136.875, 57.875, 1.5321856829597716e-23, nan 
137.125, 57.875, 1.9458195015624147e-23, nan 
137.375, 57.875, 1.9439568387587604e-23, nan 
137.625, 57.875, 9.331788369507724e-24, nan 
137.875, 57.875, 1.1779729848730581e-23, nan 
138.125, 57.875, 1.8613525655627816e-23, nan 
138.375, 57.875, 2.325712511639207e-23, nan 
138.625, 57.875, 1.3367187194284914e-23, nan 
138.875, 57.875, 8.75047045880157e-24, nan 
139.125, 57.875, 2.0609760715116835e-23, nan 
139.375, 57.875, 1.7354809737084505e-23, nan 
139.625, 57.875, 1.3768930225188018e-23, nan 
139.875, 57.875, 1.1914008756614598e-23, nan 
140.125, 57.875, 9.240692567173831e-24, nan 
140.375, 57.875, 6.717279499044457e-24, nan 
140.625, 57.875, 2.577699654580291e-23, nan 
140.875, 57.875, 2.7056029892713745e-23, nan 
141.125, 57.875, 1.4411210363655133e-23, nan 
141.375, 57.875, 8.497647895644691e-24, nan 
141.625, 57.875, 7.293301498844821e-24, nan 
141.875, 57.875, 8.11665607731339e-24, nan 
142.125, 57.875, 4.748547653736363e-24, nan 
142.375, 57.875, 2.0218083546363855e-23, nan 
142.625, 57.875, 2.838160949823883e-23, nan 
142.875, 57.875, 1.952245821271939e-23, nan 
143.125, 57.875, 1.8778069340680148e-23, nan 
143.375, 57.875, 1.6760815879111852e-23, nan 
143.625, 57.875, 8.45662315182973e-24, nan 
143.875, 57.875, 5.745899313857357e-24, nan 
144.125, 57.875, 9.922688425996142e-24, nan 
144.375, 57.875, 1.119703773083449e-23, nan 
144.625, 57.875, 8.729125490609024e-24, nan 
144.875, 57.875, 7.871151515648145e-24, nan 
145.125, 57.875, 9.857863147066728e-24, nan 
145.375, 57.875, 7.62931433951889e-24, nan 
145.625, 57.875, 3.2372714176916847e-24, nan 
145.875, 57.875, 2.812307216932712e-24, nan 
146.125, 57.875, 5.917585637038702e-24, nan 
146.375, 57.875, 4.751117262857737e-24, nan 
146.625, 57.875, 6.662785465426876e-24, nan 
146.875, 57.875, 9.20099085749253e-24, nan 
147.125, 57.875, 4.9777569893068956e-24, nan 
147.375, 57.875, 7.232508504875315e-24, nan 
147.625, 57.875, 7.653326958715257e-24, nan 
147.875, 57.875, 5.0212049341812455e-24, nan 
148.125, 57.875, 5.0759729174260445e-24, nan 
148.375, 57.875, 5.299595986252317e-24, nan 
148.625, 57.875, 4.112034025747545e-24, nan 
148.875, 57.875, 2.7057786162378156e-24, nan 
149.125, 57.875, 2.7551893363110995e-24, nan 
149.375, 57.875, 2.462996983608529e-24, nan 
149.625, 57.875, 3.71135020950123e-24, nan 
149.875, 57.875, 2.078046621329532e-24, nan 
150.125, 57.875, 2.388076253441509e-24, nan 
150.375, 57.875, 8.014083543472324e-24, nan 
150.625, 57.875, 7.677692516163518e-24, nan 
150.875, 57.875, 2.125081318143018e-24, nan 
151.125, 57.875, 2.332483071384422e-24, nan 
151.375, 57.875, 1.0036469558512659e-24, nan 
151.625, 57.875, 3.71635394945637e-24, nan 
151.875, 57.875, 4.375871901991342e-24, nan 
152.125, 57.875, 4.918397108824269e-24, nan 
152.375, 57.875, 4.638881311155775e-24, nan 
152.625, 57.875, 4.7325402795125464e-24, nan 
152.875, 57.875, 4.592474525684212e-24, nan 
153.125, 57.875, 2.5912592309087762e-24, nan 
153.375, 57.875, 4.691327391519213e-24, nan 
153.625, 57.875, 5.483731247727825e-24, nan 
153.875, 57.875, 2.620076756532015e-24, nan 
154.125, 57.875, 4.782397750725155e-24, nan 
154.375, 57.875, 4.2748072511262774e-24, nan 
154.625, 57.875, 8.137931785278683e-24, nan 
154.875, 57.875, 8.496673993030065e-24, nan 
155.125, 57.875, 2.5166110717218867e-24, nan 
155.375, 57.875, 1.3066430446844386e-24, nan 
155.625, 57.875, 2.405467181958918e-24, nan 
155.875, 57.875, 1.763235430942996e-24, nan 
156.125, 57.875, 2.375544289970866e-24, nan 
156.375, 57.875, 3.625147165918973e-24, nan 
156.625, 57.875, 1.0444702603818335e-23, nan 
156.875, 57.875, 1.2553361600219802e-23, nan 
157.125, 57.875, 1.1483064455441133e-23, nan 
157.375, 57.875, 1.2221351411477668e-23, nan 
157.625, 57.875, 1.1899219552409337e-23, nan 
157.875, 57.875, 6.4888984721493034e-24, nan 
158.125, 57.875, 2.112143774395932e-24, nan 
158.375, 57.875, 1.3559153607173473e-24, nan 
44.125, 58.125, 4.818130663370442e-24, nan 
44.375, 58.125, 3.854524804856347e-24, nan 
44.625, 58.125, 2.6878851151927223e-24, nan 
44.875, 58.125, 2.1556046971550385e-24, nan 
45.125, 58.125, 2.435962643474048e-24, nan 
45.375, 58.125, 2.5903933658010025e-24, nan 
45.625, 58.125, 2.4520357398449303e-24, nan 
45.875, 58.125, 2.8687491779325877e-24, nan 
46.125, 58.125, 3.894486804433658e-24, nan 
46.375, 58.125, 9.437474280762913e-24, nan 
46.625, 58.125, 9.849857001880325e-24, nan 
46.875, 58.125, 5.8492712197490426e-24, nan 
47.125, 58.125, 3.5935221997020364e-24, nan 
47.375, 58.125, 4.133989318908369e-24, nan 
47.625, 58.125, 6.199323587426799e-24, nan 
47.875, 58.125, 5.889044974084394e-24, nan 
48.125, 58.125, 6.969888442699238e-24, nan 
48.375, 58.125, 9.646485789801395e-24, nan 
48.625, 58.125, 1.2260746881127105e-23, nan 
48.875, 58.125, 9.359123957186923e-24, nan 
49.125, 58.125, 4.431139283570219e-24, nan 
49.375, 58.125, 3.172888378980494e-24, nan 
49.625, 58.125, 4.149356920411955e-24, nan 
49.875, 58.125, 4.3924498458473374e-24, nan 
50.125, 58.125, 1.2620240293387813e-24, nan 
50.375, 58.125, 1.8035094842528433e-24, nan 
50.625, 58.125, 2.7843517661745176e-24, nan 
50.875, 58.125, 3.0519588212823905e-24, nan 
51.125, 58.125, 1.6579509098372052e-24, nan 
51.375, 58.125, 3.4979200940325764e-24, nan 
51.625, 58.125, 4.250025526643655e-24, nan 
51.875, 58.125, 4.0551843144006566e-24, nan 
52.125, 58.125, 2.0724296071744575e-24, nan 
52.375, 58.125, 1.8207695394727527e-24, nan 
52.625, 58.125, 1.4618817165796132e-24, nan 
52.875, 58.125, 2.3977187749628725e-24, nan 
53.125, 58.125, 2.66927774925218e-24, nan 
53.375, 58.125, 3.934241370623762e-24, nan 
53.625, 58.125, 7.893416518040321e-24, nan 
53.875, 58.125, 4.94216183300996e-24, nan 
54.125, 58.125, 5.1586065210279184e-24, nan 
54.375, 58.125, 3.8669077148349334e-24, nan 
54.625, 58.125, 6.79657634502335e-24, nan 
54.875, 58.125, 6.162906518128207e-24, nan 
55.125, 58.125, 5.0287420051822075e-24, nan 
55.375, 58.125, 9.1636827983225e-24, nan 
55.625, 58.125, 1.4019437001480365e-23, nan 
55.875, 58.125, 1.4670730599487973e-23, nan 
56.125, 58.125, 1.1176454217526582e-23, nan 
56.375, 58.125, 1.1528068715119646e-23, nan 
56.625, 58.125, 2.723198234199353e-23, nan 
56.875, 58.125, 2.0739809475700997e-23, nan 
57.125, 58.125, 7.790454735670022e-24, nan 
57.375, 58.125, 2.989364671677958e-23, nan 
57.625, 58.125, 7.837292264076315e-23, nan 
57.875, 58.125, 1.9540777467338205e-22, nan 
58.125, 58.125, 4.803242143562735e-22, nan 
58.375, 58.125, 5.1162763284685275e-22, nan 
58.625, 58.125, 3.080792140211e-22, nan 
58.875, 58.125, 3.283503973100324e-22, nan 
59.125, 58.125, 6.610353906226184e-22, nan 
59.375, 58.125, 6.209157761500316e-22, nan 
59.625, 58.125, 1.4636311531962185e-22, nan 
59.875, 58.125, 7.884223187968076e-23, nan 
60.125, 58.125, 1.2223911140786852e-23, nan 
60.375, 58.125, 2.898959040194716e-23, nan 
60.625, 58.125, 2.4172025326542634e-23, nan 
60.875, 58.125, 2.3152580622673812e-23, nan 
61.125, 58.125, 3.500354014018186e-23, nan 
61.375, 58.125, 5.661903997670095e-23, nan 
61.625, 58.125, 5.1756034510531325e-23, nan 
61.875, 58.125, 4.168962274387541e-22, nan 
62.125, 58.125, 5.836840956185261e-22, nan 
62.375, 58.125, 3.008888002404814e-22, nan 
62.625, 58.125, 1.6604397313267664e-22, nan 
62.875, 58.125, 7.811567070109014e-23, nan 
63.125, 58.125, 3.8135437417205195e-23, nan 
63.375, 58.125, 2.733095499781575e-23, nan 
63.625, 58.125, 2.867318345119258e-23, nan 
63.875, 58.125, 1.4628565818942502e-23, nan 
64.125, 58.125, 1.1411853115075518e-23, nan 
64.375, 58.125, 2.948088781482028e-24, nan 
64.625, 58.125, 5.091631840767429e-24, nan 
64.875, 58.125, 1.0974629872245968e-23, nan 
65.125, 58.125, 1.1894288015023587e-23, nan 
65.375, 58.125, 6.919952519307764e-24, nan 
65.625, 58.125, 6.728959641628664e-24, nan 
65.875, 58.125, 1.2284403940764798e-23, nan 
66.125, 58.125, 1.9778503568798732e-23, nan 
66.375, 58.125, 2.876253769650823e-23, nan 
66.625, 58.125, 3.5471556132548907e-23, nan 
66.875, 58.125, 4.125429814288732e-23, nan 
67.125, 58.125, 4.751062972132669e-23, nan 
67.375, 58.125, 2.531093750177703e-23, nan 
67.625, 58.125, 4.0039012476699205e-23, nan 
67.875, 58.125, 4.8677061593652595e-23, nan 
68.125, 58.125, 3.7738008360865995e-23, nan 
68.375, 58.125, 4.2153887392825016e-23, nan 
68.625, 58.125, 2.529724477227226e-23, nan 
68.875, 58.125, 2.5362837948805893e-23, nan 
69.125, 58.125, 3.195729531461754e-23, nan 
69.375, 58.125, 2.7245841649355766e-23, nan 
69.625, 58.125, 2.1957223899276934e-23, nan 
69.875, 58.125, 3.183936608064083e-23, nan 
70.125, 58.125, 2.096180072928043e-23, nan 
70.375, 58.125, 3.4765490208027944e-23, nan 
70.625, 58.125, 6.312943801695518e-23, nan 
70.875, 58.125, 4.8976920737475176e-23, nan 
71.125, 58.125, 3.957723780738567e-23, nan 
71.375, 58.125, 3.9358369498551446e-23, nan 
71.625, 58.125, 2.1872439176231473e-23, nan 
71.875, 58.125, 2.9965703108154236e-23, nan 
72.125, 58.125, 7.673902334979677e-23, nan 
72.375, 58.125, 1.1574130015575785e-22, nan 
72.625, 58.125, 1.2963276615917948e-22, nan 
72.875, 58.125, 1.4495448568851845e-22, nan 
73.125, 58.125, 1.6569225740852744e-22, nan 
73.375, 58.125, 1.2674049633709032e-22, nan 
73.625, 58.125, 8.297376243361226e-23, nan 
73.875, 58.125, 5.520576787983642e-23, nan 
74.125, 58.125, 7.420191653311831e-23, nan 
74.375, 58.125, 7.883182638303481e-22, nan 
74.625, 58.125, 1.0778053687611242e-21, nan 
74.875, 58.125, 5.756388770662024e-22, nan 
75.125, 58.125, 5.324487512307386e-23, nan 
75.375, 58.125, 6.301415701742881e-23, nan 
75.625, 58.125, 9.232989105190562e-23, nan 
75.875, 58.125, 9.287547290834972e-23, nan 
76.125, 58.125, 5.278645267376547e-23, nan 
76.375, 58.125, 7.437963802001352e-23, nan 
76.625, 58.125, 8.291550674773954e-23, nan 
76.875, 58.125, 4.400150247058829e-23, nan 
77.125, 58.125, 3.604205081562855e-23, nan 
77.375, 58.125, 6.946553273427943e-23, nan 
77.625, 58.125, 9.516350436745092e-23, nan 
77.875, 58.125, 1.5357955477379593e-22, nan 
78.125, 58.125, 1.7491213609742957e-22, nan 
78.375, 58.125, 8.327852872556445e-23, nan 
78.625, 58.125, 6.565141994646856e-23, nan 
78.875, 58.125, 3.074875041842744e-23, nan 
79.125, 58.125, 1.268876073327403e-22, nan 
79.375, 58.125, 1.3668825169627947e-22, nan 
79.625, 58.125, 4.830463162221653e-23, nan 
79.875, 58.125, 3.6666357751520156e-23, nan 
80.125, 58.125, 2.3643016203874887e-22, nan 
80.375, 58.125, 3.115272496831337e-22, nan 
80.625, 58.125, 3.7412512341218286e-22, nan 
80.875, 58.125, 4.249848474802938e-22, nan 
81.125, 58.125, 3.859776491462094e-22, nan 
81.375, 58.125, 2.612826910218047e-22, nan 
81.625, 58.125, 1.67279122508318e-22, nan 
81.875, 58.125, 1.8388795177891937e-22, nan 
82.125, 58.125, 1.9208456450232417e-22, nan 
82.375, 58.125, 1.3473088708258936e-22, nan 
82.625, 58.125, 3.9071450392570114e-22, nan 
82.875, 58.125, 4.6198017832170295e-22, nan 
83.125, 58.125, 2.756331293680505e-22, nan 
83.375, 58.125, 2.199944141441757e-22, nan 
83.625, 58.125, 1.6989487409677704e-22, nan 
83.875, 58.125, 1.0428963931051808e-22, nan 
84.125, 58.125, 1.347893671615301e-22, nan 
84.375, 58.125, 1.9004580855995927e-22, nan 
84.625, 58.125, 2.4292923282106966e-22, nan 
84.875, 58.125, 1.9246081556478022e-22, nan 
85.125, 58.125, 2.8331293670806324e-22, nan 
85.375, 58.125, 3.0483031230583436e-22, nan 
85.625, 58.125, 2.203492229847776e-22, nan 
85.875, 58.125, 4.445233647147435e-22, nan 
86.125, 58.125, 8.031794398475705e-22, nan 
86.375, 58.125, 1.0039478856831428e-21, nan 
86.625, 58.125, 1.019797893986524e-21, nan 
86.875, 58.125, 7.778143732464244e-22, nan 
87.125, 58.125, 2.225145980275705e-22, nan 
87.375, 58.125, 3.6190721840067994e-22, nan 
87.625, 58.125, 1.2217794747532735e-21, nan 
87.875, 58.125, 1.3845311174595669e-21, nan 
88.125, 58.125, 5.8133195641813e-22, nan 
88.375, 58.125, 5.042170837607232e-22, nan 
88.625, 58.125, 4.1545873450242322e-22, nan 
88.875, 58.125, 6.353643201830326e-22, nan 
89.125, 58.125, 1.2303231713219287e-21, nan 
89.375, 58.125, 1.6581581255555725e-21, nan 
89.625, 58.125, 1.074599308046606e-21, nan 
89.875, 58.125, 1.856618356046356e-21, nan 
90.125, 58.125, 1.7931733034446365e-21, nan 
90.375, 58.125, 1.0003189529659786e-21, nan 
90.625, 58.125, 8.381872029012926e-22, nan 
90.875, 58.125, 9.02572100385515e-22, nan 
91.125, 58.125, 1.1682471458720338e-21, nan 
91.375, 58.125, 1.0382274140618595e-21, nan 
91.625, 58.125, 4.604741068535537e-22, nan 
91.875, 58.125, 4.602251742457622e-22, nan 
92.125, 58.125, 7.021812606105861e-22, nan 
92.375, 58.125, 6.803270097748155e-22, nan 
92.625, 58.125, 7.029296862374122e-22, nan 
92.875, 58.125, 6.99596190241858e-22, nan 
93.125, 58.125, 6.559784955385184e-22, nan 
93.375, 58.125, 8.920777684068142e-22, nan 
93.625, 58.125, 7.1353795677778945e-22, nan 
93.875, 58.125, 6.447392752131828e-22, nan 
94.125, 58.125, 1.0207873101960442e-21, nan 
94.375, 58.125, 1.7941452281215778e-21, nan 
94.625, 58.125, 1.3035516155838776e-21, nan 
94.875, 58.125, 1.1003625934431397e-21, nan 
95.125, 58.125, 1.0884204642044285e-21, nan 
95.375, 58.125, 1.1326907785871535e-21, nan 
95.625, 58.125, 1.6597599280859559e-21, nan 
95.875, 58.125, 1.9163988243334637e-21, nan 
96.125, 58.125, 2.935199814718477e-21, nan 
96.375, 58.125, 2.891004141232357e-21, nan 
96.625, 58.125, 2.31536586324307e-21, nan 
96.875, 58.125, 1.3743643870335259e-21, nan 
97.125, 58.125, 1.4585814113250292e-21, nan 
97.375, 58.125, 1.6162298035935512e-21, nan 
97.625, 58.125, 1.748893382284341e-21, nan 
97.875, 58.125, 1.9530219701040344e-21, nan 
98.125, 58.125, 2.3402698533469347e-21, nan 
98.375, 58.125, 2.9297521345707314e-21, nan 
98.625, 58.125, 3.112385871528496e-21, nan 
98.875, 58.125, 2.333745761410249e-21, nan 
99.125, 58.125, 1.0890554101902393e-20, nan 
99.375, 58.125, 1.1513604826579463e-20, nan 
99.625, 58.125, 5.273249190054195e-21, nan 
99.875, 58.125, 1.746017086709393e-21, nan 
100.125, 58.125, 1.6278003633702228e-21, nan 
100.375, 58.125, 1.2330907721984831e-21, nan 
100.625, 58.125, 1.9412646323104067e-21, nan 
100.875, 58.125, 3.296313258579307e-21, nan 
101.125, 58.125, 3.1303295066936434e-21, nan 
101.375, 58.125, 1.5781760035888152e-21, nan 
101.625, 58.125, 8.576173301685589e-22, nan 
101.875, 58.125, 1.5766476969078117e-21, nan 
102.125, 58.125, 1.8177339438419158e-21, nan 
102.375, 58.125, 3.410797609380198e-21, nan 
102.625, 58.125, 1.2535970617950569e-20, nan 
102.875, 58.125, 1.2116807371763185e-20, nan 
103.125, 58.125, 4.3750032397559295e-21, nan 
103.375, 58.125, 3.902808360684092e-21, nan 
103.625, 58.125, 3.4231756126331285e-21, nan 
103.875, 58.125, 3.487818830783867e-21, nan 
104.125, 58.125, 3.176012954339199e-21, nan 
104.375, 58.125, 1.6090780251996642e-21, nan 
104.625, 58.125, 1.6164151989139473e-21, nan 
104.875, 58.125, 1.8361417599994177e-21, nan 
105.125, 58.125, 1.800228003411169e-21, nan 
105.375, 58.125, 1.740075086624102e-21, nan 
105.625, 58.125, 2.3742762777806714e-21, nan 
105.875, 58.125, 2.3126309184890567e-21, nan 
106.125, 58.125, 2.3248552628077493e-21, nan 
106.375, 58.125, 1.827143694327961e-21, nan 
106.625, 58.125, 1.128716666005589e-21, nan 
106.875, 58.125, 8.748158208416534e-22, nan 
107.125, 58.125, 1.133441002376478e-21, nan 
107.375, 58.125, 9.482063066670758e-22, nan 
107.625, 58.125, 9.276455232525477e-22, nan 
107.875, 58.125, 6.4917536300643185e-22, nan 
108.125, 58.125, 8.630705068507318e-22, nan 
108.375, 58.125, 8.640527761505309e-22, nan 
108.625, 58.125, 1.5617262972660811e-21, nan 
108.875, 58.125, 2.726023002620803e-21, nan 
109.125, 58.125, 2.435123868063397e-21, nan 
109.375, 58.125, 2.5145238400034155e-21, nan 
109.625, 58.125, 2.145234790673543e-21, nan 
109.875, 58.125, 7.744452788760201e-22, nan 
110.125, 58.125, 4.570027209923285e-22, nan 
110.375, 58.125, 5.310922190540082e-22, nan 
110.625, 58.125, 4.593284446295256e-22, nan 
110.875, 58.125, 5.603734610243894e-22, nan 
111.125, 58.125, 6.796341051983369e-22, nan 
111.375, 58.125, 1.000142981962893e-21, nan 
111.625, 58.125, 1.2015674437847665e-21, nan 
111.875, 58.125, 9.175530393576322e-22, nan 
112.125, 58.125, 2.524613733664683e-21, nan 
112.375, 58.125, 2.4432877267976027e-21, nan 
112.625, 58.125, 6.111872518013722e-22, nan 
112.875, 58.125, 4.859325398899483e-22, nan 
113.125, 58.125, 3.8426183106005103e-22, nan 
113.375, 58.125, 2.1189748637978777e-22, nan 
113.625, 58.125, 3.048995685252882e-22, nan 
113.875, 58.125, 6.357884169097845e-22, nan 
114.125, 58.125, 7.120396084936074e-22, nan 
114.375, 58.125, 2.087571081288626e-22, nan 
114.625, 58.125, 1.0456845749448739e-22, nan 
114.875, 58.125, 1.5977685312870356e-22, nan 
115.125, 58.125, 3.4492590543930953e-22, nan 
115.375, 58.125, 4.2043182325960393e-22, nan 
115.625, 58.125, 4.1188496155566e-22, nan 
115.875, 58.125, 4.793964448636616e-22, nan 
116.125, 58.125, 4.285687675997934e-22, nan 
116.375, 58.125, 5.778255898835922e-22, nan 
116.625, 58.125, 5.761082654087484e-22, nan 
116.875, 58.125, 4.534240733220563e-22, nan 
117.125, 58.125, 2.0663372016171138e-22, nan 
117.375, 58.125, 2.621080277978465e-22, nan 
117.625, 58.125, 1.6298659030646485e-22, nan 
117.875, 58.125, 1.4398574597753207e-22, nan 
118.125, 58.125, 1.0535554253059386e-22, nan 
118.375, 58.125, 8.447529317453045e-23, nan 
118.625, 58.125, 1.14284771096234e-22, nan 
118.875, 58.125, 1.817973140973569e-22, nan 
119.125, 58.125, 5.768188039395333e-22, nan 
119.375, 58.125, 5.459926592901732e-22, nan 
119.625, 58.125, 2.754153786772071e-22, nan 
119.875, 58.125, 2.729467618774e-22, nan 
120.125, 58.125, 1.227800098570554e-22, nan 
120.375, 58.125, 2.3514352218871234e-22, nan 
120.625, 58.125, 1.9299078744745082e-22, nan 
120.875, 58.125, 7.455037658352722e-23, nan 
121.125, 58.125, 1.0779436188551192e-22, nan 
121.375, 58.125, 8.622350009073056e-23, nan 
121.625, 58.125, 6.524272886931861e-23, nan 
121.875, 58.125, 6.069802071163183e-23, nan 
122.125, 58.125, 3.937294675299491e-23, nan 
122.375, 58.125, 3.4491750900472415e-23, nan 
122.625, 58.125, 3.6753725584460896e-23, nan 
122.875, 58.125, 3.5313614568592426e-23, nan 
123.125, 58.125, 3.711942275462122e-23, nan 
123.375, 58.125, 2.2156546780034802e-23, nan 
123.625, 58.125, 3.924227403875628e-23, nan 
123.875, 58.125, 8.16532097710844e-23, nan 
124.125, 58.125, 4.062228494222925e-22, nan 
124.375, 58.125, 4.239964258406569e-22, nan 
124.625, 58.125, 9.650478907802065e-23, nan 
124.875, 58.125, 3.1383328116152754e-23, nan 
125.125, 58.125, 1.167017778154261e-23, nan 
125.375, 58.125, 8.27273555585013e-23, nan 
125.625, 58.125, 2.2269703162671216e-22, nan 
125.875, 58.125, 1.8413238200953259e-22, nan 
126.125, 58.125, 4.292218009374639e-23, nan 
126.375, 58.125, 1.7770684645310477e-23, nan 
126.625, 58.125, 2.1389134506692628e-23, nan 
126.875, 58.125, 4.4932037046140977e-23, nan 
127.125, 58.125, 3.5460981387001454e-23, nan 
127.375, 58.125, 4.8185651684252213e-23, nan 
127.625, 58.125, 5.244293648088136e-23, nan 
127.875, 58.125, 7.918680646579795e-23, nan 
128.125, 58.125, 1.4241048450255692e-22, nan 
128.375, 58.125, 1.481410681185608e-22, nan 
128.625, 58.125, 1.2213750114165753e-22, nan 
128.875, 58.125, 1.0219201056971011e-22, nan 
129.125, 58.125, 4.37947570949997e-23, nan 
129.375, 58.125, 1.8926757140499624e-23, nan 
129.625, 58.125, 5.2863434114970495e-23, nan 
129.875, 58.125, 5.924370167688703e-23, nan 
130.125, 58.125, 4.6655151090164904e-23, nan 
130.375, 58.125, 4.3637900663033055e-23, nan 
130.625, 58.125, 1.9157918874124296e-23, nan 
130.875, 58.125, 1.864037751969199e-23, nan 
131.125, 58.125, 1.5834602803120125e-23, nan 
131.375, 58.125, 2.696098202934488e-23, nan 
131.625, 58.125, 2.491837828805036e-23, nan 
131.875, 58.125, 2.2439149805954784e-23, nan 
132.125, 58.125, 2.863317602438236e-23, nan 
132.375, 58.125, 1.3606293954841837e-23, nan 
132.625, 58.125, 9.94088323775016e-24, nan 
132.875, 58.125, 1.0389902616187421e-23, nan 
133.125, 58.125, 4.8151849386115456e-24, nan 
133.375, 58.125, 2.5543066458901807e-23, nan 
133.625, 58.125, 3.6929663031776366e-23, nan 
133.875, 58.125, 2.838033705871862e-23, nan 
134.125, 58.125, 1.5602172891515145e-23, nan 
134.375, 58.125, 1.3970361281322215e-23, nan 
134.625, 58.125, 1.8460180442531215e-23, nan 
134.875, 58.125, 3.138226902757443e-23, nan 
135.125, 58.125, 2.7974213458595174e-23, nan 
135.375, 58.125, 3.3308199172878333e-23, nan 
135.625, 58.125, 3.3905863594137917e-23, nan 
135.875, 58.125, 1.771027438345679e-23, nan 
136.125, 58.125, 1.2282088730759056e-23, nan 
136.375, 58.125, 2.0045426703465e-23, nan 
136.625, 58.125, 1.7426557335356435e-23, nan 
136.875, 58.125, 9.4377557890226e-24, nan 
137.125, 58.125, 7.762400045222617e-24, nan 
137.375, 58.125, 1.3415693855877752e-23, nan 
137.625, 58.125, 1.5777645499922304e-23, nan 
137.875, 58.125, 2.2390050981884488e-23, nan 
138.125, 58.125, 2.052266620784057e-23, nan 
138.375, 58.125, 6.108182143514311e-24, nan 
138.625, 58.125, 5.110148010966015e-24, nan 
138.875, 58.125, 1.6623668058057833e-23, nan 
139.125, 58.125, 1.642307650512624e-23, nan 
139.375, 58.125, 1.1398263495262426e-23, nan 
139.625, 58.125, 1.5576029603916652e-23, nan 
139.875, 58.125, 1.7308768521257053e-23, nan 
140.125, 58.125, 1.373292579566317e-23, nan 
140.375, 58.125, 3.5604186000838726e-23, nan 
140.625, 58.125, 3.7347756372913125e-23, nan 
140.875, 58.125, 1.1682143703996735e-23, nan 
141.125, 58.125, 1.2407828434128901e-23, nan 
141.375, 58.125, 8.026577000682692e-24, nan 
141.625, 58.125, 4.84456311214272e-24, nan 
141.875, 58.125, 9.7936339963851e-24, nan 
142.125, 58.125, 9.804395066890854e-24, nan 
142.375, 58.125, 1.3961252004468704e-23, nan 
142.625, 58.125, 1.5810846311830947e-23, nan 
142.875, 58.125, 1.2999731544967964e-23, nan 
143.125, 58.125, 1.3560339529845533e-23, nan 
143.375, 58.125, 6.880092808583955e-24, nan 
143.625, 58.125, 5.590386332211724e-24, nan 
143.875, 58.125, 4.967019686996979e-24, nan 
144.125, 58.125, 1.1411736994925532e-23, nan 
144.375, 58.125, 1.1125819023153006e-23, nan 
144.625, 58.125, 7.933584798604413e-24, nan 
144.875, 58.125, 8.405135541084005e-24, nan 
145.125, 58.125, 8.293460123672525e-24, nan 
145.375, 58.125, 4.837442472555699e-24, nan 
145.625, 58.125, 3.242201399704063e-24, nan 
145.875, 58.125, 7.833241953861578e-24, nan 
146.125, 58.125, 9.29541741464209e-24, nan 
146.375, 58.125, 5.848796726980544e-24, nan 
146.625, 58.125, 2.0635458486679604e-24, nan 
146.875, 58.125, 4.658595636689577e-24, nan 
147.125, 58.125, 3.464233547988254e-24, nan 
147.375, 58.125, 1.2633518223054643e-23, nan 
147.625, 58.125, 1.2793251400950335e-23, nan 
147.875, 58.125, 3.800807755712644e-24, nan 
148.125, 58.125, 3.1997243839344517e-24, nan 
148.375, 58.125, 4.586489433722817e-24, nan 
148.625, 58.125, 4.172775209960784e-24, nan 
148.875, 58.125, 2.9562526486499248e-24, nan 
149.125, 58.125, 2.281366451435844e-24, nan 
149.375, 58.125, 1.8628378218329234e-24, nan 
149.625, 58.125, 4.186488783302896e-24, nan 
149.875, 58.125, 3.674136468191046e-24, nan 
150.125, 58.125, 2.849627084773759e-24, nan 
150.375, 58.125, 7.094457206072943e-24, nan 
150.625, 58.125, 8.401735407175357e-24, nan 
150.875, 58.125, 4.741342503789567e-24, nan 
151.125, 58.125, 4.1707202333301436e-24, nan 
151.375, 58.125, 3.0480715713076582e-24, nan 
151.625, 58.125, 2.430499001071849e-24, nan 
151.875, 58.125, 5.1218684547764784e-24, nan 
152.125, 58.125, 5.1105335449458314e-24, nan 
152.375, 58.125, 3.357418953920265e-24, nan 
152.625, 58.125, 3.837240030947595e-24, nan 
152.875, 58.125, 3.770603051647358e-24, nan 
153.125, 58.125, 4.949294456499978e-24, nan 
153.375, 58.125, 6.662639387045677e-24, nan 
153.625, 58.125, 5.178940626388255e-24, nan 
153.875, 58.125, 6.406739160397916e-24, nan 
154.125, 58.125, 6.699266656930151e-24, nan 
154.375, 58.125, 2.228825736575107e-24, nan 
154.625, 58.125, 6.536925736436685e-24, nan 
154.875, 58.125, 6.560693008289349e-24, nan 
155.125, 58.125, 2.6586235313077503e-24, nan 
155.375, 58.125, 3.8184923652330386e-24, nan 
155.625, 58.125, 4.86682058825106e-24, nan 
155.875, 58.125, 4.152855785297746e-24, nan 
156.125, 58.125, 3.435611083040879e-24, nan 
156.375, 58.125, 6.0594631319070794e-24, nan 
156.625, 58.125, 8.524107007273017e-24, nan 
156.875, 58.125, 8.106174278538231e-24, nan 
157.125, 58.125, 9.807209919694298e-24, nan 
157.375, 58.125, 8.318012999685105e-24, nan 
157.625, 58.125, 5.1379177599714024e-24, nan 
157.875, 58.125, 2.9553421292759177e-24, nan 
158.125, 58.125, 1.641976762845383e-24, nan 
158.375, 58.125, 8.890384967832373e-25, nan 
158.625, 58.125, 9.98588917804903e-25, nan 
43.875, 58.375, 7.738185064473919e-24, nan 
44.125, 58.375, 3.408377693816932e-24, nan 
44.375, 58.375, 3.0589871151262423e-24, nan 
44.625, 58.375, 2.360127419535304e-24, nan 
44.875, 58.375, 2.8721033887272556e-24, nan 
45.125, 58.375, 2.5438138436987108e-24, nan 
45.375, 58.375, 2.9847216923670036e-24, nan 
45.625, 58.375, 2.7622943885038054e-24, nan 
45.875, 58.375, 3.1528794542133952e-24, nan 
46.125, 58.375, 4.9314532997356575e-24, nan 
46.375, 58.375, 4.645283393635567e-24, nan 
46.625, 58.375, 6.167360712839287e-24, nan 
46.875, 58.375, 6.858422214010974e-24, nan 
47.125, 58.375, 7.717233553778696e-24, nan 
47.375, 58.375, 1.4172762231284324e-23, nan 
47.625, 58.375, 1.4476291969077695e-23, nan 
47.875, 58.375, 1.0283359401465315e-23, nan 
48.125, 58.375, 1.0248441908909648e-23, nan 
48.375, 58.375, 8.752159928633e-24, nan 
48.625, 58.375, 6.3451075156294594e-24, nan 
48.875, 58.375, 3.8736998532596406e-24, nan 
49.125, 58.375, 3.7589959266412605e-24, nan 
49.375, 58.375, 3.377131823725312e-24, nan 
49.625, 58.375, 3.064615958529164e-24, nan 
49.875, 58.375, 3.2445232461714175e-24, nan 
50.125, 58.375, 3.920279332926804e-24, nan 
50.375, 58.375, 3.752365045704224e-24, nan 
50.625, 58.375, 5.035999654981114e-24, nan 
50.875, 58.375, 4.800134298651096e-24, nan 
51.125, 58.375, 2.48417919214751e-24, nan 
51.375, 58.375, 3.027137040207585e-24, nan 
51.625, 58.375, 4.668055945140389e-24, nan 
51.875, 58.375, 4.096109205238546e-24, nan 
52.125, 58.375, 5.7136454464183045e-24, nan 
52.375, 58.375, 5.4539251144779754e-24, nan 
52.625, 58.375, 4.86079736312919e-24, nan 
52.875, 58.375, 5.900741035592446e-24, nan 
53.125, 58.375, 2.445303246912342e-24, nan 
53.375, 58.375, 6.519728446579333e-24, nan 
53.625, 58.375, 1.055484152493994e-23, nan 
53.875, 58.375, 1.0727164047810695e-23, nan 
54.125, 58.375, 9.002829946522307e-24, nan 
54.375, 58.375, 6.614379446905281e-24, nan 
54.625, 58.375, 8.951356062898581e-24, nan 
54.875, 58.375, 8.56203764672783e-24, nan 
55.125, 58.375, 1.2885716889303346e-23, nan 
55.375, 58.375, 1.6171447029237446e-23, nan 
55.625, 58.375, 1.0052247742753339e-23, nan 
55.875, 58.375, 1.0422234153674905e-23, nan 
56.125, 58.375, 1.0630401922057064e-23, nan 
56.375, 58.375, 1.546711258219431e-23, nan 
56.625, 58.375, 1.8252084841165102e-23, nan 
56.875, 58.375, 1.0473355324603593e-23, nan 
57.125, 58.375, 9.637156321202451e-24, nan 
57.375, 58.375, 2.3906188045967627e-23, nan 
57.625, 58.375, 4.2161887968654267e-23, nan 
57.875, 58.375, 5.82983725959573e-23, nan 
58.125, 58.375, 1.067934196403867e-22, nan 
58.375, 58.375, 3.308267292469684e-22, nan 
58.625, 58.375, 3.2079774266232724e-22, nan 
58.875, 58.375, 3.209817117918788e-22, nan 
59.125, 58.375, 2.948433814522795e-22, nan 
59.375, 58.375, 9.922903290021691e-23, nan 
59.625, 58.375, 7.240621257624046e-23, nan 
59.875, 58.375, 4.412203663491764e-23, nan 
60.125, 58.375, 3.189487074539441e-23, nan 
60.375, 58.375, 3.5221650333382987e-23, nan 
60.625, 58.375, 1.0774160348425176e-23, nan 
60.875, 58.375, 1.1671823797193013e-23, nan 
61.125, 58.375, 2.4456129508082084e-23, nan 
61.375, 58.375, 8.098545880950658e-23, nan 
61.625, 58.375, 9.358340134046435e-23, nan 
61.875, 58.375, 4.8733562398356393e-23, nan 
62.125, 58.375, 2.584966353884138e-22, nan 
62.375, 58.375, 1.1732539546218823e-22, nan 
62.625, 58.375, 4.021666073831754e-23, nan 
62.875, 58.375, 3.2005550286667884e-23, nan 
63.125, 58.375, 2.254635985574585e-23, nan 
63.375, 58.375, 1.9704055061069264e-23, nan 
63.625, 58.375, 3.000407461745623e-23, nan 
63.875, 58.375, 2.6112928360226415e-23, nan 
64.125, 58.375, 1.637489922599157e-23, nan 
64.375, 58.375, 1.3455172033355603e-23, nan 
64.625, 58.375, 6.909349459804048e-24, nan 
64.875, 58.375, 6.5912773380880224e-24, nan 
65.125, 58.375, 6.000804012879316e-24, nan 
65.375, 58.375, 1.2802247338700834e-23, nan 
65.625, 58.375, 2.447490195749481e-23, nan 
65.875, 58.375, 2.668391448918167e-23, nan 
66.125, 58.375, 2.2700958161853225e-23, nan 
66.375, 58.375, 4.356089577087748e-23, nan 
66.625, 58.375, 4.413591448366516e-23, nan 
66.875, 58.375, 3.363991606302005e-23, nan 
67.125, 58.375, 8.333130776208814e-23, nan 
67.375, 58.375, 9.935345390366385e-23, nan 
67.625, 58.375, 5.418155350492958e-23, nan 
67.875, 58.375, 5.151482092976378e-23, nan 
68.125, 58.375, 5.1470655478199683e-23, nan 
68.375, 58.375, 3.672446748133702e-23, nan 
68.625, 58.375, 3.340443872332824e-23, nan 
68.875, 58.375, 4.233489654957363e-23, nan 
69.125, 58.375, 4.143210141637447e-23, nan 
69.375, 58.375, 2.997796262110936e-23, nan 
69.625, 58.375, 3.3348948143515203e-23, nan 
69.875, 58.375, 4.7430150210284503e-23, nan 
70.125, 58.375, 8.503350501336668e-23, nan 
70.375, 58.375, 9.860812894865142e-23, nan 
70.625, 58.375, 9.805366508455922e-23, nan 
70.875, 58.375, 7.609280259815652e-23, nan 
71.125, 58.375, 6.548398197471156e-23, nan 
71.375, 58.375, 4.947902877500794e-23, nan 
71.625, 58.375, 1.8587450207576164e-23, nan 
71.875, 58.375, 6.581917565691316e-23, nan 
72.125, 58.375, 1.9820647083620823e-22, nan 
72.375, 58.375, 2.4533546312162346e-22, nan 
72.625, 58.375, 1.9086164668970285e-22, nan 
72.875, 58.375, 1.3393852144694642e-22, nan 
73.125, 58.375, 2.5712281058203946e-22, nan 
73.375, 58.375, 2.3323811701734285e-22, nan 
73.625, 58.375, 1.424552248394063e-22, nan 
73.875, 58.375, 7.367201701994527e-23, nan 
74.125, 58.375, 6.607174040255525e-23, nan 
74.375, 58.375, 1.119201887799385e-22, nan 
74.625, 58.375, 3.4470610931680504e-22, nan 
74.875, 58.375, 7.924192434885228e-23, nan 
75.125, 58.375, 1.0920418368352072e-22, nan 
75.375, 58.375, 8.155806414930212e-23, nan 
75.625, 58.375, 7.266428664590733e-23, nan 
75.875, 58.375, 5.861260344696895e-23, nan 
76.125, 58.375, 6.116474690508602e-23, nan 
76.375, 58.375, 8.118689128488197e-23, nan 
76.625, 58.375, 1.0375263687769497e-22, nan 
76.875, 58.375, 9.40005969585402e-23, nan 
77.125, 58.375, 5.741630616085413e-23, nan 
77.375, 58.375, 1.9180857205003723e-23, nan 
77.625, 58.375, 1.213966020510165e-22, nan 
77.875, 58.375, 1.5141898429151336e-22, nan 
78.125, 58.375, 1.1283246333590438e-22, nan 
78.375, 58.375, 7.806738495893866e-23, nan 
78.625, 58.375, 6.157215576706186e-23, nan 
78.875, 58.375, 7.041694146121351e-23, nan 
79.125, 58.375, 8.00672979500323e-23, nan 
79.375, 58.375, 8.463526672441778e-23, nan 
79.625, 58.375, 2.0516281424132463e-22, nan 
79.875, 58.375, 4.605208362839837e-22, nan 
80.125, 58.375, 4.508202324615204e-22, nan 
80.375, 58.375, 2.9138304892844507e-22, nan 
80.625, 58.375, 2.791320970069546e-22, nan 
80.875, 58.375, 3.0305095699724697e-22, nan 
81.125, 58.375, 3.3589563070842166e-22, nan 
81.375, 58.375, 3.8336367203017226e-22, nan 
81.625, 58.375, 3.925480257013245e-22, nan 
81.875, 58.375, 2.9132259427087992e-22, nan 
82.125, 58.375, 2.854009497932817e-22, nan 
82.375, 58.375, 1.8591097771148329e-22, nan 
82.625, 58.375, 1.765083156726977e-22, nan 
82.875, 58.375, 3.9647621425571434e-22, nan 
83.125, 58.375, 4.110259483501951e-22, nan 
83.375, 58.375, 4.1320963038292136e-22, nan 
83.625, 58.375, 3.6158063606090715e-22, nan 
83.875, 58.375, 2.0969460517685785e-22, nan 
84.125, 58.375, 2.60477552362019e-22, nan 
84.375, 58.375, 2.578915594855447e-22, nan 
84.625, 58.375, 1.006523847233746e-22, nan 
84.875, 58.375, 1.6416171075152698e-22, nan 
85.125, 58.375, 3.6894012126779084e-22, nan 
85.375, 58.375, 3.446810010605281e-22, nan 
85.625, 58.375, 2.317854385332032e-22, nan 
85.875, 58.375, 2.7788981376072686e-22, nan 
86.125, 58.375, 4.61257606073677e-22, nan 
86.375, 58.375, 6.912224541525689e-22, nan 
86.625, 58.375, 6.198620749211574e-22, nan 
86.875, 58.375, 3.11883760500394e-22, nan 
87.125, 58.375, 4.1187905123661815e-22, nan 
87.375, 58.375, 2.999022660014679e-22, nan 
87.625, 58.375, 4.1810287570210997e-22, nan 
87.875, 58.375, 1.1100353251619205e-21, nan 
88.125, 58.375, 1.6666053745309387e-21, nan 
88.375, 58.375, 1.8387290220320758e-21, nan 
88.625, 58.375, 8.73451896868092e-22, nan 
88.875, 58.375, 4.904018717862858e-22, nan 
89.125, 58.375, 9.092173265369179e-22, nan 
89.375, 58.375, 1.100156501774975e-21, nan 
89.625, 58.375, 1.0588233231537042e-21, nan 
89.875, 58.375, 1.4182112661204079e-21, nan 
90.125, 58.375, 1.5646639424091746e-21, nan 
90.375, 58.375, 1.0494134618753698e-21, nan 
90.625, 58.375, 1.140917561415772e-21, nan 
90.875, 58.375, 8.286015114893266e-22, nan 
91.125, 58.375, 9.207125990844995e-22, nan 
91.375, 58.375, 1.278177148937767e-21, nan 
91.625, 58.375, 1.1549556357316363e-21, nan 
91.875, 58.375, 8.78840152774562e-22, nan 
92.125, 58.375, 9.759021717072799e-22, nan 
92.375, 58.375, 1.138190723286459e-21, nan 
92.625, 58.375, 1.4530281084954942e-21, nan 
92.875, 58.375, 1.3485258333204588e-21, nan 
93.125, 58.375, 1.1170384525413131e-21, nan 
93.375, 58.375, 8.347894380664796e-22, nan 
93.625, 58.375, 7.800092137213835e-22, nan 
93.875, 58.375, 7.726983391602523e-22, nan 
94.125, 58.375, 8.676363155836785e-22, nan 
94.375, 58.375, 8.567801471466202e-22, nan 
94.625, 58.375, 1.1280806583994201e-21, nan 
94.875, 58.375, 1.0966591550998125e-21, nan 
95.125, 58.375, 9.535570776241862e-22, nan 
95.375, 58.375, 1.7407891375571513e-21, nan 
95.625, 58.375, 2.2237364840667108e-21, nan 
95.875, 58.375, 2.1267429841814934e-21, nan 
96.125, 58.375, 2.470874357566752e-21, nan 
96.375, 58.375, 2.5607386892772395e-21, nan 
96.625, 58.375, 1.6808689390457205e-21, nan 
96.875, 58.375, 1.6642217961605171e-21, nan 
97.125, 58.375, 2.3096091311410422e-21, nan 
97.375, 58.375, 3.0743487722505083e-21, nan 
97.625, 58.375, 2.7591873649588173e-21, nan 
97.875, 58.375, 2.101284323520675e-21, nan 
98.125, 58.375, 2.8373648036985004e-21, nan 
98.375, 58.375, 3.473486211969824e-21, nan 
98.625, 58.375, 2.6720281762094686e-21, nan 
98.875, 58.375, 1.3565379416560376e-20, nan 
99.125, 58.375, 1.4916171958667058e-20, nan 
99.375, 58.375, 4.7622821097672444e-21, nan 
99.625, 58.375, 2.2136157010021365e-21, nan 
99.875, 58.375, 1.7033077158037134e-21, nan 
100.125, 58.375, 3.537642158014485e-21, nan 
100.375, 58.375, 3.5560295384867176e-21, nan 
100.625, 58.375, 3.5821574135863575e-21, nan 
100.875, 58.375, 2.1660532610185436e-21, nan 
101.125, 58.375, 1.7219080662982456e-21, nan 
101.375, 58.375, 1.14998645819657e-21, nan 
101.625, 58.375, 1.1678955313680752e-21, nan 
101.875, 58.375, 1.0234952391348941e-21, nan 
102.125, 58.375, 2.231433674976952e-21, nan 
102.375, 58.375, 8.616664540172116e-21, nan 
102.625, 58.375, 1.5109239984696195e-20, nan 
102.875, 58.375, 1.2657484734345886e-20, nan 
103.125, 58.375, 9.179644344984804e-21, nan 
103.375, 58.375, 8.745273845975274e-21, nan 
103.625, 58.375, 3.805656023029544e-21, nan 
103.875, 58.375, 2.950829080427546e-21, nan 
104.125, 58.375, 2.9493223380740883e-21, nan 
104.375, 58.375, 2.402540886559788e-21, nan 
104.625, 58.375, 2.810026639303099e-21, nan 
104.875, 58.375, 2.6893487397431917e-21, nan 
105.125, 58.375, 1.3404646891117626e-21, nan 
105.375, 58.375, 2.178598642461361e-21, nan 
105.625, 58.375, 3.1221253783261763e-21, nan 
105.875, 58.375, 2.8959674155595077e-21, nan 
106.125, 58.375, 3.1655087852648036e-21, nan 
106.375, 58.375, 2.7896834650849203e-21, nan 
106.625, 58.375, 1.2648730079333878e-21, nan 
106.875, 58.375, 1.2299681010151406e-21, nan 
107.125, 58.375, 1.3285846585907204e-21, nan 
107.375, 58.375, 9.415717269599268e-22, nan 
107.625, 58.375, 1.6264816488915816e-21, nan 
107.875, 58.375, 1.6810573882189634e-21, nan 
108.125, 58.375, 1.191287866333399e-21, nan 
108.375, 58.375, 1.3271799628582914e-21, nan 
108.625, 58.375, 1.1855469226100545e-21, nan 
108.875, 58.375, 1.0301533535167769e-21, nan 
109.125, 58.375, 1.7472707650499627e-21, nan 
109.375, 58.375, 1.753694194859187e-21, nan 
109.625, 58.375, 8.025822290097415e-22, nan 
109.875, 58.375, 6.974248786627037e-22, nan 
110.125, 58.375, 4.52865705199493e-22, nan 
110.375, 58.375, 3.8490034537907e-22, nan 
110.625, 58.375, 1.06837360110245e-21, nan 
110.875, 58.375, 1.0506730150556089e-21, nan 
111.125, 58.375, 1.0012445395214459e-21, nan 
111.375, 58.375, 1.177657069784142e-21, nan 
111.625, 58.375, 1.1625644809037312e-21, nan 
111.875, 58.375, 8.0526447625616035e-22, nan 
112.125, 58.375, 2.706835823954905e-21, nan 
112.375, 58.375, 2.765568251924288e-21, nan 
112.625, 58.375, 1.705963848069485e-21, nan 
112.875, 58.375, 5.8011449827616315e-22, nan 
113.125, 58.375, 4.238166220292402e-22, nan 
113.375, 58.375, 3.3487001281489464e-22, nan 
113.625, 58.375, 2.2521414395575195e-22, nan 
113.875, 58.375, 1.0642465811467986e-21, nan 
114.125, 58.375, 4.983997646224946e-22, nan 
114.375, 58.375, 3.0809163256501196e-22, nan 
114.625, 58.375, 1.394603592326109e-22, nan 
114.875, 58.375, 1.3036349787362957e-22, nan 
115.125, 58.375, 2.2927259174343976e-22, nan 
115.375, 58.375, 4.245527738495078e-22, nan 
115.625, 58.375, 2.7189415201378797e-22, nan 
115.875, 58.375, 4.53663754242451e-22, nan 
116.125, 58.375, 5.032614317391611e-22, nan 
116.375, 58.375, 5.442574587586761e-22, nan 
116.625, 58.375, 2.4688165598178756e-22, nan 
116.875, 58.375, 8.628782613047385e-22, nan 
117.125, 58.375, 6.160295723384081e-22, nan 
117.375, 58.375, 4.406106069585661e-22, nan 
117.625, 58.375, 3.9250241919951564e-22, nan 
117.875, 58.375, 2.3343650588833425e-22, nan 
118.125, 58.375, 1.357169154394348e-22, nan 
118.375, 58.375, 1.779326860515779e-22, nan 
118.625, 58.375, 1.6083652241722644e-22, nan 
118.875, 58.375, 2.222482745372223e-22, nan 
119.125, 58.375, 6.362963571835905e-22, nan 
119.375, 58.375, 6.031340178721898e-22, nan 
119.625, 58.375, 3.7105433843670457e-22, nan 
119.875, 58.375, 3.588138606525227e-22, nan 
120.125, 58.375, 1.6573025488649549e-22, nan 
120.375, 58.375, 1.2524734027113914e-22, nan 
120.625, 58.375, 1.1990991384165414e-22, nan 
120.875, 58.375, 1.2397962118418798e-22, nan 
121.125, 58.375, 1.3170123800109444e-22, nan 
121.375, 58.375, 1.107945320156435e-22, nan 
121.625, 58.375, 6.197713830079274e-23, nan 
121.875, 58.375, 7.25098495669293e-23, nan 
122.125, 58.375, 7.948187955070831e-23, nan 
122.375, 58.375, 6.735159096030141e-23, nan 
122.625, 58.375, 7.428331575671497e-23, nan 
122.875, 58.375, 6.641908042025963e-23, nan 
123.125, 58.375, 5.935661432629521e-23, nan 
123.375, 58.375, 5.186958705330819e-23, nan 
123.625, 58.375, 7.019184093784344e-23, nan 
123.875, 58.375, 5.578543514542664e-23, nan 
124.125, 58.375, 6.604549220301176e-23, nan 
124.375, 58.375, 2.7228939539409667e-22, nan 
124.625, 58.375, 2.925300704327764e-22, nan 
124.875, 58.375, 2.4365961142222813e-22, nan 
125.125, 58.375, 2.2792124653807086e-22, nan 
125.375, 58.375, 2.522766288213381e-22, nan 
125.625, 58.375, 2.0466549508270748e-22, nan 
125.875, 58.375, 5.182450325528239e-23, nan 
126.125, 58.375, 2.9133857751402686e-23, nan 
126.375, 58.375, 4.082019984503818e-23, nan 
126.625, 58.375, 5.644305124595896e-23, nan 
126.875, 58.375, 6.643641031454972e-23, nan 
127.125, 58.375, 5.715536232014438e-23, nan 
127.375, 58.375, 7.907046857073353e-23, nan 
127.625, 58.375, 8.21255759711371e-23, nan 
127.875, 58.375, 7.778966266748003e-23, nan 
128.125, 58.375, 5.770721136504689e-23, nan 
128.375, 58.375, 8.006877687553564e-23, nan 
128.625, 58.375, 8.831310238542962e-23, nan 
128.875, 58.375, 2.1524820613583837e-23, nan 
129.125, 58.375, 4.524418469750637e-23, nan 
129.375, 58.375, 3.7973301294279094e-23, nan 
129.625, 58.375, 5.538785464461597e-23, nan 
129.875, 58.375, 4.9276009126626497e-23, nan 
130.125, 58.375, 7.709062129885384e-23, nan 
130.375, 58.375, 7.486231857591123e-23, nan 
130.625, 58.375, 2.2953799548974478e-23, nan 
130.875, 58.375, 2.2676889154022976e-23, nan 
131.125, 58.375, 1.7970160432630817e-23, nan 
131.375, 58.375, 2.342278956614124e-23, nan 
131.625, 58.375, 2.406701545655308e-23, nan 
131.875, 58.375, 1.753956784444348e-23, nan 
132.125, 58.375, 2.3961917201460853e-23, nan 
132.375, 58.375, 2.3715923953330604e-23, nan 
132.625, 58.375, 1.3450469195599e-23, nan 
132.875, 58.375, 1.5520668107533268e-23, nan 
133.125, 58.375, 2.2769626062112727e-23, nan 
133.375, 58.375, 3.5493137359816285e-23, nan 
133.625, 58.375, 3.6325970696059097e-23, nan 
133.875, 58.375, 2.5808744553633448e-23, nan 
134.125, 58.375, 1.5949104624772657e-23, nan 
134.375, 58.375, 2.560477821331858e-23, nan 
134.625, 58.375, 2.6528190597130716e-23, nan 
134.875, 58.375, 2.417968465520134e-23, nan 
135.125, 58.375, 1.515584282642591e-23, nan 
135.375, 58.375, 2.8088915075508784e-23, nan 
135.625, 58.375, 2.497671747616582e-23, nan 
135.875, 58.375, 8.2271357468405e-24, nan 
136.125, 58.375, 3.608228585358049e-23, nan 
136.375, 58.375, 4.1986104791294225e-23, nan 
136.625, 58.375, 1.650802052910985e-23, nan 
136.875, 58.375, 8.900021879095761e-24, nan 
137.125, 58.375, 1.1715606722812916e-23, nan 
137.375, 58.375, 1.1823697121693667e-23, nan 
137.625, 58.375, 1.383410585381715e-23, nan 
137.875, 58.375, 1.3394145841045607e-23, nan 
138.125, 58.375, 6.255876764497198e-24, nan 
138.375, 58.375, 7.596990147803154e-24, nan 
138.625, 58.375, 8.714911339261857e-24, nan 
138.875, 58.375, 1.2574262236950892e-23, nan 
139.125, 58.375, 9.773669053120918e-24, nan 
139.375, 58.375, 1.6459599210575296e-23, nan 
139.625, 58.375, 2.3529391703304238e-23, nan 
139.875, 58.375, 2.003457772420034e-23, nan 
140.125, 58.375, 2.728962672767642e-23, nan 
140.375, 58.375, 3.512616349651813e-23, nan 
140.625, 58.375, 2.5070461652324663e-23, nan 
140.875, 58.375, 9.576275462588157e-24, nan 
141.125, 58.375, 1.0513676878581099e-23, nan 
141.375, 58.375, 6.625967219925006e-24, nan 
141.625, 58.375, 3.8087794563905465e-24, nan 
141.875, 58.375, 1.4413560593016212e-23, nan 
142.125, 58.375, 1.1147287041972603e-23, nan 
142.375, 58.375, 6.425353782889042e-24, nan 
142.625, 58.375, 1.828935602477907e-23, nan 
142.875, 58.375, 1.7340256760501035e-23, nan 
143.125, 58.375, 9.185750532960071e-24, nan 
143.375, 58.375, 7.359119546276862e-24, nan 
143.625, 58.375, 6.868096168141893e-24, nan 
143.875, 58.375, 1.328963152387929e-23, nan 
144.125, 58.375, 1.677229159165928e-23, nan 
144.375, 58.375, 1.3634672999803637e-23, nan 
144.625, 58.375, 1.0459354122313629e-23, nan 
144.875, 58.375, 5.714307946837168e-24, nan 
145.125, 58.375, 4.821392788131416e-24, nan 
145.375, 58.375, 5.507255743323977e-24, nan 
145.625, 58.375, 7.289987699942362e-24, nan 
145.875, 58.375, 1.6963944692924522e-23, nan 
146.125, 58.375, 1.85880749757027e-23, nan 
146.375, 58.375, 1.9567383857279335e-23, nan 
146.625, 58.375, 1.6808522593720684e-23, nan 
146.875, 58.375, 7.779423817074195e-24, nan 
147.125, 58.375, 5.631734076537646e-24, nan 
147.375, 58.375, 9.782072305749995e-24, nan 
147.625, 58.375, 1.017454021065026e-23, nan 
147.875, 58.375, 4.163184964011091e-24, nan 
148.125, 58.375, 3.506759463492663e-24, nan 
148.375, 58.375, 2.6615764478391535e-24, nan 
148.625, 58.375, 2.8126853131547956e-24, nan 
148.875, 58.375, 2.2145252355915727e-24, nan 
149.125, 58.375, 2.3383824086640026e-24, nan 
149.375, 58.375, 2.823558396545368e-24, nan 
149.625, 58.375, 9.281789500258668e-24, nan 
149.875, 58.375, 1.001173593387482e-23, nan 
150.125, 58.375, 5.660772148924283e-24, nan 
150.375, 58.375, 3.804673043119682e-24, nan 
150.625, 58.375, 5.995962518413202e-24, nan 
150.875, 58.375, 6.413631133687496e-24, nan 
151.125, 58.375, 7.37150546818026e-24, nan 
151.375, 58.375, 8.301619517530053e-24, nan 
151.625, 58.375, 6.6091371895731414e-24, nan 
151.875, 58.375, 7.11361380857308e-24, nan 
152.125, 58.375, 5.450152142369285e-24, nan 
152.375, 58.375, 2.5616198251400435e-24, nan 
152.625, 58.375, 9.283782917426838e-25, nan 
152.875, 58.375, 2.6958394352855447e-24, nan 
153.125, 58.375, 5.192467747524488e-24, nan 
153.375, 58.375, 4.780465061963081e-24, nan 
153.625, 58.375, 2.5455244653079705e-24, nan 
153.875, 58.375, 7.58214129306639e-24, nan 
154.125, 58.375, 7.520178307768955e-24, nan 
154.375, 58.375, 2.3061103180685476e-24, nan 
154.625, 58.375, 3.496033589764306e-24, nan 
154.875, 58.375, 5.238835102978863e-24, nan 
155.125, 58.375, 4.126346461026308e-24, nan 
155.375, 58.375, 3.757725558545957e-24, nan 
155.625, 58.375, 4.5001802514604626e-24, nan 
155.875, 58.375, 5.015934910446119e-24, nan 
156.125, 58.375, 4.856693134528496e-24, nan 
156.375, 58.375, 3.813226039325933e-24, nan 
156.625, 58.375, 3.164507309977385e-24, nan 
156.875, 58.375, 5.201405829387736e-24, nan 
157.125, 58.375, 1.495838192768004e-23, nan 
157.375, 58.375, 1.3741381610837425e-23, nan 
157.625, 58.375, 3.642234516304268e-24, nan 
157.875, 58.375, 3.1385935380187916e-24, nan 
158.125, 58.375, 1.2699753510241113e-24, nan 
158.375, 58.375, 2.6070203883824067e-24, nan 
158.625, 58.375, 5.448672806133308e-24, nan 
158.875, 58.375, 6.3071619191663116e-24, nan 
43.375, 58.625, 6.280086892795324e-24, nan 
43.625, 58.625, 5.3350825358696395e-24, nan 
43.875, 58.625, 2.4381195407237054e-24, nan 
44.125, 58.625, 2.7275183466443687e-24, nan 
44.375, 58.625, 4.179528579964232e-24, nan 
44.625, 58.625, 3.7986996730403504e-24, nan 
44.875, 58.625, 2.842799142413874e-24, nan 
45.125, 58.625, 2.3647249677223256e-24, nan 
45.375, 58.625, 2.1430749205044925e-24, nan 
45.625, 58.625, 2.9022474641103443e-24, nan 
45.875, 58.625, 3.748006392032602e-24, nan 
46.125, 58.625, 4.276592977364867e-24, nan 
46.375, 58.625, 6.605488050318159e-24, nan 
46.625, 58.625, 5.41410659735182e-24, nan 
46.875, 58.625, 3.8476559146022106e-24, nan 
47.125, 58.625, 6.781109994849818e-24, nan 
47.375, 58.625, 1.0338935958212527e-23, nan 
47.625, 58.625, 1.022896528275886e-23, nan 
47.875, 58.625, 6.370202046504411e-24, nan 
48.125, 58.625, 6.673745886965004e-24, nan 
48.375, 58.625, 6.72762301044679e-24, nan 
48.625, 58.625, 4.8481247298331445e-24, nan 
48.875, 58.625, 4.8115998320246806e-24, nan 
49.125, 58.625, 2.2522658412448777e-24, nan 
49.375, 58.625, 3.100014636087578e-24, nan 
49.625, 58.625, 2.7123478903033988e-24, nan 
49.875, 58.625, 4.419705151292602e-24, nan 
50.125, 58.625, 4.922660806028815e-24, nan 
50.375, 58.625, 3.986222568816369e-24, nan 
50.625, 58.625, 4.894332166834356e-24, nan 
50.875, 58.625, 4.46565857149334e-24, nan 
51.125, 58.625, 7.230094583021134e-24, nan 
51.375, 58.625, 9.456022853044281e-24, nan 
51.625, 58.625, 1.0168926990993054e-23, nan 
51.875, 58.625, 1.3144823716055466e-23, nan 
52.125, 58.625, 1.1669519168235942e-23, nan 
52.375, 58.625, 7.258308879153834e-24, nan 
52.625, 58.625, 2.4846668158518843e-24, nan 
52.875, 58.625, 4.901578915867761e-24, nan 
53.125, 58.625, 4.608000062953458e-24, nan 
53.375, 58.625, 5.58377704350917e-24, nan 
53.625, 58.625, 9.483006289937498e-24, nan 
53.875, 58.625, 6.691498722595237e-24, nan 
54.125, 58.625, 3.490235258785911e-24, nan 
54.375, 58.625, 5.38215200266364e-24, nan 
54.625, 58.625, 1.2321985899003248e-23, nan 
54.875, 58.625, 1.2457075053852044e-23, nan 
55.125, 58.625, 8.317005178253261e-24, nan 
55.375, 58.625, 1.2997537439804657e-23, nan 
55.625, 58.625, 1.407450942448699e-23, nan 
55.875, 58.625, 1.0764427478709992e-23, nan 
56.125, 58.625, 1.029274034908117e-23, nan 
56.375, 58.625, 1.5368938876921624e-23, nan 
56.625, 58.625, 7.751983587695275e-24, nan 
56.875, 58.625, 1.1763770322228428e-23, nan 
57.125, 58.625, 1.2882094274557033e-23, nan 
57.375, 58.625, 1.0852322100497716e-23, nan 
57.625, 58.625, 1.4762553023672288e-23, nan 
57.875, 58.625, 4.1606269849152006e-23, nan 
58.125, 58.625, 5.143221345014132e-23, nan 
58.375, 58.625, 5.721214035141496e-23, nan 
58.625, 58.625, 5.623176393292275e-23, nan 
58.875, 58.625, 5.1132478573104895e-23, nan 
59.125, 58.625, 7.067304708915385e-23, nan 
59.375, 58.625, 5.967118683264517e-23, nan 
59.625, 58.625, 4.564208312453032e-23, nan 
59.875, 58.625, 2.715235372368516e-23, nan 
60.125, 58.625, 2.888579177621047e-23, nan 
60.375, 58.625, 2.230728228881661e-23, nan 
60.625, 58.625, 1.1589789102564292e-23, nan 
60.875, 58.625, 1.1461165038655476e-23, nan 
61.125, 58.625, 8.0183200667203e-24, nan 
61.375, 58.625, 1.7985345997590034e-23, nan 
61.625, 58.625, 6.339890677407198e-23, nan 
61.875, 58.625, 8.265497600777937e-23, nan 
62.125, 58.625, 7.171925320380151e-23, nan 
62.375, 58.625, 5.919054418936648e-23, nan 
62.625, 58.625, 5.93193147152189e-23, nan 
62.875, 58.625, 3.8580484939549584e-23, nan 
63.125, 58.625, 3.7897688733194787e-23, nan 
63.375, 58.625, 3.1623086886437057e-23, nan 
63.625, 58.625, 3.140182195887414e-23, nan 
63.875, 58.625, 1.820510244832818e-23, nan 
64.125, 58.625, 1.4551805327289683e-23, nan 
64.375, 58.625, 1.1032107243372963e-23, nan 
64.625, 58.625, 2.16580974272799e-23, nan 
64.875, 58.625, 1.907570599247737e-23, nan 
65.125, 58.625, 9.81952934427854e-24, nan 
65.375, 58.625, 2.1547209271071353e-23, nan 
65.625, 58.625, 2.3109370607633052e-23, nan 
65.875, 58.625, 1.5965448291275945e-23, nan 
66.125, 58.625, 3.403330819827548e-23, nan 
66.375, 58.625, 3.9132152180481947e-23, nan 
66.625, 58.625, 1.423217159234224e-23, nan 
66.875, 58.625, 1.5884513897636553e-23, nan 
67.125, 58.625, 2.2277650470169858e-23, nan 
67.375, 58.625, 5.917477342560149e-23, nan 
67.625, 58.625, 4.632689223013637e-23, nan 
67.875, 58.625, 5.1497698881547116e-23, nan 
68.125, 58.625, 4.391601465171231e-23, nan 
68.375, 58.625, 2.876046489002158e-23, nan 
68.625, 58.625, 2.801718332182285e-23, nan 
68.875, 58.625, 3.5559355884902074e-23, nan 
69.125, 58.625, 4.2906642032075306e-23, nan 
69.375, 58.625, 1.9270905600354215e-23, nan 
69.625, 58.625, 1.6416613313581707e-23, nan 
69.875, 58.625, 1.7811823832338915e-23, nan 
70.125, 58.625, 5.62122169703559e-23, nan 
70.375, 58.625, 6.914022017620058e-23, nan 
70.625, 58.625, 6.892097214739239e-23, nan 
70.875, 58.625, 5.684281041394415e-23, nan 
71.125, 58.625, 3.6188318543299906e-23, nan 
71.375, 58.625, 2.387545305693552e-23, nan 
71.625, 58.625, 2.4156603905049756e-23, nan 
71.875, 58.625, 3.975643080646999e-23, nan 
72.125, 58.625, 3.3013239281284385e-23, nan 
72.375, 58.625, 9.761742291430808e-23, nan 
72.625, 58.625, 1.604962023841456e-22, nan 
72.875, 58.625, 2.2148573242168485e-22, nan 
73.125, 58.625, 2.302035178610608e-22, nan 
73.375, 58.625, 8.625132835196386e-23, nan 
73.625, 58.625, 7.582923779372691e-23, nan 
73.875, 58.625, 3.381617660513042e-23, nan 
74.125, 58.625, 5.64724102086491e-23, nan 
74.375, 58.625, 6.098009601876972e-23, nan 
74.625, 58.625, 4.354948302935512e-23, nan 
74.875, 58.625, 2.169602657019162e-23, nan 
75.125, 58.625, 6.855269163629974e-23, nan 
75.375, 58.625, 7.617531690985584e-23, nan 
75.625, 58.625, 6.215990510804176e-23, nan 
75.875, 58.625, 5.768345065364794e-23, nan 
76.125, 58.625, 4.7125908918965075e-23, nan 
76.375, 58.625, 1.1142683666288747e-22, nan 
76.625, 58.625, 8.820667168543184e-23, nan 
76.875, 58.625, 1.3911592306455757e-22, nan 
77.125, 58.625, 1.1898851331318393e-22, nan 
77.375, 58.625, 1.9618789395951372e-22, nan 
77.625, 58.625, 2.3103486703635815e-22, nan 
77.875, 58.625, 1.7019900640162723e-22, nan 
78.125, 58.625, 8.075522883172606e-23, nan 
78.375, 58.625, 3.554221836570128e-23, nan 
78.625, 58.625, 9.385204564921279e-23, nan 
78.875, 58.625, 1.3758083374089357e-22, nan 
79.125, 58.625, 9.774304641609291e-23, nan 
79.375, 58.625, 4.574829157327807e-22, nan 
79.625, 58.625, 5.663297101399444e-22, nan 
79.875, 58.625, 3.695704364837006e-22, nan 
80.125, 58.625, 1.097827774495988e-22, nan 
80.375, 58.625, 1.2854956596673881e-22, nan 
80.625, 58.625, 1.7881231177847452e-22, nan 
80.875, 58.625, 2.9058584929885203e-22, nan 
81.125, 58.625, 4.548071694590596e-22, nan 
81.375, 58.625, 4.261631760519974e-22, nan 
81.625, 58.625, 3.0989752968604213e-22, nan 
81.875, 58.625, 3.108612942240709e-22, nan 
82.125, 58.625, 3.3585700162238454e-22, nan 
82.375, 58.625, 3.1682495661432014e-22, nan 
82.625, 58.625, 2.92310724399329e-22, nan 
82.875, 58.625, 2.6536758941725646e-22, nan 
83.125, 58.625, 3.0147514602923876e-22, nan 
83.375, 58.625, 5.174597385202945e-22, nan 
83.625, 58.625, 7.007785185973596e-22, nan 
83.875, 58.625, 8.362965174435379e-22, nan 
84.125, 58.625, 7.116650178107914e-22, nan 
84.375, 58.625, 4.018588694301313e-22, nan 
84.625, 58.625, 3.8784230873392485e-22, nan 
84.875, 58.625, 3.1762499961010233e-22, nan 
85.125, 58.625, 3.9365338970535663e-22, nan 
85.375, 58.625, 1.5015116950820453e-22, nan 
85.625, 58.625, 1.5057375771465225e-22, nan 
85.875, 58.625, 1.8048266201938654e-22, nan 
86.125, 58.625, 2.2516938954222106e-22, nan 
86.375, 58.625, 2.569309577583013e-22, nan 
86.625, 58.625, 2.722352681044861e-22, nan 
86.875, 58.625, 7.209860105115693e-22, nan 
87.125, 58.625, 8.9381622089649e-22, nan 
87.375, 58.625, 6.775672228009197e-22, nan 
87.625, 58.625, 5.449224671712343e-22, nan 
87.875, 58.625, 2.9991960635709896e-22, nan 
88.125, 58.625, 5.816156323002012e-22, nan 
88.375, 58.625, 1.4878334562803853e-21, nan 
88.625, 58.625, 1.7098032565484357e-21, nan 
88.875, 58.625, 1.9840901510998203e-21, nan 
89.125, 58.625, 2.6459473422375436e-21, nan 
89.375, 58.625, 3.051756651529635e-21, nan 
89.625, 58.625, 1.989127343585679e-21, nan 
89.875, 58.625, 1.554920037779299e-21, nan 
90.125, 58.625, 1.4467734923949943e-21, nan 
90.375, 58.625, 1.4418700745997044e-21, nan 
90.625, 58.625, 8.99143946266612e-22, nan 
90.875, 58.625, 1.0644757615889747e-21, nan 
91.125, 58.625, 1.1466211891159905e-21, nan 
91.375, 58.625, 1.1514882435114798e-21, nan 
91.625, 58.625, 1.2257227356208398e-21, nan 
91.875, 58.625, 1.375588747512213e-21, nan 
92.125, 58.625, 1.8684402816813887e-21, nan 
92.375, 58.625, 1.841820937075518e-21, nan 
92.625, 58.625, 1.5046893773736863e-21, nan 
92.875, 58.625, 1.5107769904231158e-21, nan 
93.125, 58.625, 1.6137003335897518e-21, nan 
93.375, 58.625, 1.7173515347263496e-21, nan 
93.625, 58.625, 1.3336671552855541e-21, nan 
93.875, 58.625, 1.1214503176086886e-21, nan 
94.125, 58.625, 1.3110734606430349e-21, nan 
94.375, 58.625, 1.5208891497364406e-21, nan 
94.625, 58.625, 1.5890691159983709e-21, nan 
94.875, 58.625, 1.36011561719276e-21, nan 
95.125, 58.625, 1.6571259060292676e-21, nan 
95.375, 58.625, 1.956107627541939e-21, nan 
95.625, 58.625, 1.821100704341625e-21, nan 
95.875, 58.625, 1.9375374726315707e-21, nan 
96.125, 58.625, 1.391277296195669e-21, nan 
96.375, 58.625, 1.1952687773917819e-21, nan 
96.625, 58.625, 1.8039353996318912e-21, nan 
96.875, 58.625, 2.5419764524590857e-21, nan 
97.125, 58.625, 3.601986196901022e-21, nan 
97.375, 58.625, 3.986454806099774e-21, nan 
97.625, 58.625, 2.3792047337239086e-21, nan 
97.875, 58.625, 3.0419324564061513e-21, nan 
98.125, 58.625, 3.24217349393882e-21, nan 
98.375, 58.625, 2.452781732329108e-21, nan 
98.625, 58.625, 9.788217588457728e-21, nan 
98.875, 58.625, 1.3417835381896115e-20, nan 
99.125, 58.625, 8.1006297463062e-21, nan 
99.375, 58.625, 4.176498385369042e-21, nan 
99.625, 58.625, 3.887203868441474e-21, nan 
99.875, 58.625, 3.182848118855986e-21, nan 
100.125, 58.625, 2.7519500936201932e-21, nan 
100.375, 58.625, 4.366519259863833e-21, nan 
100.625, 58.625, 7.413275576124149e-21, nan 
100.875, 58.625, 6.615376922536807e-21, nan 
101.125, 58.625, 4.365348247268899e-21, nan 
101.375, 58.625, 1.798857301370144e-21, nan 
101.625, 58.625, 1.79496319138793e-21, nan 
101.875, 58.625, 1.3253740587255307e-21, nan 
102.125, 58.625, 2.3206742055939895e-21, nan 
102.375, 58.625, 6.474913790367182e-21, nan 
102.625, 58.625, 1.5520109946574915e-20, nan 
102.875, 58.625, 1.4818340305605692e-20, nan 
103.125, 58.625, 4.422612874785791e-21, nan 
103.375, 58.625, 6.300854291999583e-21, nan 
103.625, 58.625, 6.705019902444915e-21, nan 
103.875, 58.625, 3.59753206334201e-21, nan 
104.125, 58.625, 3.3330126106803397e-21, nan 
104.375, 58.625, 3.601033409950418e-21, nan 
104.625, 58.625, 2.7136510540461256e-21, nan 
104.875, 58.625, 2.7752436952619642e-21, nan 
105.125, 58.625, 2.476428195343389e-21, nan 
105.375, 58.625, 7.618167146316824e-22, nan 
105.625, 58.625, 1.013922642530429e-21, nan 
105.875, 58.625, 2.4208466259369944e-21, nan 
106.125, 58.625, 3.1015049666579378e-21, nan 
106.375, 58.625, 2.5262935976683034e-21, nan 
106.625, 58.625, 1.5240550582179743e-21, nan 
106.875, 58.625, 1.4060884794057009e-21, nan 
107.125, 58.625, 1.0515107936930306e-21, nan 
107.375, 58.625, 7.983552838591174e-22, nan 
107.625, 58.625, 6.610113005672484e-22, nan 
107.875, 58.625, 1.4194548240793212e-21, nan 
108.125, 58.625, 1.1837017145423483e-21, nan 
108.375, 58.625, 1.392059381570714e-21, nan 
108.625, 58.625, 1.383192894735009e-21, nan 
108.875, 58.625, 9.8964486775052e-22, nan 
109.125, 58.625, 6.880834147415434e-22, nan 
109.375, 58.625, 6.173951980773481e-22, nan 
109.625, 58.625, 6.188005419297411e-22, nan 
109.875, 58.625, 9.443227642414972e-22, nan 
110.125, 58.625, 8.249898095121753e-22, nan 
110.375, 58.625, 1.9482966291375525e-21, nan 
110.625, 58.625, 1.967690487051328e-21, nan 
110.875, 58.625, 6.379781658392659e-22, nan 
111.125, 58.625, 6.727572024179692e-22, nan 
111.375, 58.625, 7.707925177228741e-22, nan 
111.625, 58.625, 1.6925396357694355e-21, nan 
111.875, 58.625, 2.2522257261765385e-21, nan 
112.125, 58.625, 3.498180767344787e-21, nan 
112.375, 58.625, 2.977799699935287e-21, nan 
112.625, 58.625, 2.910192201681453e-21, nan 
112.875, 58.625, 2.2812362472798833e-21, nan 
113.125, 58.625, 8.322773246163014e-22, nan 
113.375, 58.625, 8.166220231581573e-22, nan 
113.625, 58.625, 2.4441228534211542e-21, nan 
113.875, 58.625, 3.095844182022829e-21, nan 
114.125, 58.625, 1.4672696055384714e-21, nan 
114.375, 58.625, 5.554275816246728e-22, nan 
114.625, 58.625, 2.839044242708838e-22, nan 
114.875, 58.625, 3.1399199957935274e-22, nan 
115.125, 58.625, 4.105718029977206e-22, nan 
115.375, 58.625, 2.9693592092841076e-22, nan 
115.625, 58.625, 5.755216051959964e-22, nan 
115.875, 58.625, 1.021395519359303e-21, nan 
116.125, 58.625, 8.546779150980303e-22, nan 
116.375, 58.625, 2.3155250200132386e-22, nan 
116.625, 58.625, 1.559304040054775e-21, nan 
116.875, 58.625, 2.5434259538064673e-21, nan 
117.125, 58.625, 1.9246065326796983e-21, nan 
117.375, 58.625, 6.658631181524243e-22, nan 
117.625, 58.625, 3.999917109278065e-22, nan 
117.875, 58.625, 2.586378438159168e-22, nan 
118.125, 58.625, 2.196453418550351e-22, nan 
118.375, 58.625, 1.7252789728016907e-22, nan 
118.625, 58.625, 9.673212512560078e-23, nan 
118.875, 58.625, 1.087041095437029e-22, nan 
119.125, 58.625, 8.269948113848499e-22, nan 
119.375, 58.625, 8.760831504734392e-22, nan 
119.625, 58.625, 4.704807135070364e-22, nan 
119.875, 58.625, 4.628159960108775e-22, nan 
120.125, 58.625, 3.648734703373651e-22, nan 
120.375, 58.625, 2.0233225687499618e-22, nan 
120.625, 58.625, 1.1817932739792623e-22, nan 
120.875, 58.625, 1.1381869892368212e-22, nan 
121.125, 58.625, 1.5539642138289287e-22, nan 
121.375, 58.625, 1.6730955726567652e-22, nan 
121.625, 58.625, 1.191351143770683e-22, nan 
121.875, 58.625, 8.263667580039729e-23, nan 
122.125, 58.625, 7.806942902260091e-23, nan 
122.375, 58.625, 7.865721815489397e-23, nan 
122.625, 58.625, 8.751162125632475e-23, nan 
122.875, 58.625, 9.283775562513452e-23, nan 
123.125, 58.625, 9.162597952999112e-23, nan 
123.375, 58.625, 9.082670814303393e-23, nan 
123.625, 58.625, 6.357714493971108e-23, nan 
123.875, 58.625, 6.067028694596672e-23, nan 
124.125, 58.625, 4.9742503814204615e-23, nan 
124.375, 58.625, 7.668397165551777e-23, nan 
124.625, 58.625, 1.8010407093117716e-22, nan 
124.875, 58.625, 2.3679170288414437e-22, nan 
125.125, 58.625, 2.1847591939315537e-22, nan 
125.375, 58.625, 1.6110041483226776e-22, nan 
125.625, 58.625, 6.049835706387724e-23, nan 
125.875, 58.625, 2.859333393621836e-23, nan 
126.125, 58.625, 4.6494731120113717e-23, nan 
126.375, 58.625, 4.9937217938025567e-23, nan 
126.625, 58.625, 6.477562230261558e-23, nan 
126.875, 58.625, 6.509477269606463e-23, nan 
127.125, 58.625, 6.592330533332911e-23, nan 
127.375, 58.625, 7.758790528949183e-23, nan 
127.625, 58.625, 6.598933156911791e-23, nan 
127.875, 58.625, 3.6014018088410657e-23, nan 
128.125, 58.625, 2.063841795233046e-23, nan 
128.375, 58.625, 3.867346167606207e-23, nan 
128.625, 58.625, 6.511918650535037e-23, nan 
128.875, 58.625, 5.476110623130177e-23, nan 
129.125, 58.625, 4.42182632887418e-23, nan 
129.375, 58.625, 5.239187722209231e-23, nan 
129.625, 58.625, 4.9184493459457e-23, nan 
129.875, 58.625, 2.2767989423222383e-23, nan 
130.125, 58.625, 6.293230471399244e-23, nan 
130.375, 58.625, 6.373952341627029e-23, nan 
130.625, 58.625, 2.995234003257014e-23, nan 
130.875, 58.625, 1.762150214299429e-23, nan 
131.125, 58.625, 1.640925255449735e-23, nan 
131.375, 58.625, 2.951069087328499e-23, nan 
131.625, 58.625, 3.660274508574486e-23, nan 
131.875, 58.625, 2.0531005912913104e-23, nan 
132.125, 58.625, 1.3892999795743392e-23, nan 
132.375, 58.625, 2.2401353334560934e-23, nan 
132.625, 58.625, 2.1609293412955012e-23, nan 
132.875, 58.625, 3.0347861345002806e-23, nan 
133.125, 58.625, 3.6702364720369185e-23, nan 
133.375, 58.625, 3.2160753524266077e-23, nan 
133.625, 58.625, 2.1129937172271875e-23, nan 
133.875, 58.625, 2.700901297824122e-23, nan 
134.125, 58.625, 2.794715589981857e-23, nan 
134.375, 58.625, 2.3003412806308806e-23, nan 
134.625, 58.625, 1.1778611521126568e-23, nan 
134.875, 58.625, 1.2404519009445965e-23, nan 
135.125, 58.625, 2.5557069598188584e-23, nan 
135.375, 58.625, 3.4144311659258165e-23, nan 
135.625, 58.625, 1.859979549107275e-23, nan 
135.875, 58.625, 2.4341227308498048e-23, nan 
136.125, 58.625, 2.776493212433109e-23, nan 
136.375, 58.625, 1.7015237983000094e-23, nan 
136.625, 58.625, 1.2397350039056598e-23, nan 
136.875, 58.625, 1.3294930395596974e-23, nan 
137.125, 58.625, 9.777909500819656e-24, nan 
137.375, 58.625, 1.1639384428987781e-23, nan 
137.625, 58.625, 8.065721285079323e-24, nan 
137.875, 58.625, 8.91484872721635e-24, nan 
138.125, 58.625, 1.3683402449654083e-23, nan 
138.375, 58.625, 1.1734167373721808e-23, nan 
138.625, 58.625, 5.847562845346796e-24, nan 
138.875, 58.625, 9.939982916864441e-24, nan 
139.125, 58.625, 9.986506094694166e-24, nan 
139.375, 58.625, 3.403746585614801e-23, nan 
139.625, 58.625, 3.7290260102521696e-23, nan 
139.875, 58.625, 4.4694909618179605e-23, nan 
140.125, 58.625, 4.294254429624741e-23, nan 
140.375, 58.625, 2.0624187475744954e-23, nan 
140.625, 58.625, 7.347272847527084e-24, nan 
140.875, 58.625, 7.058774231082501e-24, nan 
141.125, 58.625, 9.099759539276381e-24, nan 
141.375, 58.625, 8.405381917349024e-24, nan 
141.625, 58.625, 1.7567303579493727e-23, nan 
141.875, 58.625, 2.1873608752583663e-23, nan 
142.125, 58.625, 1.4367272723239784e-23, nan 
142.375, 58.625, 1.1634217249150633e-23, nan 
142.625, 58.625, 1.461925831100563e-23, nan 
142.875, 58.625, 1.4121205170441298e-23, nan 
143.125, 58.625, 6.994296165955083e-24, nan 
143.375, 58.625, 6.928763238521486e-24, nan 
143.625, 58.625, 7.597863198872649e-24, nan 
143.875, 58.625, 2.542288225955114e-23, nan 
144.125, 58.625, 2.517086606980351e-23, nan 
144.375, 58.625, 1.0821616327504818e-23, nan 
144.625, 58.625, 9.751832837555858e-24, nan 
144.875, 58.625, 4.464504906977054e-24, nan 
145.125, 58.625, 5.005012891464038e-24, nan 
145.375, 58.625, 2.9373672094011424e-24, nan 
145.625, 58.625, 4.9694104660095934e-24, nan 
145.875, 58.625, 8.075734289147643e-24, nan 
146.125, 58.625, 1.0942367002413745e-23, nan 
146.375, 58.625, 1.0461469573964311e-23, nan 
146.625, 58.625, 7.281239805951767e-24, nan 
146.875, 58.625, 1.1245139733403325e-23, nan 
147.125, 58.625, 8.530025050899935e-24, nan 
147.375, 58.625, 2.3341307049951165e-24, nan 
147.625, 58.625, 3.115710334222078e-24, nan 
147.875, 58.625, 3.0559313966091174e-24, nan 
148.125, 58.625, 4.742782441569767e-24, nan 
148.375, 58.625, 3.896940658559006e-24, nan 
148.625, 58.625, 2.0286224152968217e-24, nan 
148.875, 58.625, 2.6237384769604662e-24, nan 
149.125, 58.625, 2.105611331438684e-24, nan 
149.375, 58.625, 4.201720262764989e-24, nan 
149.625, 58.625, 1.288645537090943e-23, nan 
149.875, 58.625, 1.518729839723629e-23, nan 
150.125, 58.625, 8.622909856013014e-24, nan 
150.375, 58.625, 6.29473201259065e-24, nan 
150.625, 58.625, 1.0318938734866984e-23, nan 
150.875, 58.625, 1.0397587077361977e-23, nan 
151.125, 58.625, 5.562757025966116e-24, nan 
151.375, 58.625, 8.17386912222995e-24, nan 
151.625, 58.625, 1.2888088697232395e-23, nan 
151.875, 58.625, 1.1704227476383949e-23, nan 
152.125, 58.625, 2.2898971044194693e-24, nan 
152.375, 58.625, 3.4142679688617035e-24, nan 
152.625, 58.625, 4.518154644028616e-24, nan 
152.875, 58.625, 4.647495949177035e-24, nan 
153.125, 58.625, 3.491270169546401e-24, nan 
153.375, 58.625, 4.782380029197396e-24, nan 
153.625, 58.625, 8.695291155935818e-24, nan 
153.875, 58.625, 6.84295122044984e-24, nan 
154.125, 58.625, 3.0772398722826246e-24, nan 
154.375, 58.625, 2.5071300406656376e-24, nan 
154.625, 58.625, 3.0685318905771386e-24, nan 
154.875, 58.625, 3.800018716837754e-24, nan 
155.125, 58.625, 3.589455189458346e-24, nan 
155.375, 58.625, 3.1218591441329995e-24, nan 
155.625, 58.625, 3.51570671135829e-24, nan 
155.875, 58.625, 4.467703723637304e-24, nan 
156.125, 58.625, 4.033840834941939e-24, nan 
156.375, 58.625, 2.9331124761557367e-24, nan 
156.625, 58.625, 3.8535516500384994e-24, nan 
156.875, 58.625, 4.197818946289973e-24, nan 
157.125, 58.625, 1.1508173548535948e-23, nan 
157.375, 58.625, 9.831876193394615e-24, nan 
157.625, 58.625, 2.5880197491358014e-24, nan 
157.875, 58.625, 2.9312180465437693e-24, nan 
158.125, 58.625, 1.800299405412598e-24, nan 
158.375, 58.625, 3.115295184864953e-24, nan 
158.625, 58.625, 5.224584281318956e-24, nan 
158.875, 58.625, 5.874968553798396e-24, nan 
159.125, 58.625, 4.5949701288851206e-24, nan 
43.125, 58.875, 2.1229055678359237e-24, nan 
43.375, 58.875, 4.247457807458267e-24, nan 
43.625, 58.875, 4.661372904159787e-24, nan 
43.875, 58.875, 3.281576423671921e-24, nan 
44.125, 58.875, 3.0684621032921876e-24, nan 
44.375, 58.875, 3.353175879655905e-24, nan 
44.625, 58.875, 2.2108256229831434e-24, nan 
44.875, 58.875, 5.023585353345807e-24, nan 
45.125, 58.875, 8.388937723724954e-24, nan 
45.375, 58.875, 6.269969855160608e-24, nan 
45.625, 58.875, 3.393166496053606e-24, nan 
45.875, 58.875, 1.906002922986279e-24, nan 
46.125, 58.875, 3.3020589078592613e-24, nan 
46.375, 58.875, 5.172839547557608e-24, nan 
46.625, 58.875, 3.779678870487873e-24, nan 
46.875, 58.875, 2.1259760256959272e-24, nan 
47.125, 58.875, 1.0115846553523079e-23, nan 
47.375, 58.875, 1.3905815521003062e-23, nan 
47.625, 58.875, 9.845101475193304e-24, nan 
47.875, 58.875, 4.5986021520008016e-24, nan 
48.125, 58.875, 4.308401399918058e-24, nan 
48.375, 58.875, 5.19494348074676e-24, nan 
48.625, 58.875, 4.932100867199423e-24, nan 
48.875, 58.875, 3.711986902175632e-24, nan 
49.125, 58.875, 4.498873965705044e-24, nan 
49.375, 58.875, 4.705558779247576e-24, nan 
49.625, 58.875, 5.5784392654750025e-24, nan 
49.875, 58.875, 6.7385857169096e-24, nan 
50.125, 58.875, 5.18169250063684e-24, nan 
50.375, 58.875, 4.217544790597266e-24, nan 
50.625, 58.875, 1.869509444626167e-24, nan 
50.875, 58.875, 1.846021740185228e-24, nan 
51.125, 58.875, 6.078193038717837e-24, nan 
51.375, 58.875, 7.865025777712352e-24, nan 
51.625, 58.875, 9.363947286653012e-24, nan 
51.875, 58.875, 1.0974912529082117e-23, nan 
52.125, 58.875, 9.444949683371045e-24, nan 
52.375, 58.875, 1.3179355093707862e-23, nan 
52.625, 58.875, 9.07918636258772e-24, nan 
52.875, 58.875, 7.980347911854326e-24, nan 
53.125, 58.875, 8.49956790485105e-24, nan 
53.375, 58.875, 1.020312049309092e-23, nan 
53.625, 58.875, 9.666159275726613e-24, nan 
53.875, 58.875, 5.392166637013356e-24, nan 
54.125, 58.875, 2.8553862546361834e-24, nan 
54.375, 58.875, 2.0186932124049563e-23, nan 
54.625, 58.875, 2.2788915061408256e-23, nan 
54.875, 58.875, 1.2688943642346235e-23, nan 
55.125, 58.875, 1.4025962255172632e-23, nan 
55.375, 58.875, 1.8168095673697517e-23, nan 
55.625, 58.875, 1.6479882614127825e-23, nan 
55.875, 58.875, 7.78129543101008e-24, nan 
56.125, 58.875, 8.449353766970767e-24, nan 
56.375, 58.875, 1.7546442748808802e-23, nan 
56.625, 58.875, 2.3591391371471483e-23, nan 
56.875, 58.875, 1.019696024373423e-23, nan 
57.125, 58.875, 1.0604638385260096e-23, nan 
57.375, 58.875, 5.384554347719895e-24, nan 
57.625, 58.875, 6.912151394863866e-24, nan 
57.875, 58.875, 1.3282800959325014e-23, nan 
58.125, 58.875, 3.0328269371270994e-23, nan 
58.375, 58.875, 3.8339794383223904e-23, nan 
58.625, 58.875, 3.527248980678695e-23, nan 
58.875, 58.875, 5.528572417823126e-23, nan 
59.125, 58.875, 6.176852419663845e-23, nan 
59.375, 58.875, 4.6941098841534934e-23, nan 
59.625, 58.875, 3.1634129096569076e-23, nan 
59.875, 58.875, 2.9478817191008897e-23, nan 
60.125, 58.875, 2.3841436404101284e-23, nan 
60.375, 58.875, 1.639857340395991e-23, nan 
60.625, 58.875, 1.039475953159028e-23, nan 
60.875, 58.875, 1.3378513854612028e-23, nan 
61.125, 58.875, 1.447795331007389e-23, nan 
61.375, 58.875, 1.4579290015216357e-23, nan 
61.625, 58.875, 2.91278825690168e-23, nan 
61.875, 58.875, 4.8911622951759325e-23, nan 
62.125, 58.875, 6.852129955859383e-23, nan 
62.375, 58.875, 5.48491177327533e-23, nan 
62.625, 58.875, 2.4408646297365794e-23, nan 
62.875, 58.875, 3.360921891716347e-23, nan 
63.125, 58.875, 4.382327340864789e-23, nan 
63.375, 58.875, 3.5435716190462476e-23, nan 
63.625, 58.875, 3.031810136509302e-23, nan 
63.875, 58.875, 2.865823832061242e-23, nan 
64.125, 58.875, 2.5780507436693182e-23, nan 
64.375, 58.875, 1.283602528471262e-23, nan 
64.625, 58.875, 1.752078354292279e-23, nan 
64.875, 58.875, 1.3945355828904047e-23, nan 
65.125, 58.875, 1.491293643792374e-23, nan 
65.375, 58.875, 1.7534208231976088e-23, nan 
65.625, 58.875, 1.938255741616775e-23, nan 
65.875, 58.875, 2.22763338394403e-23, nan 
66.125, 58.875, 2.1197532479216534e-23, nan 
66.375, 58.875, 8.546057546401947e-24, nan 
66.625, 58.875, 2.1372532333023604e-23, nan 
66.875, 58.875, 2.2381197411408264e-23, nan 
67.125, 58.875, 1.3115555399744513e-23, nan 
67.375, 58.875, 1.2872361839701189e-23, nan 
67.625, 58.875, 9.233260554678976e-24, nan 
67.875, 58.875, 9.742430603542699e-24, nan 
68.125, 58.875, 1.2714788317963382e-23, nan 
68.375, 58.875, 2.9744477532525134e-23, nan 
68.625, 58.875, 3.831582455229981e-23, nan 
68.875, 58.875, 3.388111410168121e-23, nan 
69.125, 58.875, 4.544857040847317e-23, nan 
69.375, 58.875, 5.006916500401676e-23, nan 
69.625, 58.875, 3.324892044751452e-23, nan 
69.875, 58.875, 9.7559089389917e-24, nan 
70.125, 58.875, 1.1896407454743852e-23, nan 
70.375, 58.875, 3.324928300275147e-23, nan 
70.625, 58.875, 3.0496706355662415e-23, nan 
70.875, 58.875, 4.2865190409569514e-23, nan 
71.125, 58.875, 3.839129049187623e-23, nan 
71.375, 58.875, 2.9854326768035274e-23, nan 
71.625, 58.875, 1.8869489157256338e-23, nan 
71.875, 58.875, 4.892482691971533e-23, nan 
72.125, 58.875, 3.2785065424172166e-23, nan 
72.375, 58.875, 2.820560634977483e-23, nan 
72.625, 58.875, 5.949376053009315e-23, nan 
72.875, 58.875, 1.1656813379976572e-22, nan 
73.125, 58.875, 4.6732936287239955e-23, nan 
73.375, 58.875, 5.811212370345773e-23, nan 
73.625, 58.875, 5.04790587904424e-23, nan 
73.875, 58.875, 3.950766004328241e-23, nan 
74.125, 58.875, 4.0275102055740595e-23, nan 
74.375, 58.875, 3.9828946179116245e-23, nan 
74.625, 58.875, 6.65463571134263e-23, nan 
74.875, 58.875, 6.775761923950582e-23, nan 
75.125, 58.875, 6.553675860480722e-23, nan 
75.375, 58.875, 6.116873757336603e-23, nan 
75.625, 58.875, 7.616956159718338e-23, nan 
75.875, 58.875, 1.0340969874383088e-22, nan 
76.125, 58.875, 1.61203022214295e-22, nan 
76.375, 58.875, 1.864593283377663e-22, nan 
76.625, 58.875, 1.1123769770235651e-22, nan 
76.875, 58.875, 1.4612567131579265e-22, nan 
77.125, 58.875, 1.0486802375983583e-22, nan 
77.375, 58.875, 1.2956309131556728e-22, nan 
77.625, 58.875, 1.1731749313020966e-22, nan 
77.875, 58.875, 2.5222943282845913e-23, nan 
78.125, 58.875, 5.455615275519423e-23, nan 
78.375, 58.875, 4.9953700666293973e-23, nan 
78.625, 58.875, 3.508443383490237e-23, nan 
78.875, 58.875, 5.0052644475434547e-23, nan 
79.125, 58.875, 1.5840278373949972e-23, nan 
79.375, 58.875, 6.595356353781958e-22, nan 
79.625, 58.875, 7.991262182509333e-22, nan 
79.875, 58.875, 1.2313632920814785e-22, nan 
80.125, 58.875, 7.166238797137922e-23, nan 
80.375, 58.875, 1.1109344012161585e-22, nan 
80.625, 58.875, 1.4247288989782192e-22, nan 
80.875, 58.875, 3.7727211911426917e-22, nan 
81.125, 58.875, 6.222704834179004e-22, nan 
81.375, 58.875, 6.04023484193293e-22, nan 
81.625, 58.875, 2.819212399575944e-22, nan 
81.875, 58.875, 4.0645885336753694e-22, nan 
82.125, 58.875, 4.421804867074113e-22, nan 
82.375, 58.875, 4.0552864040389734e-22, nan 
82.625, 58.875, 4.746932617220746e-22, nan 
82.875, 58.875, 3.4514838238376818e-22, nan 
83.125, 58.875, 5.246903195782039e-22, nan 
83.375, 58.875, 1.0850811061178665e-21, nan 
83.625, 58.875, 1.1680667163455406e-21, nan 
83.875, 58.875, 1.0094990760129666e-21, nan 
84.125, 58.875, 7.930690454396649e-22, nan 
84.375, 58.875, 2.3880866702173846e-22, nan 
84.625, 58.875, 4.137771543147438e-22, nan 
84.875, 58.875, 4.059869024656362e-22, nan 
85.125, 58.875, 1.9992985006348886e-22, nan 
85.375, 58.875, 1.9341645468850131e-22, nan 
85.625, 58.875, 2.5716545603815018e-22, nan 
85.875, 58.875, 1.9351219222333505e-22, nan 
86.125, 58.875, 2.7104472432919014e-22, nan 
86.375, 58.875, 4.522356030503775e-22, nan 
86.625, 58.875, 3.873453383036162e-22, nan 
86.875, 58.875, 2.9752095197107896e-22, nan 
87.125, 58.875, 1.7028978650790033e-22, nan 
87.375, 58.875, 2.6680082322415505e-22, nan 
87.625, 58.875, 5.606225572378234e-22, nan 
87.875, 58.875, 5.448981810829001e-22, nan 
88.125, 58.875, 4.335819818605805e-22, nan 
88.375, 58.875, 2.578110897935471e-22, nan 
88.625, 58.875, 5.353533217063591e-22, nan 
88.875, 58.875, 1.175448620123185e-21, nan 
89.125, 58.875, 2.4237987024308587e-21, nan 
89.375, 58.875, 4.1360393269520885e-21, nan 
89.625, 58.875, 4.201911371667806e-21, nan 
89.875, 58.875, 2.556334156879863e-21, nan 
90.125, 58.875, 1.5857625777183788e-21, nan 
90.375, 58.875, 1.652213356165068e-21, nan 
90.625, 58.875, 1.5009896511114853e-21, nan 
90.875, 58.875, 1.2846448689183576e-21, nan 
91.125, 58.875, 1.3115314227537573e-21, nan 
91.375, 58.875, 1.3061890664373744e-21, nan 
91.625, 58.875, 1.1511075320614049e-21, nan 
91.875, 58.875, 1.3397777466703033e-21, nan 
92.125, 58.875, 2.077598753235746e-21, nan 
92.375, 58.875, 2.9092518301046353e-21, nan 
92.625, 58.875, 2.902498974969316e-21, nan 
92.875, 58.875, 2.078309104882957e-21, nan 
93.125, 58.875, 1.3069845164954956e-21, nan 
93.375, 58.875, 1.509672750572483e-21, nan 
93.625, 58.875, 1.7011255412644586e-21, nan 
93.875, 58.875, 1.6495840712402104e-21, nan 
94.125, 58.875, 1.6112488158753407e-21, nan 
94.375, 58.875, 1.4041683250526735e-21, nan 
94.625, 58.875, 2.4637044647178893e-21, nan 
94.875, 58.875, 2.3215561981432107e-21, nan 
95.125, 58.875, 1.586656569109954e-21, nan 
95.375, 58.875, 2.8306743792327344e-21, nan 
95.625, 58.875, 3.0071458039325887e-21, nan 
95.875, 58.875, 3.7988756589171425e-21, nan 
96.125, 58.875, 3.4095541165218694e-21, nan 
96.375, 58.875, 1.6231729170835883e-21, nan 
96.625, 58.875, 3.5550031197807014e-21, nan 
96.875, 58.875, 3.3687114924788763e-21, nan 
97.125, 58.875, 4.1182483835815386e-21, nan 
97.375, 58.875, 3.703789458709318e-21, nan 
97.625, 58.875, 3.3531638673221613e-21, nan 
97.875, 58.875, 3.758437469200956e-21, nan 
98.125, 58.875, 3.55699674084725e-21, nan 
98.375, 58.875, 1.1208778876357001e-20, nan 
98.625, 58.875, 1.6065171689936602e-20, nan 
98.875, 58.875, 1.3108184315639383e-20, nan 
99.125, 58.875, 4.077799650623153e-21, nan 
99.375, 58.875, 2.493438688819601e-21, nan 
99.625, 58.875, 4.460127414399959e-21, nan 
99.875, 58.875, 5.403998702196789e-21, nan 
100.125, 58.875, 5.589392919673142e-21, nan 
100.375, 58.875, 6.023239113549705e-21, nan 
100.625, 58.875, 4.17235869018308e-21, nan 
100.875, 58.875, 4.16332378815419e-21, nan 
101.125, 58.875, 4.611721811069139e-21, nan 
101.375, 58.875, 5.415348375948066e-21, nan 
101.625, 58.875, 2.924199457506822e-21, nan 
101.875, 58.875, 2.8858024167551605e-21, nan 
102.125, 58.875, 1.901417382894497e-21, nan 
102.375, 58.875, 7.431390046041736e-21, nan 
102.625, 58.875, 2.1119035979167843e-20, nan 
102.875, 58.875, 2.0529211524096752e-20, nan 
103.125, 58.875, 6.5083265065982e-21, nan 
103.375, 58.875, 5.2093615616906e-21, nan 
103.625, 58.875, 5.863624834547988e-21, nan 
103.875, 58.875, 6.761299202511608e-21, nan 
104.125, 58.875, 4.978697548229098e-21, nan 
104.375, 58.875, 3.1812198303736734e-21, nan 
104.625, 58.875, 4.5373293690711774e-21, nan 
104.875, 58.875, 3.9445122635239974e-21, nan 
105.125, 58.875, 3.3521137116553186e-21, nan 
105.375, 58.875, 2.7427305350743807e-21, nan 
105.625, 58.875, 3.860418022025355e-21, nan 
105.875, 58.875, 6.761987645240833e-21, nan 
106.125, 58.875, 5.5522312926319465e-21, nan 
106.375, 58.875, 1.6479841960548089e-21, nan 
106.625, 58.875, 1.4576391128151372e-21, nan 
106.875, 58.875, 2.042901219291166e-21, nan 
107.125, 58.875, 1.753347021868766e-21, nan 
107.375, 58.875, 1.3095974626834254e-21, nan 
107.625, 58.875, 1.8374490991198098e-21, nan 
107.875, 58.875, 1.829629003879314e-21, nan 
108.125, 58.875, 1.413967615665047e-21, nan 
108.375, 58.875, 1.3103580791254215e-21, nan 
108.625, 58.875, 1.2324934939510387e-21, nan 
108.875, 58.875, 1.148307530766898e-21, nan 
109.125, 58.875, 1.1103841348129234e-21, nan 
109.375, 58.875, 1.1019806050427618e-21, nan 
109.625, 58.875, 1.059619286865577e-21, nan 
109.875, 58.875, 1.1835617035059459e-21, nan 
110.125, 58.875, 1.0472499453730185e-21, nan 
110.375, 58.875, 1.4152060809526448e-21, nan 
110.625, 58.875, 1.0002306100642905e-21, nan 
110.875, 58.875, 9.813065471761394e-22, nan 
111.125, 58.875, 1.3331316561590892e-21, nan 
111.375, 58.875, 1.3918888339052811e-21, nan 
111.625, 58.875, 1.749845100877411e-21, nan 
111.875, 58.875, 1.896362334623879e-21, nan 
112.125, 58.875, 3.492076349483242e-21, nan 
112.375, 58.875, 3.637306295486054e-21, nan 
112.625, 58.875, 2.0593349728287925e-21, nan 
112.875, 58.875, 9.091744079724819e-22, nan 
113.125, 58.875, 3.794723696060204e-22, nan 
113.375, 58.875, 8.52238103973922e-22, nan 
113.625, 58.875, 7.922316280910749e-22, nan 
113.875, 58.875, 1.225940969005223e-21, nan 
114.125, 58.875, 7.548484124448944e-22, nan 
114.375, 58.875, 5.706009567235158e-22, nan 
114.625, 58.875, 4.292679044233929e-22, nan 
114.875, 58.875, 5.1976868629799035e-22, nan 
115.125, 58.875, 3.095034502543677e-22, nan 
115.375, 58.875, 1.336579343525373e-22, nan 
115.625, 58.875, 1.0752133057209456e-22, nan 
115.875, 58.875, 3.676348679588633e-22, nan 
116.125, 58.875, 6.29558115998542e-22, nan 
116.375, 58.875, 6.244012319784981e-22, nan 
116.625, 58.875, 3.5120722420585036e-22, nan 
116.875, 58.875, 6.870559743480487e-22, nan 
117.125, 58.875, 4.647794848280086e-22, nan 
117.375, 58.875, 3.2923247475182523e-22, nan 
117.625, 58.875, 2.0528311506014455e-22, nan 
117.875, 58.875, 9.532302453987754e-23, nan 
118.125, 58.875, 1.4831171633800243e-22, nan 
118.375, 58.875, 1.8970091657231943e-22, nan 
118.625, 58.875, 1.0138383944010263e-22, nan 
118.875, 58.875, 1.0157497905016585e-22, nan 
119.125, 58.875, 1.6867009625384158e-22, nan 
119.375, 58.875, 5.280034266605265e-22, nan 
119.625, 58.875, 5.172956140988663e-22, nan 
119.875, 58.875, 2.8034884780405293e-22, nan 
120.125, 58.875, 2.3135352628394326e-22, nan 
120.375, 58.875, 2.4015459084499367e-22, nan 
120.625, 58.875, 2.1788703282185067e-22, nan 
120.875, 58.875, 1.3188452537271695e-22, nan 
121.125, 58.875, 8.965348820826219e-23, nan 
121.375, 58.875, 8.623885522335773e-23, nan 
121.625, 58.875, 9.667334971159066e-23, nan 
121.875, 58.875, 6.369035373676601e-23, nan 
122.125, 58.875, 5.601792449522301e-23, nan 
122.375, 58.875, 4.337201747270394e-23, nan 
122.625, 58.875, 4.487871763841656e-23, nan 
122.875, 58.875, 6.49490027710905e-23, nan 
123.125, 58.875, 6.438477444580793e-23, nan 
123.375, 58.875, 8.025547617602496e-23, nan 
123.625, 58.875, 7.089397157423472e-23, nan 
123.875, 58.875, 7.052203277523167e-23, nan 
124.125, 58.875, 6.351699802502061e-23, nan 
124.375, 58.875, 5.13807338751764e-23, nan 
124.625, 58.875, 4.75399423544704e-23, nan 
124.875, 58.875, 5.454651114683713e-23, nan 
125.125, 58.875, 5.824710944356725e-23, nan 
125.375, 58.875, 4.3456901208545823e-23, nan 
125.625, 58.875, 5.652335562193767e-23, nan 
125.875, 58.875, 6.903370326627753e-23, nan 
126.125, 58.875, 5.2772615002030875e-23, nan 
126.375, 58.875, 3.076665126768634e-23, nan 
126.625, 58.875, 7.013580878352007e-23, nan 
126.875, 58.875, 7.345235588453495e-23, nan 
127.125, 58.875, 6.060939271596034e-23, nan 
127.375, 58.875, 6.623394083262844e-23, nan 
127.625, 58.875, 8.471968791695864e-23, nan 
127.875, 58.875, 6.214820117421334e-23, nan 
128.125, 58.875, 3.6204386967205487e-23, nan 
128.375, 58.875, 4.0137227851585236e-23, nan 
128.625, 58.875, 5.380797173225689e-23, nan 
128.875, 58.875, 5.704076701102823e-23, nan 
129.125, 58.875, 6.86886815809816e-23, nan 
129.375, 58.875, 6.752128709254259e-23, nan 
129.625, 58.875, 4.252594481123812e-23, nan 
129.875, 58.875, 9.515908134924215e-23, nan 
130.125, 58.875, 9.563695609440983e-23, nan 
130.375, 58.875, 3.6333489587128984e-23, nan 
130.625, 58.875, 1.5591536144373025e-23, nan 
130.875, 58.875, 9.660636950919835e-24, nan 
131.125, 58.875, 1.1719894002637791e-23, nan 
131.375, 58.875, 2.3716472695524478e-23, nan 
131.625, 58.875, 2.4503235338982303e-23, nan 
131.875, 58.875, 2.3346740526647216e-23, nan 
132.125, 58.875, 2.535545969313263e-23, nan 
132.375, 58.875, 2.2262605597838556e-23, nan 
132.625, 58.875, 2.1694278587402368e-23, nan 
132.875, 58.875, 2.097660181123209e-23, nan 
133.125, 58.875, 3.4542277263502165e-23, nan 
133.375, 58.875, 2.3553813412289323e-23, nan 
133.625, 58.875, 2.7317213111059877e-23, nan 
133.875, 58.875, 3.297251477197988e-23, nan 
134.125, 58.875, 2.711164922252199e-23, nan 
134.375, 58.875, 2.0686608795118755e-23, nan 
134.625, 58.875, 1.7252682432003715e-23, nan 
134.875, 58.875, 1.8425770823012947e-23, nan 
135.125, 58.875, 2.455899017940157e-23, nan 
135.375, 58.875, 4.2412526364667204e-23, nan 
135.625, 58.875, 3.4472575679045376e-23, nan 
135.875, 58.875, 5.938292227216882e-24, nan 
136.125, 58.875, 1.1317650539945954e-23, nan 
136.375, 58.875, 1.5273906784674962e-23, nan 
136.625, 58.875, 1.0811125584584807e-23, nan 
136.875, 58.875, 1.3212513860616607e-23, nan 
137.125, 58.875, 1.272581036930184e-23, nan 
137.375, 58.875, 1.2356264100660516e-23, nan 
137.625, 58.875, 1.305530754421214e-23, nan 
137.875, 58.875, 1.4999697496066445e-23, nan 
138.125, 58.875, 2.0276952682823827e-23, nan 
138.375, 58.875, 1.8017075046866015e-23, nan 
138.625, 58.875, 5.588715273286365e-24, nan 
138.875, 58.875, 2.1990054409288714e-23, nan 
139.125, 58.875, 2.0331339483390895e-23, nan 
139.375, 58.875, 1.6042837715276403e-23, nan 
139.625, 58.875, 2.2039896943688893e-23, nan 
139.875, 58.875, 2.5873889389209337e-23, nan 
140.125, 58.875, 1.5563204505391764e-23, nan 
140.375, 58.875, 1.38634293516251e-23, nan 
140.625, 58.875, 1.9884854773605957e-23, nan 
140.875, 58.875, 1.631356728347355e-23, nan 
141.125, 58.875, 1.9901706290868776e-23, nan 
141.375, 58.875, 1.1171325531444834e-23, nan 
141.625, 58.875, 8.246319650884608e-24, nan 
141.875, 58.875, 1.1915853500064443e-23, nan 
142.125, 58.875, 1.043635786467288e-23, nan 
142.375, 58.875, 9.083214225466236e-24, nan 
142.625, 58.875, 1.2471989619825335e-23, nan 
142.875, 58.875, 9.703475920968612e-24, nan 
143.125, 58.875, 4.328917013150639e-24, nan 
143.375, 58.875, 1.5089239034650318e-24, nan 
143.625, 58.875, 6.17236650601019e-24, nan 
143.875, 58.875, 1.9388781012203318e-23, nan 
144.125, 58.875, 1.7950733679219992e-23, nan 
144.375, 58.875, 7.846396670940615e-24, nan 
144.625, 58.875, 3.976733752997983e-24, nan 
144.875, 58.875, 3.529484807232171e-24, nan 
145.125, 58.875, 3.356486746249775e-24, nan 
145.375, 58.875, 2.4984818607633633e-24, nan 
145.625, 58.875, 3.1181795637841262e-24, nan 
145.875, 58.875, 3.959202868242616e-24, nan 
146.125, 58.875, 3.727983911870407e-24, nan 
146.375, 58.875, 6.33613914121966e-24, nan 
146.625, 58.875, 1.2227987098436833e-23, nan 
146.875, 58.875, 1.2189513504266385e-23, nan 
147.125, 58.875, 3.990184042680703e-24, nan 
147.375, 58.875, 1.3945619681487783e-24, nan 
147.625, 58.875, 1.8763877952347325e-24, nan 
147.875, 58.875, 2.7229300518261733e-24, nan 
148.125, 58.875, 3.158658043128185e-24, nan 
148.375, 58.875, 3.837344848652248e-24, nan 
148.625, 58.875, 5.6203182673477245e-24, nan 
148.875, 58.875, 6.485928806589023e-24, nan 
149.125, 58.875, 3.090613599053284e-24, nan 
149.375, 58.875, 3.3221437440689596e-24, nan 
149.625, 58.875, 5.0543736304581955e-24, nan 
149.875, 58.875, 9.389240898806888e-24, nan 
150.125, 58.875, 6.881149127031383e-24, nan 
150.375, 58.875, 4.814006236932165e-24, nan 
150.625, 58.875, 6.383903770493695e-24, nan 
150.875, 58.875, 3.464057213505282e-24, nan 
151.125, 58.875, 6.399029355026607e-24, nan 
151.375, 58.875, 9.523589352568432e-24, nan 
151.625, 58.875, 7.197453106379872e-24, nan 
151.875, 58.875, 6.1598873012700726e-24, nan 
152.125, 58.875, 4.352734768683854e-24, nan 
152.375, 58.875, 9.784153175819002e-24, nan 
152.625, 58.875, 9.475753093418946e-24, nan 
152.875, 58.875, 6.8801255732878e-24, nan 
153.125, 58.875, 4.789910307243854e-24, nan 
153.375, 58.875, 5.146286322376265e-24, nan 
153.625, 58.875, 7.828686283959813e-24, nan 
153.875, 58.875, 3.567459589888361e-24, nan 
154.125, 58.875, 2.497291655870775e-24, nan 
154.375, 58.875, 2.522622645687993e-24, nan 
154.625, 58.875, 4.122160351631919e-24, nan 
154.875, 58.875, 5.120548764853701e-24, nan 
155.125, 58.875, 3.6217399227046955e-24, nan 
155.375, 58.875, 3.026373007227134e-24, nan 
155.625, 58.875, 2.4096159708126408e-24, nan 
155.875, 58.875, 2.2616459621388065e-24, nan 
156.125, 58.875, 9.084490007446612e-24, nan 
156.375, 58.875, 1.1682310751245657e-23, nan 
156.625, 58.875, 1.8078945720726758e-23, nan 
156.875, 58.875, 1.581717162627108e-23, nan 
157.125, 58.875, 5.3290343390866544e-24, nan 
157.375, 58.875, 2.2024494691551613e-24, nan 
157.625, 58.875, 5.3697461173596306e-24, nan 
157.875, 58.875, 6.187105105748917e-24, nan 
158.125, 58.875, 4.0724368239393355e-24, nan 
158.375, 58.875, 1.5378083376005687e-24, nan 
158.625, 58.875, 1.502416883571762e-24, nan 
158.875, 58.875, 3.83039925153878e-24, nan 
159.125, 58.875, 2.9843153540566423e-24, nan 
159.375, 58.875, 2.0344125811255878e-24, nan 
159.625, 58.875, 1.7620630977425166e-24, nan 
42.875, 59.125, 9.988526830354584e-25, nan 
43.125, 59.125, 2.0686201996853176e-24, nan 
43.375, 59.125, 2.1961364815300202e-24, nan 
43.625, 59.125, 2.6537123296938137e-24, nan 
43.875, 59.125, 3.7488829426062e-24, nan 
44.125, 59.125, 4.749562266764746e-24, nan 
44.375, 59.125, 4.756511565788073e-24, nan 
44.625, 59.125, 7.512226655491497e-24, nan 
44.875, 59.125, 7.189583319112005e-24, nan 
45.125, 59.125, 5.34329807376082e-24, nan 
45.375, 59.125, 4.5381393778081925e-24, nan 
45.625, 59.125, 4.384685685429275e-24, nan 
45.875, 59.125, 3.603533037660966e-24, nan 
46.125, 59.125, 3.1457565564400718e-24, nan 
46.375, 59.125, 5.406469707503891e-24, nan 
46.625, 59.125, 4.625296425882451e-24, nan 
46.875, 59.125, 4.5164672940955154e-24, nan 
47.125, 59.125, 5.412713869684818e-24, nan 
47.375, 59.125, 1.1929176542251578e-23, nan 
47.625, 59.125, 1.7003586521933232e-23, nan 
47.875, 59.125, 1.4729746598771412e-23, nan 
48.125, 59.125, 3.685876938038275e-24, nan 
48.375, 59.125, 3.782028872763053e-24, nan 
48.625, 59.125, 4.424728541689782e-24, nan 
48.875, 59.125, 4.358279542677093e-24, nan 
49.125, 59.125, 7.833328760097853e-24, nan 
49.375, 59.125, 8.71969212134986e-24, nan 
49.625, 59.125, 8.712786903855567e-24, nan 
49.875, 59.125, 9.819425313711011e-24, nan 
50.125, 59.125, 8.914201532841298e-24, nan 
50.375, 59.125, 8.60808585571415e-24, nan 
50.625, 59.125, 7.524938445064204e-24, nan 
50.875, 59.125, 5.220731307023901e-24, nan 
51.125, 59.125, 3.4634759680087434e-24, nan 
51.375, 59.125, 5.455638046152516e-24, nan 
51.625, 59.125, 6.053354619104663e-24, nan 
51.875, 59.125, 4.2998105916587066e-24, nan 
52.125, 59.125, 4.366284054689213e-24, nan 
52.375, 59.125, 8.028759234339526e-24, nan 
52.625, 59.125, 9.858365850744407e-24, nan 
52.875, 59.125, 1.1704448697142503e-23, nan 
53.125, 59.125, 1.4341692697062688e-23, nan 
53.375, 59.125, 1.389678948977544e-23, nan 
53.625, 59.125, 1.0037336309547367e-23, nan 
53.875, 59.125, 1.0868863677530977e-23, nan 
54.125, 59.125, 4.6468178927354016e-24, nan 
54.375, 59.125, 1.0091882956644002e-23, nan 
54.625, 59.125, 1.2024964383417755e-23, nan 
54.875, 59.125, 8.157078367152072e-24, nan 
55.125, 59.125, 1.0220186707127417e-23, nan 
55.375, 59.125, 2.2301932449384458e-23, nan 
55.625, 59.125, 2.1803432923997928e-23, nan 
55.875, 59.125, 1.3062567646527528e-23, nan 
56.125, 59.125, 2.250744497663623e-23, nan 
56.375, 59.125, 2.5794903153366518e-23, nan 
56.625, 59.125, 3.8229254175563936e-23, nan 
56.875, 59.125, 3.223409823536313e-23, nan 
57.125, 59.125, 2.0019238607399524e-23, nan 
57.375, 59.125, 3.2353210302455973e-23, nan 
57.625, 59.125, 2.1674504582689498e-23, nan 
57.875, 59.125, 1.234838533623984e-23, nan 
58.125, 59.125, 1.1735123315551026e-23, nan 
58.375, 59.125, 1.9912715301075903e-23, nan 
58.625, 59.125, 2.902330911612168e-23, nan 
58.875, 59.125, 3.2247106026970595e-23, nan 
59.125, 59.125, 1.5209888631046216e-23, nan 
59.375, 59.125, 3.12778004140728e-23, nan 
59.625, 59.125, 1.9591544866240506e-23, nan 
59.875, 59.125, 8.110389228870627e-24, nan 
60.125, 59.125, 1.6701433869631776e-23, nan 
60.375, 59.125, 1.6727721066919775e-23, nan 
60.625, 59.125, 4.870719791226245e-24, nan 
60.875, 59.125, 1.4017516962514503e-23, nan 
61.125, 59.125, 3.1558754699417844e-23, nan 
61.375, 59.125, 3.155118649349609e-23, nan 
61.625, 59.125, 2.885876667349032e-23, nan 
61.875, 59.125, 3.157363040767977e-23, nan 
62.125, 59.125, 4.3636564497976246e-23, nan 
62.375, 59.125, 3.449793121204211e-23, nan 
62.625, 59.125, 2.333489700018683e-23, nan 
62.875, 59.125, 2.9292854120630053e-23, nan 
63.125, 59.125, 3.62562105520638e-23, nan 
63.375, 59.125, 3.239168856690073e-23, nan 
63.625, 59.125, 2.992252768214578e-23, nan 
63.875, 59.125, 3.2215680625280096e-23, nan 
64.125, 59.125, 4.192660655246325e-23, nan 
64.375, 59.125, 4.191143096299828e-23, nan 
64.625, 59.125, 2.1460512956643079e-23, nan 
64.875, 59.125, 1.5503980613854063e-23, nan 
65.125, 59.125, 1.5874204131752478e-23, nan 
65.375, 59.125, 1.6225784637753135e-23, nan 
65.625, 59.125, 1.2969917920479264e-23, nan 
65.875, 59.125, 8.068925322719223e-24, nan 
66.125, 59.125, 7.60065893825381e-24, nan 
66.375, 59.125, 9.770548557613428e-24, nan 
66.625, 59.125, 1.821418516931624e-23, nan 
66.875, 59.125, 2.930169777619607e-23, nan 
67.125, 59.125, 2.931209328281154e-23, nan 
67.375, 59.125, 1.2249190791833337e-23, nan 
67.625, 59.125, 8.513837013977762e-24, nan 
67.875, 59.125, 1.1417561508307314e-23, nan 
68.125, 59.125, 1.601448115483135e-23, nan 
68.375, 59.125, 2.8906565539707373e-23, nan 
68.625, 59.125, 3.555886965951476e-23, nan 
68.875, 59.125, 4.9310947818477445e-23, nan 
69.125, 59.125, 6.025676873627831e-23, nan 
69.375, 59.125, 4.25861716393638e-23, nan 
69.625, 59.125, 2.37425897413198e-23, nan 
69.875, 59.125, 2.2552173297389792e-23, nan 
70.125, 59.125, 1.0437353585607316e-23, nan 
70.375, 59.125, 1.3147185825394756e-23, nan 
70.625, 59.125, 1.4550219737547596e-23, nan 
70.875, 59.125, 1.5420492460254762e-23, nan 
71.125, 59.125, 1.5728897524206183e-23, nan 
71.375, 59.125, 3.488787039163227e-23, nan 
71.625, 59.125, 7.613693186739496e-23, nan 
71.875, 59.125, 1.0709553858295524e-22, nan 
72.125, 59.125, 6.518612019557923e-23, nan 
72.375, 59.125, 3.952875934927583e-23, nan 
72.625, 59.125, 3.1764908961523847e-23, nan 
72.875, 59.125, 7.408796690958863e-23, nan 
73.125, 59.125, 7.086356056696723e-23, nan 
73.375, 59.125, 3.62503313595787e-23, nan 
73.625, 59.125, 2.4581803049776732e-23, nan 
73.875, 59.125, 6.431944336144027e-23, nan 
74.125, 59.125, 7.944026992312411e-23, nan 
74.375, 59.125, 8.15980752027932e-23, nan 
74.625, 59.125, 8.802110796271799e-23, nan 
74.875, 59.125, 1.2654189597964466e-22, nan 
75.125, 59.125, 1.2318358231753554e-22, nan 
75.375, 59.125, 9.122954207250359e-23, nan 
75.625, 59.125, 1.0575253530977817e-22, nan 
75.875, 59.125, 9.412629536976159e-23, nan 
76.125, 59.125, 7.261370665487633e-23, nan 
76.375, 59.125, 4.5399550957933757e-23, nan 
76.625, 59.125, 6.07325339311914e-23, nan 
76.875, 59.125, 6.713477013571548e-23, nan 
77.125, 59.125, 6.018883964361959e-23, nan 
77.375, 59.125, 1.0583970446741376e-22, nan 
77.625, 59.125, 1.7909076463301984e-22, nan 
77.875, 59.125, 1.6748158583400222e-22, nan 
78.125, 59.125, 8.991792392670458e-23, nan 
78.375, 59.125, 3.603748689489375e-23, nan 
78.625, 59.125, 4.6956123796204013e-23, nan 
78.875, 59.125, 7.77803116302256e-23, nan 
79.125, 59.125, 8.310001686806349e-23, nan 
79.375, 59.125, 1.1130359353310188e-22, nan 
79.625, 59.125, 8.286350184583652e-22, nan 
79.875, 59.125, 8.38733825480819e-22, nan 
80.125, 59.125, 5.20751163722109e-22, nan 
80.375, 59.125, 4.243406116882591e-22, nan 
80.625, 59.125, 3.618597248533817e-22, nan 
80.875, 59.125, 4.895274067162803e-22, nan 
81.125, 59.125, 4.497289860799658e-22, nan 
81.375, 59.125, 2.862425275886078e-22, nan 
81.625, 59.125, 2.767815878145194e-22, nan 
81.875, 59.125, 2.826903307281643e-22, nan 
82.125, 59.125, 2.4076635683765667e-22, nan 
82.375, 59.125, 3.1750183362793573e-22, nan 
82.625, 59.125, 2.812593694593581e-22, nan 
82.875, 59.125, 3.6799278189429e-22, nan 
83.125, 59.125, 3.6089414494969594e-22, nan 
83.375, 59.125, 5.508838509839186e-22, nan 
83.625, 59.125, 9.038799495376568e-22, nan 
83.875, 59.125, 8.433678613186237e-22, nan 
84.125, 59.125, 4.568711078602016e-22, nan 
84.375, 59.125, 3.6985037234914387e-22, nan 
84.625, 59.125, 2.5638876413097736e-22, nan 
84.875, 59.125, 3.773543517399311e-22, nan 
85.125, 59.125, 4.875002161441718e-22, nan 
85.375, 59.125, 4.296182218033831e-22, nan 
85.625, 59.125, 4.377934537384722e-22, nan 
85.875, 59.125, 5.522373550266745e-22, nan 
86.125, 59.125, 5.780297596315626e-22, nan 
86.375, 59.125, 7.212456175006386e-22, nan 
86.625, 59.125, 6.210382743467149e-22, nan 
86.875, 59.125, 3.611641983068856e-22, nan 
87.125, 59.125, 2.265853881717286e-22, nan 
87.375, 59.125, 3.4221925960205536e-22, nan 
87.625, 59.125, 3.72116602957808e-22, nan 
87.875, 59.125, 2.7171867887553793e-22, nan 
88.125, 59.125, 6.208743490496176e-22, nan 
88.375, 59.125, 5.684843591484532e-22, nan 
88.625, 59.125, 2.267021022743955e-22, nan 
88.875, 59.125, 2.115759231158858e-22, nan 
89.125, 59.125, 3.130765817506441e-22, nan 
89.375, 59.125, 1.1315247844850856e-21, nan 
89.625, 59.125, 3.183149877013934e-21, nan 
89.875, 59.125, 5.354331862185675e-21, nan 
90.125, 59.125, 5.837184806376835e-21, nan 
90.375, 59.125, 2.8951349921092627e-21, nan 
90.625, 59.125, 1.8515311955190985e-21, nan 
90.875, 59.125, 1.558338238983915e-21, nan 
91.125, 59.125, 1.5415048505277905e-21, nan 
91.375, 59.125, 1.927411028843225e-21, nan 
91.625, 59.125, 1.6337500102816806e-21, nan 
91.875, 59.125, 1.3342673870100331e-21, nan 
92.125, 59.125, 1.4004614119663947e-21, nan 
92.375, 59.125, 1.864168467426903e-21, nan 
92.625, 59.125, 2.4808560999183317e-21, nan 
92.875, 59.125, 1.7338347802584357e-21, nan 
93.125, 59.125, 1.0679598461075871e-21, nan 
93.375, 59.125, 1.4177982980225391e-21, nan 
93.625, 59.125, 1.697278810196792e-21, nan 
93.875, 59.125, 1.6058558420376055e-21, nan 
94.125, 59.125, 2.9505306455164463e-21, nan 
94.375, 59.125, 2.8721033802721507e-21, nan 
94.625, 59.125, 1.735221621372692e-21, nan 
94.875, 59.125, 2.9490262639401425e-21, nan 
95.125, 59.125, 4.432232940503753e-21, nan 
95.375, 59.125, 4.6632198244662675e-21, nan 
95.625, 59.125, 3.673871972930999e-21, nan 
95.875, 59.125, 5.4378045810473514e-21, nan 
96.125, 59.125, 5.4352057175506785e-21, nan 
96.375, 59.125, 6.5888090835819254e-21, nan 
96.625, 59.125, 6.334128186670607e-21, nan 
96.875, 59.125, 2.5299674080524293e-21, nan 
97.125, 59.125, 3.0916014525760932e-21, nan 
97.375, 59.125, 3.890574074270266e-21, nan 
97.625, 59.125, 4.649269748813797e-21, nan 
97.875, 59.125, 3.9970867588415915e-21, nan 
98.125, 59.125, 2.963762275736608e-20, nan 
98.375, 59.125, 3.012427423671241e-20, nan 
98.625, 59.125, 1.0586606468570619e-20, nan 
98.875, 59.125, 3.06872225295808e-21, nan 
99.125, 59.125, 3.50785010076937e-21, nan 
99.375, 59.125, 4.773040410248981e-21, nan 
99.625, 59.125, 4.565403371728467e-21, nan 
99.875, 59.125, 6.229037332926159e-21, nan 
100.125, 59.125, 6.595071346440124e-21, nan 
100.375, 59.125, 8.351695759773551e-21, nan 
100.625, 59.125, 9.14443612672198e-21, nan 
100.875, 59.125, 4.254435682430422e-21, nan 
101.125, 59.125, 6.419826438835841e-21, nan 
101.375, 59.125, 1.1028693431591545e-20, nan 
101.625, 59.125, 8.176707968746408e-21, nan 
101.875, 59.125, 3.719846439471913e-21, nan 
102.125, 59.125, 2.7489747386506425e-21, nan 
102.375, 59.125, 4.627534561469934e-21, nan 
102.625, 59.125, 3.0274498012207624e-20, nan 
102.875, 59.125, 3.095294239862546e-20, nan 
103.125, 59.125, 7.560002790819494e-21, nan 
103.375, 59.125, 5.395301856797909e-21, nan 
103.625, 59.125, 5.4330741152031265e-21, nan 
103.875, 59.125, 6.03040942623441e-21, nan 
104.125, 59.125, 5.825676227049145e-21, nan 
104.375, 59.125, 4.02178231342442e-21, nan 
104.625, 59.125, 5.286418770826889e-21, nan 
104.875, 59.125, 4.698714017080197e-21, nan 
105.125, 59.125, 3.5983882929925305e-21, nan 
105.375, 59.125, 3.8459230405700904e-21, nan 
105.625, 59.125, 2.936407170725709e-21, nan 
105.875, 59.125, 3.025849983718269e-21, nan 
106.125, 59.125, 2.3129235938349655e-21, nan 
106.375, 59.125, 1.707773301380205e-21, nan 
106.625, 59.125, 1.637782728647382e-21, nan 
106.875, 59.125, 1.4502709306455858e-21, nan 
107.125, 59.125, 1.953519023248536e-21, nan 
107.375, 59.125, 1.9283614182165954e-21, nan 
107.625, 59.125, 1.5786182422001652e-21, nan 
107.875, 59.125, 9.407049040328545e-22, nan 
108.125, 59.125, 8.053785998254603e-22, nan 
108.375, 59.125, 7.913102204166371e-22, nan 
108.625, 59.125, 1.2986705675799078e-21, nan 
108.875, 59.125, 1.4640610410913122e-21, nan 
109.125, 59.125, 1.2263482347041553e-21, nan 
109.375, 59.125, 1.1486639365343753e-21, nan 
109.625, 59.125, 1.015473439499749e-21, nan 
109.875, 59.125, 1.0652648976936501e-21, nan 
110.125, 59.125, 1.2065509301892865e-21, nan 
110.375, 59.125, 1.200433385974766e-21, nan 
110.625, 59.125, 1.2385222500822908e-21, nan 
110.875, 59.125, 1.425562469719213e-21, nan 
111.125, 59.125, 1.0714456658062207e-21, nan 
111.375, 59.125, 1.1029929542674647e-21, nan 
111.625, 59.125, 1.1727114521643137e-21, nan 
111.875, 59.125, 1.8912934880505283e-21, nan 
112.125, 59.125, 4.84971041375766e-21, nan 
112.375, 59.125, 4.321105509896457e-21, nan 
112.625, 59.125, 9.135258593668339e-22, nan 
112.875, 59.125, 5.398490148706977e-22, nan 
113.125, 59.125, 2.6343445398851942e-22, nan 
113.375, 59.125, 6.175579749872545e-22, nan 
113.625, 59.125, 7.666468648982906e-22, nan 
113.875, 59.125, 8.432805928907727e-22, nan 
114.125, 59.125, 7.203699286555322e-22, nan 
114.375, 59.125, 1.1199862518296739e-21, nan 
114.625, 59.125, 1.1563925196164251e-21, nan 
114.875, 59.125, 1.1662286362883977e-21, nan 
115.125, 59.125, 9.026872699842638e-22, nan 
115.375, 59.125, 2.0946028416498783e-22, nan 
115.625, 59.125, 1.599052110789847e-22, nan 
115.875, 59.125, 3.2573857386267527e-22, nan 
116.125, 59.125, 4.652493378150588e-22, nan 
116.375, 59.125, 4.093222283746721e-22, nan 
116.625, 59.125, 2.5225884118467885e-22, nan 
116.875, 59.125, 1.7132178025195463e-22, nan 
117.125, 59.125, 1.1072255980028478e-22, nan 
117.375, 59.125, 1.4936512019618193e-22, nan 
117.625, 59.125, 1.815733683064302e-22, nan 
117.875, 59.125, 1.4431053240254052e-22, nan 
118.125, 59.125, 2.13514859093225e-22, nan 
118.375, 59.125, 3.3338347160531903e-22, nan 
118.625, 59.125, 2.2848655983141136e-22, nan 
118.875, 59.125, 9.562316467404977e-23, nan 
119.125, 59.125, 1.1557172993265184e-22, nan 
119.375, 59.125, 1.7423241020317128e-22, nan 
119.625, 59.125, 4.949676915440393e-22, nan 
119.875, 59.125, 5.061130270492979e-22, nan 
120.125, 59.125, 2.2697917439076893e-22, nan 
120.375, 59.125, 2.5936366630975986e-22, nan 
120.625, 59.125, 1.9512256206344565e-22, nan 
120.875, 59.125, 2.2603860096063474e-22, nan 
121.125, 59.125, 1.9271177836405494e-22, nan 
121.375, 59.125, 1.3210858812605108e-22, nan 
121.625, 59.125, 8.045437540805045e-23, nan 
121.875, 59.125, 7.395032529905459e-23, nan 
122.125, 59.125, 6.72958777233492e-23, nan 
122.375, 59.125, 8.936393542203404e-23, nan 
122.625, 59.125, 8.185797309107053e-23, nan 
122.875, 59.125, 7.703756172584172e-23, nan 
123.125, 59.125, 7.183816782482474e-23, nan 
123.375, 59.125, 5.879718273575401e-23, nan 
123.625, 59.125, 7.208405506975865e-23, nan 
123.875, 59.125, 4.5787639774211936e-23, nan 
124.125, 59.125, 6.590594347009316e-23, nan 
124.375, 59.125, 5.325828910760517e-23, nan 
124.625, 59.125, 2.0189614919082866e-23, nan 
124.875, 59.125, 1.8378950779229113e-23, nan 
125.125, 59.125, 3.883444337593097e-23, nan 
125.375, 59.125, 4.1976685773438226e-23, nan 
125.625, 59.125, 2.8112544186494215e-23, nan 
125.875, 59.125, 4.806932879667675e-23, nan 
126.125, 59.125, 2.2501793495620213e-23, nan 
126.375, 59.125, 2.688304378425832e-23, nan 
126.625, 59.125, 5.1877482223651105e-23, nan 
126.875, 59.125, 5.601149182717058e-23, nan 
127.125, 59.125, 3.429521043002569e-23, nan 
127.375, 59.125, 3.842687223993581e-23, nan 
127.625, 59.125, 7.205022979675011e-23, nan 
127.875, 59.125, 4.1893622134917876e-23, nan 
128.125, 59.125, 5.108271184787377e-23, nan 
128.375, 59.125, 5.957421044569185e-23, nan 
128.625, 59.125, 5.568879081477057e-23, nan 
128.875, 59.125, 6.204795252055529e-23, nan 
129.125, 59.125, 6.110928812151785e-23, nan 
129.375, 59.125, 8.893743234880984e-23, nan 
129.625, 59.125, 1.3401017394286569e-22, nan 
129.875, 59.125, 1.2529566710606814e-22, nan 
130.125, 59.125, 5.838191755032108e-23, nan 
130.375, 59.125, 1.7575644839123102e-23, nan 
130.625, 59.125, 1.419762054014144e-23, nan 
130.875, 59.125, 1.2012292299822802e-23, nan 
131.125, 59.125, 1.1729880976673325e-23, nan 
131.375, 59.125, 1.6362115757676116e-23, nan 
131.625, 59.125, 1.896016811586803e-23, nan 
131.875, 59.125, 3.8726253725100276e-23, nan 
132.125, 59.125, 3.8358921583390876e-23, nan 
132.375, 59.125, 1.9853236766382715e-23, nan 
132.625, 59.125, 5.984325285385249e-24, nan 
132.875, 59.125, 5.759653561152193e-23, nan 
133.125, 59.125, 7.403009418397893e-23, nan 
133.375, 59.125, 7.0594838541831e-23, nan 
133.625, 59.125, 6.756647296958382e-23, nan 
133.875, 59.125, 3.283005813391589e-23, nan 
134.125, 59.125, 2.923880335651493e-23, nan 
134.375, 59.125, 4.353340837395816e-23, nan 
134.625, 59.125, 2.8053436684893496e-23, nan 
134.875, 59.125, 1.6665427656263927e-23, nan 
135.125, 59.125, 3.6838131192986157e-23, nan 
135.375, 59.125, 4.1716413266186166e-23, nan 
135.625, 59.125, 3.2352819071154697e-23, nan 
135.875, 59.125, 3.111510731419623e-23, nan 
136.125, 59.125, 3.709923168695347e-23, nan 
136.375, 59.125, 5.989988232981744e-23, nan 
136.625, 59.125, 2.0000237387604934e-23, nan 
136.875, 59.125, 1.732335376113265e-23, nan 
137.125, 59.125, 2.3223322641448467e-23, nan 
137.375, 59.125, 2.7416527958234947e-23, nan 
137.625, 59.125, 1.7414855368021527e-23, nan 
137.875, 59.125, 3.785169013321465e-23, nan 
138.125, 59.125, 5.287121983284138e-23, nan 
138.375, 59.125, 2.8107612682747405e-23, nan 
138.625, 59.125, 3.7303679372649457e-23, nan 
138.875, 59.125, 2.3738113886038593e-23, nan 
139.125, 59.125, 2.2147866218217224e-23, nan 
139.375, 59.125, 1.9773282618946247e-23, nan 
139.625, 59.125, 1.5654253293871017e-23, nan 
139.875, 59.125, 1.6219554287824443e-23, nan 
140.125, 59.125, 6.169717374780684e-23, nan 
140.375, 59.125, 5.373029597364243e-23, nan 
140.625, 59.125, 4.7797104712630703e-23, nan 
140.875, 59.125, 4.869575873388647e-23, nan 
141.125, 59.125, 1.6597181750138748e-23, nan 
141.375, 59.125, 4.128154545761235e-24, nan 
141.625, 59.125, 8.280788436795602e-24, nan 
141.875, 59.125, 1.502896530605779e-23, nan 
142.125, 59.125, 1.6073259239578875e-23, nan 
142.375, 59.125, 1.418502976891606e-23, nan 
142.625, 59.125, 1.674472618060525e-23, nan 
142.875, 59.125, 1.2533497136859294e-23, nan 
143.125, 59.125, 3.671002031203914e-24, nan 
143.375, 59.125, 4.0369316620003014e-24, nan 
143.625, 59.125, 2.0299321007152423e-23, nan 
143.875, 59.125, 2.1391240767242886e-23, nan 
144.125, 59.125, 9.085207777239506e-24, nan 
144.375, 59.125, 9.439916314479042e-24, nan 
144.625, 59.125, 6.66926371895893e-24, nan 
144.875, 59.125, 4.202052777782516e-24, nan 
145.125, 59.125, 4.897725997123057e-24, nan 
145.375, 59.125, 4.834295342663762e-24, nan 
145.625, 59.125, 1.928216936225999e-24, nan 
145.875, 59.125, 3.427271378467189e-24, nan 
146.125, 59.125, 2.625217723005983e-24, nan 
146.375, 59.125, 6.0031445599942094e-24, nan 
146.625, 59.125, 6.19309595076483e-24, nan 
146.875, 59.125, 5.915940227552944e-24, nan 
147.125, 59.125, 8.42909637214959e-24, nan 
147.375, 59.125, 8.090465855260194e-24, nan 
147.625, 59.125, 4.8457824287258404e-24, nan 
147.875, 59.125, 4.894889361200754e-24, nan 
148.125, 59.125, 3.456641756082846e-24, nan 
148.375, 59.125, 3.255771784945944e-24, nan 
148.625, 59.125, 4.5960120751295005e-24, nan 
148.875, 59.125, 5.336102325125798e-24, nan 
149.125, 59.125, 2.829614062925278e-24, nan 
149.375, 59.125, 1.587562452229912e-24, nan 
149.625, 59.125, 3.334313384182675e-24, nan 
149.875, 59.125, 5.3587909612821695e-24, nan 
150.125, 59.125, 7.523763631280403e-24, nan 
150.375, 59.125, 8.300488574708577e-24, nan 
150.625, 59.125, 8.545770162371245e-24, nan 
150.875, 59.125, 7.559040462881419e-24, nan 
151.125, 59.125, 1.3995526019579695e-23, nan 
151.375, 59.125, 1.438916141381484e-23, nan 
151.625, 59.125, 8.299928525998697e-24, nan 
151.875, 59.125, 5.848842086923798e-24, nan 
152.125, 59.125, 1.0458579001106407e-23, nan 
152.375, 59.125, 1.0460181755958084e-23, nan 
152.625, 59.125, 3.6137143115435094e-24, nan 
152.875, 59.125, 5.118800289750552e-24, nan 
153.125, 59.125, 6.365167004928679e-24, nan 
153.375, 59.125, 1.389730459481181e-23, nan 
153.625, 59.125, 1.37212561700802e-23, nan 
153.875, 59.125, 3.87565997320993e-24, nan 
154.125, 59.125, 2.541799292486043e-24, nan 
154.375, 59.125, 3.129124043389067e-24, nan 
154.625, 59.125, 3.984407181114064e-24, nan 
154.875, 59.125, 4.839512935669891e-24, nan 
155.125, 59.125, 4.0209774415907926e-24, nan 
155.375, 59.125, 2.544442478628094e-24, nan 
155.625, 59.125, 4.349343979985333e-24, nan 
155.875, 59.125, 3.7155418374381626e-24, nan 
156.125, 59.125, 4.984560498452149e-24, nan 
156.375, 59.125, 7.87019830831709e-24, nan 
156.625, 59.125, 8.92371767515139e-24, nan 
156.875, 59.125, 2.875532203555593e-24, nan 
157.125, 59.125, 5.788939084628315e-24, nan 
157.375, 59.125, 9.099490003081572e-24, nan 
157.625, 59.125, 9.906215172416965e-24, nan 
157.875, 59.125, 1.0868315296591024e-23, nan 
158.125, 59.125, 1.1675725741370705e-23, nan 
158.375, 59.125, 8.194453520510812e-24, nan 
158.625, 59.125, 1.6353041814870175e-24, nan 
158.875, 59.125, 1.901745711573794e-24, nan 
159.125, 59.125, 1.8621174161686366e-24, nan 
159.375, 59.125, 9.734698811687432e-25, nan 
159.625, 59.125, 1.6230186396940134e-24, nan 
159.875, 59.125, 2.4667056869789834e-24, nan 
42.625, 59.375, 2.1796781293513824e-24, nan 
42.875, 59.375, 1.5606624124744326e-24, nan 
43.125, 59.375, 2.5988607123375296e-24, nan 
43.375, 59.375, 2.8987077385887252e-24, nan 
43.625, 59.375, 3.1461676895055566e-24, nan 
43.875, 59.375, 3.2834986088998698e-24, nan 
44.125, 59.375, 5.6944519046140896e-24, nan 
44.375, 59.375, 5.856973166407378e-24, nan 
44.625, 59.375, 4.0662534874085556e-24, nan 
44.875, 59.375, 5.004949522607129e-24, nan 
45.125, 59.375, 6.901262212019766e-24, nan 
45.375, 59.375, 6.612530314818656e-24, nan 
45.625, 59.375, 5.6712968482039776e-24, nan 
45.875, 59.375, 5.874742359748104e-24, nan 
46.125, 59.375, 6.646609014555063e-24, nan 
46.375, 59.375, 8.989478831993021e-24, nan 
46.625, 59.375, 3.894610093978304e-24, nan 
46.875, 59.375, 3.3631088571936136e-24, nan 
47.125, 59.375, 6.0169935863628426e-24, nan 
47.375, 59.375, 5.910995068162937e-24, nan 
47.625, 59.375, 6.250448383386903e-24, nan 
47.875, 59.375, 1.1004140994599047e-23, nan 
48.125, 59.375, 1.0325442000625023e-23, nan 
48.375, 59.375, 7.934478411851805e-24, nan 
48.625, 59.375, 6.841391418831648e-24, nan 
48.875, 59.375, 5.750701039315193e-24, nan 
49.125, 59.375, 6.523348836192717e-24, nan 
49.375, 59.375, 7.463979913118343e-24, nan 
49.625, 59.375, 7.785001390906954e-24, nan 
49.875, 59.375, 7.473125760283341e-24, nan 
50.125, 59.375, 6.009178761857732e-24, nan 
50.375, 59.375, 1.2569444563196842e-23, nan 
50.625, 59.375, 1.135544334581202e-23, nan 
50.875, 59.375, 8.08932691159846e-24, nan 
51.125, 59.375, 7.84413227132109e-24, nan 
51.375, 59.375, 6.3419285785636e-24, nan 
51.625, 59.375, 5.106395002501629e-24, nan 
51.875, 59.375, 9.20746532833504e-24, nan 
52.125, 59.375, 1.1728653814422419e-23, nan 
52.375, 59.375, 1.0286210645947426e-23, nan 
52.625, 59.375, 1.2487270537349572e-23, nan 
52.875, 59.375, 9.95107524832044e-24, nan 
53.125, 59.375, 1.3430128364295252e-23, nan 
53.375, 59.375, 1.5559085157964177e-23, nan 
53.625, 59.375, 1.1534623042517269e-23, nan 
53.875, 59.375, 5.258008261449759e-24, nan 
54.125, 59.375, 4.928726576071343e-24, nan 
54.375, 59.375, 5.208050481020159e-24, nan 
54.625, 59.375, 5.2771958835427806e-24, nan 
54.875, 59.375, 4.239784416721091e-24, nan 
55.125, 59.375, 2.3431991646663583e-24, nan 
55.375, 59.375, 1.176275811034325e-23, nan 
55.625, 59.375, 1.4350793782828485e-23, nan 
55.875, 59.375, 9.880418534619985e-24, nan 
56.125, 59.375, 1.953095938696481e-23, nan 
56.375, 59.375, 2.936782153966218e-23, nan 
56.625, 59.375, 4.025187741502103e-23, nan 
56.875, 59.375, 3.565435891498185e-23, nan 
57.125, 59.375, 3.232007810140434e-23, nan 
57.375, 59.375, 5.2409342056674054e-23, nan 
57.625, 59.375, 4.780401112640472e-23, nan 
57.875, 59.375, 3.9545071889639395e-23, nan 
58.125, 59.375, 1.6718897211039876e-23, nan 
58.375, 59.375, 2.9237830615473395e-23, nan 
58.625, 59.375, 2.4330820068017806e-23, nan 
58.875, 59.375, 8.513056967119363e-24, nan 
59.125, 59.375, 1.2892145719785045e-23, nan 
59.375, 59.375, 1.4745066209653457e-23, nan 
59.625, 59.375, 1.3206328755990689e-23, nan 
59.875, 59.375, 3.883647585274808e-23, nan 
60.125, 59.375, 3.591117436763518e-23, nan 
60.375, 59.375, 2.857350500491805e-23, nan 
60.625, 59.375, 1.6432205576326438e-23, nan 
60.875, 59.375, 1.6384443545267678e-23, nan 
61.125, 59.375, 4.170842404113494e-23, nan 
61.375, 59.375, 4.9075562615698707e-23, nan 
61.625, 59.375, 4.8345200268823085e-23, nan 
61.875, 59.375, 3.8239221777140023e-23, nan 
62.125, 59.375, 3.273835278398319e-23, nan 
62.375, 59.375, 2.3172248116869172e-23, nan 
62.625, 59.375, 2.030621129636849e-23, nan 
62.875, 59.375, 3.145031919629845e-23, nan 
63.125, 59.375, 2.8220004203165346e-23, nan 
63.375, 59.375, 1.9795256749168758e-23, nan 
63.625, 59.375, 1.2202999499753306e-23, nan 
63.875, 59.375, 1.9135164788311463e-23, nan 
64.125, 59.375, 2.2612748324307406e-23, nan 
64.375, 59.375, 3.1856106723135527e-23, nan 
64.625, 59.375, 4.239995544403743e-23, nan 
64.875, 59.375, 3.9523473768683285e-23, nan 
65.125, 59.375, 1.3317099179585e-23, nan 
65.375, 59.375, 1.6727573764379245e-23, nan 
65.625, 59.375, 1.911720963097141e-23, nan 
65.875, 59.375, 1.6897039651668715e-23, nan 
66.125, 59.375, 2.720209280818664e-23, nan 
66.375, 59.375, 3.0087682215244595e-23, nan 
66.625, 59.375, 1.6885015378205325e-23, nan 
66.875, 59.375, 1.391061552792188e-23, nan 
67.125, 59.375, 2.132910545945197e-23, nan 
67.375, 59.375, 2.188744299993128e-23, nan 
67.625, 59.375, 2.3597116984966298e-23, nan 
67.875, 59.375, 8.894577377574049e-24, nan 
68.125, 59.375, 1.4391750032737608e-23, nan 
68.375, 59.375, 2.219695134067939e-23, nan 
68.625, 59.375, 1.6599991242956838e-23, nan 
68.875, 59.375, 1.8247150928724887e-23, nan 
69.125, 59.375, 3.295599728007803e-23, nan 
69.375, 59.375, 3.755792691470159e-23, nan 
69.625, 59.375, 2.883184726141966e-23, nan 
69.875, 59.375, 2.2385962453374652e-23, nan 
70.125, 59.375, 5.092114401885182e-23, nan 
70.375, 59.375, 2.892744348544024e-23, nan 
70.625, 59.375, 2.2181943895155418e-23, nan 
70.875, 59.375, 2.158703979985567e-23, nan 
71.125, 59.375, 1.8100429413686237e-23, nan 
71.375, 59.375, 2.174088942845126e-23, nan 
71.625, 59.375, 2.754340032247592e-23, nan 
71.875, 59.375, 6.243936194459806e-23, nan 
72.125, 59.375, 3.903889429883679e-23, nan 
72.375, 59.375, 5.609550812385713e-23, nan 
72.625, 59.375, 5.025388868466341e-23, nan 
72.875, 59.375, 3.540268233075709e-23, nan 
73.125, 59.375, 7.993952995759878e-23, nan 
73.375, 59.375, 1.0298832987684792e-22, nan 
73.625, 59.375, 1.027491837020776e-22, nan 
73.875, 59.375, 6.768128395377577e-23, nan 
74.125, 59.375, 5.828568572696812e-23, nan 
74.375, 59.375, 1.0470300497229742e-22, nan 
74.625, 59.375, 1.6531300064074508e-22, nan 
74.875, 59.375, 1.844846457593971e-22, nan 
75.125, 59.375, 1.2421110166773794e-22, nan 
75.375, 59.375, 8.800872975769967e-23, nan 
75.625, 59.375, 9.444886294713877e-23, nan 
75.875, 59.375, 8.308160031378627e-23, nan 
76.125, 59.375, 5.859798589869651e-23, nan 
76.375, 59.375, 5.735653071413902e-23, nan 
76.625, 59.375, 6.525350765659155e-23, nan 
76.875, 59.375, 9.987557839736857e-23, nan 
77.125, 59.375, 9.943510796987769e-23, nan 
77.375, 59.375, 6.489996739541564e-23, nan 
77.625, 59.375, 6.912869997137636e-23, nan 
77.875, 59.375, 8.785113427131601e-23, nan 
78.125, 59.375, 8.806724490278169e-23, nan 
78.375, 59.375, 7.167403086775654e-23, nan 
78.625, 59.375, 7.679766502052127e-23, nan 
78.875, 59.375, 7.024553276148426e-23, nan 
79.125, 59.375, 5.958627700809357e-23, nan 
79.375, 59.375, 9.743314910546619e-23, nan 
79.625, 59.375, 1.8535932799253547e-22, nan 
79.875, 59.375, 3.962609703103766e-22, nan 
80.125, 59.375, 5.158712065978416e-22, nan 
80.375, 59.375, 4.897750442586634e-22, nan 
80.625, 59.375, 4.0872851779743926e-22, nan 
80.875, 59.375, 3.000455586019785e-22, nan 
81.125, 59.375, 1.5039935077371678e-22, nan 
81.375, 59.375, 1.1526318278447686e-22, nan 
81.625, 59.375, 9.388002305570143e-23, nan 
81.875, 59.375, 1.3711447142769177e-22, nan 
82.125, 59.375, 1.7007119778357014e-22, nan 
82.375, 59.375, 1.9810457993495005e-22, nan 
82.625, 59.375, 2.00480301929569e-22, nan 
82.875, 59.375, 2.1735882566078176e-22, nan 
83.125, 59.375, 6.277626920365793e-22, nan 
83.375, 59.375, 6.718154960437031e-22, nan 
83.625, 59.375, 6.021785491838744e-22, nan 
83.875, 59.375, 7.450325207106894e-22, nan 
84.125, 59.375, 6.297477984186537e-22, nan 
84.375, 59.375, 5.321546413137033e-22, nan 
84.625, 59.375, 4.416779827846906e-22, nan 
84.875, 59.375, 2.5834387540330692e-22, nan 
85.125, 59.375, 4.698057484600898e-22, nan 
85.375, 59.375, 4.803218196325433e-22, nan 
85.625, 59.375, 4.731111226348728e-22, nan 
85.875, 59.375, 5.351909445191197e-22, nan 
86.125, 59.375, 4.467968990128604e-22, nan 
86.375, 59.375, 8.30298647786803e-22, nan 
86.625, 59.375, 8.213816769894688e-22, nan 
86.875, 59.375, 5.397802810778289e-22, nan 
87.125, 59.375, 5.387354475641379e-22, nan 
87.375, 59.375, 4.349788180943553e-22, nan 
87.625, 59.375, 1.8979300235841121e-22, nan 
87.875, 59.375, 2.8484217040721294e-22, nan 
88.125, 59.375, 3.7420901711321815e-22, nan 
88.375, 59.375, 3.300563950775319e-22, nan 
88.625, 59.375, 3.7297360825908103e-22, nan 
88.875, 59.375, 3.921183300211568e-22, nan 
89.125, 59.375, 3.9333811546151507e-22, nan 
89.375, 59.375, 6.051634551621882e-22, nan 
89.625, 59.375, 7.10123626644559e-22, nan 
89.875, 59.375, 7.8256641699564195e-22, nan 
90.125, 59.375, 3.504331996428313e-21, nan 
90.375, 59.375, 4.348567267483671e-21, nan 
90.625, 59.375, 4.184772741875274e-21, nan 
90.875, 59.375, 2.7478288898512117e-21, nan 
91.125, 59.375, 2.893396254200076e-21, nan 
91.375, 59.375, 2.669140877115877e-21, nan 
91.625, 59.375, 1.913118816290263e-21, nan 
91.875, 59.375, 1.7335215202042637e-21, nan 
92.125, 59.375, 1.6076921182065276e-21, nan 
92.375, 59.375, 1.9287330061165514e-21, nan 
92.625, 59.375, 2.977215172593282e-21, nan 
92.875, 59.375, 3.1299099250058433e-21, nan 
93.125, 59.375, 2.421301925585426e-21, nan 
93.375, 59.375, 2.626468430393837e-21, nan 
93.625, 59.375, 2.6238536899833753e-21, nan 
93.875, 59.375, 1.7186603144906358e-21, nan 
94.125, 59.375, 1.9007937872581797e-21, nan 
94.375, 59.375, 2.6668980532892503e-21, nan 
94.625, 59.375, 2.5621058683347893e-21, nan 
94.875, 59.375, 2.5630131818849616e-21, nan 
95.125, 59.375, 2.198607838438752e-21, nan 
95.375, 59.375, 2.2898637867368183e-21, nan 
95.625, 59.375, 2.8077933844453922e-21, nan 
95.875, 59.375, 1.847440043550899e-21, nan 
96.125, 59.375, 4.375679480634502e-21, nan 
96.375, 59.375, 5.7684229523437236e-21, nan 
96.625, 59.375, 2.7065908376880626e-21, nan 
96.875, 59.375, 3.1071934315961567e-21, nan 
97.125, 59.375, 3.415337957157112e-21, nan 
97.375, 59.375, 4.543081312989674e-21, nan 
97.625, 59.375, 3.865612745354855e-21, nan 
97.875, 59.375, 2.690633081569764e-20, nan 
98.125, 59.375, 3.096815092214911e-20, nan 
98.375, 59.375, 9.202564079505031e-21, nan 
98.625, 59.375, 4.061903985492565e-21, nan 
98.875, 59.375, 2.9025652628258446e-21, nan 
99.125, 59.375, 4.508294662098091e-21, nan 
99.375, 59.375, 4.3659954181511185e-21, nan 
99.625, 59.375, 2.9277614354639202e-21, nan 
99.875, 59.375, 4.531682978849705e-21, nan 
100.125, 59.375, 6.163616907571778e-21, nan 
100.375, 59.375, 3.565675683819705e-21, nan 
100.625, 59.375, 1.505643735238725e-20, nan 
100.875, 59.375, 1.4460108036982682e-20, nan 
101.125, 59.375, 5.696197274789417e-21, nan 
101.375, 59.375, 4.276139767634649e-21, nan 
101.625, 59.375, 2.9517780897115216e-21, nan 
101.875, 59.375, 2.7156556882283534e-21, nan 
102.125, 59.375, 2.672329496524719e-21, nan 
102.375, 59.375, 2.893853255591937e-21, nan 
102.625, 59.375, 2.6707266669559094e-20, nan 
102.875, 59.375, 2.927541888831081e-20, nan 
103.125, 59.375, 1.0675913911018782e-20, nan 
103.375, 59.375, 9.673180585119672e-21, nan 
103.625, 59.375, 7.374972739347167e-21, nan 
103.875, 59.375, 4.456831880295099e-21, nan 
104.125, 59.375, 3.1923161325052166e-21, nan 
104.375, 59.375, 5.955287191631572e-21, nan 
104.625, 59.375, 7.125639574957892e-21, nan 
104.875, 59.375, 5.991933568028701e-21, nan 
105.125, 59.375, 3.915524366400384e-21, nan 
105.375, 59.375, 2.58346663943716e-21, nan 
105.625, 59.375, 2.9391983058884925e-21, nan 
105.875, 59.375, 2.3640055621207026e-21, nan 
106.125, 59.375, 2.347926794544103e-21, nan 
106.375, 59.375, 1.82642110538395e-21, nan 
106.625, 59.375, 1.5633236825532263e-21, nan 
106.875, 59.375, 2.814578795604096e-21, nan 
107.125, 59.375, 2.318147910782055e-21, nan 
107.375, 59.375, 3.799663232802087e-21, nan 
107.625, 59.375, 1.4435706948664431e-21, nan 
107.875, 59.375, 5.353085005846603e-22, nan 
108.125, 59.375, 1.4065193754355368e-21, nan 
108.375, 59.375, 1.3224722833007341e-21, nan 
108.625, 59.375, 2.3538269986675253e-21, nan 
108.875, 59.375, 1.9926678768329036e-21, nan 
109.125, 59.375, 1.1947351253022934e-21, nan 
109.375, 59.375, 8.570738149194248e-22, nan 
109.625, 59.375, 1.5039726157539174e-21, nan 
109.875, 59.375, 1.5069270633431493e-21, nan 
110.125, 59.375, 9.971532191165426e-22, nan 
110.375, 59.375, 1.0627520433674138e-21, nan 
110.625, 59.375, 1.2255861358993092e-21, nan 
110.875, 59.375, 8.656434229121779e-22, nan 
111.125, 59.375, 1.243394304921761e-21, nan 
111.375, 59.375, 1.1945360663562589e-21, nan 
111.625, 59.375, 3.2897185582588653e-21, nan 
111.875, 59.375, 3.6231708932523e-21, nan 
112.125, 59.375, 2.4325672892546303e-21, nan 
112.375, 59.375, 6.444584295606464e-22, nan 
112.625, 59.375, 7.979080122100417e-22, nan 
112.875, 59.375, 7.6105597778702e-22, nan 
113.125, 59.375, 8.029205980149264e-22, nan 
113.375, 59.375, 4.587972246418107e-22, nan 
113.625, 59.375, 4.503107023065097e-22, nan 
113.875, 59.375, 7.038610834511342e-22, nan 
114.125, 59.375, 5.289045016225462e-22, nan 
114.375, 59.375, 4.012591704357077e-22, nan 
114.625, 59.375, 6.235351463347128e-22, nan 
114.875, 59.375, 7.545685182918619e-22, nan 
115.125, 59.375, 5.688556171856382e-22, nan 
115.375, 59.375, 5.498360010344969e-22, nan 
115.625, 59.375, 5.5077855458045615e-22, nan 
115.875, 59.375, 4.353104267869807e-22, nan 
116.125, 59.375, 8.540280010161898e-22, nan 
116.375, 59.375, 7.402528795092002e-22, nan 
116.625, 59.375, 1.683768231675746e-22, nan 
116.875, 59.375, 2.0874488517248353e-22, nan 
117.125, 59.375, 1.7573705372191097e-22, nan 
117.375, 59.375, 1.7781304412497376e-22, nan 
117.625, 59.375, 2.261198806177669e-22, nan 
117.875, 59.375, 2.2368682637825587e-22, nan 
118.125, 59.375, 1.3906713957126505e-22, nan 
118.375, 59.375, 1.2227263311096163e-22, nan 
118.625, 59.375, 1.4274872177231325e-22, nan 
118.875, 59.375, 1.1853215179023496e-22, nan 
119.125, 59.375, 9.42809085181127e-23, nan 
119.375, 59.375, 1.3182244177649738e-22, nan 
119.625, 59.375, 1.3318049872239825e-22, nan 
119.875, 59.375, 7.987705455072439e-22, nan 
120.125, 59.375, 7.089695482158142e-22, nan 
120.375, 59.375, 3.317612801617339e-22, nan 
120.625, 59.375, 3.5460831696287606e-22, nan 
120.875, 59.375, 1.6582480009958281e-22, nan 
121.125, 59.375, 1.468883056926777e-22, nan 
121.375, 59.375, 1.848449416778966e-22, nan 
121.625, 59.375, 1.4814003836561535e-22, nan 
121.875, 59.375, 8.420592186500327e-23, nan 
122.125, 59.375, 7.930820298167605e-23, nan 
122.375, 59.375, 1.0632259145310014e-22, nan 
122.625, 59.375, 1.0985195399842376e-22, nan 
122.875, 59.375, 1.2726187253677988e-22, nan 
123.125, 59.375, 9.359658153663458e-23, nan 
123.375, 59.375, 9.132162185304558e-23, nan 
123.625, 59.375, 9.949804228634347e-23, nan 
123.875, 59.375, 1.0137531291232195e-22, nan 
124.125, 59.375, 7.927137071600847e-23, nan 
124.375, 59.375, 1.0165421857041624e-22, nan 
124.625, 59.375, 9.138772975088598e-23, nan 
124.875, 59.375, 9.513847392620586e-23, nan 
125.125, 59.375, 9.816726706168746e-23, nan 
125.375, 59.375, 1.281988871371058e-22, nan 
125.625, 59.375, 1.0449326638040121e-22, nan 
125.875, 59.375, 3.141727127644847e-23, nan 
126.125, 59.375, 6.207888100203424e-23, nan 
126.375, 59.375, 6.207845144203648e-23, nan 
126.625, 59.375, 4.0380077690540736e-23, nan 
126.875, 59.375, 3.629626564602661e-23, nan 
127.125, 59.375, 9.103365314267877e-23, nan 
127.375, 59.375, 9.500931159376185e-23, nan 
127.625, 59.375, 1.3280425087547036e-22, nan 
127.875, 59.375, 1.0322142340030232e-22, nan 
128.125, 59.375, 4.7245575192300945e-23, nan 
128.375, 59.375, 7.319077491073472e-23, nan 
128.625, 59.375, 6.136864928699159e-23, nan 
128.875, 59.375, 8.882598322897531e-23, nan 
129.125, 59.375, 9.437382637064838e-23, nan 
129.375, 59.375, 6.14009478239614e-23, nan 
129.625, 59.375, 1.5449006612033171e-22, nan 
129.875, 59.375, 1.45883043993647e-22, nan 
130.125, 59.375, 5.923715954662433e-23, nan 
130.375, 59.375, 2.7909375088995805e-23, nan 
130.625, 59.375, 4.867767080874026e-23, nan 
130.875, 59.375, 3.6631351851434926e-23, nan 
131.125, 59.375, 2.2572330542781534e-23, nan 
131.375, 59.375, 2.994678072179714e-23, nan 
131.625, 59.375, 4.453232682438472e-23, nan 
131.875, 59.375, 4.2182843876717945e-23, nan 
132.125, 59.375, 4.3388002852161e-23, nan 
132.375, 59.375, 3.9546434704306673e-23, nan 
132.625, 59.375, 5.407920303792073e-23, nan 
132.875, 59.375, 6.488505639845866e-23, nan 
133.125, 59.375, 7.730649787312324e-23, nan 
133.375, 59.375, 1.0691253692278925e-22, nan 
133.625, 59.375, 9.608211225896253e-23, nan 
133.875, 59.375, 3.154964859154968e-23, nan 
134.125, 59.375, 3.742445218151845e-23, nan 
134.375, 59.375, 4.2039959311787107e-23, nan 
134.625, 59.375, 2.353061819055066e-23, nan 
134.875, 59.375, 5.663239133144409e-23, nan 
135.125, 59.375, 7.42403287760635e-23, nan 
135.375, 59.375, 5.626587198522576e-23, nan 
135.625, 59.375, 8.858986082854458e-23, nan 
135.875, 59.375, 1.6152139635114435e-22, nan 
136.125, 59.375, 7.421747000917009e-23, nan 
136.375, 59.375, 1.1655812946003433e-22, nan 
136.625, 59.375, 9.709389032703388e-23, nan 
136.875, 59.375, 5.438548837014864e-23, nan 
137.125, 59.375, 2.3292692930024588e-23, nan 
137.375, 59.375, 4.0542708162746796e-23, nan 
137.625, 59.375, 9.037550587742833e-23, nan 
137.875, 59.375, 1.9914158118934885e-22, nan 
138.125, 59.375, 2.5278546066630935e-22, nan 
138.375, 59.375, 1.4790884697529956e-22, nan 
138.625, 59.375, 5.38296770853658e-23, nan 
138.875, 59.375, 3.921212107882772e-23, nan 
139.125, 59.375, 1.635019449394243e-23, nan 
139.375, 59.375, 8.453222316392121e-24, nan 
139.625, 59.375, 3.1619633733777008e-24, nan 
139.875, 59.375, 5.2795695695438673e-23, nan 
140.125, 59.375, 6.898198116896799e-23, nan 
140.375, 59.375, 3.2480657513175746e-23, nan 
140.625, 59.375, 2.496248568759685e-23, nan 
140.875, 59.375, 5.622923022999005e-23, nan 
141.125, 59.375, 5.000601364517704e-23, nan 
141.375, 59.375, 2.4874372229402096e-23, nan 
141.625, 59.375, 2.671320362796722e-23, nan 
141.875, 59.375, 3.462548112515236e-23, nan 
142.125, 59.375, 2.5073004259213553e-23, nan 
142.375, 59.375, 1.1952218345307658e-23, nan 
142.625, 59.375, 2.283919110054273e-23, nan 
142.875, 59.375, 1.9748345233648844e-23, nan 
143.125, 59.375, 5.1970471528149636e-24, nan 
143.375, 59.375, 6.703488819180359e-24, nan 
143.625, 59.375, 2.4573752961190154e-23, nan 
143.875, 59.375, 2.3667473533678264e-23, nan 
144.125, 59.375, 9.974015653831616e-24, nan 
144.375, 59.375, 1.0379241301977781e-23, nan 
144.625, 59.375, 4.582697938871432e-24, nan 
144.875, 59.375, 8.804204898846267e-24, nan 
145.125, 59.375, 8.629213152175131e-24, nan 
145.375, 59.375, 3.731554868340535e-24, nan 
145.625, 59.375, 5.326518979299792e-24, nan 
145.875, 59.375, 6.172812257463006e-24, nan 
146.125, 59.375, 6.142863522052277e-24, nan 
146.375, 59.375, 6.6143171989982296e-24, nan 
146.625, 59.375, 5.184147708714195e-24, nan 
146.875, 59.375, 5.7590338483285385e-24, nan 
147.125, 59.375, 3.4032464706578284e-24, nan 
147.375, 59.375, 3.895431252109615e-24, nan 
147.625, 59.375, 4.6383955860509485e-24, nan 
147.875, 59.375, 3.347083579684786e-24, nan 
148.125, 59.375, 2.7534561006775264e-24, nan 
148.375, 59.375, 6.107322829931019e-24, nan 
148.625, 59.375, 7.708168122250067e-24, nan 
148.875, 59.375, 3.528403674407741e-24, nan 
149.125, 59.375, 3.2273046395895087e-24, nan 
149.375, 59.375, 3.629583628792562e-24, nan 
149.625, 59.375, 2.870233403834718e-24, nan 
149.875, 59.375, 4.76432211362689e-24, nan 
150.125, 59.375, 6.0782961916003906e-24, nan 
150.375, 59.375, 6.011634924118178e-24, nan 
150.625, 59.375, 1.4020569227875316e-23, nan 
150.875, 59.375, 1.597241872241791e-23, nan 
151.125, 59.375, 1.5827157627928882e-23, nan 
151.375, 59.375, 1.4683812115824802e-23, nan 
151.625, 59.375, 9.43029225193729e-24, nan 
151.875, 59.375, 5.403308766223727e-24, nan 
152.125, 59.375, 5.843784638570904e-24, nan 
152.375, 59.375, 5.702832416950337e-24, nan 
152.625, 59.375, 1.029777840180384e-23, nan 
152.875, 59.375, 1.3680281719107344e-23, nan 
153.125, 59.375, 1.140776739900983e-23, nan 
153.375, 59.375, 5.419229462918317e-24, nan 
153.625, 59.375, 3.4677385476488354e-24, nan 
153.875, 59.375, 1.5222087780416862e-24, nan 
154.125, 59.375, 1.7580611139897447e-24, nan 
154.375, 59.375, 2.5934906630252427e-24, nan 
154.625, 59.375, 5.5613381329786196e-24, nan 
154.875, 59.375, 6.840608669811245e-24, nan 
155.125, 59.375, 5.802479519112892e-24, nan 
155.375, 59.375, 4.361922604639995e-24, nan 
155.625, 59.375, 3.685230747891224e-24, nan 
155.875, 59.375, 7.349089582729164e-24, nan 
156.125, 59.375, 7.481689408247298e-24, nan 
156.375, 59.375, 2.8062987766421344e-24, nan 
156.625, 59.375, 3.028832274896597e-24, nan 
156.875, 59.375, 2.5495068207008212e-24, nan 
157.125, 59.375, 2.608099744232431e-24, nan 
157.375, 59.375, 4.2502333483093255e-24, nan 
157.625, 59.375, 6.2643232120408204e-24, nan 
157.875, 59.375, 6.913759998857143e-24, nan 
158.125, 59.375, 4.961934297423392e-24, nan 
158.375, 59.375, 3.412218035814884e-24, nan 
158.625, 59.375, 2.935077852922907e-24, nan 
158.875, 59.375, 1.8374053278499455e-24, nan 
159.125, 59.375, 1.4358430534353552e-24, nan 
159.375, 59.375, 1.2821935641341445e-24, nan 
159.625, 59.375, 1.70883163886252e-24, nan 
159.875, 59.375, 1.5374205506132947e-24, nan 
160.125, 59.375, 2.4830967996961108e-24, nan 
42.125, 59.625, 1.1627020687343996e-24, nan 
42.375, 59.625, 2.1694564983925745e-24, nan 
42.625, 59.625, 2.4245864647905365e-24, nan 
42.875, 59.625, 3.0457491755860552e-24, nan 
43.125, 59.625, 3.807451200555134e-24, nan 
43.375, 59.625, 3.296845671901709e-24, nan 
43.625, 59.625, 2.512461472102835e-24, nan 
43.875, 59.625, 3.573522552029851e-24, nan 
44.125, 59.625, 3.970907273282366e-24, nan 
44.375, 59.625, 8.240236271707892e-24, nan 
44.625, 59.625, 1.3505410331257272e-23, nan 
44.875, 59.625, 1.162859002819019e-23, nan 
45.125, 59.625, 8.951582754822786e-24, nan 
45.375, 59.625, 7.963259704862343e-24, nan 
45.625, 59.625, 5.883918404460741e-24, nan 
45.875, 59.625, 4.821348444634575e-24, nan 
46.125, 59.625, 4.2169970750243276e-24, nan 
46.375, 59.625, 8.008371702215656e-24, nan 
46.625, 59.625, 8.181194452447662e-24, nan 
46.875, 59.625, 6.2989667898900496e-24, nan 
47.125, 59.625, 6.587753092553463e-24, nan 
47.375, 59.625, 5.690647920064325e-24, nan 
47.625, 59.625, 4.400062910713566e-24, nan 
47.875, 59.625, 4.666469848802502e-24, nan 
48.125, 59.625, 7.612587999659578e-24, nan 
48.375, 59.625, 9.236199718909999e-24, nan 
48.625, 59.625, 9.766225503982351e-24, nan 
48.875, 59.625, 7.542714015661862e-24, nan 
49.125, 59.625, 6.463472241307601e-24, nan 
49.375, 59.625, 8.37700845748916e-24, nan 
49.625, 59.625, 8.41990896546277e-24, nan 
49.875, 59.625, 7.960236193925366e-24, nan 
50.125, 59.625, 6.507750469956942e-24, nan 
50.375, 59.625, 9.658099653789549e-24, nan 
50.625, 59.625, 7.539275278240126e-24, nan 
50.875, 59.625, 4.962818568969186e-24, nan 
51.125, 59.625, 5.028240062472419e-24, nan 
51.375, 59.625, 5.2831627810121446e-24, nan 
51.625, 59.625, 7.165905385307288e-24, nan 
51.875, 59.625, 6.4746272873152974e-24, nan 
52.125, 59.625, 2.2817032217602303e-23, nan 
52.375, 59.625, 2.780817416103541e-23, nan 
52.625, 59.625, 2.053708976482425e-23, nan 
52.875, 59.625, 1.372431948790997e-23, nan 
53.125, 59.625, 3.1738047800261854e-23, nan 
53.375, 59.625, 2.853635080381672e-23, nan 
53.625, 59.625, 1.0428242315531775e-23, nan 
53.875, 59.625, 1.0470696510000765e-23, nan 
54.125, 59.625, 5.011304250018149e-24, nan 
54.375, 59.625, 6.803388029154932e-24, nan 
54.625, 59.625, 9.6283196272652e-24, nan 
54.875, 59.625, 1.0766145300874767e-23, nan 
55.125, 59.625, 6.243060319859315e-24, nan 
55.375, 59.625, 5.959861042374115e-24, nan 
55.625, 59.625, 8.322356348733801e-24, nan 
55.875, 59.625, 9.165969308943215e-24, nan 
56.125, 59.625, 2.1272947524572794e-23, nan 
56.375, 59.625, 2.5552795202932996e-23, nan 
56.625, 59.625, 1.9807164869156167e-23, nan 
56.875, 59.625, 2.4469946001072476e-23, nan 
57.125, 59.625, 2.1826321504766083e-23, nan 
57.375, 59.625, 5.2590061314935484e-23, nan 
57.625, 59.625, 5.876756102186043e-23, nan 
57.875, 59.625, 3.415843334845013e-23, nan 
58.125, 59.625, 2.4276351567058339e-23, nan 
58.375, 59.625, 4.959286090397498e-23, nan 
58.625, 59.625, 4.465059821337714e-23, nan 
58.875, 59.625, 1.5614479346321077e-23, nan 
59.125, 59.625, 1.6984749276359117e-23, nan 
59.375, 59.625, 2.1413595641047483e-23, nan 
59.625, 59.625, 8.670803692651797e-23, nan 
59.875, 59.625, 9.509644072188898e-23, nan 
60.125, 59.625, 4.7902775052505207e-23, nan 
60.375, 59.625, 4.8189725032229395e-23, nan 
60.625, 59.625, 4.1757229131390386e-23, nan 
60.875, 59.625, 3.357609368894511e-23, nan 
61.125, 59.625, 2.0418408045768747e-23, nan 
61.375, 59.625, 6.431100862557091e-23, nan 
61.625, 59.625, 6.484552004468732e-23, nan 
61.875, 59.625, 1.4894864468551043e-23, nan 
62.125, 59.625, 2.0612371907864217e-23, nan 
62.375, 59.625, 1.0513243777813929e-23, nan 
62.625, 59.625, 9.507607266932536e-24, nan 
62.875, 59.625, 9.176707492352476e-24, nan 
63.125, 59.625, 1.2357560450467618e-23, nan 
63.375, 59.625, 3.235474250772044e-23, nan 
63.625, 59.625, 3.1943071951517036e-23, nan 
63.875, 59.625, 1.6183411257869599e-23, nan 
64.125, 59.625, 2.43118258129303e-23, nan 
64.375, 59.625, 2.6232682931967457e-23, nan 
64.625, 59.625, 2.2773818986692135e-23, nan 
64.875, 59.625, 2.5759938184356818e-23, nan 
65.125, 59.625, 1.421297194426805e-23, nan 
65.375, 59.625, 2.3238766623780502e-23, nan 
65.625, 59.625, 2.6143148511257845e-23, nan 
65.875, 59.625, 1.9197513408015326e-23, nan 
66.125, 59.625, 2.5062156589141484e-23, nan 
66.375, 59.625, 3.2772406470132027e-23, nan 
66.625, 59.625, 2.1791640792832297e-23, nan 
66.875, 59.625, 1.4601056269332157e-23, nan 
67.125, 59.625, 3.2110033078184755e-23, nan 
67.375, 59.625, 2.2776511572745393e-23, nan 
67.625, 59.625, 2.9719006090132505e-23, nan 
67.875, 59.625, 3.0756098391102294e-23, nan 
68.125, 59.625, 3.592604866716598e-23, nan 
68.375, 59.625, 3.248741412882626e-23, nan 
68.625, 59.625, 3.4760616142539304e-23, nan 
68.875, 59.625, 3.016582494117551e-23, nan 
69.125, 59.625, 5.453394877376906e-23, nan 
69.375, 59.625, 7.214365119094033e-23, nan 
69.625, 59.625, 6.011875739506226e-23, nan 
69.875, 59.625, 9.707962734470297e-23, nan 
70.125, 59.625, 1.1958372702758037e-22, nan 
70.375, 59.625, 9.243096964098478e-23, nan 
70.625, 59.625, 7.919250077686661e-23, nan 
70.875, 59.625, 1.756378407590432e-23, nan 
71.125, 59.625, 1.6582937559839962e-23, nan 
71.375, 59.625, 1.3231019684184708e-23, nan 
71.625, 59.625, 1.5378267174669825e-23, nan 
71.875, 59.625, 2.1036394893027204e-23, nan 
72.125, 59.625, 4.136820272437641e-23, nan 
72.375, 59.625, 3.968376025516498e-23, nan 
72.625, 59.625, 3.789275818516436e-23, nan 
72.875, 59.625, 7.588874325358315e-23, nan 
73.125, 59.625, 1.059583792636556e-22, nan 
73.375, 59.625, 1.2667387868310851e-22, nan 
73.625, 59.625, 1.5558844598534733e-22, nan 
73.875, 59.625, 1.131229651439257e-22, nan 
74.125, 59.625, 1.430042086036759e-22, nan 
74.375, 59.625, 1.4689499156441293e-22, nan 
74.625, 59.625, 1.29529213084524e-22, nan 
74.875, 59.625, 1.5846238327666272e-22, nan 
75.125, 59.625, 1.2025683298752886e-22, nan 
75.375, 59.625, 6.839127341355512e-23, nan 
75.625, 59.625, 6.286273737538132e-23, nan 
75.875, 59.625, 7.67242546693254e-23, nan 
76.125, 59.625, 4.835406605151777e-23, nan 
76.375, 59.625, 8.185789550471637e-23, nan 
76.625, 59.625, 1.9865143409490617e-22, nan 
76.875, 59.625, 2.1086604806793476e-22, nan 
77.125, 59.625, 1.3763105206717e-22, nan 
77.375, 59.625, 1.1018165051436072e-22, nan 
77.625, 59.625, 5.608151803725862e-23, nan 
77.875, 59.625, 1.0090915927633767e-22, nan 
78.125, 59.625, 1.0228639504167952e-22, nan 
78.375, 59.625, 7.360921996246637e-23, nan 
78.625, 59.625, 7.296707136933445e-23, nan 
78.875, 59.625, 4.974252988594962e-23, nan 
79.125, 59.625, 3.839950694766934e-23, nan 
79.375, 59.625, 3.024345264903293e-22, nan 
79.625, 59.625, 3.9439195125897895e-22, nan 
79.875, 59.625, 4.858381122120452e-22, nan 
80.125, 59.625, 4.18596926213638e-22, nan 
80.375, 59.625, 2.831173224377483e-22, nan 
80.625, 59.625, 1.103647919287229e-22, nan 
80.875, 59.625, 1.309900845690481e-22, nan 
81.125, 59.625, 7.913904606228838e-23, nan 
81.375, 59.625, 9.755554954186668e-23, nan 
81.625, 59.625, 8.647870243048299e-23, nan 
81.875, 59.625, 5.531383207946691e-23, nan 
82.125, 59.625, 1.4821378620235897e-22, nan 
82.375, 59.625, 1.7135852274192146e-22, nan 
82.625, 59.625, 9.63854378679365e-23, nan 
82.875, 59.625, 1.2665770753311757e-22, nan 
83.125, 59.625, 1.5238421948743727e-22, nan 
83.375, 59.625, 5.663907338202526e-22, nan 
83.625, 59.625, 5.885997658445181e-22, nan 
83.875, 59.625, 5.642311228372692e-22, nan 
84.125, 59.625, 7.364248403538501e-22, nan 
84.375, 59.625, 5.658080666551731e-22, nan 
84.625, 59.625, 4.1687249951261684e-22, nan 
84.875, 59.625, 3.9231949415434226e-22, nan 
85.125, 59.625, 1.9521169038012516e-22, nan 
85.375, 59.625, 3.2522382101366137e-22, nan 
85.625, 59.625, 4.754881629970726e-22, nan 
85.875, 59.625, 2.999521066378167e-22, nan 
86.125, 59.625, 9.89145955095265e-22, nan 
86.375, 59.625, 1.0793340882067198e-21, nan 
86.625, 59.625, 3.954647471288515e-22, nan 
86.875, 59.625, 4.809266496888555e-22, nan 
87.125, 59.625, 4.518865007758534e-22, nan 
87.375, 59.625, 2.501994529879456e-22, nan 
87.625, 59.625, 4.308732998705722e-22, nan 
87.875, 59.625, 5.436809901566769e-22, nan 
88.125, 59.625, 9.065430424956865e-22, nan 
88.375, 59.625, 4.699827474463245e-22, nan 
88.625, 59.625, 8.356756154555573e-22, nan 
88.875, 59.625, 5.884374845116688e-22, nan 
89.125, 59.625, 6.758305148722976e-22, nan 
89.375, 59.625, 8.546827142224737e-22, nan 
89.625, 59.625, 6.6544397393137865e-22, nan 
89.875, 59.625, 7.673378406082502e-22, nan 
90.125, 59.625, 8.022237725179519e-22, nan 
90.375, 59.625, 9.319337509188946e-22, nan 
90.625, 59.625, 2.804487704230644e-21, nan 
90.875, 59.625, 3.119648841049524e-21, nan 
91.125, 59.625, 3.908206237582983e-21, nan 
91.375, 59.625, 4.779840313934736e-21, nan 
91.625, 59.625, 4.486385625067475e-21, nan 
91.875, 59.625, 4.2986697670254514e-21, nan 
92.125, 59.625, 3.971807626133819e-21, nan 
92.375, 59.625, 2.7328740626736238e-21, nan 
92.625, 59.625, 3.202947909433966e-21, nan 
92.875, 59.625, 2.773728603008737e-21, nan 
93.125, 59.625, 2.566468836897457e-21, nan 
93.375, 59.625, 3.2098126810344373e-21, nan 
93.625, 59.625, 4.0607689413348626e-21, nan 
93.875, 59.625, 4.086279355036414e-21, nan 
94.125, 59.625, 2.9041206459187674e-21, nan 
94.375, 59.625, 3.38246104905859e-21, nan 
94.625, 59.625, 4.580536512595579e-21, nan 
94.875, 59.625, 5.284559652169796e-21, nan 
95.125, 59.625, 5.115831268877409e-21, nan 
95.375, 59.625, 3.439359109422146e-21, nan 
95.625, 59.625, 3.6829482922533425e-21, nan 
95.875, 59.625, 3.0003634520049058e-21, nan 
96.125, 59.625, 3.742798306437765e-21, nan 
96.375, 59.625, 9.989173549879663e-21, nan 
96.625, 59.625, 9.63605071645901e-21, nan 
96.875, 59.625, 5.2895359793456744e-21, nan 
97.125, 59.625, 4.6996206347726465e-21, nan 
97.375, 59.625, 3.0288473060584845e-21, nan 
97.625, 59.625, 1.807354219560288e-20, nan 
97.875, 59.625, 2.5848161359035048e-20, nan 
98.125, 59.625, 1.6336835479773125e-20, nan 
98.375, 59.625, 6.831994659061164e-21, nan 
98.625, 59.625, 4.961632307332416e-21, nan 
98.875, 59.625, 4.6767473318874854e-21, nan 
99.125, 59.625, 5.4463443923987486e-21, nan 
99.375, 59.625, 4.929809192952319e-21, nan 
99.625, 59.625, 2.6273324954564864e-21, nan 
99.875, 59.625, 4.050023225630691e-21, nan 
100.125, 59.625, 4.815969634315326e-21, nan 
100.375, 59.625, 7.54402930611816e-21, nan 
100.625, 59.625, 1.0775466612528746e-20, nan 
100.875, 59.625, 8.359673361045079e-21, nan 
101.125, 59.625, 4.6975687510951774e-21, nan 
101.375, 59.625, 3.2250322728908316e-21, nan 
101.625, 59.625, 3.5173301280810225e-21, nan 
101.875, 59.625, 2.8114451453632506e-21, nan 
102.125, 59.625, 2.408619955818843e-21, nan 
102.375, 59.625, 7.735089621114833e-21, nan 
102.625, 59.625, 4.6722334920097865e-20, nan 
102.875, 59.625, 4.768520357974603e-20, nan 
103.125, 59.625, 1.2303644748481225e-20, nan 
103.375, 59.625, 1.819028121381995e-20, nan 
103.625, 59.625, 1.617939995737428e-20, nan 
103.875, 59.625, 6.894366125988648e-21, nan 
104.125, 59.625, 4.425294516753262e-21, nan 
104.375, 59.625, 4.509416208934029e-21, nan 
104.625, 59.625, 5.3467574580543966e-21, nan 
104.875, 59.625, 5.630645718156365e-21, nan 
105.125, 59.625, 6.0990550285752354e-21, nan 
105.375, 59.625, 4.703102216833843e-21, nan 
105.625, 59.625, 3.215392112779327e-21, nan 
105.875, 59.625, 3.3738395204324096e-21, nan 
106.125, 59.625, 2.946280767110757e-21, nan 
106.375, 59.625, 2.1209322363507234e-21, nan 
106.625, 59.625, 4.40210867869436e-21, nan 
106.875, 59.625, 4.895135995865345e-21, nan 
107.125, 59.625, 4.8362884825807264e-21, nan 
107.375, 59.625, 9.7963087053946e-21, nan 
107.625, 59.625, 7.831533065711436e-21, nan 
107.875, 59.625, 9.288513130134815e-22, nan 
108.125, 59.625, 1.3095734401480233e-21, nan 
108.375, 59.625, 2.43371558155125e-21, nan 
108.625, 59.625, 2.9548331579425816e-21, nan 
108.875, 59.625, 8.424868876729718e-22, nan 
109.125, 59.625, 1.2807227655333e-21, nan 
109.375, 59.625, 1.1635105806167495e-21, nan 
109.625, 59.625, 9.213182664602952e-22, nan 
109.875, 59.625, 9.775314196445935e-22, nan 
110.125, 59.625, 1.2810073442811583e-21, nan 
110.375, 59.625, 1.9899907004676814e-21, nan 
110.625, 59.625, 1.9601443065786127e-21, nan 
110.875, 59.625, 1.2611273444104142e-21, nan 
111.125, 59.625, 9.2880781405839e-22, nan 
111.375, 59.625, 3.6018910305941875e-21, nan 
111.625, 59.625, 3.734065651560345e-21, nan 
111.875, 59.625, 2.543571648007703e-21, nan 
112.125, 59.625, 1.4644163671705098e-21, nan 
112.375, 59.625, 6.545233461914746e-22, nan 
112.625, 59.625, 8.002970461078588e-22, nan 
112.875, 59.625, 1.0925433432369216e-21, nan 
113.125, 59.625, 1.1643356264221205e-21, nan 
113.375, 59.625, 6.995241649413577e-22, nan 
113.625, 59.625, 9.02795823355904e-22, nan 
113.875, 59.625, 8.332111370853339e-22, nan 
114.125, 59.625, 5.121055085438037e-22, nan 
114.375, 59.625, 5.827972582775897e-22, nan 
114.625, 59.625, 7.729228437106635e-22, nan 
114.875, 59.625, 8.051937039994245e-22, nan 
115.125, 59.625, 8.334576994600139e-22, nan 
115.375, 59.625, 6.218867191304021e-22, nan 
115.625, 59.625, 5.359534653084936e-22, nan 
115.875, 59.625, 7.480828170237232e-22, nan 
116.125, 59.625, 1.3442397094046591e-21, nan 
116.375, 59.625, 1.1890411744051008e-21, nan 
116.625, 59.625, 5.291942251252346e-22, nan 
116.875, 59.625, 5.921460483653464e-22, nan 
117.125, 59.625, 4.311268245077361e-22, nan 
117.375, 59.625, 3.109791630284856e-22, nan 
117.625, 59.625, 2.347093983355725e-22, nan 
117.875, 59.625, 1.7949965873022137e-22, nan 
118.125, 59.625, 1.6722052242095307e-22, nan 
118.375, 59.625, 9.580891119117392e-23, nan 
118.625, 59.625, 1.1504408180433865e-22, nan 
118.875, 59.625, 2.0804758674008951e-22, nan 
119.125, 59.625, 2.0994719406730581e-22, nan 
119.375, 59.625, 2.3489140987830675e-22, nan 
119.625, 59.625, 2.731098316322914e-22, nan 
119.875, 59.625, 7.32836309584098e-22, nan 
120.125, 59.625, 6.615307061257594e-22, nan 
120.375, 59.625, 1.644822034637797e-22, nan 
120.625, 59.625, 5.614634203856793e-22, nan 
120.875, 59.625, 4.4630571504122215e-22, nan 
121.125, 59.625, 1.4019839054904295e-22, nan 
121.375, 59.625, 1.5932700559151093e-22, nan 
121.625, 59.625, 1.6270773936984853e-22, nan 
121.875, 59.625, 8.63343215974891e-23, nan 
122.125, 59.625, 1.2527800276466914e-22, nan 
122.375, 59.625, 1.1337878560501765e-22, nan 
122.625, 59.625, 6.695259342727197e-23, nan 
122.875, 59.625, 1.0370832100392453e-22, nan 
123.125, 59.625, 7.847265673526223e-23, nan 
123.375, 59.625, 8.644720823076514e-23, nan 
123.625, 59.625, 7.66853354783658e-23, nan 
123.875, 59.625, 1.0364475644714674e-22, nan 
124.125, 59.625, 1.2593524104963972e-22, nan 
124.375, 59.625, 1.1893405634644594e-22, nan 
124.625, 59.625, 5.356897687522047e-23, nan 
124.875, 59.625, 3.082293443452555e-23, nan 
125.125, 59.625, 3.4571080161557777e-23, nan 
125.375, 59.625, 4.8515674226369084e-23, nan 
125.625, 59.625, 2.742591251489582e-23, nan 
125.875, 59.625, 5.370350894175331e-23, nan 
126.125, 59.625, 5.327152243494418e-23, nan 
126.375, 59.625, 4.733308834599471e-23, nan 
126.625, 59.625, 5.300625382513936e-23, nan 
126.875, 59.625, 9.680040201679854e-23, nan 
127.125, 59.625, 1.1372514204277719e-22, nan 
127.375, 59.625, 8.170715178167031e-23, nan 
127.625, 59.625, 8.119806921639811e-23, nan 
127.875, 59.625, 5.574708243221284e-23, nan 
128.125, 59.625, 1.1743343077986097e-22, nan 
128.375, 59.625, 1.2756153048128314e-22, nan 
128.625, 59.625, 1.1150687550395066e-22, nan 
128.875, 59.625, 1.2886462354871828e-22, nan 
129.125, 59.625, 1.4281338461186678e-22, nan 
129.375, 59.625, 1.6009592615716847e-22, nan 
129.625, 59.625, 1.5181087766935208e-22, nan 
129.875, 59.625, 4.168289662327038e-23, nan 
130.125, 59.625, 7.816865921416513e-23, nan 
130.375, 59.625, 1.121317125108322e-22, nan 
130.625, 59.625, 8.802690555352815e-23, nan 
130.875, 59.625, 4.985721025445122e-23, nan 
131.125, 59.625, 4.209999639167873e-23, nan 
131.375, 59.625, 3.920716704669529e-23, nan 
131.625, 59.625, 4.1952450754646476e-23, nan 
131.875, 59.625, 4.101877326878234e-23, nan 
132.125, 59.625, 5.19219416647431e-23, nan 
132.375, 59.625, 5.711050104446332e-23, nan 
132.625, 59.625, 6.774569980859439e-23, nan 
132.875, 59.625, 5.416639119377972e-23, nan 
133.125, 59.625, 7.137421915360248e-23, nan 
133.375, 59.625, 5.867655442321093e-23, nan 
133.625, 59.625, 2.2309746939671093e-23, nan 
133.875, 59.625, 2.912467018988183e-23, nan 
134.125, 59.625, 2.952188695399235e-23, nan 
134.375, 59.625, 1.9866984109278032e-23, nan 
134.625, 59.625, 6.390447073319388e-23, nan 
134.875, 59.625, 1.1981892820703243e-22, nan 
135.125, 59.625, 1.0415860609440251e-22, nan 
135.375, 59.625, 1.1450133899988292e-22, nan 
135.625, 59.625, 5.531707201284534e-22, nan 
135.875, 59.625, 7.867501121662066e-22, nan 
136.125, 59.625, 7.402307612863062e-22, nan 
136.375, 59.625, 4.348086194414501e-22, nan 
136.625, 59.625, 7.013031841107658e-23, nan 
136.875, 59.625, 1.250798346099538e-22, nan 
137.125, 59.625, 1.110911204684097e-22, nan 
137.375, 59.625, 4.250360056925027e-23, nan 
137.625, 59.625, 4.954354222016291e-23, nan 
137.875, 59.625, 8.471055266773196e-23, nan 
138.125, 59.625, 1.3868118099072895e-22, nan 
138.375, 59.625, 6.707274226570271e-23, nan 
138.625, 59.625, 4.549765377029956e-23, nan 
138.875, 59.625, 1.656096768342072e-23, nan 
139.125, 59.625, 1.0385933379563467e-23, nan 
139.375, 59.625, 5.178411438390936e-24, nan 
139.625, 59.625, 2.1589401066120438e-23, nan 
139.875, 59.625, 4.066721383868152e-23, nan 
140.125, 59.625, 4.818222337190827e-23, nan 
140.375, 59.625, 4.4140054471223784e-23, nan 
140.625, 59.625, 4.651150102646283e-23, nan 
140.875, 59.625, 4.835331691177379e-23, nan 
141.125, 59.625, 3.003602279950781e-23, nan 
141.375, 59.625, 1.2407123713895035e-23, nan 
141.625, 59.625, 1.0422388706726473e-23, nan 
141.875, 59.625, 2.4106102445256646e-23, nan 
142.125, 59.625, 3.098746221636597e-23, nan 
142.375, 59.625, 2.071587297705954e-23, nan 
142.625, 59.625, 1.25863583107183e-23, nan 
142.875, 59.625, 9.548378894130362e-24, nan 
143.125, 59.625, 1.0409610077519461e-23, nan 
143.375, 59.625, 9.04520988808518e-24, nan 
143.625, 59.625, 3.1784960479273726e-23, nan 
143.875, 59.625, 3.0697292083870214e-23, nan 
144.125, 59.625, 1.0784567481611754e-23, nan 
144.375, 59.625, 9.884061466981958e-24, nan 
144.625, 59.625, 2.7128186545602346e-24, nan 
144.875, 59.625, 3.709033278808568e-24, nan 
145.125, 59.625, 5.087866796075911e-24, nan 
145.375, 59.625, 5.074422262738581e-24, nan 
145.625, 59.625, 2.2850227806996095e-24, nan 
145.875, 59.625, 4.908175113910623e-24, nan 
146.125, 59.625, 6.58427137653036e-24, nan 
146.375, 59.625, 7.077560961109654e-24, nan 
146.625, 59.625, 5.178000290255998e-24, nan 
146.875, 59.625, 7.268273219885132e-24, nan 
147.125, 59.625, 8.04102520644517e-24, nan 
147.375, 59.625, 5.812872651059848e-24, nan 
147.625, 59.625, 6.070287201283609e-24, nan 
147.875, 59.625, 6.2228072881598195e-24, nan 
148.125, 59.625, 3.666394110246716e-24, nan 
148.375, 59.625, 2.4854365539404906e-24, nan 
148.625, 59.625, 6.969001842356877e-24, nan 
148.875, 59.625, 4.112792712387892e-24, nan 
149.125, 59.625, 2.1996441707098924e-24, nan 
149.375, 59.625, 3.639241936555215e-24, nan 
149.625, 59.625, 2.6480484866110364e-24, nan 
149.875, 59.625, 8.208158996381035e-24, nan 
150.125, 59.625, 8.38588505807279e-24, nan 
150.375, 59.625, 7.681886048474068e-24, nan 
150.625, 59.625, 1.5002953738034867e-23, nan 
150.875, 59.625, 1.9163326213372484e-23, nan 
151.125, 59.625, 1.7423620319048748e-23, nan 
151.375, 59.625, 1.0502717646804642e-23, nan 
151.625, 59.625, 4.5526904261860664e-24, nan 
151.875, 59.625, 5.150770555776612e-24, nan 
152.125, 59.625, 6.415504322255411e-24, nan 
152.375, 59.625, 5.6751302688600884e-24, nan 
152.625, 59.625, 1.4731046605487866e-23, nan 
152.875, 59.625, 2.0697750897364902e-23, nan 
153.125, 59.625, 1.9937708627925534e-23, nan 
153.375, 59.625, 8.134774258664105e-24, nan 
153.625, 59.625, 5.2179478877130966e-24, nan 
153.875, 59.625, 4.3281000094792775e-24, nan 
154.125, 59.625, 2.7890576897870863e-24, nan 
154.375, 59.625, 3.717301583633599e-24, nan 
154.625, 59.625, 3.908569307073046e-24, nan 
154.875, 59.625, 4.936948603423242e-24, nan 
155.125, 59.625, 4.512351177315741e-24, nan 
155.375, 59.625, 3.1991253356424968e-24, nan 
155.625, 59.625, 2.3634636824874548e-24, nan 
155.875, 59.625, 5.304346059585767e-24, nan 
156.125, 59.625, 4.7716236714616766e-24, nan 
156.375, 59.625, 2.8441648903963526e-24, nan 
156.625, 59.625, 2.339318075251843e-24, nan 
156.875, 59.625, 2.25771170601644e-24, nan 
157.125, 59.625, 3.653882997236642e-24, nan 
157.375, 59.625, 4.2976254487126705e-24, nan 
157.625, 59.625, 4.7525444703256435e-24, nan 
157.875, 59.625, 6.272497360072041e-24, nan 
158.125, 59.625, 5.447989613114316e-24, nan 
158.375, 59.625, 2.684416433151362e-24, nan 
158.625, 59.625, 1.0031001684012037e-24, nan 
158.875, 59.625, 1.0824009332052615e-24, nan 
159.125, 59.625, 1.3361866051145806e-24, nan 
159.375, 59.625, 1.0687613171612127e-24, nan 
159.625, 59.625, 1.8387649234999663e-24, nan 
159.875, 59.625, 2.0258393601134484e-24, nan 
160.125, 59.625, 1.7079382940844066e-24, nan 
160.375, 59.625, 7.752053192108446e-25, nan 
160.625, 59.625, 9.38073664491002e-25, nan 
41.875, 59.875, 2.318678071937799e-24, nan 
42.125, 59.875, 3.0184220702166653e-24, nan 
42.375, 59.875, 2.407492532352597e-24, nan 
42.625, 59.875, 1.9146991613945957e-24, nan 
42.875, 59.875, 2.3090902805911384e-24, nan 
43.125, 59.875, 2.483867633603396e-24, nan 
43.375, 59.875, 3.827587594344772e-24, nan 
43.625, 59.875, 2.6748242140173236e-24, nan 
43.875, 59.875, 2.3866759300816464e-24, nan 
44.125, 59.875, 7.005808608034386e-24, nan 
44.375, 59.875, 8.15290047740147e-24, nan 
44.625, 59.875, 1.01146751189306e-23, nan 
44.875, 59.875, 6.213043192755114e-24, nan 
45.125, 59.875, 8.047512717905438e-24, nan 
45.375, 59.875, 8.195972050866405e-24, nan 
45.625, 59.875, 3.721266525140259e-24, nan 
45.875, 59.875, 7.802265534753929e-24, nan 
46.125, 59.875, 8.364574417651347e-24, nan 
46.375, 59.875, 4.611416928313263e-24, nan 
46.625, 59.875, 6.832179437141483e-24, nan 
46.875, 59.875, 6.328005334953131e-24, nan 
47.125, 59.875, 4.485196951544054e-24, nan 
47.375, 59.875, 6.697474101219302e-24, nan 
47.625, 59.875, 6.293590407793999e-24, nan 
47.875, 59.875, 4.550100853273177e-24, nan 
48.125, 59.875, 4.817609502495547e-24, nan 
48.375, 59.875, 3.988070291938658e-24, nan 
48.625, 59.875, 5.616282728714842e-24, nan 
48.875, 59.875, 7.495488507943689e-24, nan 
49.125, 59.875, 7.259757051379096e-24, nan 
49.375, 59.875, 7.674305922805965e-24, nan 
49.625, 59.875, 8.733358942847764e-24, nan 
49.875, 59.875, 6.946209730432049e-24, nan 
50.125, 59.875, 5.480910292696265e-24, nan 
50.375, 59.875, 5.283000542691379e-24, nan 
50.625, 59.875, 4.6889374417401515e-24, nan 
50.875, 59.875, 5.9646675865598394e-24, nan 
51.125, 59.875, 7.667564516128041e-24, nan 
51.375, 59.875, 5.982839751712783e-24, nan 
51.625, 59.875, 6.71362941842747e-24, nan 
51.875, 59.875, 6.507709519805822e-24, nan 
52.125, 59.875, 2.5470576296880123e-23, nan 
52.375, 59.875, 2.890186577122682e-23, nan 
52.625, 59.875, 1.6752018333473022e-23, nan 
52.875, 59.875, 1.7990853129026428e-23, nan 
53.125, 59.875, 2.1732498385813664e-23, nan 
53.375, 59.875, 1.2277466158918717e-23, nan 
53.625, 59.875, 1.3972881474990326e-23, nan 
53.875, 59.875, 1.40220202146129e-23, nan 
54.125, 59.875, 8.992435536391419e-24, nan 
54.375, 59.875, 4.942912099637595e-24, nan 
54.625, 59.875, 9.938726789694652e-24, nan 
54.875, 59.875, 1.1346352959070098e-23, nan 
55.125, 59.875, 7.753753818370541e-24, nan 
55.375, 59.875, 7.265749280644005e-24, nan 
55.625, 59.875, 1.2355985477776165e-23, nan 
55.875, 59.875, 1.561867514747286e-23, nan 
56.125, 59.875, 2.0586336102011476e-23, nan 
56.375, 59.875, 2.339405118861016e-23, nan 
56.625, 59.875, 1.9481371131579087e-23, nan 
56.875, 59.875, 1.316250089032621e-23, nan 
57.125, 59.875, 1.301485158142384e-23, nan 
57.375, 59.875, 6.3546746693673885e-24, nan 
57.625, 59.875, 2.75147184551777e-23, nan 
57.875, 59.875, 2.1988896371634478e-23, nan 
58.125, 59.875, 1.907270433014462e-23, nan 
58.375, 59.875, 2.3437446958097972e-23, nan 
58.625, 59.875, 1.7870660089840464e-23, nan 
58.875, 59.875, 2.0630680502811276e-23, nan 
59.125, 59.875, 2.4181486196183708e-23, nan 
59.375, 59.875, 2.454617753855024e-23, nan 
59.625, 59.875, 3.862671851889992e-23, nan 
59.875, 59.875, 3.2027252984807484e-23, nan 
60.125, 59.875, 3.6584523093898235e-23, nan 
60.375, 59.875, 3.8242986080667046e-23, nan 
60.625, 59.875, 3.631903423221114e-23, nan 
60.875, 59.875, 4.865863026687747e-23, nan 
61.125, 59.875, 4.139042118411416e-23, nan 
61.375, 59.875, 3.892872978025955e-23, nan 
61.625, 59.875, 2.776419102380071e-23, nan 
61.875, 59.875, 1.655823356576278e-23, nan 
62.125, 59.875, 1.366886977837273e-23, nan 
62.375, 59.875, 1.3245963410053334e-23, nan 
62.625, 59.875, 1.0659561266869524e-23, nan 
62.875, 59.875, 1.5935421126656618e-23, nan 
63.125, 59.875, 1.7457044210909855e-23, nan 
63.375, 59.875, 1.5454357170844266e-23, nan 
63.625, 59.875, 1.609825583935757e-23, nan 
63.875, 59.875, 1.2703157422329984e-23, nan 
64.125, 59.875, 2.0372399509460892e-23, nan 
64.375, 59.875, 2.735335120314453e-23, nan 
64.625, 59.875, 3.3221415446522747e-23, nan 
64.875, 59.875, 3.617281686034208e-23, nan 
65.125, 59.875, 2.922423281563895e-23, nan 
65.375, 59.875, 3.739600618837189e-23, nan 
65.625, 59.875, 3.957007439409383e-23, nan 
65.875, 59.875, 1.8949383930887202e-23, nan 
66.125, 59.875, 6.763159743258443e-24, nan 
66.375, 59.875, 2.8428933342440824e-23, nan 
66.625, 59.875, 3.0389356203875105e-23, nan 
66.875, 59.875, 4.3438073704862194e-23, nan 
67.125, 59.875, 5.552949313537061e-23, nan 
67.375, 59.875, 3.1610422729937383e-23, nan 
67.625, 59.875, 3.9326986031140755e-23, nan 
67.875, 59.875, 3.8668766627351814e-23, nan 
68.125, 59.875, 3.414723562136441e-23, nan 
68.375, 59.875, 3.7308348792961944e-23, nan 
68.625, 59.875, 2.3243020726230507e-23, nan 
68.875, 59.875, 1.842085516938702e-23, nan 
69.125, 59.875, 1.4171181511178548e-23, nan 
69.375, 59.875, 4.098110583439093e-23, nan 
69.625, 59.875, 4.153799602873382e-23, nan 
69.875, 59.875, 2.8677423438982635e-23, nan 
70.125, 59.875, 6.295649324166822e-23, nan 
70.375, 59.875, 9.285068530840237e-23, nan 
70.625, 59.875, 8.456353885764477e-23, nan 
70.875, 59.875, 2.7307412311760315e-23, nan 
71.125, 59.875, 1.6603000959950055e-23, nan 
71.375, 59.875, 2.0818038437661823e-23, nan 
71.625, 59.875, 4.5765006020590234e-23, nan 
71.875, 59.875, 5.102634677809994e-23, nan 
72.125, 59.875, 5.77185172146572e-23, nan 
72.375, 59.875, 3.674783448412807e-23, nan 
72.625, 59.875, 1.4815270430347242e-23, nan 
72.875, 59.875, 1.577519721539295e-23, nan 
73.125, 59.875, 3.717826041615318e-23, nan 
73.375, 59.875, 7.212523646892349e-23, nan 
73.625, 59.875, 8.231599109530642e-23, nan 
73.875, 59.875, 5.91206642369598e-23, nan 
74.125, 59.875, 1.1531851897342175e-22, nan 
74.375, 59.875, 9.244087925052648e-23, nan 
74.625, 59.875, 7.808136753368312e-23, nan 
74.875, 59.875, 8.461833728905209e-23, nan 
75.125, 59.875, 1.4583217096917637e-22, nan 
75.375, 59.875, 1.3974439140971488e-22, nan 
75.625, 59.875, 8.154218804590195e-23, nan 
75.875, 59.875, 2.0000760059656593e-22, nan 
76.125, 59.875, 1.8939116295014973e-22, nan 
76.375, 59.875, 1.553825680228027e-22, nan 
76.625, 59.875, 1.6628381127273265e-22, nan 
76.875, 59.875, 1.2105948176373064e-22, nan 
77.125, 59.875, 1.0598068359049724e-22, nan 
77.375, 59.875, 7.269055057859246e-23, nan 
77.625, 59.875, 1.0222106558995514e-22, nan 
77.875, 59.875, 1.3967829209987755e-22, nan 
78.125, 59.875, 4.4716226912364036e-23, nan 
78.375, 59.875, 6.485174126575052e-23, nan 
78.625, 59.875, 7.322767063357225e-23, nan 
78.875, 59.875, 7.227201998611844e-23, nan 
79.125, 59.875, 8.708049886287374e-23, nan 
79.375, 59.875, 9.656900370710301e-23, nan 
79.625, 59.875, 3.017593780223997e-22, nan 
79.875, 59.875, 4.304714905379754e-22, nan 
80.125, 59.875, 2.412935472061076e-22, nan 
80.375, 59.875, 1.6239495909041416e-22, nan 
80.625, 59.875, 1.1201008935259918e-22, nan 
80.875, 59.875, 1.2393447183522852e-22, nan 
81.125, 59.875, 1.0867596656615785e-22, nan 
81.375, 59.875, 9.6876599459707e-23, nan 
81.625, 59.875, 6.96495196801689e-23, nan 
81.875, 59.875, 2.0887815296821086e-23, nan 
82.125, 59.875, 6.739482998439107e-23, nan 
82.375, 59.875, 1.020450379363495e-22, nan 
82.625, 59.875, 1.3373337963456973e-22, nan 
82.875, 59.875, 3.9617806743638536e-22, nan 
83.125, 59.875, 3.834201788032915e-22, nan 
83.375, 59.875, 4.236584328030413e-22, nan 
83.625, 59.875, 5.031754266980019e-22, nan 
83.875, 59.875, 4.0770126549052933e-22, nan 
84.125, 59.875, 4.0991412117125397e-22, nan 
84.375, 59.875, 2.8801166562894653e-22, nan 
84.625, 59.875, 2.150639620694528e-22, nan 
84.875, 59.875, 2.7761462828041583e-22, nan 
85.125, 59.875, 3.205980661407063e-22, nan 
85.375, 59.875, 3.2973462464054154e-22, nan 
85.625, 59.875, 4.1489291691514994e-22, nan 
85.875, 59.875, 9.40267227390257e-22, nan 
86.125, 59.875, 1.0805600193023119e-21, nan 
86.375, 59.875, 4.6117726105599365e-22, nan 
86.625, 59.875, 1.9208256858685537e-22, nan 
86.875, 59.875, 3.8756502743932644e-22, nan 
87.125, 59.875, 1.1530879775475553e-21, nan 
87.375, 59.875, 2.810613231009262e-21, nan 
87.625, 59.875, 2.14176880361126e-21, nan 
87.875, 59.875, 3.399576232855239e-21, nan 
88.125, 59.875, 5.964613211110631e-21, nan 
88.375, 59.875, 4.386006524956074e-21, nan 
88.625, 59.875, 2.599460481387985e-21, nan 
88.875, 59.875, 1.5590800569792168e-21, nan 
89.125, 59.875, 1.7152185855732588e-21, nan 
89.375, 59.875, 1.0818697171771644e-21, nan 
89.625, 59.875, 1.2076997258243918e-21, nan 
89.875, 59.875, 1.3878461617223415e-21, nan 
90.125, 59.875, 1.163984402753016e-21, nan 
90.375, 59.875, 1.1894754230993573e-21, nan 
90.625, 59.875, 1.4398558202470409e-21, nan 
90.875, 59.875, 1.7043044051793567e-21, nan 
91.125, 59.875, 1.8480836349853114e-21, nan 
91.375, 59.875, 1.8313271049568165e-21, nan 
91.625, 59.875, 3.6927082115852576e-21, nan 
91.875, 59.875, 5.0137760200123054e-21, nan 
92.125, 59.875, 4.929094438673967e-21, nan 
92.375, 59.875, 3.934782909357483e-21, nan 
92.625, 59.875, 3.760081750576825e-21, nan 
92.875, 59.875, 3.5319555898146315e-21, nan 
93.125, 59.875, 3.827072824948232e-21, nan 
93.375, 59.875, 5.8602636476397114e-21, nan 
93.625, 59.875, 5.085289634062717e-21, nan 
93.875, 59.875, 5.274939979707249e-21, nan 
94.125, 59.875, 3.904206750899147e-21, nan 
94.375, 59.875, 4.036821149907992e-21, nan 
94.625, 59.875, 4.9627088211473345e-21, nan 
94.875, 59.875, 5.611465681471305e-21, nan 
95.125, 59.875, 6.900513562481095e-21, nan 
95.375, 59.875, 5.290619526406273e-21, nan 
95.625, 59.875, 4.165515517570624e-21, nan 
95.875, 59.875, 4.083350114829857e-21, nan 
96.125, 59.875, 1.461591600144716e-20, nan 
96.375, 59.875, 1.7614158074235558e-20, nan 
96.625, 59.875, 1.2109726271456639e-20, nan 
96.875, 59.875, 9.835731281439615e-21, nan 
97.125, 59.875, 7.994899216799863e-21, nan 
97.375, 59.875, 1.660334732220207e-20, nan 
97.625, 59.875, 2.664557199060542e-20, nan 
97.875, 59.875, 2.4570768272096814e-20, nan 
98.125, 59.875, 9.841311955429384e-21, nan 
98.375, 59.875, 3.722053763061306e-21, nan 
98.625, 59.875, 4.59307954760495e-21, nan 
98.875, 59.875, 3.5832220071953e-21, nan 
99.125, 59.875, 3.917426785839947e-21, nan 
99.375, 59.875, 2.4421226064211484e-21, nan 
99.625, 59.875, 5.955916709540054e-21, nan 
99.875, 59.875, 7.659983675544215e-21, nan 
100.125, 59.875, 6.7156169314924056e-21, nan 
100.375, 59.875, 1.0780592624825022e-20, nan 
100.625, 59.875, 2.258860651394576e-20, nan 
100.875, 59.875, 1.9894015913370397e-20, nan 
101.125, 59.875, 3.2947635568293634e-21, nan 
101.375, 59.875, 2.5667279290830777e-21, nan 
101.625, 59.875, 5.3216573491636675e-21, nan 
101.875, 59.875, 5.4349070412779594e-21, nan 
102.125, 59.875, 4.5145836352591706e-21, nan 
102.375, 59.875, 1.3531717984492269e-20, nan 
102.625, 59.875, 5.370484519194067e-20, nan 
102.875, 59.875, 4.8758948516501974e-20, nan 
103.125, 59.875, 1.3747085859991056e-20, nan 
103.375, 59.875, 1.7372812834902764e-20, nan 
103.625, 59.875, 1.6057258929719062e-20, nan 
103.875, 59.875, 1.1221833385410718e-20, nan 
104.125, 59.875, 7.07643521500905e-21, nan 
104.375, 59.875, 5.2836106540503754e-21, nan 
104.625, 59.875, 6.7659675993052235e-21, nan 
104.875, 59.875, 6.473038540685539e-21, nan 
105.125, 59.875, 6.2993215826929206e-21, nan 
105.375, 59.875, 5.816327217802775e-21, nan 
105.625, 59.875, 4.155779197036887e-21, nan 
105.875, 59.875, 4.483408126699724e-21, nan 
106.125, 59.875, 3.230716791894409e-21, nan 
106.375, 59.875, 2.840187593295262e-21, nan 
106.625, 59.875, 2.974935583658091e-21, nan 
106.875, 59.875, 1.926308284338608e-21, nan 
107.125, 59.875, 6.143782548478905e-21, nan 
107.375, 59.875, 1.347409437926518e-20, nan 
107.625, 59.875, 1.1517336220325975e-20, nan 
107.875, 59.875, 3.5353509010734046e-21, nan 
108.125, 59.875, 2.3847558370132878e-21, nan 
108.375, 59.875, 2.1839408201257736e-21, nan 
108.625, 59.875, 3.485280736814816e-21, nan 
108.875, 59.875, 2.4119180684809424e-21, nan 
109.125, 59.875, 1.0941451771061225e-21, nan 
109.375, 59.875, 6.336687026508001e-22, nan 
109.625, 59.875, 1.7777543718341464e-21, nan 
109.875, 59.875, 1.836228690638222e-21, nan 
110.125, 59.875, 1.3635023725921243e-21, nan 
110.375, 59.875, 2.2619068181618413e-21, nan 
110.625, 59.875, 2.248413251060194e-21, nan 
110.875, 59.875, 1.807238804917331e-21, nan 
111.125, 59.875, 4.915314545909747e-21, nan 
111.375, 59.875, 6.424611063756456e-21, nan 
111.625, 59.875, 4.41755091974013e-21, nan 
111.875, 59.875, 3.4351252637312666e-21, nan 
112.125, 59.875, 2.4219449603566256e-21, nan 
112.375, 59.875, 1.6568991943821451e-21, nan 
112.625, 59.875, 8.190474623540484e-22, nan 
112.875, 59.875, 9.194295157838975e-22, nan 
113.125, 59.875, 6.276468105921127e-22, nan 
113.375, 59.875, 7.119618255532375e-22, nan 
113.625, 59.875, 9.311082543208852e-22, nan 
113.875, 59.875, 7.238778365471371e-22, nan 
114.125, 59.875, 5.145618576384568e-22, nan 
114.375, 59.875, 5.302526190021008e-22, nan 
114.625, 59.875, 3.3698199690718543e-22, nan 
114.875, 59.875, 5.770290390391268e-22, nan 
115.125, 59.875, 7.201806557041195e-22, nan 
115.375, 59.875, 8.833520340798133e-22, nan 
115.625, 59.875, 1.2698987261756162e-21, nan 
115.875, 59.875, 1.403844971165268e-21, nan 
116.125, 59.875, 1.2338187274582912e-21, nan 
116.375, 59.875, 6.476824863834347e-22, nan 
116.625, 59.875, 7.191648662236293e-22, nan 
116.875, 59.875, 8.028433578444448e-22, nan 
117.125, 59.875, 5.455153567967681e-22, nan 
117.375, 59.875, 2.6122774169747927e-22, nan 
117.625, 59.875, 4.0376239987796233e-22, nan 
117.875, 59.875, 3.393121491874043e-22, nan 
118.125, 59.875, 2.0648688274071511e-22, nan 
118.375, 59.875, 2.281269370544421e-22, nan 
118.625, 59.875, 1.551674162795236e-22, nan 
118.875, 59.875, 2.930081222015411e-22, nan 
119.125, 59.875, 3.2111230701097273e-22, nan 
119.375, 59.875, 2.258362868706791e-22, nan 
119.625, 59.875, 3.2532361664388665e-22, nan 
119.875, 59.875, 5.89380688636136e-22, nan 
120.125, 59.875, 5.21401764979267e-22, nan 
120.375, 59.875, 2.8094227586703726e-22, nan 
120.625, 59.875, 3.3375993462453367e-22, nan 
120.875, 59.875, 1.0158814750705929e-22, nan 
121.125, 59.875, 3.066145303190596e-22, nan 
121.375, 59.875, 2.760301793571089e-22, nan 
121.625, 59.875, 1.0065785394383004e-22, nan 
121.875, 59.875, 9.117605032146437e-23, nan 
122.125, 59.875, 9.729412845628663e-23, nan 
122.375, 59.875, 3.889432275851468e-23, nan 
122.625, 59.875, 3.8941602556138893e-23, nan 
122.875, 59.875, 9.869849146369432e-23, nan 
123.125, 59.875, 8.898354200036364e-23, nan 
123.375, 59.875, 6.762219496797541e-23, nan 
123.625, 59.875, 5.728186895557743e-23, nan 
123.875, 59.875, 6.944869037810122e-23, nan 
124.125, 59.875, 7.114418515435848e-23, nan 
124.375, 59.875, 1.1499648681420719e-22, nan 
124.625, 59.875, 1.1346022473436688e-22, nan 
124.875, 59.875, 5.835252106807462e-23, nan 
125.125, 59.875, 7.094266405030594e-23, nan 
125.375, 59.875, 5.758020954557755e-23, nan 
125.625, 59.875, 4.658822163443373e-23, nan 
125.875, 59.875, 5.51363809031744e-23, nan 
126.125, 59.875, 4.5403863820898975e-23, nan 
126.375, 59.875, 9.53428013764445e-23, nan 
126.625, 59.875, 1.1632654969477194e-22, nan 
126.875, 59.875, 1.104043693327479e-22, nan 
127.125, 59.875, 7.55720122414451e-23, nan 
127.375, 59.875, 3.256711797340157e-23, nan 
127.625, 59.875, 8.3675332448997e-23, nan 
127.875, 59.875, 1.0302033675695636e-22, nan 
128.125, 59.875, 1.6348223478649334e-22, nan 
128.375, 59.875, 1.5749029766829986e-22, nan 
128.625, 59.875, 1.3750316783085361e-22, nan 
128.875, 59.875, 1.6770305812965968e-22, nan 
129.125, 59.875, 1.7072364491567175e-22, nan 
129.375, 59.875, 6.118556602297494e-23, nan 
129.625, 59.875, 1.269173143580773e-22, nan 
129.875, 59.875, 1.120383163914578e-22, nan 
130.125, 59.875, 1.0747590670259708e-22, nan 
130.375, 59.875, 8.658900778635941e-23, nan 
130.625, 59.875, 8.4981204195441e-23, nan 
130.875, 59.875, 5.497938762335717e-23, nan 
131.125, 59.875, 6.868992970114775e-23, nan 
131.375, 59.875, 5.818340117281136e-23, nan 
131.625, 59.875, 3.340983905560638e-23, nan 
131.875, 59.875, 4.305907381072184e-23, nan 
132.125, 59.875, 4.6768793200574923e-23, nan 
132.375, 59.875, 3.890995243360113e-23, nan 
132.625, 59.875, 2.4066248857088503e-23, nan 
132.875, 59.875, 3.3175988681380304e-23, nan 
133.125, 59.875, 3.116840864442205e-23, nan 
133.375, 59.875, 2.8963651072854565e-23, nan 
133.625, 59.875, 2.7243865049134173e-23, nan 
133.875, 59.875, 3.4118598388198025e-23, nan 
134.125, 59.875, 8.969420095307745e-24, nan 
134.375, 59.875, 1.0944718101210023e-23, nan 
134.625, 59.875, 1.1501676436689992e-22, nan 
134.875, 59.875, 1.340655246319785e-22, nan 
135.125, 59.875, 1.3139903498960112e-22, nan 
135.375, 59.875, 4.244989042634e-22, nan 
135.625, 59.875, 1.1827147257701076e-21, nan 
135.875, 59.875, 1.3160227555214097e-21, nan 
136.125, 59.875, 9.904799200735936e-22, nan 
136.375, 59.875, 1.1953029465970386e-21, nan 
136.625, 59.875, 9.535448380962052e-22, nan 
136.875, 59.875, 1.739133615998387e-22, nan 
137.125, 59.875, 1.2676793054310046e-22, nan 
137.375, 59.875, 2.3615002207215793e-23, nan 
137.625, 59.875, 3.752687411324828e-23, nan 
137.875, 59.875, 3.274576502831139e-23, nan 
138.125, 59.875, 5.0179650981461153e-23, nan 
138.375, 59.875, 3.437652314345089e-23, nan 
138.625, 59.875, 1.0265892380099302e-23, nan 
138.875, 59.875, 1.3300340328259473e-23, nan 
139.125, 59.875, 1.5743539260120612e-23, nan 
139.375, 59.875, 1.6043023884906908e-23, nan 
139.625, 59.875, 1.3854967504132505e-23, nan 
139.875, 59.875, 1.3988357690362648e-23, nan 
140.125, 59.875, 2.355021732054181e-23, nan 
140.375, 59.875, 3.998744431470173e-23, nan 
140.625, 59.875, 3.4298364616322695e-23, nan 
140.875, 59.875, 1.7746582760653302e-23, nan 
141.125, 59.875, 3.1522478762082766e-23, nan 
141.375, 59.875, 3.268999665206436e-23, nan 
141.625, 59.875, 1.2840861706405487e-23, nan 
141.875, 59.875, 3.562166002195848e-23, nan 
142.125, 59.875, 3.451597918938055e-23, nan 
142.375, 59.875, 1.2935031513492196e-23, nan 
142.625, 59.875, 1.273341937112258e-23, nan 
142.875, 59.875, 5.8453608778759655e-24, nan 
143.125, 59.875, 6.367895735177988e-24, nan 
143.375, 59.875, 8.97068966590802e-24, nan 
143.625, 59.875, 2.721608302980368e-23, nan 
143.875, 59.875, 2.4809063875379992e-23, nan 
144.125, 59.875, 4.209337911988705e-24, nan 
144.375, 59.875, 3.837146440739903e-24, nan 
144.625, 59.875, 4.609430157842297e-24, nan 
144.875, 59.875, 6.3372923904759604e-24, nan 
145.125, 59.875, 5.742009623614347e-24, nan 
145.375, 59.875, 3.8230039203707294e-24, nan 
145.625, 59.875, 4.0616456155704395e-24, nan 
145.875, 59.875, 7.283836726280946e-24, nan 
146.125, 59.875, 1.1142709537472546e-23, nan 
146.375, 59.875, 7.361610195224371e-24, nan 
146.625, 59.875, 3.428038506042792e-24, nan 
146.875, 59.875, 4.5170129789612555e-24, nan 
147.125, 59.875, 9.615070318217994e-24, nan 
147.375, 59.875, 6.547837392640167e-24, nan 
147.625, 59.875, 4.547673389383707e-24, nan 
147.875, 59.875, 8.476572764700972e-24, nan 
148.125, 59.875, 8.839093136274312e-24, nan 
148.375, 59.875, 7.313859030308713e-24, nan 
148.625, 59.875, 8.411005465063225e-24, nan 
148.875, 59.875, 4.471937587974351e-24, nan 
149.125, 59.875, 3.317994710301587e-24, nan 
149.375, 59.875, 4.563493372002107e-24, nan 
149.625, 59.875, 3.757749531950124e-24, nan 
149.875, 59.875, 6.17948224826952e-24, nan 
150.125, 59.875, 6.623453650599757e-24, nan 
150.375, 59.875, 6.856867386711794e-24, nan 
150.625, 59.875, 1.376134292565624e-23, nan 
150.875, 59.875, 1.4863196856459686e-23, nan 
151.125, 59.875, 1.4292495233817107e-23, nan 
151.375, 59.875, 1.3422304703987415e-23, nan 
151.625, 59.875, 9.211657015952248e-24, nan 
151.875, 59.875, 7.96551058683909e-24, nan 
152.125, 59.875, 7.00174339216991e-24, nan 
152.375, 59.875, 1.0049493970878867e-23, nan 
152.625, 59.875, 1.8876310560791568e-23, nan 
152.875, 59.875, 1.0702308333141144e-23, nan 
153.125, 59.875, 1.8981659560982842e-23, nan 
153.375, 59.875, 1.6593853520511416e-23, nan 
153.625, 59.875, 1.0938692933812795e-23, nan 
153.875, 59.875, 3.866004510566166e-24, nan 
154.125, 59.875, 6.2007020474847365e-24, nan 
154.375, 59.875, 7.93675836541438e-24, nan 
154.625, 59.875, 4.14955535858949e-24, nan 
154.875, 59.875, 4.001154651517166e-24, nan 
155.125, 59.875, 3.489625101495825e-24, nan 
155.375, 59.875, 4.0756307218036525e-24, nan 
155.625, 59.875, 3.71656790924085e-24, nan 
155.875, 59.875, 5.521133892742645e-24, nan 
156.125, 59.875, 4.872665347946619e-24, nan 
156.375, 59.875, 3.094789174567889e-24, nan 
156.625, 59.875, 2.5100619236625527e-24, nan 
156.875, 59.875, 4.242399500031654e-24, nan 
157.125, 59.875, 4.078543139470902e-24, nan 
157.375, 59.875, 3.49555617667026e-24, nan 
157.625, 59.875, 5.323097482644599e-24, nan 
157.875, 59.875, 4.5936058937417136e-24, nan 
158.125, 59.875, 2.54716554188056e-24, nan 
158.375, 59.875, 1.6787123765240125e-24, nan 
158.625, 59.875, 1.352104705046393e-24, nan 
158.875, 59.875, 1.735476445857072e-24, nan 
159.125, 59.875, 3.762780409935488e-24, nan 
159.375, 59.875, 4.0690805769554965e-24, nan 
159.625, 59.875, 2.7226336177837014e-24, nan 
159.875, 59.875, 1.7562971531235798e-24, nan 
160.125, 59.875, 1.1200474989408586e-24, nan 
160.375, 59.875, 1.8015188573917e-24, nan 
160.625, 59.875, 2.9792006339247658e-24, nan 
160.875, 59.875, 3.120205499913352e-24, nan 
41.625, 60.125, 1.5602189288341155e-24, nan 
41.875, 60.125, 1.4573158025495153e-24, nan 
42.125, 60.125, 1.5594471598620442e-24, nan 
42.375, 60.125, 2.6446040861679393e-25, nan 
42.625, 60.125, 9.872518705537456e-25, nan 
42.875, 60.125, 8.216180452179749e-25, nan 
43.125, 60.125, 7.480547196154534e-25, nan 
43.375, 60.125, 1.5825763839841778e-24, nan 
43.625, 60.125, 1.5298480769735024e-24, nan 
43.875, 60.125, 1.693819159164708e-24, nan 
44.125, 60.125, 1.986312669382498e-24, nan 
44.375, 60.125, 1.169425636400752e-24, nan 
44.625, 60.125, 1.548310102581366e-24, nan 
44.875, 60.125, 1.238521746585176e-24, nan 
45.125, 60.125, 1.4021336812349172e-24, nan 
45.375, 60.125, 2.1045541406770165e-24, nan 
45.625, 60.125, 1.934198292231419e-24, nan 
45.875, 60.125, 1.9476952022880447e-24, nan 
46.125, 60.125, 1.179914883640032e-24, nan 
46.375, 60.125, 1.1887522606668889e-24, nan 
46.625, 60.125, 2.3820160498139806e-24, nan 
46.875, 60.125, 1.9293427385832394e-24, nan 
47.125, 60.125, 1.3975366296498015e-24, nan 
47.375, 60.125, 1.5390432702150704e-24, nan 
47.625, 60.125, 2.4020472058925505e-24, nan 
47.875, 60.125, 1.8919090109056102e-24, nan 
48.125, 60.125, 2.3931839463589875e-24, nan 
48.375, 60.125, 2.5732803470035104e-24, nan 
48.625, 60.125, 2.416924354176192e-24, nan 
48.875, 60.125, 2.669279110121537e-24, nan 
49.125, 60.125, 1.964674060282731e-24, nan 
49.375, 60.125, 1.417894829504597e-24, nan 
49.625, 60.125, 2.4545335676970233e-24, nan 
49.875, 60.125, 2.7631359698546432e-24, nan 
50.125, 60.125, 2.1577292131742383e-24, nan 
50.375, 60.125, 3.8650397679238636e-24, nan 
50.625, 60.125, 3.582480443241204e-24, nan 
50.875, 60.125, 3.0752787923357068e-24, nan 
51.125, 60.125, 4.029161496283483e-24, nan 
51.375, 60.125, 3.55326914250004e-24, nan 
51.625, 60.125, 1.8940226473270678e-24, nan 
51.875, 60.125, 2.641087592696689e-24, nan 
52.125, 60.125, 4.029273100976393e-24, nan 
52.375, 60.125, 5.381852094514528e-24, nan 
52.625, 60.125, 6.430343058684639e-24, nan 
52.875, 60.125, 7.362520526428703e-24, nan 
53.125, 60.125, 5.450137449765378e-24, nan 
53.375, 60.125, 4.8029788831686506e-24, nan 
53.625, 60.125, 5.18663510524757e-24, nan 
53.875, 60.125, 3.077976694714351e-24, nan 
54.125, 60.125, 3.9528490739727275e-24, nan 
54.375, 60.125, 3.678141921488948e-24, nan 
54.625, 60.125, 3.10089188109467e-24, nan 
54.875, 60.125, 3.552066493585106e-24, nan 
55.125, 60.125, 3.505147520575433e-24, nan 
55.375, 60.125, 6.0757361963150255e-24, nan 
55.625, 60.125, 4.9117886304195144e-24, nan 
55.875, 60.125, 4.721387079940323e-24, nan 
56.125, 60.125, 1.1396175059818306e-23, nan 
56.375, 60.125, 8.169365838205528e-24, nan 
56.625, 60.125, 1.0208650816083356e-23, nan 
56.875, 60.125, 7.49851941300894e-24, nan 
57.125, 60.125, 8.20023269664628e-24, nan 
57.375, 60.125, 7.01052608865827e-24, nan 
57.625, 60.125, 2.515699936082913e-24, nan 
57.875, 60.125, 6.3243463684894405e-24, nan 
58.125, 60.125, 5.535259280564577e-24, nan 
58.375, 60.125, 5.44075257072604e-24, nan 
58.625, 60.125, 6.281599506053728e-24, nan 
58.875, 60.125, 1.4287262804870253e-23, nan 
59.125, 60.125, 1.387295225284694e-23, nan 
59.375, 60.125, 1.0973629485750893e-23, nan 
59.625, 60.125, 1.6406447641154697e-23, nan 
59.875, 60.125, 1.1056397701023334e-23, nan 
60.125, 60.125, 6.773691767466056e-24, nan 
60.375, 60.125, 3.860312582400575e-24, nan 
60.625, 60.125, 5.120901924627804e-24, nan 
60.875, 60.125, 6.776539187091464e-24, nan 
61.125, 60.125, 9.842658394061007e-24, nan 
61.375, 60.125, 1.2188830856311925e-23, nan 
61.625, 60.125, 9.584296927854764e-24, nan 
61.875, 60.125, 8.31956079308663e-24, nan 
62.125, 60.125, 7.780887542726354e-24, nan 
62.375, 60.125, 7.94640146740746e-24, nan 
62.625, 60.125, 7.635187997320486e-24, nan 
62.875, 60.125, 7.600882565238501e-24, nan 
63.125, 60.125, 7.997372633961153e-24, nan 
63.375, 60.125, 7.896493713692787e-24, nan 
63.625, 60.125, 8.844427867025966e-24, nan 
63.875, 60.125, 6.96029123384831e-24, nan 
64.125, 60.125, 6.35161363356523e-24, nan 
64.375, 60.125, 9.009746055876977e-24, nan 
64.625, 60.125, 1.171609093868381e-23, nan 
64.875, 60.125, 1.2071496666885062e-23, nan 
65.125, 60.125, 1.0967600532342942e-23, nan 
65.375, 60.125, 1.4077865715355215e-23, nan 
65.625, 60.125, 1.3461722669647603e-23, nan 
65.875, 60.125, 3.786496734890759e-24, nan 
66.125, 60.125, 8.480410406917878e-24, nan 
66.375, 60.125, 9.068001363684467e-24, nan 
66.625, 60.125, 5.958467423244401e-24, nan 
66.875, 60.125, 8.836566220840335e-24, nan 
67.125, 60.125, 1.3280634913139747e-23, nan 
67.375, 60.125, 7.044064720639776e-24, nan 
67.625, 60.125, 7.356724504519705e-24, nan 
67.875, 60.125, 1.322107262663312e-23, nan 
68.125, 60.125, 8.822845190512316e-24, nan 
68.375, 60.125, 1.0130902374615465e-23, nan 
68.625, 60.125, 1.2488357453850401e-23, nan 
68.875, 60.125, 9.654908810367785e-24, nan 
69.125, 60.125, 8.202874040478634e-24, nan 
69.375, 60.125, 8.32935171155833e-24, nan 
69.625, 60.125, 7.604992082481145e-24, nan 
69.875, 60.125, 1.1341673810437457e-23, nan 
70.125, 60.125, 8.78978470405689e-24, nan 
70.375, 60.125, 2.770008078080944e-23, nan 
70.625, 60.125, 1.1321395771283e-23, nan 
70.875, 60.125, 1.4922257302526912e-23, nan 
71.125, 60.125, 2.4198518839519548e-23, nan 
71.375, 60.125, 1.0057327673692975e-23, nan 
71.625, 60.125, 2.5099797031033667e-23, nan 
71.875, 60.125, 2.217381738683033e-23, nan 
72.125, 60.125, 1.2960544794856915e-23, nan 
72.375, 60.125, 1.7321928281025576e-23, nan 
72.625, 60.125, 1.1904567116332703e-23, nan 
72.875, 60.125, 1.0913523910826215e-23, nan 
73.125, 60.125, 1.0825320088715086e-23, nan 
73.375, 60.125, 3.137746202502915e-23, nan 
73.625, 60.125, 2.953174112045266e-23, nan 
73.875, 60.125, 2.1159444396640476e-23, nan 
74.125, 60.125, 4.656646413796397e-23, nan 
74.375, 60.125, 3.6117557002928475e-23, nan 
74.625, 60.125, 3.330527155587259e-23, nan 
74.875, 60.125, 4.202658545282219e-23, nan 
75.125, 60.125, 3.283011597995585e-23, nan 
75.375, 60.125, 2.3111315201801512e-23, nan 
75.625, 60.125, 4.043038087990817e-23, nan 
75.875, 60.125, 5.534287501280934e-23, nan 
76.125, 60.125, 4.125417044716254e-23, nan 
76.375, 60.125, 1.4402657182969736e-22, nan 
76.625, 60.125, 1.1875166649000782e-22, nan 
76.875, 60.125, 7.253529970793249e-23, nan 
77.125, 60.125, 4.0582134371028934e-23, nan 
77.375, 60.125, 2.0588422967041846e-23, nan 
77.625, 60.125, 5.614950857073955e-23, nan 
77.875, 60.125, 6.414637686230437e-23, nan 
78.125, 60.125, 2.635117417410411e-23, nan 
78.375, 60.125, 4.1203136586994974e-23, nan 
78.625, 60.125, 6.345931544119777e-23, nan 
78.875, 60.125, 4.1279400343305543e-23, nan 
79.125, 60.125, 4.6649959772759867e-23, nan 
79.375, 60.125, 3.3818419318772983e-23, nan 
79.625, 60.125, 6.063073045089002e-23, nan 
79.875, 60.125, 2.7377523310756984e-23, nan 
80.125, 60.125, 3.3859835032898706e-23, nan 
80.375, 60.125, 4.8235994512016345e-23, nan 
80.625, 60.125, 5.380292130208378e-23, nan 
80.875, 60.125, 3.856007126593045e-23, nan 
81.125, 60.125, 6.346096991840743e-23, nan 
81.375, 60.125, 6.655762707880272e-23, nan 
81.625, 60.125, 3.9784195373569985e-23, nan 
81.875, 60.125, 4.733068286552836e-23, nan 
82.125, 60.125, 6.576863851124759e-23, nan 
82.375, 60.125, 2.8452224276601475e-23, nan 
82.625, 60.125, 6.948551800359484e-23, nan 
82.875, 60.125, 1.540360674373264e-22, nan 
83.125, 60.125, 6.097737528596086e-23, nan 
83.375, 60.125, 1.3065482098496404e-22, nan 
83.625, 60.125, 2.1277747593657363e-22, nan 
83.875, 60.125, 1.5967697460612867e-22, nan 
84.125, 60.125, 2.9200478596122354e-22, nan 
84.375, 60.125, 3.236388768883541e-22, nan 
84.625, 60.125, 2.0940690210510428e-22, nan 
84.875, 60.125, 2.3243123234730875e-22, nan 
85.125, 60.125, 2.413849217963973e-22, nan 
85.375, 60.125, 2.178127944097884e-22, nan 
85.625, 60.125, 2.0860530901411845e-22, nan 
85.875, 60.125, 2.17892590934675e-22, nan 
86.125, 60.125, 2.1509577801992895e-22, nan 
86.375, 60.125, 3.9843476525441064e-22, nan 
86.625, 60.125, 1.67726500413748e-21, nan 
86.875, 60.125, 1.5743411686857636e-21, nan 
87.125, 60.125, 1.0666969267124352e-21, nan 
87.375, 60.125, 1.7363167991944726e-21, nan 
87.625, 60.125, 1.2853242276063834e-21, nan 
87.875, 60.125, 1.0167698086682165e-21, nan 
88.125, 60.125, 2.6535177642701648e-21, nan 
88.375, 60.125, 2.082981317968298e-21, nan 
88.625, 60.125, 2.0758375769878576e-21, nan 
88.875, 60.125, 2.7491304643942015e-21, nan 
89.125, 60.125, 1.7898184213359753e-21, nan 
89.375, 60.125, 1.1813985467723976e-21, nan 
89.625, 60.125, 1.2008519275105777e-21, nan 
89.875, 60.125, 1.2152914230923e-21, nan 
90.125, 60.125, 1.0114192485694777e-21, nan 
90.375, 60.125, 9.793281836168006e-22, nan 
90.625, 60.125, 8.176228273261334e-22, nan 
90.875, 60.125, 9.278580795363454e-22, nan 
91.125, 60.125, 8.669754951995705e-22, nan 
91.375, 60.125, 8.009373329509986e-22, nan 
91.625, 60.125, 7.170769639900109e-22, nan 
91.875, 60.125, 6.734539220149772e-22, nan 
92.125, 60.125, 6.09355618759825e-22, nan 
92.375, 60.125, 5.668307241644159e-22, nan 
92.625, 60.125, 1.0363480706656657e-21, nan 
92.875, 60.125, 1.2865249079846796e-21, nan 
93.125, 60.125, 1.787496622512924e-21, nan 
93.375, 60.125, 2.8997833104561464e-21, nan 
93.625, 60.125, 2.7428009370345458e-21, nan 
93.875, 60.125, 2.8205108699687443e-21, nan 
94.125, 60.125, 1.788992756345075e-21, nan 
94.375, 60.125, 1.862176221407847e-21, nan 
94.625, 60.125, 2.1823333622599353e-21, nan 
94.875, 60.125, 1.7216043280504515e-21, nan 
95.125, 60.125, 1.2394311189032107e-21, nan 
95.375, 60.125, 1.9465403356931315e-21, nan 
95.625, 60.125, 3.050024143899979e-21, nan 
95.875, 60.125, 4.3657820555637924e-21, nan 
96.125, 60.125, 4.2928846636795365e-21, nan 
96.375, 60.125, 3.104355510019892e-21, nan 
96.625, 60.125, 7.084779798078564e-21, nan 
96.875, 60.125, 1.0919003325573883e-20, nan 
97.125, 60.125, 8.608986989591407e-21, nan 
97.375, 60.125, 9.282552285224626e-21, nan 
97.625, 60.125, 1.0849742912280908e-20, nan 
97.875, 60.125, 9.246490818963975e-21, nan 
98.125, 60.125, 6.70059670106078e-21, nan 
98.375, 60.125, 5.256399035544747e-21, nan 
98.625, 60.125, 3.804523798923064e-21, nan 
98.875, 60.125, 3.927241319722948e-21, nan 
99.125, 60.125, 1.9502833756956203e-21, nan 
99.375, 60.125, 2.250962598312256e-21, nan 
99.625, 60.125, 1.7970364179217893e-21, nan 
99.875, 60.125, 3.5411459845035255e-21, nan 
100.125, 60.125, 3.770107399915832e-21, nan 
100.375, 60.125, 4.04411830353599e-21, nan 
100.625, 60.125, 4.718696354684236e-21, nan 
100.875, 60.125, 3.7766206290411876e-21, nan 
101.125, 60.125, 3.958490043412771e-21, nan 
101.375, 60.125, 2.1532402305315324e-21, nan 
101.625, 60.125, 1.3788213088384585e-21, nan 
101.875, 60.125, 1.0182590966466052e-20, nan 
102.125, 60.125, 1.1533627117900359e-20, nan 
102.375, 60.125, 1.0079563295037236e-20, nan 
102.625, 60.125, 1.7692611720080362e-20, nan 
102.875, 60.125, 1.1849454131427799e-20, nan 
103.125, 60.125, 1.0024778485370774e-20, nan 
103.375, 60.125, 4.20894846035757e-21, nan 
103.625, 60.125, 5.783507081700841e-21, nan 
103.875, 60.125, 6.0416872350383944e-21, nan 
104.125, 60.125, 5.89578687588516e-21, nan 
104.375, 60.125, 4.661564509801258e-21, nan 
104.625, 60.125, 4.009966297922384e-21, nan 
104.875, 60.125, 3.6216138358333785e-21, nan 
105.125, 60.125, 3.3518613966958778e-21, nan 
105.375, 60.125, 3.058507998354415e-21, nan 
105.625, 60.125, 1.96644155739876e-21, nan 
105.875, 60.125, 2.1375022825239473e-21, nan 
106.125, 60.125, 2.027652062421001e-21, nan 
106.375, 60.125, 1.629660726590225e-21, nan 
106.625, 60.125, 8.487948974549508e-22, nan 
106.875, 60.125, 1.3498565520709972e-21, nan 
107.125, 60.125, 1.9821443705073443e-21, nan 
107.375, 60.125, 2.7973585680760857e-21, nan 
107.625, 60.125, 1.3924067863771994e-21, nan 
107.875, 60.125, 1.1429938151450619e-21, nan 
108.125, 60.125, 1.1483900769610458e-21, nan 
108.375, 60.125, 1.0407139541328428e-21, nan 
108.625, 60.125, 1.1250384761157949e-21, nan 
108.875, 60.125, 7.775299131546145e-22, nan 
109.125, 60.125, 7.000830832334863e-22, nan 
109.375, 60.125, 8.759095477071271e-22, nan 
109.625, 60.125, 1.2120507314896589e-21, nan 
109.875, 60.125, 1.3816263542083672e-21, nan 
110.125, 60.125, 1.009843758467349e-21, nan 
110.375, 60.125, 1.0289402202739514e-21, nan 
110.625, 60.125, 6.004164841797368e-22, nan 
110.875, 60.125, 9.227422492761046e-22, nan 
111.125, 60.125, 1.2179690950827503e-21, nan 
111.375, 60.125, 2.092122828532053e-21, nan 
111.625, 60.125, 2.825481085068389e-21, nan 
111.875, 60.125, 1.8680822419994954e-21, nan 
112.125, 60.125, 1.0067068915455052e-21, nan 
112.375, 60.125, 4.602230856995041e-22, nan 
112.625, 60.125, 1.9271775868190545e-22, nan 
112.875, 60.125, 1.9772328740137843e-22, nan 
113.125, 60.125, 4.48511255738272e-22, nan 
113.375, 60.125, 3.757711138281585e-22, nan 
113.625, 60.125, 3.2324768348439686e-22, nan 
113.875, 60.125, 3.042987859853793e-22, nan 
114.125, 60.125, 2.4590546882667824e-22, nan 
114.375, 60.125, 2.7590439797510797e-22, nan 
114.625, 60.125, 3.9761727485399755e-22, nan 
114.875, 60.125, 6.807839930004035e-22, nan 
115.125, 60.125, 8.016009814663674e-22, nan 
115.375, 60.125, 7.119007436808789e-22, nan 
115.625, 60.125, 7.728061854573281e-22, nan 
115.875, 60.125, 1.914774376576369e-21, nan 
116.125, 60.125, 7.623697884571737e-22, nan 
116.375, 60.125, 5.598125573732432e-22, nan 
116.625, 60.125, 3.357954730036557e-22, nan 
116.875, 60.125, 3.1590883601655e-22, nan 
117.125, 60.125, 1.6295230051612491e-22, nan 
117.375, 60.125, 1.408805665486004e-22, nan 
117.625, 60.125, 1.5249860276289774e-22, nan 
117.875, 60.125, 1.5887243858312175e-22, nan 
118.125, 60.125, 1.008775761101237e-22, nan 
118.375, 60.125, 8.880852139538829e-23, nan 
118.625, 60.125, 9.880356669787416e-23, nan 
118.875, 60.125, 6.961430212190867e-23, nan 
119.125, 60.125, 1.0541628168148624e-22, nan 
119.375, 60.125, 1.0063998057178471e-22, nan 
119.625, 60.125, 1.2664416086960947e-22, nan 
119.875, 60.125, 5.41104510456354e-23, nan 
120.125, 60.125, 1.0656813545462716e-22, nan 
120.375, 60.125, 1.1635693765285983e-22, nan 
120.625, 60.125, 7.315535206464426e-23, nan 
120.875, 60.125, 5.797703022671034e-23, nan 
121.125, 60.125, 8.583606567945648e-23, nan 
121.375, 60.125, 7.221057572304159e-23, nan 
121.625, 60.125, 7.723369196843597e-23, nan 
121.875, 60.125, 7.534034299276351e-23, nan 
122.125, 60.125, 4.542796194218101e-23, nan 
122.375, 60.125, 3.1863968143118254e-23, nan 
122.625, 60.125, 7.424029577302537e-23, nan 
122.875, 60.125, 6.131354102312389e-23, nan 
123.125, 60.125, 4.417975168704389e-23, nan 
123.375, 60.125, 4.5428628558939374e-23, nan 
123.625, 60.125, 8.136039546764912e-23, nan 
123.875, 60.125, 5.557311628187518e-23, nan 
124.125, 60.125, 4.919995576326815e-23, nan 
124.375, 60.125, 3.660607605836932e-23, nan 
124.625, 60.125, 4.4924216967131963e-23, nan 
124.875, 60.125, 8.321515006107994e-23, nan 
125.125, 60.125, 4.9032139628190074e-23, nan 
125.375, 60.125, 2.6308123796092877e-23, nan 
125.625, 60.125, 3.383359383759003e-23, nan 
125.875, 60.125, 3.785873269287959e-23, nan 
126.125, 60.125, 4.0187356244041996e-23, nan 
126.375, 60.125, 3.941157009790815e-23, nan 
126.625, 60.125, 3.6944131428274107e-23, nan 
126.875, 60.125, 3.705955018186765e-23, nan 
127.125, 60.125, 2.982943736089158e-23, nan 
127.375, 60.125, 4.30918632636056e-23, nan 
127.625, 60.125, 5.0359702208826147e-23, nan 
127.875, 60.125, 7.044642475693734e-23, nan 
128.125, 60.125, 4.992388207519115e-23, nan 
128.375, 60.125, 3.957683289997477e-23, nan 
128.625, 60.125, 8.938160802826357e-23, nan 
128.875, 60.125, 2.767253583897997e-23, nan 
129.125, 60.125, 1.1111946244941472e-22, nan 
129.375, 60.125, 1.2080347493602983e-22, nan 
129.625, 60.125, 8.766125957150141e-23, nan 
129.875, 60.125, 4.737174382180425e-23, nan 
130.125, 60.125, 4.913241786470214e-23, nan 
130.375, 60.125, 4.672955345884173e-23, nan 
130.625, 60.125, 2.5733943560694978e-23, nan 
130.875, 60.125, 1.9078224748897978e-23, nan 
131.125, 60.125, 9.523081215261891e-24, nan 
131.375, 60.125, 8.373089865309756e-24, nan 
131.625, 60.125, 1.9830139451531484e-23, nan 
131.875, 60.125, 1.995146373383464e-23, nan 
132.125, 60.125, 1.1375668168293962e-23, nan 
132.375, 60.125, 1.549661200519571e-23, nan 
132.625, 60.125, 1.5245242873678037e-23, nan 
132.875, 60.125, 1.0414071018444654e-23, nan 
133.125, 60.125, 1.1354294593609908e-23, nan 
133.375, 60.125, 8.281539782757888e-24, nan 
133.625, 60.125, 9.041162340832505e-24, nan 
133.875, 60.125, 1.905630026644378e-23, nan 
134.125, 60.125, 6.96253119276182e-24, nan 
134.375, 60.125, 2.4837226101134792e-23, nan 
134.625, 60.125, 3.349751707052674e-23, nan 
134.875, 60.125, 4.025254574682427e-23, nan 
135.125, 60.125, 3.839282183169814e-23, nan 
135.375, 60.125, 5.425155943973437e-23, nan 
135.625, 60.125, 9.327375266551671e-23, nan 
135.875, 60.125, 3.376954642602543e-22, nan 
136.125, 60.125, 3.2955186862238564e-22, nan 
136.375, 60.125, 2.278476152755859e-22, nan 
136.625, 60.125, 4.383564225112147e-23, nan 
136.875, 60.125, 4.0115957128756105e-23, nan 
137.125, 60.125, 2.101665339041654e-23, nan 
137.375, 60.125, 1.988882526587208e-23, nan 
137.625, 60.125, 7.972171009620599e-24, nan 
137.875, 60.125, 8.234120741168239e-24, nan 
138.125, 60.125, 1.1159587430912121e-23, nan 
138.375, 60.125, 4.27300721886606e-24, nan 
138.625, 60.125, 1.888579694177204e-24, nan 
138.875, 60.125, 6.794820484582908e-24, nan 
139.125, 60.125, 4.0763815591221334e-24, nan 
139.375, 60.125, 3.652638845740837e-24, nan 
139.625, 60.125, 6.068659999925153e-24, nan 
139.875, 60.125, 4.184459519972825e-24, nan 
140.125, 60.125, 9.078272363335458e-24, nan 
140.375, 60.125, 9.234523889069636e-24, nan 
140.625, 60.125, 5.110967853376347e-24, nan 
140.875, 60.125, 1.1522019319924197e-23, nan 
141.125, 60.125, 6.705629278922185e-24, nan 
141.375, 60.125, 6.06469048264954e-24, nan 
141.625, 60.125, 8.427864700165038e-24, nan 
141.875, 60.125, 4.793440575703849e-24, nan 
142.125, 60.125, 5.161068798809675e-24, nan 
142.375, 60.125, 6.74747313111201e-24, nan 
142.625, 60.125, 4.554448295836741e-24, nan 
142.875, 60.125, 3.400005794209848e-24, nan 
143.125, 60.125, 6.876549210770293e-24, nan 
143.375, 60.125, 4.79732697635132e-24, nan 
143.625, 60.125, 5.031144590482348e-24, nan 
143.875, 60.125, 5.94891329322697e-24, nan 
144.125, 60.125, 4.6192621868557825e-24, nan 
144.375, 60.125, 2.9350396764088187e-24, nan 
144.625, 60.125, 2.7353629406612876e-24, nan 
144.875, 60.125, 2.1046126088430606e-24, nan 
145.125, 60.125, 2.116928152807509e-24, nan 
145.375, 60.125, 4.4892489078563566e-24, nan 
145.625, 60.125, 3.686470623831192e-24, nan 
145.875, 60.125, 3.315361894979332e-24, nan 
146.125, 60.125, 6.267879965708746e-24, nan 
146.375, 60.125, 5.281701739676981e-24, nan 
146.625, 60.125, 3.905657409292804e-24, nan 
146.875, 60.125, 7.114784360255958e-24, nan 
147.125, 60.125, 7.147622448543406e-24, nan 
147.375, 60.125, 4.931894941545332e-24, nan 
147.625, 60.125, 3.1852479264535444e-23, nan 
147.875, 60.125, 1.7968500657243598e-23, nan 
148.125, 60.125, 9.791815652173326e-24, nan 
148.375, 60.125, 2.5938911373916545e-24, nan 
148.625, 60.125, 4.163762201805383e-24, nan 
148.875, 60.125, 2.143640142704727e-24, nan 
149.125, 60.125, 1.2522908343199948e-24, nan 
149.375, 60.125, 1.4523465279598406e-24, nan 
149.625, 60.125, 1.9502148910941178e-24, nan 
149.875, 60.125, 2.4450893632433286e-24, nan 
150.125, 60.125, 3.634558362791369e-24, nan 
150.375, 60.125, 4.1142269484072065e-24, nan 
150.625, 60.125, 4.942281532932556e-24, nan 
150.875, 60.125, 5.433443596699784e-24, nan 
151.125, 60.125, 4.9812047970303034e-24, nan 
151.375, 60.125, 6.063649963138399e-24, nan 
151.625, 60.125, 6.017113687093494e-24, nan 
151.875, 60.125, 7.355472002189743e-24, nan 
152.125, 60.125, 4.113074562841608e-24, nan 
152.375, 60.125, 6.884394777375032e-24, nan 
152.625, 60.125, 1.6735730933241197e-23, nan 
152.875, 60.125, 9.611873445837818e-24, nan 
153.125, 60.125, 8.773864971362177e-24, nan 
153.375, 60.125, 8.907409303446348e-24, nan 
153.625, 60.125, 5.206858407760642e-24, nan 
153.875, 60.125, 3.249129457637792e-24, nan 
154.125, 60.125, 3.4358555868764375e-24, nan 
154.375, 60.125, 3.0642262928399396e-24, nan 
154.625, 60.125, 1.841138139388964e-24, nan 
154.875, 60.125, 2.4713351412663396e-24, nan 
155.125, 60.125, 2.0780966915810547e-24, nan 
155.375, 60.125, 1.3287968904440293e-24, nan 
155.625, 60.125, 1.7371365840710626e-24, nan 
155.875, 60.125, 1.6015417788447654e-24, nan 
156.125, 60.125, 1.101282494145944e-24, nan 
156.375, 60.125, 2.1535327867370314e-24, nan 
156.625, 60.125, 1.2663834875462568e-24, nan 
156.875, 60.125, 4.834441213646914e-25, nan 
157.125, 60.125, 1.681365741492468e-24, nan 
157.375, 60.125, 1.4399508323780098e-24, nan 
157.625, 60.125, 1.2730242696705487e-24, nan 
157.875, 60.125, 1.5003140731722267e-24, nan 
158.125, 60.125, 1.1793583888321956e-24, nan 
158.375, 60.125, 7.888981798463555e-25, nan 
158.625, 60.125, 1.0259095116946173e-24, nan 
158.875, 60.125, 1.005844822020096e-24, nan 
159.125, 60.125, 1.6998580177366122e-24, nan 
159.375, 60.125, 1.3526744597264511e-24, nan 
159.625, 60.125, 6.349249755238255e-25, nan 
159.875, 60.125, 9.706998598160945e-25, nan 
160.125, 60.125, 8.881810909157628e-25, nan 
160.375, 60.125, 6.870652903739626e-25, nan 
160.625, 60.125, 1.4906606990164109e-24, nan 
160.875, 60.125, 1.6444391986285239e-24, nan 
161.125, 60.125, 9.372516291592928e-25, nan 
41.375, 60.375, 1.8413488857868626e-24, nan 
41.625, 60.375, 1.6249059184524299e-24, nan 
41.875, 60.375, 7.018827471228589e-25, nan 
42.125, 60.375, 9.69396728694471e-25, nan 
42.375, 60.375, 9.223014860301895e-25, nan 
42.625, 60.375, 7.428126592855671e-25, nan 
42.875, 60.375, 9.94425698868556e-25, nan 
43.125, 60.375, 1.232387979335402e-24, nan 
43.375, 60.375, 1.1802911466790392e-24, nan 
43.625, 60.375, 1.4108243912274714e-24, nan 
43.875, 60.375, 1.6222833998047841e-24, nan 
44.125, 60.375, 1.1369447989946822e-24, nan 
44.375, 60.375, 1.060957081765857e-24, nan 
44.625, 60.375, 1.3214764384340954e-24, nan 
44.875, 60.375, 4.1532682277771225e-25, nan 
45.125, 60.375, 5.571349060091842e-25, nan 
45.375, 60.375, 2.0584240508897183e-24, nan 
45.625, 60.375, 1.2833375264672558e-24, nan 
45.875, 60.375, 1.1705235820089523e-24, nan 
46.125, 60.375, 1.230020612064976e-24, nan 
46.375, 60.375, 1.1666692393886277e-24, nan 
46.625, 60.375, 2.0196399917938904e-24, nan 
46.875, 60.375, 1.5056167609539133e-24, nan 
47.125, 60.375, 1.2140133674514062e-24, nan 
47.375, 60.375, 5.87828435796261e-25, nan 
47.625, 60.375, 1.5446829005769845e-24, nan 
47.875, 60.375, 1.1501712675726469e-24, nan 
48.125, 60.375, 1.665514614854055e-24, nan 
48.375, 60.375, 2.0760329040713652e-24, nan 
48.625, 60.375, 1.916989897299353e-24, nan 
48.875, 60.375, 1.5530148374900144e-24, nan 
49.125, 60.375, 1.4079195412457894e-24, nan 
49.375, 60.375, 1.782949958356359e-24, nan 
49.625, 60.375, 2.7281848281781663e-24, nan 
49.875, 60.375, 2.2184021701505434e-24, nan 
50.125, 60.375, 2.2624313356330955e-24, nan 
50.375, 60.375, 4.379714253032035e-24, nan 
50.625, 60.375, 4.086620586375927e-24, nan 
50.875, 60.375, 3.8553264460734716e-24, nan 
51.125, 60.375, 3.988565872346567e-24, nan 
51.375, 60.375, 4.220083348220728e-24, nan 
51.625, 60.375, 2.7579529389847836e-24, nan 
51.875, 60.375, 2.9563884924160814e-24, nan 
52.125, 60.375, 3.165144922491701e-24, nan 
52.375, 60.375, 2.462032714510864e-24, nan 
52.625, 60.375, 3.4412638583198115e-24, nan 
52.875, 60.375, 4.274588894342855e-24, nan 
53.125, 60.375, 1.6601252856529763e-24, nan 
53.375, 60.375, 2.8868062593920837e-24, nan 
53.625, 60.375, 3.433765307384559e-24, nan 
53.875, 60.375, 2.3601528657150135e-24, nan 
54.125, 60.375, 2.0511514185821295e-24, nan 
54.375, 60.375, 4.003433658489395e-24, nan 
54.625, 60.375, 3.797429719707516e-24, nan 
54.875, 60.375, 3.2394450704834586e-24, nan 
55.125, 60.375, 4.0440499705791214e-24, nan 
55.375, 60.375, 3.6283946469260585e-24, nan 
55.625, 60.375, 5.078209780892585e-24, nan 
55.875, 60.375, 5.947183055292251e-24, nan 
56.125, 60.375, 1.0373675205417713e-23, nan 
56.375, 60.375, 7.48860582480738e-24, nan 
56.625, 60.375, 9.668139073560456e-24, nan 
56.875, 60.375, 9.377279973109977e-24, nan 
57.125, 60.375, 6.327163902517446e-24, nan 
57.375, 60.375, 7.705343628801878e-24, nan 
57.625, 60.375, 6.626104709840234e-24, nan 
57.875, 60.375, 5.944578095599731e-24, nan 
58.125, 60.375, 6.576759928168518e-24, nan 
58.375, 60.375, 2.367835333595571e-24, nan 
58.625, 60.375, 4.01953624520877e-24, nan 
58.875, 60.375, 1.0285757346770554e-23, nan 
59.125, 60.375, 1.1035353142428034e-23, nan 
59.375, 60.375, 9.406872620723275e-24, nan 
59.625, 60.375, 6.472953210870636e-24, nan 
59.875, 60.375, 8.270496314275552e-24, nan 
60.125, 60.375, 5.427640177739774e-24, nan 
60.375, 60.375, 1.172518717459214e-23, nan 
60.625, 60.375, 4.357608911966984e-24, nan 
60.875, 60.375, 6.926826740170651e-24, nan 
61.125, 60.375, 8.370326762143523e-24, nan 
61.375, 60.375, 2.894148400818625e-24, nan 
61.625, 60.375, 2.9568010124433067e-24, nan 
61.875, 60.375, 1.385718450376359e-24, nan 
62.125, 60.375, 7.071599475610048e-24, nan 
62.375, 60.375, 5.5043877705737015e-24, nan 
62.625, 60.375, 6.2143924909965315e-24, nan 
62.875, 60.375, 7.248892965607181e-24, nan 
63.125, 60.375, 8.94406010675938e-24, nan 
63.375, 60.375, 1.0884814852712195e-23, nan 
63.625, 60.375, 1.2522748135243354e-23, nan 
63.875, 60.375, 9.48277989896195e-24, nan 
64.125, 60.375, 9.760267043496849e-24, nan 
64.375, 60.375, 1.1197134728695253e-23, nan 
64.625, 60.375, 9.314255594559639e-24, nan 
64.875, 60.375, 9.794750179407557e-24, nan 
65.125, 60.375, 6.51041886222109e-24, nan 
65.375, 60.375, 8.670607870725285e-24, nan 
65.625, 60.375, 1.1594343287913671e-23, nan 
65.875, 60.375, 8.202899111252723e-24, nan 
66.125, 60.375, 7.123991125601234e-24, nan 
66.375, 60.375, 9.110782432399865e-24, nan 
66.625, 60.375, 7.782162768321271e-24, nan 
66.875, 60.375, 1.0217382652659412e-23, nan 
67.125, 60.375, 1.2669012706267545e-23, nan 
67.375, 60.375, 7.48202901321565e-24, nan 
67.625, 60.375, 8.153079866226906e-24, nan 
67.875, 60.375, 1.434486357439399e-23, nan 
68.125, 60.375, 1.1055028077892305e-23, nan 
68.375, 60.375, 9.801605082379684e-24, nan 
68.625, 60.375, 1.7062823777999966e-23, nan 
68.875, 60.375, 9.949342697648038e-24, nan 
69.125, 60.375, 1.0476399172698838e-23, nan 
69.375, 60.375, 1.1409560443496854e-23, nan 
69.625, 60.375, 1.6094330556865665e-23, nan 
69.875, 60.375, 1.2768044268384336e-23, nan 
70.125, 60.375, 1.2198869919110199e-23, nan 
70.375, 60.375, 2.7774477897846934e-23, nan 
70.625, 60.375, 1.598223663279458e-23, nan 
70.875, 60.375, 1.4918829862814624e-23, nan 
71.125, 60.375, 2.436667381939321e-23, nan 
71.375, 60.375, 6.981262818690896e-24, nan 
71.625, 60.375, 1.7750932626239326e-23, nan 
71.875, 60.375, 2.690767808073582e-23, nan 
72.125, 60.375, 1.0268027714286637e-23, nan 
72.375, 60.375, 2.9086375410286827e-23, nan 
72.625, 60.375, 3.3162385836216565e-23, nan 
72.875, 60.375, 3.0089867233140726e-23, nan 
73.125, 60.375, 1.2225151148429204e-23, nan 
73.375, 60.375, 4.2419180733877485e-23, nan 
73.625, 60.375, 4.227493039782735e-23, nan 
73.875, 60.375, 3.4108212280209364e-23, nan 
74.125, 60.375, 5.002377765182073e-23, nan 
74.375, 60.375, 4.732121519162671e-23, nan 
74.625, 60.375, 4.2827595016632177e-23, nan 
74.875, 60.375, 4.129891659479395e-23, nan 
75.125, 60.375, 3.276678258944932e-23, nan 
75.375, 60.375, 4.325179527066764e-23, nan 
75.625, 60.375, 6.716234928511285e-23, nan 
75.875, 60.375, 1.905534341360876e-23, nan 
76.125, 60.375, 5.947157276360364e-23, nan 
76.375, 60.375, 1.5293483148777222e-22, nan 
76.625, 60.375, 1.0109977441088954e-22, nan 
76.875, 60.375, 7.159049376317288e-23, nan 
77.125, 60.375, 9.243554051392002e-23, nan 
77.375, 60.375, 5.1957911872772803e-23, nan 
77.625, 60.375, 2.037737560334806e-23, nan 
77.875, 60.375, 3.6147626157585347e-23, nan 
78.125, 60.375, 2.6668316363577164e-23, nan 
78.375, 60.375, 3.54860781437836e-23, nan 
78.625, 60.375, 3.351783541375936e-23, nan 
78.875, 60.375, 2.5058527841811074e-23, nan 
79.125, 60.375, 3.141114638702648e-23, nan 
79.375, 60.375, 2.2970781567342105e-23, nan 
79.625, 60.375, 2.6379220128530315e-23, nan 
79.875, 60.375, 4.199879782587607e-23, nan 
80.125, 60.375, 2.5326474258978091e-23, nan 
80.375, 60.375, 3.828913410458571e-23, nan 
80.625, 60.375, 3.9860744753511127e-23, nan 
80.875, 60.375, 3.9309485502143184e-23, nan 
81.125, 60.375, 4.20536480694277e-23, nan 
81.375, 60.375, 4.2802316258798914e-23, nan 
81.625, 60.375, 3.759096562242271e-23, nan 
81.875, 60.375, 7.39744582725386e-23, nan 
82.125, 60.375, 7.801041707968927e-23, nan 
82.375, 60.375, 8.050146975035124e-23, nan 
82.625, 60.375, 1.5799700686548462e-22, nan 
82.875, 60.375, 1.7284020017927038e-22, nan 
83.125, 60.375, 1.047785165062849e-22, nan 
83.375, 60.375, 1.6014052458606873e-22, nan 
83.625, 60.375, 1.518534956346749e-22, nan 
83.875, 60.375, 2.5491353465380737e-22, nan 
84.125, 60.375, 4.0376446116865573e-22, nan 
84.375, 60.375, 3.651028649355126e-22, nan 
84.625, 60.375, 2.9364323292993207e-22, nan 
84.875, 60.375, 4.372788008075508e-22, nan 
85.125, 60.375, 4.0211428853621265e-22, nan 
85.375, 60.375, 3.1818230568101367e-22, nan 
85.625, 60.375, 1.1582858923262988e-22, nan 
85.875, 60.375, 7.694688965151767e-22, nan 
86.125, 60.375, 7.742958487110377e-22, nan 
86.375, 60.375, 9.533988037777085e-22, nan 
86.625, 60.375, 1.933802236519242e-21, nan 
86.875, 60.375, 1.9403548003101223e-21, nan 
87.125, 60.375, 1.7758206470836523e-21, nan 
87.375, 60.375, 3.539080803643124e-21, nan 
87.625, 60.375, 9.66205051032082e-21, nan 
87.875, 60.375, 8.315367256242203e-21, nan 
88.125, 60.375, 4.9811429792319434e-21, nan 
88.375, 60.375, 2.298096821418967e-21, nan 
88.625, 60.375, 2.807970199984304e-21, nan 
88.875, 60.375, 3.280784476539372e-21, nan 
89.125, 60.375, 2.0180221996893353e-21, nan 
89.375, 60.375, 2.455931136568257e-21, nan 
89.625, 60.375, 5.068100127817243e-21, nan 
89.875, 60.375, 1.6447611877628e-21, nan 
90.125, 60.375, 1.0752622442181086e-21, nan 
90.375, 60.375, 1.4385543954826622e-21, nan 
90.625, 60.375, 1.3105816755397838e-21, nan 
90.875, 60.375, 1.3480577596248186e-21, nan 
91.125, 60.375, 1.6889533427738495e-21, nan 
91.375, 60.375, 9.697823908809394e-22, nan 
91.625, 60.375, 9.75509612061989e-22, nan 
91.875, 60.375, 8.945641508938594e-22, nan 
92.125, 60.375, 8.610850891321475e-22, nan 
92.375, 60.375, 1.0755076865234067e-21, nan 
92.625, 60.375, 1.2423799882712015e-21, nan 
92.875, 60.375, 1.3774143075534112e-21, nan 
93.125, 60.375, 1.5073392588869037e-21, nan 
93.375, 60.375, 2.1042762172498163e-21, nan 
93.625, 60.375, 2.468081879082611e-21, nan 
93.875, 60.375, 2.5087665522738586e-21, nan 
94.125, 60.375, 1.951181295347782e-21, nan 
94.375, 60.375, 1.785575799328207e-21, nan 
94.625, 60.375, 2.091665353990728e-21, nan 
94.875, 60.375, 1.7367390158410977e-21, nan 
95.125, 60.375, 2.5149487026883084e-21, nan 
95.375, 60.375, 3.065138713061829e-21, nan 
95.625, 60.375, 3.353611187984987e-21, nan 
95.875, 60.375, 4.194435386690468e-21, nan 
96.125, 60.375, 6.8412246120417e-21, nan 
96.375, 60.375, 8.961478263653717e-21, nan 
96.625, 60.375, 9.125567417682287e-21, nan 
96.875, 60.375, 1.0654095524429745e-20, nan 
97.125, 60.375, 1.1010741277559498e-20, nan 
97.375, 60.375, 7.976465006865258e-21, nan 
97.625, 60.375, 8.444356318118049e-21, nan 
97.875, 60.375, 9.30861721857253e-21, nan 
98.125, 60.375, 7.75125014831563e-21, nan 
98.375, 60.375, 7.612800813048275e-21, nan 
98.625, 60.375, 7.23224122633783e-21, nan 
98.875, 60.375, 5.751065817952718e-21, nan 
99.125, 60.375, 4.58004960346038e-21, nan 
99.375, 60.375, 4.4052590686151906e-21, nan 
99.625, 60.375, 3.8365357263324304e-21, nan 
99.875, 60.375, 4.651855898761541e-21, nan 
100.125, 60.375, 5.4802014265848756e-21, nan 
100.375, 60.375, 5.5681426201057626e-21, nan 
100.625, 60.375, 5.4310034126299e-21, nan 
100.875, 60.375, 5.152941776339951e-21, nan 
101.125, 60.375, 3.74538164626436e-21, nan 
101.375, 60.375, 2.0462150719869504e-21, nan 
101.625, 60.375, 3.736244411208175e-21, nan 
101.875, 60.375, 4.603255885685582e-21, nan 
102.125, 60.375, 1.3961300391713187e-20, nan 
102.375, 60.375, 1.085710264310224e-20, nan 
102.625, 60.375, 1.332322282332478e-20, nan 
102.875, 60.375, 1.4493637433617923e-20, nan 
103.125, 60.375, 1.0310783049150687e-20, nan 
103.375, 60.375, 7.119014904079547e-21, nan 
103.625, 60.375, 6.973073861558396e-21, nan 
103.875, 60.375, 7.921197824589331e-21, nan 
104.125, 60.375, 8.060957538757641e-21, nan 
104.375, 60.375, 5.662303016259829e-21, nan 
104.625, 60.375, 6.178033801569042e-21, nan 
104.875, 60.375, 6.037494905598509e-21, nan 
105.125, 60.375, 3.86242206279281e-21, nan 
105.375, 60.375, 2.8138554590712673e-21, nan 
105.625, 60.375, 2.350507927487225e-21, nan 
105.875, 60.375, 2.512565361101745e-21, nan 
106.125, 60.375, 2.1941932438083283e-21, nan 
106.375, 60.375, 1.7394951804453228e-21, nan 
106.625, 60.375, 1.3685678417523398e-21, nan 
106.875, 60.375, 1.2482843220698836e-21, nan 
107.125, 60.375, 1.548749194150648e-21, nan 
107.375, 60.375, 1.3367975462857893e-21, nan 
107.625, 60.375, 1.4804681711033625e-21, nan 
107.875, 60.375, 8.977001665484065e-22, nan 
108.125, 60.375, 8.07834351972125e-22, nan 
108.375, 60.375, 6.378793179990218e-22, nan 
108.625, 60.375, 1.2601858614514573e-21, nan 
108.875, 60.375, 1.0726722775766587e-21, nan 
109.125, 60.375, 1.712648118781306e-21, nan 
109.375, 60.375, 1.2499889338487733e-21, nan 
109.625, 60.375, 1.2097862955963591e-21, nan 
109.875, 60.375, 1.7643256086007e-21, nan 
110.125, 60.375, 1.1202162169058385e-21, nan 
110.375, 60.375, 8.850187606515295e-22, nan 
110.625, 60.375, 1.2426138405166861e-21, nan 
110.875, 60.375, 1.5577817990309833e-21, nan 
111.125, 60.375, 1.0610408208000283e-21, nan 
111.375, 60.375, 2.4189788151631686e-21, nan 
111.625, 60.375, 3.481496241766874e-21, nan 
111.875, 60.375, 1.6432455077292624e-21, nan 
112.125, 60.375, 1.4438735845171584e-21, nan 
112.375, 60.375, 1.6607347134468011e-21, nan 
112.625, 60.375, 8.65454371502527e-22, nan 
112.875, 60.375, 6.140888553185672e-22, nan 
113.125, 60.375, 4.9768926466621095e-22, nan 
113.375, 60.375, 4.128858705818847e-22, nan 
113.625, 60.375, 3.8755637988651335e-22, nan 
113.875, 60.375, 3.6625299562637096e-22, nan 
114.125, 60.375, 4.9643128164937655e-22, nan 
114.375, 60.375, 6.46520328918574e-22, nan 
114.625, 60.375, 6.8617007647706035e-22, nan 
114.875, 60.375, 7.516222173438979e-22, nan 
115.125, 60.375, 1.8314473062346204e-21, nan 
115.375, 60.375, 7.550381061695539e-22, nan 
115.625, 60.375, 4.31683868850253e-22, nan 
115.875, 60.375, 3.478158877714443e-21, nan 
116.125, 60.375, 5.938156812055519e-22, nan 
116.375, 60.375, 7.676477453949129e-22, nan 
116.625, 60.375, 9.188340779623211e-22, nan 
116.875, 60.375, 4.163415971922418e-22, nan 
117.125, 60.375, 4.783810399945204e-22, nan 
117.375, 60.375, 1.9374878870130228e-22, nan 
117.625, 60.375, 2.0586662661347933e-22, nan 
117.875, 60.375, 1.5664138614298069e-22, nan 
118.125, 60.375, 1.1237968125624107e-22, nan 
118.375, 60.375, 1.3656273396319603e-22, nan 
118.625, 60.375, 1.2239054146083445e-22, nan 
118.875, 60.375, 1.228495036136683e-22, nan 
119.125, 60.375, 1.1148217779147323e-22, nan 
119.375, 60.375, 1.2959271251179797e-22, nan 
119.625, 60.375, 1.1486957491592527e-22, nan 
119.875, 60.375, 7.328000819145477e-23, nan 
120.125, 60.375, 9.575042302795712e-23, nan 
120.375, 60.375, 8.243284465195119e-23, nan 
120.625, 60.375, 8.662966024226691e-23, nan 
120.875, 60.375, 5.348656789365351e-23, nan 
121.125, 60.375, 7.764677184381971e-23, nan 
121.375, 60.375, 7.638223644064921e-23, nan 
121.625, 60.375, 8.295952625203543e-23, nan 
121.875, 60.375, 7.765669639141611e-23, nan 
122.125, 60.375, 5.907433927868435e-23, nan 
122.375, 60.375, 7.261581537677762e-23, nan 
122.625, 60.375, 7.304751426893318e-23, nan 
122.875, 60.375, 6.197358577513179e-23, nan 
123.125, 60.375, 4.981388319096696e-23, nan 
123.375, 60.375, 5.309178027782184e-23, nan 
123.625, 60.375, 1.2101350762206452e-22, nan 
123.875, 60.375, 7.317877902206812e-23, nan 
124.125, 60.375, 4.9240879818365086e-23, nan 
124.375, 60.375, 5.878492507693396e-23, nan 
124.625, 60.375, 5.369715241581323e-23, nan 
124.875, 60.375, 9.073266628981351e-23, nan 
125.125, 60.375, 5.700805372195189e-23, nan 
125.375, 60.375, 4.1694296589428806e-23, nan 
125.625, 60.375, 3.498765938569481e-23, nan 
125.875, 60.375, 3.397177523977446e-23, nan 
126.125, 60.375, 3.397809585048947e-23, nan 
126.375, 60.375, 3.268103683745621e-23, nan 
126.625, 60.375, 4.603872971194012e-23, nan 
126.875, 60.375, 5.134917212270199e-23, nan 
127.125, 60.375, 3.2157025097932794e-23, nan 
127.375, 60.375, 6.039320990660124e-23, nan 
127.625, 60.375, 5.816629297502048e-23, nan 
127.875, 60.375, 8.227339433598854e-23, nan 
128.125, 60.375, 5.024809329438985e-23, nan 
128.375, 60.375, 1.3804324756233957e-22, nan 
128.625, 60.375, 2.0769688003085946e-22, nan 
128.875, 60.375, 3.9837205065675985e-23, nan 
129.125, 60.375, 2.16216928799529e-22, nan 
129.375, 60.375, 2.542765277340384e-22, nan 
129.625, 60.375, 1.1040712314452223e-22, nan 
129.875, 60.375, 6.504398357287657e-23, nan 
130.125, 60.375, 1.1121162862632276e-22, nan 
130.375, 60.375, 7.130405794492895e-23, nan 
130.625, 60.375, 2.1030918505020164e-23, nan 
130.875, 60.375, 3.292872786007697e-23, nan 
131.125, 60.375, 1.0396225470654247e-23, nan 
131.375, 60.375, 1.8919674047352814e-23, nan 
131.625, 60.375, 2.1711739976641116e-23, nan 
131.875, 60.375, 1.9530316623782386e-23, nan 
132.125, 60.375, 2.5259661463580317e-23, nan 
132.375, 60.375, 1.9507134177652984e-23, nan 
132.625, 60.375, 1.5946000733266726e-23, nan 
132.875, 60.375, 1.0167558104304633e-23, nan 
133.125, 60.375, 8.638244419521949e-24, nan 
133.375, 60.375, 9.949563726012345e-24, nan 
133.625, 60.375, 1.0521691470760175e-23, nan 
133.875, 60.375, 1.0225572988520109e-23, nan 
134.125, 60.375, 7.594903994734509e-24, nan 
134.375, 60.375, 1.2642573256304069e-23, nan 
134.625, 60.375, 1.4161505597247243e-23, nan 
134.875, 60.375, 6.957094689030436e-24, nan 
135.125, 60.375, 2.7324851401945775e-23, nan 
135.375, 60.375, 4.129770801944857e-23, nan 
135.625, 60.375, 4.572126057873458e-23, nan 
135.875, 60.375, 4.924551652107933e-23, nan 
136.125, 60.375, 3.3292698490466924e-23, nan 
136.375, 60.375, 2.715091723333893e-23, nan 
136.625, 60.375, 2.79445417711704e-23, nan 
136.875, 60.375, 1.5726288371139565e-23, nan 
137.125, 60.375, 6.878202641540248e-24, nan 
137.375, 60.375, 6.702977669225324e-24, nan 
137.625, 60.375, 1.4804785702649506e-23, nan 
137.875, 60.375, 5.091509080203169e-24, nan 
138.125, 60.375, 4.2191682884472366e-24, nan 
138.375, 60.375, 6.284858573833848e-24, nan 
138.625, 60.375, 4.229468003698818e-24, nan 
138.875, 60.375, 5.230032374715565e-24, nan 
139.125, 60.375, 3.701139404950853e-24, nan 
139.375, 60.375, 1.5740449688303351e-24, nan 
139.625, 60.375, 3.57350717881163e-24, nan 
139.875, 60.375, 5.597385901496274e-24, nan 
140.125, 60.375, 1.294248888930427e-23, nan 
140.375, 60.375, 7.212060870094048e-24, nan 
140.625, 60.375, 7.076576969426065e-24, nan 
140.875, 60.375, 1.52989005818078e-23, nan 
141.125, 60.375, 6.804136842599626e-24, nan 
141.375, 60.375, 6.003483165893955e-24, nan 
141.625, 60.375, 1.0866874111506612e-23, nan 
141.875, 60.375, 4.4305321355930586e-24, nan 
142.125, 60.375, 4.922240855415054e-24, nan 
142.375, 60.375, 5.398988620702645e-24, nan 
142.625, 60.375, 3.218645609581203e-24, nan 
142.875, 60.375, 3.104328625349819e-24, nan 
143.125, 60.375, 5.780659200136492e-24, nan 
143.375, 60.375, 3.5720931237840644e-24, nan 
143.625, 60.375, 3.116752846501e-24, nan 
143.875, 60.375, 5.576975350607302e-24, nan 
144.125, 60.375, 3.581060571407624e-24, nan 
144.375, 60.375, 2.7895683698738703e-24, nan 
144.625, 60.375, 1.6771728195691583e-24, nan 
144.875, 60.375, 8.898968859609902e-25, nan 
145.125, 60.375, 1.6714368926826055e-24, nan 
145.375, 60.375, 2.831250028619559e-24, nan 
145.625, 60.375, 4.247780238931811e-24, nan 
145.875, 60.375, 3.494769542497317e-24, nan 
146.125, 60.375, 8.084319927670502e-24, nan 
146.375, 60.375, 4.6401693989051596e-24, nan 
146.625, 60.375, 6.588084161640451e-24, nan 
146.875, 60.375, 2.7011310450978013e-23, nan 
147.125, 60.375, 1.2289165543195652e-23, nan 
147.375, 60.375, 8.433634299549129e-24, nan 
147.625, 60.375, 5.431596494975147e-23, nan 
147.875, 60.375, 2.984368569372404e-23, nan 
148.125, 60.375, 1.7510288644541982e-23, nan 
148.375, 60.375, 1.9200291174559693e-23, nan 
148.625, 60.375, 1.3331742945011862e-23, nan 
148.875, 60.375, 8.67734323513631e-24, nan 
149.125, 60.375, 1.6138834968764619e-24, nan 
149.375, 60.375, 3.523658332577677e-24, nan 
149.625, 60.375, 1.974868532381987e-24, nan 
149.875, 60.375, 2.5690107980198808e-24, nan 
150.125, 60.375, 4.0112357866095945e-24, nan 
150.375, 60.375, 4.8457183745413186e-24, nan 
150.625, 60.375, 6.487588278068803e-24, nan 
150.875, 60.375, 6.524145655288551e-24, nan 
151.125, 60.375, 7.095608459120665e-24, nan 
151.375, 60.375, 7.013480504302329e-24, nan 
151.625, 60.375, 5.2689553340667905e-24, nan 
151.875, 60.375, 7.094551179106398e-24, nan 
152.125, 60.375, 6.0007256515158045e-24, nan 
152.375, 60.375, 8.541827957649844e-24, nan 
152.625, 60.375, 1.367215851927671e-23, nan 
152.875, 60.375, 1.007879739838025e-23, nan 
153.125, 60.375, 9.118379010149827e-24, nan 
153.375, 60.375, 6.553866224572294e-24, nan 
153.625, 60.375, 3.117398749200688e-24, nan 
153.875, 60.375, 2.5361429973651995e-24, nan 
154.125, 60.375, 1.928578746029436e-24, nan 
154.375, 60.375, 2.234286470756333e-24, nan 
154.625, 60.375, 2.3363934627837177e-24, nan 
154.875, 60.375, 2.5955776845594893e-24, nan 
155.125, 60.375, 2.5984468172638173e-24, nan 
155.375, 60.375, 2.4258913897626547e-24, nan 
155.625, 60.375, 2.928076014353685e-24, nan 
155.875, 60.375, 1.4753768190439552e-24, nan 
156.125, 60.375, 6.792705288233161e-25, nan 
156.375, 60.375, 2.3013791020879917e-24, nan 
156.625, 60.375, 1.2905287409551361e-24, nan 
156.875, 60.375, 5.627190079859641e-25, nan 
157.125, 60.375, 1.8225441132076398e-24, nan 
157.375, 60.375, 9.50825631517171e-25, nan 
157.625, 60.375, 6.786390035212836e-25, nan 
157.875, 60.375, 1.2606134499945731e-24, nan 
158.125, 60.375, 1.0004960986853262e-24, nan 
158.375, 60.375, 9.539174214652343e-25, nan 
158.625, 60.375, 1.1229224963099674e-24, nan 
158.875, 60.375, 1.1310837399079429e-24, nan 
159.125, 60.375, 1.5801163863570912e-24, nan 
159.375, 60.375, 1.5160587624116685e-24, nan 
159.625, 60.375, 1.0041753844552046e-24, nan 
159.875, 60.375, 1.038822207400823e-24, nan 
160.125, 60.375, 1.1188334216523797e-24, nan 
160.375, 60.375, 1.5360308317522383e-24, nan 
160.625, 60.375, 2.9561492363794958e-24, nan 
160.875, 60.375, 2.6567434773756268e-24, nan 
161.125, 60.375, 8.584964200234227e-25, nan 
161.375, 60.375, 5.7117212728127644e-24, nan 
40.875, 60.625, 1.8973883213396653e-24, nan 
41.125, 60.625, 1.0990171603603587e-24, nan 
41.375, 60.625, 1.1459953726723595e-24, nan 
41.625, 60.625, 2.2803769532759972e-24, nan 
41.875, 60.625, 1.41153147671921e-24, nan 
42.125, 60.625, 1.6589543092763744e-24, nan 
42.375, 60.625, 1.4400031160592579e-24, nan 
42.625, 60.625, 8.904997889091797e-25, nan 
42.875, 60.625, 9.136194310723039e-25, nan 
43.125, 60.625, 1.177192800332959e-24, nan 
43.375, 60.625, 2.5031617172925057e-24, nan 
43.625, 60.625, 7.440089637527014e-25, nan 
43.875, 60.625, 1.2896077155866917e-24, nan 
44.125, 60.625, 1.3671607337368634e-24, nan 
44.375, 60.625, 1.0151460766660343e-24, nan 
44.625, 60.625, 1.2598637307794475e-24, nan 
44.875, 60.625, 1.3714989194708346e-24, nan 
45.125, 60.625, 9.714432786916907e-25, nan 
45.375, 60.625, 1.0911228247703387e-24, nan 
45.625, 60.625, 1.319056213807079e-24, nan 
45.875, 60.625, 1.1083552768859085e-24, nan 
46.125, 60.625, 1.819853496828061e-24, nan 
46.375, 60.625, 2.1381449095607624e-24, nan 
46.625, 60.625, 2.0971484435563242e-24, nan 
46.875, 60.625, 1.2517188028384595e-24, nan 
47.125, 60.625, 1.2613008116494865e-24, nan 
47.375, 60.625, 7.656747809130357e-25, nan 
47.625, 60.625, 4.542763426819739e-25, nan 
47.875, 60.625, 1.7982707759305462e-25, nan 
48.125, 60.625, 7.884080085974209e-25, nan 
48.375, 60.625, 1.1287434339163982e-24, nan 
48.625, 60.625, 9.20835836185623e-25, nan 
48.875, 60.625, 7.053349847220254e-25, nan 
49.125, 60.625, 8.940628190960744e-25, nan 
49.375, 60.625, 1.742862768368178e-24, nan 
49.625, 60.625, 2.66528512018549e-24, nan 
49.875, 60.625, 2.40509660882351e-24, nan 
50.125, 60.625, 1.8177358662370088e-24, nan 
50.375, 60.625, 4.202290876318864e-24, nan 
50.625, 60.625, 4.153995576217907e-24, nan 
50.875, 60.625, 2.443216694623522e-24, nan 
51.125, 60.625, 3.6706208350040326e-24, nan 
51.375, 60.625, 4.2252214226186314e-24, nan 
51.625, 60.625, 3.746626099072451e-24, nan 
51.875, 60.625, 3.588665839473259e-24, nan 
52.125, 60.625, 3.805274971345837e-24, nan 
52.375, 60.625, 2.7922075155647764e-24, nan 
52.625, 60.625, 2.4714637930951407e-24, nan 
52.875, 60.625, 3.519815826795292e-24, nan 
53.125, 60.625, 2.15789001611681e-24, nan 
53.375, 60.625, 2.406738862797455e-24, nan 
53.625, 60.625, 2.8372899299394777e-24, nan 
53.875, 60.625, 2.509246032248484e-24, nan 
54.125, 60.625, 2.910283823289175e-24, nan 
54.375, 60.625, 3.518481679002257e-24, nan 
54.625, 60.625, 3.1754374419120014e-24, nan 
54.875, 60.625, 3.7883920212314405e-24, nan 
55.125, 60.625, 3.0594370090244616e-24, nan 
55.375, 60.625, 4.8843737811784936e-24, nan 
55.625, 60.625, 3.3534836355362084e-24, nan 
55.875, 60.625, 4.0350077510539164e-24, nan 
56.125, 60.625, 5.970999285028561e-24, nan 
56.375, 60.625, 7.874990915678698e-24, nan 
56.625, 60.625, 9.49230784502501e-24, nan 
56.875, 60.625, 7.567114934631374e-24, nan 
57.125, 60.625, 9.77211197362818e-24, nan 
57.375, 60.625, 1.0187532632644231e-23, nan 
57.625, 60.625, 8.537517034098851e-24, nan 
57.875, 60.625, 8.239169763224632e-24, nan 
58.125, 60.625, 8.771043384658543e-24, nan 
58.375, 60.625, 7.27584530358157e-24, nan 
58.625, 60.625, 6.519149409058845e-24, nan 
58.875, 60.625, 5.380183960303534e-24, nan 
59.125, 60.625, 3.6822461683734035e-24, nan 
59.375, 60.625, 4.921872101530586e-24, nan 
59.625, 60.625, 1.1985981022820234e-23, nan 
59.875, 60.625, 1.1388486534763346e-23, nan 
60.125, 60.625, 8.66029220908909e-24, nan 
60.375, 60.625, 1.5379564550609967e-23, nan 
60.625, 60.625, 8.889544914951451e-24, nan 
60.875, 60.625, 8.333009232837896e-24, nan 
61.125, 60.625, 2.430816174439493e-24, nan 
61.375, 60.625, 2.2604528359859115e-24, nan 
61.625, 60.625, 4.2254066181212525e-24, nan 
61.875, 60.625, 2.7355311643409668e-24, nan 
62.125, 60.625, 2.6920659446804846e-24, nan 
62.375, 60.625, 5.954752676440154e-24, nan 
62.625, 60.625, 6.652781022242447e-24, nan 
62.875, 60.625, 3.883438207624646e-24, nan 
63.125, 60.625, 1.055376615691276e-23, nan 
63.375, 60.625, 1.0037384531062597e-23, nan 
63.625, 60.625, 1.1584587504018306e-23, nan 
63.875, 60.625, 9.67263911433805e-24, nan 
64.125, 60.625, 7.35695716424314e-24, nan 
64.375, 60.625, 1.2003119044347041e-23, nan 
64.625, 60.625, 8.041712117117168e-24, nan 
64.875, 60.625, 1.0648744965259615e-23, nan 
65.125, 60.625, 1.2981853504041499e-23, nan 
65.375, 60.625, 1.4318433152064507e-23, nan 
65.625, 60.625, 1.1642366411648755e-23, nan 
65.875, 60.625, 1.724093336397291e-23, nan 
66.125, 60.625, 7.116928259152213e-24, nan 
66.375, 60.625, 1.0752704030909641e-23, nan 
66.625, 60.625, 1.2123947029706073e-23, nan 
66.875, 60.625, 1.0399669278816706e-23, nan 
67.125, 60.625, 8.490321069495527e-24, nan 
67.375, 60.625, 6.009376930048486e-24, nan 
67.625, 60.625, 1.528530756099876e-23, nan 
67.875, 60.625, 1.2445085149496552e-23, nan 
68.125, 60.625, 1.163952132723966e-23, nan 
68.375, 60.625, 1.1694810147159233e-23, nan 
68.625, 60.625, 1.7494686825847338e-23, nan 
68.875, 60.625, 1.1691624749462613e-23, nan 
69.125, 60.625, 6.593853396383634e-24, nan 
69.375, 60.625, 5.6112758190281884e-24, nan 
69.625, 60.625, 1.597295349386074e-23, nan 
69.875, 60.625, 1.7587096062556033e-23, nan 
70.125, 60.625, 1.0101559119195824e-23, nan 
70.375, 60.625, 1.8436682499977286e-23, nan 
70.625, 60.625, 1.5778882635938528e-23, nan 
70.875, 60.625, 2.078587651261513e-23, nan 
71.125, 60.625, 2.0546338252348727e-23, nan 
71.375, 60.625, 9.688922316424079e-24, nan 
71.625, 60.625, 2.7982345180708324e-23, nan 
71.875, 60.625, 3.5808041018269286e-23, nan 
72.125, 60.625, 1.0359763334014312e-22, nan 
72.375, 60.625, 6.237148551448171e-23, nan 
72.625, 60.625, 5.2435979482314337e-23, nan 
72.875, 60.625, 4.592687467962119e-23, nan 
73.125, 60.625, 2.2872806184617404e-23, nan 
73.375, 60.625, 4.5188053767882474e-23, nan 
73.625, 60.625, 5.341305066425063e-23, nan 
73.875, 60.625, 4.465155477457415e-23, nan 
74.125, 60.625, 4.8949267178802604e-23, nan 
74.375, 60.625, 5.510300268333136e-23, nan 
74.625, 60.625, 5.1039528850083506e-23, nan 
74.875, 60.625, 2.657087056476415e-23, nan 
75.125, 60.625, 3.6858089533170384e-23, nan 
75.375, 60.625, 4.0900805447149145e-23, nan 
75.625, 60.625, 4.891265597731551e-23, nan 
75.875, 60.625, 2.0403944871704655e-23, nan 
76.125, 60.625, 6.24766657888644e-23, nan 
76.375, 60.625, 6.987608115800556e-23, nan 
76.625, 60.625, 4.844917162406582e-23, nan 
76.875, 60.625, 7.339677498509496e-23, nan 
77.125, 60.625, 7.994636103173018e-23, nan 
77.375, 60.625, 5.178624897396305e-23, nan 
77.625, 60.625, 2.4571331203826266e-23, nan 
77.875, 60.625, 1.323583661261534e-23, nan 
78.125, 60.625, 3.7528246321719135e-23, nan 
78.375, 60.625, 3.407136305061797e-23, nan 
78.625, 60.625, 2.94243993724094e-23, nan 
78.875, 60.625, 3.76488093290559e-23, nan 
79.125, 60.625, 2.296807910101038e-23, nan 
79.375, 60.625, 2.4648537569585635e-23, nan 
79.625, 60.625, 2.159521292316537e-23, nan 
79.875, 60.625, 2.0517383766879348e-23, nan 
80.125, 60.625, 1.7700606035328625e-23, nan 
80.375, 60.625, 2.6320168071903073e-23, nan 
80.625, 60.625, 2.134922201148559e-23, nan 
80.875, 60.625, 3.686549483111677e-23, nan 
81.125, 60.625, 4.7616788642262814e-23, nan 
81.375, 60.625, 2.0232490208373133e-23, nan 
81.625, 60.625, 3.791897293186337e-23, nan 
81.875, 60.625, 3.0800226270519634e-23, nan 
82.125, 60.625, 1.2981284741116299e-22, nan 
82.375, 60.625, 1.3885305752705932e-22, nan 
82.625, 60.625, 1.8213081810978873e-22, nan 
82.875, 60.625, 1.8357476111252617e-22, nan 
83.125, 60.625, 1.802175167887085e-22, nan 
83.375, 60.625, 1.0923116171765303e-22, nan 
83.625, 60.625, 1.6958334779087637e-22, nan 
83.875, 60.625, 3.854461535307734e-22, nan 
84.125, 60.625, 2.466326069638528e-22, nan 
84.375, 60.625, 1.906890364305918e-22, nan 
84.625, 60.625, 3.665477050474831e-22, nan 
84.875, 60.625, 3.697189962859158e-22, nan 
85.125, 60.625, 3.6823262761684814e-22, nan 
85.375, 60.625, 4.234007000110477e-22, nan 
85.625, 60.625, 6.600955541230309e-22, nan 
85.875, 60.625, 1.370942927228616e-21, nan 
86.125, 60.625, 1.057679322617448e-21, nan 
86.375, 60.625, 1.3244016954443032e-21, nan 
86.625, 60.625, 3.1722117662029907e-21, nan 
86.875, 60.625, 6.98754533572155e-21, nan 
87.125, 60.625, 6.919105840647968e-21, nan 
87.375, 60.625, 7.32346962007551e-21, nan 
87.625, 60.625, 1.856825374138741e-20, nan 
87.875, 60.625, 1.4611441630219616e-20, nan 
88.125, 60.625, 8.974499160418964e-21, nan 
88.375, 60.625, 1.1298473222719164e-20, nan 
88.625, 60.625, 7.461025384196836e-21, nan 
88.875, 60.625, 6.855346434593766e-21, nan 
89.125, 60.625, 3.160036771439657e-21, nan 
89.375, 60.625, 1.835688223300074e-21, nan 
89.625, 60.625, 1.0072420060596882e-20, nan 
89.875, 60.625, 2.62935018467139e-21, nan 
90.125, 60.625, 1.4545769463909186e-21, nan 
90.375, 60.625, 3.3078500386957423e-21, nan 
90.625, 60.625, 1.2058656073316837e-21, nan 
90.875, 60.625, 1.2756554224512075e-21, nan 
91.125, 60.625, 1.5769374155687763e-21, nan 
91.375, 60.625, 9.940695990237273e-22, nan 
91.625, 60.625, 1.1778984128762108e-21, nan 
91.875, 60.625, 1.6988001377148134e-21, nan 
92.125, 60.625, 1.3119833734150186e-21, nan 
92.375, 60.625, 1.196336628681975e-21, nan 
92.625, 60.625, 9.779396765954031e-22, nan 
92.875, 60.625, 1.5145482630977764e-21, nan 
93.125, 60.625, 1.7562060050120826e-21, nan 
93.375, 60.625, 1.3492005914453784e-21, nan 
93.625, 60.625, 1.7282394384601868e-21, nan 
93.875, 60.625, 2.4302532082709612e-21, nan 
94.125, 60.625, 2.0629854425404262e-21, nan 
94.375, 60.625, 1.4709537042032777e-21, nan 
94.625, 60.625, 1.4912182796220327e-21, nan 
94.875, 60.625, 1.6072927436075215e-21, nan 
95.125, 60.625, 1.909009031946416e-21, nan 
95.375, 60.625, 1.994538663763763e-21, nan 
95.625, 60.625, 2.5756674492714673e-21, nan 
95.875, 60.625, 5.086524615025323e-21, nan 
96.125, 60.625, 6.239901411471223e-21, nan 
96.375, 60.625, 8.301635103143076e-21, nan 
96.625, 60.625, 1.1597075801132126e-20, nan 
96.875, 60.625, 7.26852112345595e-21, nan 
97.125, 60.625, 5.683423332393913e-21, nan 
97.375, 60.625, 6.1692734122980786e-21, nan 
97.625, 60.625, 7.45655990620282e-21, nan 
97.875, 60.625, 8.046983892459646e-21, nan 
98.125, 60.625, 5.270141153020557e-21, nan 
98.375, 60.625, 4.9975868215132294e-21, nan 
98.625, 60.625, 6.3793838118572235e-21, nan 
98.875, 60.625, 2.1443635247780563e-21, nan 
99.125, 60.625, 4.159402449612826e-21, nan 
99.375, 60.625, 4.77023930799195e-21, nan 
99.625, 60.625, 3.610678804504534e-21, nan 
99.875, 60.625, 5.101223656434092e-21, nan 
100.125, 60.625, 7.445355342034728e-21, nan 
100.375, 60.625, 8.443918609679872e-21, nan 
100.625, 60.625, 8.453100854867098e-21, nan 
100.875, 60.625, 8.66730278038528e-21, nan 
101.125, 60.625, 6.6367989587021e-21, nan 
101.375, 60.625, 4.381734994338163e-21, nan 
101.625, 60.625, 3.6940667786658814e-21, nan 
101.875, 60.625, 6.010934679192378e-21, nan 
102.125, 60.625, 1.6575667728094483e-20, nan 
102.375, 60.625, 1.3950422017003047e-20, nan 
102.625, 60.625, 9.072386086440214e-21, nan 
102.875, 60.625, 1.6589240456206026e-20, nan 
103.125, 60.625, 1.586751360726888e-20, nan 
103.375, 60.625, 9.79235410939955e-21, nan 
103.625, 60.625, 8.693952193184242e-21, nan 
103.875, 60.625, 9.449247553478005e-21, nan 
104.125, 60.625, 8.437081588027725e-21, nan 
104.375, 60.625, 7.239753780008297e-21, nan 
104.625, 60.625, 5.765598386720313e-21, nan 
104.875, 60.625, 5.20808073913269e-21, nan 
105.125, 60.625, 4.0985757237042934e-21, nan 
105.375, 60.625, 3.4993146768859336e-21, nan 
105.625, 60.625, 3.1397335765304084e-21, nan 
105.875, 60.625, 2.4214748020252665e-21, nan 
106.125, 60.625, 2.5697741385238456e-21, nan 
106.375, 60.625, 3.279400139222259e-21, nan 
106.625, 60.625, 3.487946160054243e-21, nan 
106.875, 60.625, 4.0364557875688706e-21, nan 
107.125, 60.625, 4.039404289122557e-21, nan 
107.375, 60.625, 2.741438776181278e-21, nan 
107.625, 60.625, 1.1694786103522394e-21, nan 
107.875, 60.625, 8.811688735921741e-22, nan 
108.125, 60.625, 1.2529618900061397e-21, nan 
108.375, 60.625, 1.045669498901896e-21, nan 
108.625, 60.625, 1.4437383961780696e-21, nan 
108.875, 60.625, 1.4671543165774174e-21, nan 
109.125, 60.625, 1.4459847002473159e-21, nan 
109.375, 60.625, 1.1720604311470574e-21, nan 
109.625, 60.625, 1.4820313259558074e-21, nan 
109.875, 60.625, 1.3827307494653575e-21, nan 
110.125, 60.625, 1.68948094136277e-21, nan 
110.375, 60.625, 1.4609292999060356e-21, nan 
110.625, 60.625, 1.697666557281163e-21, nan 
110.875, 60.625, 1.5826827800084824e-21, nan 
111.125, 60.625, 1.70883961644554e-21, nan 
111.375, 60.625, 2.3232573165195734e-21, nan 
111.625, 60.625, 2.240375384431448e-21, nan 
111.875, 60.625, 1.1801296297576954e-21, nan 
112.125, 60.625, 1.710109177130714e-21, nan 
112.375, 60.625, 1.8425187354880585e-21, nan 
112.625, 60.625, 6.833290912441981e-22, nan 
112.875, 60.625, 7.201957401655848e-22, nan 
113.125, 60.625, 5.308565618650829e-22, nan 
113.375, 60.625, 5.623673324997281e-22, nan 
113.625, 60.625, 6.015231091153892e-22, nan 
113.875, 60.625, 8.952637362276889e-22, nan 
114.125, 60.625, 1.1580876320363915e-21, nan 
114.375, 60.625, 1.2575030397488475e-21, nan 
114.625, 60.625, 1.0536610722550078e-21, nan 
114.875, 60.625, 4.514110352911239e-22, nan 
115.125, 60.625, 5.236618648255397e-22, nan 
115.375, 60.625, 6.6180728966567335e-22, nan 
115.625, 60.625, 7.216968929646671e-22, nan 
115.875, 60.625, 2.685209195357088e-21, nan 
116.125, 60.625, 6.095600058630413e-22, nan 
116.375, 60.625, 5.329916546418447e-22, nan 
116.625, 60.625, 4.664283300108775e-22, nan 
116.875, 60.625, 2.80084591445716e-22, nan 
117.125, 60.625, 3.0329149329570593e-22, nan 
117.375, 60.625, 2.0001556031518895e-22, nan 
117.625, 60.625, 1.510769277265517e-22, nan 
117.875, 60.625, 1.1312570853583986e-22, nan 
118.125, 60.625, 8.275577939878678e-23, nan 
118.375, 60.625, 1.5392950541018748e-22, nan 
118.625, 60.625, 9.720930196597139e-23, nan 
118.875, 60.625, 1.2060595887201724e-22, nan 
119.125, 60.625, 1.1045300440680948e-22, nan 
119.375, 60.625, 1.3306892033049515e-22, nan 
119.625, 60.625, 1.1143036669093684e-22, nan 
119.875, 60.625, 8.089483646014024e-23, nan 
120.125, 60.625, 8.337174128507172e-23, nan 
120.375, 60.625, 9.020713874782194e-23, nan 
120.625, 60.625, 6.43004384309788e-23, nan 
120.875, 60.625, 4.128437616049825e-23, nan 
121.125, 60.625, 8.219058454182015e-23, nan 
121.375, 60.625, 9.061000005161324e-23, nan 
121.625, 60.625, 4.7930715038865984e-23, nan 
121.875, 60.625, 6.139609443392994e-23, nan 
122.125, 60.625, 5.131595484009462e-23, nan 
122.375, 60.625, 7.162239010237462e-23, nan 
122.625, 60.625, 4.95373049005573e-23, nan 
122.875, 60.625, 5.1157362400226244e-23, nan 
123.125, 60.625, 5.631487997714643e-23, nan 
123.375, 60.625, 6.167905096447544e-23, nan 
123.625, 60.625, 8.2778004845134e-23, nan 
123.875, 60.625, 6.64951338898758e-23, nan 
124.125, 60.625, 1.0045555084477951e-22, nan 
124.375, 60.625, 7.844622089644672e-23, nan 
124.625, 60.625, 6.743760994920546e-23, nan 
124.875, 60.625, 8.615381786449078e-23, nan 
125.125, 60.625, 6.464283761026778e-23, nan 
125.375, 60.625, 4.264585425070824e-23, nan 
125.625, 60.625, 4.093130388845818e-23, nan 
125.875, 60.625, 3.8348928384535885e-23, nan 
126.125, 60.625, 3.2481417835925594e-23, nan 
126.375, 60.625, 2.3280757157248478e-23, nan 
126.625, 60.625, 6.317306740579086e-23, nan 
126.875, 60.625, 5.525451877776599e-23, nan 
127.125, 60.625, 5.018685601594733e-23, nan 
127.375, 60.625, 6.985317927896332e-23, nan 
127.625, 60.625, 5.023341869700186e-23, nan 
127.875, 60.625, 4.9768102536096367e-23, nan 
128.125, 60.625, 4.743157550060744e-23, nan 
128.375, 60.625, 1.1108573165682173e-22, nan 
128.625, 60.625, 1.3700430766114584e-22, nan 
128.875, 60.625, 7.332929488904512e-23, nan 
129.125, 60.625, 1.9523802222198348e-22, nan 
129.375, 60.625, 1.810591613657381e-22, nan 
129.625, 60.625, 9.540864918154564e-23, nan 
129.875, 60.625, 6.024562798504282e-23, nan 
130.125, 60.625, 7.237121661521194e-23, nan 
130.375, 60.625, 4.819600483065279e-23, nan 
130.625, 60.625, 2.1150375386109514e-23, nan 
130.875, 60.625, 9.804844582716192e-24, nan 
131.125, 60.625, 1.9613815035716213e-23, nan 
131.375, 60.625, 2.990295997977559e-23, nan 
131.625, 60.625, 2.6196789043976902e-23, nan 
131.875, 60.625, 2.276167441025846e-23, nan 
132.125, 60.625, 3.128680794182342e-23, nan 
132.375, 60.625, 2.289153566506729e-23, nan 
132.625, 60.625, 1.58920543740123e-23, nan 
132.875, 60.625, 1.203171473694806e-23, nan 
133.125, 60.625, 1.089594902167616e-23, nan 
133.375, 60.625, 9.207389148639324e-24, nan 
133.625, 60.625, 1.2744755987804014e-23, nan 
133.875, 60.625, 1.526520188779645e-23, nan 
134.125, 60.625, 8.513754868127953e-24, nan 
134.375, 60.625, 1.706029322136445e-23, nan 
134.625, 60.625, 1.9162429092516496e-23, nan 
134.875, 60.625, 7.446254866043338e-24, nan 
135.125, 60.625, 6.816905128106437e-24, nan 
135.375, 60.625, 1.0111351633744443e-23, nan 
135.625, 60.625, 7.038374674504826e-24, nan 
135.875, 60.625, 2.318957087611645e-24, nan 
136.125, 60.625, 2.1579599453715344e-23, nan 
136.375, 60.625, 1.207412021034619e-23, nan 
136.625, 60.625, 6.887082707918809e-24, nan 
136.875, 60.625, 4.2692728766413704e-24, nan 
137.125, 60.625, 5.5310750293815674e-24, nan 
137.375, 60.625, 4.009787362208206e-24, nan 
137.625, 60.625, 1.0177015049036434e-23, nan 
137.875, 60.625, 3.8848061576492876e-24, nan 
138.125, 60.625, 4.471267303227265e-24, nan 
138.375, 60.625, 5.070474379671503e-24, nan 
138.625, 60.625, 5.321217194548295e-24, nan 
138.875, 60.625, 4.824473372120622e-24, nan 
139.125, 60.625, 3.833998461315839e-24, nan 
139.375, 60.625, 6.822659093530875e-24, nan 
139.625, 60.625, 3.98239212685061e-24, nan 
139.875, 60.625, 5.576094217569987e-24, nan 
140.125, 60.625, 1.0935093867898056e-23, nan 
140.375, 60.625, 5.950596394179529e-24, nan 
140.625, 60.625, 8.045886668342714e-24, nan 
140.875, 60.625, 9.09323060696051e-24, nan 
141.125, 60.625, 3.464216079519175e-24, nan 
141.375, 60.625, 6.212479221329019e-24, nan 
141.625, 60.625, 8.079367182284084e-24, nan 
141.875, 60.625, 2.5519092230532536e-24, nan 
142.125, 60.625, 4.8082686807163104e-24, nan 
142.375, 60.625, 4.130537257771935e-24, nan 
142.625, 60.625, 1.9902724880182926e-24, nan 
142.875, 60.625, 4.892390917074629e-24, nan 
143.125, 60.625, 5.553494677460219e-24, nan 
143.375, 60.625, 3.541106850728833e-24, nan 
143.625, 60.625, 4.390831114744729e-24, nan 
143.875, 60.625, 5.282920403442049e-24, nan 
144.125, 60.625, 3.581472776489645e-24, nan 
144.375, 60.625, 8.844072365595053e-25, nan 
144.625, 60.625, 8.505167852708587e-25, nan 
144.875, 60.625, 1.5138156984692902e-24, nan 
145.125, 60.625, 1.1116056113044492e-24, nan 
145.375, 60.625, 2.660227547705458e-24, nan 
145.625, 60.625, 2.181504355190975e-24, nan 
145.875, 60.625, 3.012141073075351e-24, nan 
146.125, 60.625, 3.719507115529457e-24, nan 
146.375, 60.625, 5.707093854999006e-24, nan 
146.625, 60.625, 5.130730017708935e-24, nan 
146.875, 60.625, 9.140497556867903e-24, nan 
147.125, 60.625, 7.670489128314294e-24, nan 
147.375, 60.625, 7.861987060634969e-24, nan 
147.625, 60.625, 3.225325534164079e-23, nan 
147.875, 60.625, 1.8221738223419992e-23, nan 
148.125, 60.625, 1.1803246736383378e-23, nan 
148.375, 60.625, 7.618100801056548e-24, nan 
148.625, 60.625, 5.775047848796035e-24, nan 
148.875, 60.625, 2.276029781711359e-24, nan 
149.125, 60.625, 3.329761025502811e-24, nan 
149.375, 60.625, 2.6390540378905577e-24, nan 
149.625, 60.625, 2.1067324226716283e-24, nan 
149.875, 60.625, 3.5405548820111636e-24, nan 
150.125, 60.625, 5.395507835683804e-24, nan 
150.375, 60.625, 7.7609536555913e-24, nan 
150.625, 60.625, 8.665774404050974e-24, nan 
150.875, 60.625, 7.550843029268699e-24, nan 
151.125, 60.625, 8.6322715427934e-24, nan 
151.375, 60.625, 1.0126667824701529e-23, nan 
151.625, 60.625, 9.802186175573075e-24, nan 
151.875, 60.625, 8.231837236595832e-24, nan 
152.125, 60.625, 8.60188488519092e-24, nan 
152.375, 60.625, 8.214038992446043e-24, nan 
152.625, 60.625, 5.218687984484262e-24, nan 
152.875, 60.625, 5.2847673050038186e-24, nan 
153.125, 60.625, 3.1310101058756127e-24, nan 
153.375, 60.625, 1.9999528881795254e-24, nan 
153.625, 60.625, 2.4368090571723068e-24, nan 
153.875, 60.625, 2.306327141304905e-24, nan 
154.125, 60.625, 1.8311346594820466e-24, nan 
154.375, 60.625, 2.0500320898038512e-24, nan 
154.625, 60.625, 1.710778396221908e-24, nan 
154.875, 60.625, 2.0608222626741533e-24, nan 
155.125, 60.625, 3.0093757327188077e-24, nan 
155.375, 60.625, 2.747138070382e-24, nan 
155.625, 60.625, 2.645474797942176e-24, nan 
155.875, 60.625, 2.4517860199012453e-24, nan 
156.125, 60.625, 1.5653369286284457e-24, nan 
156.375, 60.625, 1.1255327049323431e-24, nan 
156.625, 60.625, 1.5413603464436675e-24, nan 
156.875, 60.625, 1.452270752902803e-24, nan 
157.125, 60.625, 1.801927282279377e-24, nan 
157.375, 60.625, 9.094299934399883e-25, nan 
157.625, 60.625, 1.0101640939705192e-24, nan 
157.875, 60.625, 1.5328891256361636e-24, nan 
158.125, 60.625, 1.149716964691118e-24, nan 
158.375, 60.625, 1.0393219879814488e-24, nan 
158.625, 60.625, 9.912850983563116e-25, nan 
158.875, 60.625, 1.1575388258403612e-24, nan 
159.125, 60.625, 1.19811654401896e-24, nan 
159.375, 60.625, 9.163788188740017e-25, nan 
159.625, 60.625, 1.1238353767675632e-24, nan 
159.875, 60.625, 1.4434228215111466e-24, nan 
160.125, 60.625, 9.857371608920431e-25, nan 
160.375, 60.625, 3.22230358437039e-24, nan 
160.625, 60.625, 2.276881454676148e-24, nan 
160.875, 60.625, 6.534300820863212e-25, nan 
161.125, 60.625, 1.0598678532329554e-24, nan 
161.375, 60.625, 3.881110063105076e-24, nan 
161.625, 60.625, 4.267145866493669e-24, nan 
161.875, 60.625, 2.0290664134994056e-24, nan 
40.625, 60.875, 1.2392919130977785e-24, nan 
40.875, 60.875, 2.51822028567346e-24, nan 
41.125, 60.875, 3.3015869437783186e-24, nan 
41.375, 60.875, 9.497911141358379e-25, nan 
41.625, 60.875, 2.2288873860751456e-24, nan 
41.875, 60.875, 2.6551039341384147e-24, nan 
42.125, 60.875, 1.8967832302160413e-24, nan 
42.375, 60.875, 1.853676435955007e-24, nan 
42.625, 60.875, 1.7867422380039188e-24, nan 
42.875, 60.875, 8.328589688366546e-25, nan 
43.125, 60.875, 1.281719450237727e-24, nan 
43.375, 60.875, 3.020719209759299e-24, nan 
43.625, 60.875, 1.2216828938194267e-24, nan 
43.875, 60.875, 1.181184148402371e-24, nan 
44.125, 60.875, 2.3624326042215653e-24, nan 
44.375, 60.875, 2.7937930748556123e-24, nan 
44.625, 60.875, 1.3093822406817752e-24, nan 
44.875, 60.875, 1.6089730908856332e-24, nan 
45.125, 60.875, 1.0596442790270432e-24, nan 
45.375, 60.875, 6.973440786546886e-25, nan 
45.625, 60.875, 6.386589158116124e-25, nan 
45.875, 60.875, 9.33110759223235e-25, nan 
46.125, 60.875, 2.641360539154473e-24, nan 
46.375, 60.875, 3.341920355507217e-24, nan 
46.625, 60.875, 2.846932792276777e-24, nan 
46.875, 60.875, 2.721152504789075e-24, nan 
47.125, 60.875, 1.3336425589096493e-24, nan 
47.375, 60.875, 1.138862579207737e-24, nan 
47.625, 60.875, 1.5666858060715054e-24, nan 
47.875, 60.875, 1.0210795806536956e-24, nan 
48.125, 60.875, 1.1879085205399895e-24, nan 
48.375, 60.875, 1.6735008917247806e-24, nan 
48.625, 60.875, 1.687298577464455e-24, nan 
48.875, 60.875, 9.092101919254185e-25, nan 
49.125, 60.875, 9.053780327311469e-25, nan 
49.375, 60.875, 1.2238690739416604e-24, nan 
49.625, 60.875, 1.6943141745424028e-24, nan 
49.875, 60.875, 1.9911433043050365e-24, nan 
50.125, 60.875, 2.102844703116462e-24, nan 
50.375, 60.875, 3.2378159026947518e-24, nan 
50.625, 60.875, 5.066376834148116e-24, nan 
50.875, 60.875, 2.9007432098232123e-24, nan 
51.125, 60.875, 3.136662129579045e-24, nan 
51.375, 60.875, 4.4535388754916755e-24, nan 
51.625, 60.875, 3.799294179954536e-24, nan 
51.875, 60.875, 3.147725477039589e-24, nan 
52.125, 60.875, 2.720596156517794e-24, nan 
52.375, 60.875, 2.9315449249187464e-24, nan 
52.625, 60.875, 3.001664055229181e-24, nan 
52.875, 60.875, 3.0058315517344865e-24, nan 
53.125, 60.875, 3.289953593780428e-24, nan 
53.375, 60.875, 2.280095322413269e-24, nan 
53.625, 60.875, 4.20022101197056e-24, nan 
53.875, 60.875, 4.678757669928173e-24, nan 
54.125, 60.875, 3.379747562675743e-24, nan 
54.375, 60.875, 4.636336328865395e-24, nan 
54.625, 60.875, 3.6834386291972626e-24, nan 
54.875, 60.875, 3.668596938588075e-24, nan 
55.125, 60.875, 2.3739737835596673e-24, nan 
55.375, 60.875, 3.663322480004115e-24, nan 
55.625, 60.875, 3.658333807009188e-24, nan 
55.875, 60.875, 4.4180551542233585e-24, nan 
56.125, 60.875, 5.5359547438286505e-24, nan 
56.375, 60.875, 5.172496653147608e-24, nan 
56.625, 60.875, 3.397418474214981e-24, nan 
56.875, 60.875, 7.419928110180056e-24, nan 
57.125, 60.875, 9.429258284538996e-24, nan 
57.375, 60.875, 1.0500883194783941e-23, nan 
57.625, 60.875, 8.342630690561946e-24, nan 
57.875, 60.875, 9.29800192676023e-24, nan 
58.125, 60.875, 1.1530556527558062e-23, nan 
58.375, 60.875, 8.825314194449712e-24, nan 
58.625, 60.875, 6.906245137902568e-24, nan 
58.875, 60.875, 5.2040860216916876e-24, nan 
59.125, 60.875, 5.178846536747377e-24, nan 
59.375, 60.875, 7.426846735272064e-24, nan 
59.625, 60.875, 8.119018281087705e-24, nan 
59.875, 60.875, 7.650952193250174e-24, nan 
60.125, 60.875, 1.2134513530113671e-23, nan 
60.375, 60.875, 1.0815696047555078e-23, nan 
60.625, 60.875, 1.075804736069804e-23, nan 
60.875, 60.875, 3.446832308003929e-24, nan 
61.125, 60.875, 4.098151605977809e-24, nan 
61.375, 60.875, 5.209851190706136e-24, nan 
61.625, 60.875, 3.661686790074021e-24, nan 
61.875, 60.875, 3.3403236652519226e-24, nan 
62.125, 60.875, 3.1286299870795426e-24, nan 
62.375, 60.875, 3.724166088065251e-24, nan 
62.625, 60.875, 3.3532404021708245e-24, nan 
62.875, 60.875, 5.207147488385073e-24, nan 
63.125, 60.875, 8.47552634600252e-24, nan 
63.375, 60.875, 9.184710426310225e-24, nan 
63.625, 60.875, 8.918892676975845e-24, nan 
63.875, 60.875, 1.1533977785202952e-23, nan 
64.125, 60.875, 1.1080934555733542e-23, nan 
64.375, 60.875, 1.2536317982215452e-23, nan 
64.625, 60.875, 1.8731395190581955e-23, nan 
64.875, 60.875, 2.1898618085582822e-23, nan 
65.125, 60.875, 1.6028502815734073e-23, nan 
65.375, 60.875, 2.3290112711381913e-23, nan 
65.625, 60.875, 2.1104101934628734e-23, nan 
65.875, 60.875, 1.488703763701365e-23, nan 
66.125, 60.875, 1.4464394682082476e-23, nan 
66.375, 60.875, 1.7143547234276665e-23, nan 
66.625, 60.875, 1.4272986528626096e-23, nan 
66.875, 60.875, 5.6752700897683484e-24, nan 
67.125, 60.875, 7.586257309142092e-24, nan 
67.375, 60.875, 1.2989074452710891e-23, nan 
67.625, 60.875, 1.4427300467105818e-23, nan 
67.875, 60.875, 1.2434063726226025e-23, nan 
68.125, 60.875, 8.764971018848807e-24, nan 
68.375, 60.875, 1.4133812505837377e-23, nan 
68.625, 60.875, 1.3069664725861247e-23, nan 
68.875, 60.875, 1.2823618229519887e-23, nan 
69.125, 60.875, 1.5526104661269964e-23, nan 
69.375, 60.875, 1.3738198637482027e-23, nan 
69.625, 60.875, 1.6701660876407722e-23, nan 
69.875, 60.875, 1.7704582933873954e-23, nan 
70.125, 60.875, 7.412542671184583e-24, nan 
70.375, 60.875, 1.8175891216918433e-23, nan 
70.625, 60.875, 1.3721373801003703e-23, nan 
70.875, 60.875, 1.1388669993966708e-23, nan 
71.125, 60.875, 2.0560364607660726e-23, nan 
71.375, 60.875, 6.668597254735147e-23, nan 
71.625, 60.875, 2.9015681392058526e-23, nan 
71.875, 60.875, 4.648652725009864e-23, nan 
72.125, 60.875, 1.5509814212957312e-22, nan 
72.375, 60.875, 7.758808459261779e-23, nan 
72.625, 60.875, 1.0111405897833368e-22, nan 
72.875, 60.875, 8.212791338970199e-23, nan 
73.125, 60.875, 4.7747456683718664e-23, nan 
73.375, 60.875, 7.638116676282935e-23, nan 
73.625, 60.875, 7.178433548694017e-23, nan 
73.875, 60.875, 6.595569478588838e-23, nan 
74.125, 60.875, 5.31908444485215e-23, nan 
74.375, 60.875, 6.810430361043157e-23, nan 
74.625, 60.875, 6.204004858348789e-23, nan 
74.875, 60.875, 3.6537751910465583e-23, nan 
75.125, 60.875, 2.921852990285196e-23, nan 
75.375, 60.875, 3.322518212343082e-23, nan 
75.625, 60.875, 3.196081019073793e-23, nan 
75.875, 60.875, 2.833289411166616e-23, nan 
76.125, 60.875, 4.1912016715967497e-23, nan 
76.375, 60.875, 4.433364346974126e-23, nan 
76.625, 60.875, 4.9586367347352366e-23, nan 
76.875, 60.875, 6.095097638420774e-23, nan 
77.125, 60.875, 5.775908495329997e-23, nan 
77.375, 60.875, 5.575941913563674e-23, nan 
77.625, 60.875, 4.254464196708653e-23, nan 
77.875, 60.875, 3.1877519330972744e-23, nan 
78.125, 60.875, 5.20883728926448e-23, nan 
78.375, 60.875, 1.1909368744838764e-22, nan 
78.625, 60.875, 1.2129897665860495e-22, nan 
78.875, 60.875, 1.1163770793778486e-22, nan 
79.125, 60.875, 1.020521054099268e-22, nan 
79.375, 60.875, 6.207663620209257e-23, nan 
79.625, 60.875, 2.68352521357412e-23, nan 
79.875, 60.875, 1.3255279850705943e-23, nan 
80.125, 60.875, 3.8130932738166036e-23, nan 
80.375, 60.875, 2.1381710760941536e-23, nan 
80.625, 60.875, 2.664199355937779e-23, nan 
80.875, 60.875, 4.0560829128505585e-23, nan 
81.125, 60.875, 1.7731250982853122e-22, nan 
81.375, 60.875, 1.9311027177627296e-22, nan 
81.625, 60.875, 1.0701583515470128e-22, nan 
81.875, 60.875, 1.3150801771379208e-22, nan 
82.125, 60.875, 1.6817376808713624e-22, nan 
82.375, 60.875, 1.6479656354731342e-22, nan 
82.625, 60.875, 1.808411052389688e-22, nan 
82.875, 60.875, 1.527574372561943e-22, nan 
83.125, 60.875, 1.5739391900516654e-22, nan 
83.375, 60.875, 1.990807617344307e-22, nan 
83.625, 60.875, 1.4427800869916857e-22, nan 
83.875, 60.875, 2.8040216107156283e-22, nan 
84.125, 60.875, 2.5191558610612496e-22, nan 
84.375, 60.875, 2.358959096887929e-22, nan 
84.625, 60.875, 4.984208775205514e-22, nan 
84.875, 60.875, 1.0366814117517654e-22, nan 
85.125, 60.875, 3.3930554440407146e-22, nan 
85.375, 60.875, 2.825671949655382e-22, nan 
85.625, 60.875, 5.940759991328483e-22, nan 
85.875, 60.875, 1.3449414433512944e-21, nan 
86.125, 60.875, 9.83247134287174e-22, nan 
86.375, 60.875, 1.4294821843975205e-21, nan 
86.625, 60.875, 1.1837094871901591e-21, nan 
86.875, 60.875, 2.7664326529389972e-21, nan 
87.125, 60.875, 4.184213068771985e-21, nan 
87.375, 60.875, 5.678068404228534e-21, nan 
87.625, 60.875, 1.1574987195416026e-20, nan 
87.875, 60.875, 9.830327265430513e-21, nan 
88.125, 60.875, 7.330508850997968e-21, nan 
88.375, 60.875, 3.671024701704552e-21, nan 
88.625, 60.875, 4.042304445567298e-21, nan 
88.875, 60.875, 2.956762093604595e-21, nan 
89.125, 60.875, 2.7871105017389885e-21, nan 
89.375, 60.875, 2.146453075369138e-21, nan 
89.625, 60.875, 6.836613957598696e-21, nan 
89.875, 60.875, 2.1226585118034315e-21, nan 
90.125, 60.875, 1.3649843549429578e-21, nan 
90.375, 60.875, 1.3465050911577728e-21, nan 
90.625, 60.875, 1.927235323175766e-21, nan 
90.875, 60.875, 1.0372508136498213e-21, nan 
91.125, 60.875, 7.321433226412786e-22, nan 
91.375, 60.875, 5.108303387754442e-22, nan 
91.625, 60.875, 9.551994720678186e-22, nan 
91.875, 60.875, 1.3492662549510528e-21, nan 
92.125, 60.875, 1.246110778430671e-21, nan 
92.375, 60.875, 9.5597196375144e-22, nan 
92.625, 60.875, 1.0007352620457633e-21, nan 
92.875, 60.875, 7.408122943634432e-22, nan 
93.125, 60.875, 1.602304336324061e-21, nan 
93.375, 60.875, 2.0738756671709334e-21, nan 
93.625, 60.875, 2.0353883267977717e-21, nan 
93.875, 60.875, 1.922138410151396e-21, nan 
94.125, 60.875, 2.81796742156455e-21, nan 
94.375, 60.875, 1.8305792068494847e-21, nan 
94.625, 60.875, 1.3993299603126646e-21, nan 
94.875, 60.875, 2.5466656979937773e-21, nan 
95.125, 60.875, 9.12607678560577e-22, nan 
95.375, 60.875, 1.6903853224753218e-21, nan 
95.625, 60.875, 4.035447228476903e-21, nan 
95.875, 60.875, 4.0313080090952556e-21, nan 
96.125, 60.875, 4.1737974142229205e-21, nan 
96.375, 60.875, 1.0231338042963134e-20, nan 
96.625, 60.875, 9.66008252787603e-21, nan 
96.875, 60.875, 7.409378872969886e-21, nan 
97.125, 60.875, 4.9243138999351235e-21, nan 
97.375, 60.875, 5.7183678580817494e-21, nan 
97.625, 60.875, 7.87113085500971e-21, nan 
97.875, 60.875, 6.330796719672378e-21, nan 
98.125, 60.875, 2.197187303916646e-21, nan 
98.375, 60.875, 1.8033611595332565e-21, nan 
98.625, 60.875, 3.1094049466923767e-21, nan 
98.875, 60.875, 2.4841920732120273e-21, nan 
99.125, 60.875, 1.715689474077967e-21, nan 
99.375, 60.875, 2.7629973046626584e-21, nan 
99.625, 60.875, 2.3862108731286085e-21, nan 
99.875, 60.875, 3.168326964243714e-21, nan 
100.125, 60.875, 5.839717077201565e-21, nan 
100.375, 60.875, 1.0129529060101488e-20, nan 
100.625, 60.875, 1.2119571871428195e-20, nan 
100.875, 60.875, 9.982407622258836e-21, nan 
101.125, 60.875, 9.533995625657235e-21, nan 
101.375, 60.875, 7.764476400180638e-21, nan 
101.625, 60.875, 6.999460715863724e-21, nan 
101.875, 60.875, 7.099423986669445e-21, nan 
102.125, 60.875, 1.7215258723821397e-20, nan 
102.375, 60.875, 1.4306147079971843e-20, nan 
102.625, 60.875, 9.556635669928092e-21, nan 
102.875, 60.875, 1.8344950667700387e-20, nan 
103.125, 60.875, 1.601948377799766e-20, nan 
103.375, 60.875, 1.1313475875439037e-20, nan 
103.625, 60.875, 1.0506506059454448e-20, nan 
103.875, 60.875, 9.100569342567409e-21, nan 
104.125, 60.875, 8.395222756770778e-21, nan 
104.375, 60.875, 6.821370596777616e-21, nan 
104.625, 60.875, 6.423910283148871e-21, nan 
104.875, 60.875, 4.996245174431913e-21, nan 
105.125, 60.875, 4.661563812562893e-21, nan 
105.375, 60.875, 3.870297974641197e-21, nan 
105.625, 60.875, 3.558452956383238e-21, nan 
105.875, 60.875, 2.7603631021536525e-21, nan 
106.125, 60.875, 2.8314705365823587e-21, nan 
106.375, 60.875, 3.626073835569151e-21, nan 
106.625, 60.875, 4.253050645990193e-21, nan 
106.875, 60.875, 5.797674807293342e-21, nan 
107.125, 60.875, 5.244909876922948e-21, nan 
107.375, 60.875, 3.2236113791855804e-21, nan 
107.625, 60.875, 3.2063687379495914e-21, nan 
107.875, 60.875, 3.0088764503892266e-21, nan 
108.125, 60.875, 1.549155522107635e-21, nan 
108.375, 60.875, 1.875184602274935e-21, nan 
108.625, 60.875, 9.020102706251521e-22, nan 
108.875, 60.875, 1.6009871825859634e-21, nan 
109.125, 60.875, 1.304635345305873e-21, nan 
109.375, 60.875, 1.8463589042398577e-21, nan 
109.625, 60.875, 1.651340325217342e-21, nan 
109.875, 60.875, 1.732176614125428e-21, nan 
110.125, 60.875, 1.8023220159046777e-21, nan 
110.375, 60.875, 1.766905588590661e-21, nan 
110.625, 60.875, 1.9205770020026227e-21, nan 
110.875, 60.875, 1.2603563961734616e-21, nan 
111.125, 60.875, 2.5101382803797456e-21, nan 
111.375, 60.875, 2.723865748843121e-21, nan 
111.625, 60.875, 2.7840931828291768e-21, nan 
111.875, 60.875, 1.920902845547092e-21, nan 
112.125, 60.875, 2.2139092228033578e-21, nan 
112.375, 60.875, 2.0504391842051286e-21, nan 
112.625, 60.875, 6.495216295063915e-22, nan 
112.875, 60.875, 7.0802866213277895e-22, nan 
113.125, 60.875, 8.331467622232596e-22, nan 
113.375, 60.875, 1.1176411419309922e-21, nan 
113.625, 60.875, 1.4864935383299047e-21, nan 
113.875, 60.875, 1.3562627067710721e-21, nan 
114.125, 60.875, 1.4707934529410533e-21, nan 
114.375, 60.875, 1.6171491161918911e-21, nan 
114.625, 60.875, 1.1727047285530209e-21, nan 
114.875, 60.875, 6.556975404520541e-22, nan 
115.125, 60.875, 6.885347932501742e-22, nan 
115.375, 60.875, 7.208156987230032e-22, nan 
115.625, 60.875, 6.556832758279575e-22, nan 
115.875, 60.875, 6.801892428306281e-22, nan 
116.125, 60.875, 5.644123597372143e-22, nan 
116.375, 60.875, 3.026292173257062e-22, nan 
116.625, 60.875, 1.5077283362451254e-22, nan 
116.875, 60.875, 1.9756689710580277e-22, nan 
117.125, 60.875, 1.85266428189524e-22, nan 
117.375, 60.875, 2.0240550084428355e-22, nan 
117.625, 60.875, 1.9602010565280255e-22, nan 
117.875, 60.875, 1.5228088722897083e-22, nan 
118.125, 60.875, 9.636818931061848e-23, nan 
118.375, 60.875, 1.2060156059670353e-22, nan 
118.625, 60.875, 1.2567055957871346e-22, nan 
118.875, 60.875, 5.932526448844489e-23, nan 
119.125, 60.875, 8.859134797643964e-23, nan 
119.375, 60.875, 1.5689243839304267e-22, nan 
119.625, 60.875, 8.768034159670102e-23, nan 
119.875, 60.875, 6.045669101121865e-23, nan 
120.125, 60.875, 3.3347954571065713e-23, nan 
120.375, 60.875, 8.46482146306249e-23, nan 
120.625, 60.875, 1.0407043292745997e-22, nan 
120.875, 60.875, 8.777582012166851e-23, nan 
121.125, 60.875, 1.632287808397187e-22, nan 
121.375, 60.875, 1.6425239515051218e-22, nan 
121.625, 60.875, 9.744159757834443e-23, nan 
121.875, 60.875, 4.653816318132124e-23, nan 
122.125, 60.875, 9.220035351395199e-23, nan 
122.375, 60.875, 5.668294787251367e-23, nan 
122.625, 60.875, 4.302741886350138e-23, nan 
122.875, 60.875, 3.9173226946957435e-23, nan 
123.125, 60.875, 3.6182278032092367e-23, nan 
123.375, 60.875, 3.9026410520300407e-23, nan 
123.625, 60.875, 3.701604195918692e-23, nan 
123.875, 60.875, 6.036400589961416e-23, nan 
124.125, 60.875, 8.834835778016271e-23, nan 
124.375, 60.875, 8.367476565350966e-23, nan 
124.625, 60.875, 8.834938289819053e-23, nan 
124.875, 60.875, 7.963621829317793e-23, nan 
125.125, 60.875, 6.640765054343203e-23, nan 
125.375, 60.875, 4.212511714810371e-23, nan 
125.625, 60.875, 4.798021973232582e-23, nan 
125.875, 60.875, 5.938206097642986e-23, nan 
126.125, 60.875, 5.496819307849246e-23, nan 
126.375, 60.875, 4.411465728170006e-23, nan 
126.625, 60.875, 7.090383863303267e-23, nan 
126.875, 60.875, 6.916215028291389e-23, nan 
127.125, 60.875, 5.686995405167119e-23, nan 
127.375, 60.875, 6.170752716135258e-23, nan 
127.625, 60.875, 6.991280005084558e-23, nan 
127.875, 60.875, 7.397929042503273e-23, nan 
128.125, 60.875, 1.017760494482615e-22, nan 
128.375, 60.875, 4.483600024010627e-23, nan 
128.625, 60.875, 7.190146375208191e-23, nan 
128.875, 60.875, 9.609462817719456e-23, nan 
129.125, 60.875, 9.573467972901171e-23, nan 
129.375, 60.875, 7.10539591933203e-23, nan 
129.625, 60.875, 5.29940900347985e-23, nan 
129.875, 60.875, 3.5539535662955314e-23, nan 
130.125, 60.875, 3.1537292552558684e-23, nan 
130.375, 60.875, 2.0852587510426861e-23, nan 
130.625, 60.875, 2.3541082013274823e-23, nan 
130.875, 60.875, 2.210872191858462e-23, nan 
131.125, 60.875, 2.1288174665071807e-23, nan 
131.375, 60.875, 2.7691444808661256e-23, nan 
131.625, 60.875, 2.5398652196165752e-23, nan 
131.875, 60.875, 2.2084453553146872e-23, nan 
132.125, 60.875, 2.6392507844295053e-23, nan 
132.375, 60.875, 1.2395525722595912e-23, nan 
132.625, 60.875, 1.2733861175642575e-23, nan 
132.875, 60.875, 1.3230247506890632e-23, nan 
133.125, 60.875, 1.0026452224569332e-23, nan 
133.375, 60.875, 1.1249414566574557e-23, nan 
133.625, 60.875, 1.6707543814065232e-23, nan 
133.875, 60.875, 1.427254813821325e-23, nan 
134.125, 60.875, 1.0773080525259887e-23, nan 
134.375, 60.875, 1.9674308416311307e-23, nan 
134.625, 60.875, 1.6710576890620053e-23, nan 
134.875, 60.875, 6.748823104977546e-24, nan 
135.125, 60.875, 1.093740182374475e-23, nan 
135.375, 60.875, 1.0643407658711466e-23, nan 
135.625, 60.875, 5.4397229206081595e-24, nan 
135.875, 60.875, 5.034034741176527e-24, nan 
136.125, 60.875, 4.252996246476613e-24, nan 
136.375, 60.875, 5.582712245606406e-24, nan 
136.625, 60.875, 6.0236927842651245e-24, nan 
136.875, 60.875, 2.7645651971573784e-24, nan 
137.125, 60.875, 3.1565264195132004e-24, nan 
137.375, 60.875, 2.368081688096705e-24, nan 
137.625, 60.875, 3.767331074736824e-24, nan 
137.875, 60.875, 2.1022412727963235e-24, nan 
138.125, 60.875, 6.469636671463853e-24, nan 
138.375, 60.875, 4.96536202183775e-24, nan 
138.625, 60.875, 5.8455216501058345e-24, nan 
138.875, 60.875, 7.410540276708566e-24, nan 
139.125, 60.875, 4.5727477097529196e-24, nan 
139.375, 60.875, 3.630829925684801e-24, nan 
139.625, 60.875, 4.048711077950339e-24, nan 
139.875, 60.875, 8.886000931245107e-24, nan 
140.125, 60.875, 9.000483049241264e-24, nan 
140.375, 60.875, 4.9316942174668195e-24, nan 
140.625, 60.875, 1.2785216545316108e-23, nan 
140.875, 60.875, 1.0639036337208134e-23, nan 
141.125, 60.875, 4.945736078526491e-24, nan 
141.375, 60.875, 9.708572164532596e-24, nan 
141.625, 60.875, 8.352930197731471e-24, nan 
141.875, 60.875, 2.637124334616424e-24, nan 
142.125, 60.875, 6.606862305751101e-24, nan 
142.375, 60.875, 4.382472276835107e-24, nan 
142.625, 60.875, 3.828615230436294e-24, nan 
142.875, 60.875, 6.506564055044494e-24, nan 
143.125, 60.875, 6.910563943289919e-24, nan 
143.375, 60.875, 4.965989966649663e-24, nan 
143.625, 60.875, 6.0438009160739776e-24, nan 
143.875, 60.875, 6.754977701949684e-24, nan 
144.125, 60.875, 3.676369265865922e-24, nan 
144.375, 60.875, 1.093335767516744e-24, nan 
144.625, 60.875, 1.4212746246916874e-24, nan 
144.875, 60.875, 2.221399202060376e-24, nan 
145.125, 60.875, 1.9057950527444755e-24, nan 
145.375, 60.875, 1.0815192244919655e-24, nan 
145.625, 60.875, 1.205549137352357e-24, nan 
145.875, 60.875, 2.8685538348017366e-24, nan 
146.125, 60.875, 3.1141310653181924e-24, nan 
146.375, 60.875, 3.9061749864056766e-24, nan 
146.625, 60.875, 4.635123091132674e-24, nan 
146.875, 60.875, 3.959301270734203e-24, nan 
147.125, 60.875, 7.22600140822008e-24, nan 
147.375, 60.875, 6.58126218987878e-24, nan 
147.625, 60.875, 5.316092279172483e-24, nan 
147.875, 60.875, 5.796578400021395e-24, nan 
148.125, 60.875, 4.190059731071249e-24, nan 
148.375, 60.875, 7.00367737388882e-24, nan 
148.625, 60.875, 4.809853843491983e-24, nan 
148.875, 60.875, 1.8712637448580806e-24, nan 
149.125, 60.875, 1.663858482577587e-24, nan 
149.375, 60.875, 3.409252870109771e-24, nan 
149.625, 60.875, 2.1112854773099614e-24, nan 
149.875, 60.875, 4.320521986565679e-24, nan 
150.125, 60.875, 6.364477239404571e-24, nan 
150.375, 60.875, 8.531786759752716e-24, nan 
150.625, 60.875, 7.329101199778002e-24, nan 
150.875, 60.875, 5.975862799543352e-24, nan 
151.125, 60.875, 1.1806941427403589e-23, nan 
151.375, 60.875, 1.2097579948878712e-23, nan 
151.625, 60.875, 8.450279455095093e-24, nan 
151.875, 60.875, 8.239027201510468e-24, nan 
152.125, 60.875, 8.107618298772602e-24, nan 
152.375, 60.875, 4.950970615421331e-24, nan 
152.625, 60.875, 2.9697854702129094e-24, nan 
152.875, 60.875, 1.6861247849092012e-24, nan 
153.125, 60.875, 8.888333646536539e-25, nan 
153.375, 60.875, 2.3432488710275637e-24, nan 
153.625, 60.875, 2.8257779493140497e-24, nan 
153.875, 60.875, 1.798081255989304e-24, nan 
154.125, 60.875, 2.146799601237737e-24, nan 
154.375, 60.875, 1.298265075515405e-24, nan 
154.625, 60.875, 2.3812399015780477e-24, nan 
154.875, 60.875, 2.219859960567771e-24, nan 
155.125, 60.875, 2.110320677908831e-24, nan 
155.375, 60.875, 2.0362154982613475e-24, nan 
155.625, 60.875, 1.7291405348562574e-24, nan 
155.875, 60.875, 2.4868611694704124e-24, nan 
156.125, 60.875, 1.611513158226232e-24, nan 
156.375, 60.875, 1.375494299635011e-24, nan 
156.625, 60.875, 1.766256824074789e-24, nan 
156.875, 60.875, 1.4549991160091248e-24, nan 
157.125, 60.875, 1.1341227148710391e-24, nan 
157.375, 60.875, 9.916404920288047e-25, nan 
157.625, 60.875, 9.928447418181042e-25, nan 
157.875, 60.875, 1.2319236978035897e-24, nan 
158.125, 60.875, 1.4381060588672137e-24, nan 
158.375, 60.875, 1.6639540653862172e-24, nan 
158.625, 60.875, 1.1365928966639595e-24, nan 
158.875, 60.875, 1.961750903489748e-24, nan 
159.125, 60.875, 1.4311129193584548e-24, nan 
159.375, 60.875, 8.845230597807539e-25, nan 
159.625, 60.875, 3.6938142087461224e-24, nan 
159.875, 60.875, 2.4127955922472357e-24, nan 
160.125, 60.875, 1.1334343883748221e-24, nan 
160.375, 60.875, 5.7173378561576385e-24, nan 
160.625, 60.875, 4.688703900331498e-24, nan 
160.875, 60.875, 2.65820038719689e-24, nan 
161.125, 60.875, 3.554713419183062e-24, nan 
161.375, 60.875, 2.2102218359019585e-24, nan 
161.625, 60.875, 1.2436747056228376e-24, nan 
161.875, 60.875, 2.667539953146189e-24, nan 
162.125, 60.875, 1.930807959679191e-24, nan 
40.375, 61.125, 6.302125477151605e-25, nan 
40.625, 61.125, 6.774322825273705e-25, nan 
40.875, 61.125, 1.8024674968077782e-24, nan 
41.125, 61.125, 2.5084677722728043e-24, nan 
41.375, 61.125, 1.1617090849259187e-24, nan 
41.625, 61.125, 1.337649035448828e-24, nan 
41.875, 61.125, 1.9877756064342366e-24, nan 
42.125, 61.125, 2.1665095899070376e-24, nan 
42.375, 61.125, 2.3390955482437784e-24, nan 
42.625, 61.125, 1.8791991905643453e-24, nan 
42.875, 61.125, 3.333796587561467e-24, nan 
43.125, 61.125, 3.373255626303889e-24, nan 
43.375, 61.125, 2.5247029275217492e-24, nan 
43.625, 61.125, 2.073579108936889e-24, nan 
43.875, 61.125, 2.0097059266036313e-24, nan 
44.125, 61.125, 2.4558102535582464e-24, nan 
44.375, 61.125, 3.0104666811974623e-24, nan 
44.625, 61.125, 1.3943228274188073e-24, nan 
44.875, 61.125, 1.4149042950080336e-24, nan 
45.125, 61.125, 1.5072400290375813e-24, nan 
45.375, 61.125, 1.5181863341959228e-24, nan 
45.625, 61.125, 2.32305945089898e-24, nan 
45.875, 61.125, 2.054180267008503e-24, nan 
46.125, 61.125, 2.597762574039111e-24, nan 
46.375, 61.125, 3.725525048683686e-24, nan 
46.625, 61.125, 3.463786912686681e-24, nan 
46.875, 61.125, 3.4594941393495234e-24, nan 
47.125, 61.125, 2.0519287751893045e-24, nan 
47.375, 61.125, 3.2509937876941977e-24, nan 
47.625, 61.125, 2.6065473980900666e-24, nan 
47.875, 61.125, 2.2182459186519083e-24, nan 
48.125, 61.125, 1.2730573058418868e-24, nan 
48.375, 61.125, 1.7714933948968133e-24, nan 
48.625, 61.125, 1.9922273705218174e-24, nan 
48.875, 61.125, 1.8886713753198704e-24, nan 
49.125, 61.125, 1.6667662123839897e-24, nan 
49.375, 61.125, 2.6601877231713458e-24, nan 
49.625, 61.125, 2.7202515028450894e-24, nan 
49.875, 61.125, 1.2930843949956478e-24, nan 
50.125, 61.125, 4.26929466812207e-24, nan 
50.375, 61.125, 6.1192581933365275e-24, nan 
50.625, 61.125, 5.4514857568356615e-24, nan 
50.875, 61.125, 4.296423896053741e-24, nan 
51.125, 61.125, 3.818140274270685e-24, nan 
51.375, 61.125, 2.7240359989579558e-24, nan 
51.625, 61.125, 2.4754566418860977e-24, nan 
51.875, 61.125, 3.0809768790241896e-24, nan 
52.125, 61.125, 2.3145528161202755e-24, nan 
52.375, 61.125, 2.6990155490019464e-24, nan 
52.625, 61.125, 3.352942063802164e-24, nan 
52.875, 61.125, 2.0854320745333668e-24, nan 
53.125, 61.125, 2.6158356481168325e-24, nan 
53.375, 61.125, 2.273676227280224e-24, nan 
53.625, 61.125, 4.149046059944951e-24, nan 
53.875, 61.125, 4.3897358650821444e-24, nan 
54.125, 61.125, 2.8090295200681463e-24, nan 
54.375, 61.125, 7.056227488550564e-24, nan 
54.625, 61.125, 5.387735172268621e-24, nan 
54.875, 61.125, 3.2522572032147498e-24, nan 
55.125, 61.125, 5.0085317185349696e-24, nan 
55.375, 61.125, 4.230722410413446e-24, nan 
55.625, 61.125, 5.209876366086785e-24, nan 
55.875, 61.125, 4.43269731501095e-24, nan 
56.125, 61.125, 3.767384081823212e-24, nan 
56.375, 61.125, 5.204109864107632e-24, nan 
56.625, 61.125, 4.391880151417616e-24, nan 
56.875, 61.125, 4.595867295716962e-24, nan 
57.125, 61.125, 5.177266194113179e-24, nan 
57.375, 61.125, 6.180735221954506e-24, nan 
57.625, 61.125, 5.235732540924779e-24, nan 
57.875, 61.125, 7.846109019887607e-24, nan 
58.125, 61.125, 1.0853750453663267e-23, nan 
58.375, 61.125, 8.142192210440958e-24, nan 
58.625, 61.125, 5.908187217422468e-24, nan 
58.875, 61.125, 6.80550165006913e-24, nan 
59.125, 61.125, 7.186156247811718e-24, nan 
59.375, 61.125, 9.313469089581214e-24, nan 
59.625, 61.125, 1.2475578607782382e-23, nan 
59.875, 61.125, 1.011039848816431e-23, nan 
60.125, 61.125, 1.3985052235785173e-23, nan 
60.375, 61.125, 1.6021344920463978e-23, nan 
60.625, 61.125, 1.361775704016583e-23, nan 
60.875, 61.125, 9.296716257038247e-24, nan 
61.125, 61.125, 7.195925927607981e-24, nan 
61.375, 61.125, 4.911076759145771e-24, nan 
61.625, 61.125, 3.7363507636755525e-24, nan 
61.875, 61.125, 3.42988219385338e-24, nan 
62.125, 61.125, 4.437857052754004e-24, nan 
62.375, 61.125, 6.782542663366695e-24, nan 
62.625, 61.125, 2.9178089118182686e-24, nan 
62.875, 61.125, 6.074751811398308e-24, nan 
63.125, 61.125, 6.903897287468033e-24, nan 
63.375, 61.125, 8.431424463604986e-24, nan 
63.625, 61.125, 9.828684495929436e-24, nan 
63.875, 61.125, 1.4200225533893164e-23, nan 
64.125, 61.125, 2.2958147626694663e-23, nan 
64.375, 61.125, 2.058510252720241e-23, nan 
64.625, 61.125, 1.8661966556672032e-23, nan 
64.875, 61.125, 2.961627120415392e-23, nan 
65.125, 61.125, 2.4401621873409614e-23, nan 
65.375, 61.125, 1.721346074168844e-23, nan 
65.625, 61.125, 1.8681198844529888e-23, nan 
65.875, 61.125, 1.940775469461046e-23, nan 
66.125, 61.125, 1.8078327175310475e-23, nan 
66.375, 61.125, 1.161482217799867e-23, nan 
66.625, 61.125, 6.342592352526052e-24, nan 
66.875, 61.125, 6.726293250787569e-24, nan 
67.125, 61.125, 1.0483710819786375e-23, nan 
67.375, 61.125, 1.2339865828786422e-23, nan 
67.625, 61.125, 7.65609033456305e-24, nan 
67.875, 61.125, 1.2142881255292349e-23, nan 
68.125, 61.125, 9.725250084544149e-24, nan 
68.375, 61.125, 1.409885066016594e-23, nan 
68.625, 61.125, 1.5760496344946913e-23, nan 
68.875, 61.125, 1.7682529090627628e-23, nan 
69.125, 61.125, 1.9590827615716144e-23, nan 
69.375, 61.125, 2.1251603934624272e-23, nan 
69.625, 61.125, 1.974723797520642e-23, nan 
69.875, 61.125, 1.893810274641939e-23, nan 
70.125, 61.125, 2.11179188970208e-23, nan 
70.375, 61.125, 2.4132944287571917e-23, nan 
70.625, 61.125, 2.0431439510759898e-23, nan 
70.875, 61.125, 6.1539574605105275e-24, nan 
71.125, 61.125, 1.5006585385225276e-23, nan 
71.375, 61.125, 3.423289792433719e-23, nan 
71.625, 61.125, 3.8790900402483395e-23, nan 
71.875, 61.125, 3.498456442720707e-23, nan 
72.125, 61.125, 9.687765545205874e-23, nan 
72.375, 61.125, 8.983675810362341e-23, nan 
72.625, 61.125, 7.789014288527715e-23, nan 
72.875, 61.125, 6.513657247633381e-23, nan 
73.125, 61.125, 5.862691865319957e-23, nan 
73.375, 61.125, 3.2467392367794726e-23, nan 
73.625, 61.125, 3.8166668329982927e-23, nan 
73.875, 61.125, 5.58256557184141e-23, nan 
74.125, 61.125, 4.9614950339950263e-23, nan 
74.375, 61.125, 5.2487059292708915e-23, nan 
74.625, 61.125, 6.294792235709515e-23, nan 
74.875, 61.125, 5.2104887574337175e-23, nan 
75.125, 61.125, 2.4918152050233127e-23, nan 
75.375, 61.125, 4.162272709600635e-23, nan 
75.625, 61.125, 4.4964283255075957e-23, nan 
75.875, 61.125, 2.4250431068804028e-23, nan 
76.125, 61.125, 4.021038220282292e-23, nan 
76.375, 61.125, 3.762136018115804e-23, nan 
76.625, 61.125, 4.547970766446552e-23, nan 
76.875, 61.125, 4.851273938151301e-23, nan 
77.125, 61.125, 4.684599633804771e-23, nan 
77.375, 61.125, 5.507880991072162e-23, nan 
77.625, 61.125, 8.061103850031824e-23, nan 
77.875, 61.125, 7.221321905787947e-23, nan 
78.125, 61.125, 4.9840930669787496e-23, nan 
78.375, 61.125, 1.5125327275270518e-22, nan 
78.625, 61.125, 1.6527914377161654e-22, nan 
78.875, 61.125, 1.328619625151893e-22, nan 
79.125, 61.125, 1.4677638420746913e-22, nan 
79.375, 61.125, 1.174269482284206e-22, nan 
79.625, 61.125, 1.1545938181861387e-22, nan 
79.875, 61.125, 1.3077749528835696e-22, nan 
80.125, 61.125, 5.35173194320128e-23, nan 
80.375, 61.125, 1.0134569859753182e-22, nan 
80.625, 61.125, 9.72721719039093e-23, nan 
80.875, 61.125, 7.335528089435918e-23, nan 
81.125, 61.125, 2.3405621379335807e-22, nan 
81.375, 61.125, 2.152377008560733e-22, nan 
81.625, 61.125, 9.428185930121583e-23, nan 
81.875, 61.125, 1.7011646962444407e-22, nan 
82.125, 61.125, 7.477318671862848e-23, nan 
82.375, 61.125, 1.046598645554251e-22, nan 
82.625, 61.125, 1.1597839271098536e-22, nan 
82.875, 61.125, 1.5774637677099174e-22, nan 
83.125, 61.125, 1.4428714538925361e-22, nan 
83.375, 61.125, 1.794768067260126e-22, nan 
83.625, 61.125, 1.7520115663584416e-22, nan 
83.875, 61.125, 2.132344669775571e-22, nan 
84.125, 61.125, 1.703002081434136e-22, nan 
84.375, 61.125, 2.5989926186774894e-22, nan 
84.625, 61.125, 4.681333815791942e-22, nan 
84.875, 61.125, 1.4079344765118788e-22, nan 
85.125, 61.125, 1.351970706257579e-22, nan 
85.375, 61.125, 3.0257294996341476e-22, nan 
85.625, 61.125, 7.760218932170895e-22, nan 
85.875, 61.125, 1.1375594356608116e-21, nan 
86.125, 61.125, 1.481448358733111e-21, nan 
86.375, 61.125, 1.8431324092064937e-21, nan 
86.625, 61.125, 2.0793662025880436e-21, nan 
86.875, 61.125, 3.710723409206956e-21, nan 
87.125, 61.125, 2.3365684777770553e-21, nan 
87.375, 61.125, 1.551560539509331e-21, nan 
87.625, 61.125, 4.3219839781262575e-21, nan 
87.875, 61.125, 5.467219381015611e-21, nan 
88.125, 61.125, 3.0576532020937514e-21, nan 
88.375, 61.125, 3.464670825729275e-21, nan 
88.625, 61.125, 4.152430481213261e-21, nan 
88.875, 61.125, 3.4723965723542354e-21, nan 
89.125, 61.125, 3.3821019400011346e-21, nan 
89.375, 61.125, 3.526369901594328e-21, nan 
89.625, 61.125, 2.235027516382079e-21, nan 
89.875, 61.125, 7.461889758572819e-22, nan 
90.125, 61.125, 5.343707363340219e-22, nan 
90.375, 61.125, 7.6035743841378055e-22, nan 
90.625, 61.125, 1.3659521827128061e-21, nan 
90.875, 61.125, 6.71067519038853e-22, nan 
91.125, 61.125, 1.4838635652252283e-21, nan 
91.375, 61.125, 1.4075244252368818e-21, nan 
91.625, 61.125, 1.1855490769815713e-21, nan 
91.875, 61.125, 1.4180919569105439e-21, nan 
92.125, 61.125, 1.4181213529112117e-21, nan 
92.375, 61.125, 1.988697464854006e-21, nan 
92.625, 61.125, 2.1171162621144918e-21, nan 
92.875, 61.125, 1.77218990835209e-21, nan 
93.125, 61.125, 1.9407613057662742e-21, nan 
93.375, 61.125, 2.8693549551762546e-21, nan 
93.625, 61.125, 2.7231926310819972e-21, nan 
93.875, 61.125, 1.9393868044753346e-21, nan 
94.125, 61.125, 2.801007542932837e-21, nan 
94.375, 61.125, 2.215006581625874e-21, nan 
94.625, 61.125, 2.0965055704058174e-21, nan 
94.875, 61.125, 2.8722006492306183e-21, nan 
95.125, 61.125, 2.167391558191586e-21, nan 
95.375, 61.125, 2.782761000982245e-21, nan 
95.625, 61.125, 1.935457933916239e-21, nan 
95.875, 61.125, 4.692550686623581e-21, nan 
96.125, 61.125, 3.1792566801111938e-21, nan 
96.375, 61.125, 1.2986579422939126e-20, nan 
96.625, 61.125, 1.2271629837440125e-20, nan 
96.875, 61.125, 8.61456243068018e-21, nan 
97.125, 61.125, 1.0717332784215494e-20, nan 
97.375, 61.125, 1.1417141851300102e-20, nan 
97.625, 61.125, 8.80945695494226e-21, nan 
97.875, 61.125, 3.50554854547404e-21, nan 
98.125, 61.125, 5.628284479914917e-21, nan 
98.375, 61.125, 6.117054833854783e-21, nan 
98.625, 61.125, 5.376486658717832e-21, nan 
98.875, 61.125, 5.314953916138183e-21, nan 
99.125, 61.125, 5.9864732415656955e-21, nan 
99.375, 61.125, 3.664459969552846e-21, nan 
99.625, 61.125, 6.0226723035562e-21, nan 
99.875, 61.125, 6.832700659020213e-21, nan 
100.125, 61.125, 6.47963891092979e-21, nan 
100.375, 61.125, 1.2295929739223971e-20, nan 
100.625, 61.125, 1.531426644620678e-20, nan 
100.875, 61.125, 8.908553756293791e-21, nan 
101.125, 61.125, 1.2141774026233162e-20, nan 
101.375, 61.125, 1.3930505599506827e-20, nan 
101.625, 61.125, 8.543751256131261e-21, nan 
101.875, 61.125, 7.753710066803104e-21, nan 
102.125, 61.125, 2.4362049720837895e-20, nan 
102.375, 61.125, 1.933784039642504e-20, nan 
102.625, 61.125, 1.7839659397188318e-20, nan 
102.875, 61.125, 2.3888206375607673e-20, nan 
103.125, 61.125, 2.07334868875406e-20, nan 
103.375, 61.125, 1.3796363983744007e-20, nan 
103.625, 61.125, 1.3319472507864837e-20, nan 
103.875, 61.125, 1.188395389179051e-20, nan 
104.125, 61.125, 1.0574341020144471e-20, nan 
104.375, 61.125, 9.310193473974425e-21, nan 
104.625, 61.125, 8.16852206118831e-21, nan 
104.875, 61.125, 6.376939982630545e-21, nan 
105.125, 61.125, 4.9268183892434255e-21, nan 
105.375, 61.125, 4.1746123201215955e-21, nan 
105.625, 61.125, 3.804952951324409e-21, nan 
105.875, 61.125, 4.307147445744681e-21, nan 
106.125, 61.125, 2.7447447881833904e-21, nan 
106.375, 61.125, 1.608725632113933e-21, nan 
106.625, 61.125, 3.535497600504924e-21, nan 
106.875, 61.125, 3.511566273461803e-21, nan 
107.125, 61.125, 2.6533547325096454e-21, nan 
107.375, 61.125, 2.3261884185191035e-21, nan 
107.625, 61.125, 2.930270135166346e-21, nan 
107.875, 61.125, 2.574417331507562e-21, nan 
108.125, 61.125, 7.176282109650356e-22, nan 
108.375, 61.125, 1.804961807688351e-21, nan 
108.625, 61.125, 1.383127485382957e-21, nan 
108.875, 61.125, 1.8722679800399115e-21, nan 
109.125, 61.125, 3.0581873588257613e-21, nan 
109.375, 61.125, 1.8510665211307324e-21, nan 
109.625, 61.125, 1.8133762682545158e-21, nan 
109.875, 61.125, 2.1396219250481576e-21, nan 
110.125, 61.125, 1.9711478548363626e-21, nan 
110.375, 61.125, 2.092546501905386e-21, nan 
110.625, 61.125, 1.8524834943830782e-21, nan 
110.875, 61.125, 2.134823926685567e-21, nan 
111.125, 61.125, 2.4731217854538983e-21, nan 
111.375, 61.125, 2.584728753533105e-21, nan 
111.625, 61.125, 2.1630491975423117e-21, nan 
111.875, 61.125, 2.072735763239784e-21, nan 
112.125, 61.125, 2.0342822781019704e-21, nan 
112.375, 61.125, 1.0042292241489618e-21, nan 
112.625, 61.125, 8.238181735927119e-22, nan 
112.875, 61.125, 8.677678088243515e-22, nan 
113.125, 61.125, 1.2574148837799922e-21, nan 
113.375, 61.125, 1.3170432069284488e-21, nan 
113.625, 61.125, 1.342789695633135e-21, nan 
113.875, 61.125, 1.2822007259165474e-21, nan 
114.125, 61.125, 9.625292243085254e-22, nan 
114.375, 61.125, 1.0105405375243357e-21, nan 
114.625, 61.125, 9.521716460667407e-22, nan 
114.875, 61.125, 1.0266573789659199e-21, nan 
115.125, 61.125, 6.567015041013399e-22, nan 
115.375, 61.125, 6.490492463783994e-22, nan 
115.625, 61.125, 5.585630452325048e-22, nan 
115.875, 61.125, 3.1308078271595634e-22, nan 
116.125, 61.125, 3.651413988254724e-22, nan 
116.375, 61.125, 2.8886505498126197e-22, nan 
116.625, 61.125, 1.4709290697135215e-22, nan 
116.875, 61.125, 2.0336841834313173e-22, nan 
117.125, 61.125, 1.9540586635269274e-22, nan 
117.375, 61.125, 2.1069700892710395e-22, nan 
117.625, 61.125, 1.8681540971360221e-22, nan 
117.875, 61.125, 1.2850118231078924e-22, nan 
118.125, 61.125, 1.4322930263635934e-22, nan 
118.375, 61.125, 1.316636104332278e-22, nan 
118.625, 61.125, 1.6581710012233835e-22, nan 
118.875, 61.125, 1.0494138816344754e-22, nan 
119.125, 61.125, 1.6871072505110543e-22, nan 
119.375, 61.125, 3.3992737651394347e-22, nan 
119.625, 61.125, 7.234807800905829e-23, nan 
119.875, 61.125, 1.2665708986613955e-22, nan 
120.125, 61.125, 1.2949858421054904e-22, nan 
120.375, 61.125, 9.777479465868043e-23, nan 
120.625, 61.125, 1.2930039705384469e-22, nan 
120.875, 61.125, 1.1305031810165003e-22, nan 
121.125, 61.125, 1.6963587295171526e-22, nan 
121.375, 61.125, 1.2855135729596228e-22, nan 
121.625, 61.125, 9.691892523076779e-23, nan 
121.875, 61.125, 8.365893035073154e-23, nan 
122.125, 61.125, 1.0535621195721258e-22, nan 
122.375, 61.125, 8.73349506297822e-23, nan 
122.625, 61.125, 1.1158987469820795e-22, nan 
122.875, 61.125, 1.0393603142060696e-22, nan 
123.125, 61.125, 7.947007355106451e-23, nan 
123.375, 61.125, 5.943614250264239e-23, nan 
123.625, 61.125, 5.951178409198025e-23, nan 
123.875, 61.125, 8.700743902896566e-23, nan 
124.125, 61.125, 7.830689126806898e-23, nan 
124.375, 61.125, 5.263903839384807e-23, nan 
124.625, 61.125, 9.149174915264091e-23, nan 
124.875, 61.125, 7.591170510413286e-23, nan 
125.125, 61.125, 4.256131928179155e-23, nan 
125.375, 61.125, 5.226531175773537e-23, nan 
125.625, 61.125, 5.909486934893319e-23, nan 
125.875, 61.125, 5.747265616982081e-23, nan 
126.125, 61.125, 6.937396368414767e-23, nan 
126.375, 61.125, 4.9715686221898875e-23, nan 
126.625, 61.125, 6.145842063512076e-23, nan 
126.875, 61.125, 8.469819432943955e-23, nan 
127.125, 61.125, 6.641423848987256e-23, nan 
127.375, 61.125, 8.896569260609178e-23, nan 
127.625, 61.125, 1.3085099682710516e-22, nan 
127.875, 61.125, 6.258559199034117e-23, nan 
128.125, 61.125, 9.638853667092857e-23, nan 
128.375, 61.125, 7.020186964115103e-23, nan 
128.625, 61.125, 4.582085662558982e-23, nan 
128.875, 61.125, 2.1731490310807163e-23, nan 
129.125, 61.125, 1.561910790280634e-23, nan 
129.375, 61.125, 1.38205422613347e-23, nan 
129.625, 61.125, 1.4694538320255124e-23, nan 
129.875, 61.125, 2.602020625201065e-23, nan 
130.125, 61.125, 2.5230073825490124e-23, nan 
130.375, 61.125, 1.5998484296015755e-23, nan 
130.625, 61.125, 1.897440941435469e-23, nan 
130.875, 61.125, 4.4055789030687894e-23, nan 
131.125, 61.125, 2.9324135848794625e-23, nan 
131.375, 61.125, 2.619682376500875e-23, nan 
131.625, 61.125, 2.760312172776739e-23, nan 
131.875, 61.125, 2.001352493088931e-23, nan 
132.125, 61.125, 1.6158446971993567e-23, nan 
132.375, 61.125, 1.0723880419686952e-23, nan 
132.625, 61.125, 8.404523703747183e-24, nan 
132.875, 61.125, 8.091032461024652e-24, nan 
133.125, 61.125, 8.381371457888454e-24, nan 
133.375, 61.125, 1.4233658708222748e-23, nan 
133.625, 61.125, 1.420858115113651e-23, nan 
133.875, 61.125, 2.3570939106373792e-23, nan 
134.125, 61.125, 1.838508678959616e-23, nan 
134.375, 61.125, 1.477913132886792e-23, nan 
134.625, 61.125, 1.0258152397997426e-23, nan 
134.875, 61.125, 1.0940031596933987e-23, nan 
135.125, 61.125, 1.381688642663585e-23, nan 
135.375, 61.125, 1.0726423646574204e-23, nan 
135.625, 61.125, 6.292114538576798e-24, nan 
135.875, 61.125, 6.628489567300076e-24, nan 
136.125, 61.125, 5.005694408812519e-24, nan 
136.375, 61.125, 9.718146410837988e-24, nan 
136.625, 61.125, 4.450884619862573e-24, nan 
136.875, 61.125, 4.624250825710407e-24, nan 
137.125, 61.125, 4.943057777321863e-24, nan 
137.375, 61.125, 1.9182603926475347e-24, nan 
137.625, 61.125, 3.627085932278577e-24, nan 
137.875, 61.125, 5.1140187678020014e-24, nan 
138.125, 61.125, 9.409763630419956e-24, nan 
138.375, 61.125, 6.663732345541291e-24, nan 
138.625, 61.125, 9.981505254132297e-24, nan 
138.875, 61.125, 9.467074865441094e-24, nan 
139.125, 61.125, 5.346078236538475e-24, nan 
139.375, 61.125, 1.4664440977920945e-24, nan 
139.625, 61.125, 5.15420650905058e-24, nan 
139.875, 61.125, 6.732234194401224e-24, nan 
140.125, 61.125, 9.32996875919125e-24, nan 
140.375, 61.125, 6.229774486760651e-24, nan 
140.625, 61.125, 8.448477451395797e-24, nan 
140.875, 61.125, 1.3568305874525485e-23, nan 
141.125, 61.125, 1.2247703132562319e-23, nan 
141.375, 61.125, 8.206507345453885e-24, nan 
141.625, 61.125, 1.0219598234750594e-23, nan 
141.875, 61.125, 5.892037543056908e-24, nan 
142.125, 61.125, 6.83528233864864e-24, nan 
142.375, 61.125, 6.046772518597037e-24, nan 
142.625, 61.125, 4.8205849989382365e-24, nan 
142.875, 61.125, 9.383080907060125e-24, nan 
143.125, 61.125, 6.607346843971173e-24, nan 
143.375, 61.125, 6.002638467275305e-24, nan 
143.625, 61.125, 8.740257160217582e-24, nan 
143.875, 61.125, 5.839699793743862e-24, nan 
144.125, 61.125, 3.0836429442616525e-24, nan 
144.375, 61.125, 2.207453367174224e-24, nan 
144.625, 61.125, 1.081924852809714e-24, nan 
144.875, 61.125, 2.949708187996919e-24, nan 
145.125, 61.125, 2.1957039967456934e-24, nan 
145.375, 61.125, 1.7317703165079673e-24, nan 
145.625, 61.125, 1.8035883968139553e-24, nan 
145.875, 61.125, 1.726742080825816e-24, nan 
146.125, 61.125, 2.3093602802952047e-24, nan 
146.375, 61.125, 2.8598995145746075e-24, nan 
146.625, 61.125, 4.070977648694367e-24, nan 
146.875, 61.125, 3.33802196519459e-24, nan 
147.125, 61.125, 3.7187847566632474e-24, nan 
147.375, 61.125, 3.765735674564674e-24, nan 
147.625, 61.125, 4.0372194084709215e-24, nan 
147.875, 61.125, 2.737269673985642e-24, nan 
148.125, 61.125, 3.0880783795726186e-24, nan 
148.375, 61.125, 1.2532065615578203e-24, nan 
148.625, 61.125, 9.951652898588444e-25, nan 
148.875, 61.125, 1.72997969012915e-24, nan 
149.125, 61.125, 2.121366662155029e-24, nan 
149.375, 61.125, 1.995725191057704e-24, nan 
149.625, 61.125, 1.736020202082084e-24, nan 
149.875, 61.125, 3.5620843456316754e-24, nan 
150.125, 61.125, 6.330979187439796e-24, nan 
150.375, 61.125, 5.012339825048812e-24, nan 
150.625, 61.125, 3.601142513514229e-24, nan 
150.875, 61.125, 6.069006536741413e-24, nan 
151.125, 61.125, 8.452311249689112e-24, nan 
151.375, 61.125, 8.915312374759848e-24, nan 
151.625, 61.125, 5.214922126068066e-24, nan 
151.875, 61.125, 3.134347792079988e-24, nan 
152.125, 61.125, 3.477050465452649e-24, nan 
152.375, 61.125, 2.616412748777081e-24, nan 
152.625, 61.125, 1.5758910847695333e-24, nan 
152.875, 61.125, 2.923931709144594e-24, nan 
153.125, 61.125, 1.4254843740769783e-24, nan 
153.375, 61.125, 1.812461218294885e-24, nan 
153.625, 61.125, 5.426147949738453e-24, nan 
153.875, 61.125, 1.7743313319026162e-24, nan 
154.125, 61.125, 2.031343144956567e-24, nan 
154.375, 61.125, 2.569607928472169e-24, nan 
154.625, 61.125, 2.4151090867376423e-24, nan 
154.875, 61.125, 2.8697099467211503e-24, nan 
155.125, 61.125, 2.493490960110637e-24, nan 
155.375, 61.125, 2.0005129970794487e-24, nan 
155.625, 61.125, 1.5298408575568845e-24, nan 
155.875, 61.125, 1.662548832819519e-24, nan 
156.125, 61.125, 2.9795748149463105e-24, nan 
156.375, 61.125, 2.2628670842662786e-24, nan 
156.625, 61.125, 1.419926071964596e-24, nan 
156.875, 61.125, 1.3022877011005457e-24, nan 
157.125, 61.125, 7.952533001940802e-25, nan 
157.375, 61.125, 1.3358401058747676e-24, nan 
157.625, 61.125, 4.609150527868081e-25, nan 
157.875, 61.125, 9.568917955903862e-25, nan 
158.125, 61.125, 1.792802032043946e-24, nan 
158.375, 61.125, 2.2021567260175595e-24, nan 
158.625, 61.125, 1.1617115277927116e-24, nan 
158.875, 61.125, 1.5804687661463874e-24, nan 
159.125, 61.125, 1.8383819268816717e-24, nan 
159.375, 61.125, 9.870085034646312e-25, nan 
159.625, 61.125, 2.3452980524748598e-24, nan 
159.875, 61.125, 2.0067515765766247e-24, nan 
160.125, 61.125, 2.6136760246582395e-24, nan 
160.375, 61.125, 4.1071146409385034e-24, nan 
160.625, 61.125, 3.9418715158739504e-24, nan 
160.875, 61.125, 3.947656184150761e-24, nan 
161.125, 61.125, 5.672029017606827e-24, nan 
161.375, 61.125, 1.8810903291783295e-24, nan 
161.625, 61.125, 2.4106666014579812e-24, nan 
161.875, 61.125, 5.503597638571953e-24, nan 
162.125, 61.125, 1.7898932257525317e-24, nan 
162.375, 61.125, 1.3976752060807897e-24, nan 
40.125, 61.375, 9.487954630148437e-25, nan 
40.375, 61.375, 3.7155129498322403e-25, nan 
40.625, 61.375, 7.7955458054863485e-25, nan 
40.875, 61.375, 1.609998794237739e-24, nan 
41.125, 61.375, 2.552845800242615e-24, nan 
41.375, 61.375, 2.4843784036376844e-24, nan 
41.625, 61.375, 3.225704435624352e-24, nan 
41.875, 61.375, 1.988727963222368e-24, nan 
42.125, 61.375, 1.455562816399718e-24, nan 
42.375, 61.375, 1.3391992097572693e-24, nan 
42.625, 61.375, 1.3767378734789733e-24, nan 
42.875, 61.375, 2.6132986241714793e-24, nan 
43.125, 61.375, 2.3178962425677796e-24, nan 
43.375, 61.375, 1.7626050277130897e-24, nan 
43.625, 61.375, 1.1775630011534248e-24, nan 
43.875, 61.375, 5.389980413490617e-25, nan 
44.125, 61.375, 1.661612463082504e-24, nan 
44.375, 61.375, 2.018704063823054e-24, nan 
44.625, 61.375, 1.5383048622527925e-24, nan 
44.875, 61.375, 1.3867879750651085e-24, nan 
45.125, 61.375, 3.0332263467407534e-24, nan 
45.375, 61.375, 2.8231964008155372e-24, nan 
45.625, 61.375, 2.047291744265827e-24, nan 
45.875, 61.375, 2.1104398204101096e-24, nan 
46.125, 61.375, 1.5978132772327728e-24, nan 
46.375, 61.375, 1.5142655235566652e-24, nan 
46.625, 61.375, 1.7198879710485924e-24, nan 
46.875, 61.375, 2.1899868067262863e-24, nan 
47.125, 61.375, 2.932972594349953e-24, nan 
47.375, 61.375, 3.336765500774993e-24, nan 
47.625, 61.375, 2.8414184722412517e-24, nan 
47.875, 61.375, 4.118622136871054e-24, nan 
48.125, 61.375, 1.674848227165873e-24, nan 
48.375, 61.375, 1.9787788219495768e-24, nan 
48.625, 61.375, 2.614943380551832e-24, nan 
48.875, 61.375, 2.9970297501501107e-24, nan 
49.125, 61.375, 2.1063370528402578e-24, nan 
49.375, 61.375, 3.308910548892348e-24, nan 
49.625, 61.375, 5.655085538085158e-24, nan 
49.875, 61.375, 6.52878703526011e-24, nan 
50.125, 61.375, 7.211869207863952e-24, nan 
50.375, 61.375, 7.162449480596218e-24, nan 
50.625, 61.375, 5.5641159487924276e-24, nan 
50.875, 61.375, 2.7469975863070965e-24, nan 
51.125, 61.375, 6.965044735509423e-25, nan 
51.375, 61.375, 1.6149509176387876e-24, nan 
51.625, 61.375, 2.2786258438620606e-24, nan 
51.875, 61.375, 2.986432369220846e-24, nan 
52.125, 61.375, 2.8086824975730402e-24, nan 
52.375, 61.375, 4.02250243559082e-24, nan 
52.625, 61.375, 4.9967802439015254e-24, nan 
52.875, 61.375, 4.923160784157247e-24, nan 
53.125, 61.375, 4.1584361707991105e-24, nan 
53.375, 61.375, 2.7039028412820876e-24, nan 
53.625, 61.375, 5.194541895230416e-24, nan 
53.875, 61.375, 5.218676125336749e-24, nan 
54.125, 61.375, 3.433900069940104e-24, nan 
54.375, 61.375, 6.302861054628555e-24, nan 
54.625, 61.375, 9.368204147560234e-24, nan 
54.875, 61.375, 4.568368914365543e-24, nan 
55.125, 61.375, 3.682441007501575e-24, nan 
55.375, 61.375, 7.871747973009539e-24, nan 
55.625, 61.375, 5.0684557679224814e-24, nan 
55.875, 61.375, 3.38879479467497e-24, nan 
56.125, 61.375, 4.109329014059147e-24, nan 
56.375, 61.375, 4.654724081363068e-24, nan 
56.625, 61.375, 4.887978355521456e-24, nan 
56.875, 61.375, 5.006369028328331e-24, nan 
57.125, 61.375, 4.240147171170768e-24, nan 
57.375, 61.375, 4.649651097859142e-24, nan 
57.625, 61.375, 3.7847359498661175e-24, nan 
57.875, 61.375, 6.19040815595561e-24, nan 
58.125, 61.375, 8.126788949762247e-24, nan 
58.375, 61.375, 7.121299925318259e-24, nan 
58.625, 61.375, 8.11794738446405e-24, nan 
58.875, 61.375, 9.180932748807277e-24, nan 
59.125, 61.375, 9.141277890045869e-24, nan 
59.375, 61.375, 1.0033416861833597e-23, nan 
59.625, 61.375, 1.3087913052098932e-23, nan 
59.875, 61.375, 1.4633555510381443e-23, nan 
60.125, 61.375, 1.4236121004209867e-23, nan 
60.375, 61.375, 1.1919992365418698e-23, nan 
60.625, 61.375, 1.516701049556785e-23, nan 
60.875, 61.375, 1.0096563045024012e-23, nan 
61.125, 61.375, 8.036203806498193e-24, nan 
61.375, 61.375, 7.0474929924175e-24, nan 
61.625, 61.375, 6.980491499996622e-24, nan 
61.875, 61.375, 4.222194756091301e-24, nan 
62.125, 61.375, 7.254090326655392e-24, nan 
62.375, 61.375, 4.7392526182510776e-24, nan 
62.625, 61.375, 3.0716242244510438e-24, nan 
62.875, 61.375, 7.106215993385177e-24, nan 
63.125, 61.375, 4.2474795399244365e-24, nan 
63.375, 61.375, 5.229821560672183e-24, nan 
63.625, 61.375, 4.6855292580383526e-24, nan 
63.875, 61.375, 1.3394332966684208e-23, nan 
64.125, 61.375, 2.311924543646532e-23, nan 
64.375, 61.375, 2.3976085960632942e-23, nan 
64.625, 61.375, 2.0208371474688698e-23, nan 
64.875, 61.375, 3.5334604419373755e-23, nan 
65.125, 61.375, 3.3939874817487744e-23, nan 
65.375, 61.375, 2.236508681058388e-23, nan 
65.625, 61.375, 1.8513767180850217e-23, nan 
65.875, 61.375, 2.0113084261551417e-23, nan 
66.125, 61.375, 1.6436802618950758e-23, nan 
66.375, 61.375, 1.3674056033874535e-23, nan 
66.625, 61.375, 1.2802107433244028e-23, nan 
66.875, 61.375, 1.0893866004774215e-23, nan 
67.125, 61.375, 1.8244170457672114e-23, nan 
67.375, 61.375, 1.5203109632284077e-23, nan 
67.625, 61.375, 7.639768487363441e-24, nan 
67.875, 61.375, 8.284415347675256e-24, nan 
68.125, 61.375, 1.311470944717701e-23, nan 
68.375, 61.375, 1.3736994216192806e-23, nan 
68.625, 61.375, 1.542983197560799e-23, nan 
68.875, 61.375, 2.066436942417994e-23, nan 
69.125, 61.375, 2.478777728822039e-23, nan 
69.375, 61.375, 3.0265477215578435e-23, nan 
69.625, 61.375, 2.232319339429194e-23, nan 
69.875, 61.375, 2.674017689086605e-23, nan 
70.125, 61.375, 3.751932610390187e-23, nan 
70.375, 61.375, 3.8248948102010595e-23, nan 
70.625, 61.375, 1.76146255627946e-23, nan 
70.875, 61.375, 2.1113564352842764e-23, nan 
71.125, 61.375, 2.3902585192848118e-23, nan 
71.375, 61.375, 2.02858513388846e-23, nan 
71.625, 61.375, 1.8455274115977953e-23, nan 
71.875, 61.375, 2.859434346516281e-23, nan 
72.125, 61.375, 4.672371566677296e-23, nan 
72.375, 61.375, 6.318655766795125e-23, nan 
72.625, 61.375, 3.898950042479837e-23, nan 
72.875, 61.375, 2.86385654850408e-23, nan 
73.125, 61.375, 1.9171099778677496e-23, nan 
73.375, 61.375, 1.72554759750854e-23, nan 
73.625, 61.375, 4.615107708448859e-23, nan 
73.875, 61.375, 6.477910000158927e-23, nan 
74.125, 61.375, 6.218717540495723e-23, nan 
74.375, 61.375, 7.773951786939296e-23, nan 
74.625, 61.375, 7.998072885400591e-23, nan 
74.875, 61.375, 7.389707689407155e-23, nan 
75.125, 61.375, 3.813931724825832e-23, nan 
75.375, 61.375, 3.472201191266136e-23, nan 
75.625, 61.375, 4.276744896787361e-23, nan 
75.875, 61.375, 3.492101872476453e-23, nan 
76.125, 61.375, 3.191466851484059e-23, nan 
76.375, 61.375, 1.1929371789397167e-23, nan 
76.625, 61.375, 4.346870858639162e-23, nan 
76.875, 61.375, 4.941632220835484e-23, nan 
77.125, 61.375, 4.162077100607264e-23, nan 
77.375, 61.375, 5.869340685258115e-23, nan 
77.625, 61.375, 7.767765131711638e-23, nan 
77.875, 61.375, 8.134332756461341e-23, nan 
78.125, 61.375, 7.675205612362426e-23, nan 
78.375, 61.375, 1.219229946796539e-22, nan 
78.625, 61.375, 1.634911452053755e-22, nan 
78.875, 61.375, 7.136044563595977e-23, nan 
79.125, 61.375, 7.530258386308512e-23, nan 
79.375, 61.375, 1.1459049328608383e-22, nan 
79.625, 61.375, 1.0986995204275327e-22, nan 
79.875, 61.375, 1.1533017761864335e-22, nan 
80.125, 61.375, 5.141635910383031e-23, nan 
80.375, 61.375, 9.767707710606111e-23, nan 
80.625, 61.375, 7.343507575430559e-23, nan 
80.875, 61.375, 8.398315806351726e-23, nan 
81.125, 61.375, 9.687869233552235e-23, nan 
81.375, 61.375, 5.613276558161108e-23, nan 
81.625, 61.375, 1.1727329783092552e-22, nan 
81.875, 61.375, 1.550970966894311e-22, nan 
82.125, 61.375, 1.2984587443457751e-22, nan 
82.375, 61.375, 1.0656803899237386e-22, nan 
82.625, 61.375, 1.8287495636169638e-22, nan 
82.875, 61.375, 1.9052382958462508e-22, nan 
83.125, 61.375, 7.546648389835096e-23, nan 
83.375, 61.375, 1.0088923945247191e-22, nan 
83.625, 61.375, 9.392599567050672e-23, nan 
83.875, 61.375, 2.55676956130064e-22, nan 
84.125, 61.375, 1.508901037766232e-22, nan 
84.375, 61.375, 1.383894377059886e-22, nan 
84.625, 61.375, 2.2437234743548013e-22, nan 
84.875, 61.375, 1.7704372369015457e-22, nan 
85.125, 61.375, 1.6515123555453827e-22, nan 
85.375, 61.375, 2.254456893577756e-22, nan 
85.625, 61.375, 5.126803358114295e-22, nan 
85.875, 61.375, 5.339581869114926e-22, nan 
86.125, 61.375, 5.119031088466873e-22, nan 
86.375, 61.375, 1.4963786412155809e-21, nan 
86.625, 61.375, 1.969741100811342e-21, nan 
86.875, 61.375, 3.0030751943140463e-21, nan 
87.125, 61.375, 2.2153784326634625e-21, nan 
87.375, 61.375, 2.7376703971775553e-21, nan 
87.625, 61.375, 4.153660482902294e-21, nan 
87.875, 61.375, 1.4740759925466089e-21, nan 
88.125, 61.375, 2.6442265131022727e-21, nan 
88.375, 61.375, 4.294431282728855e-21, nan 
88.625, 61.375, 3.603703473672399e-21, nan 
88.875, 61.375, 2.481657789362672e-21, nan 
89.125, 61.375, 5.980072592535381e-22, nan 
89.375, 61.375, 6.479168733271116e-22, nan 
89.625, 61.375, 6.743914333521676e-22, nan 
89.875, 61.375, 1.2076607808527006e-21, nan 
90.125, 61.375, 1.37187697728931e-21, nan 
90.375, 61.375, 1.0340358662397667e-21, nan 
90.625, 61.375, 1.4968885025375921e-21, nan 
90.875, 61.375, 1.0381156779888608e-21, nan 
91.125, 61.375, 1.9978554628035863e-21, nan 
91.375, 61.375, 2.601016392456933e-21, nan 
91.625, 61.375, 2.0524717682606548e-21, nan 
91.875, 61.375, 1.6832268404285068e-21, nan 
92.125, 61.375, 1.6948904667737934e-21, nan 
92.375, 61.375, 2.3003069954797145e-21, nan 
92.625, 61.375, 2.7984084857586213e-21, nan 
92.875, 61.375, 2.3784159019015817e-21, nan 
93.125, 61.375, 1.298563219672306e-21, nan 
93.375, 61.375, 1.056521209630026e-21, nan 
93.625, 61.375, 2.8797980020947534e-21, nan 
93.875, 61.375, 1.873771354782971e-21, nan 
94.125, 61.375, 2.057086179984972e-21, nan 
94.375, 61.375, 2.7289988640730355e-21, nan 
94.625, 61.375, 2.2049273575110066e-21, nan 
94.875, 61.375, 3.05475490441462e-21, nan 
95.125, 61.375, 5.15774190020524e-21, nan 
95.375, 61.375, 3.1718016257052967e-21, nan 
95.625, 61.375, 2.3067093426412436e-21, nan 
95.875, 61.375, 8.072978463546401e-21, nan 
96.125, 61.375, 5.8046918874478875e-21, nan 
96.375, 61.375, 1.058820112952124e-20, nan 
96.625, 61.375, 1.150282621725331e-20, nan 
96.875, 61.375, 8.344405468817885e-21, nan 
97.125, 61.375, 8.162988302464133e-21, nan 
97.375, 61.375, 8.999090165326537e-21, nan 
97.625, 61.375, 9.241151903012692e-21, nan 
97.875, 61.375, 4.9710243951279096e-21, nan 
98.125, 61.375, 5.936454747023758e-21, nan 
98.375, 61.375, 6.825545031507493e-21, nan 
98.625, 61.375, 6.296784451902437e-21, nan 
98.875, 61.375, 6.79789011594713e-21, nan 
99.125, 61.375, 7.626781795726212e-21, nan 
99.375, 61.375, 6.55724802021484e-21, nan 
99.625, 61.375, 8.45435217619071e-21, nan 
99.875, 61.375, 9.775033710463258e-21, nan 
100.125, 61.375, 1.375747507685091e-20, nan 
100.375, 61.375, 1.5436341901432335e-20, nan 
100.625, 61.375, 1.3023687021718497e-20, nan 
100.875, 61.375, 1.0217330789619273e-20, nan 
101.125, 61.375, 1.469784315845413e-20, nan 
101.375, 61.375, 1.4002254577186888e-20, nan 
101.625, 61.375, 8.375105871811673e-21, nan 
101.875, 61.375, 1.3347993463020924e-20, nan 
102.125, 61.375, 2.027924055371264e-20, nan 
102.375, 61.375, 1.80149662622843e-20, nan 
102.625, 61.375, 2.2218380635063868e-20, nan 
102.875, 61.375, 1.933939058662628e-20, nan 
103.125, 61.375, 1.7615844877862248e-20, nan 
103.375, 61.375, 7.756597632715772e-21, nan 
103.625, 61.375, 1.30324029510785e-20, nan 
103.875, 61.375, 1.0716761240222603e-20, nan 
104.125, 61.375, 9.59353693424004e-21, nan 
104.375, 61.375, 1.0002683590328266e-20, nan 
104.625, 61.375, 8.895786492032243e-21, nan 
104.875, 61.375, 7.681901894613676e-21, nan 
105.125, 61.375, 4.549418467588335e-21, nan 
105.375, 61.375, 5.995431633547783e-21, nan 
105.625, 61.375, 5.2305853042150474e-21, nan 
105.875, 61.375, 5.67743230333906e-21, nan 
106.125, 61.375, 3.3446848194779266e-21, nan 
106.375, 61.375, 3.182950143389845e-21, nan 
106.625, 61.375, 3.9427749323861565e-21, nan 
106.875, 61.375, 2.5058029486712157e-21, nan 
107.125, 61.375, 2.293602292354105e-21, nan 
107.375, 61.375, 2.6121553246018707e-21, nan 
107.625, 61.375, 2.3057046223885127e-21, nan 
107.875, 61.375, 2.5241313256471944e-21, nan 
108.125, 61.375, 2.2583381961819368e-21, nan 
108.375, 61.375, 2.8018174090663995e-21, nan 
108.625, 61.375, 1.905388775115862e-21, nan 
108.875, 61.375, 2.3066541189465447e-21, nan 
109.125, 61.375, 4.414927787971208e-21, nan 
109.375, 61.375, 2.1459623055424936e-21, nan 
109.625, 61.375, 2.18851208854048e-21, nan 
109.875, 61.375, 2.0601485674289332e-21, nan 
110.125, 61.375, 2.6353184116608526e-21, nan 
110.375, 61.375, 2.1039189700219936e-21, nan 
110.625, 61.375, 1.9173998993503657e-21, nan 
110.875, 61.375, 3.0302073331126465e-21, nan 
111.125, 61.375, 2.3230580752015442e-21, nan 
111.375, 61.375, 2.0865845986592094e-21, nan 
111.625, 61.375, 2.0088606493993977e-21, nan 
111.875, 61.375, 1.7455773291024887e-21, nan 
112.125, 61.375, 1.0508201681772865e-21, nan 
112.375, 61.375, 7.0170123886055835e-22, nan 
112.625, 61.375, 8.462650606280923e-22, nan 
112.875, 61.375, 1.1530000553342568e-21, nan 
113.125, 61.375, 1.0665206939285967e-21, nan 
113.375, 61.375, 1.0653229947789428e-21, nan 
113.625, 61.375, 9.712839070200499e-22, nan 
113.875, 61.375, 1.205090534544446e-21, nan 
114.125, 61.375, 1.0149250788112066e-21, nan 
114.375, 61.375, 8.496144788123721e-22, nan 
114.625, 61.375, 9.031637046676294e-22, nan 
114.875, 61.375, 9.05947483198816e-22, nan 
115.125, 61.375, 4.000993727833108e-22, nan 
115.375, 61.375, 3.1509441150495086e-22, nan 
115.625, 61.375, 2.0720277251914645e-22, nan 
115.875, 61.375, 2.596055791907613e-22, nan 
116.125, 61.375, 2.7129645358724007e-22, nan 
116.375, 61.375, 2.617317401942767e-22, nan 
116.625, 61.375, 3.0436381087313863e-22, nan 
116.875, 61.375, 3.6132187729306916e-22, nan 
117.125, 61.375, 2.925399816355008e-22, nan 
117.375, 61.375, 2.9731975114318796e-22, nan 
117.625, 61.375, 3.085850185444354e-22, nan 
117.875, 61.375, 2.4703286084094925e-22, nan 
118.125, 61.375, 2.0309200193598563e-22, nan 
118.375, 61.375, 1.386211832808099e-22, nan 
118.625, 61.375, 1.4250948365626596e-22, nan 
118.875, 61.375, 1.3160251374976761e-22, nan 
119.125, 61.375, 2.0854194327452718e-22, nan 
119.375, 61.375, 3.7479898073549514e-22, nan 
119.625, 61.375, 1.7914594320496206e-22, nan 
119.875, 61.375, 1.5535072559319902e-22, nan 
120.125, 61.375, 1.60237898343856e-22, nan 
120.375, 61.375, 1.618470685902662e-22, nan 
120.625, 61.375, 1.7635748401323252e-22, nan 
120.875, 61.375, 8.183770824021411e-23, nan 
121.125, 61.375, 3.195234546263815e-23, nan 
121.375, 61.375, 1.07063958272293e-22, nan 
121.625, 61.375, 1.4484521699589023e-22, nan 
121.875, 61.375, 7.30122533429532e-23, nan 
122.125, 61.375, 2.686166328361833e-23, nan 
122.375, 61.375, 1.0598533673926117e-22, nan 
122.625, 61.375, 1.1699624208499012e-22, nan 
122.875, 61.375, 9.348050022370786e-23, nan 
123.125, 61.375, 1.0835287260132113e-22, nan 
123.375, 61.375, 1.2547876662126966e-22, nan 
123.625, 61.375, 1.0444398120955221e-22, nan 
123.875, 61.375, 8.620350859628696e-23, nan 
124.125, 61.375, 5.0120575392419113e-23, nan 
124.375, 61.375, 6.901867785371294e-23, nan 
124.625, 61.375, 1.0702020145696886e-22, nan 
124.875, 61.375, 5.0545828441012046e-23, nan 
125.125, 61.375, 5.381745065412445e-23, nan 
125.375, 61.375, 8.809578975000173e-23, nan 
125.625, 61.375, 4.1269134165601385e-23, nan 
125.875, 61.375, 6.169005459852151e-23, nan 
126.125, 61.375, 9.330646868056723e-23, nan 
126.375, 61.375, 7.889286659133481e-23, nan 
126.625, 61.375, 6.540752271751249e-23, nan 
126.875, 61.375, 1.0684841163840147e-22, nan 
127.125, 61.375, 1.404405636992533e-22, nan 
127.375, 61.375, 1.0036888673218053e-22, nan 
127.625, 61.375, 1.2282355450536314e-22, nan 
127.875, 61.375, 8.517098122753397e-23, nan 
128.125, 61.375, 4.389468686984463e-23, nan 
128.375, 61.375, 3.796641364206634e-23, nan 
128.625, 61.375, 3.0753420512534635e-23, nan 
128.875, 61.375, 8.467304655130501e-24, nan 
129.125, 61.375, 1.1560875872038023e-23, nan 
129.375, 61.375, 1.2399512523947096e-23, nan 
129.625, 61.375, 9.85594944327573e-24, nan 
129.875, 61.375, 1.0786936077974211e-23, nan 
130.125, 61.375, 2.8935651054124027e-23, nan 
130.375, 61.375, 2.43076808516018e-23, nan 
130.625, 61.375, 3.2903619234774515e-23, nan 
130.875, 61.375, 4.66014708646993e-23, nan 
131.125, 61.375, 3.790495153468605e-23, nan 
131.375, 61.375, 3.878179390844416e-23, nan 
131.625, 61.375, 1.1639552912856789e-23, nan 
131.875, 61.375, 8.051554755072019e-24, nan 
132.125, 61.375, 1.0215595731373152e-23, nan 
132.375, 61.375, 1.3084202706702214e-23, nan 
132.625, 61.375, 1.4571321349088089e-23, nan 
132.875, 61.375, 1.3025620139776887e-23, nan 
133.125, 61.375, 2.386334521169716e-23, nan 
133.375, 61.375, 2.4224259995609661e-23, nan 
133.625, 61.375, 1.410495563857769e-23, nan 
133.875, 61.375, 3.442030400433751e-23, nan 
134.125, 61.375, 2.8900341360980075e-23, nan 
134.375, 61.375, 2.625972668079918e-23, nan 
134.625, 61.375, 2.229409383769599e-23, nan 
134.875, 61.375, 2.0896832441352618e-23, nan 
135.125, 61.375, 2.0078713839742575e-23, nan 
135.375, 61.375, 1.4501045863272804e-23, nan 
135.625, 61.375, 1.0961136831675139e-23, nan 
135.875, 61.375, 5.0328798265951655e-24, nan 
136.125, 61.375, 5.488869503488546e-24, nan 
136.375, 61.375, 1.1880290351237578e-23, nan 
136.625, 61.375, 4.530161182272492e-24, nan 
136.875, 61.375, 3.8827062234842225e-24, nan 
137.125, 61.375, 3.8412549764228204e-24, nan 
137.375, 61.375, 3.4179614830533014e-24, nan 
137.625, 61.375, 3.2835805137487246e-24, nan 
137.875, 61.375, 1.0661426650027641e-23, nan 
138.125, 61.375, 8.434889251685868e-24, nan 
138.375, 61.375, 6.007181554232174e-24, nan 
138.625, 61.375, 1.3331047217834064e-23, nan 
138.875, 61.375, 8.047432873390884e-24, nan 
139.125, 61.375, 4.446892420877328e-24, nan 
139.375, 61.375, 5.137215210036116e-24, nan 
139.625, 61.375, 4.361800816850975e-24, nan 
139.875, 61.375, 6.934627728059091e-24, nan 
140.125, 61.375, 5.764123923012848e-24, nan 
140.375, 61.375, 3.0675810364639855e-24, nan 
140.625, 61.375, 1.0423380418606784e-23, nan 
140.875, 61.375, 1.1330199052709897e-23, nan 
141.125, 61.375, 1.0091063218815737e-23, nan 
141.375, 61.375, 1.1139478811169661e-23, nan 
141.625, 61.375, 9.487003767420926e-24, nan 
141.875, 61.375, 3.0519370486662624e-24, nan 
142.125, 61.375, 8.6456348084781e-24, nan 
142.375, 61.375, 7.014898248716874e-24, nan 
142.625, 61.375, 4.038194395254823e-24, nan 
142.875, 61.375, 9.756280144439538e-24, nan 
143.125, 61.375, 8.54909108872361e-24, nan 
143.375, 61.375, 7.154477436730129e-24, nan 
143.625, 61.375, 9.141464809221923e-24, nan 
143.875, 61.375, 7.474325599375435e-24, nan 
144.125, 61.375, 5.086474824136515e-24, nan 
144.375, 61.375, 1.862857036056769e-24, nan 
144.625, 61.375, 3.8831218486812155e-24, nan 
144.875, 61.375, 6.231838364433024e-24, nan 
145.125, 61.375, 4.359106954149405e-24, nan 
145.375, 61.375, 3.314717833148659e-24, nan 
145.625, 61.375, 2.961054073130864e-24, nan 
145.875, 61.375, 2.2776319898647667e-24, nan 
146.125, 61.375, 3.1987783691184774e-24, nan 
146.375, 61.375, 2.5320853078969055e-24, nan 
146.625, 61.375, 2.7527980775120477e-24, nan 
146.875, 61.375, 3.1038767754357024e-24, nan 
147.125, 61.375, 2.784886525787943e-24, nan 
147.375, 61.375, 2.563216639567557e-24, nan 
147.625, 61.375, 3.754142349185834e-24, nan 
147.875, 61.375, 2.604522655547047e-24, nan 
148.125, 61.375, 1.6123310055920415e-24, nan 
148.375, 61.375, 2.8892461672491327e-24, nan 
148.625, 61.375, 1.2507047029248931e-24, nan 
148.875, 61.375, 2.2392935759024074e-24, nan 
149.125, 61.375, 2.9623910553694454e-24, nan 
149.375, 61.375, 3.976841384540012e-24, nan 
149.625, 61.375, 2.9312918349914273e-24, nan 
149.875, 61.375, 4.487190823887134e-24, nan 
150.125, 61.375, 5.445389145672256e-24, nan 
150.375, 61.375, 4.3062567700729135e-24, nan 
150.625, 61.375, 4.040192417085767e-24, nan 
150.875, 61.375, 5.082667086285329e-24, nan 
151.125, 61.375, 5.5757111304220754e-24, nan 
151.375, 61.375, 4.283516092656339e-24, nan 
151.625, 61.375, 4.169947008167932e-24, nan 
151.875, 61.375, 2.8581391070961726e-24, nan 
152.125, 61.375, 2.1426042730357997e-24, nan 
152.375, 61.375, 1.9082078150870446e-24, nan 
152.625, 61.375, 1.4656113435730964e-24, nan 
152.875, 61.375, 1.4797787299152378e-24, nan 
153.125, 61.375, 1.9205248080862324e-24, nan 
153.375, 61.375, 1.7908134355056813e-24, nan 
153.625, 61.375, 4.31466358905169e-24, nan 
153.875, 61.375, 1.5705406537149148e-24, nan 
154.125, 61.375, 7.5752584368352745e-25, nan 
154.375, 61.375, 2.176178062489247e-24, nan 
154.625, 61.375, 1.0365172676841918e-24, nan 
154.875, 61.375, 2.7540971679905968e-24, nan 
155.125, 61.375, 2.929892413751047e-24, nan 
155.375, 61.375, 1.1520750462755612e-24, nan 
155.625, 61.375, 2.862397613730849e-24, nan 
155.875, 61.375, 2.3127495472031674e-24, nan 
156.125, 61.375, 3.761846360342302e-24, nan 
156.375, 61.375, 3.0570653986232265e-24, nan 
156.625, 61.375, 1.8593175579773838e-24, nan 
156.875, 61.375, 2.634353536976783e-24, nan 
157.125, 61.375, 2.167281518226336e-24, nan 
157.375, 61.375, 1.5521574874564692e-24, nan 
157.625, 61.375, 1.0887597993953859e-24, nan 
157.875, 61.375, 1.3926976838391587e-24, nan 
158.125, 61.375, 3.033948051206868e-24, nan 
158.375, 61.375, 2.4448890247169998e-24, nan 
158.625, 61.375, 1.524848209572641e-24, nan 
158.875, 61.375, 2.5868473089332928e-24, nan 
159.125, 61.375, 2.285037675510106e-24, nan 
159.375, 61.375, 7.373535172362019e-25, nan 
159.625, 61.375, 1.9512494254885595e-24, nan 
159.875, 61.375, 2.3604669493079416e-24, nan 
160.125, 61.375, 2.24094986137662e-24, nan 
160.375, 61.375, 3.041464138306793e-24, nan 
160.625, 61.375, 3.581639340743652e-24, nan 
160.875, 61.375, 3.413094571133826e-24, nan 
161.125, 61.375, 2.8221719322468045e-24, nan 
161.375, 61.375, 1.9234722744101336e-24, nan 
161.625, 61.375, 2.7250462290927455e-24, nan 
161.875, 61.375, 3.127321258170336e-24, nan 
162.125, 61.375, 1.61407506651984e-24, nan 
162.375, 61.375, 8.159450616789305e-25, nan 
162.625, 61.375, 7.025250715828399e-25, nan 
39.625, 61.625, 4.212809007268817e-25, nan 
39.875, 61.625, 5.1653896524204225e-25, nan 
40.125, 61.625, 1.0841154113381188e-24, nan 
40.375, 61.625, 1.8269581164122607e-24, nan 
40.625, 61.625, 1.1051605304815763e-24, nan 
40.875, 61.625, 1.2088589224294599e-24, nan 
41.125, 61.625, 3.647838907609426e-24, nan 
41.375, 61.625, 3.269022982233059e-24, nan 
41.625, 61.625, 3.514941068583837e-24, nan 
41.875, 61.625, 2.7565327739750804e-24, nan 
42.125, 61.625, 2.2196791337788342e-24, nan 
42.375, 61.625, 2.651486360080718e-24, nan 
42.625, 61.625, 1.4683111776661919e-24, nan 
42.875, 61.625, 1.0113855086343006e-24, nan 
43.125, 61.625, 2.2499933881644797e-24, nan 
43.375, 61.625, 1.9550212506879613e-24, nan 
43.625, 61.625, 1.782771237409003e-24, nan 
43.875, 61.625, 1.5926975936917791e-24, nan 
44.125, 61.625, 1.8101642903384537e-24, nan 
44.375, 61.625, 1.3742574000682315e-24, nan 
44.625, 61.625, 1.6781033940654312e-24, nan 
44.875, 61.625, 1.898343610290576e-24, nan 
45.125, 61.625, 2.5064324932294388e-24, nan 
45.375, 61.625, 2.473549351710422e-24, nan 
45.625, 61.625, 1.4510583378372324e-24, nan 
45.875, 61.625, 9.337481923142996e-25, nan 
46.125, 61.625, 8.682369842257426e-25, nan 
46.375, 61.625, 6.145539683721036e-25, nan 
46.625, 61.625, 5.742875613000706e-25, nan 
46.875, 61.625, 1.6013098006339624e-24, nan 
47.125, 61.625, 1.8965091703835827e-24, nan 
47.375, 61.625, 2.673842618693977e-24, nan 
47.625, 61.625, 2.2359632154526422e-24, nan 
47.875, 61.625, 3.291471985353284e-24, nan 
48.125, 61.625, 2.212473755134111e-24, nan 
48.375, 61.625, 2.5603395958897207e-24, nan 
48.625, 61.625, 4.554445701854722e-24, nan 
48.875, 61.625, 2.638203840806076e-24, nan 
49.125, 61.625, 4.229881818580093e-24, nan 
49.375, 61.625, 9.565140860919456e-24, nan 
49.625, 61.625, 8.079683241853148e-24, nan 
49.875, 61.625, 6.547384142600315e-24, nan 
50.125, 61.625, 9.867579183793154e-24, nan 
50.375, 61.625, 5.921652895501201e-24, nan 
50.625, 61.625, 1.0680413064520264e-24, nan 
50.875, 61.625, 2.6848941344250967e-24, nan 
51.125, 61.625, 2.463065807142519e-24, nan 
51.375, 61.625, 1.0693397666302087e-24, nan 
51.625, 61.625, 1.6945603606824973e-24, nan 
51.875, 61.625, 1.1715220495772305e-24, nan 
52.125, 61.625, 1.4666067823558416e-24, nan 
52.375, 61.625, 3.6178056746889004e-24, nan 
52.625, 61.625, 4.205281561076184e-24, nan 
52.875, 61.625, 4.852817852346232e-24, nan 
53.125, 61.625, 4.0025328535872574e-24, nan 
53.375, 61.625, 2.9800466974385057e-24, nan 
53.625, 61.625, 5.465349313968095e-24, nan 
53.875, 61.625, 5.9953883323225065e-24, nan 
54.125, 61.625, 4.0433882168376425e-24, nan 
54.375, 61.625, 1.675730676382012e-24, nan 
54.625, 61.625, 6.0851256510568865e-24, nan 
54.875, 61.625, 2.8652084727921967e-24, nan 
55.125, 61.625, 2.3567797666225378e-24, nan 
55.375, 61.625, 3.47115962384227e-24, nan 
55.625, 61.625, 2.6395616593978022e-24, nan 
55.875, 61.625, 2.0631186183298644e-24, nan 
56.125, 61.625, 2.5260755047805494e-24, nan 
56.375, 61.625, 2.796850513779658e-24, nan 
56.625, 61.625, 3.0812547428832916e-24, nan 
56.875, 61.625, 4.472562062864239e-24, nan 
57.125, 61.625, 4.602755955196128e-24, nan 
57.375, 61.625, 5.6943247765140445e-24, nan 
57.625, 61.625, 4.8971399849524495e-24, nan 
57.875, 61.625, 4.6804512059457805e-24, nan 
58.125, 61.625, 7.46130688755121e-24, nan 
58.375, 61.625, 7.208033805814727e-24, nan 
58.625, 61.625, 6.2586505559720695e-24, nan 
58.875, 61.625, 6.74120707445228e-24, nan 
59.125, 61.625, 9.539742532992487e-24, nan 
59.375, 61.625, 9.358292260527807e-24, nan 
59.625, 61.625, 1.0833994772884512e-23, nan 
59.875, 61.625, 1.3973101307652532e-23, nan 
60.125, 61.625, 1.8821383388353783e-23, nan 
60.375, 61.625, 7.050385249456165e-24, nan 
60.625, 61.625, 1.2864147239680325e-23, nan 
60.875, 61.625, 1.3351434970721853e-23, nan 
61.125, 61.625, 1.0052156548084244e-23, nan 
61.375, 61.625, 7.785830154997704e-24, nan 
61.625, 61.625, 6.556002953860282e-24, nan 
61.875, 61.625, 1.0382600384168742e-23, nan 
62.125, 61.625, 8.260232339560856e-24, nan 
62.375, 61.625, 4.4907840388840815e-24, nan 
62.625, 61.625, 4.70568391067252e-24, nan 
62.875, 61.625, 3.700216756037042e-24, nan 
63.125, 61.625, 5.830952338415095e-24, nan 
63.375, 61.625, 6.732845986782743e-24, nan 
63.625, 61.625, 5.253975374192314e-24, nan 
63.875, 61.625, 8.892892771722546e-24, nan 
64.125, 61.625, 1.364312530552357e-23, nan 
64.375, 61.625, 1.4775276036482934e-23, nan 
64.625, 61.625, 1.6413291751158376e-23, nan 
64.875, 61.625, 2.5942266427558e-23, nan 
65.125, 61.625, 2.659807632035672e-23, nan 
65.375, 61.625, 2.0692767280448837e-23, nan 
65.625, 61.625, 1.2473813442267143e-23, nan 
65.875, 61.625, 1.2686667645000702e-23, nan 
66.125, 61.625, 9.545460411156775e-24, nan 
66.375, 61.625, 1.4549733617457628e-23, nan 
66.625, 61.625, 2.1920391773639752e-23, nan 
66.875, 61.625, 2.1572302056749054e-23, nan 
67.125, 61.625, 2.3380328525599244e-23, nan 
67.375, 61.625, 4.079455266017601e-23, nan 
67.625, 61.625, 2.7474344598579543e-23, nan 
67.875, 61.625, 9.272946687210115e-24, nan 
68.125, 61.625, 2.1932262946685755e-23, nan 
68.375, 61.625, 1.052504883374366e-23, nan 
68.625, 61.625, 1.1883605289163022e-23, nan 
68.875, 61.625, 1.8070530655453407e-23, nan 
69.125, 61.625, 2.2769676867500386e-23, nan 
69.375, 61.625, 2.1696808970774037e-23, nan 
69.625, 61.625, 4.38719443117561e-23, nan 
69.875, 61.625, 3.373961316750341e-23, nan 
70.125, 61.625, 3.064877889591327e-23, nan 
70.375, 61.625, 6.6676705070582e-23, nan 
70.625, 61.625, 3.2024574042884126e-23, nan 
70.875, 61.625, 2.753306163728006e-23, nan 
71.125, 61.625, 4.930565946239635e-23, nan 
71.375, 61.625, 3.542294280840885e-23, nan 
71.625, 61.625, 3.4620286951343e-23, nan 
71.875, 61.625, 3.5802903981477226e-23, nan 
72.125, 61.625, 3.0737616410876304e-23, nan 
72.375, 61.625, 5.323281599701279e-23, nan 
72.625, 61.625, 2.8942570434309275e-23, nan 
72.875, 61.625, 2.2416525058772146e-23, nan 
73.125, 61.625, 3.976978989410391e-23, nan 
73.375, 61.625, 2.6593088008793633e-23, nan 
73.625, 61.625, 1.6988275750146158e-23, nan 
73.875, 61.625, 4.853397305934281e-23, nan 
74.125, 61.625, 6.423732036598808e-23, nan 
74.375, 61.625, 8.259004574680901e-23, nan 
74.625, 61.625, 7.373343629763214e-23, nan 
74.875, 61.625, 7.582566046044694e-23, nan 
75.125, 61.625, 7.099173539877517e-23, nan 
75.375, 61.625, 3.996384013340138e-23, nan 
75.625, 61.625, 3.543885164614024e-23, nan 
75.875, 61.625, 3.3915367416334844e-23, nan 
76.125, 61.625, 3.6994555323337834e-23, nan 
76.375, 61.625, 3.0291075803182305e-23, nan 
76.625, 61.625, 2.3677429001090224e-23, nan 
76.875, 61.625, 4.8428658653099296e-23, nan 
77.125, 61.625, 4.594778292760958e-23, nan 
77.375, 61.625, 5.1116031442449264e-23, nan 
77.625, 61.625, 5.52105944508115e-23, nan 
77.875, 61.625, 5.657548295939363e-23, nan 
78.125, 61.625, 8.856799603327718e-23, nan 
78.375, 61.625, 1.0887969471819964e-22, nan 
78.625, 61.625, 1.3654130578382217e-22, nan 
78.875, 61.625, 9.01821281680878e-23, nan 
79.125, 61.625, 6.116452413139639e-23, nan 
79.375, 61.625, 1.2603815586323064e-22, nan 
79.625, 61.625, 1.0135832417511805e-22, nan 
79.875, 61.625, 1.1635571502143256e-22, nan 
80.125, 61.625, 1.2160947220267653e-22, nan 
80.375, 61.625, 9.172389148905859e-23, nan 
80.625, 61.625, 4.2425937394045357e-23, nan 
80.875, 61.625, 1.0231705370295794e-22, nan 
81.125, 61.625, 8.38610569919612e-23, nan 
81.375, 61.625, 7.515898725048942e-23, nan 
81.625, 61.625, 1.7307435134196112e-22, nan 
81.875, 61.625, 2.1879834358793035e-22, nan 
82.125, 61.625, 9.514265641844544e-23, nan 
82.375, 61.625, 1.7308333518046453e-22, nan 
82.625, 61.625, 2.316517390234569e-22, nan 
82.875, 61.625, 1.4311469444939006e-22, nan 
83.125, 61.625, 1.2048520810516504e-22, nan 
83.375, 61.625, 1.763570781936018e-22, nan 
83.625, 61.625, 1.626158322498744e-22, nan 
83.875, 61.625, 1.9407418490622326e-22, nan 
84.125, 61.625, 1.4772034669092918e-22, nan 
84.375, 61.625, 1.736170248979366e-22, nan 
84.625, 61.625, 1.369767608165976e-22, nan 
84.875, 61.625, 1.288016860148153e-22, nan 
85.125, 61.625, 1.212061755880803e-22, nan 
85.375, 61.625, 1.467120854903827e-22, nan 
85.625, 61.625, 2.3785700638346105e-22, nan 
85.875, 61.625, 3.2693559240334274e-22, nan 
86.125, 61.625, 2.778793956850911e-22, nan 
86.375, 61.625, 3.7977224755809963e-22, nan 
86.625, 61.625, 6.700666400691649e-22, nan 
86.875, 61.625, 7.4152293873613505e-22, nan 
87.125, 61.625, 9.556669014702548e-22, nan 
87.375, 61.625, 2.234394962654553e-21, nan 
87.625, 61.625, 3.40287656432578e-21, nan 
87.875, 61.625, 1.3011831049584121e-21, nan 
88.125, 61.625, 7.343628909442863e-22, nan 
88.375, 61.625, 6.626357139628461e-22, nan 
88.625, 61.625, 1.0393493064490665e-21, nan 
88.875, 61.625, 9.460814631371062e-22, nan 
89.125, 61.625, 1.0448885260621242e-21, nan 
89.375, 61.625, 7.896656283889747e-22, nan 
89.625, 61.625, 8.385949230299819e-22, nan 
89.875, 61.625, 1.4647681220840769e-21, nan 
90.125, 61.625, 1.7135829665398317e-21, nan 
90.375, 61.625, 1.131931246903267e-21, nan 
90.625, 61.625, 1.3791736105775136e-21, nan 
90.875, 61.625, 8.081976197001532e-22, nan 
91.125, 61.625, 1.6748302069780589e-21, nan 
91.375, 61.625, 2.6840562849146535e-21, nan 
91.625, 61.625, 1.5937037317823869e-21, nan 
91.875, 61.625, 1.225717685418463e-21, nan 
92.125, 61.625, 1.6272453428706343e-21, nan 
92.375, 61.625, 2.3471329362521142e-21, nan 
92.625, 61.625, 3.962286665183935e-21, nan 
92.875, 61.625, 2.355227240373371e-21, nan 
93.125, 61.625, 1.774514752984709e-21, nan 
93.375, 61.625, 2.5548175289958516e-21, nan 
93.625, 61.625, 2.5211057457887784e-21, nan 
93.875, 61.625, 2.6780908725474932e-21, nan 
94.125, 61.625, 2.5816156962037855e-21, nan 
94.375, 61.625, 1.9324390389942618e-21, nan 
94.625, 61.625, 2.237219554218431e-21, nan 
94.875, 61.625, 3.909290357792308e-21, nan 
95.125, 61.625, 2.8304853632056483e-21, nan 
95.375, 61.625, 5.062401436106363e-21, nan 
95.625, 61.625, 6.099655701924276e-21, nan 
95.875, 61.625, 5.6318651926746424e-21, nan 
96.125, 61.625, 8.270069700023398e-21, nan 
96.375, 61.625, 1.0844303430027134e-20, nan 
96.625, 61.625, 1.1050239270740663e-20, nan 
96.875, 61.625, 7.102097344737869e-21, nan 
97.125, 61.625, 3.949998453127213e-21, nan 
97.375, 61.625, 4.758782475364053e-21, nan 
97.625, 61.625, 6.906305017675988e-21, nan 
97.875, 61.625, 5.1923621667351255e-21, nan 
98.125, 61.625, 7.239808642416731e-21, nan 
98.375, 61.625, 5.650332190607218e-21, nan 
98.625, 61.625, 4.153704930337333e-21, nan 
98.875, 61.625, 6.5533146066749876e-21, nan 
99.125, 61.625, 7.254053791166272e-21, nan 
99.375, 61.625, 1.0812228263131268e-20, nan 
99.625, 61.625, 8.250204334257465e-21, nan 
99.875, 61.625, 1.098960635645067e-20, nan 
100.125, 61.625, 2.2917581298334297e-20, nan 
100.375, 61.625, 2.0098976167129127e-20, nan 
100.625, 61.625, 2.2034094576827694e-20, nan 
100.875, 61.625, 1.8937546247563764e-20, nan 
101.125, 61.625, 2.0562110511652064e-20, nan 
101.375, 61.625, 1.6811624066456338e-20, nan 
101.625, 61.625, 7.33456320195991e-21, nan 
101.875, 61.625, 2.6508490260993813e-20, nan 
102.125, 61.625, 2.2811710190119794e-20, nan 
102.375, 61.625, 2.670196248501789e-20, nan 
102.625, 61.625, 2.858885204877742e-20, nan 
102.875, 61.625, 2.387322172055514e-20, nan 
103.125, 61.625, 1.7869594328456297e-20, nan 
103.375, 61.625, 1.259924765534959e-20, nan 
103.625, 61.625, 1.34066447280351e-20, nan 
103.875, 61.625, 1.2197014058650689e-20, nan 
104.125, 61.625, 9.50789563483822e-21, nan 
104.375, 61.625, 1.0283564610389366e-20, nan 
104.625, 61.625, 7.085956883109995e-21, nan 
104.875, 61.625, 6.738421949576057e-21, nan 
105.125, 61.625, 5.2098324411359925e-21, nan 
105.375, 61.625, 6.1675067778553084e-21, nan 
105.625, 61.625, 5.799595438449273e-21, nan 
105.875, 61.625, 5.4453358790341994e-21, nan 
106.125, 61.625, 3.724300878660666e-21, nan 
106.375, 61.625, 3.996541600522748e-21, nan 
106.625, 61.625, 4.213015269066857e-21, nan 
106.875, 61.625, 2.3681173747751815e-21, nan 
107.125, 61.625, 1.7845442599663396e-21, nan 
107.375, 61.625, 3.0933413434992093e-21, nan 
107.625, 61.625, 2.384451422624596e-21, nan 
107.875, 61.625, 2.407747743966287e-21, nan 
108.125, 61.625, 2.5963843322237192e-21, nan 
108.375, 61.625, 2.4810896296750114e-21, nan 
108.625, 61.625, 2.0246356343688186e-21, nan 
108.875, 61.625, 2.175908027506886e-21, nan 
109.125, 61.625, 4.738710485917675e-21, nan 
109.375, 61.625, 4.064561951783366e-21, nan 
109.625, 61.625, 4.0025899818634504e-21, nan 
109.875, 61.625, 3.527943164326568e-21, nan 
110.125, 61.625, 2.3302104754165893e-21, nan 
110.375, 61.625, 1.7587453032489e-21, nan 
110.625, 61.625, 2.4220723016478843e-21, nan 
110.875, 61.625, 2.5551410153112475e-21, nan 
111.125, 61.625, 1.868331176086605e-21, nan 
111.375, 61.625, 1.7358623910891886e-21, nan 
111.625, 61.625, 1.692106268656454e-21, nan 
111.875, 61.625, 8.815292344463782e-22, nan 
112.125, 61.625, 9.019896630629118e-22, nan 
112.375, 61.625, 7.400634856376273e-22, nan 
112.625, 61.625, 2.968197515251475e-22, nan 
112.875, 61.625, 8.5541681746348e-22, nan 
113.125, 61.625, 4.32947757200016e-22, nan 
113.375, 61.625, 7.41843642937607e-22, nan 
113.625, 61.625, 6.251682776176027e-22, nan 
113.875, 61.625, 9.053727879819551e-22, nan 
114.125, 61.625, 7.717520562831346e-22, nan 
114.375, 61.625, 4.531145972455503e-22, nan 
114.625, 61.625, 3.0820469387352233e-22, nan 
114.875, 61.625, 5.92669391783897e-22, nan 
115.125, 61.625, 4.795181981153361e-22, nan 
115.375, 61.625, 2.351315824376747e-22, nan 
115.625, 61.625, 4.496047007568184e-22, nan 
115.875, 61.625, 7.75276222846949e-22, nan 
116.125, 61.625, 2.5407489723930173e-22, nan 
116.375, 61.625, 1.6444542521720135e-22, nan 
116.625, 61.625, 3.2085417867627665e-22, nan 
116.875, 61.625, 3.533234939144127e-22, nan 
117.125, 61.625, 2.5635357971957785e-22, nan 
117.375, 61.625, 3.3961198071096156e-22, nan 
117.625, 61.625, 4.081437509864766e-22, nan 
117.875, 61.625, 3.017025808118501e-22, nan 
118.125, 61.625, 2.8836620584613945e-22, nan 
118.375, 61.625, 2.3056105500256257e-22, nan 
118.625, 61.625, 1.3458539861265354e-22, nan 
118.875, 61.625, 1.045801178495675e-22, nan 
119.125, 61.625, 1.555989191690527e-22, nan 
119.375, 61.625, 2.4861362224333896e-22, nan 
119.625, 61.625, 3.0140498986472826e-22, nan 
119.875, 61.625, 2.225480250798198e-22, nan 
120.125, 61.625, 1.0113792314986553e-22, nan 
120.375, 61.625, 1.6903798267168462e-22, nan 
120.625, 61.625, 2.8116691742257707e-22, nan 
120.875, 61.625, 9.539570808408494e-23, nan 
121.125, 61.625, 5.156823775918697e-23, nan 
121.375, 61.625, 1.115441318234814e-22, nan 
121.625, 61.625, 1.5303975306747925e-22, nan 
121.875, 61.625, 9.018352244569337e-23, nan 
122.125, 61.625, 1.7086410511239906e-22, nan 
122.375, 61.625, 9.400489280202321e-23, nan 
122.625, 61.625, 1.0435135063674056e-22, nan 
122.875, 61.625, 1.0309367262180234e-22, nan 
123.125, 61.625, 1.010635379891655e-22, nan 
123.375, 61.625, 1.5932746797130178e-22, nan 
123.625, 61.625, 1.234448408318813e-22, nan 
123.875, 61.625, 6.832169349151838e-23, nan 
124.125, 61.625, 6.611258000549158e-23, nan 
124.375, 61.625, 8.300387751174006e-23, nan 
124.625, 61.625, 6.130814235847586e-23, nan 
124.875, 61.625, 5.189605736426905e-23, nan 
125.125, 61.625, 8.171319100970606e-23, nan 
125.375, 61.625, 7.404481523430844e-23, nan 
125.625, 61.625, 3.792294796978814e-23, nan 
125.875, 61.625, 7.605221657640694e-23, nan 
126.125, 61.625, 9.854033837021701e-23, nan 
126.375, 61.625, 5.927977700073314e-23, nan 
126.625, 61.625, 1.2975263015942605e-22, nan 
126.875, 61.625, 1.4508178106103675e-22, nan 
127.125, 61.625, 9.829462439513261e-23, nan 
127.375, 61.625, 1.3090505518759435e-22, nan 
127.625, 61.625, 9.642210678168144e-23, nan 
127.875, 61.625, 3.000051226409986e-23, nan 
128.125, 61.625, 4.121496925645422e-23, nan 
128.375, 61.625, 2.6332756884458883e-23, nan 
128.625, 61.625, 1.5942886341573265e-23, nan 
128.875, 61.625, 1.994490652667571e-23, nan 
129.125, 61.625, 8.172505252892336e-24, nan 
129.375, 61.625, 1.0354282635424583e-23, nan 
129.625, 61.625, 6.1328158922545525e-24, nan 
129.875, 61.625, 6.77412119766272e-24, nan 
130.125, 61.625, 2.143886327890791e-23, nan 
130.375, 61.625, 4.3113806234460976e-23, nan 
130.625, 61.625, 5.226530021854365e-23, nan 
130.875, 61.625, 3.8437383831491523e-23, nan 
131.125, 61.625, 4.669950137211807e-23, nan 
131.375, 61.625, 4.223710715302519e-23, nan 
131.625, 61.625, 1.4459181614535807e-23, nan 
131.875, 61.625, 1.1434506912093387e-23, nan 
132.125, 61.625, 1.568264244726134e-23, nan 
132.375, 61.625, 9.117083015721577e-24, nan 
132.625, 61.625, 9.775747529453914e-24, nan 
132.875, 61.625, 8.367706757803425e-24, nan 
133.125, 61.625, 2.922384574817828e-23, nan 
133.375, 61.625, 3.9141406992831174e-23, nan 
133.625, 61.625, 1.958766537696237e-23, nan 
133.875, 61.625, 3.565325424967922e-23, nan 
134.125, 61.625, 2.7647157451046826e-23, nan 
134.375, 61.625, 2.0737730913227628e-23, nan 
134.625, 61.625, 2.672924569174352e-23, nan 
134.875, 61.625, 1.78948365321307e-23, nan 
135.125, 61.625, 1.2986401003371827e-23, nan 
135.375, 61.625, 1.1443178160645526e-23, nan 
135.625, 61.625, 6.155365047607279e-24, nan 
135.875, 61.625, 4.98276315537517e-24, nan 
136.125, 61.625, 4.8196267375823226e-24, nan 
136.375, 61.625, 6.285005019971409e-24, nan 
136.625, 61.625, 7.141692290529352e-24, nan 
136.875, 61.625, 4.986005560060751e-24, nan 
137.125, 61.625, 6.411198761262428e-24, nan 
137.375, 61.625, 4.635901339377691e-24, nan 
137.625, 61.625, 3.78136754266846e-24, nan 
137.875, 61.625, 1.248541031889751e-23, nan 
138.125, 61.625, 7.288368036919742e-24, nan 
138.375, 61.625, 6.627276581149245e-24, nan 
138.625, 61.625, 1.2934051869488486e-23, nan 
138.875, 61.625, 8.339653713297691e-24, nan 
139.125, 61.625, 4.4316098607879905e-24, nan 
139.375, 61.625, 6.669283528253964e-24, nan 
139.625, 61.625, 6.2603409936362525e-24, nan 
139.875, 61.625, 7.232967972113638e-24, nan 
140.125, 61.625, 4.260166026146144e-24, nan 
140.375, 61.625, 5.942124523296144e-24, nan 
140.625, 61.625, 1.1528291897585828e-23, nan 
140.875, 61.625, 5.826851792429363e-24, nan 
141.125, 61.625, 4.828148676043269e-24, nan 
141.375, 61.625, 8.387968251692328e-24, nan 
141.625, 61.625, 1.5388805687349632e-23, nan 
141.875, 61.625, 1.6941987775240636e-23, nan 
142.125, 61.625, 2.0062775096258755e-23, nan 
142.375, 61.625, 1.6475414731979244e-23, nan 
142.625, 61.625, 1.118368041588626e-23, nan 
142.875, 61.625, 8.449699731918732e-24, nan 
143.125, 61.625, 7.879237282940309e-24, nan 
143.375, 61.625, 5.9888280193303454e-24, nan 
143.625, 61.625, 9.283731402319007e-24, nan 
143.875, 61.625, 8.182745653872268e-24, nan 
144.125, 61.625, 4.002195047797669e-24, nan 
144.375, 61.625, 6.129840853652192e-24, nan 
144.625, 61.625, 4.6945777122627045e-24, nan 
144.875, 61.625, 6.08100903588778e-24, nan 
145.125, 61.625, 5.286119755387181e-24, nan 
145.375, 61.625, 3.0424266583468827e-24, nan 
145.625, 61.625, 2.6148051708726334e-24, nan 
145.875, 61.625, 1.997643887155958e-24, nan 
146.125, 61.625, 3.621494337997289e-24, nan 
146.375, 61.625, 2.9890670893531165e-24, nan 
146.625, 61.625, 3.0853217930244977e-24, nan 
146.875, 61.625, 3.241405664935736e-24, nan 
147.125, 61.625, 2.9191653730222163e-24, nan 
147.375, 61.625, 3.0743139611967217e-24, nan 
147.625, 61.625, 2.563350071961895e-24, nan 
147.875, 61.625, 2.0233021089510616e-24, nan 
148.125, 61.625, 2.2161654538020804e-24, nan 
148.375, 61.625, 2.305269871082787e-24, nan 
148.625, 61.625, 2.6608119243143857e-24, nan 
148.875, 61.625, 2.6213472986846494e-24, nan 
149.125, 61.625, 3.547804618921668e-24, nan 
149.375, 61.625, 4.284874874163384e-24, nan 
149.625, 61.625, 4.740065598601345e-24, nan 
149.875, 61.625, 5.616515867168583e-24, nan 
150.125, 61.625, 4.6097461547930865e-24, nan 
150.375, 61.625, 5.8823871574902486e-24, nan 
150.625, 61.625, 7.635684644050093e-24, nan 
150.875, 61.625, 6.620115284021618e-24, nan 
151.125, 61.625, 5.032041622209681e-24, nan 
151.375, 61.625, 5.902617101852316e-24, nan 
151.625, 61.625, 3.9414702767554576e-24, nan 
151.875, 61.625, 1.639929874243295e-24, nan 
152.125, 61.625, 1.7058789058084283e-24, nan 
152.375, 61.625, 1.9399042949762445e-24, nan 
152.625, 61.625, 1.2745910991129692e-24, nan 
152.875, 61.625, 1.9134745654799114e-24, nan 
153.125, 61.625, 2.4513511319891873e-24, nan 
153.375, 61.625, 1.9592471507431245e-24, nan 
153.625, 61.625, 2.221337867104213e-24, nan 
153.875, 61.625, 2.6993879484311628e-24, nan 
154.125, 61.625, 2.63580762179008e-24, nan 
154.375, 61.625, 1.4054248651176112e-24, nan 
154.625, 61.625, 1.7382258738110633e-24, nan 
154.875, 61.625, 7.728677262002556e-25, nan 
155.125, 61.625, 2.936191671334876e-24, nan 
155.375, 61.625, 1.5474080241498765e-24, nan 
155.625, 61.625, 3.1307867896539602e-24, nan 
155.875, 61.625, 2.4398829413548764e-24, nan 
156.125, 61.625, 2.963020604226193e-24, nan 
156.375, 61.625, 2.610939354204339e-24, nan 
156.625, 61.625, 2.1284842794676226e-24, nan 
156.875, 61.625, 3.8257925242254024e-24, nan 
157.125, 61.625, 1.973572709933838e-24, nan 
157.375, 61.625, 2.4072338941396822e-24, nan 
157.625, 61.625, 1.2969033004134857e-24, nan 
157.875, 61.625, 2.409806666558742e-24, nan 
158.125, 61.625, 3.22599102785818e-24, nan 
158.375, 61.625, 1.9421195514538128e-24, nan 
158.625, 61.625, 1.923589649974726e-24, nan 
158.875, 61.625, 3.1077409769612552e-24, nan 
159.125, 61.625, 2.12992284043765e-24, nan 
159.375, 61.625, 1.787094777011971e-24, nan 
159.625, 61.625, 1.1561633155579993e-24, nan 
159.875, 61.625, 1.4730685489866764e-24, nan 
160.125, 61.625, 1.7637069668917605e-24, nan 
160.375, 61.625, 2.9876008607865378e-24, nan 
160.625, 61.625, 2.9401057727951252e-24, nan 
160.875, 61.625, 2.998535214964033e-24, nan 
161.125, 61.625, 3.5054029110777015e-24, nan 
161.375, 61.625, 2.3521816242061944e-24, nan 
161.625, 61.625, 2.517020662177701e-24, nan 
161.875, 61.625, 3.0749512974714507e-24, nan 
162.125, 61.625, 2.0750017945172522e-24, nan 
162.375, 61.625, 7.188372590195189e-25, nan 
162.625, 61.625, 1.2605887726927988e-24, nan 
162.875, 61.625, 6.003480812204081e-25, nan 
163.125, 61.625, 1.2662110296880238e-24, nan 
39.375, 61.875, 1.4737766338792918e-24, nan 
39.625, 61.875, 1.405244248515267e-24, nan 
39.875, 61.875, 1.045929982185675e-24, nan 
40.125, 61.875, 2.0465698028777493e-24, nan 
40.375, 61.875, 2.3583167374923085e-24, nan 
40.625, 61.875, 2.8059555229264437e-24, nan 
40.875, 61.875, 3.8919537672296735e-24, nan 
41.125, 61.875, 3.0658396770484716e-24, nan 
41.375, 61.875, 3.715759067370479e-24, nan 
41.625, 61.875, 2.6551591638149883e-24, nan 
41.875, 61.875, 1.967072593021658e-24, nan 
42.125, 61.875, 2.601145795761751e-24, nan 
42.375, 61.875, 2.2074404031300497e-24, nan 
42.625, 61.875, 1.3582162738019933e-24, nan 
42.875, 61.875, 2.2626953686015287e-24, nan 
43.125, 61.875, 2.6322549026312613e-24, nan 
43.375, 61.875, 1.8014870237083787e-24, nan 
43.625, 61.875, 3.811608121469438e-24, nan 
43.875, 61.875, 3.746487758074901e-24, nan 
44.125, 61.875, 3.168906801181366e-24, nan 
44.375, 61.875, 2.8978846148978837e-24, nan 
44.625, 61.875, 2.9910153222750542e-24, nan 
44.875, 61.875, 2.89759525605654e-24, nan 
45.125, 61.875, 1.4197446841185895e-24, nan 
45.375, 61.875, 1.92522744238338e-24, nan 
45.625, 61.875, 1.8714831327364256e-24, nan 
45.875, 61.875, 1.5725574511416983e-24, nan 
46.125, 61.875, 9.127396343565042e-25, nan 
46.375, 61.875, 7.275053624935922e-25, nan 
46.625, 61.875, 1.44122945594576e-24, nan 
46.875, 61.875, 1.471083319536573e-24, nan 
47.125, 61.875, 1.0584033728118933e-24, nan 
47.375, 61.875, 1.2819966586439057e-24, nan 
47.625, 61.875, 1.700954507985736e-24, nan 
47.875, 61.875, 2.0430341678287136e-24, nan 
48.125, 61.875, 2.4328536130020944e-24, nan 
48.375, 61.875, 2.1324019298702593e-24, nan 
48.625, 61.875, 1.969886460096566e-24, nan 
48.875, 61.875, 1.682008438758805e-24, nan 
49.125, 61.875, 3.913871316045799e-24, nan 
49.375, 61.875, 6.914193198578894e-24, nan 
49.625, 61.875, 6.293228871184208e-24, nan 
49.875, 61.875, 3.0341206338569275e-24, nan 
50.125, 61.875, 3.679176105256527e-24, nan 
50.375, 61.875, 1.7359498262813912e-24, nan 
50.625, 61.875, 1.7453060360796647e-24, nan 
50.875, 61.875, 3.511904477197816e-24, nan 
51.125, 61.875, 2.7110572914088033e-24, nan 
51.375, 61.875, 1.869199997788548e-24, nan 
51.625, 61.875, 1.5255421301152697e-24, nan 
51.875, 61.875, 6.553304431673698e-25, nan 
52.125, 61.875, 1.2202845330702191e-24, nan 
52.375, 61.875, 1.3184214609023807e-24, nan 
52.625, 61.875, 1.5913997599634376e-24, nan 
52.875, 61.875, 1.980286420326028e-24, nan 
53.125, 61.875, 9.40998617239727e-25, nan 
53.375, 61.875, 2.6258390711729323e-24, nan 
53.625, 61.875, 4.053770414758945e-24, nan 
53.875, 61.875, 5.9709539082955826e-24, nan 
54.125, 61.875, 3.7482363536921356e-24, nan 
54.375, 61.875, 2.5407921399763918e-24, nan 
54.625, 61.875, 5.521750253218e-24, nan 
54.875, 61.875, 3.391765256192248e-24, nan 
55.125, 61.875, 1.5249203252797831e-24, nan 
55.375, 61.875, 4.060427788520392e-24, nan 
55.625, 61.875, 3.29531147925856e-24, nan 
55.875, 61.875, 1.5538964988879131e-24, nan 
56.125, 61.875, 2.7521227283767125e-24, nan 
56.375, 61.875, 2.3723200733768175e-24, nan 
56.625, 61.875, 2.1818051075399834e-24, nan 
56.875, 61.875, 5.212781420300605e-24, nan 
57.125, 61.875, 6.972267518052952e-24, nan 
57.375, 61.875, 9.774631046969058e-24, nan 
57.625, 61.875, 8.450426579763111e-24, nan 
57.875, 61.875, 8.518210981282596e-24, nan 
58.125, 61.875, 1.2028391395078188e-23, nan 
58.375, 61.875, 7.205505318081324e-24, nan 
58.625, 61.875, 2.985676981889526e-24, nan 
58.875, 61.875, 5.029678298055981e-24, nan 
59.125, 61.875, 9.215854895196778e-24, nan 
59.375, 61.875, 1.3118307843537697e-23, nan 
59.625, 61.875, 7.024446944244286e-24, nan 
59.875, 61.875, 1.3707585499981287e-23, nan 
60.125, 61.875, 1.1945804005037997e-23, nan 
60.375, 61.875, 4.880087562469607e-24, nan 
60.625, 61.875, 1.1057309381451277e-23, nan 
60.875, 61.875, 1.1943276475851845e-23, nan 
61.125, 61.875, 7.084170118579764e-24, nan 
61.375, 61.875, 8.428209205502287e-24, nan 
61.625, 61.875, 1.0831150244647678e-23, nan 
61.875, 61.875, 8.402562343323925e-24, nan 
62.125, 61.875, 9.200110438518527e-24, nan 
62.375, 61.875, 9.687899047954479e-24, nan 
62.625, 61.875, 7.205551938549167e-24, nan 
62.875, 61.875, 1.3350679406865993e-23, nan 
63.125, 61.875, 1.5730383129361696e-23, nan 
63.375, 61.875, 5.440944945507653e-24, nan 
63.625, 61.875, 4.771736795568842e-24, nan 
63.875, 61.875, 1.1328183778822329e-23, nan 
64.125, 61.875, 1.4475532459900033e-23, nan 
64.375, 61.875, 1.2311473389249479e-23, nan 
64.625, 61.875, 1.173381767172651e-23, nan 
64.875, 61.875, 1.570943039907198e-23, nan 
65.125, 61.875, 2.023609341452361e-23, nan 
65.375, 61.875, 1.2150397431380416e-23, nan 
65.625, 61.875, 1.0304816789539893e-23, nan 
65.875, 61.875, 1.246286232937147e-23, nan 
66.125, 61.875, 1.5803831697489718e-23, nan 
66.375, 61.875, 1.0545573426010647e-23, nan 
66.625, 61.875, 1.013697991670772e-23, nan 
66.875, 61.875, 1.9954295102690782e-23, nan 
67.125, 61.875, 2.0810705891915603e-23, nan 
67.375, 61.875, 3.2992563145204643e-23, nan 
67.625, 61.875, 2.786483488059431e-23, nan 
67.875, 61.875, 1.2500248099498792e-23, nan 
68.125, 61.875, 1.1538755471267695e-23, nan 
68.375, 61.875, 1.43245669268766e-23, nan 
68.625, 61.875, 1.150231642380164e-23, nan 
68.875, 61.875, 9.20964505388486e-24, nan 
69.125, 61.875, 1.8847492107520022e-23, nan 
69.375, 61.875, 2.711988283976737e-23, nan 
69.625, 61.875, 3.557906439254059e-23, nan 
69.875, 61.875, 3.915359368461466e-23, nan 
70.125, 61.875, 2.6037719439270393e-23, nan 
70.375, 61.875, 5.612454797008492e-23, nan 
70.625, 61.875, 4.737050732422432e-23, nan 
70.875, 61.875, 4.899583717349106e-23, nan 
71.125, 61.875, 4.153470279184164e-23, nan 
71.375, 61.875, 3.5737117381930176e-23, nan 
71.625, 61.875, 3.919480633914321e-23, nan 
71.875, 61.875, 2.0081348425608457e-23, nan 
72.125, 61.875, 6.25513161412014e-23, nan 
72.375, 61.875, 7.936788721826532e-23, nan 
72.625, 61.875, 4.6033227751295816e-23, nan 
72.875, 61.875, 3.653583393271509e-23, nan 
73.125, 61.875, 4.849789560048236e-23, nan 
73.375, 61.875, 3.435636194693603e-23, nan 
73.625, 61.875, 2.534935394976421e-23, nan 
73.875, 61.875, 5.416608561324609e-23, nan 
74.125, 61.875, 7.855274528321999e-23, nan 
74.375, 61.875, 7.726957727354994e-23, nan 
74.625, 61.875, 8.125270438109372e-23, nan 
74.875, 61.875, 9.897888501012401e-23, nan 
75.125, 61.875, 8.646427417258446e-23, nan 
75.375, 61.875, 9.919294914341747e-23, nan 
75.625, 61.875, 6.59900150269382e-23, nan 
75.875, 61.875, 4.858415519192871e-23, nan 
76.125, 61.875, 7.149009052470983e-23, nan 
76.375, 61.875, 6.260186240474913e-23, nan 
76.625, 61.875, 4.024103363268298e-23, nan 
76.875, 61.875, 6.306588166689302e-23, nan 
77.125, 61.875, 3.8806831311288286e-23, nan 
77.375, 61.875, 6.12558448090925e-23, nan 
77.625, 61.875, 7.666066443542619e-23, nan 
77.875, 61.875, 6.411514129135939e-23, nan 
78.125, 61.875, 8.775224962642215e-23, nan 
78.375, 61.875, 7.275478445814272e-23, nan 
78.625, 61.875, 7.640788928144803e-23, nan 
78.875, 61.875, 7.11072907500291e-23, nan 
79.125, 61.875, 7.518368449395898e-23, nan 
79.375, 61.875, 1.1011352948794769e-22, nan 
79.625, 61.875, 8.899530881364794e-23, nan 
79.875, 61.875, 1.3917905927179877e-22, nan 
80.125, 61.875, 1.0898472591089812e-22, nan 
80.375, 61.875, 9.324683681853486e-23, nan 
80.625, 61.875, 9.046375246610505e-23, nan 
80.875, 61.875, 1.5177277819831603e-22, nan 
81.125, 61.875, 8.147655793358268e-23, nan 
81.375, 61.875, 1.4952659969754418e-22, nan 
81.625, 61.875, 1.295311892659349e-22, nan 
81.875, 61.875, 1.709739197729254e-22, nan 
82.125, 61.875, 1.3635427732877862e-22, nan 
82.375, 61.875, 1.4719331401715868e-22, nan 
82.625, 61.875, 1.4145177935279448e-22, nan 
82.875, 61.875, 1.1115104721492472e-22, nan 
83.125, 61.875, 1.0035265551592952e-22, nan 
83.375, 61.875, 1.3915856133599617e-22, nan 
83.625, 61.875, 1.4529915445716873e-22, nan 
83.875, 61.875, 2.0585120810238128e-22, nan 
84.125, 61.875, 1.617080277824484e-22, nan 
84.375, 61.875, 2.319397328960414e-22, nan 
84.625, 61.875, 2.6260792822710566e-22, nan 
84.875, 61.875, 2.467133273618203e-22, nan 
85.125, 61.875, 3.0066742427913274e-22, nan 
85.375, 61.875, 1.196991552033568e-22, nan 
85.625, 61.875, 9.799060910007236e-23, nan 
85.875, 61.875, 1.9359505378003259e-22, nan 
86.125, 61.875, 4.750592947684737e-22, nan 
86.375, 61.875, 4.476351003808863e-22, nan 
86.625, 61.875, 3.379834326626791e-22, nan 
86.875, 61.875, 9.111168631470878e-22, nan 
87.125, 61.875, 1.2433602215073768e-21, nan 
87.375, 61.875, 1.2902719039554895e-21, nan 
87.625, 61.875, 1.137554654029682e-21, nan 
87.875, 61.875, 1.3925505633153897e-21, nan 
88.125, 61.875, 7.974868352983418e-22, nan 
88.375, 61.875, 9.402045026807567e-22, nan 
88.625, 61.875, 9.66942255224822e-22, nan 
88.875, 61.875, 9.256326566875166e-22, nan 
89.125, 61.875, 9.690030064072036e-22, nan 
89.375, 61.875, 8.961993245934723e-22, nan 
89.625, 61.875, 7.568952752500781e-22, nan 
89.875, 61.875, 7.012311873536404e-22, nan 
90.125, 61.875, 8.817070748664014e-22, nan 
90.375, 61.875, 1.1349754475042357e-21, nan 
90.625, 61.875, 1.5744151719408304e-21, nan 
90.875, 61.875, 8.624054890043944e-22, nan 
91.125, 61.875, 2.503079605790434e-21, nan 
91.375, 61.875, 3.936062181710741e-21, nan 
91.625, 61.875, 2.5134773861822138e-21, nan 
91.875, 61.875, 1.7493549358580983e-21, nan 
92.125, 61.875, 3.0164652059222738e-21, nan 
92.375, 61.875, 2.8840690758914154e-21, nan 
92.625, 61.875, 2.882100957369231e-21, nan 
92.875, 61.875, 1.9312367264895727e-21, nan 
93.125, 61.875, 1.981957425618168e-21, nan 
93.375, 61.875, 1.5558271114954832e-21, nan 
93.625, 61.875, 1.1087628863750964e-21, nan 
93.875, 61.875, 2.870480890176935e-21, nan 
94.125, 61.875, 1.741241893664331e-21, nan 
94.375, 61.875, 1.760269583472601e-21, nan 
94.625, 61.875, 2.790199514506071e-21, nan 
94.875, 61.875, 5.376062567419943e-21, nan 
95.125, 61.875, 8.575827771620117e-21, nan 
95.375, 61.875, 4.144675199757583e-21, nan 
95.625, 61.875, 5.88882288862249e-21, nan 
95.875, 61.875, 4.846351988267184e-21, nan 
96.125, 61.875, 6.102412039879305e-21, nan 
96.375, 61.875, 6.187994454907123e-21, nan 
96.625, 61.875, 4.7491125914167435e-21, nan 
96.875, 61.875, 4.077296942415297e-21, nan 
97.125, 61.875, 4.762490391725228e-21, nan 
97.375, 61.875, 3.3652658362072083e-21, nan 
97.625, 61.875, 3.774377140862183e-21, nan 
97.875, 61.875, 6.863920113945456e-21, nan 
98.125, 61.875, 8.611898790576404e-21, nan 
98.375, 61.875, 8.349674593708815e-21, nan 
98.625, 61.875, 8.150431028350649e-21, nan 
98.875, 61.875, 6.361847163822722e-21, nan 
99.125, 61.875, 8.007499689779068e-21, nan 
99.375, 61.875, 1.126468070284439e-20, nan 
99.625, 61.875, 8.694077521414656e-21, nan 
99.875, 61.875, 2.3289256961874325e-20, nan 
100.125, 61.875, 2.810566903984741e-20, nan 
100.375, 61.875, 2.5943346833937935e-20, nan 
100.625, 61.875, 2.911961743061944e-20, nan 
100.875, 61.875, 2.807435746178555e-20, nan 
101.125, 61.875, 2.526863024846757e-20, nan 
101.375, 61.875, 6.339687258231337e-21, nan 
101.625, 61.875, 1.961764460478834e-20, nan 
101.875, 61.875, 3.2088662383625054e-20, nan 
102.125, 61.875, 3.100516702806495e-20, nan 
102.375, 61.875, 3.177649053223597e-20, nan 
102.625, 61.875, 3.468152693117761e-20, nan 
102.875, 61.875, 2.8296187338539093e-20, nan 
103.125, 61.875, 1.7282489165212422e-20, nan 
103.375, 61.875, 2.1565253424676424e-20, nan 
103.625, 61.875, 1.8626282232946594e-20, nan 
103.875, 61.875, 1.8079393731302863e-20, nan 
104.125, 61.875, 1.2525983023385668e-20, nan 
104.375, 61.875, 1.2231349139142982e-20, nan 
104.625, 61.875, 1.0103584332442321e-20, nan 
104.875, 61.875, 6.442031046575958e-21, nan 
105.125, 61.875, 4.760561614970163e-21, nan 
105.375, 61.875, 4.736474168669728e-21, nan 
105.625, 61.875, 5.02679981186872e-21, nan 
105.875, 61.875, 4.6189619172130636e-21, nan 
106.125, 61.875, 3.395049804024586e-21, nan 
106.375, 61.875, 4.566311935980958e-21, nan 
106.625, 61.875, 3.8429994439688924e-21, nan 
106.875, 61.875, 3.0309481794490426e-21, nan 
107.125, 61.875, 4.2712124842517995e-21, nan 
107.375, 61.875, 2.9264569198846508e-21, nan 
107.625, 61.875, 3.394953119209809e-21, nan 
107.875, 61.875, 5.6082510808654024e-21, nan 
108.125, 61.875, 7.173150933471391e-21, nan 
108.375, 61.875, 5.337476551195942e-21, nan 
108.625, 61.875, 4.434582514630645e-21, nan 
108.875, 61.875, 3.893312105443028e-21, nan 
109.125, 61.875, 5.26990515811332e-21, nan 
109.375, 61.875, 5.233498343149498e-21, nan 
109.625, 61.875, 5.944273467415078e-21, nan 
109.875, 61.875, 4.167117852664941e-21, nan 
110.125, 61.875, 1.6322493475883763e-21, nan 
110.375, 61.875, 1.3571804811404425e-21, nan 
110.625, 61.875, 1.8380323982613244e-21, nan 
110.875, 61.875, 1.8050573844718237e-21, nan 
111.125, 61.875, 1.8185128794816377e-21, nan 
111.375, 61.875, 1.2406689273649746e-21, nan 
111.625, 61.875, 1.0114591601365886e-21, nan 
111.875, 61.875, 6.4779989501732645e-22, nan 
112.125, 61.875, 6.8840910758521755e-22, nan 
112.375, 61.875, 8.789452020767024e-22, nan 
112.625, 61.875, 6.718482319798615e-22, nan 
112.875, 61.875, 4.985763549792335e-22, nan 
113.125, 61.875, 3.8586686237673637e-22, nan 
113.375, 61.875, 7.932924387195717e-22, nan 
113.625, 61.875, 1.1096153249852105e-21, nan 
113.875, 61.875, 2.3659595662427504e-22, nan 
114.125, 61.875, 2.963269302351619e-22, nan 
114.375, 61.875, 6.064091263145885e-22, nan 
114.625, 61.875, 3.176318175185704e-22, nan 
114.875, 61.875, 3.638005901909853e-22, nan 
115.125, 61.875, 4.837985763376291e-22, nan 
115.375, 61.875, 4.678480426726874e-22, nan 
115.625, 61.875, 5.542789765996523e-22, nan 
115.875, 61.875, 1.1068880673843999e-21, nan 
116.125, 61.875, 2.1735763476587775e-22, nan 
116.375, 61.875, 2.6475715581887235e-22, nan 
116.625, 61.875, 4.28078748660723e-22, nan 
116.875, 61.875, 1.8100435289894709e-22, nan 
117.125, 61.875, 2.266311918797708e-22, nan 
117.375, 61.875, 1.7520909974845836e-22, nan 
117.625, 61.875, 3.4775225457471998e-22, nan 
117.875, 61.875, 3.4629522104183527e-22, nan 
118.125, 61.875, 2.7206330786542723e-22, nan 
118.375, 61.875, 3.1282967669847876e-22, nan 
118.625, 61.875, 2.948667262400147e-22, nan 
118.875, 61.875, 2.483644984082035e-22, nan 
119.125, 61.875, 1.4245930585051214e-22, nan 
119.375, 61.875, 2.293086602505792e-22, nan 
119.625, 61.875, 2.801843495581305e-22, nan 
119.875, 61.875, 1.9171018082428598e-22, nan 
120.125, 61.875, 1.4706176287399184e-22, nan 
120.375, 61.875, 6.191860027140582e-23, nan 
120.625, 61.875, 2.4133909277298347e-22, nan 
120.875, 61.875, 1.878261120471899e-22, nan 
121.125, 61.875, 1.2189426089005566e-22, nan 
121.375, 61.875, 1.6109945713817364e-22, nan 
121.625, 61.875, 1.4576773925607416e-22, nan 
121.875, 61.875, 1.2895682117758633e-22, nan 
122.125, 61.875, 2.0950569733660996e-22, nan 
122.375, 61.875, 1.5681359041431855e-22, nan 
122.625, 61.875, 1.1394110812456385e-22, nan 
122.875, 61.875, 1.282607902241464e-22, nan 
123.125, 61.875, 1.2991552366225778e-22, nan 
123.375, 61.875, 1.6597741365866128e-22, nan 
123.625, 61.875, 1.271441424131893e-22, nan 
123.875, 61.875, 8.262453919442021e-23, nan 
124.125, 61.875, 1.210435109998622e-22, nan 
124.375, 61.875, 9.372030423137121e-23, nan 
124.625, 61.875, 6.610335492181186e-23, nan 
124.875, 61.875, 3.6731057054358834e-23, nan 
125.125, 61.875, 7.115581505260055e-23, nan 
125.375, 61.875, 5.789955622515802e-23, nan 
125.625, 61.875, 5.454206055215982e-23, nan 
125.875, 61.875, 7.293489231545883e-23, nan 
126.125, 61.875, 7.688246663476837e-23, nan 
126.375, 61.875, 1.3103476770056407e-22, nan 
126.625, 61.875, 1.981822710587831e-22, nan 
126.875, 61.875, 1.2428978861025228e-22, nan 
127.125, 61.875, 7.795866422592993e-23, nan 
127.375, 61.875, 1.28540950541998e-22, nan 
127.625, 61.875, 1.0267458630270093e-22, nan 
127.875, 61.875, 2.954076530576976e-23, nan 
128.125, 61.875, 3.430309023273943e-23, nan 
128.375, 61.875, 4.6388900227395496e-23, nan 
128.625, 61.875, 2.108305272419009e-23, nan 
128.875, 61.875, 1.9722937280000843e-23, nan 
129.125, 61.875, 1.556697917385265e-23, nan 
129.375, 61.875, 1.9951257961098752e-23, nan 
129.625, 61.875, 2.701828692330714e-23, nan 
129.875, 61.875, 2.963301195099886e-23, nan 
130.125, 61.875, 4.086976424781311e-23, nan 
130.375, 61.875, 6.825712075439803e-23, nan 
130.625, 61.875, 4.698652340447056e-23, nan 
130.875, 61.875, 4.680089146406649e-23, nan 
131.125, 61.875, 3.739543112100623e-23, nan 
131.375, 61.875, 2.3355726591290623e-23, nan 
131.625, 61.875, 1.7776932286823794e-23, nan 
131.875, 61.875, 1.500165217843097e-23, nan 
132.125, 61.875, 1.2619157838368462e-23, nan 
132.375, 61.875, 8.785845358034613e-24, nan 
132.625, 61.875, 2.1393392117001706e-23, nan 
132.875, 61.875, 2.720339360578147e-23, nan 
133.125, 61.875, 3.021612516410209e-23, nan 
133.375, 61.875, 4.011884662752956e-23, nan 
133.625, 61.875, 3.554447338411556e-23, nan 
133.875, 61.875, 2.974185006427657e-23, nan 
134.125, 61.875, 2.2110222835906214e-23, nan 
134.375, 61.875, 1.979184479868493e-23, nan 
134.625, 61.875, 1.6869348907101054e-23, nan 
134.875, 61.875, 1.0170414831950129e-23, nan 
135.125, 61.875, 7.503894447826844e-24, nan 
135.375, 61.875, 1.132739083095636e-23, nan 
135.625, 61.875, 5.989669815980394e-24, nan 
135.875, 61.875, 4.631983452996434e-24, nan 
136.125, 61.875, 3.265099182612506e-24, nan 
136.375, 61.875, 8.742471069169653e-24, nan 
136.625, 61.875, 1.1694838616752798e-23, nan 
136.875, 61.875, 8.69118052874322e-24, nan 
137.125, 61.875, 7.284913848515956e-24, nan 
137.375, 61.875, 8.164993555159662e-24, nan 
137.625, 61.875, 8.294457740132919e-24, nan 
137.875, 61.875, 1.0661632885661344e-23, nan 
138.125, 61.875, 6.3438964762783035e-24, nan 
138.375, 61.875, 1.0211793628617721e-23, nan 
138.625, 61.875, 1.1891290941027972e-23, nan 
138.875, 61.875, 8.623965428728177e-24, nan 
139.125, 61.875, 2.659183772175376e-24, nan 
139.375, 61.875, 7.265984115889381e-24, nan 
139.625, 61.875, 5.692710567555806e-24, nan 
139.875, 61.875, 4.558924478063387e-24, nan 
140.125, 61.875, 5.800827797230069e-24, nan 
140.375, 61.875, 6.554101052645929e-24, nan 
140.625, 61.875, 9.487792659098022e-24, nan 
140.875, 61.875, 1.6145875381028788e-23, nan 
141.125, 61.875, 1.731726530863627e-23, nan 
141.375, 61.875, 1.7031393596711278e-23, nan 
141.625, 61.875, 2.0828496532951676e-23, nan 
141.875, 61.875, 2.42743357754955e-23, nan 
142.125, 61.875, 2.682168630176351e-23, nan 
142.375, 61.875, 2.1906051115884947e-23, nan 
142.625, 61.875, 1.9245987829944628e-23, nan 
142.875, 61.875, 1.5596035572472833e-23, nan 
143.125, 61.875, 1.3005125472023644e-23, nan 
143.375, 61.875, 1.2330318412584664e-23, nan 
143.625, 61.875, 8.362678659697844e-24, nan 
143.875, 61.875, 5.3086466313416146e-24, nan 
144.125, 61.875, 3.091344505574405e-24, nan 
144.375, 61.875, 5.666756201833919e-24, nan 
144.625, 61.875, 2.660715159304661e-24, nan 
144.875, 61.875, 1.6947745526753058e-24, nan 
145.125, 61.875, 6.0015840933177246e-24, nan 
145.375, 61.875, 4.355061425366854e-24, nan 
145.625, 61.875, 1.9705874361959976e-24, nan 
145.875, 61.875, 1.8764894641692546e-24, nan 
146.125, 61.875, 1.3081606748354072e-24, nan 
146.375, 61.875, 2.2352546012128026e-24, nan 
146.625, 61.875, 3.70718604214906e-24, nan 
146.875, 61.875, 3.366678683130837e-24, nan 
147.125, 61.875, 3.0340335848145045e-24, nan 
147.375, 61.875, 6.37313610320229e-24, nan 
147.625, 61.875, 4.609149661710697e-24, nan 
147.875, 61.875, 3.477450391524329e-24, nan 
148.125, 61.875, 1.738726472484121e-24, nan 
148.375, 61.875, 2.6316549314764183e-24, nan 
148.625, 61.875, 2.1176355293799345e-24, nan 
148.875, 61.875, 6.624360543357018e-24, nan 
149.125, 61.875, 1.2131087115748924e-23, nan 
149.375, 61.875, 1.326260023772976e-23, nan 
149.625, 61.875, 1.2222001589133858e-23, nan 
149.875, 61.875, 1.2503695631375255e-23, nan 
150.125, 61.875, 7.29459124492717e-24, nan 
150.375, 61.875, 8.17925914985104e-24, nan 
150.625, 61.875, 5.690213155434666e-24, nan 
150.875, 61.875, 6.3124912742736065e-24, nan 
151.125, 61.875, 5.060368418639385e-24, nan 
151.375, 61.875, 3.382873469924214e-24, nan 
151.625, 61.875, 2.6711340970666127e-24, nan 
151.875, 61.875, 1.8488127207488045e-24, nan 
152.125, 61.875, 1.306233768300652e-24, nan 
152.375, 61.875, 1.1079012788355433e-24, nan 
152.625, 61.875, 1.3719599655854924e-24, nan 
152.875, 61.875, 2.020374445488452e-24, nan 
153.125, 61.875, 2.2632805585701545e-24, nan 
153.375, 61.875, 1.823331714882103e-24, nan 
153.625, 61.875, 2.1680206173699346e-24, nan 
153.875, 61.875, 2.967062964326376e-24, nan 
154.125, 61.875, 3.1082515387609708e-24, nan 
154.375, 61.875, 2.690136088776244e-24, nan 
154.625, 61.875, 3.2394480147222846e-24, nan 
154.875, 61.875, 1.7462160764537416e-24, nan 
155.125, 61.875, 4.03031521954028e-24, nan 
155.375, 61.875, 3.357416253478031e-24, nan 
155.625, 61.875, 2.0058241471114595e-24, nan 
155.875, 61.875, 2.5636505655676493e-24, nan 
156.125, 61.875, 2.0491483478238822e-24, nan 
156.375, 61.875, 2.1085441725851023e-24, nan 
156.625, 61.875, 1.769827889708242e-24, nan 
156.875, 61.875, 3.2012659152663496e-24, nan 
157.125, 61.875, 2.2038478456766942e-24, nan 
157.375, 61.875, 2.706398909025566e-24, nan 
157.625, 61.875, 1.9326756477416664e-24, nan 
157.875, 61.875, 1.931081888968619e-24, nan 
158.125, 61.875, 3.469267190150011e-24, nan 
158.375, 61.875, 2.844285088253982e-24, nan 
158.625, 61.875, 2.432591948337565e-24, nan 
158.875, 61.875, 3.340699479211996e-24, nan 
159.125, 61.875, 2.899868026494611e-24, nan 
159.375, 61.875, 2.6251898742342963e-24, nan 
159.625, 61.875, 1.8609820346930964e-24, nan 
159.875, 61.875, 2.2663275802167622e-24, nan 
160.125, 61.875, 1.9250224762135298e-24, nan 
160.375, 61.875, 1.2835681579793132e-24, nan 
160.625, 61.875, 1.9099035800490058e-24, nan 
160.875, 61.875, 2.389659842417873e-24, nan 
161.125, 61.875, 2.2362671542232277e-24, nan 
161.375, 61.875, 2.6159368853445707e-24, nan 
161.625, 61.875, 1.8305344301431313e-24, nan 
161.875, 61.875, 1.6324537893080497e-24, nan 
162.125, 61.875, 1.6770326221251677e-24, nan 
162.375, 61.875, 6.7714116855325985e-25, nan 
162.625, 61.875, 5.025188878840174e-25, nan 
162.875, 61.875, 9.143691016109115e-25, nan 
163.125, 61.875, 1.78063009253867e-24, nan 
163.375, 61.875, 1.5937329204716468e-24, nan 
39.125, 62.125, 1.3945170515497962e-24, nan 
39.375, 62.125, 1.598587637837288e-24, nan 
39.625, 62.125, 1.3752630469857006e-24, nan 
39.875, 62.125, 1.637276560677938e-24, nan 
40.125, 62.125, 1.3256084062281936e-24, nan 
40.375, 62.125, 2.0593440723322586e-24, nan 
40.625, 62.125, 3.1494310295015683e-24, nan 
40.875, 62.125, 3.834111800424413e-24, nan 
41.125, 62.125, 3.875971618814687e-24, nan 
41.375, 62.125, 3.7963041843008615e-24, nan 
41.625, 62.125, 2.917163524566792e-24, nan 
41.875, 62.125, 1.6890274531944954e-24, nan 
42.125, 62.125, 1.3438900225533485e-24, nan 
42.375, 62.125, 1.5603195153292835e-24, nan 
42.625, 62.125, 1.849340102529939e-24, nan 
42.875, 62.125, 1.5718676252064014e-24, nan 
43.125, 62.125, 2.923481813914836e-24, nan 
43.375, 62.125, 2.2545849412389452e-24, nan 
43.625, 62.125, 2.503936758774094e-24, nan 
43.875, 62.125, 5.390383312248898e-24, nan 
44.125, 62.125, 4.5654327862655616e-24, nan 
44.375, 62.125, 1.866436591403273e-24, nan 
44.625, 62.125, 3.919452277547043e-24, nan 
44.875, 62.125, 4.203206543592097e-24, nan 
45.125, 62.125, 2.294057051742934e-24, nan 
45.375, 62.125, 2.146052988425617e-24, nan 
45.625, 62.125, 3.413910504903421e-24, nan 
45.875, 62.125, 2.3328015971132876e-24, nan 
46.125, 62.125, 1.440256221695081e-24, nan 
46.375, 62.125, 1.5057876845432363e-24, nan 
46.625, 62.125, 1.4449098751332784e-24, nan 
46.875, 62.125, 1.0949631472178e-24, nan 
47.125, 62.125, 7.357433859040594e-25, nan 
47.375, 62.125, 8.74948582305751e-25, nan 
47.625, 62.125, 9.099130153620783e-25, nan 
47.875, 62.125, 1.0166595644134224e-24, nan 
48.125, 62.125, 2.7064653340580694e-24, nan 
48.375, 62.125, 1.6220874795707457e-24, nan 
48.625, 62.125, 1.706800596987821e-24, nan 
48.875, 62.125, 3.059960727510564e-24, nan 
49.125, 62.125, 3.428863852828473e-24, nan 
49.375, 62.125, 4.919325902559903e-24, nan 
49.625, 62.125, 2.1740450583347152e-24, nan 
49.875, 62.125, 2.4465849447439044e-24, nan 
50.125, 62.125, 1.5043685503499725e-24, nan 
50.375, 62.125, 1.0667815658411346e-24, nan 
50.625, 62.125, 1.556374291199943e-24, nan 
50.875, 62.125, 3.385944522156119e-24, nan 
51.125, 62.125, 2.6595705349535375e-24, nan 
51.375, 62.125, 2.8100572161491075e-24, nan 
51.625, 62.125, 2.758252486328531e-24, nan 
51.875, 62.125, 1.6664757613284154e-24, nan 
52.125, 62.125, 3.730716325377483e-24, nan 
52.375, 62.125, 1.5401296328516394e-24, nan 
52.625, 62.125, 1.984001776768821e-24, nan 
52.875, 62.125, 3.8425491071758446e-24, nan 
53.125, 62.125, 2.5004922530600917e-24, nan 
53.375, 62.125, 4.030807452772122e-24, nan 
53.625, 62.125, 3.2975369753397102e-24, nan 
53.875, 62.125, 3.3173078370930125e-24, nan 
54.125, 62.125, 2.0611079601739836e-24, nan 
54.375, 62.125, 2.6134099726886284e-24, nan 
54.625, 62.125, 3.678547356967458e-24, nan 
54.875, 62.125, 3.251495621297207e-24, nan 
55.125, 62.125, 4.605562799892181e-24, nan 
55.375, 62.125, 4.71501907562137e-24, nan 
55.625, 62.125, 3.4755328448915624e-24, nan 
55.875, 62.125, 2.1552284846758212e-24, nan 
56.125, 62.125, 3.471834882121116e-24, nan 
56.375, 62.125, 2.7769546956436037e-24, nan 
56.625, 62.125, 2.371282574782529e-24, nan 
56.875, 62.125, 3.527540010014732e-24, nan 
57.125, 62.125, 4.781429555217294e-24, nan 
57.375, 62.125, 8.153080998782106e-24, nan 
57.625, 62.125, 1.1262367621777327e-23, nan 
57.875, 62.125, 8.886659916327444e-24, nan 
58.125, 62.125, 1.1907646981236512e-23, nan 
58.375, 62.125, 1.4738104866252206e-23, nan 
58.625, 62.125, 1.3713722595163695e-23, nan 
58.875, 62.125, 5.594937003130196e-24, nan 
59.125, 62.125, 5.014578703428888e-24, nan 
59.375, 62.125, 2.5615882099544144e-23, nan 
59.625, 62.125, 8.98549141042245e-24, nan 
59.875, 62.125, 1.0256245725962298e-23, nan 
60.125, 62.125, 1.1748811927172656e-23, nan 
60.375, 62.125, 8.113479138654314e-24, nan 
60.625, 62.125, 1.331813674132982e-23, nan 
60.875, 62.125, 1.5330093254737762e-23, nan 
61.125, 62.125, 7.130222936635066e-24, nan 
61.375, 62.125, 1.3403683806154125e-23, nan 
61.625, 62.125, 2.4651679710486264e-23, nan 
61.875, 62.125, 1.0437366045677708e-23, nan 
62.125, 62.125, 9.409855415112028e-24, nan 
62.375, 62.125, 1.287941372138877e-23, nan 
62.625, 62.125, 1.0489883581081641e-23, nan 
62.875, 62.125, 1.3445645097331163e-23, nan 
63.125, 62.125, 1.4614826761240825e-23, nan 
63.375, 62.125, 1.664445362794264e-23, nan 
63.625, 62.125, 6.926771761352426e-24, nan 
63.875, 62.125, 6.883537407263576e-24, nan 
64.125, 62.125, 9.495317269830744e-24, nan 
64.375, 62.125, 1.0078234295062657e-23, nan 
64.625, 62.125, 1.2115997090313911e-23, nan 
64.875, 62.125, 1.3671455566065227e-23, nan 
65.125, 62.125, 1.6398330747477492e-23, nan 
65.375, 62.125, 1.777394732884446e-23, nan 
65.625, 62.125, 8.760713027364972e-24, nan 
65.875, 62.125, 8.927753163097167e-24, nan 
66.125, 62.125, 2.1419923091121892e-23, nan 
66.375, 62.125, 8.591285271896649e-24, nan 
66.625, 62.125, 9.324927955053314e-24, nan 
66.875, 62.125, 1.2917979700160298e-23, nan 
67.125, 62.125, 9.870213008102282e-24, nan 
67.375, 62.125, 1.7901937503678237e-23, nan 
67.625, 62.125, 1.747711305536466e-23, nan 
67.875, 62.125, 1.072401392898477e-23, nan 
68.125, 62.125, 1.857866496995161e-23, nan 
68.375, 62.125, 2.446616383679516e-23, nan 
68.625, 62.125, 1.9257460016409744e-23, nan 
68.875, 62.125, 1.535462087374132e-23, nan 
69.125, 62.125, 1.8542253238351504e-23, nan 
69.375, 62.125, 3.571510628749845e-23, nan 
69.625, 62.125, 3.055926336071332e-23, nan 
69.875, 62.125, 2.774666587448947e-23, nan 
70.125, 62.125, 2.904283424990114e-23, nan 
70.375, 62.125, 4.039556037303765e-23, nan 
70.625, 62.125, 4.368895906873815e-23, nan 
70.875, 62.125, 4.437788104898022e-23, nan 
71.125, 62.125, 2.915035225959426e-23, nan 
71.375, 62.125, 2.5486788871988955e-23, nan 
71.625, 62.125, 2.081377304484941e-23, nan 
71.875, 62.125, 1.850759324704164e-23, nan 
72.125, 62.125, 5.611827704221618e-23, nan 
72.375, 62.125, 6.61597207664399e-23, nan 
72.625, 62.125, 4.2244218908704196e-23, nan 
72.875, 62.125, 5.1003714836722316e-23, nan 
73.125, 62.125, 5.168857293002273e-23, nan 
73.375, 62.125, 4.813002558518993e-23, nan 
73.625, 62.125, 4.886787889045866e-23, nan 
73.875, 62.125, 7.112567263772171e-23, nan 
74.125, 62.125, 7.805347462678645e-23, nan 
74.375, 62.125, 8.439703149379329e-23, nan 
74.625, 62.125, 5.49063360000015e-23, nan 
74.875, 62.125, 7.629106623917923e-23, nan 
75.125, 62.125, 5.130038529742413e-23, nan 
75.375, 62.125, 8.396540387351772e-23, nan 
75.625, 62.125, 6.178219509728689e-23, nan 
75.875, 62.125, 4.79288736247174e-23, nan 
76.125, 62.125, 4.687099384308492e-23, nan 
76.375, 62.125, 4.765818282572619e-23, nan 
76.625, 62.125, 3.8720488305241744e-23, nan 
76.875, 62.125, 5.39862477773726e-23, nan 
77.125, 62.125, 5.096367952527153e-23, nan 
77.375, 62.125, 3.9149709903367024e-23, nan 
77.625, 62.125, 6.484644830682877e-23, nan 
77.875, 62.125, 7.135137354587948e-23, nan 
78.125, 62.125, 8.037324414692351e-23, nan 
78.375, 62.125, 6.935401647711462e-23, nan 
78.625, 62.125, 8.55410479891208e-23, nan 
78.875, 62.125, 5.95221233399919e-23, nan 
79.125, 62.125, 3.993308180931363e-23, nan 
79.375, 62.125, 7.168364345491492e-23, nan 
79.625, 62.125, 6.583683859153108e-23, nan 
79.875, 62.125, 4.899594261964748e-23, nan 
80.125, 62.125, 1.8543300770975428e-22, nan 
80.375, 62.125, 1.774892404547204e-22, nan 
80.625, 62.125, 7.543935978887662e-23, nan 
80.875, 62.125, 2.9991560058656767e-22, nan 
81.125, 62.125, 1.9658122476274402e-22, nan 
81.375, 62.125, 1.273623930790444e-22, nan 
81.625, 62.125, 2.3120158702372854e-22, nan 
81.875, 62.125, 3.144027128622254e-22, nan 
82.125, 62.125, 1.9955812902971877e-22, nan 
82.375, 62.125, 1.5978910595523517e-22, nan 
82.625, 62.125, 1.749603533809818e-22, nan 
82.875, 62.125, 1.1737142084247391e-22, nan 
83.125, 62.125, 9.368581561384564e-23, nan 
83.375, 62.125, 1.3149784051053536e-22, nan 
83.625, 62.125, 1.0794839636437128e-22, nan 
83.875, 62.125, 1.4241982305443696e-22, nan 
84.125, 62.125, 1.5673180790167893e-22, nan 
84.375, 62.125, 1.9305381005447096e-22, nan 
84.625, 62.125, 2.7825411173208287e-22, nan 
84.875, 62.125, 2.8616169541301088e-22, nan 
85.125, 62.125, 3.5233325995006553e-22, nan 
85.375, 62.125, 1.6984820692778286e-22, nan 
85.625, 62.125, 1.9379513914838738e-22, nan 
85.875, 62.125, 2.941273790307345e-22, nan 
86.125, 62.125, 4.799274538489826e-22, nan 
86.375, 62.125, 5.114347244710975e-22, nan 
86.625, 62.125, 4.0462032528451846e-22, nan 
86.875, 62.125, 8.679213031647489e-22, nan 
87.125, 62.125, 1.0687280415926883e-21, nan 
87.375, 62.125, 1.847578905774559e-21, nan 
87.625, 62.125, 1.3156779699051789e-21, nan 
87.875, 62.125, 1.58256336060911e-21, nan 
88.125, 62.125, 1.8940499457226656e-21, nan 
88.375, 62.125, 1.638882837563277e-21, nan 
88.625, 62.125, 1.330546542405097e-21, nan 
88.875, 62.125, 1.0382843458446468e-21, nan 
89.125, 62.125, 1.0927801313226186e-21, nan 
89.375, 62.125, 1.2425677650262622e-21, nan 
89.625, 62.125, 1.4622061920771699e-21, nan 
89.875, 62.125, 1.069475602626103e-21, nan 
90.125, 62.125, 9.201512366912197e-22, nan 
90.375, 62.125, 4.942839383121035e-22, nan 
90.625, 62.125, 4.577760915275991e-22, nan 
90.875, 62.125, 1.4812406587935238e-21, nan 
91.125, 62.125, 2.1197490915042105e-21, nan 
91.375, 62.125, 2.758389257779069e-21, nan 
91.625, 62.125, 1.7488360868958047e-21, nan 
91.875, 62.125, 1.495209259338195e-21, nan 
92.125, 62.125, 2.0657181838255096e-21, nan 
92.375, 62.125, 1.3859289765162442e-21, nan 
92.625, 62.125, 1.2217801285140422e-21, nan 
92.875, 62.125, 1.0517383222122048e-21, nan 
93.125, 62.125, 1.847681749725589e-21, nan 
93.375, 62.125, 1.7021251849836908e-21, nan 
93.625, 62.125, 2.1705231805300824e-21, nan 
93.875, 62.125, 2.9952681287172886e-21, nan 
94.125, 62.125, 4.4170646402750025e-21, nan 
94.375, 62.125, 4.753968021646431e-21, nan 
94.625, 62.125, 4.864900393015916e-21, nan 
94.875, 62.125, 1.1795030361009758e-20, nan 
95.125, 62.125, 1.443957350438989e-20, nan 
95.375, 62.125, 8.17803530781473e-21, nan 
95.625, 62.125, 1.1297871155610908e-20, nan 
95.875, 62.125, 1.2335524056740727e-20, nan 
96.125, 62.125, 6.407033292969488e-21, nan 
96.375, 62.125, 4.951230054449265e-21, nan 
96.625, 62.125, 3.9955095371814405e-21, nan 
96.875, 62.125, 5.185303690669575e-21, nan 
97.125, 62.125, 3.9013324277915605e-21, nan 
97.375, 62.125, 2.8277305909858563e-21, nan 
97.625, 62.125, 4.901801661832617e-21, nan 
97.875, 62.125, 8.829145318643023e-21, nan 
98.125, 62.125, 7.593772291382317e-21, nan 
98.375, 62.125, 8.113797056391378e-21, nan 
98.625, 62.125, 8.225833531520749e-21, nan 
98.875, 62.125, 8.805381122066041e-21, nan 
99.125, 62.125, 1.9183381434975136e-20, nan 
99.375, 62.125, 4.0338680951774105e-20, nan 
99.625, 62.125, 3.8863873490528493e-20, nan 
99.875, 62.125, 2.609068138630787e-20, nan 
100.125, 62.125, 3.434482281761978e-20, nan 
100.375, 62.125, 4.133738822334353e-20, nan 
100.625, 62.125, 2.5823530437710302e-20, nan 
100.875, 62.125, 3.452571369372546e-20, nan 
101.125, 62.125, 3.9572807016763365e-20, nan 
101.375, 62.125, 1.490103381510961e-20, nan 
101.625, 62.125, 2.343464125909447e-20, nan 
101.875, 62.125, 3.805522993432429e-20, nan 
102.125, 62.125, 2.937189833920541e-20, nan 
102.375, 62.125, 2.2345935808333504e-20, nan 
102.625, 62.125, 4.036272824176301e-20, nan 
102.875, 62.125, 3.8921139396329705e-20, nan 
103.125, 62.125, 2.872036621985528e-20, nan 
103.375, 62.125, 7.611911538100679e-20, nan 
103.625, 62.125, 2.8139583286219676e-20, nan 
103.875, 62.125, 2.9065489268067024e-20, nan 
104.125, 62.125, 2.4456560243163712e-20, nan 
104.375, 62.125, 2.1117045882550007e-20, nan 
104.625, 62.125, 1.1486972581988205e-20, nan 
104.875, 62.125, 9.82699418880773e-21, nan 
105.125, 62.125, 7.23156159365178e-21, nan 
105.375, 62.125, 6.790803046568195e-21, nan 
105.625, 62.125, 4.0421407002622124e-21, nan 
105.875, 62.125, 6.668530503076756e-21, nan 
106.125, 62.125, 9.431050492483155e-21, nan 
106.375, 62.125, 5.515146448740833e-21, nan 
106.625, 62.125, 5.272802422285932e-21, nan 
106.875, 62.125, 4.914273937781556e-21, nan 
107.125, 62.125, 6.073751353833892e-21, nan 
107.375, 62.125, 6.074863761478656e-21, nan 
107.625, 62.125, 5.2222190503886366e-21, nan 
107.875, 62.125, 6.521868693840523e-21, nan 
108.125, 62.125, 8.197468122072127e-21, nan 
108.375, 62.125, 5.510473447808005e-21, nan 
108.625, 62.125, 5.055694099417512e-21, nan 
108.875, 62.125, 6.806379935660368e-21, nan 
109.125, 62.125, 7.522527339474373e-21, nan 
109.375, 62.125, 5.52129393179697e-21, nan 
109.625, 62.125, 7.336074863562977e-21, nan 
109.875, 62.125, 5.0717551211160414e-21, nan 
110.125, 62.125, 2.548539948086607e-21, nan 
110.375, 62.125, 2.7031056330665763e-21, nan 
110.625, 62.125, 3.2980576197906795e-21, nan 
110.875, 62.125, 1.9619476870857983e-21, nan 
111.125, 62.125, 2.5365234451839915e-21, nan 
111.375, 62.125, 1.6749583063671211e-21, nan 
111.625, 62.125, 1.2690229212774213e-21, nan 
111.875, 62.125, 1.3655573148696674e-21, nan 
112.125, 62.125, 5.213685451139802e-22, nan 
112.375, 62.125, 1.1195138407245836e-21, nan 
112.625, 62.125, 1.0251931647026112e-21, nan 
112.875, 62.125, 4.322086095382422e-22, nan 
113.125, 62.125, 5.300976037634465e-22, nan 
113.375, 62.125, 6.94297612657295e-22, nan 
113.625, 62.125, 8.762667861649288e-22, nan 
113.875, 62.125, 4.4841799080479905e-22, nan 
114.125, 62.125, 8.55134853166944e-22, nan 
114.375, 62.125, 6.878878285116783e-22, nan 
114.625, 62.125, 7.727010910280166e-22, nan 
114.875, 62.125, 5.613039357530932e-22, nan 
115.125, 62.125, 5.982213540597144e-22, nan 
115.375, 62.125, 1.246314233311853e-21, nan 
115.625, 62.125, 8.155572206756684e-22, nan 
115.875, 62.125, 6.295111250231218e-22, nan 
116.125, 62.125, 2.846238620738427e-22, nan 
116.375, 62.125, 2.9895303608264944e-22, nan 
116.625, 62.125, 2.217143414721631e-22, nan 
116.875, 62.125, 3.848497089663552e-22, nan 
117.125, 62.125, 3.0421720351426414e-22, nan 
117.375, 62.125, 2.0035270276493242e-22, nan 
117.625, 62.125, 2.9318236808671145e-22, nan 
117.875, 62.125, 2.87882020353579e-22, nan 
118.125, 62.125, 1.7010723805016117e-22, nan 
118.375, 62.125, 3.327458356522182e-22, nan 
118.625, 62.125, 2.7589241482861715e-22, nan 
118.875, 62.125, 2.189200835290036e-22, nan 
119.125, 62.125, 2.260457436610479e-22, nan 
119.375, 62.125, 2.0357067243680738e-22, nan 
119.625, 62.125, 1.2005333689178442e-22, nan 
119.875, 62.125, 2.095809962261937e-22, nan 
120.125, 62.125, 1.5439658916884614e-22, nan 
120.375, 62.125, 9.381780516587026e-23, nan 
120.625, 62.125, 1.1038533693106919e-22, nan 
120.875, 62.125, 1.9405270614372606e-22, nan 
121.125, 62.125, 1.6360567595955474e-22, nan 
121.375, 62.125, 2.5222444897862285e-22, nan 
121.625, 62.125, 1.6147775462484376e-22, nan 
121.875, 62.125, 1.2239973769486306e-22, nan 
122.125, 62.125, 1.87920546180817e-22, nan 
122.375, 62.125, 1.9674751474773805e-22, nan 
122.625, 62.125, 1.3463997767874674e-22, nan 
122.875, 62.125, 8.582667885667638e-23, nan 
123.125, 62.125, 1.722522537195516e-22, nan 
123.375, 62.125, 1.912235076028671e-22, nan 
123.625, 62.125, 1.16057376616986e-22, nan 
123.875, 62.125, 1.3709617367979257e-22, nan 
124.125, 62.125, 1.4858456075914348e-22, nan 
124.375, 62.125, 9.948713534434795e-23, nan 
124.625, 62.125, 1.1018055332923285e-22, nan 
124.875, 62.125, 8.467531346797364e-23, nan 
125.125, 62.125, 9.751542280306452e-23, nan 
125.375, 62.125, 7.602008363632983e-23, nan 
125.625, 62.125, 7.9989503506892e-23, nan 
125.875, 62.125, 1.145966919933465e-22, nan 
126.125, 62.125, 1.3938536728485737e-22, nan 
126.375, 62.125, 1.0624384507011372e-22, nan 
126.625, 62.125, 1.669058597005625e-22, nan 
126.875, 62.125, 9.344957911286583e-23, nan 
127.125, 62.125, 1.9828705176468753e-23, nan 
127.375, 62.125, 5.039616283591479e-23, nan 
127.625, 62.125, 6.068766240206913e-23, nan 
127.875, 62.125, 1.949304123007541e-23, nan 
128.125, 62.125, 1.3134968956163873e-23, nan 
128.375, 62.125, 1.138626638575614e-23, nan 
128.625, 62.125, 2.699360767262986e-23, nan 
128.875, 62.125, 2.9980968852418055e-23, nan 
129.125, 62.125, 2.6361515930448938e-23, nan 
129.375, 62.125, 2.3816131729548828e-23, nan 
129.625, 62.125, 5.161085474199506e-23, nan 
129.875, 62.125, 4.654148656946422e-23, nan 
130.125, 62.125, 6.17825398095446e-23, nan 
130.375, 62.125, 7.168849362251425e-23, nan 
130.625, 62.125, 4.578983919063969e-23, nan 
130.875, 62.125, 4.2255368036458276e-23, nan 
131.125, 62.125, 2.4282722600186114e-23, nan 
131.375, 62.125, 1.897262761294729e-23, nan 
131.625, 62.125, 2.7842446126716265e-23, nan 
131.875, 62.125, 1.0419372366372948e-23, nan 
132.125, 62.125, 2.0160495449592502e-23, nan 
132.375, 62.125, 2.704523512492518e-23, nan 
132.625, 62.125, 3.5452488300853627e-23, nan 
132.875, 62.125, 3.1531443797733176e-23, nan 
133.125, 62.125, 4.143132812448888e-23, nan 
133.375, 62.125, 2.815972167519584e-23, nan 
133.625, 62.125, 2.399773347522221e-23, nan 
133.875, 62.125, 2.971087614413269e-23, nan 
134.125, 62.125, 2.116041099835726e-23, nan 
134.375, 62.125, 1.2989720504934068e-23, nan 
134.625, 62.125, 6.469734761028689e-24, nan 
134.875, 62.125, 4.161353900377055e-24, nan 
135.125, 62.125, 1.7763776311628497e-23, nan 
135.375, 62.125, 1.0708739578974204e-23, nan 
135.625, 62.125, 8.359416936363787e-24, nan 
135.875, 62.125, 7.066346327840182e-24, nan 
136.125, 62.125, 4.824256586755917e-24, nan 
136.375, 62.125, 6.4331778903425304e-24, nan 
136.625, 62.125, 6.374245387872262e-24, nan 
136.875, 62.125, 5.81503850076834e-24, nan 
137.125, 62.125, 2.559334991582504e-24, nan 
137.375, 62.125, 6.721870241507743e-24, nan 
137.625, 62.125, 1.4238693669123578e-23, nan 
137.875, 62.125, 1.0833423511670116e-23, nan 
138.125, 62.125, 4.643330587168745e-24, nan 
138.375, 62.125, 1.6700360977968553e-23, nan 
138.625, 62.125, 1.2833075118999371e-23, nan 
138.875, 62.125, 6.92564103326691e-24, nan 
139.125, 62.125, 8.21877594202653e-24, nan 
139.375, 62.125, 7.580626036389836e-24, nan 
139.625, 62.125, 3.356582289576494e-24, nan 
139.875, 62.125, 2.4036479487754793e-24, nan 
140.125, 62.125, 3.2805485558238427e-24, nan 
140.375, 62.125, 5.878349979254511e-24, nan 
140.625, 62.125, 1.2701681816415321e-23, nan 
140.875, 62.125, 1.5156101568124868e-23, nan 
141.125, 62.125, 1.7876189445426304e-23, nan 
141.375, 62.125, 1.7803852081041875e-23, nan 
141.625, 62.125, 1.3928560879467623e-23, nan 
141.875, 62.125, 1.5700629583550704e-23, nan 
142.125, 62.125, 1.2836737354095862e-23, nan 
142.375, 62.125, 1.8301592576177754e-23, nan 
142.625, 62.125, 1.932652704779825e-23, nan 
142.875, 62.125, 1.3431855457823018e-23, nan 
143.125, 62.125, 1.585450702694983e-23, nan 
143.375, 62.125, 1.6271256451024074e-23, nan 
143.625, 62.125, 8.939615528305974e-24, nan 
143.875, 62.125, 6.650970805045286e-24, nan 
144.125, 62.125, 3.321392774992616e-24, nan 
144.375, 62.125, 6.607712745225657e-24, nan 
144.625, 62.125, 5.7786883968713636e-24, nan 
144.875, 62.125, 1.437376684286608e-24, nan 
145.125, 62.125, 1.3574951016586447e-23, nan 
145.375, 62.125, 1.0280529316307036e-23, nan 
145.625, 62.125, 2.3566253205666587e-24, nan 
145.875, 62.125, 3.770635865458652e-24, nan 
146.125, 62.125, 2.4944042333502795e-24, nan 
146.375, 62.125, 3.5657951357559206e-24, nan 
146.625, 62.125, 6.285049995030521e-24, nan 
146.875, 62.125, 5.7791346194758955e-24, nan 
147.125, 62.125, 4.034921802308464e-24, nan 
147.375, 62.125, 8.92690969673782e-24, nan 
147.625, 62.125, 9.103734038612084e-24, nan 
147.875, 62.125, 6.818326222214886e-24, nan 
148.125, 62.125, 5.9823753742367424e-24, nan 
148.375, 62.125, 8.043416237747613e-24, nan 
148.625, 62.125, 9.066992682131795e-24, nan 
148.875, 62.125, 8.530847618598785e-24, nan 
149.125, 62.125, 1.3473124422654307e-23, nan 
149.375, 62.125, 2.089076915757897e-23, nan 
149.625, 62.125, 1.6581716505627293e-23, nan 
149.875, 62.125, 1.5190554508016775e-23, nan 
150.125, 62.125, 2.105908164802803e-23, nan 
150.375, 62.125, 1.4259026233390296e-23, nan 
150.625, 62.125, 8.098605855993873e-24, nan 
150.875, 62.125, 5.750944566381551e-24, nan 
151.125, 62.125, 4.513678390538091e-24, nan 
151.375, 62.125, 2.9554422142695244e-24, nan 
151.625, 62.125, 3.1613416209124896e-24, nan 
151.875, 62.125, 1.6422663426831623e-24, nan 
152.125, 62.125, 2.0706558108665508e-24, nan 
152.375, 62.125, 1.703035790360215e-24, nan 
152.625, 62.125, 1.0697654480099879e-24, nan 
152.875, 62.125, 2.71288048859787e-24, nan 
153.125, 62.125, 1.85058495922433e-24, nan 
153.375, 62.125, 1.6509652837591162e-24, nan 
153.625, 62.125, 1.619054520739947e-24, nan 
153.875, 62.125, 9.25585529571908e-25, nan 
154.125, 62.125, 2.7610187049072734e-24, nan 
154.375, 62.125, 2.2391910753510287e-24, nan 
154.625, 62.125, 2.079109085070678e-24, nan 
154.875, 62.125, 2.8575231903057823e-24, nan 
155.125, 62.125, 3.4258358299468e-24, nan 
155.375, 62.125, 4.18136903885446e-24, nan 
155.625, 62.125, 1.4879443921206399e-24, nan 
155.875, 62.125, 2.701752709600516e-24, nan 
156.125, 62.125, 3.2401752463570015e-24, nan 
156.375, 62.125, 1.9855731150301323e-24, nan 
156.625, 62.125, 1.242972928175325e-24, nan 
156.875, 62.125, 8.047892166667195e-25, nan 
157.125, 62.125, 2.020573127775021e-24, nan 
157.375, 62.125, 1.8159515716498066e-24, nan 
157.625, 62.125, 2.2623816748421e-24, nan 
157.875, 62.125, 2.220106169377116e-24, nan 
158.125, 62.125, 3.549424699078616e-24, nan 
158.375, 62.125, 4.223022593041801e-24, nan 
158.625, 62.125, 3.7382277681554685e-24, nan 
158.875, 62.125, 3.210792077874977e-24, nan 
159.125, 62.125, 3.6811612113681364e-24, nan 
159.375, 62.125, 3.325789518632253e-24, nan 
159.625, 62.125, 1.2650522373345415e-24, nan 
159.875, 62.125, 1.6455054327186648e-24, nan 
160.125, 62.125, 1.7349130723071217e-24, nan 
160.375, 62.125, 1.4974124995201125e-24, nan 
160.625, 62.125, 2.1971004173343403e-24, nan 
160.875, 62.125, 2.7790323653360158e-24, nan 
161.125, 62.125, 1.4469231877054883e-24, nan 
161.375, 62.125, 2.5496208874618052e-24, nan 
161.625, 62.125, 2.2523516044064065e-24, nan 
161.875, 62.125, 1.072935846627775e-24, nan 
162.125, 62.125, 1.2879194664703252e-24, nan 
162.375, 62.125, 8.05713888665184e-25, nan 
162.625, 62.125, 7.343254473979256e-25, nan 
162.875, 62.125, 1.5326387558752951e-24, nan 
163.125, 62.125, 2.52207964486535e-24, nan 
163.375, 62.125, 9.781255885833124e-25, nan 
163.625, 62.125, 1.2931147254565806e-24, nan 
38.875, 62.375, 1.423713965124042e-24, nan 
39.125, 62.375, 9.062380267174976e-25, nan 
39.375, 62.375, 1.0190784901101534e-24, nan 
39.625, 62.375, 1.8173253864391823e-24, nan 
39.875, 62.375, 1.2610885844808241e-24, nan 
40.125, 62.375, 1.103854195699725e-24, nan 
40.375, 62.375, 1.9061755470225428e-24, nan 
40.625, 62.375, 1.2612468389281524e-24, nan 
40.875, 62.375, 1.8310263327171446e-24, nan 
41.125, 62.375, 3.401855326511571e-24, nan 
41.375, 62.375, 2.3241910388138948e-24, nan 
41.625, 62.375, 2.0192054368980434e-24, nan 
41.875, 62.375, 1.7215996096779834e-24, nan 
42.125, 62.375, 9.029911817723994e-25, nan 
42.375, 62.375, 3.7645426930236502e-25, nan 
42.625, 62.375, 1.000058976924782e-24, nan 
42.875, 62.375, 9.439604735162147e-25, nan 
43.125, 62.375, 1.5556452289167255e-24, nan 
43.375, 62.375, 1.3205678326109976e-24, nan 
43.625, 62.375, 1.530120309844221e-24, nan 
43.875, 62.375, 3.495475803680196e-24, nan 
44.125, 62.375, 3.0858656881049718e-24, nan 
44.375, 62.375, 1.2831888087852535e-24, nan 
44.625, 62.375, 2.038195894218742e-24, nan 
44.875, 62.375, 2.2768490951754817e-24, nan 
45.125, 62.375, 1.902154232359152e-24, nan 
45.375, 62.375, 1.8107327743675102e-24, nan 
45.625, 62.375, 2.1963714951848835e-24, nan 
45.875, 62.375, 1.8745330706113835e-24, nan 
46.125, 62.375, 1.732490394879685e-24, nan 
46.375, 62.375, 1.2564709237497432e-24, nan 
46.625, 62.375, 1.9692671642296034e-24, nan 
46.875, 62.375, 1.3504780919586896e-24, nan 
47.125, 62.375, 1.741380601989487e-24, nan 
47.375, 62.375, 1.1743157570109206e-24, nan 
47.625, 62.375, 1.1184508767299178e-24, nan 
47.875, 62.375, 1.4949939311020056e-24, nan 
48.125, 62.375, 6.7492807510488435e-25, nan 
48.375, 62.375, 1.1281682473582637e-24, nan 
48.625, 62.375, 2.371635460998002e-24, nan 
48.875, 62.375, 2.8662844966918988e-24, nan 
49.125, 62.375, 7.440410283290733e-24, nan 
49.375, 62.375, 7.529704641543832e-24, nan 
49.625, 62.375, 9.555001681014424e-24, nan 
49.875, 62.375, 8.147689569488976e-24, nan 
50.125, 62.375, 6.590750253277807e-24, nan 
50.375, 62.375, 1.678976041586793e-24, nan 
50.625, 62.375, 1.6635366423490712e-24, nan 
50.875, 62.375, 9.14743067460913e-25, nan 
51.125, 62.375, 1.5317168405153659e-24, nan 
51.375, 62.375, 1.6268476839939036e-24, nan 
51.625, 62.375, 2.8962588039681297e-24, nan 
51.875, 62.375, 1.2694429924114553e-24, nan 
52.125, 62.375, 2.5619324178724898e-24, nan 
52.375, 62.375, 3.62902044650011e-24, nan 
52.625, 62.375, 1.9882916738831912e-24, nan 
52.875, 62.375, 3.0100128937030066e-24, nan 
53.125, 62.375, 4.0723384092935774e-24, nan 
53.375, 62.375, 4.9788538772165554e-24, nan 
53.625, 62.375, 3.2399889233361753e-24, nan 
53.875, 62.375, 3.835225600248121e-24, nan 
54.125, 62.375, 4.4980501736193225e-24, nan 
54.375, 62.375, 3.551365695097519e-24, nan 
54.625, 62.375, 1.3297594037985873e-24, nan 
54.875, 62.375, 4.647315635802941e-24, nan 
55.125, 62.375, 6.758202212371224e-24, nan 
55.375, 62.375, 4.177004852741165e-24, nan 
55.625, 62.375, 3.398065758771966e-24, nan 
55.875, 62.375, 4.539997172596818e-24, nan 
56.125, 62.375, 3.942033335435758e-24, nan 
56.375, 62.375, 3.529641125237959e-24, nan 
56.625, 62.375, 3.6393150854251584e-24, nan 
56.875, 62.375, 3.77982320979716e-24, nan 
57.125, 62.375, 3.6754524031359585e-24, nan 
57.375, 62.375, 4.333818593941159e-24, nan 
57.625, 62.375, 7.190533344909998e-24, nan 
57.875, 62.375, 5.95730339669607e-24, nan 
58.125, 62.375, 8.823413576922117e-24, nan 
58.375, 62.375, 1.2779718899623313e-23, nan 
58.625, 62.375, 9.522893928093246e-24, nan 
58.875, 62.375, 4.748112610276874e-24, nan 
59.125, 62.375, 5.8957489083818975e-24, nan 
59.375, 62.375, 2.0180369509984122e-23, nan 
59.625, 62.375, 7.15542791552324e-24, nan 
59.875, 62.375, 6.276602454815215e-24, nan 
60.125, 62.375, 1.2020620273493955e-23, nan 
60.375, 62.375, 5.5954975477018e-24, nan 
60.625, 62.375, 8.942181990895719e-24, nan 
60.875, 62.375, 9.55029137712331e-24, nan 
61.125, 62.375, 1.1988728308598965e-23, nan 
61.375, 62.375, 1.1194779300359605e-23, nan 
61.625, 62.375, 1.6599219054901816e-23, nan 
61.875, 62.375, 4.2354493451047957e-23, nan 
62.125, 62.375, 1.0793932115763841e-23, nan 
62.375, 62.375, 4.088981479251436e-24, nan 
62.625, 62.375, 5.314121159588878e-24, nan 
62.875, 62.375, 8.097904233765503e-24, nan 
63.125, 62.375, 7.908944308283764e-24, nan 
63.375, 62.375, 1.3938375061255688e-23, nan 
63.625, 62.375, 1.0396288407810135e-23, nan 
63.875, 62.375, 7.7616021917197e-24, nan 
64.125, 62.375, 8.553808192684081e-24, nan 
64.375, 62.375, 1.063466143795156e-23, nan 
64.625, 62.375, 9.617311563700194e-24, nan 
64.875, 62.375, 1.0326312495416824e-23, nan 
65.125, 62.375, 1.392005404625064e-23, nan 
65.375, 62.375, 1.929080949689656e-23, nan 
65.625, 62.375, 1.1952107749700854e-23, nan 
65.875, 62.375, 1.4414659250276092e-23, nan 
66.125, 62.375, 2.8204792736947784e-23, nan 
66.375, 62.375, 1.488659050779638e-23, nan 
66.625, 62.375, 1.1822066310342895e-23, nan 
66.875, 62.375, 1.9694366166107875e-23, nan 
67.125, 62.375, 1.959058931752531e-23, nan 
67.375, 62.375, 1.9427461961233933e-23, nan 
67.625, 62.375, 2.0355131826528828e-23, nan 
67.875, 62.375, 6.926890241953836e-24, nan 
68.125, 62.375, 1.9242453504448862e-23, nan 
68.375, 62.375, 3.19634803459161e-23, nan 
68.625, 62.375, 1.6833291075779048e-23, nan 
68.875, 62.375, 2.0144180828609805e-23, nan 
69.125, 62.375, 1.712975064043026e-23, nan 
69.375, 62.375, 2.092051487157355e-23, nan 
69.625, 62.375, 2.0645314362448972e-23, nan 
69.875, 62.375, 1.8179412412960168e-23, nan 
70.125, 62.375, 3.290062398332352e-23, nan 
70.375, 62.375, 3.11698277867505e-23, nan 
70.625, 62.375, 2.6275832243009852e-23, nan 
70.875, 62.375, 1.9627693604935135e-23, nan 
71.125, 62.375, 1.5289423793600843e-23, nan 
71.375, 62.375, 1.6829983445490643e-23, nan 
71.625, 62.375, 9.958232154906838e-24, nan 
71.875, 62.375, 1.4569212598761714e-23, nan 
72.125, 62.375, 3.51360825602316e-23, nan 
72.375, 62.375, 3.446062861390184e-23, nan 
72.625, 62.375, 2.080765983655124e-23, nan 
72.875, 62.375, 7.615989362744951e-23, nan 
73.125, 62.375, 6.360604135330133e-23, nan 
73.375, 62.375, 3.439067874377649e-23, nan 
73.625, 62.375, 3.191826163204992e-23, nan 
73.875, 62.375, 3.846100743556884e-23, nan 
74.125, 62.375, 4.846623700683939e-23, nan 
74.375, 62.375, 7.539464132314784e-23, nan 
74.625, 62.375, 3.9662083701911705e-23, nan 
74.875, 62.375, 3.813803419529979e-23, nan 
75.125, 62.375, 7.274879434319326e-23, nan 
75.375, 62.375, 5.38182645465404e-23, nan 
75.625, 62.375, 4.198722080092325e-23, nan 
75.875, 62.375, 5.1301231382718506e-23, nan 
76.125, 62.375, 1.9743811305084545e-23, nan 
76.375, 62.375, 2.654659983222732e-23, nan 
76.625, 62.375, 3.876497510087979e-23, nan 
76.875, 62.375, 4.089136304139788e-23, nan 
77.125, 62.375, 3.9954804258294907e-23, nan 
77.375, 62.375, 3.2519349953097687e-23, nan 
77.625, 62.375, 8.488299218532246e-23, nan 
77.875, 62.375, 4.978721698459851e-23, nan 
78.125, 62.375, 6.786691162490633e-23, nan 
78.375, 62.375, 7.867381893078274e-23, nan 
78.625, 62.375, 7.465757041319863e-23, nan 
78.875, 62.375, 7.577231270687827e-23, nan 
79.125, 62.375, 5.18150155788102e-23, nan 
79.375, 62.375, 7.194904334803756e-23, nan 
79.625, 62.375, 7.729187805421526e-23, nan 
79.875, 62.375, 6.027224317254369e-23, nan 
80.125, 62.375, 9.858937374109274e-23, nan 
80.375, 62.375, 8.541542539311255e-23, nan 
80.625, 62.375, 1.2534762972748382e-22, nan 
80.875, 62.375, 3.159748946210951e-22, nan 
81.125, 62.375, 2.3216282703345953e-22, nan 
81.375, 62.375, 1.9079708208312784e-22, nan 
81.625, 62.375, 4.181528701465123e-22, nan 
81.875, 62.375, 5.826121449256842e-22, nan 
82.125, 62.375, 2.7256622255767567e-22, nan 
82.375, 62.375, 3.2251122946982033e-22, nan 
82.625, 62.375, 3.4026319411393154e-22, nan 
82.875, 62.375, 2.4086044069606735e-22, nan 
83.125, 62.375, 1.71498350684018e-22, nan 
83.375, 62.375, 1.5375013542916126e-22, nan 
83.625, 62.375, 2.168105846297677e-22, nan 
83.875, 62.375, 1.1404538344085908e-22, nan 
84.125, 62.375, 1.6888250390302975e-22, nan 
84.375, 62.375, 2.1236750754500496e-22, nan 
84.625, 62.375, 2.433080423541377e-22, nan 
84.875, 62.375, 2.7278246264167295e-22, nan 
85.125, 62.375, 2.0871195683890216e-22, nan 
85.375, 62.375, 3.4516991767171785e-22, nan 
85.625, 62.375, 3.6976522583455893e-22, nan 
85.875, 62.375, 3.613054357974725e-22, nan 
86.125, 62.375, 2.357421852798096e-22, nan 
86.375, 62.375, 6.145340433121865e-22, nan 
86.625, 62.375, 7.00737526711953e-22, nan 
86.875, 62.375, 7.187647883998551e-22, nan 
87.125, 62.375, 9.516489395262599e-22, nan 
87.375, 62.375, 1.1697946026663685e-21, nan 
87.625, 62.375, 7.066582371809839e-22, nan 
87.875, 62.375, 1.6555646912250686e-21, nan 
88.125, 62.375, 1.8479416364110412e-21, nan 
88.375, 62.375, 1.8775419286065522e-21, nan 
88.625, 62.375, 1.5758246272315651e-21, nan 
88.875, 62.375, 1.279078169007451e-21, nan 
89.125, 62.375, 1.7958851592665856e-21, nan 
89.375, 62.375, 1.3980813908582105e-21, nan 
89.625, 62.375, 1.6455670203012393e-21, nan 
89.875, 62.375, 1.4178958161654665e-21, nan 
90.125, 62.375, 1.48410009130685e-21, nan 
90.375, 62.375, 1.9843043527452648e-21, nan 
90.625, 62.375, 1.2578927890017041e-21, nan 
90.875, 62.375, 1.6638117538981202e-21, nan 
91.125, 62.375, 1.2447663826077981e-21, nan 
91.375, 62.375, 9.892300993278088e-22, nan 
91.625, 62.375, 1.1202119787101686e-21, nan 
91.875, 62.375, 1.6690578632232373e-21, nan 
92.125, 62.375, 3.015911066183526e-21, nan 
92.375, 62.375, 1.5721984460696853e-21, nan 
92.625, 62.375, 1.4164918443030175e-21, nan 
92.875, 62.375, 2.7770267104334566e-21, nan 
93.125, 62.375, 1.465026958387852e-21, nan 
93.375, 62.375, 9.060850078091526e-22, nan 
93.625, 62.375, 2.260148045263517e-21, nan 
93.875, 62.375, 3.584162171914332e-21, nan 
94.125, 62.375, 6.857393653802343e-21, nan 
94.375, 62.375, 4.636103371437293e-21, nan 
94.625, 62.375, 3.756745445375056e-21, nan 
94.875, 62.375, 1.477171519948316e-20, nan 
95.125, 62.375, 1.3544929218900264e-20, nan 
95.375, 62.375, 1.3467062623780805e-20, nan 
95.625, 62.375, 1.4105793504407188e-20, nan 
95.875, 62.375, 1.369602771265613e-20, nan 
96.125, 62.375, 1.3445344477794026e-20, nan 
96.375, 62.375, 9.647958803125739e-21, nan 
96.625, 62.375, 5.029370394935163e-21, nan 
96.875, 62.375, 7.898130394675093e-21, nan 
97.125, 62.375, 1.3474875255749804e-20, nan 
97.375, 62.375, 5.184344120237918e-21, nan 
97.625, 62.375, 6.0096422044873005e-21, nan 
97.875, 62.375, 1.2819465229409761e-20, nan 
98.125, 62.375, 9.86906763853551e-21, nan 
98.375, 62.375, 1.1697293361616893e-20, nan 
98.625, 62.375, 3.1348193680357664e-20, nan 
98.875, 62.375, 3.0797956626211565e-20, nan 
99.125, 62.375, 2.5534552766882247e-20, nan 
99.375, 62.375, 6.436907523363266e-20, nan 
99.625, 62.375, 6.367796820852471e-20, nan 
99.875, 62.375, 3.8885462748655e-20, nan 
100.125, 62.375, 4.607012992118045e-20, nan 
100.375, 62.375, 5.565273720399842e-20, nan 
100.625, 62.375, 3.9333025027361724e-20, nan 
100.875, 62.375, 4.313250222690655e-20, nan 
101.125, 62.375, 3.530971212221008e-20, nan 
101.375, 62.375, 9.307100683363941e-21, nan 
101.625, 62.375, 1.6838635429888062e-20, nan 
101.875, 62.375, 4.7713216038342246e-20, nan 
102.125, 62.375, 5.454060849106069e-20, nan 
102.375, 62.375, 3.3569219563577996e-20, nan 
102.625, 62.375, 9.764696022422701e-20, nan 
102.875, 62.375, 7.135543205398747e-20, nan 
103.125, 62.375, 4.358891384204047e-20, nan 
103.375, 62.375, 1.6589521091473578e-19, nan 
103.625, 62.375, 4.002033282311318e-20, nan 
103.875, 62.375, 4.16287738025324e-20, nan 
104.125, 62.375, 4.7338847418853976e-20, nan 
104.375, 62.375, 2.9649687948699926e-20, nan 
104.625, 62.375, 2.4338425659165016e-20, nan 
104.875, 62.375, 1.6573666574880444e-20, nan 
105.125, 62.375, 1.5435977318093964e-20, nan 
105.375, 62.375, 8.106607361236473e-21, nan 
105.625, 62.375, 7.83174916825526e-21, nan 
105.875, 62.375, 7.332816728669188e-21, nan 
106.125, 62.375, 9.851923740388488e-21, nan 
106.375, 62.375, 5.235548311087053e-21, nan 
106.625, 62.375, 5.909478485729403e-21, nan 
106.875, 62.375, 5.490133350007974e-21, nan 
107.125, 62.375, 5.437898233856602e-21, nan 
107.375, 62.375, 6.848385878633976e-21, nan 
107.625, 62.375, 8.458974274057489e-21, nan 
107.875, 62.375, 3.938387124096719e-21, nan 
108.125, 62.375, 2.4700805719637943e-21, nan 
108.375, 62.375, 6.917377990347775e-21, nan 
108.625, 62.375, 6.1870996835416826e-21, nan 
108.875, 62.375, 8.397466352896491e-21, nan 
109.125, 62.375, 9.059245130473949e-21, nan 
109.375, 62.375, 6.4755828725769835e-21, nan 
109.625, 62.375, 5.168146987574005e-21, nan 
109.875, 62.375, 3.072061428435629e-21, nan 
110.125, 62.375, 4.259527356843498e-21, nan 
110.375, 62.375, 3.510232314186358e-21, nan 
110.625, 62.375, 4.555426806965698e-21, nan 
110.875, 62.375, 3.380535195431132e-21, nan 
111.125, 62.375, 2.7343402973508934e-21, nan 
111.375, 62.375, 3.802688608355376e-21, nan 
111.625, 62.375, 2.384199269555201e-21, nan 
111.875, 62.375, 1.4081143903109977e-21, nan 
112.125, 62.375, 3.754318927509725e-22, nan 
112.375, 62.375, 8.376830619900688e-22, nan 
112.625, 62.375, 1.4703993163160433e-21, nan 
112.875, 62.375, 7.937523720259625e-22, nan 
113.125, 62.375, 1.65829872388368e-21, nan 
113.375, 62.375, 1.4780977150271332e-21, nan 
113.625, 62.375, 3.6777047233133897e-22, nan 
113.875, 62.375, 5.373343866630709e-22, nan 
114.125, 62.375, 7.3900995871917385e-22, nan 
114.375, 62.375, 3.0509710074420063e-22, nan 
114.625, 62.375, 3.117223702123184e-22, nan 
114.875, 62.375, 4.2076838918002623e-22, nan 
115.125, 62.375, 3.76914130127018e-22, nan 
115.375, 62.375, 1.1214946541295982e-21, nan 
115.625, 62.375, 8.749982841140404e-22, nan 
115.875, 62.375, 2.6137197222287663e-22, nan 
116.125, 62.375, 3.8367341065708325e-22, nan 
116.375, 62.375, 3.2590556444856074e-22, nan 
116.625, 62.375, 3.374645245198961e-22, nan 
116.875, 62.375, 6.072893500759224e-22, nan 
117.125, 62.375, 4.236648570816699e-22, nan 
117.375, 62.375, 2.6014776736412826e-22, nan 
117.625, 62.375, 2.856188369522067e-22, nan 
117.875, 62.375, 3.84948546062378e-22, nan 
118.125, 62.375, 2.904932449015053e-22, nan 
118.375, 62.375, 5.124165026233327e-22, nan 
118.625, 62.375, 4.1675542069651198e-22, nan 
118.875, 62.375, 1.549043011543894e-22, nan 
119.125, 62.375, 3.632788012728155e-22, nan 
119.375, 62.375, 3.4790413363220155e-22, nan 
119.625, 62.375, 1.120477465907883e-22, nan 
119.875, 62.375, 2.3730887366406487e-22, nan 
120.125, 62.375, 2.2179238129072983e-22, nan 
120.375, 62.375, 1.3939075287272986e-22, nan 
120.625, 62.375, 1.6798371329917179e-22, nan 
120.875, 62.375, 2.0308133454821803e-22, nan 
121.125, 62.375, 1.476515407775011e-22, nan 
121.375, 62.375, 1.8440616462481467e-22, nan 
121.625, 62.375, 1.7218201339081984e-22, nan 
121.875, 62.375, 1.1236987376315491e-22, nan 
122.125, 62.375, 8.289402139844243e-23, nan 
122.375, 62.375, 1.6631845364039439e-22, nan 
122.625, 62.375, 1.6510728110347093e-22, nan 
122.875, 62.375, 9.228992534773995e-23, nan 
123.125, 62.375, 2.5451751242299137e-22, nan 
123.375, 62.375, 1.313003913448578e-22, nan 
123.625, 62.375, 1.194575724412007e-22, nan 
123.875, 62.375, 1.734485855416212e-22, nan 
124.125, 62.375, 1.0470199706786911e-22, nan 
124.375, 62.375, 1.5951020215465571e-22, nan 
124.625, 62.375, 1.0872272717192078e-22, nan 
124.875, 62.375, 8.223728427609851e-23, nan 
125.125, 62.375, 8.259602743152951e-23, nan 
125.375, 62.375, 8.553421891078579e-23, nan 
125.625, 62.375, 1.4155120501714505e-22, nan 
125.875, 62.375, 1.5118747437003364e-22, nan 
126.125, 62.375, 1.0113005570185447e-22, nan 
126.375, 62.375, 8.716278592542628e-23, nan 
126.625, 62.375, 8.920159920538031e-23, nan 
126.875, 62.375, 3.431992393047252e-23, nan 
127.125, 62.375, 1.9188753101583716e-23, nan 
127.375, 62.375, 1.390615041114886e-23, nan 
127.625, 62.375, 2.3167847137622604e-23, nan 
127.875, 62.375, 1.7451744407736495e-23, nan 
128.125, 62.375, 1.9931779754548428e-23, nan 
128.375, 62.375, 2.965975679101327e-23, nan 
128.625, 62.375, 3.3156281815829066e-23, nan 
128.875, 62.375, 3.5423603934589037e-23, nan 
129.125, 62.375, 2.977555354760884e-23, nan 
129.375, 62.375, 4.7557164823948514e-23, nan 
129.625, 62.375, 1.0242864949226715e-22, nan 
129.875, 62.375, 7.7903361980685e-23, nan 
130.125, 62.375, 5.716623970880127e-23, nan 
130.375, 62.375, 5.888046346048311e-23, nan 
130.625, 62.375, 3.5168903056366983e-23, nan 
130.875, 62.375, 2.0415857343919845e-23, nan 
131.125, 62.375, 2.3429430333296588e-23, nan 
131.375, 62.375, 1.2646429273096722e-23, nan 
131.625, 62.375, 1.8204861169429662e-23, nan 
131.875, 62.375, 2.700823255797173e-23, nan 
132.125, 62.375, 2.9561006995099745e-23, nan 
132.375, 62.375, 3.227987582737297e-23, nan 
132.625, 62.375, 4.110399097539056e-23, nan 
132.875, 62.375, 4.9979255833064523e-23, nan 
133.125, 62.375, 2.755534191328733e-23, nan 
133.375, 62.375, 2.4425819944144155e-23, nan 
133.625, 62.375, 3.175510211425927e-23, nan 
133.875, 62.375, 1.989403192392536e-23, nan 
134.125, 62.375, 1.3319450977322796e-23, nan 
134.375, 62.375, 1.5489170403152329e-23, nan 
134.625, 62.375, 1.2507253913841726e-23, nan 
134.875, 62.375, 2.824344624824902e-23, nan 
135.125, 62.375, 2.4216684104512977e-23, nan 
135.375, 62.375, 1.7470355881597947e-23, nan 
135.625, 62.375, 1.3643210565333813e-23, nan 
135.875, 62.375, 1.1200128746637693e-23, nan 
136.125, 62.375, 8.558621227055811e-24, nan 
136.375, 62.375, 5.012712659439574e-24, nan 
136.625, 62.375, 4.51637808637964e-24, nan 
136.875, 62.375, 2.3579510622545422e-24, nan 
137.125, 62.375, 2.8067558736184788e-24, nan 
137.375, 62.375, 9.269838221350381e-24, nan 
137.625, 62.375, 2.1008364093991378e-23, nan 
137.875, 62.375, 9.173274165799771e-24, nan 
138.125, 62.375, 8.793088398054367e-24, nan 
138.375, 62.375, 2.5570822900905202e-23, nan 
138.625, 62.375, 1.0033469327579768e-23, nan 
138.875, 62.375, 5.019085386408496e-24, nan 
139.125, 62.375, 1.3459581614458434e-23, nan 
139.375, 62.375, 4.662619737860478e-24, nan 
139.625, 62.375, 2.2431280638073943e-24, nan 
139.875, 62.375, 2.436659322152864e-24, nan 
140.125, 62.375, 3.1070571537126087e-24, nan 
140.375, 62.375, 3.7570656106814246e-24, nan 
140.625, 62.375, 5.5147685723414764e-24, nan 
140.875, 62.375, 1.2411539400237484e-23, nan 
141.125, 62.375, 1.2946742346141606e-23, nan 
141.375, 62.375, 1.3968871275378264e-23, nan 
141.625, 62.375, 1.841400523751434e-23, nan 
141.875, 62.375, 2.0204332918480911e-23, nan 
142.125, 62.375, 2.0493915567928812e-23, nan 
142.375, 62.375, 2.6885611152782547e-23, nan 
142.625, 62.375, 2.3645949995366484e-23, nan 
142.875, 62.375, 1.2209216603731801e-23, nan 
143.125, 62.375, 1.2964557654322051e-23, nan 
143.375, 62.375, 9.74164680767082e-24, nan 
143.625, 62.375, 8.125977586284503e-24, nan 
143.875, 62.375, 8.035139176233617e-24, nan 
144.125, 62.375, 6.940520415078846e-24, nan 
144.375, 62.375, 5.71971397777841e-24, nan 
144.625, 62.375, 4.750794524043821e-24, nan 
144.875, 62.375, 2.1463537352733257e-24, nan 
145.125, 62.375, 1.0850767903737812e-23, nan 
145.375, 62.375, 8.307182664500477e-24, nan 
145.625, 62.375, 3.808843053829496e-24, nan 
145.875, 62.375, 4.3742996937462854e-24, nan 
146.125, 62.375, 3.598977526916305e-24, nan 
146.375, 62.375, 5.389765092595706e-24, nan 
146.625, 62.375, 4.489563556604339e-24, nan 
146.875, 62.375, 3.111896763989502e-24, nan 
147.125, 62.375, 3.502992505847724e-24, nan 
147.375, 62.375, 7.901435816439682e-24, nan 
147.625, 62.375, 7.988401666983158e-24, nan 
147.875, 62.375, 6.422994070939409e-24, nan 
148.125, 62.375, 6.70047850730069e-24, nan 
148.375, 62.375, 9.807138530252915e-24, nan 
148.625, 62.375, 9.136881130226032e-24, nan 
148.875, 62.375, 5.971833426333847e-24, nan 
149.125, 62.375, 7.953903085015276e-24, nan 
149.375, 62.375, 5.8715247356328884e-24, nan 
149.625, 62.375, 1.0456419503299046e-23, nan 
149.875, 62.375, 1.0909863351671655e-23, nan 
150.125, 62.375, 1.6108513906263582e-23, nan 
150.375, 62.375, 1.1427433203548446e-23, nan 
150.625, 62.375, 8.856860205634165e-24, nan 
150.875, 62.375, 3.969210173851669e-24, nan 
151.125, 62.375, 1.3644878366527574e-24, nan 
151.375, 62.375, 2.7731750252599934e-24, nan 
151.625, 62.375, 2.4188540552883517e-24, nan 
151.875, 62.375, 1.678585103913804e-24, nan 
152.125, 62.375, 1.6898575745242185e-24, nan 
152.375, 62.375, 2.5056488688189853e-24, nan 
152.625, 62.375, 1.7885230231558402e-24, nan 
152.875, 62.375, 3.0199840395066363e-24, nan 
153.125, 62.375, 2.435333469147091e-24, nan 
153.375, 62.375, 3.3100535015058124e-24, nan 
153.625, 62.375, 2.0864731707398698e-24, nan 
153.875, 62.375, 1.552718426375612e-24, nan 
154.125, 62.375, 2.1990266157671775e-24, nan 
154.375, 62.375, 3.336513090278682e-24, nan 
154.625, 62.375, 4.216449640280522e-24, nan 
154.875, 62.375, 5.00942954916609e-24, nan 
155.125, 62.375, 4.9237129706497084e-24, nan 
155.375, 62.375, 3.838373001147112e-24, nan 
155.625, 62.375, 4.094568952924812e-24, nan 
155.875, 62.375, 4.078105012031692e-24, nan 
156.125, 62.375, 2.4781574652608114e-24, nan 
156.375, 62.375, 2.5708771894144073e-24, nan 
156.625, 62.375, 1.6540419602012298e-24, nan 
156.875, 62.375, 1.3103961420440023e-24, nan 
157.125, 62.375, 2.865392708297168e-24, nan 
157.375, 62.375, 2.5540466577445893e-24, nan 
157.625, 62.375, 2.042247277162916e-24, nan 
157.875, 62.375, 2.529303195495186e-24, nan 
158.125, 62.375, 4.929316326755228e-24, nan 
158.375, 62.375, 7.413353116589643e-24, nan 
158.625, 62.375, 5.8048274019241866e-24, nan 
158.875, 62.375, 3.611268094736321e-24, nan 
159.125, 62.375, 4.061314794770757e-24, nan 
159.375, 62.375, 3.2467269560782956e-24, nan 
159.625, 62.375, 1.6512712342987678e-24, nan 
159.875, 62.375, 2.2030531421056072e-24, nan 
160.125, 62.375, 2.7005846141009203e-24, nan 
160.375, 62.375, 1.906792760679806e-24, nan 
160.625, 62.375, 2.505309079794069e-24, nan 
160.875, 62.375, 3.5518846654915055e-24, nan 
161.125, 62.375, 1.7321300704840085e-24, nan 
161.375, 62.375, 2.0076752732102815e-24, nan 
161.625, 62.375, 2.5706690489377232e-24, nan 
161.875, 62.375, 1.5876529346285671e-24, nan 
162.125, 62.375, 1.0561489900949237e-24, nan 
162.375, 62.375, 6.979204043574801e-25, nan 
162.625, 62.375, 1.357551553528252e-24, nan 
162.875, 62.375, 1.1527196865357783e-24, nan 
163.125, 62.375, 2.3850667631291953e-24, nan 
163.375, 62.375, 2.507514626604298e-24, nan 
163.625, 62.375, 3.27723648174091e-24, nan 
163.875, 62.375, 2.340126191585453e-24, nan 
38.625, 62.625, 1.8631403036672985e-24, nan 
38.875, 62.625, 1.405178220219865e-24, nan 
39.125, 62.625, 8.466030692407388e-25, nan 
39.375, 62.625, 9.315602290209248e-25, nan 
39.625, 62.625, 1.3913933364723866e-24, nan 
39.875, 62.625, 2.1003380250485748e-24, nan 
40.125, 62.625, 1.302770146743133e-24, nan 
40.375, 62.625, 1.4069239729217752e-24, nan 
40.625, 62.625, 1.2409508610720545e-24, nan 
40.875, 62.625, 7.542220950090335e-25, nan 
41.125, 62.625, 1.1672747366995613e-24, nan 
41.375, 62.625, 1.6930004512011574e-24, nan 
41.625, 62.625, 1.2245570412183786e-24, nan 
41.875, 62.625, 1.2111326540220258e-24, nan 
42.125, 62.625, 2.4841461555594814e-24, nan 
42.375, 62.625, 7.256732143320556e-25, nan 
42.625, 62.625, 1.1523936864459805e-24, nan 
42.875, 62.625, 1.5668643220976996e-24, nan 
43.125, 62.625, 1.0278278571573049e-24, nan 
43.375, 62.625, 1.7572935365451667e-24, nan 
43.625, 62.625, 1.97816286778367e-24, nan 
43.875, 62.625, 1.8897484803492412e-24, nan 
44.125, 62.625, 2.2512585061290237e-24, nan 
44.375, 62.625, 2.0181754169549422e-24, nan 
44.625, 62.625, 1.8168725704717977e-24, nan 
44.875, 62.625, 2.1963746064694534e-24, nan 
45.125, 62.625, 2.1284827544937463e-24, nan 
45.375, 62.625, 2.658232710979056e-24, nan 
45.625, 62.625, 1.7259597690355383e-24, nan 
45.875, 62.625, 2.9364206848972472e-24, nan 
46.125, 62.625, 2.8595798764997446e-24, nan 
46.375, 62.625, 1.230986321234047e-24, nan 
46.625, 62.625, 2.5488113189407242e-24, nan 
46.875, 62.625, 1.8983070811715483e-24, nan 
47.125, 62.625, 2.2208263633100413e-24, nan 
47.375, 62.625, 2.122718009034354e-24, nan 
47.625, 62.625, 1.6979065871128946e-24, nan 
47.875, 62.625, 1.980173240259612e-24, nan 
48.125, 62.625, 2.3848130937725973e-24, nan 
48.375, 62.625, 5.555803854834291e-24, nan 
48.625, 62.625, 6.737706333823044e-24, nan 
48.875, 62.625, 6.673307203315047e-24, nan 
49.125, 62.625, 9.269038928180606e-24, nan 
49.375, 62.625, 9.903563141060856e-24, nan 
49.625, 62.625, 1.3594291721001725e-23, nan 
49.875, 62.625, 1.1606318754601408e-23, nan 
50.125, 62.625, 1.042672501511587e-23, nan 
50.375, 62.625, 9.587906439261105e-24, nan 
50.625, 62.625, 8.017249551916987e-24, nan 
50.875, 62.625, 6.0136871681218244e-24, nan 
51.125, 62.625, 2.274727051533998e-24, nan 
51.375, 62.625, 2.342149732417364e-24, nan 
51.625, 62.625, 2.081681933124165e-24, nan 
51.875, 62.625, 1.674537650352216e-24, nan 
52.125, 62.625, 2.8099821055383837e-24, nan 
52.375, 62.625, 2.7403758373105495e-24, nan 
52.625, 62.625, 3.666710301473376e-24, nan 
52.875, 62.625, 2.2382320581325426e-24, nan 
53.125, 62.625, 2.7938292627341643e-24, nan 
53.375, 62.625, 3.402632912815245e-24, nan 
53.625, 62.625, 3.824550890067707e-24, nan 
53.875, 62.625, 5.4627888844453105e-24, nan 
54.125, 62.625, 5.9832247344496275e-24, nan 
54.375, 62.625, 7.189260810706922e-24, nan 
54.625, 62.625, 5.7723833760102966e-24, nan 
54.875, 62.625, 4.787505318746222e-24, nan 
55.125, 62.625, 6.782410802826127e-24, nan 
55.375, 62.625, 2.927116421441588e-24, nan 
55.625, 62.625, 3.334889679216286e-24, nan 
55.875, 62.625, 4.7240447453385154e-24, nan 
56.125, 62.625, 4.769348970289378e-24, nan 
56.375, 62.625, 4.5211208319583476e-24, nan 
56.625, 62.625, 4.155332741293936e-24, nan 
56.875, 62.625, 4.356625453742416e-24, nan 
57.125, 62.625, 5.061323332587223e-24, nan 
57.375, 62.625, 6.464648580441551e-24, nan 
57.625, 62.625, 6.955695323670456e-24, nan 
57.875, 62.625, 6.043384874203908e-24, nan 
58.125, 62.625, 6.974998701450969e-24, nan 
58.375, 62.625, 7.076760414495332e-24, nan 
58.625, 62.625, 6.934432719724582e-24, nan 
58.875, 62.625, 5.29438728907901e-24, nan 
59.125, 62.625, 5.302705956797616e-24, nan 
59.375, 62.625, 6.779808997443983e-24, nan 
59.625, 62.625, 7.095569604301294e-24, nan 
59.875, 62.625, 8.367063361154996e-24, nan 
60.125, 62.625, 1.1849737440128515e-23, nan 
60.375, 62.625, 4.332869324684709e-24, nan 
60.625, 62.625, 8.376843347781328e-24, nan 
60.875, 62.625, 1.054465417469672e-23, nan 
61.125, 62.625, 3.0834822855147556e-23, nan 
61.375, 62.625, 9.063694115485551e-24, nan 
61.625, 62.625, 8.947361747208584e-24, nan 
61.875, 62.625, 7.387261310789647e-23, nan 
62.125, 62.625, 7.904407062651921e-24, nan 
62.375, 62.625, 8.015819389596342e-24, nan 
62.625, 62.625, 2.788680652936695e-23, nan 
62.875, 62.625, 1.108348164970792e-23, nan 
63.125, 62.625, 1.3276514074022306e-23, nan 
63.375, 62.625, 7.283233882271686e-24, nan 
63.625, 62.625, 9.439623027191541e-24, nan 
63.875, 62.625, 7.21016925473182e-24, nan 
64.125, 62.625, 7.77702654524188e-24, nan 
64.375, 62.625, 6.770497027172179e-24, nan 
64.625, 62.625, 8.397538563298697e-24, nan 
64.875, 62.625, 9.066567575218578e-24, nan 
65.125, 62.625, 8.548453565716063e-24, nan 
65.375, 62.625, 8.421673042879716e-24, nan 
65.625, 62.625, 1.974246397542726e-23, nan 
65.875, 62.625, 2.0715338592497173e-23, nan 
66.125, 62.625, 2.6468932538005572e-23, nan 
66.375, 62.625, 3.432076652690174e-23, nan 
66.625, 62.625, 3.686882722709578e-23, nan 
66.875, 62.625, 2.8307280387192414e-23, nan 
67.125, 62.625, 2.75049669477618e-23, nan 
67.375, 62.625, 3.0822446634111076e-23, nan 
67.625, 62.625, 3.376784775829267e-23, nan 
67.875, 62.625, 3.3202853297804163e-23, nan 
68.125, 62.625, 4.1823851408981665e-23, nan 
68.375, 62.625, 5.643975067748559e-23, nan 
68.625, 62.625, 2.0420218512138276e-23, nan 
68.875, 62.625, 2.0798866593028672e-23, nan 
69.125, 62.625, 2.4060348290419918e-23, nan 
69.375, 62.625, 1.0754694702858064e-23, nan 
69.625, 62.625, 2.0434984428023992e-23, nan 
69.875, 62.625, 1.9030012171565014e-23, nan 
70.125, 62.625, 2.716828629300259e-23, nan 
70.375, 62.625, 3.2019438709499855e-23, nan 
70.625, 62.625, 3.167789471359382e-23, nan 
70.875, 62.625, 2.993059553824328e-23, nan 
71.125, 62.625, 2.0426901231590916e-23, nan 
71.375, 62.625, 3.5560046683685505e-23, nan 
71.625, 62.625, 3.607445891944492e-23, nan 
71.875, 62.625, 1.6298367697806346e-23, nan 
72.125, 62.625, 1.25485554380113e-23, nan 
72.375, 62.625, 1.9867257187237236e-23, nan 
72.625, 62.625, 2.0227476661913364e-23, nan 
72.875, 62.625, 4.841400082766211e-23, nan 
73.125, 62.625, 4.214515291350635e-23, nan 
73.375, 62.625, 3.346709080504121e-23, nan 
73.625, 62.625, 3.4500610100395444e-23, nan 
73.875, 62.625, 2.6781770638773416e-23, nan 
74.125, 62.625, 2.873353791830462e-23, nan 
74.375, 62.625, 5.133486033458689e-23, nan 
74.625, 62.625, 4.2056537463723574e-23, nan 
74.875, 62.625, 5.839160830446279e-23, nan 
75.125, 62.625, 8.505543612506834e-23, nan 
75.375, 62.625, 7.138225777904486e-23, nan 
75.625, 62.625, 3.366679086789842e-23, nan 
75.875, 62.625, 4.608287953611986e-23, nan 
76.125, 62.625, 2.1414152378347138e-23, nan 
76.375, 62.625, 2.779741465502395e-23, nan 
76.625, 62.625, 2.0376037313626062e-23, nan 
76.875, 62.625, 2.3739514707059974e-23, nan 
77.125, 62.625, 4.04519832899223e-23, nan 
77.375, 62.625, 3.6254916177252303e-23, nan 
77.625, 62.625, 6.80586745780415e-23, nan 
77.875, 62.625, 5.099606295329037e-23, nan 
78.125, 62.625, 4.990239928200815e-23, nan 
78.375, 62.625, 5.1449558526550696e-23, nan 
78.625, 62.625, 4.115116915995562e-23, nan 
78.875, 62.625, 4.5339641641924e-23, nan 
79.125, 62.625, 5.2001579702158163e-23, nan 
79.375, 62.625, 9.222055343079893e-23, nan 
79.625, 62.625, 1.0447164804753759e-22, nan 
79.875, 62.625, 9.75715933755881e-23, nan 
80.125, 62.625, 1.0097259582934074e-22, nan 
80.375, 62.625, 8.195218848905869e-23, nan 
80.625, 62.625, 1.5556339988875164e-22, nan 
80.875, 62.625, 2.201008364481657e-22, nan 
81.125, 62.625, 9.129923146245299e-23, nan 
81.375, 62.625, 2.060850109212704e-22, nan 
81.625, 62.625, 3.3081670016247093e-22, nan 
81.875, 62.625, 3.821335969586072e-22, nan 
82.125, 62.625, 3.3795047522338497e-22, nan 
82.375, 62.625, 4.613472188789404e-22, nan 
82.625, 62.625, 1.619185891887984e-22, nan 
82.875, 62.625, 2.9127737195201317e-22, nan 
83.125, 62.625, 3.473203047870128e-22, nan 
83.375, 62.625, 1.524761483781147e-22, nan 
83.625, 62.625, 2.893133102054519e-22, nan 
83.875, 62.625, 1.8124626857267575e-22, nan 
84.125, 62.625, 1.49810757859795e-22, nan 
84.375, 62.625, 1.7429783898457993e-22, nan 
84.625, 62.625, 3.4427499044076617e-22, nan 
84.875, 62.625, 4.442257410884758e-22, nan 
85.125, 62.625, 2.6305745089799063e-22, nan 
85.375, 62.625, 5.193905257629601e-22, nan 
85.625, 62.625, 5.114353175807999e-22, nan 
85.875, 62.625, 6.142727307324265e-22, nan 
86.125, 62.625, 2.1909299120537467e-22, nan 
86.375, 62.625, 7.191214527848194e-22, nan 
86.625, 62.625, 9.399025619861735e-22, nan 
86.875, 62.625, 5.483267025175477e-22, nan 
87.125, 62.625, 1.6136162860966756e-21, nan 
87.375, 62.625, 1.3114865369594135e-21, nan 
87.625, 62.625, 1.2078606339698138e-21, nan 
87.875, 62.625, 1.76179173728446e-21, nan 
88.125, 62.625, 1.7577542261069425e-21, nan 
88.375, 62.625, 1.7962751861407366e-21, nan 
88.625, 62.625, 2.2690630063480095e-21, nan 
88.875, 62.625, 1.4141256566842775e-21, nan 
89.125, 62.625, 1.1973710203139586e-21, nan 
89.375, 62.625, 1.0050147997814048e-21, nan 
89.625, 62.625, 1.215535009080527e-21, nan 
89.875, 62.625, 1.3878592072668732e-21, nan 
90.125, 62.625, 1.243770191179599e-21, nan 
90.375, 62.625, 1.646089931088889e-21, nan 
90.625, 62.625, 1.6099611438717422e-21, nan 
90.875, 62.625, 1.6164864504146455e-21, nan 
91.125, 62.625, 7.798568251587689e-22, nan 
91.375, 62.625, 1.7943674141830285e-21, nan 
91.625, 62.625, 9.27580649123197e-22, nan 
91.875, 62.625, 1.0269612848972494e-21, nan 
92.125, 62.625, 3.3208511105172542e-21, nan 
92.375, 62.625, 2.0442638024780842e-21, nan 
92.625, 62.625, 1.2688174570402424e-21, nan 
92.875, 62.625, 2.9872882926493555e-21, nan 
93.125, 62.625, 2.8341079697023742e-21, nan 
93.375, 62.625, 1.2335719223693166e-21, nan 
93.625, 62.625, 1.790178830209392e-21, nan 
93.875, 62.625, 4.700676664788884e-21, nan 
94.125, 62.625, 7.271532907494924e-21, nan 
94.375, 62.625, 3.9582982775083306e-21, nan 
94.625, 62.625, 3.5128609316435625e-21, nan 
94.875, 62.625, 1.3175001995558562e-20, nan 
95.125, 62.625, 1.2100374162387247e-20, nan 
95.375, 62.625, 9.148133968420307e-21, nan 
95.625, 62.625, 1.0539499086883366e-20, nan 
95.875, 62.625, 1.1224587418671449e-20, nan 
96.125, 62.625, 1.747306851879321e-20, nan 
96.375, 62.625, 1.1682513166399086e-20, nan 
96.625, 62.625, 3.949403452047334e-21, nan 
96.875, 62.625, 8.25949631543585e-21, nan 
97.125, 62.625, 1.0688806596842579e-20, nan 
97.375, 62.625, 7.945531526754585e-21, nan 
97.625, 62.625, 3.53349610717427e-21, nan 
97.875, 62.625, 7.688512417970955e-21, nan 
98.125, 62.625, 1.2565959786640242e-20, nan 
98.375, 62.625, 1.607805746884359e-20, nan 
98.625, 62.625, 1.611649981407103e-20, nan 
98.875, 62.625, 1.660154149230256e-20, nan 
99.125, 62.625, 4.220342707174139e-20, nan 
99.375, 62.625, 5.303911020790188e-20, nan 
99.625, 62.625, 5.923662041780287e-20, nan 
99.875, 62.625, 4.6462295329207e-20, nan 
100.125, 62.625, 6.82905546515885e-20, nan 
100.375, 62.625, 5.799778216476448e-20, nan 
100.625, 62.625, 4.6753623310269684e-20, nan 
100.875, 62.625, 5.14486162156861e-20, nan 
101.125, 62.625, 9.238416443111655e-21, nan 
101.375, 62.625, 1.141441633023745e-20, nan 
101.625, 62.625, 1.2877123318930871e-20, nan 
101.875, 62.625, 5.244046527342818e-20, nan 
102.125, 62.625, 4.8649119241711534e-20, nan 
102.375, 62.625, 4.42565172347188e-20, nan 
102.625, 62.625, 5.558457165399271e-20, nan 
102.875, 62.625, 5.467377502529271e-20, nan 
103.125, 62.625, 6.905212397010866e-20, nan 
103.375, 62.625, 1.398306628578422e-19, nan 
103.625, 62.625, 3.8644783880162265e-20, nan 
103.875, 62.625, 4.583022100690954e-20, nan 
104.125, 62.625, 4.3395971762478046e-20, nan 
104.375, 62.625, 2.942024647182491e-20, nan 
104.625, 62.625, 1.81753741829953e-20, nan 
104.875, 62.625, 1.219583809900567e-20, nan 
105.125, 62.625, 1.4196379251647167e-20, nan 
105.375, 62.625, 9.336636358528798e-21, nan 
105.625, 62.625, 8.657618829692283e-21, nan 
105.875, 62.625, 8.108372459375472e-21, nan 
106.125, 62.625, 5.685947531656574e-21, nan 
106.375, 62.625, 7.353955413167732e-21, nan 
106.625, 62.625, 1.0647484420084928e-20, nan 
106.875, 62.625, 1.115869777279869e-20, nan 
107.125, 62.625, 5.491988735284033e-21, nan 
107.375, 62.625, 6.402441264395481e-21, nan 
107.625, 62.625, 1.1292317565377785e-20, nan 
107.875, 62.625, 5.191333371329221e-21, nan 
108.125, 62.625, 5.9091844637511184e-21, nan 
108.375, 62.625, 8.61967405637444e-21, nan 
108.625, 62.625, 7.632553218207346e-21, nan 
108.875, 62.625, 8.038207761479739e-21, nan 
109.125, 62.625, 6.366311661275244e-21, nan 
109.375, 62.625, 6.201013082905595e-21, nan 
109.625, 62.625, 5.261339923984476e-21, nan 
109.875, 62.625, 3.828527691653893e-21, nan 
110.125, 62.625, 4.744110910690402e-21, nan 
110.375, 62.625, 2.7296770864652562e-21, nan 
110.625, 62.625, 3.343907257754961e-21, nan 
110.875, 62.625, 3.2631207821423906e-21, nan 
111.125, 62.625, 2.388952636748214e-21, nan 
111.375, 62.625, 2.789505502847804e-21, nan 
111.625, 62.625, 2.3683183448894035e-21, nan 
111.875, 62.625, 1.6112683417706544e-21, nan 
112.125, 62.625, 1.6684863362835763e-21, nan 
112.375, 62.625, 1.931478617049303e-21, nan 
112.625, 62.625, 1.1068299967615127e-21, nan 
112.875, 62.625, 9.62884869684254e-22, nan 
113.125, 62.625, 2.430381756727016e-21, nan 
113.375, 62.625, 1.5654197637362326e-21, nan 
113.625, 62.625, 7.605525096527655e-22, nan 
113.875, 62.625, 9.620504960097132e-22, nan 
114.125, 62.625, 7.84111171649071e-22, nan 
114.375, 62.625, 7.038387144575628e-22, nan 
114.625, 62.625, 1.6795266514557987e-21, nan 
114.875, 62.625, 2.724203629546371e-21, nan 
115.125, 62.625, 2.388121436147817e-21, nan 
115.375, 62.625, 1.775834691798288e-21, nan 
115.625, 62.625, 9.546998079476516e-22, nan 
115.875, 62.625, 5.025660507633026e-22, nan 
116.125, 62.625, 2.139842955181173e-22, nan 
116.375, 62.625, 2.6662388419538952e-22, nan 
116.625, 62.625, 2.5600712548290366e-22, nan 
116.875, 62.625, 3.4120141455122116e-22, nan 
117.125, 62.625, 1.9677783061473912e-22, nan 
117.375, 62.625, 6.346969419949784e-23, nan 
117.625, 62.625, 2.875434441191362e-22, nan 
117.875, 62.625, 3.586453814819777e-22, nan 
118.125, 62.625, 3.5879511578652123e-22, nan 
118.375, 62.625, 7.368578596346471e-22, nan 
118.625, 62.625, 6.648686880473522e-22, nan 
118.875, 62.625, 2.666961377582005e-22, nan 
119.125, 62.625, 7.797527359048187e-22, nan 
119.375, 62.625, 7.9084037849975755e-22, nan 
119.625, 62.625, 1.996774298541033e-22, nan 
119.875, 62.625, 3.4575444945822004e-22, nan 
120.125, 62.625, 2.9355372592090086e-22, nan 
120.375, 62.625, 2.645912032892754e-22, nan 
120.625, 62.625, 1.6235076032514838e-22, nan 
120.875, 62.625, 2.2726768381183267e-22, nan 
121.125, 62.625, 2.6568939623991706e-22, nan 
121.375, 62.625, 2.9437174246119856e-22, nan 
121.625, 62.625, 1.9594541382859926e-22, nan 
121.875, 62.625, 1.7864644452254707e-22, nan 
122.125, 62.625, 1.6885587554173332e-22, nan 
122.375, 62.625, 2.1080624325141959e-22, nan 
122.625, 62.625, 2.739784375126463e-22, nan 
122.875, 62.625, 1.6205992682746673e-22, nan 
123.125, 62.625, 1.9229944609061477e-22, nan 
123.375, 62.625, 1.3664194456679073e-22, nan 
123.625, 62.625, 1.202216594416466e-22, nan 
123.875, 62.625, 1.0488859863234879e-22, nan 
124.125, 62.625, 1.0817860307203895e-22, nan 
124.375, 62.625, 1.686771287753189e-22, nan 
124.625, 62.625, 6.625096298929543e-23, nan 
124.875, 62.625, 7.225740120597645e-23, nan 
125.125, 62.625, 7.649450852611886e-23, nan 
125.375, 62.625, 6.285953913174775e-23, nan 
125.625, 62.625, 9.019453439880074e-23, nan 
125.875, 62.625, 1.0812218618943144e-22, nan 
126.125, 62.625, 5.638526962338352e-23, nan 
126.375, 62.625, 3.9231734907781593e-23, nan 
126.625, 62.625, 2.9871261916211426e-23, nan 
126.875, 62.625, 2.3136502717923575e-23, nan 
127.125, 62.625, 2.8973386606111984e-23, nan 
127.375, 62.625, 3.4429727096147157e-23, nan 
127.625, 62.625, 3.1431507582007854e-23, nan 
127.875, 62.625, 3.015537953143669e-23, nan 
128.125, 62.625, 2.4389833249969704e-23, nan 
128.375, 62.625, 3.6941099004280466e-23, nan 
128.625, 62.625, 4.442834503375075e-23, nan 
128.875, 62.625, 4.8763521313534724e-23, nan 
129.125, 62.625, 4.3204275782098014e-23, nan 
129.375, 62.625, 6.606708680997861e-23, nan 
129.625, 62.625, 1.411681035676187e-22, nan 
129.875, 62.625, 9.954259233480162e-23, nan 
130.125, 62.625, 4.096303131170195e-23, nan 
130.375, 62.625, 5.487642678590074e-23, nan 
130.625, 62.625, 4.260561500960186e-23, nan 
130.875, 62.625, 3.174633378418893e-23, nan 
131.125, 62.625, 1.1382277753828932e-23, nan 
131.375, 62.625, 1.6524783641190814e-23, nan 
131.625, 62.625, 3.9380085967400774e-23, nan 
131.875, 62.625, 4.3248735114535134e-23, nan 
132.125, 62.625, 2.74361997620119e-23, nan 
132.375, 62.625, 4.96877332710197e-23, nan 
132.625, 62.625, 3.7699505868809784e-23, nan 
132.875, 62.625, 3.1922172136674646e-23, nan 
133.125, 62.625, 2.7565344980549605e-23, nan 
133.375, 62.625, 2.1365382472171522e-23, nan 
133.625, 62.625, 1.36944791775412e-23, nan 
133.875, 62.625, 1.1964417411818197e-23, nan 
134.125, 62.625, 2.2003856563774595e-23, nan 
134.375, 62.625, 1.7256033285275306e-23, nan 
134.625, 62.625, 2.5831462641917646e-23, nan 
134.875, 62.625, 3.491591022521446e-23, nan 
135.125, 62.625, 2.185001863509159e-23, nan 
135.375, 62.625, 1.449893382557628e-23, nan 
135.625, 62.625, 1.0299333387963609e-23, nan 
135.875, 62.625, 1.4177484290655174e-23, nan 
136.125, 62.625, 9.520509456114647e-24, nan 
136.375, 62.625, 7.157451000787067e-24, nan 
136.625, 62.625, 2.890604085577633e-24, nan 
136.875, 62.625, 5.1516620702472384e-24, nan 
137.125, 62.625, 3.433834994380968e-24, nan 
137.375, 62.625, 1.0926553597012265e-23, nan 
137.625, 62.625, 1.0827075379991581e-23, nan 
137.875, 62.625, 8.608462401281011e-24, nan 
138.125, 62.625, 1.2921628164300318e-23, nan 
138.375, 62.625, 1.654417890884462e-23, nan 
138.625, 62.625, 7.409529124916792e-24, nan 
138.875, 62.625, 6.864040245889509e-24, nan 
139.125, 62.625, 8.068548486797554e-24, nan 
139.375, 62.625, 5.7453448551529524e-24, nan 
139.625, 62.625, 3.0519839758671467e-24, nan 
139.875, 62.625, 2.1629573907117625e-24, nan 
140.125, 62.625, 4.640033095306368e-24, nan 
140.375, 62.625, 5.690834585720097e-24, nan 
140.625, 62.625, 5.429194166713015e-24, nan 
140.875, 62.625, 2.7401888042500933e-24, nan 
141.125, 62.625, 1.1333547940139041e-23, nan 
141.375, 62.625, 1.2748427949230935e-23, nan 
141.625, 62.625, 1.6632955275072893e-23, nan 
141.875, 62.625, 1.9725122143545797e-23, nan 
142.125, 62.625, 1.7595145092654105e-23, nan 
142.375, 62.625, 2.4811336285461883e-23, nan 
142.625, 62.625, 2.629921518104479e-23, nan 
142.875, 62.625, 9.631408573461047e-24, nan 
143.125, 62.625, 3.497296436016709e-24, nan 
143.375, 62.625, 1.0737671348507742e-23, nan 
143.625, 62.625, 7.585347331786023e-24, nan 
143.875, 62.625, 4.836621595421134e-24, nan 
144.125, 62.625, 4.9748628861696544e-24, nan 
144.375, 62.625, 4.8935322966125936e-24, nan 
144.625, 62.625, 4.998339550802152e-24, nan 
144.875, 62.625, 4.336373820473545e-24, nan 
145.125, 62.625, 5.261949392731268e-24, nan 
145.375, 62.625, 2.5342065377049397e-24, nan 
145.625, 62.625, 3.440817582732699e-24, nan 
145.875, 62.625, 6.163026683247191e-24, nan 
146.125, 62.625, 3.0531014201644388e-24, nan 
146.375, 62.625, 4.589250707127296e-24, nan 
146.625, 62.625, 3.9407630895326345e-24, nan 
146.875, 62.625, 1.5538513125587154e-24, nan 
147.125, 62.625, 3.179385114487216e-24, nan 
147.375, 62.625, 6.086572812732277e-24, nan 
147.625, 62.625, 6.155416290546065e-24, nan 
147.875, 62.625, 6.1816379005371135e-24, nan 
148.125, 62.625, 3.646436528811007e-24, nan 
148.375, 62.625, 9.009460903422668e-24, nan 
148.625, 62.625, 1.1520280861347262e-23, nan 
148.875, 62.625, 1.0887266322356639e-23, nan 
149.125, 62.625, 1.841175633896291e-23, nan 
149.375, 62.625, 2.046138667062449e-23, nan 
149.625, 62.625, 1.6167834739628074e-23, nan 
149.875, 62.625, 1.2640356489567486e-23, nan 
150.125, 62.625, 9.311978963001385e-24, nan 
150.375, 62.625, 7.301796937186182e-24, nan 
150.625, 62.625, 8.767500737601989e-24, nan 
150.875, 62.625, 3.118780589375443e-24, nan 
151.125, 62.625, 3.1174891524129253e-24, nan 
151.375, 62.625, 3.579525678585743e-24, nan 
151.625, 62.625, 2.4066108396786098e-24, nan 
151.875, 62.625, 2.0416822009329792e-24, nan 
152.125, 62.625, 2.6214899067867118e-24, nan 
152.375, 62.625, 2.258160120496027e-24, nan 
152.625, 62.625, 3.089988772055083e-24, nan 
152.875, 62.625, 2.549445437365035e-24, nan 
153.125, 62.625, 2.2319194621864387e-24, nan 
153.375, 62.625, 3.6712804226307356e-24, nan 
153.625, 62.625, 2.517021822898651e-24, nan 
153.875, 62.625, 3.762858342711761e-24, nan 
154.125, 62.625, 3.426304652426813e-24, nan 
154.375, 62.625, 2.7078342177350337e-24, nan 
154.625, 62.625, 5.1658211820781644e-24, nan 
154.875, 62.625, 4.991290224025545e-24, nan 
155.125, 62.625, 4.994090442352634e-24, nan 
155.375, 62.625, 4.868320661081214e-24, nan 
155.625, 62.625, 4.9933080951022526e-24, nan 
155.875, 62.625, 4.6686158055238025e-24, nan 
156.125, 62.625, 4.0009575306380696e-24, nan 
156.375, 62.625, 3.365827445455115e-24, nan 
156.625, 62.625, 4.835594605653548e-24, nan 
156.875, 62.625, 3.3587657684581954e-24, nan 
157.125, 62.625, 3.2135043247177045e-24, nan 
157.375, 62.625, 1.4501175817991006e-24, nan 
157.625, 62.625, 2.5103602909451783e-24, nan 
157.875, 62.625, 5.6175569689615534e-24, nan 
158.125, 62.625, 5.371461211379836e-24, nan 
158.375, 62.625, 6.528347899107445e-24, nan 
158.625, 62.625, 6.326784762792833e-24, nan 
158.875, 62.625, 2.78004174620858e-24, nan 
159.125, 62.625, 1.5620818734271308e-24, nan 
159.375, 62.625, 1.91386929991446e-24, nan 
159.625, 62.625, 4.7639579876245875e-24, nan 
159.875, 62.625, 2.1316138774062676e-24, nan 
160.125, 62.625, 2.405466891996555e-24, nan 
160.375, 62.625, 2.8775475489261792e-24, nan 
160.625, 62.625, 3.330508494451269e-24, nan 
160.875, 62.625, 4.433256153657517e-24, nan 
161.125, 62.625, 4.4914803235479304e-24, nan 
161.375, 62.625, 2.509646457921358e-24, nan 
161.625, 62.625, 2.7550502494070494e-24, nan 
161.875, 62.625, 2.218033459832667e-24, nan 
162.125, 62.625, 7.6031552916985115e-25, nan 
162.375, 62.625, 9.987134019798505e-25, nan 
162.625, 62.625, 1.1853070766646636e-24, nan 
162.875, 62.625, 1.025514964213492e-24, nan 
163.125, 62.625, 1.9733214683818427e-24, nan 
163.375, 62.625, 2.2376155288658476e-24, nan 
163.625, 62.625, 2.8012727154342997e-24, nan 
163.875, 62.625, 1.8744338323915594e-24, nan 
164.125, 62.625, 1.6625642782514775e-24, nan 
38.125, 62.875, 1.6889946704758835e-24, nan 
38.375, 62.875, 1.5396758452957168e-24, nan 
38.625, 62.875, 1.5412460390988048e-24, nan 
38.875, 62.875, 1.1550079934717159e-24, nan 
39.125, 62.875, 8.37199257680552e-25, nan 
39.375, 62.875, 1.2760275330654953e-24, nan 
39.625, 62.875, 1.3933974633466927e-24, nan 
39.875, 62.875, 1.9538740108939436e-24, nan 
40.125, 62.875, 1.6844785870663685e-24, nan 
40.375, 62.875, 1.475410675618019e-24, nan 
40.625, 62.875, 8.924621346906803e-25, nan 
40.875, 62.875, 7.982924660872567e-25, nan 
41.125, 62.875, 1.1444100283849146e-24, nan 
41.375, 62.875, 1.265745456589623e-24, nan 
41.625, 62.875, 1.6418097465455465e-24, nan 
41.875, 62.875, 1.5820146912397025e-24, nan 
42.125, 62.875, 2.1854311664153532e-24, nan 
42.375, 62.875, 1.9879661314528187e-24, nan 
42.625, 62.875, 1.0677215105520027e-24, nan 
42.875, 62.875, 1.811341521298139e-24, nan 
43.125, 62.875, 1.148165183717305e-24, nan 
43.375, 62.875, 1.4620038099902438e-24, nan 
43.625, 62.875, 2.23809354663838e-24, nan 
43.875, 62.875, 1.870645879244428e-24, nan 
44.125, 62.875, 1.6676682254553034e-24, nan 
44.375, 62.875, 2.2154583980789873e-24, nan 
44.625, 62.875, 2.317509899779473e-24, nan 
44.875, 62.875, 1.9137684184679876e-24, nan 
45.125, 62.875, 1.634778182331216e-24, nan 
45.375, 62.875, 2.647421857279206e-24, nan 
45.625, 62.875, 1.8033728514409558e-24, nan 
45.875, 62.875, 2.3528878843101762e-24, nan 
46.125, 62.875, 2.7871084763643823e-24, nan 
46.375, 62.875, 3.2848861341694357e-24, nan 
46.625, 62.875, 3.382062271649576e-24, nan 
46.875, 62.875, 2.571780130446563e-24, nan 
47.125, 62.875, 2.620968292609616e-24, nan 
47.375, 62.875, 2.9897230343088674e-24, nan 
47.625, 62.875, 2.78852074209724e-24, nan 
47.875, 62.875, 2.033701721339596e-24, nan 
48.125, 62.875, 3.460489752433202e-24, nan 
48.375, 62.875, 6.599027410512121e-24, nan 
48.625, 62.875, 6.102048139058706e-24, nan 
48.875, 62.875, 7.437728998770485e-24, nan 
49.125, 62.875, 1.039664552463007e-23, nan 
49.375, 62.875, 1.052116903756242e-23, nan 
49.625, 62.875, 1.297499558353745e-23, nan 
49.875, 62.875, 9.441879424530787e-24, nan 
50.125, 62.875, 8.734418118566091e-24, nan 
50.375, 62.875, 1.2343469485648249e-23, nan 
50.625, 62.875, 7.938708656790722e-24, nan 
50.875, 62.875, 3.2256221046059753e-24, nan 
51.125, 62.875, 2.956035496121959e-24, nan 
51.375, 62.875, 2.9331678215132956e-24, nan 
51.625, 62.875, 3.721285811524149e-24, nan 
51.875, 62.875, 2.9192752286483644e-24, nan 
52.125, 62.875, 3.141103329873264e-24, nan 
52.375, 62.875, 5.4140681267764656e-24, nan 
52.625, 62.875, 5.3252932866192715e-24, nan 
52.875, 62.875, 3.2482752893462402e-24, nan 
53.125, 62.875, 3.448835394541265e-24, nan 
53.375, 62.875, 3.9479861559311295e-24, nan 
53.625, 62.875, 3.2745865783325142e-24, nan 
53.875, 62.875, 4.3185504217611854e-24, nan 
54.125, 62.875, 5.655360939910604e-24, nan 
54.375, 62.875, 7.840079376682879e-24, nan 
54.625, 62.875, 7.256160923469241e-24, nan 
54.875, 62.875, 5.467623688365719e-24, nan 
55.125, 62.875, 7.023091079182351e-24, nan 
55.375, 62.875, 8.399079415368793e-24, nan 
55.625, 62.875, 5.666624350627582e-24, nan 
55.875, 62.875, 2.3819783180454884e-24, nan 
56.125, 62.875, 7.405772136089813e-24, nan 
56.375, 62.875, 5.9957532651252246e-24, nan 
56.625, 62.875, 4.4915488862751394e-24, nan 
56.875, 62.875, 3.216695197025955e-24, nan 
57.125, 62.875, 5.5167555082074255e-24, nan 
57.375, 62.875, 6.510384213512724e-24, nan 
57.625, 62.875, 7.152687517348735e-24, nan 
57.875, 62.875, 7.215654472988874e-24, nan 
58.125, 62.875, 8.512163205441661e-24, nan 
58.375, 62.875, 8.933987362910117e-24, nan 
58.625, 62.875, 7.904202271199633e-24, nan 
58.875, 62.875, 8.495305389443701e-24, nan 
59.125, 62.875, 1.0944409724631382e-23, nan 
59.375, 62.875, 8.50926423711981e-24, nan 
59.625, 62.875, 8.917456701399986e-24, nan 
59.875, 62.875, 7.126369535882487e-24, nan 
60.125, 62.875, 6.733354456827448e-24, nan 
60.375, 62.875, 5.519369647057094e-24, nan 
60.625, 62.875, 4.521839019705802e-24, nan 
60.875, 62.875, 8.10730679661771e-24, nan 
61.125, 62.875, 4.300099704811903e-24, nan 
61.375, 62.875, 1.0744916317906427e-23, nan 
61.625, 62.875, 7.81327184282401e-24, nan 
61.875, 62.875, 4.8500752282163607e-23, nan 
62.125, 62.875, 8.143407041729479e-24, nan 
62.375, 62.875, 6.276267041937568e-24, nan 
62.625, 62.875, 9.65211458869243e-24, nan 
62.875, 62.875, 1.0467375796013564e-23, nan 
63.125, 62.875, 1.1517340447088694e-23, nan 
63.375, 62.875, 8.732715245352276e-24, nan 
63.625, 62.875, 3.820368583030506e-24, nan 
63.875, 62.875, 7.55597045466089e-24, nan 
64.125, 62.875, 8.796586394879955e-24, nan 
64.375, 62.875, 1.1257405835921007e-23, nan 
64.625, 62.875, 1.4314327001282023e-23, nan 
64.875, 62.875, 2.119387016532696e-23, nan 
65.125, 62.875, 2.0867504030489673e-23, nan 
65.375, 62.875, 1.2893017234193524e-23, nan 
65.625, 62.875, 1.547774530359356e-23, nan 
65.875, 62.875, 8.539941444621115e-24, nan 
66.125, 62.875, 8.390648595320883e-24, nan 
66.375, 62.875, 2.850694184219902e-23, nan 
66.625, 62.875, 2.9262514249494636e-23, nan 
66.875, 62.875, 2.090041224702962e-23, nan 
67.125, 62.875, 1.811661041678771e-23, nan 
67.375, 62.875, 1.164117391021141e-23, nan 
67.625, 62.875, 1.8628481834554438e-23, nan 
67.875, 62.875, 3.4900851078436823e-23, nan 
68.125, 62.875, 3.545279006404603e-23, nan 
68.375, 62.875, 4.299921290583813e-23, nan 
68.625, 62.875, 2.763118015400527e-23, nan 
68.875, 62.875, 2.8881399549040705e-23, nan 
69.125, 62.875, 2.6682006080569154e-23, nan 
69.375, 62.875, 2.380348716536033e-23, nan 
69.625, 62.875, 3.535903706438056e-23, nan 
69.875, 62.875, 3.1491608084155254e-23, nan 
70.125, 62.875, 1.743721207550616e-23, nan 
70.375, 62.875, 2.2471428585381492e-23, nan 
70.625, 62.875, 2.5107070828113887e-23, nan 
70.875, 62.875, 2.41571011648028e-23, nan 
71.125, 62.875, 2.4665913773910748e-23, nan 
71.375, 62.875, 3.7658396068328056e-23, nan 
71.625, 62.875, 4.207021018019579e-23, nan 
71.875, 62.875, 2.125595828835074e-23, nan 
72.125, 62.875, 2.2870355003428313e-23, nan 
72.375, 62.875, 2.740974243524785e-23, nan 
72.625, 62.875, 3.100795774347557e-23, nan 
72.875, 62.875, 2.773868211299164e-23, nan 
73.125, 62.875, 3.243517898402287e-23, nan 
73.375, 62.875, 3.6450127882147925e-23, nan 
73.625, 62.875, 3.2797567140249057e-23, nan 
73.875, 62.875, 5.837035918568939e-23, nan 
74.125, 62.875, 8.812147804893621e-23, nan 
74.375, 62.875, 6.362589503847373e-23, nan 
74.625, 62.875, 6.457970196934311e-23, nan 
74.875, 62.875, 8.295649050597147e-23, nan 
75.125, 62.875, 8.46429690810141e-23, nan 
75.375, 62.875, 9.93740156347869e-23, nan 
75.625, 62.875, 1.1873809074305302e-22, nan 
75.875, 62.875, 1.217795368242867e-22, nan 
76.125, 62.875, 1.3522819722976982e-22, nan 
76.375, 62.875, 1.3775742949628109e-22, nan 
76.625, 62.875, 1.0408115779383461e-22, nan 
76.875, 62.875, 3.7621734496239883e-23, nan 
77.125, 62.875, 8.630145427329495e-23, nan 
77.375, 62.875, 9.060864273073277e-23, nan 
77.625, 62.875, 7.062376619873312e-23, nan 
77.875, 62.875, 7.990004350329306e-23, nan 
78.125, 62.875, 7.950665426761969e-23, nan 
78.375, 62.875, 9.241647158801984e-23, nan 
78.625, 62.875, 8.530093305280887e-23, nan 
78.875, 62.875, 8.295358838530853e-23, nan 
79.125, 62.875, 1.0799368470057373e-22, nan 
79.375, 62.875, 6.833936628527163e-23, nan 
79.625, 62.875, 7.497086551070147e-23, nan 
79.875, 62.875, 1.1775349442414145e-22, nan 
80.125, 62.875, 6.467533481761213e-23, nan 
80.375, 62.875, 1.788260645597734e-22, nan 
80.625, 62.875, 4.247381911276342e-22, nan 
80.875, 62.875, 4.326127960307176e-22, nan 
81.125, 62.875, 1.8004084129045006e-22, nan 
81.375, 62.875, 9.729671976377449e-23, nan 
81.625, 62.875, 2.290095336219202e-22, nan 
81.875, 62.875, 9.456910167203139e-23, nan 
82.125, 62.875, 2.6910272388989017e-22, nan 
82.375, 62.875, 3.6508870034597603e-22, nan 
82.625, 62.875, 1.6136959601888757e-22, nan 
82.875, 62.875, 2.8103588268467243e-22, nan 
83.125, 62.875, 3.0185124775847797e-22, nan 
83.375, 62.875, 1.3456420882576667e-22, nan 
83.625, 62.875, 3.012629320218285e-22, nan 
83.875, 62.875, 3.100376494792143e-22, nan 
84.125, 62.875, 2.395159617966959e-22, nan 
84.375, 62.875, 2.529446148942343e-22, nan 
84.625, 62.875, 2.1269403138953324e-22, nan 
84.875, 62.875, 3.9099982851008516e-22, nan 
85.125, 62.875, 2.7771910910451713e-22, nan 
85.375, 62.875, 2.73160656835125e-22, nan 
85.625, 62.875, 1.6936581985690563e-22, nan 
85.875, 62.875, 6.589749290840896e-22, nan 
86.125, 62.875, 7.662698483569142e-23, nan 
86.375, 62.875, 7.474715390353542e-23, nan 
86.625, 62.875, 7.804614336246418e-22, nan 
86.875, 62.875, 6.960333780682442e-22, nan 
87.125, 62.875, 1.1809849667542914e-21, nan 
87.375, 62.875, 8.986434194220767e-22, nan 
87.625, 62.875, 1.581276595622968e-21, nan 
87.875, 62.875, 1.6068926076495246e-21, nan 
88.125, 62.875, 1.9846210937304457e-21, nan 
88.375, 62.875, 2.345027477375398e-21, nan 
88.625, 62.875, 2.7050256967029873e-21, nan 
88.875, 62.875, 2.3452716463157395e-21, nan 
89.125, 62.875, 2.188296764743489e-21, nan 
89.375, 62.875, 2.316907530454547e-21, nan 
89.625, 62.875, 1.5211766855905206e-21, nan 
89.875, 62.875, 1.1153232913836294e-21, nan 
90.125, 62.875, 9.909967428452277e-22, nan 
90.375, 62.875, 1.5431635648487869e-21, nan 
90.625, 62.875, 1.8477889986240834e-21, nan 
90.875, 62.875, 2.0453572477505363e-21, nan 
91.125, 62.875, 1.7653175258015377e-21, nan 
91.375, 62.875, 1.8262680745044782e-21, nan 
91.625, 62.875, 2.144775072312748e-21, nan 
91.875, 62.875, 1.3095233113585297e-21, nan 
92.125, 62.875, 2.8586424295195624e-21, nan 
92.375, 62.875, 1.4958204109117035e-21, nan 
92.625, 62.875, 1.4856994515957642e-21, nan 
92.875, 62.875, 3.511331351247611e-21, nan 
93.125, 62.875, 3.501144039645807e-21, nan 
93.375, 62.875, 3.564688292486383e-21, nan 
93.625, 62.875, 3.0186092446274085e-21, nan 
93.875, 62.875, 5.722858835399202e-21, nan 
94.125, 62.875, 9.717266193412622e-21, nan 
94.375, 62.875, 7.617542827552871e-21, nan 
94.625, 62.875, 4.817064740953524e-21, nan 
94.875, 62.875, 1.197291593490134e-20, nan 
95.125, 62.875, 9.790630249328693e-21, nan 
95.375, 62.875, 7.116390675022948e-21, nan 
95.625, 62.875, 6.104434751311718e-21, nan 
95.875, 62.875, 6.312226071480209e-21, nan 
96.125, 62.875, 2.730107955415966e-20, nan 
96.375, 62.875, 1.4937741826866357e-20, nan 
96.625, 62.875, 5.729744390863364e-21, nan 
96.875, 62.875, 1.8182671725623372e-20, nan 
97.125, 62.875, 1.2573118334845408e-20, nan 
97.375, 62.875, 1.0672355446816673e-20, nan 
97.625, 62.875, 1.3175348114277577e-20, nan 
97.875, 62.875, 7.537271806644984e-21, nan 
98.125, 62.875, 1.3595715433921242e-20, nan 
98.375, 62.875, 3.192863097023688e-20, nan 
98.625, 62.875, 4.4246326849494965e-20, nan 
98.875, 62.875, 3.68524554966152e-20, nan 
99.125, 62.875, 5.602898157724472e-20, nan 
99.375, 62.875, 9.974276113937451e-20, nan 
99.625, 62.875, 9.493423063160245e-20, nan 
99.875, 62.875, 6.72503296422475e-20, nan 
100.125, 62.875, 9.466939291135609e-20, nan 
100.375, 62.875, 8.67681445638411e-20, nan 
100.625, 62.875, 7.348956843572348e-20, nan 
100.875, 62.875, 2.2552789801619733e-20, nan 
101.125, 62.875, 1.7238177665356608e-20, nan 
101.375, 62.875, 1.5560691939007082e-20, nan 
101.625, 62.875, 1.5724426578733383e-20, nan 
101.875, 62.875, 3.874992704127525e-20, nan 
102.125, 62.875, 4.8201091494341244e-20, nan 
102.375, 62.875, 2.4718393967477828e-20, nan 
102.625, 62.875, 5.092910411838796e-20, nan 
102.875, 62.875, 5.743579427217213e-20, nan 
103.125, 62.875, 4.863437902705443e-20, nan 
103.375, 62.875, 4.351353136289418e-20, nan 
103.625, 62.875, 3.7076039111583716e-20, nan 
103.875, 62.875, 2.515578807581685e-20, nan 
104.125, 62.875, 2.6882716723196933e-20, nan 
104.375, 62.875, 2.0494048757744937e-20, nan 
104.625, 62.875, 1.8654439733964145e-20, nan 
104.875, 62.875, 1.9863393179203108e-20, nan 
105.125, 62.875, 1.6379078334136573e-20, nan 
105.375, 62.875, 9.29430165401905e-21, nan 
105.625, 62.875, 3.6982460764531866e-21, nan 
105.875, 62.875, 1.0158621088155811e-20, nan 
106.125, 62.875, 1.0443371379782008e-20, nan 
106.375, 62.875, 9.102703888602085e-21, nan 
106.625, 62.875, 1.2452077246367528e-20, nan 
106.875, 62.875, 9.454189153057483e-21, nan 
107.125, 62.875, 6.262897826171909e-21, nan 
107.375, 62.875, 4.294646364169257e-21, nan 
107.625, 62.875, 4.052610930821015e-21, nan 
107.875, 62.875, 5.500253299436632e-21, nan 
108.125, 62.875, 6.3870762359794826e-21, nan 
108.375, 62.875, 9.566648015255069e-21, nan 
108.625, 62.875, 9.147340187466224e-21, nan 
108.875, 62.875, 5.934508838900845e-21, nan 
109.125, 62.875, 9.91106685774638e-21, nan 
109.375, 62.875, 8.724990709884322e-21, nan 
109.625, 62.875, 8.262135438552692e-21, nan 
109.875, 62.875, 5.113103605323408e-21, nan 
110.125, 62.875, 5.9352280916532015e-21, nan 
110.375, 62.875, 6.141238921643554e-21, nan 
110.625, 62.875, 4.9108578587278074e-21, nan 
110.875, 62.875, 2.907170835953963e-21, nan 
111.125, 62.875, 4.2621568811432815e-21, nan 
111.375, 62.875, 2.568565327541378e-21, nan 
111.625, 62.875, 8.442960192849713e-22, nan 
111.875, 62.875, 2.1563135123392705e-21, nan 
112.125, 62.875, 1.811032264372307e-21, nan 
112.375, 62.875, 1.172980031861969e-21, nan 
112.625, 62.875, 1.0735730314006567e-21, nan 
112.875, 62.875, 1.170110575670045e-21, nan 
113.125, 62.875, 1.0205616945208568e-21, nan 
113.375, 62.875, 8.083088326554398e-22, nan 
113.625, 62.875, 7.091471839238423e-22, nan 
113.875, 62.875, 1.3566952891711778e-21, nan 
114.125, 62.875, 2.066813816032846e-21, nan 
114.375, 62.875, 1.9824210474407916e-21, nan 
114.625, 62.875, 2.2890893987162995e-21, nan 
114.875, 62.875, 3.939771361584841e-21, nan 
115.125, 62.875, 3.854972629040786e-21, nan 
115.375, 62.875, 2.7902110998324813e-21, nan 
115.625, 62.875, 1.5885407166897075e-21, nan 
115.875, 62.875, 1.5256282031257809e-21, nan 
116.125, 62.875, 1.2493905584647852e-21, nan 
116.375, 62.875, 6.380752503853523e-22, nan 
116.625, 62.875, 4.137828030662141e-22, nan 
116.875, 62.875, 2.9572568677138057e-22, nan 
117.125, 62.875, 4.534565314019535e-22, nan 
117.375, 62.875, 6.062665295614279e-22, nan 
117.625, 62.875, 1.735242863938622e-21, nan 
117.875, 62.875, 7.525119292269837e-22, nan 
118.125, 62.875, 3.910488516118456e-22, nan 
118.375, 62.875, 3.6436414805964814e-22, nan 
118.625, 62.875, 3.6285851162727554e-22, nan 
118.875, 62.875, 2.9398754532253396e-22, nan 
119.125, 62.875, 5.9079711043069e-22, nan 
119.375, 62.875, 6.141490503421088e-22, nan 
119.625, 62.875, 2.4006389729560967e-22, nan 
119.875, 62.875, 8.437350441744447e-23, nan 
120.125, 62.875, 1.508048959604142e-22, nan 
120.375, 62.875, 2.6863292410273905e-22, nan 
120.625, 62.875, 3.6098149783567624e-22, nan 
120.875, 62.875, 2.4044730428476815e-22, nan 
121.125, 62.875, 2.8814712751360856e-22, nan 
121.375, 62.875, 3.870123754926884e-22, nan 
121.625, 62.875, 2.589483590399345e-22, nan 
121.875, 62.875, 3.0427518365866343e-22, nan 
122.125, 62.875, 3.0926460475716305e-22, nan 
122.375, 62.875, 3.6701033498866744e-22, nan 
122.625, 62.875, 5.158170171813172e-22, nan 
122.875, 62.875, 2.0313161182698286e-22, nan 
123.125, 62.875, 2.4375635568076196e-22, nan 
123.375, 62.875, 2.9770808537772277e-22, nan 
123.625, 62.875, 1.6843012496077798e-22, nan 
123.875, 62.875, 6.35562799878933e-23, nan 
124.125, 62.875, 7.541837517593877e-23, nan 
124.375, 62.875, 1.0088732717452763e-22, nan 
124.625, 62.875, 5.736193503106839e-23, nan 
124.875, 62.875, 4.6906189855872254e-23, nan 
125.125, 62.875, 5.734995766280803e-23, nan 
125.375, 62.875, 7.513213961169203e-23, nan 
125.625, 62.875, 4.04523560184266e-23, nan 
125.875, 62.875, 1.9344072374083836e-23, nan 
126.125, 62.875, 6.384651786143315e-23, nan 
126.375, 62.875, 5.720936520830872e-23, nan 
126.625, 62.875, 1.0788651216953626e-23, nan 
126.875, 62.875, 3.0881943118046795e-23, nan 
127.125, 62.875, 3.6944490502976495e-23, nan 
127.375, 62.875, 3.0204288960534795e-23, nan 
127.625, 62.875, 3.8348122062600045e-23, nan 
127.875, 62.875, 4.1874386048287566e-23, nan 
128.125, 62.875, 1.608996915068083e-23, nan 
128.375, 62.875, 4.860535682004097e-23, nan 
128.625, 62.875, 4.260408371404223e-23, nan 
128.875, 62.875, 2.6985744407336806e-23, nan 
129.125, 62.875, 2.0492255732991478e-23, nan 
129.375, 62.875, 5.89188825913173e-23, nan 
129.625, 62.875, 1.1765033672987568e-22, nan 
129.875, 62.875, 4.8081862369411854e-23, nan 
130.125, 62.875, 3.4104732950833267e-23, nan 
130.375, 62.875, 2.6230268469104355e-23, nan 
130.625, 62.875, 2.2070876583926076e-23, nan 
130.875, 62.875, 3.299659022578676e-23, nan 
131.125, 62.875, 2.9094810714993394e-23, nan 
131.375, 62.875, 5.548563952992524e-23, nan 
131.625, 62.875, 4.479122304857969e-23, nan 
131.875, 62.875, 8.266651438306194e-23, nan 
132.125, 62.875, 4.886367625978285e-23, nan 
132.375, 62.875, 4.4383530894717686e-23, nan 
132.625, 62.875, 2.0308376291691686e-23, nan 
132.875, 62.875, 1.642032806816954e-23, nan 
133.125, 62.875, 1.9917672659509015e-23, nan 
133.375, 62.875, 1.0114732766548167e-23, nan 
133.625, 62.875, 1.3906755686384976e-23, nan 
133.875, 62.875, 1.855614776832971e-23, nan 
134.125, 62.875, 2.640280288553078e-23, nan 
134.375, 62.875, 3.326480681850218e-23, nan 
134.625, 62.875, 3.047291414818515e-23, nan 
134.875, 62.875, 3.3081562066166564e-23, nan 
135.125, 62.875, 2.481676363121355e-23, nan 
135.375, 62.875, 1.464757753943141e-23, nan 
135.625, 62.875, 1.886852997996789e-23, nan 
135.875, 62.875, 1.5481408061094303e-23, nan 
136.125, 62.875, 1.339778999134875e-23, nan 
136.375, 62.875, 8.202478337230035e-24, nan 
136.625, 62.875, 1.1682646680470453e-23, nan 
136.875, 62.875, 7.859243264082946e-24, nan 
137.125, 62.875, 9.433702441196615e-24, nan 
137.375, 62.875, 1.1950183972785961e-23, nan 
137.625, 62.875, 6.871167191397878e-24, nan 
137.875, 62.875, 9.96014586282421e-24, nan 
138.125, 62.875, 1.29569072766663e-23, nan 
138.375, 62.875, 1.0646934364890973e-23, nan 
138.625, 62.875, 5.757180196285127e-24, nan 
138.875, 62.875, 8.506671636176532e-24, nan 
139.125, 62.875, 8.177337165655139e-24, nan 
139.375, 62.875, 4.857451809740496e-24, nan 
139.625, 62.875, 3.267190809603764e-24, nan 
139.875, 62.875, 3.2596979811526925e-24, nan 
140.125, 62.875, 6.60290428947174e-24, nan 
140.375, 62.875, 1.363735728729286e-23, nan 
140.625, 62.875, 4.6142128590475275e-24, nan 
140.875, 62.875, 4.947354010353301e-24, nan 
141.125, 62.875, 2.081399505050808e-23, nan 
141.375, 62.875, 3.885607538763641e-24, nan 
141.625, 62.875, 8.287960959473277e-24, nan 
141.875, 62.875, 1.4008395659593852e-23, nan 
142.125, 62.875, 6.978172460968401e-24, nan 
142.375, 62.875, 9.205043534884784e-24, nan 
142.625, 62.875, 1.304620865474972e-23, nan 
142.875, 62.875, 1.0948165022840251e-23, nan 
143.125, 62.875, 4.0663349749370416e-24, nan 
143.375, 62.875, 8.344790436360255e-24, nan 
143.625, 62.875, 8.518151035791875e-24, nan 
143.875, 62.875, 6.2441403147630886e-24, nan 
144.125, 62.875, 3.1550265249706485e-24, nan 
144.375, 62.875, 5.92017472024433e-24, nan 
144.625, 62.875, 9.447435336861677e-24, nan 
144.875, 62.875, 4.361928600197892e-24, nan 
145.125, 62.875, 6.946748478750354e-24, nan 
145.375, 62.875, 3.386136168468174e-24, nan 
145.625, 62.875, 4.928269414795741e-24, nan 
145.875, 62.875, 6.970624408013684e-24, nan 
146.125, 62.875, 3.145907027600847e-24, nan 
146.375, 62.875, 3.204697999794763e-24, nan 
146.625, 62.875, 3.8167459757733944e-24, nan 
146.875, 62.875, 1.8094843606391567e-24, nan 
147.125, 62.875, 1.6003640384220384e-24, nan 
147.375, 62.875, 2.782661019256412e-24, nan 
147.625, 62.875, 3.9768190562015e-24, nan 
147.875, 62.875, 5.143140592633117e-24, nan 
148.125, 62.875, 6.0691600504210614e-24, nan 
148.375, 62.875, 9.505135998778031e-24, nan 
148.625, 62.875, 8.0741266105962e-24, nan 
148.875, 62.875, 1.2944649242194065e-23, nan 
149.125, 62.875, 1.924750925901076e-23, nan 
149.375, 62.875, 1.9228909149964747e-23, nan 
149.625, 62.875, 1.639911851474034e-23, nan 
149.875, 62.875, 1.3023747134676627e-23, nan 
150.125, 62.875, 5.548530344921963e-24, nan 
150.375, 62.875, 1.4681555122309544e-23, nan 
150.625, 62.875, 1.5223709943285007e-23, nan 
150.875, 62.875, 1.1600735800910038e-23, nan 
151.125, 62.875, 3.2667067771746482e-24, nan 
151.375, 62.875, 6.777338053982516e-24, nan 
151.625, 62.875, 4.363507094348326e-24, nan 
151.875, 62.875, 2.9771923154765463e-24, nan 
152.125, 62.875, 2.826260349874673e-24, nan 
152.375, 62.875, 3.050165944156806e-24, nan 
152.625, 62.875, 3.474166039314209e-24, nan 
152.875, 62.875, 1.1279290414372674e-24, nan 
153.125, 62.875, 1.7906835060670215e-24, nan 
153.375, 62.875, 1.9542204366498193e-24, nan 
153.625, 62.875, 1.7376438363750884e-24, nan 
153.875, 62.875, 3.834020525527264e-24, nan 
154.125, 62.875, 4.0511772235111496e-24, nan 
154.375, 62.875, 2.0781842433243417e-24, nan 
154.625, 62.875, 2.4496945189131174e-24, nan 
154.875, 62.875, 3.593836361804157e-24, nan 
155.125, 62.875, 4.284010458537404e-24, nan 
155.375, 62.875, 5.549675533810306e-24, nan 
155.625, 62.875, 4.885063990491322e-24, nan 
155.875, 62.875, 5.688568894825653e-24, nan 
156.125, 62.875, 6.009644473390927e-24, nan 
156.375, 62.875, 4.662738315078094e-24, nan 
156.625, 62.875, 6.3494596623519815e-24, nan 
156.875, 62.875, 4.833581879403604e-24, nan 
157.125, 62.875, 3.548422457873996e-24, nan 
157.375, 62.875, 4.724093920740798e-24, nan 
157.625, 62.875, 4.371176647265861e-24, nan 
157.875, 62.875, 5.074021451414895e-24, nan 
158.125, 62.875, 5.2585678635108514e-24, nan 
158.375, 62.875, 3.0579832639088646e-24, nan 
158.625, 62.875, 2.636078425768082e-24, nan 
158.875, 62.875, 3.4571604000260985e-24, nan 
159.125, 62.875, 1.4433233473428695e-24, nan 
159.375, 62.875, 2.1215901643573473e-24, nan 
159.625, 62.875, 6.427716563225425e-24, nan 
159.875, 62.875, 1.4347228347069724e-24, nan 
160.125, 62.875, 2.383814210595417e-24, nan 
160.375, 62.875, 3.7587925405901165e-24, nan 
160.625, 62.875, 3.4893599245752834e-24, nan 
160.875, 62.875, 3.8563536796567496e-24, nan 
161.125, 62.875, 4.2108142638018765e-24, nan 
161.375, 62.875, 2.0323515742289552e-24, nan 
161.625, 62.875, 1.4313636684160182e-24, nan 
161.875, 62.875, 1.0243944853344012e-24, nan 
162.125, 62.875, 9.463570288272963e-25, nan 
162.375, 62.875, 9.47190514810685e-25, nan 
162.625, 62.875, 1.022842129342732e-24, nan 
162.875, 62.875, 2.244051319345821e-24, nan 
163.125, 62.875, 2.9981936825192724e-24, nan 
163.375, 62.875, 3.501686921255321e-24, nan 
163.625, 62.875, 2.3785219548392096e-24, nan 
163.875, 62.875, 3.1716954402852756e-24, nan 
164.125, 62.875, 2.131377155672523e-24, nan 
164.375, 62.875, 1.747623765104567e-24, nan 
164.625, 62.875, 3.2567656962607334e-24, nan 
37.875, 63.125, 2.856392130932959e-24, nan 
38.125, 63.125, 2.142839099608636e-24, nan 
38.375, 63.125, 2.129099876673971e-24, nan 
38.625, 63.125, 3.077637627682725e-24, nan 
38.875, 63.125, 1.475242873120561e-24, nan 
39.125, 63.125, 1.3832919542398835e-24, nan 
39.375, 63.125, 1.5072557688288223e-24, nan 
39.625, 63.125, 1.2791328394586758e-24, nan 
39.875, 63.125, 1.2414689014978805e-24, nan 
40.125, 63.125, 1.4385564527416448e-24, nan 
40.375, 63.125, 1.087151730187772e-24, nan 
40.625, 63.125, 9.630577446722152e-25, nan 
40.875, 63.125, 1.0218254502708916e-24, nan 
41.125, 63.125, 9.274167273147445e-25, nan 
41.375, 63.125, 3.6498074652134942e-25, nan 
41.625, 63.125, 1.258562308673392e-24, nan 
41.875, 63.125, 1.4216573144519571e-24, nan 
42.125, 63.125, 1.0586730442415637e-24, nan 
42.375, 63.125, 1.790123866134621e-24, nan 
42.625, 63.125, 1.2924363473531151e-24, nan 
42.875, 63.125, 1.1937096853966967e-24, nan 
43.125, 63.125, 1.7683486494913204e-24, nan 
43.375, 63.125, 1.1724990755616497e-24, nan 
43.625, 63.125, 2.252607136955934e-24, nan 
43.875, 63.125, 2.9950559633461406e-24, nan 
44.125, 63.125, 1.9734535294482604e-24, nan 
44.375, 63.125, 2.44083109892247e-24, nan 
44.625, 63.125, 2.9932293591105705e-24, nan 
44.875, 63.125, 2.2003183857068747e-24, nan 
45.125, 63.125, 1.309877570918301e-24, nan 
45.375, 63.125, 2.0417490442479956e-24, nan 
45.625, 63.125, 1.5898633373417395e-24, nan 
45.875, 63.125, 2.0667440895042736e-24, nan 
46.125, 63.125, 3.0036714573089678e-24, nan 
46.375, 63.125, 7.262829699708184e-24, nan 
46.625, 63.125, 7.887652252697732e-24, nan 
46.875, 63.125, 4.247424046177585e-24, nan 
47.125, 63.125, 5.0872762691874514e-24, nan 
47.375, 63.125, 5.515276925999028e-24, nan 
47.625, 63.125, 3.0262757797380848e-24, nan 
47.875, 63.125, 1.6545645905585832e-24, nan 
48.125, 63.125, 1.1858943175115855e-24, nan 
48.375, 63.125, 2.2933456148831444e-24, nan 
48.625, 63.125, 3.0779352771439977e-24, nan 
48.875, 63.125, 6.421278621347772e-24, nan 
49.125, 63.125, 8.158520549931145e-24, nan 
49.375, 63.125, 7.770540147908929e-24, nan 
49.625, 63.125, 9.338237969146592e-24, nan 
49.875, 63.125, 5.937904880809965e-24, nan 
50.125, 63.125, 5.8125987942120345e-24, nan 
50.375, 63.125, 7.750889291811804e-24, nan 
50.625, 63.125, 3.0234747846671363e-24, nan 
50.875, 63.125, 2.6482363627604807e-24, nan 
51.125, 63.125, 3.340631360540762e-24, nan 
51.375, 63.125, 2.4462283609336418e-24, nan 
51.625, 63.125, 3.0343795099308858e-24, nan 
51.875, 63.125, 3.648505180431623e-24, nan 
52.125, 63.125, 3.1549370744249306e-24, nan 
52.375, 63.125, 4.750719082741797e-24, nan 
52.625, 63.125, 4.877900023716355e-24, nan 
52.875, 63.125, 4.27513307635769e-24, nan 
53.125, 63.125, 4.073696567979296e-24, nan 
53.375, 63.125, 4.0418769136869594e-24, nan 
53.625, 63.125, 3.388189622664886e-24, nan 
53.875, 63.125, 4.130304379167372e-24, nan 
54.125, 63.125, 4.616301717172233e-24, nan 
54.375, 63.125, 4.042877796918831e-24, nan 
54.625, 63.125, 3.3841531258269426e-24, nan 
54.875, 63.125, 3.438767620814046e-24, nan 
55.125, 63.125, 3.621067337020204e-24, nan 
55.375, 63.125, 6.130329562230926e-24, nan 
55.625, 63.125, 6.2084996887184505e-24, nan 
55.875, 63.125, 4.121352366410477e-24, nan 
56.125, 63.125, 5.4952800993467714e-24, nan 
56.375, 63.125, 7.999224254241593e-24, nan 
56.625, 63.125, 7.457841277038436e-24, nan 
56.875, 63.125, 6.421321911726984e-24, nan 
57.125, 63.125, 5.0463443121451625e-24, nan 
57.375, 63.125, 5.470173980858316e-24, nan 
57.625, 63.125, 9.417474668536623e-24, nan 
57.875, 63.125, 1.2148534157463085e-23, nan 
58.125, 63.125, 1.2115446019430922e-23, nan 
58.375, 63.125, 9.552533062748278e-24, nan 
58.625, 63.125, 5.919912999447505e-24, nan 
58.875, 63.125, 8.858147144840073e-24, nan 
59.125, 63.125, 1.2171524120574356e-23, nan 
59.375, 63.125, 9.400043258829071e-24, nan 
59.625, 63.125, 8.84316379100227e-24, nan 
59.875, 63.125, 9.742254715998298e-24, nan 
60.125, 63.125, 9.79870227352153e-24, nan 
60.375, 63.125, 9.060547060505155e-24, nan 
60.625, 63.125, 1.0619010208199039e-23, nan 
60.875, 63.125, 8.9373933986694e-24, nan 
61.125, 63.125, 9.615985002003348e-24, nan 
61.375, 63.125, 1.555988290097994e-23, nan 
61.625, 63.125, 4.848198121106497e-24, nan 
61.875, 63.125, 1.6635595729747806e-23, nan 
62.125, 63.125, 1.1726314369139896e-23, nan 
62.375, 63.125, 8.570647188206089e-24, nan 
62.625, 63.125, 1.1598993414953518e-23, nan 
62.875, 63.125, 6.365836333409248e-24, nan 
63.125, 63.125, 8.027351039181932e-24, nan 
63.375, 63.125, 1.4914303809027086e-23, nan 
63.625, 63.125, 4.458765074940989e-24, nan 
63.875, 63.125, 5.30049149820327e-24, nan 
64.125, 63.125, 7.284759207125043e-24, nan 
64.375, 63.125, 7.116994614486714e-24, nan 
64.625, 63.125, 1.5117801688825265e-23, nan 
64.875, 63.125, 2.6835967176688496e-23, nan 
65.125, 63.125, 2.2616243154653094e-23, nan 
65.375, 63.125, 2.1270557857109328e-23, nan 
65.625, 63.125, 3.2740396191113547e-23, nan 
65.875, 63.125, 1.756776361628031e-23, nan 
66.125, 63.125, 9.910184594905567e-24, nan 
66.375, 63.125, 7.259743673258159e-24, nan 
66.625, 63.125, 1.1232946277783841e-23, nan 
66.875, 63.125, 1.0236494232672647e-23, nan 
67.125, 63.125, 8.56016386508154e-24, nan 
67.375, 63.125, 1.0722851918185198e-23, nan 
67.625, 63.125, 1.444313588456931e-23, nan 
67.875, 63.125, 1.9657853365502042e-23, nan 
68.125, 63.125, 2.2652715512840133e-23, nan 
68.375, 63.125, 2.603108027314741e-23, nan 
68.625, 63.125, 2.481127366624805e-23, nan 
68.875, 63.125, 2.7771573347362196e-23, nan 
69.125, 63.125, 3.145501511479601e-23, nan 
69.375, 63.125, 2.893124253093237e-23, nan 
69.625, 63.125, 4.001749263396645e-23, nan 
69.875, 63.125, 2.9629766564141993e-23, nan 
70.125, 63.125, 1.9058798182538374e-23, nan 
70.375, 63.125, 1.0343441849489139e-23, nan 
70.625, 63.125, 2.794826273868995e-23, nan 
70.875, 63.125, 3.687903352132898e-23, nan 
71.125, 63.125, 3.054475499646967e-23, nan 
71.375, 63.125, 4.4289692357446624e-23, nan 
71.625, 63.125, 6.183684491785221e-23, nan 
71.875, 63.125, 4.134580485784845e-23, nan 
72.125, 63.125, 2.8261634702983285e-23, nan 
72.375, 63.125, 2.2259822200894108e-23, nan 
72.625, 63.125, 2.411435054682883e-23, nan 
72.875, 63.125, 2.5969642535220254e-23, nan 
73.125, 63.125, 2.610855518759932e-23, nan 
73.375, 63.125, 5.529031418451566e-23, nan 
73.625, 63.125, 6.072858966378101e-23, nan 
73.875, 63.125, 6.267676090016441e-23, nan 
74.125, 63.125, 9.848033438495358e-23, nan 
74.375, 63.125, 6.19062119892875e-23, nan 
74.625, 63.125, 6.11430716968361e-23, nan 
74.875, 63.125, 3.707704001803807e-23, nan 
75.125, 63.125, 4.1614635298621603e-23, nan 
75.375, 63.125, 7.091857660263427e-23, nan 
75.625, 63.125, 1.1348477848735019e-22, nan 
75.875, 63.125, 1.2408801361972806e-22, nan 
76.125, 63.125, 1.598922021326375e-22, nan 
76.375, 63.125, 1.7319932753674213e-22, nan 
76.625, 63.125, 1.3046491966302587e-22, nan 
76.875, 63.125, 1.7061065724065926e-22, nan 
77.125, 63.125, 1.7842727625347637e-22, nan 
77.375, 63.125, 1.0858956127713573e-22, nan 
77.625, 63.125, 8.493415741336204e-23, nan 
77.875, 63.125, 7.400940430002823e-23, nan 
78.125, 63.125, 6.824925783850443e-23, nan 
78.375, 63.125, 1.0450238765664836e-22, nan 
78.625, 63.125, 1.0361099947106538e-22, nan 
78.875, 63.125, 9.630107055609962e-23, nan 
79.125, 63.125, 1.0151691808449932e-22, nan 
79.375, 63.125, 7.585217318760367e-23, nan 
79.625, 63.125, 1.1866280257804387e-22, nan 
79.875, 63.125, 2.938672878456658e-22, nan 
80.125, 63.125, 2.3837169387986964e-22, nan 
80.375, 63.125, 2.1628120836150936e-22, nan 
80.625, 63.125, 6.758466946432422e-22, nan 
80.875, 63.125, 7.015151083211465e-22, nan 
81.125, 63.125, 2.6754931769269785e-22, nan 
81.375, 63.125, 3.8314022176529785e-22, nan 
81.625, 63.125, 7.323407450062533e-22, nan 
81.875, 63.125, 1.818329050819989e-22, nan 
82.125, 63.125, 1.1230772802185932e-22, nan 
82.375, 63.125, 8.37176498319182e-23, nan 
82.625, 63.125, 1.0588060257032698e-22, nan 
82.875, 63.125, 1.9906752142762059e-22, nan 
83.125, 63.125, 2.372337761937855e-22, nan 
83.375, 63.125, 1.785957813614085e-22, nan 
83.625, 63.125, 1.5969676114921598e-22, nan 
83.875, 63.125, 2.156924690483975e-22, nan 
84.125, 63.125, 1.1766483435106954e-22, nan 
84.375, 63.125, 1.7734602888750726e-22, nan 
84.625, 63.125, 1.8198542147905922e-22, nan 
84.875, 63.125, 3.023144903278766e-22, nan 
85.125, 63.125, 1.5579397791577217e-22, nan 
85.375, 63.125, 1.2763380325434646e-22, nan 
85.625, 63.125, 4.01672870237663e-22, nan 
85.875, 63.125, 4.253966282089983e-22, nan 
86.125, 63.125, 2.4595154450131844e-22, nan 
86.375, 63.125, 2.072598116878721e-22, nan 
86.625, 63.125, 7.286630153915867e-22, nan 
86.875, 63.125, 1.3794488989637625e-21, nan 
87.125, 63.125, 1.1970484958289015e-21, nan 
87.375, 63.125, 1.3442660060458351e-21, nan 
87.625, 63.125, 2.8405067929860472e-21, nan 
87.875, 63.125, 2.856374211160627e-21, nan 
88.125, 63.125, 1.9051636925736027e-21, nan 
88.375, 63.125, 2.1232650528208316e-21, nan 
88.625, 63.125, 2.2892438679893935e-21, nan 
88.875, 63.125, 2.6842065911922267e-21, nan 
89.125, 63.125, 2.7435536708389964e-21, nan 
89.375, 63.125, 2.874089395955074e-21, nan 
89.625, 63.125, 2.3096995983139218e-21, nan 
89.875, 63.125, 1.4157168273283835e-21, nan 
90.125, 63.125, 1.4512156986316352e-21, nan 
90.375, 63.125, 2.8358325014800482e-21, nan 
90.625, 63.125, 1.9830211564331206e-21, nan 
90.875, 63.125, 1.0393167064781763e-21, nan 
91.125, 63.125, 2.3499451720375907e-21, nan 
91.375, 63.125, 2.4181582589031622e-21, nan 
91.625, 63.125, 2.8524869648082188e-21, nan 
91.875, 63.125, 3.1096448125949867e-21, nan 
92.125, 63.125, 2.8059093652320076e-21, nan 
92.375, 63.125, 3.3450977549723922e-21, nan 
92.625, 63.125, 3.3371140998968948e-21, nan 
92.875, 63.125, 3.733971084543175e-21, nan 
93.125, 63.125, 4.5806677917441215e-21, nan 
93.375, 63.125, 6.1095222369407176e-21, nan 
93.625, 63.125, 6.2139746089334664e-21, nan 
93.875, 63.125, 5.007365587877314e-21, nan 
94.125, 63.125, 8.330926596365351e-21, nan 
94.375, 63.125, 9.855305537885285e-21, nan 
94.625, 63.125, 6.100494281409448e-21, nan 
94.875, 63.125, 9.515345227686113e-21, nan 
95.125, 63.125, 9.311697307335789e-21, nan 
95.375, 63.125, 7.536324356198582e-21, nan 
95.625, 63.125, 5.3429650063043804e-21, nan 
95.875, 63.125, 5.333861621301698e-21, nan 
96.125, 63.125, 1.7759072529643312e-20, nan 
96.375, 63.125, 8.009163871084882e-21, nan 
96.625, 63.125, 6.244678981491314e-21, nan 
96.875, 63.125, 6.069487642992995e-21, nan 
97.125, 63.125, 9.828798267480098e-21, nan 
97.375, 63.125, 1.1921080492980797e-20, nan 
97.625, 63.125, 1.055385492880033e-20, nan 
97.875, 63.125, 1.1946410483466207e-20, nan 
98.125, 63.125, 1.521292438687362e-20, nan 
98.375, 63.125, 2.027859635414785e-20, nan 
98.625, 63.125, 2.62099219227168e-20, nan 
98.875, 63.125, 3.594943686504148e-20, nan 
99.125, 63.125, 3.132348095838846e-20, nan 
99.375, 63.125, 6.79858992704953e-20, nan 
99.625, 63.125, 7.073661764109512e-20, nan 
99.875, 63.125, 8.0020505535962e-20, nan 
100.125, 63.125, 6.162923137256063e-20, nan 
100.375, 63.125, 7.643730115734636e-20, nan 
100.625, 63.125, 7.014624534652256e-20, nan 
100.875, 63.125, 2.0677773978571126e-20, nan 
101.125, 63.125, 2.705012185747384e-20, nan 
101.375, 63.125, 2.5649333366640313e-20, nan 
101.625, 63.125, 1.388538889680032e-20, nan 
101.875, 63.125, 3.08501035083848e-20, nan 
102.125, 63.125, 5.156726237945017e-20, nan 
102.375, 63.125, 3.5159524551284404e-20, nan 
102.625, 63.125, 3.689749108624898e-20, nan 
102.875, 63.125, 5.857130752348177e-20, nan 
103.125, 63.125, 4.084907502801104e-20, nan 
103.375, 63.125, 2.0928898102185207e-20, nan 
103.625, 63.125, 3.432874962628171e-20, nan 
103.875, 63.125, 3.088589818978606e-20, nan 
104.125, 63.125, 2.512752239961526e-20, nan 
104.375, 63.125, 2.3004063584458584e-20, nan 
104.625, 63.125, 2.6135915445592806e-20, nan 
104.875, 63.125, 1.8859251515036785e-20, nan 
105.125, 63.125, 1.3983940774802017e-20, nan 
105.375, 63.125, 8.405307608201976e-21, nan 
105.625, 63.125, 7.475446987981343e-21, nan 
105.875, 63.125, 9.701392306376801e-21, nan 
106.125, 63.125, 1.2877637870609347e-20, nan 
106.375, 63.125, 1.1339816323310434e-20, nan 
106.625, 63.125, 7.35462780799142e-21, nan 
106.875, 63.125, 6.785911030284527e-21, nan 
107.125, 63.125, 1.147369281179214e-20, nan 
107.375, 63.125, 1.3392894286452613e-20, nan 
107.625, 63.125, 7.815627440397675e-21, nan 
107.875, 63.125, 8.474612470381392e-21, nan 
108.125, 63.125, 1.0161121985443047e-20, nan 
108.375, 63.125, 1.477909473002105e-20, nan 
108.625, 63.125, 1.221830821857052e-20, nan 
108.875, 63.125, 1.1476920450347317e-20, nan 
109.125, 63.125, 1.5867371581620323e-20, nan 
109.375, 63.125, 1.2263726260419502e-20, nan 
109.625, 63.125, 7.747455456345308e-21, nan 
109.875, 63.125, 7.723884889283943e-21, nan 
110.125, 63.125, 7.91296930300634e-21, nan 
110.375, 63.125, 6.203745049943745e-21, nan 
110.625, 63.125, 4.219798953371702e-21, nan 
110.875, 63.125, 2.8753435408700636e-21, nan 
111.125, 63.125, 3.534844144544953e-21, nan 
111.375, 63.125, 3.2150354788943293e-21, nan 
111.625, 63.125, 2.321002659054005e-21, nan 
111.875, 63.125, 2.4682910251888046e-21, nan 
112.125, 63.125, 1.9040478823140075e-21, nan 
112.375, 63.125, 1.2102512968112668e-21, nan 
112.625, 63.125, 6.935696045125671e-22, nan 
112.875, 63.125, 1.682169888774989e-21, nan 
113.125, 63.125, 1.3596796620651825e-21, nan 
113.375, 63.125, 5.136892990145587e-22, nan 
113.625, 63.125, 4.448160199990372e-22, nan 
113.875, 63.125, 1.1517141561883293e-21, nan 
114.125, 63.125, 7.497440116024405e-22, nan 
114.375, 63.125, 4.65540138837255e-22, nan 
114.625, 63.125, 1.1045783259393017e-21, nan 
114.875, 63.125, 1.884288033361395e-21, nan 
115.125, 63.125, 1.928462857100773e-21, nan 
115.375, 63.125, 1.5139258037146969e-21, nan 
115.625, 63.125, 5.747620334601479e-22, nan 
115.875, 63.125, 5.36162226927817e-22, nan 
116.125, 63.125, 6.591515316049404e-22, nan 
116.375, 63.125, 7.8934278637312175e-22, nan 
116.625, 63.125, 6.9483159172132e-22, nan 
116.875, 63.125, 1.4427033961982419e-21, nan 
117.125, 63.125, 6.807131170922613e-22, nan 
117.375, 63.125, 6.373938278496647e-22, nan 
117.625, 63.125, 2.6612384184557787e-21, nan 
117.875, 63.125, 9.731371584350138e-22, nan 
118.125, 63.125, 3.113841216087729e-22, nan 
118.375, 63.125, 8.382141986263064e-22, nan 
118.625, 63.125, 5.329563491485545e-22, nan 
118.875, 63.125, 2.6391160385088548e-22, nan 
119.125, 63.125, 3.723470215114629e-22, nan 
119.375, 63.125, 3.470441147303873e-22, nan 
119.625, 63.125, 3.219008593187943e-22, nan 
119.875, 63.125, 3.8256104646688425e-22, nan 
120.125, 63.125, 5.578030667900188e-22, nan 
120.375, 63.125, 2.842146843006461e-22, nan 
120.625, 63.125, 3.2376507641528765e-22, nan 
120.875, 63.125, 2.8105863985083127e-22, nan 
121.125, 63.125, 2.6506811918394633e-22, nan 
121.375, 63.125, 2.596466179781101e-22, nan 
121.625, 63.125, 2.9354822700200255e-22, nan 
121.875, 63.125, 2.581897754250434e-22, nan 
122.125, 63.125, 5.376394803633228e-22, nan 
122.375, 63.125, 3.5439113223732986e-22, nan 
122.625, 63.125, 3.942232736294965e-22, nan 
122.875, 63.125, 3.2577930987152595e-22, nan 
123.125, 63.125, 2.274076621273611e-22, nan 
123.375, 63.125, 1.679921013817745e-22, nan 
123.625, 63.125, 7.255411779599413e-23, nan 
123.875, 63.125, 4.093313714119139e-23, nan 
124.125, 63.125, 8.95730965243823e-23, nan 
124.375, 63.125, 9.04602648940234e-23, nan 
124.625, 63.125, 3.742101860520312e-23, nan 
124.875, 63.125, 6.500608963725902e-23, nan 
125.125, 63.125, 6.516982580585553e-23, nan 
125.375, 63.125, 8.671738227268656e-23, nan 
125.625, 63.125, 5.1980833597430326e-23, nan 
125.875, 63.125, 1.1905139010239175e-23, nan 
126.125, 63.125, 9.722067627060502e-23, nan 
126.375, 63.125, 9.327637809502507e-23, nan 
126.625, 63.125, 1.8704669811179358e-23, nan 
126.875, 63.125, 6.148271086672262e-23, nan 
127.125, 63.125, 4.6691928993905687e-23, nan 
127.375, 63.125, 1.6838442135194813e-23, nan 
127.625, 63.125, 1.7116575605439693e-23, nan 
127.875, 63.125, 3.270843770225736e-23, nan 
128.125, 63.125, 3.844559552549717e-23, nan 
128.375, 63.125, 5.488620156621808e-23, nan 
128.625, 63.125, 3.93406729207731e-23, nan 
128.875, 63.125, 4.70605327454915e-23, nan 
129.125, 63.125, 8.852690066208431e-23, nan 
129.375, 63.125, 6.49586199773194e-23, nan 
129.625, 63.125, 7.010291609551436e-23, nan 
129.875, 63.125, 4.0178408664348367e-23, nan 
130.125, 63.125, 1.6649782724323345e-23, nan 
130.375, 63.125, 1.8300813522972154e-23, nan 
130.625, 63.125, 4.307898311841527e-23, nan 
130.875, 63.125, 6.823640637634113e-23, nan 
131.125, 63.125, 1.4663279016361361e-22, nan 
131.375, 63.125, 8.72604352089983e-23, nan 
131.625, 63.125, 5.641580009457015e-23, nan 
131.875, 63.125, 1.2250399395987242e-22, nan 
132.125, 63.125, 6.210249985698943e-23, nan 
132.375, 63.125, 7.363303122525661e-23, nan 
132.625, 63.125, 5.299714598845374e-23, nan 
132.875, 63.125, 4.484573436106385e-23, nan 
133.125, 63.125, 4.8155181217160866e-23, nan 
133.375, 63.125, 2.2127118565974096e-23, nan 
133.625, 63.125, 1.560708786830297e-23, nan 
133.875, 63.125, 2.5841808538091208e-23, nan 
134.125, 63.125, 2.734067755928992e-23, nan 
134.375, 63.125, 3.2844940019740163e-23, nan 
134.625, 63.125, 3.2001776560388e-23, nan 
134.875, 63.125, 2.752731515156533e-23, nan 
135.125, 63.125, 1.81081542748198e-23, nan 
135.375, 63.125, 1.8775110779940378e-23, nan 
135.625, 63.125, 1.3999677599145624e-23, nan 
135.875, 63.125, 1.281355346464422e-23, nan 
136.125, 63.125, 9.639015069958576e-24, nan 
136.375, 63.125, 9.687654887300121e-24, nan 
136.625, 63.125, 1.4862131521637276e-23, nan 
136.875, 63.125, 9.08639463688126e-24, nan 
137.125, 63.125, 1.01421180147821e-23, nan 
137.375, 63.125, 1.0263241697015797e-23, nan 
137.625, 63.125, 8.563189625912501e-24, nan 
137.875, 63.125, 1.2695267472293467e-23, nan 
138.125, 63.125, 1.2414890876557441e-23, nan 
138.375, 63.125, 8.422810241404853e-24, nan 
138.625, 63.125, 8.353968046812964e-24, nan 
138.875, 63.125, 9.197545884737407e-24, nan 
139.125, 63.125, 6.712654457213032e-24, nan 
139.375, 63.125, 5.170812436376302e-24, nan 
139.625, 63.125, 2.2674582231327034e-24, nan 
139.875, 63.125, 4.390612961235495e-24, nan 
140.125, 63.125, 6.3171654662259095e-24, nan 
140.375, 63.125, 8.132416780669681e-24, nan 
140.625, 63.125, 5.5042649644607706e-24, nan 
140.875, 63.125, 5.920637407614152e-24, nan 
141.125, 63.125, 1.2165534013795354e-23, nan 
141.375, 63.125, 4.199995717193434e-24, nan 
141.625, 63.125, 6.1956103018904715e-24, nan 
141.875, 63.125, 1.158079092470661e-23, nan 
142.125, 63.125, 1.0584508924087602e-23, nan 
142.375, 63.125, 6.866677026164988e-24, nan 
142.625, 63.125, 1.2981781861922292e-23, nan 
142.875, 63.125, 1.5799937556617944e-23, nan 
143.125, 63.125, 6.1892732782287084e-24, nan 
143.375, 63.125, 8.515141133675774e-24, nan 
143.625, 63.125, 1.218242055795491e-23, nan 
143.875, 63.125, 5.449139107566698e-24, nan 
144.125, 63.125, 3.1205489237083258e-24, nan 
144.375, 63.125, 4.7083614632732234e-24, nan 
144.625, 63.125, 7.796873877665471e-24, nan 
144.875, 63.125, 6.4378962680303854e-24, nan 
145.125, 63.125, 5.1178725831255815e-24, nan 
145.375, 63.125, 4.434788378251416e-24, nan 
145.625, 63.125, 7.457692060493502e-24, nan 
145.875, 63.125, 6.551099121728468e-24, nan 
146.125, 63.125, 2.2068698375121654e-24, nan 
146.375, 63.125, 4.162853872190854e-24, nan 
146.625, 63.125, 4.467236669893412e-24, nan 
146.875, 63.125, 2.3960675942211135e-24, nan 
147.125, 63.125, 2.4659405985138048e-24, nan 
147.375, 63.125, 3.888073728423997e-24, nan 
147.625, 63.125, 4.876480093012034e-24, nan 
147.875, 63.125, 5.503818819722821e-24, nan 
148.125, 63.125, 6.228437035498633e-24, nan 
148.375, 63.125, 9.67120157592775e-24, nan 
148.625, 63.125, 8.94148098748851e-24, nan 
148.875, 63.125, 7.088510206159028e-24, nan 
149.125, 63.125, 8.748070678137802e-24, nan 
149.375, 63.125, 1.0614774653630881e-23, nan 
149.625, 63.125, 1.6805924958525348e-23, nan 
149.875, 63.125, 1.431080470646773e-23, nan 
150.125, 63.125, 1.0748008887841974e-23, nan 
150.375, 63.125, 2.5949992977333372e-23, nan 
150.625, 63.125, 2.5358500974819668e-23, nan 
150.875, 63.125, 1.8718553456307998e-23, nan 
151.125, 63.125, 1.0202810075370983e-23, nan 
151.375, 63.125, 1.2179726847173656e-23, nan 
151.625, 63.125, 9.512127606354137e-24, nan 
151.875, 63.125, 2.2348488186974065e-24, nan 
152.125, 63.125, 1.761632791608896e-24, nan 
152.375, 63.125, 1.4478998541438198e-24, nan 
152.625, 63.125, 1.6829525002617754e-24, nan 
152.875, 63.125, 1.466328110677392e-24, nan 
153.125, 63.125, 2.2143184226461422e-24, nan 
153.375, 63.125, 1.9390108019673917e-24, nan 
153.625, 63.125, 1.2280738199229341e-24, nan 
153.875, 63.125, 1.7149395220176476e-24, nan 
154.125, 63.125, 1.5457424733845861e-24, nan 
154.375, 63.125, 2.0695490949581443e-24, nan 
154.625, 63.125, 2.814395139224574e-24, nan 
154.875, 63.125, 4.272309038515461e-24, nan 
155.125, 63.125, 4.993593240298811e-24, nan 
155.375, 63.125, 6.4830602826832075e-24, nan 
155.625, 63.125, 6.790733555542773e-24, nan 
155.875, 63.125, 6.1801524806664655e-24, nan 
156.125, 63.125, 6.067983971298615e-24, nan 
156.375, 63.125, 5.563993536491996e-24, nan 
156.625, 63.125, 5.1700664426499865e-24, nan 
156.875, 63.125, 4.485306146702793e-24, nan 
157.125, 63.125, 4.409192812475205e-24, nan 
157.375, 63.125, 4.259247935032928e-24, nan 
157.625, 63.125, 3.9104533350610736e-24, nan 
157.875, 63.125, 3.954996233995597e-24, nan 
158.125, 63.125, 2.7433950596132077e-24, nan 
158.375, 63.125, 1.917185920954589e-24, nan 
158.625, 63.125, 2.7760253784048435e-24, nan 
158.875, 63.125, 2.136942435665546e-24, nan 
159.125, 63.125, 1.2155476767219125e-24, nan 
159.375, 63.125, 3.731515603487159e-24, nan 
159.625, 63.125, 3.910403432938727e-24, nan 
159.875, 63.125, 1.6255960267841014e-24, nan 
160.125, 63.125, 3.567814852756159e-24, nan 
160.375, 63.125, 3.1329929361650408e-24, nan 
160.625, 63.125, 2.6113130528819285e-24, nan 
160.875, 63.125, 1.5441345436070624e-24, nan 
161.125, 63.125, 1.3975206820239653e-24, nan 
161.375, 63.125, 9.445339673999882e-25, nan 
161.625, 63.125, 5.5656084854221595e-25, nan 
161.875, 63.125, 8.973225990891232e-25, nan 
162.125, 63.125, 1.807404528588532e-24, nan 
162.375, 63.125, 1.4680780935952645e-24, nan 
162.625, 63.125, 2.60755373434287e-24, nan 
162.875, 63.125, 3.0277014222251244e-24, nan 
163.125, 63.125, 3.063865248151687e-24, nan 
163.375, 63.125, 3.8230431255650375e-24, nan 
163.625, 63.125, 1.6661803305550634e-24, nan 
163.875, 63.125, 3.9457550616890184e-24, nan 
164.125, 63.125, 6.13117494039142e-24, nan 
164.375, 63.125, 1.8794028177211294e-24, nan 
164.625, 63.125, 5.121936723395397e-24, nan 
164.875, 63.125, 7.693253274288651e-24, nan 
37.625, 63.375, 1.150222117317874e-24, nan 
37.875, 63.375, 9.869988410021605e-25, nan 
38.125, 63.375, 2.0985911026662372e-24, nan 
38.375, 63.375, 2.176499639536929e-24, nan 
38.625, 63.375, 2.4812257837057967e-24, nan 
38.875, 63.375, 2.4297481525723007e-24, nan 
39.125, 63.375, 2.3219995687982658e-24, nan 
39.375, 63.375, 1.724393040059468e-24, nan 
39.625, 63.375, 1.6162726843782207e-24, nan 
39.875, 63.375, 1.5966914532290938e-24, nan 
40.125, 63.375, 1.6352930051152583e-24, nan 
40.375, 63.375, 1.4449002603387297e-24, nan 
40.625, 63.375, 1.0396120280342421e-24, nan 
40.875, 63.375, 5.81573373830172e-25, nan 
41.125, 63.375, 6.368796667314238e-25, nan 
41.375, 63.375, 5.773899311241517e-25, nan 
41.625, 63.375, 1.131420265699657e-24, nan 
41.875, 63.375, 4.316781424305655e-25, nan 
42.125, 63.375, 7.573964151423881e-25, nan 
42.375, 63.375, 1.0150550281374503e-24, nan 
42.625, 63.375, 7.776183543229545e-25, nan 
42.875, 63.375, 1.9814228730559412e-24, nan 
43.125, 63.375, 2.889204400726981e-24, nan 
43.375, 63.375, 1.2746316787965424e-24, nan 
43.625, 63.375, 3.776231949170009e-24, nan 
43.875, 63.375, 6.160424938667519e-24, nan 
44.125, 63.375, 2.798564532963419e-24, nan 
44.375, 63.375, 2.5710714922336458e-24, nan 
44.625, 63.375, 3.91534425885968e-24, nan 
44.875, 63.375, 2.1855471601788908e-24, nan 
45.125, 63.375, 1.998591553660624e-24, nan 
45.375, 63.375, 3.708346726194417e-24, nan 
45.625, 63.375, 3.2499066824721537e-24, nan 
45.875, 63.375, 3.0989149914490683e-24, nan 
46.125, 63.375, 3.942337781136622e-24, nan 
46.375, 63.375, 5.773468403849951e-24, nan 
46.625, 63.375, 5.805455876011046e-24, nan 
46.875, 63.375, 3.356689288719573e-24, nan 
47.125, 63.375, 1.6626114980660557e-24, nan 
47.375, 63.375, 2.2037343523660146e-24, nan 
47.625, 63.375, 2.2002481370768563e-24, nan 
47.875, 63.375, 2.5427051282318242e-24, nan 
48.125, 63.375, 1.6215458910090869e-24, nan 
48.375, 63.375, 4.9624311917811625e-24, nan 
48.625, 63.375, 6.2324029959664516e-24, nan 
48.875, 63.375, 3.399926427678406e-24, nan 
49.125, 63.375, 3.0738847603693543e-24, nan 
49.375, 63.375, 4.623085868293527e-24, nan 
49.625, 63.375, 3.8571038780467394e-24, nan 
49.875, 63.375, 2.6507558396341966e-24, nan 
50.125, 63.375, 3.766214431500188e-24, nan 
50.375, 63.375, 5.271503430367609e-24, nan 
50.625, 63.375, 2.2897776780100795e-24, nan 
50.875, 63.375, 2.279462223080661e-24, nan 
51.125, 63.375, 1.750740642475693e-24, nan 
51.375, 63.375, 2.2256979107270513e-24, nan 
51.625, 63.375, 2.5981341687379936e-24, nan 
51.875, 63.375, 3.385426414167579e-24, nan 
52.125, 63.375, 3.240599068665152e-24, nan 
52.375, 63.375, 4.2474452211369736e-24, nan 
52.625, 63.375, 4.946185863229499e-24, nan 
52.875, 63.375, 3.6301263768241255e-24, nan 
53.125, 63.375, 3.88678267884287e-24, nan 
53.375, 63.375, 4.201795637854829e-24, nan 
53.625, 63.375, 4.027749972386363e-24, nan 
53.875, 63.375, 5.189405841343747e-24, nan 
54.125, 63.375, 6.377467031892295e-24, nan 
54.375, 63.375, 5.113820904499704e-24, nan 
54.625, 63.375, 7.467422375046023e-24, nan 
54.875, 63.375, 6.5326210427741575e-24, nan 
55.125, 63.375, 4.574548542711304e-24, nan 
55.375, 63.375, 4.445909236817337e-24, nan 
55.625, 63.375, 7.645703831597935e-24, nan 
55.875, 63.375, 7.82081708025742e-24, nan 
56.125, 63.375, 6.063318486912785e-24, nan 
56.375, 63.375, 9.688747073758774e-24, nan 
56.625, 63.375, 1.0527625707892765e-23, nan 
56.875, 63.375, 8.085399163077616e-24, nan 
57.125, 63.375, 4.9367589595627306e-24, nan 
57.375, 63.375, 6.995371881436445e-24, nan 
57.625, 63.375, 1.1193058046616223e-23, nan 
57.875, 63.375, 1.5240415662974314e-23, nan 
58.125, 63.375, 1.5767640577876038e-23, nan 
58.375, 63.375, 1.0364709808940414e-23, nan 
58.625, 63.375, 1.0892977317292014e-23, nan 
58.875, 63.375, 1.0445201202327956e-23, nan 
59.125, 63.375, 7.912531371312612e-24, nan 
59.375, 63.375, 6.356063715693146e-24, nan 
59.625, 63.375, 8.930227316658522e-24, nan 
59.875, 63.375, 9.905402213070408e-24, nan 
60.125, 63.375, 1.0423517941960871e-23, nan 
60.375, 63.375, 8.813367868672018e-24, nan 
60.625, 63.375, 9.877423685400273e-24, nan 
60.875, 63.375, 1.3656503553078374e-23, nan 
61.125, 63.375, 1.0848577884345235e-23, nan 
61.375, 63.375, 9.94820979561658e-24, nan 
61.625, 63.375, 5.183456019662665e-24, nan 
61.875, 63.375, 1.1772615197587423e-23, nan 
62.125, 63.375, 1.044261430492746e-23, nan 
62.375, 63.375, 8.81331348653739e-24, nan 
62.625, 63.375, 2.2103204951925156e-23, nan 
62.875, 63.375, 4.747785317724743e-24, nan 
63.125, 63.375, 1.0435391235867107e-23, nan 
63.375, 63.375, 2.9867745090540715e-23, nan 
63.625, 63.375, 6.806733194350256e-24, nan 
63.875, 63.375, 9.463801096620958e-24, nan 
64.125, 63.375, 1.3934101994164457e-23, nan 
64.375, 63.375, 7.30202976921166e-24, nan 
64.625, 63.375, 5.260692268154737e-24, nan 
64.875, 63.375, 8.612003227475709e-24, nan 
65.125, 63.375, 1.0232398300454799e-23, nan 
65.375, 63.375, 2.002166541473282e-23, nan 
65.625, 63.375, 2.785018410637415e-23, nan 
65.875, 63.375, 1.5959652573624738e-23, nan 
66.125, 63.375, 1.3702103667189603e-23, nan 
66.375, 63.375, 1.5200245683326224e-23, nan 
66.625, 63.375, 1.2936783499889937e-23, nan 
66.875, 63.375, 2.2608169176146088e-23, nan 
67.125, 63.375, 1.0938724978084888e-23, nan 
67.375, 63.375, 1.528911413465321e-23, nan 
67.625, 63.375, 1.4019557496533718e-23, nan 
67.875, 63.375, 1.4160442939348924e-23, nan 
68.125, 63.375, 2.4154412123882813e-23, nan 
68.375, 63.375, 1.641687720537175e-23, nan 
68.625, 63.375, 2.1126258669430234e-23, nan 
68.875, 63.375, 2.2651181845841895e-23, nan 
69.125, 63.375, 3.441048443428091e-23, nan 
69.375, 63.375, 3.183135605817298e-23, nan 
69.625, 63.375, 4.1847320420575355e-23, nan 
69.875, 63.375, 5.126185494639876e-23, nan 
70.125, 63.375, 3.3070717286820706e-23, nan 
70.375, 63.375, 2.8107687121194766e-23, nan 
70.625, 63.375, 1.3055161861111039e-23, nan 
70.875, 63.375, 1.3812264048868997e-23, nan 
71.125, 63.375, 2.9044781931452525e-23, nan 
71.375, 63.375, 3.805415663185315e-23, nan 
71.625, 63.375, 5.305066070709783e-23, nan 
71.875, 63.375, 4.7364062825789476e-23, nan 
72.125, 63.375, 4.5075314419532287e-23, nan 
72.375, 63.375, 4.5798865470392854e-23, nan 
72.625, 63.375, 3.5033221212747237e-23, nan 
72.875, 63.375, 6.799981544006879e-23, nan 
73.125, 63.375, 7.999918130583473e-23, nan 
73.375, 63.375, 3.9666441576885134e-23, nan 
73.625, 63.375, 7.168024968152887e-23, nan 
73.875, 63.375, 6.544833472467838e-23, nan 
74.125, 63.375, 1.9197521409301677e-23, nan 
74.375, 63.375, 2.194611350630745e-23, nan 
74.625, 63.375, 2.8146165164568716e-23, nan 
74.875, 63.375, 3.1881535359525153e-23, nan 
75.125, 63.375, 6.787422513482341e-23, nan 
75.375, 63.375, 1.5656931074703448e-23, nan 
75.625, 63.375, 2.3293673070885406e-23, nan 
75.875, 63.375, 2.8758438789757144e-23, nan 
76.125, 63.375, 2.1230713934217543e-23, nan 
76.375, 63.375, 2.8115952106464607e-23, nan 
76.625, 63.375, 1.2750399612209992e-22, nan 
76.875, 63.375, 1.8501265964765576e-22, nan 
77.125, 63.375, 1.423551377506943e-22, nan 
77.375, 63.375, 2.0809293962583855e-22, nan 
77.625, 63.375, 1.565067470836031e-22, nan 
77.875, 63.375, 8.192919941304429e-23, nan 
78.125, 63.375, 9.17941993539837e-23, nan 
78.375, 63.375, 8.202727413972937e-23, nan 
78.625, 63.375, 7.778780726002087e-23, nan 
78.875, 63.375, 8.108663249069291e-23, nan 
79.125, 63.375, 1.1156387678935078e-22, nan 
79.375, 63.375, 1.0476311573761378e-22, nan 
79.625, 63.375, 1.2817620378031916e-22, nan 
79.875, 63.375, 1.5998030839313825e-22, nan 
80.125, 63.375, 1.2219267076900023e-22, nan 
80.375, 63.375, 1.9164572526126754e-22, nan 
80.625, 63.375, 3.202671366946428e-22, nan 
80.875, 63.375, 4.552105498127278e-22, nan 
81.125, 63.375, 2.365652379777482e-22, nan 
81.375, 63.375, 1.519765266891623e-22, nan 
81.625, 63.375, 1.0767405837992298e-21, nan 
81.875, 63.375, 1.1574234925737754e-22, nan 
82.125, 63.375, 1.149309560238486e-22, nan 
82.375, 63.375, 6.442576321920447e-22, nan 
82.625, 63.375, 1.0396231981219219e-22, nan 
82.875, 63.375, 1.066668759751601e-22, nan 
83.125, 63.375, 2.6566338891470822e-22, nan 
83.375, 63.375, 2.264536252319574e-22, nan 
83.625, 63.375, 2.0395389338204825e-22, nan 
83.875, 63.375, 2.5158777468676946e-22, nan 
84.125, 63.375, 2.5067483840819396e-22, nan 
84.375, 63.375, 2.412893906375446e-22, nan 
84.625, 63.375, 3.4673562513463972e-22, nan 
84.875, 63.375, 3.430078690257992e-22, nan 
85.125, 63.375, 2.333609263041e-22, nan 
85.375, 63.375, 3.4742367925532633e-22, nan 
85.625, 63.375, 7.409757626136768e-22, nan 
85.875, 63.375, 1.2262887792283106e-21, nan 
86.125, 63.375, 8.8756325283632e-22, nan 
86.375, 63.375, 4.583293435720069e-22, nan 
86.625, 63.375, 4.066006982338801e-22, nan 
86.875, 63.375, 8.375571615978928e-22, nan 
87.125, 63.375, 8.023336356412622e-22, nan 
87.375, 63.375, 1.3849653601599107e-21, nan 
87.625, 63.375, 2.468813604149412e-21, nan 
87.875, 63.375, 2.0837454651003996e-21, nan 
88.125, 63.375, 1.6722678576527501e-21, nan 
88.375, 63.375, 1.505958477765482e-21, nan 
88.625, 63.375, 1.5197508130936912e-21, nan 
88.875, 63.375, 2.181563464737958e-21, nan 
89.125, 63.375, 2.8926368400372443e-21, nan 
89.375, 63.375, 2.9491979582360118e-21, nan 
89.625, 63.375, 2.2469681325321703e-21, nan 
89.875, 63.375, 3.684652841049874e-21, nan 
90.125, 63.375, 3.812836613392936e-21, nan 
90.375, 63.375, 3.200947351857352e-21, nan 
90.625, 63.375, 1.3710994166247454e-21, nan 
90.875, 63.375, 4.0339623939003744e-21, nan 
91.125, 63.375, 3.006836183276325e-21, nan 
91.375, 63.375, 1.9325677491565274e-21, nan 
91.625, 63.375, 3.034603640080265e-21, nan 
91.875, 63.375, 3.2062122195257335e-21, nan 
92.125, 63.375, 2.9339404076821058e-21, nan 
92.375, 63.375, 3.944091965300796e-21, nan 
92.625, 63.375, 3.608331551715667e-21, nan 
92.875, 63.375, 3.5005800978847335e-21, nan 
93.125, 63.375, 4.336833943804492e-21, nan 
93.375, 63.375, 5.9703195702476876e-21, nan 
93.625, 63.375, 8.469698417963697e-21, nan 
93.875, 63.375, 5.375891862417083e-21, nan 
94.125, 63.375, 4.452378535771944e-21, nan 
94.375, 63.375, 7.510068671557698e-21, nan 
94.625, 63.375, 6.475487979856528e-21, nan 
94.875, 63.375, 1.26863348441864e-20, nan 
95.125, 63.375, 8.24197182628495e-21, nan 
95.375, 63.375, 7.123906871431346e-21, nan 
95.625, 63.375, 1.157851443907025e-20, nan 
95.875, 63.375, 9.617993182160874e-21, nan 
96.125, 63.375, 7.819837177224772e-21, nan 
96.375, 63.375, 8.133960103046866e-21, nan 
96.625, 63.375, 6.557551483770533e-21, nan 
96.875, 63.375, 5.409415173334878e-21, nan 
97.125, 63.375, 1.0617432178805009e-20, nan 
97.375, 63.375, 8.241402810928115e-21, nan 
97.625, 63.375, 1.3701508100207574e-20, nan 
97.875, 63.375, 2.052470984942595e-20, nan 
98.125, 63.375, 2.8041122626393747e-20, nan 
98.375, 63.375, 3.264614333923718e-20, nan 
98.625, 63.375, 3.518104274366161e-20, nan 
98.875, 63.375, 4.083383216381416e-20, nan 
99.125, 63.375, 5.504135718374894e-20, nan 
99.375, 63.375, 8.740856842692087e-20, nan 
99.625, 63.375, 9.591757538981366e-20, nan 
99.875, 63.375, 8.562297357514997e-20, nan 
100.125, 63.375, 8.760471554990835e-20, nan 
100.375, 63.375, 8.166843522879006e-20, nan 
100.625, 63.375, 2.8393082176564194e-20, nan 
100.875, 63.375, 1.5614868759987335e-20, nan 
101.125, 63.375, 2.0411585214667925e-20, nan 
101.375, 63.375, 2.2272065639834922e-20, nan 
101.625, 63.375, 1.7250560266186932e-20, nan 
101.875, 63.375, 2.556149822750755e-20, nan 
102.125, 63.375, 7.109911821955939e-20, nan 
102.375, 63.375, 6.344720803058244e-20, nan 
102.625, 63.375, 7.179665498596789e-20, nan 
102.875, 63.375, 7.942186812888638e-20, nan 
103.125, 63.375, 6.964125922706512e-20, nan 
103.375, 63.375, 3.3854230532820974e-20, nan 
103.625, 63.375, 4.3180630351975094e-20, nan 
103.875, 63.375, 3.707248603402581e-20, nan 
104.125, 63.375, 3.0919439529398766e-20, nan 
104.375, 63.375, 2.398222716951461e-20, nan 
104.625, 63.375, 2.6912451569766222e-20, nan 
104.875, 63.375, 1.8437344024994854e-20, nan 
105.125, 63.375, 1.5996108642998612e-20, nan 
105.375, 63.375, 1.7038230168252707e-20, nan 
105.625, 63.375, 8.868589189591353e-21, nan 
105.875, 63.375, 7.865080454839675e-21, nan 
106.125, 63.375, 5.558493471050309e-21, nan 
106.375, 63.375, 7.304230103589094e-21, nan 
106.625, 63.375, 4.83165300065393e-21, nan 
106.875, 63.375, 4.765695809407537e-21, nan 
107.125, 63.375, 1.0653848593551359e-20, nan 
107.375, 63.375, 1.2766887986281397e-20, nan 
107.625, 63.375, 7.469072676913152e-21, nan 
107.875, 63.375, 1.1935462851362847e-20, nan 
108.125, 63.375, 1.4052783130384644e-20, nan 
108.375, 63.375, 1.4952922858311955e-20, nan 
108.625, 63.375, 1.4759309146695175e-20, nan 
108.875, 63.375, 1.8050391385341298e-20, nan 
109.125, 63.375, 1.5451201464957162e-20, nan 
109.375, 63.375, 7.874012159298863e-21, nan 
109.625, 63.375, 1.0193982534271419e-20, nan 
109.875, 63.375, 1.1817388567015498e-20, nan 
110.125, 63.375, 8.495189334350146e-21, nan 
110.375, 63.375, 5.3283788169882375e-21, nan 
110.625, 63.375, 3.6497722765569324e-21, nan 
110.875, 63.375, 3.4417973766626745e-21, nan 
111.125, 63.375, 3.0069120793163207e-21, nan 
111.375, 63.375, 2.241345533553619e-21, nan 
111.625, 63.375, 2.241607285696102e-21, nan 
111.875, 63.375, 2.265144158523631e-21, nan 
112.125, 63.375, 1.6652467746670028e-21, nan 
112.375, 63.375, 1.7737846678416164e-21, nan 
112.625, 63.375, 5.346800786788467e-22, nan 
112.875, 63.375, 7.0931336747105925e-22, nan 
113.125, 63.375, 1.046024777363683e-21, nan 
113.375, 63.375, 2.179649048310623e-22, nan 
113.625, 63.375, 8.497083434112398e-22, nan 
113.875, 63.375, 1.0269522925895592e-21, nan 
114.125, 63.375, 9.02700505111148e-22, nan 
114.375, 63.375, 5.467491966474953e-22, nan 
114.625, 63.375, 6.3032222682954605e-22, nan 
114.875, 63.375, 5.6348801615659495e-22, nan 
115.125, 63.375, 7.996193120020684e-22, nan 
115.375, 63.375, 1.867151138195855e-21, nan 
115.625, 63.375, 2.46394189758742e-21, nan 
115.875, 63.375, 2.640222461233253e-21, nan 
116.125, 63.375, 1.413976999385876e-21, nan 
116.375, 63.375, 7.823073983560081e-22, nan 
116.625, 63.375, 6.97464159323605e-22, nan 
116.875, 63.375, 5.830773007991113e-22, nan 
117.125, 63.375, 4.942917571659199e-22, nan 
117.375, 63.375, 3.9110540780696112e-22, nan 
117.625, 63.375, 1.388401730057556e-21, nan 
117.875, 63.375, 5.593188940589958e-22, nan 
118.125, 63.375, 3.9189096502342394e-22, nan 
118.375, 63.375, 5.590500795368526e-22, nan 
118.625, 63.375, 4.0575336889126806e-22, nan 
118.875, 63.375, 3.197776130310643e-22, nan 
119.125, 63.375, 3.476889109452219e-22, nan 
119.375, 63.375, 4.492244930254161e-22, nan 
119.625, 63.375, 3.700342209938609e-22, nan 
119.875, 63.375, 4.359395588439234e-22, nan 
120.125, 63.375, 6.433444189608932e-22, nan 
120.375, 63.375, 3.896832778818194e-22, nan 
120.625, 63.375, 4.407898445173298e-22, nan 
120.875, 63.375, 4.383667227488111e-22, nan 
121.125, 63.375, 2.6342827507155514e-22, nan 
121.375, 63.375, 3.540533415508614e-22, nan 
121.625, 63.375, 4.80014834266227e-22, nan 
121.875, 63.375, 2.3974567429505077e-22, nan 
122.125, 63.375, 3.8427196101269864e-22, nan 
122.375, 63.375, 4.1189496060172284e-22, nan 
122.625, 63.375, 2.2613837308452817e-22, nan 
122.875, 63.375, 1.6978143303732264e-22, nan 
123.125, 63.375, 1.1515194495758415e-22, nan 
123.375, 63.375, 8.152380299150129e-23, nan 
123.625, 63.375, 6.75942916730114e-23, nan 
123.875, 63.375, 9.748318526158502e-23, nan 
124.125, 63.375, 1.3623950554848066e-22, nan 
124.375, 63.375, 1.553936607392033e-22, nan 
124.625, 63.375, 5.742181085060359e-23, nan 
124.875, 63.375, 1.148174745036289e-22, nan 
125.125, 63.375, 1.266778733050607e-22, nan 
125.375, 63.375, 7.932967903009929e-23, nan 
125.625, 63.375, 1.597140588886344e-23, nan 
125.875, 63.375, 3.407642872904359e-23, nan 
126.125, 63.375, 5.866949901668883e-23, nan 
126.375, 63.375, 5.1504862846538327e-23, nan 
126.625, 63.375, 2.872919497134361e-23, nan 
126.875, 63.375, 2.9714807857872425e-23, nan 
127.125, 63.375, 2.4713392350191416e-23, nan 
127.375, 63.375, 1.4060023320835408e-23, nan 
127.625, 63.375, 4.19041252145842e-23, nan 
127.875, 63.375, 5.258956049404705e-23, nan 
128.125, 63.375, 4.3413939956230793e-23, nan 
128.375, 63.375, 7.553710448777486e-23, nan 
128.625, 63.375, 1.2202806362825404e-22, nan 
128.875, 63.375, 8.227554780612825e-23, nan 
129.125, 63.375, 1.0408842929698309e-22, nan 
129.375, 63.375, 7.486027296304654e-23, nan 
129.625, 63.375, 1.1007933713474828e-23, nan 
129.875, 63.375, 4.412627644920005e-23, nan 
130.125, 63.375, 4.9684734430483274e-23, nan 
130.375, 63.375, 9.780821650992671e-23, nan 
130.625, 63.375, 8.563105752094458e-23, nan 
130.875, 63.375, 6.637791993604282e-23, nan 
131.125, 63.375, 1.5724707110592347e-22, nan 
131.375, 63.375, 1.0308187618775962e-22, nan 
131.625, 63.375, 1.1540444490115033e-22, nan 
131.875, 63.375, 2.238748779181019e-22, nan 
132.125, 63.375, 8.661729124781547e-23, nan 
132.375, 63.375, 3.914093142885599e-23, nan 
132.625, 63.375, 3.9828873898833894e-23, nan 
132.875, 63.375, 4.94448128779172e-23, nan 
133.125, 63.375, 2.518834290608571e-23, nan 
133.375, 63.375, 1.87396307533891e-23, nan 
133.625, 63.375, 2.5153129503086847e-23, nan 
133.875, 63.375, 1.7643781200768315e-23, nan 
134.125, 63.375, 2.02540929593038e-23, nan 
134.375, 63.375, 4.526602974238551e-23, nan 
134.625, 63.375, 2.5976562661310155e-23, nan 
134.875, 63.375, 1.155632359840832e-23, nan 
135.125, 63.375, 2.573620767957339e-23, nan 
135.375, 63.375, 1.6099603536479903e-23, nan 
135.625, 63.375, 7.756577576573715e-24, nan 
135.875, 63.375, 1.1153393524006014e-23, nan 
136.125, 63.375, 1.565553555890509e-23, nan 
136.375, 63.375, 1.9471995806489065e-23, nan 
136.625, 63.375, 1.4782235930786065e-23, nan 
136.875, 63.375, 1.0956531178885732e-23, nan 
137.125, 63.375, 1.2129786400609671e-23, nan 
137.375, 63.375, 9.984913773178008e-24, nan 
137.625, 63.375, 1.205120535925314e-23, nan 
137.875, 63.375, 1.955217422305737e-23, nan 
138.125, 63.375, 1.6179996031127476e-23, nan 
138.375, 63.375, 6.656592587223989e-24, nan 
138.625, 63.375, 1.3602044626692336e-23, nan 
138.875, 63.375, 1.3025899260050263e-23, nan 
139.125, 63.375, 6.192942025257108e-24, nan 
139.375, 63.375, 3.416468143693993e-24, nan 
139.625, 63.375, 2.7229774113610496e-24, nan 
139.875, 63.375, 6.5174738519770244e-24, nan 
140.125, 63.375, 1.1734048810122809e-23, nan 
140.375, 63.375, 8.648483209465939e-24, nan 
140.625, 63.375, 5.8828292930498615e-24, nan 
140.875, 63.375, 7.414190320783306e-24, nan 
141.125, 63.375, 7.158155366054566e-24, nan 
141.375, 63.375, 2.844381687720628e-24, nan 
141.625, 63.375, 3.630089762594386e-24, nan 
141.875, 63.375, 8.692635416303748e-24, nan 
142.125, 63.375, 9.505095177535101e-24, nan 
142.375, 63.375, 4.87816111082728e-24, nan 
142.625, 63.375, 1.311612278085735e-23, nan 
142.875, 63.375, 1.794842526128922e-23, nan 
143.125, 63.375, 6.973642428830389e-24, nan 
143.375, 63.375, 1.1100488576483855e-23, nan 
143.625, 63.375, 1.657181073816948e-23, nan 
143.875, 63.375, 7.743175476615238e-24, nan 
144.125, 63.375, 2.8860806499066505e-24, nan 
144.375, 63.375, 6.474368786270267e-24, nan 
144.625, 63.375, 7.178255128358023e-24, nan 
144.875, 63.375, 6.373090416845205e-24, nan 
145.125, 63.375, 2.981774410178407e-24, nan 
145.375, 63.375, 7.371024804422464e-24, nan 
145.625, 63.375, 8.746650607705912e-24, nan 
145.875, 63.375, 7.376984507043977e-24, nan 
146.125, 63.375, 3.395766803645788e-24, nan 
146.375, 63.375, 4.00955977811669e-24, nan 
146.625, 63.375, 4.533445862242624e-24, nan 
146.875, 63.375, 2.8036417698766583e-24, nan 
147.125, 63.375, 2.6342898039931338e-24, nan 
147.375, 63.375, 3.837782069308528e-24, nan 
147.625, 63.375, 4.791522381758844e-24, nan 
147.875, 63.375, 6.126124692454328e-24, nan 
148.125, 63.375, 8.254112841828912e-24, nan 
148.375, 63.375, 1.0271103591276627e-23, nan 
148.625, 63.375, 1.0459212644003447e-23, nan 
148.875, 63.375, 8.293030354397716e-24, nan 
149.125, 63.375, 9.923923222920386e-24, nan 
149.375, 63.375, 1.0906771874019882e-23, nan 
149.625, 63.375, 8.807557532393343e-24, nan 
149.875, 63.375, 5.030191457098466e-24, nan 
150.125, 63.375, 8.546589593086475e-24, nan 
150.375, 63.375, 1.466174820935284e-23, nan 
150.625, 63.375, 1.5469455845926556e-23, nan 
150.875, 63.375, 1.1129243226661871e-23, nan 
151.125, 63.375, 2.885654941537573e-24, nan 
151.375, 63.375, 4.293873681775887e-24, nan 
151.625, 63.375, 7.885090057774358e-24, nan 
151.875, 63.375, 1.973448845658027e-24, nan 
152.125, 63.375, 2.379942404362957e-24, nan 
152.375, 63.375, 3.481148160694807e-24, nan 
152.625, 63.375, 1.4128145465175477e-24, nan 
152.875, 63.375, 1.7771524448130206e-24, nan 
153.125, 63.375, 2.2102625665725955e-24, nan 
153.375, 63.375, 1.74314185686866e-24, nan 
153.625, 63.375, 1.5787823102982758e-24, nan 
153.875, 63.375, 9.753127304800978e-25, nan 
154.125, 63.375, 2.3156776890479155e-24, nan 
154.375, 63.375, 1.2892823924485113e-24, nan 
154.625, 63.375, 2.2047381150571265e-24, nan 
154.875, 63.375, 4.1570668322722474e-24, nan 
155.125, 63.375, 4.259866091443252e-24, nan 
155.375, 63.375, 6.513721238537491e-24, nan 
155.625, 63.375, 7.676783006455152e-24, nan 
155.875, 63.375, 6.338093017584968e-24, nan 
156.125, 63.375, 6.361791449072783e-24, nan 
156.375, 63.375, 7.026343286218626e-24, nan 
156.625, 63.375, 5.442763812683639e-24, nan 
156.875, 63.375, 3.793746880524211e-24, nan 
157.125, 63.375, 4.4587633179455995e-24, nan 
157.375, 63.375, 3.547948119747262e-24, nan 
157.625, 63.375, 2.125371913403856e-24, nan 
157.875, 63.375, 1.8110898714527443e-24, nan 
158.125, 63.375, 5.025060852942082e-24, nan 
158.375, 63.375, 2.1825733026524736e-24, nan 
158.625, 63.375, 2.277150163827822e-24, nan 
158.875, 63.375, 2.225043166438455e-24, nan 
159.125, 63.375, 2.0766510002522386e-24, nan 
159.375, 63.375, 4.1369588882227435e-24, nan 
159.625, 63.375, 3.789352857441065e-24, nan 
159.875, 63.375, 1.4898102455102193e-24, nan 
160.125, 63.375, 3.699950257822422e-24, nan 
160.375, 63.375, 3.2650916765956864e-24, nan 
160.625, 63.375, 1.240948132916655e-24, nan 
160.875, 63.375, 2.2198378136208838e-24, nan 
161.125, 63.375, 1.3312330272703743e-24, nan 
161.375, 63.375, 2.9342386150928287e-24, nan 
161.625, 63.375, 2.6404305341820323e-24, nan 
161.875, 63.375, 1.5498640874417756e-24, nan 
162.125, 63.375, 4.498597572801806e-24, nan 
162.375, 63.375, 3.711005615228465e-24, nan 
162.625, 63.375, 2.1150791770434388e-24, nan 
162.875, 63.375, 4.0793092695981414e-24, nan 
163.125, 63.375, 3.313161483767553e-24, nan 
163.375, 63.375, 2.1077751091952098e-24, nan 
163.625, 63.375, 9.29829411986943e-25, nan 
163.875, 63.375, 3.310545364792512e-24, nan 
164.125, 63.375, 5.7138093040822375e-24, nan 
164.375, 63.375, 5.177971480063313e-24, nan 
164.625, 63.375, 6.364095159314689e-24, nan 
164.875, 63.375, 8.750621378750623e-24, nan 
165.125, 63.375, 8.448284687056771e-24, nan 
37.375, 63.625, 8.274200347822485e-25, nan 
37.625, 63.625, 1.4552989272721345e-24, nan 
37.875, 63.625, 8.816285322013827e-25, nan 
38.125, 63.625, 1.635863251794898e-24, nan 
38.375, 63.625, 1.9055135281134633e-24, nan 
38.625, 63.625, 1.6009126035464339e-24, nan 
38.875, 63.625, 2.112026901072119e-24, nan 
39.125, 63.625, 2.7923355763411794e-24, nan 
39.375, 63.625, 3.121263205185606e-24, nan 
39.625, 63.625, 1.1559883196173902e-24, nan 
39.875, 63.625, 1.6784913391411297e-24, nan 
40.125, 63.625, 1.6249836259005426e-24, nan 
40.375, 63.625, 9.353643134421775e-25, nan 
40.625, 63.625, 7.039405906945621e-25, nan 
40.875, 63.625, 8.3655021255371e-25, nan 
41.125, 63.625, 8.069976479991046e-25, nan 
41.375, 63.625, 6.302372314508426e-25, nan 
41.625, 63.625, 5.729647258978736e-25, nan 
41.875, 63.625, 5.146916737537322e-25, nan 
42.125, 63.625, 8.616621516991968e-25, nan 
42.375, 63.625, 9.973435985311394e-25, nan 
42.625, 63.625, 1.1607458118827535e-24, nan 
42.875, 63.625, 5.0291542624629725e-25, nan 
43.125, 63.625, 1.4217015917186646e-24, nan 
43.375, 63.625, 1.420066094307556e-24, nan 
43.625, 63.625, 2.556565669672671e-24, nan 
43.875, 63.625, 4.199398896863998e-24, nan 
44.125, 63.625, 2.155583584181163e-24, nan 
44.375, 63.625, 1.8784788968286536e-24, nan 
44.625, 63.625, 1.691345067470166e-24, nan 
44.875, 63.625, 2.33863126826859e-24, nan 
45.125, 63.625, 2.776189676166838e-24, nan 
45.375, 63.625, 2.8223858425127786e-24, nan 
45.625, 63.625, 3.0722617843154748e-24, nan 
45.875, 63.625, 3.992887801227204e-24, nan 
46.125, 63.625, 4.123623126909638e-24, nan 
46.375, 63.625, 2.5072108353808917e-24, nan 
46.625, 63.625, 2.0452250193821592e-24, nan 
46.875, 63.625, 1.860233230344388e-24, nan 
47.125, 63.625, 2.1591290708372984e-24, nan 
47.375, 63.625, 2.7725622649212023e-24, nan 
47.625, 63.625, 3.8584963388296855e-24, nan 
47.875, 63.625, 2.203315330429435e-24, nan 
48.125, 63.625, 4.1843955315881134e-24, nan 
48.375, 63.625, 4.499622287041638e-24, nan 
48.625, 63.625, 4.107791767363244e-24, nan 
48.875, 63.625, 5.946788206691333e-24, nan 
49.125, 63.625, 3.938196596314871e-24, nan 
49.375, 63.625, 2.717200241179752e-24, nan 
49.625, 63.625, 3.963549754301503e-24, nan 
49.875, 63.625, 3.2173659764326913e-24, nan 
50.125, 63.625, 3.0140789590591924e-24, nan 
50.375, 63.625, 1.8579069695705853e-24, nan 
50.625, 63.625, 3.810286931117869e-24, nan 
50.875, 63.625, 3.561296177942803e-24, nan 
51.125, 63.625, 3.507353964834615e-24, nan 
51.375, 63.625, 4.590785084557535e-24, nan 
51.625, 63.625, 3.3052072452890415e-24, nan 
51.875, 63.625, 3.099302387514197e-24, nan 
52.125, 63.625, 2.7082744839771207e-24, nan 
52.375, 63.625, 2.921064541276211e-24, nan 
52.625, 63.625, 3.194748673116775e-24, nan 
52.875, 63.625, 1.6554018113561497e-24, nan 
53.125, 63.625, 2.840102425962416e-24, nan 
53.375, 63.625, 2.95093792892815e-24, nan 
53.625, 63.625, 3.9543541861568074e-24, nan 
53.875, 63.625, 8.406070070161193e-24, nan 
54.125, 63.625, 7.682902321007686e-24, nan 
54.375, 63.625, 5.261992898912146e-24, nan 
54.625, 63.625, 1.5131204360297647e-23, nan 
54.875, 63.625, 1.1495539315730724e-23, nan 
55.125, 63.625, 3.9398767860060824e-24, nan 
55.375, 63.625, 5.279942520671618e-24, nan 
55.625, 63.625, 4.973042675971904e-24, nan 
55.875, 63.625, 9.422607792939544e-24, nan 
56.125, 63.625, 3.475977192732891e-24, nan 
56.375, 63.625, 7.305977292244565e-24, nan 
56.625, 63.625, 8.296620874460648e-24, nan 
56.875, 63.625, 4.047192204405137e-24, nan 
57.125, 63.625, 1.750021170105125e-24, nan 
57.375, 63.625, 6.1996067676653994e-24, nan 
57.625, 63.625, 7.003991081996737e-24, nan 
57.875, 63.625, 7.869339500845e-24, nan 
58.125, 63.625, 7.75331544059206e-24, nan 
58.375, 63.625, 3.476747235497182e-24, nan 
58.625, 63.625, 6.794918511386193e-24, nan 
58.875, 63.625, 4.086526397351884e-24, nan 
59.125, 63.625, 4.858201404346384e-24, nan 
59.375, 63.625, 6.851395758403874e-24, nan 
59.625, 63.625, 8.36739007693076e-24, nan 
59.875, 63.625, 8.930449666276756e-24, nan 
60.125, 63.625, 7.10934211921735e-24, nan 
60.375, 63.625, 6.82969168087893e-24, nan 
60.625, 63.625, 9.353790494704936e-24, nan 
60.875, 63.625, 1.3664922029279074e-23, nan 
61.125, 63.625, 1.649849624588806e-23, nan 
61.375, 63.625, 1.4650254316202043e-23, nan 
61.625, 63.625, 1.474021003729966e-23, nan 
61.875, 63.625, 1.8142495526835302e-23, nan 
62.125, 63.625, 1.5780013313403815e-23, nan 
62.375, 63.625, 1.1524020972691128e-23, nan 
62.625, 63.625, 1.0052173753460954e-23, nan 
62.875, 63.625, 1.5679645615306496e-23, nan 
63.125, 63.625, 1.578085071604122e-23, nan 
63.375, 63.625, 1.4685036919470272e-23, nan 
63.625, 63.625, 1.2377968064879179e-23, nan 
63.875, 63.625, 1.556089512083018e-23, nan 
64.125, 63.625, 7.432789303896457e-24, nan 
64.375, 63.625, 1.0477497718658753e-23, nan 
64.625, 63.625, 1.1840170537045902e-23, nan 
64.875, 63.625, 8.333488540788177e-24, nan 
65.125, 63.625, 8.347815550544882e-24, nan 
65.375, 63.625, 1.2308702133120632e-23, nan 
65.625, 63.625, 1.61435141025386e-23, nan 
65.875, 63.625, 2.5442182477972495e-23, nan 
66.125, 63.625, 4.376297323185441e-23, nan 
66.375, 63.625, 3.303674259286686e-23, nan 
66.625, 63.625, 2.1715846391332967e-23, nan 
66.875, 63.625, 3.874551000778766e-23, nan 
67.125, 63.625, 1.9060223769188068e-23, nan 
67.375, 63.625, 1.9194228433214696e-23, nan 
67.625, 63.625, 3.389036100517179e-23, nan 
67.875, 63.625, 1.0523906569787734e-23, nan 
68.125, 63.625, 1.5895293596168547e-23, nan 
68.375, 63.625, 1.8204820705912578e-23, nan 
68.625, 63.625, 3.0302327794408215e-23, nan 
68.875, 63.625, 1.9683418697089222e-23, nan 
69.125, 63.625, 2.6534208600879696e-23, nan 
69.375, 63.625, 2.821543615843707e-23, nan 
69.625, 63.625, 4.378533367040784e-23, nan 
69.875, 63.625, 4.8945606795502727e-23, nan 
70.125, 63.625, 4.1097139989558486e-23, nan 
70.375, 63.625, 5.004266991666885e-23, nan 
70.625, 63.625, 3.234091625195625e-23, nan 
70.875, 63.625, 1.0977770642317412e-23, nan 
71.125, 63.625, 1.7240864211035205e-23, nan 
71.375, 63.625, 3.4109284834119737e-23, nan 
71.625, 63.625, 3.7611892680772824e-23, nan 
71.875, 63.625, 3.6869299485074075e-23, nan 
72.125, 63.625, 3.6312722734667435e-23, nan 
72.375, 63.625, 4.5319622044359386e-23, nan 
72.625, 63.625, 5.1438026815397865e-23, nan 
72.875, 63.625, 6.117895222712852e-23, nan 
73.125, 63.625, 6.767424797119748e-23, nan 
73.375, 63.625, 3.5018959235862194e-23, nan 
73.625, 63.625, 4.62427902006263e-23, nan 
73.875, 63.625, 4.604338126691297e-23, nan 
74.125, 63.625, 1.962892642924694e-23, nan 
74.375, 63.625, 5.478658695645825e-23, nan 
74.625, 63.625, 3.991977128103239e-23, nan 
74.875, 63.625, 3.076842248366629e-23, nan 
75.125, 63.625, 9.806422523093072e-23, nan 
75.375, 63.625, 2.0645297028028637e-23, nan 
75.625, 63.625, 3.3167966133430806e-23, nan 
75.875, 63.625, 4.460483820000644e-23, nan 
76.125, 63.625, 3.3344702866241634e-23, nan 
76.375, 63.625, 4.6883225856644197e-23, nan 
76.625, 63.625, 7.812659413391107e-23, nan 
76.875, 63.625, 7.560738065353931e-23, nan 
77.125, 63.625, 7.439582497142437e-23, nan 
77.375, 63.625, 1.64675597639485e-22, nan 
77.625, 63.625, 1.4507474288892895e-22, nan 
77.875, 63.625, 7.855467399495213e-23, nan 
78.125, 63.625, 7.065700521301973e-23, nan 
78.375, 63.625, 9.642312175642364e-23, nan 
78.625, 63.625, 1.060886444591766e-22, nan 
78.875, 63.625, 1.0786763399632966e-22, nan 
79.125, 63.625, 1.7448821018368546e-22, nan 
79.375, 63.625, 1.763906320695858e-22, nan 
79.625, 63.625, 1.44982091635208e-22, nan 
79.875, 63.625, 2.416312516359336e-22, nan 
80.125, 63.625, 3.004322423502625e-22, nan 
80.375, 63.625, 3.30748373867056e-22, nan 
80.625, 63.625, 2.226358905251816e-22, nan 
80.875, 63.625, 2.8144573524337144e-22, nan 
81.125, 63.625, 2.376374983694587e-22, nan 
81.375, 63.625, 1.7625626597209836e-22, nan 
81.625, 63.625, 6.748411595701898e-22, nan 
81.875, 63.625, 8.718122851556642e-23, nan 
82.125, 63.625, 1.4167612539862102e-22, nan 
82.375, 63.625, 1.0414700166974174e-22, nan 
82.625, 63.625, 9.523936159274074e-23, nan 
82.875, 63.625, 1.4207226773238124e-22, nan 
83.125, 63.625, 2.3566924394199843e-22, nan 
83.375, 63.625, 2.8426928879439445e-22, nan 
83.625, 63.625, 2.238463195187473e-22, nan 
83.875, 63.625, 2.480189138357443e-22, nan 
84.125, 63.625, 2.768304693281742e-22, nan 
84.375, 63.625, 2.154131397999662e-22, nan 
84.625, 63.625, 3.048253084557352e-22, nan 
84.875, 63.625, 3.6439296511939205e-22, nan 
85.125, 63.625, 6.562163018715453e-22, nan 
85.375, 63.625, 5.926719040580441e-22, nan 
85.625, 63.625, 9.945775362165229e-22, nan 
85.875, 63.625, 1.908247156484096e-21, nan 
86.125, 63.625, 1.2596859653733995e-21, nan 
86.375, 63.625, 1.0825801644763263e-21, nan 
86.625, 63.625, 1.5968149876649234e-21, nan 
86.875, 63.625, 1.1344946320322124e-21, nan 
87.125, 63.625, 1.181318282420746e-21, nan 
87.375, 63.625, 9.580071662040828e-22, nan 
87.625, 63.625, 1.178686808249365e-21, nan 
87.875, 63.625, 1.9459832962823972e-21, nan 
88.125, 63.625, 1.8731387227253833e-21, nan 
88.375, 63.625, 2.3306716457330853e-21, nan 
88.625, 63.625, 4.16131551622746e-21, nan 
88.875, 63.625, 3.467511169253757e-21, nan 
89.125, 63.625, 1.7841098011537083e-21, nan 
89.375, 63.625, 2.416487859135314e-21, nan 
89.625, 63.625, 3.616628196208363e-21, nan 
89.875, 63.625, 3.782777332266114e-21, nan 
90.125, 63.625, 3.134112323913923e-21, nan 
90.375, 63.625, 1.8249195268976995e-21, nan 
90.625, 63.625, 2.8683414608580267e-21, nan 
90.875, 63.625, 4.567248230193559e-21, nan 
91.125, 63.625, 2.970714024947635e-21, nan 
91.375, 63.625, 1.8945839172405303e-21, nan 
91.625, 63.625, 2.9485516011990137e-21, nan 
91.875, 63.625, 2.450359837918657e-21, nan 
92.125, 63.625, 2.089281656837236e-21, nan 
92.375, 63.625, 2.4603775976775482e-21, nan 
92.625, 63.625, 4.764746227173259e-21, nan 
92.875, 63.625, 4.5655680306502055e-21, nan 
93.125, 63.625, 3.0095923963677436e-21, nan 
93.375, 63.625, 6.411856322687607e-21, nan 
93.625, 63.625, 8.071108541558796e-21, nan 
93.875, 63.625, 4.9649204221595515e-21, nan 
94.125, 63.625, 4.208374210180749e-21, nan 
94.375, 63.625, 4.282301143063028e-21, nan 
94.625, 63.625, 3.759147915739069e-21, nan 
94.875, 63.625, 8.438913600621032e-21, nan 
95.125, 63.625, 6.640326492352723e-21, nan 
95.375, 63.625, 5.897973650556708e-21, nan 
95.625, 63.625, 6.826501289087715e-21, nan 
95.875, 63.625, 7.792970347398378e-21, nan 
96.125, 63.625, 8.475622738647378e-21, nan 
96.375, 63.625, 1.351193666106639e-20, nan 
96.625, 63.625, 8.907599203119065e-21, nan 
96.875, 63.625, 6.410168534067426e-21, nan 
97.125, 63.625, 1.9764724953413276e-20, nan 
97.375, 63.625, 1.6914248163345737e-20, nan 
97.625, 63.625, 2.4330169015825123e-20, nan 
97.875, 63.625, 3.1742101998849165e-20, nan 
98.125, 63.625, 3.468613487071462e-20, nan 
98.375, 63.625, 3.9263327349158594e-20, nan 
98.625, 63.625, 4.492856985305112e-20, nan 
98.875, 63.625, 6.476184984743692e-20, nan 
99.125, 63.625, 9.877979437908775e-20, nan 
99.375, 63.625, 1.257077257898962e-19, nan 
99.625, 63.625, 1.056323357631873e-19, nan 
99.875, 63.625, 9.768113615066987e-20, nan 
100.125, 63.625, 1.2069447388373848e-19, nan 
100.375, 63.625, 4.577947374144232e-20, nan 
100.625, 63.625, 1.8075087852077194e-20, nan 
100.875, 63.625, 2.5513698403986817e-20, nan 
101.125, 63.625, 2.2322341880803682e-20, nan 
101.375, 63.625, 2.360688738409268e-20, nan 
101.625, 63.625, 1.741832701611235e-20, nan 
101.875, 63.625, 7.590178141222892e-20, nan 
102.125, 63.625, 7.470207818293926e-20, nan 
102.375, 63.625, 6.889342939446771e-20, nan 
102.625, 63.625, 1.1317304310234734e-19, nan 
102.875, 63.625, 8.005040450089501e-20, nan 
103.125, 63.625, 6.193706817513929e-20, nan 
103.375, 63.625, 3.8138141237208173e-20, nan 
103.625, 63.625, 4.8608519056220836e-20, nan 
103.875, 63.625, 3.9290052963035866e-20, nan 
104.125, 63.625, 3.521606114571101e-20, nan 
104.375, 63.625, 2.9303030087333406e-20, nan 
104.625, 63.625, 2.5556933153572612e-20, nan 
104.875, 63.625, 2.3810609720383007e-20, nan 
105.125, 63.625, 1.835593143488265e-20, nan 
105.375, 63.625, 2.351590182300769e-20, nan 
105.625, 63.625, 1.6614586328148483e-20, nan 
105.875, 63.625, 3.253438523456234e-20, nan 
106.125, 63.625, 1.9305517065828733e-20, nan 
106.375, 63.625, 1.3176122862693974e-20, nan 
106.625, 63.625, 7.949396843269215e-21, nan 
106.875, 63.625, 9.699154101393334e-21, nan 
107.125, 63.625, 9.280883126097072e-21, nan 
107.375, 63.625, 5.979824140861868e-21, nan 
107.625, 63.625, 1.7309105695408198e-20, nan 
107.875, 63.625, 2.5264340048934165e-20, nan 
108.125, 63.625, 9.833749775934934e-21, nan 
108.375, 63.625, 1.3278167112806999e-20, nan 
108.625, 63.625, 2.264804446038782e-20, nan 
108.875, 63.625, 9.498288789786058e-21, nan 
109.125, 63.625, 7.050513452119228e-21, nan 
109.375, 63.625, 7.748063024312413e-21, nan 
109.625, 63.625, 8.72460780255062e-21, nan 
109.875, 63.625, 1.0581777439122608e-20, nan 
110.125, 63.625, 1.0517320926781863e-20, nan 
110.375, 63.625, 6.668285070269102e-21, nan 
110.625, 63.625, 6.8112143992042e-21, nan 
110.875, 63.625, 6.94077537586457e-21, nan 
111.125, 63.625, 4.437873658379629e-21, nan 
111.375, 63.625, 3.393127683512307e-21, nan 
111.625, 63.625, 2.3390112966087743e-21, nan 
111.875, 63.625, 2.36135575785798e-21, nan 
112.125, 63.625, 2.7082275568058407e-21, nan 
112.375, 63.625, 2.008226726726486e-21, nan 
112.625, 63.625, 1.706540090152567e-21, nan 
112.875, 63.625, 5.798840654776774e-22, nan 
113.125, 63.625, 1.0190816192459452e-21, nan 
113.375, 63.625, 1.6379895517031747e-21, nan 
113.625, 63.625, 9.946537923218902e-22, nan 
113.875, 63.625, 6.868561117864397e-22, nan 
114.125, 63.625, 9.22553837197249e-22, nan 
114.375, 63.625, 5.80985802163073e-22, nan 
114.625, 63.625, 1.6739160914997334e-21, nan 
114.875, 63.625, 2.0206613393612526e-21, nan 
115.125, 63.625, 1.8453136091949034e-21, nan 
115.375, 63.625, 2.6336167496726808e-21, nan 
115.625, 63.625, 3.545750381259223e-21, nan 
115.875, 63.625, 4.056378812798636e-21, nan 
116.125, 63.625, 3.528035054870437e-21, nan 
116.375, 63.625, 3.459268914437896e-21, nan 
116.625, 63.625, 2.4691904126984534e-21, nan 
116.875, 63.625, 9.44036551395345e-22, nan 
117.125, 63.625, 1.3095560165696483e-21, nan 
117.375, 63.625, 8.902378579613177e-22, nan 
117.625, 63.625, 6.254741160211514e-22, nan 
117.875, 63.625, 5.311555249422566e-22, nan 
118.125, 63.625, 6.311841503778264e-22, nan 
118.375, 63.625, 7.107934854484579e-22, nan 
118.625, 63.625, 7.925041239674602e-22, nan 
118.875, 63.625, 7.234298770672472e-22, nan 
119.125, 63.625, 8.300214058663307e-22, nan 
119.375, 63.625, 6.378572545588333e-22, nan 
119.625, 63.625, 3.8659989954987386e-22, nan 
119.875, 63.625, 4.387077249399391e-22, nan 
120.125, 63.625, 1.035241836856234e-22, nan 
120.375, 63.625, 3.222536193785695e-22, nan 
120.625, 63.625, 4.487225626754343e-22, nan 
120.875, 63.625, 4.020735487152422e-22, nan 
121.125, 63.625, 3.771796887011392e-22, nan 
121.375, 63.625, 4.478003208821831e-22, nan 
121.625, 63.625, 3.488437214782278e-22, nan 
121.875, 63.625, 3.0774888863850616e-22, nan 
122.125, 63.625, 3.634865275938092e-22, nan 
122.375, 63.625, 2.9094846421899107e-22, nan 
122.625, 63.625, 1.898231694688304e-22, nan 
122.875, 63.625, 1.3261582371592189e-22, nan 
123.125, 63.625, 1.7875653623694538e-22, nan 
123.375, 63.625, 2.1453213427611774e-22, nan 
123.625, 63.625, 1.0558577721665247e-22, nan 
123.875, 63.625, 1.578299968917663e-22, nan 
124.125, 63.625, 1.3279657563080077e-22, nan 
124.375, 63.625, 1.0469973366967324e-22, nan 
124.625, 63.625, 1.1332568873290688e-22, nan 
124.875, 63.625, 1.3609445671081383e-22, nan 
125.125, 63.625, 1.112253413064335e-22, nan 
125.375, 63.625, 5.900171608811344e-23, nan 
125.625, 63.625, 2.3824100193115745e-23, nan 
125.875, 63.625, 4.0558313600483173e-23, nan 
126.125, 63.625, 4.717432560341473e-23, nan 
126.375, 63.625, 3.1679898428605116e-23, nan 
126.625, 63.625, 2.239668824919535e-23, nan 
126.875, 63.625, 3.0610807006242123e-23, nan 
127.125, 63.625, 1.972984187236629e-23, nan 
127.375, 63.625, 2.4477450955325825e-23, nan 
127.625, 63.625, 2.8886840808024937e-23, nan 
127.875, 63.625, 1.2316499498963132e-22, nan 
128.125, 63.625, 9.229372577391461e-23, nan 
128.375, 63.625, 8.429366466457726e-23, nan 
128.625, 63.625, 1.683368390168789e-22, nan 
128.875, 63.625, 1.1760993332337688e-22, nan 
129.125, 63.625, 7.118957137996957e-23, nan 
129.375, 63.625, 5.900259312135953e-23, nan 
129.625, 63.625, 4.773871048345245e-23, nan 
129.875, 63.625, 3.63185119240786e-23, nan 
130.125, 63.625, 4.815864112617776e-23, nan 
130.375, 63.625, 7.607184762010667e-23, nan 
130.625, 63.625, 1.1749845059051183e-22, nan 
130.875, 63.625, 1.2204820306115246e-22, nan 
131.125, 63.625, 2.0932694135298636e-22, nan 
131.375, 63.625, 1.8706902955861643e-22, nan 
131.625, 63.625, 2.1225443153292887e-22, nan 
131.875, 63.625, 3.6483548929465343e-22, nan 
132.125, 63.625, 1.1317870960264078e-22, nan 
132.375, 63.625, 8.499500705817579e-23, nan 
132.625, 63.625, 1.4237828632292557e-22, nan 
132.875, 63.625, 4.39109934439676e-23, nan 
133.125, 63.625, 2.9600860668290736e-23, nan 
133.375, 63.625, 3.18438671728822e-23, nan 
133.625, 63.625, 2.768639006242622e-23, nan 
133.875, 63.625, 1.552000913631168e-23, nan 
134.125, 63.625, 1.6800480761549483e-23, nan 
134.375, 63.625, 3.0225616520382044e-23, nan 
134.625, 63.625, 1.343589535899686e-23, nan 
134.875, 63.625, 1.4021202989313004e-23, nan 
135.125, 63.625, 6.3235402279370255e-24, nan 
135.375, 63.625, 1.1363292913190221e-23, nan 
135.625, 63.625, 2.2498946776045766e-23, nan 
135.875, 63.625, 1.7947570934254973e-23, nan 
136.125, 63.625, 2.1970303180788565e-23, nan 
136.375, 63.625, 3.0120400872521147e-23, nan 
136.625, 63.625, 1.7298299498538137e-23, nan 
136.875, 63.625, 7.537837172719655e-24, nan 
137.125, 63.625, 1.765560410976603e-23, nan 
137.375, 63.625, 1.2159009279997093e-23, nan 
137.625, 63.625, 1.4094409008143592e-23, nan 
137.875, 63.625, 1.7210490540901242e-23, nan 
138.125, 63.625, 1.2433115376658704e-23, nan 
138.375, 63.625, 9.578239675720531e-24, nan 
138.625, 63.625, 1.2652175467762185e-23, nan 
138.875, 63.625, 9.912518115654638e-24, nan 
139.125, 63.625, 5.8709840024356934e-24, nan 
139.375, 63.625, 7.566635059923151e-24, nan 
139.625, 63.625, 5.716347756149317e-24, nan 
139.875, 63.625, 5.5144131831369394e-24, nan 
140.125, 63.625, 1.1058499807818036e-23, nan 
140.375, 63.625, 8.904839524815796e-24, nan 
140.625, 63.625, 4.43224297456963e-24, nan 
140.875, 63.625, 2.2954678189143888e-24, nan 
141.125, 63.625, 3.7328226359242534e-24, nan 
141.375, 63.625, 2.0605442093361924e-24, nan 
141.625, 63.625, 5.8465989814457704e-24, nan 
141.875, 63.625, 7.359683374528889e-24, nan 
142.125, 63.625, 6.2394267548204354e-24, nan 
142.375, 63.625, 7.28124053170773e-24, nan 
142.625, 63.625, 1.2184725036202218e-23, nan 
142.875, 63.625, 1.0290157394653675e-23, nan 
143.125, 63.625, 5.6947990374164504e-24, nan 
143.375, 63.625, 1.0876192829371106e-23, nan 
143.625, 63.625, 7.692770977169128e-24, nan 
143.875, 63.625, 4.5160728716061495e-24, nan 
144.125, 63.625, 4.2297813224764935e-24, nan 
144.375, 63.625, 3.954147025941365e-24, nan 
144.625, 63.625, 4.495896268418677e-24, nan 
144.875, 63.625, 2.667640393170765e-24, nan 
145.125, 63.625, 4.409864562079706e-24, nan 
145.375, 63.625, 6.234238021925567e-24, nan 
145.625, 63.625, 5.749470661586674e-24, nan 
145.875, 63.625, 6.408002391709125e-24, nan 
146.125, 63.625, 4.9941471853189566e-24, nan 
146.375, 63.625, 4.4160874644172604e-24, nan 
146.625, 63.625, 5.383007342763575e-24, nan 
146.875, 63.625, 5.4858908618930024e-24, nan 
147.125, 63.625, 2.572682120365427e-24, nan 
147.375, 63.625, 3.1825358358366136e-24, nan 
147.625, 63.625, 5.960576016012124e-24, nan 
147.875, 63.625, 7.382514488628557e-24, nan 
148.125, 63.625, 9.08635261852602e-24, nan 
148.375, 63.625, 8.960321122340862e-24, nan 
148.625, 63.625, 1.2700288099537048e-23, nan 
148.875, 63.625, 8.310713774030578e-24, nan 
149.125, 63.625, 9.759705004933871e-24, nan 
149.375, 63.625, 1.6313268973241735e-23, nan 
149.625, 63.625, 1.0939626296423637e-23, nan 
149.875, 63.625, 6.835565681083016e-24, nan 
150.125, 63.625, 1.3553121947129222e-23, nan 
150.375, 63.625, 9.768210679513117e-24, nan 
150.625, 63.625, 4.921804178625794e-24, nan 
150.875, 63.625, 5.094195962786063e-24, nan 
151.125, 63.625, 4.753037682182592e-24, nan 
151.375, 63.625, 4.535182353957324e-24, nan 
151.625, 63.625, 5.697430526087674e-24, nan 
151.875, 63.625, 2.4500999098979063e-24, nan 
152.125, 63.625, 2.9756069172823637e-24, nan 
152.375, 63.625, 2.0962417990590935e-24, nan 
152.625, 63.625, 2.69330994753578e-24, nan 
152.875, 63.625, 3.6057160124544734e-24, nan 
153.125, 63.625, 2.134101074987318e-24, nan 
153.375, 63.625, 2.755572008699884e-24, nan 
153.625, 63.625, 2.396314501773392e-24, nan 
153.875, 63.625, 1.5517696977655229e-24, nan 
154.125, 63.625, 2.1584493522164313e-24, nan 
154.375, 63.625, 2.044935327997653e-24, nan 
154.625, 63.625, 1.8859059717081344e-24, nan 
154.875, 63.625, 2.460522011604233e-24, nan 
155.125, 63.625, 4.029896858636383e-24, nan 
155.375, 63.625, 5.8243870502758485e-24, nan 
155.625, 63.625, 6.474394482521717e-24, nan 
155.875, 63.625, 4.652721198144255e-24, nan 
156.125, 63.625, 5.671448426421611e-24, nan 
156.375, 63.625, 6.438787277689592e-24, nan 
156.625, 63.625, 4.551541986294755e-24, nan 
156.875, 63.625, 3.467776280654641e-24, nan 
157.125, 63.625, 3.6293129161630804e-24, nan 
157.375, 63.625, 2.323649371529473e-24, nan 
157.625, 63.625, 1.287772607854041e-24, nan 
157.875, 63.625, 1.7050720139574503e-24, nan 
158.125, 63.625, 4.536974699714193e-24, nan 
158.375, 63.625, 1.0459176462558198e-24, nan 
158.625, 63.625, 2.353210378989912e-24, nan 
158.875, 63.625, 2.1763520813670852e-24, nan 
159.125, 63.625, 1.812621581353281e-24, nan 
159.375, 63.625, 3.1127373693266295e-24, nan 
159.625, 63.625, 3.312147353991885e-24, nan 
159.875, 63.625, 2.7970124488698983e-24, nan 
160.125, 63.625, 3.304305989270285e-24, nan 
160.375, 63.625, 3.3321034309147114e-24, nan 
160.625, 63.625, 4.253067905080712e-24, nan 
160.875, 63.625, 3.551480598229902e-24, nan 
161.125, 63.625, 8.807860516402106e-25, nan 
161.375, 63.625, 4.3114285029380575e-24, nan 
161.625, 63.625, 3.1918514640918664e-24, nan 
161.875, 63.625, 1.5866616113279386e-24, nan 
162.125, 63.625, 5.428288844225665e-24, nan 
162.375, 63.625, 4.411761449083392e-24, nan 
162.625, 63.625, 2.605414529439475e-24, nan 
162.875, 63.625, 2.9601434706062234e-24, nan 
163.125, 63.625, 2.622310138680499e-24, nan 
163.375, 63.625, 2.7517418437918275e-24, nan 
163.625, 63.625, 1.5493787334005517e-24, nan 
163.875, 63.625, 1.0884838346494002e-24, nan 
164.125, 63.625, 1.9083400002940434e-24, nan 
164.375, 63.625, 2.089518086464716e-24, nan 
164.625, 63.625, 5.494643051670451e-24, nan 
164.875, 63.625, 7.116373427839121e-24, nan 
165.125, 63.625, 5.730328816309363e-24, nan 
165.375, 63.625, 5.881864825210547e-24, nan 
36.875, 63.875, 1.686294568037851e-24, nan 
37.125, 63.875, 1.031215857721469e-24, nan 
37.375, 63.875, 1.2545749046167164e-24, nan 
37.625, 63.875, 1.954231553847265e-24, nan 
37.875, 63.875, 1.048567255352817e-24, nan 
38.125, 63.875, 1.3417114350438527e-24, nan 
38.375, 63.875, 1.301677425714254e-24, nan 
38.625, 63.875, 8.610142872826887e-25, nan 
38.875, 63.875, 1.908732858296277e-24, nan 
39.125, 63.875, 2.1131437824486738e-24, nan 
39.375, 63.875, 2.457427754483789e-24, nan 
39.625, 63.875, 1.757408170040297e-24, nan 
39.875, 63.875, 1.9821233823936764e-24, nan 
40.125, 63.875, 2.271375815126113e-24, nan 
40.375, 63.875, 2.4935571908216463e-24, nan 
40.625, 63.875, 1.9515797604212497e-24, nan 
40.875, 63.875, 2.3463567898118192e-24, nan 
41.125, 63.875, 1.5265387022791422e-24, nan 
41.375, 63.875, 1.430008101128722e-24, nan 
41.625, 63.875, 1.0106487508763327e-24, nan 
41.875, 63.875, 1.0488196663987402e-24, nan 
42.125, 63.875, 1.4440747086408123e-24, nan 
42.375, 63.875, 1.6278866462327933e-24, nan 
42.625, 63.875, 1.3195976430858891e-24, nan 
42.875, 63.875, 1.2128092080710343e-24, nan 
43.125, 63.875, 2.146351040704459e-24, nan 
43.375, 63.875, 1.8212156329197965e-24, nan 
43.625, 63.875, 1.685189578650473e-24, nan 
43.875, 63.875, 1.9047249787150075e-24, nan 
44.125, 63.875, 2.1328942044098196e-24, nan 
44.375, 63.875, 2.47367602020208e-24, nan 
44.625, 63.875, 2.7495166843733127e-24, nan 
44.875, 63.875, 2.9197450573881508e-24, nan 
45.125, 63.875, 1.3238299829431765e-24, nan 
45.375, 63.875, 1.8992678972243783e-24, nan 
45.625, 63.875, 2.6696079577590787e-24, nan 
45.875, 63.875, 2.8553340459607237e-24, nan 
46.125, 63.875, 4.22637788661575e-24, nan 
46.375, 63.875, 3.048023630256643e-24, nan 
46.625, 63.875, 2.299699234772152e-24, nan 
46.875, 63.875, 3.263202547242169e-24, nan 
47.125, 63.875, 2.567474716650384e-24, nan 
47.375, 63.875, 2.3702103129705376e-24, nan 
47.625, 63.875, 3.972237256520513e-24, nan 
47.875, 63.875, 3.2409180300062785e-24, nan 
48.125, 63.875, 3.734834978521076e-24, nan 
48.375, 63.875, 3.387846622613796e-24, nan 
48.625, 63.875, 2.2568010408047177e-24, nan 
48.875, 63.875, 4.765807382514435e-24, nan 
49.125, 63.875, 3.7077580388649944e-24, nan 
49.375, 63.875, 2.6604759996243592e-24, nan 
49.625, 63.875, 2.0682336659016006e-24, nan 
49.875, 63.875, 2.4854392626390354e-24, nan 
50.125, 63.875, 3.2872204231627794e-24, nan 
50.375, 63.875, 3.428789686144245e-24, nan 
50.625, 63.875, 2.667064393325678e-24, nan 
50.875, 63.875, 5.1019914773196484e-24, nan 
51.125, 63.875, 7.268714682655761e-24, nan 
51.375, 63.875, 6.690966776195456e-24, nan 
51.625, 63.875, 4.987437835879939e-24, nan 
51.875, 63.875, 5.9352233751480285e-24, nan 
52.125, 63.875, 4.432663748843505e-24, nan 
52.375, 63.875, 2.4374627944005336e-24, nan 
52.625, 63.875, 2.1697825710480415e-24, nan 
52.875, 63.875, 2.496941759021546e-24, nan 
53.125, 63.875, 3.0144301212862904e-24, nan 
53.375, 63.875, 3.649340499803848e-24, nan 
53.625, 63.875, 3.829864011117265e-24, nan 
53.875, 63.875, 3.909387238031759e-24, nan 
54.125, 63.875, 4.220084492736162e-24, nan 
54.375, 63.875, 5.950416979912325e-24, nan 
54.625, 63.875, 1.2050953455613686e-23, nan 
54.875, 63.875, 9.376862607331677e-24, nan 
55.125, 63.875, 8.585815790841658e-24, nan 
55.375, 63.875, 5.762947920113721e-24, nan 
55.625, 63.875, 9.193537830613392e-24, nan 
55.875, 63.875, 1.6779981729070734e-23, nan 
56.125, 63.875, 3.813745270385743e-24, nan 
56.375, 63.875, 9.55467111605759e-24, nan 
56.625, 63.875, 1.228784058610827e-23, nan 
56.875, 63.875, 3.43687479284517e-24, nan 
57.125, 63.875, 3.5023945698177396e-24, nan 
57.375, 63.875, 7.210470940157778e-24, nan 
57.625, 63.875, 4.655494590993009e-24, nan 
57.875, 63.875, 4.84334333581837e-24, nan 
58.125, 63.875, 7.720636772635232e-24, nan 
58.375, 63.875, 5.636510067069763e-24, nan 
58.625, 63.875, 3.6882901368471625e-24, nan 
58.875, 63.875, 4.913638248527647e-24, nan 
59.125, 63.875, 4.254155440812889e-24, nan 
59.375, 63.875, 4.990237764691378e-24, nan 
59.625, 63.875, 6.755387501350742e-24, nan 
59.875, 63.875, 6.660952898635824e-24, nan 
60.125, 63.875, 6.734181732090848e-24, nan 
60.375, 63.875, 8.937360852243531e-24, nan 
60.625, 63.875, 7.872319990412248e-24, nan 
60.875, 63.875, 5.465460793097844e-24, nan 
61.125, 63.875, 1.1875969438829506e-23, nan 
61.375, 63.875, 1.6305305555228375e-23, nan 
61.625, 63.875, 2.1663777628211354e-23, nan 
61.875, 63.875, 2.442213954835104e-23, nan 
62.125, 63.875, 3.433155171759304e-23, nan 
62.375, 63.875, 3.8942747864960894e-23, nan 
62.625, 63.875, 1.9544136464207693e-23, nan 
62.875, 63.875, 2.440973830667665e-23, nan 
63.125, 63.875, 3.2633074113242626e-23, nan 
63.375, 63.875, 2.8113235217111575e-23, nan 
63.625, 63.875, 2.540983319365064e-23, nan 
63.875, 63.875, 4.1510772901174475e-23, nan 
64.125, 63.875, 1.85780790968307e-23, nan 
64.375, 63.875, 1.5621455760542227e-23, nan 
64.625, 63.875, 2.0442244468423758e-23, nan 
64.875, 63.875, 1.4248549052083528e-23, nan 
65.125, 63.875, 9.53662423782536e-24, nan 
65.375, 63.875, 1.7783011065655527e-23, nan 
65.625, 63.875, 1.7397916482783855e-23, nan 
65.875, 63.875, 4.248429785285795e-23, nan 
66.125, 63.875, 7.05898634313832e-23, nan 
66.375, 63.875, 5.078344536949244e-23, nan 
66.625, 63.875, 4.449730180477654e-23, nan 
66.875, 63.875, 6.272803667276448e-23, nan 
67.125, 63.875, 4.966713313447892e-23, nan 
67.375, 63.875, 5.970062554766546e-23, nan 
67.625, 63.875, 6.385758369876392e-23, nan 
67.875, 63.875, 3.537176847145557e-23, nan 
68.125, 63.875, 2.732183878076181e-23, nan 
68.375, 63.875, 2.9259807401523545e-23, nan 
68.625, 63.875, 5.526952409641235e-23, nan 
68.875, 63.875, 3.0380152125930626e-23, nan 
69.125, 63.875, 5.478048974876023e-23, nan 
69.375, 63.875, 1.905456800633665e-23, nan 
69.625, 63.875, 2.5132903646262917e-23, nan 
69.875, 63.875, 4.1375865669082393e-23, nan 
70.125, 63.875, 3.717201063471761e-23, nan 
70.375, 63.875, 3.4409623104594896e-23, nan 
70.625, 63.875, 3.9503751486843517e-23, nan 
70.875, 63.875, 3.3464030904842964e-23, nan 
71.125, 63.875, 1.9886501533628924e-23, nan 
71.375, 63.875, 6.029027396366278e-23, nan 
71.625, 63.875, 3.0913009934511523e-23, nan 
71.875, 63.875, 2.867019260121699e-23, nan 
72.125, 63.875, 4.288726995870685e-23, nan 
72.375, 63.875, 4.5226399245345154e-23, nan 
72.625, 63.875, 6.093189914911607e-23, nan 
72.875, 63.875, 3.877356708742905e-23, nan 
73.125, 63.875, 3.294752929686389e-23, nan 
73.375, 63.875, 4.239345111141135e-23, nan 
73.625, 63.875, 4.137389186371866e-23, nan 
73.875, 63.875, 3.9191183305213465e-23, nan 
74.125, 63.875, 3.911884352350111e-23, nan 
74.375, 63.875, 3.811931692987888e-23, nan 
74.625, 63.875, 4.620860966893269e-23, nan 
74.875, 63.875, 3.8119320372326204e-23, nan 
75.125, 63.875, 5.389832389327661e-23, nan 
75.375, 63.875, 3.7580490175374286e-23, nan 
75.625, 63.875, 6.12033019051352e-23, nan 
75.875, 63.875, 3.4837881677430757e-23, nan 
76.125, 63.875, 3.758968951710649e-23, nan 
76.375, 63.875, 5.391156655263072e-23, nan 
76.625, 63.875, 7.321287184388797e-23, nan 
76.875, 63.875, 6.501730522221212e-23, nan 
77.125, 63.875, 1.1056225079404418e-22, nan 
77.375, 63.875, 9.223985751722567e-23, nan 
77.625, 63.875, 1.2370854913139867e-22, nan 
77.875, 63.875, 1.420786561378352e-22, nan 
78.125, 63.875, 7.742940632345694e-23, nan 
78.375, 63.875, 9.060580787997457e-23, nan 
78.625, 63.875, 1.4563238160994548e-22, nan 
78.875, 63.875, 1.107143051905622e-22, nan 
79.125, 63.875, 8.957218597701634e-23, nan 
79.375, 63.875, 1.2373619820562235e-22, nan 
79.625, 63.875, 1.0206688855704577e-22, nan 
79.875, 63.875, 2.215141525461293e-22, nan 
80.125, 63.875, 2.728264712901676e-22, nan 
80.375, 63.875, 2.7045167613554076e-22, nan 
80.625, 63.875, 2.2878000195443155e-22, nan 
80.875, 63.875, 1.5554795974046e-22, nan 
81.125, 63.875, 9.476081056826794e-23, nan 
81.375, 63.875, 1.5941900960068902e-22, nan 
81.625, 63.875, 9.850699116783305e-23, nan 
81.875, 63.875, 7.396474794342573e-23, nan 
82.125, 63.875, 9.929345064186839e-23, nan 
82.375, 63.875, 1.099725236897728e-22, nan 
82.625, 63.875, 8.67180580930151e-23, nan 
82.875, 63.875, 4.0039670190226613e-22, nan 
83.125, 63.875, 2.25290017240257e-22, nan 
83.375, 63.875, 1.8035579494036146e-22, nan 
83.625, 63.875, 3.4231822331753153e-22, nan 
83.875, 63.875, 3.040722335291047e-22, nan 
84.125, 63.875, 3.0528680790015474e-22, nan 
84.375, 63.875, 2.9761753699935523e-22, nan 
84.625, 63.875, 4.1834283871337494e-22, nan 
84.875, 63.875, 4.550951329593233e-22, nan 
85.125, 63.875, 6.069856907216071e-22, nan 
85.375, 63.875, 9.48787082620301e-22, nan 
85.625, 63.875, 8.335698959456304e-22, nan 
85.875, 63.875, 1.4199719268596528e-21, nan 
86.125, 63.875, 1.035864111672957e-21, nan 
86.375, 63.875, 1.0815988109506774e-21, nan 
86.625, 63.875, 1.4759920116945328e-21, nan 
86.875, 63.875, 8.465717689201377e-22, nan 
87.125, 63.875, 8.798190260500382e-22, nan 
87.375, 63.875, 4.452400271121771e-22, nan 
87.625, 63.875, 9.43358253630069e-22, nan 
87.875, 63.875, 8.54406834556475e-22, nan 
88.125, 63.875, 1.0375147371492834e-21, nan 
88.375, 63.875, 3.2094923479848275e-21, nan 
88.625, 63.875, 3.47886913834028e-21, nan 
88.875, 63.875, 2.550333957212352e-21, nan 
89.125, 63.875, 4.6701887969534855e-21, nan 
89.375, 63.875, 3.739772989585287e-21, nan 
89.625, 63.875, 4.307681844791959e-21, nan 
89.875, 63.875, 3.772900616948454e-21, nan 
90.125, 63.875, 3.985075169750616e-21, nan 
90.375, 63.875, 5.020906892956065e-21, nan 
90.625, 63.875, 4.835770660620666e-21, nan 
90.875, 63.875, 3.1081073569181416e-21, nan 
91.125, 63.875, 2.6657866905248815e-21, nan 
91.375, 63.875, 1.767308370391307e-21, nan 
91.625, 63.875, 1.900482963449684e-21, nan 
91.875, 63.875, 1.250951839341134e-21, nan 
92.125, 63.875, 2.596263687430577e-21, nan 
92.375, 63.875, 2.639535808399375e-21, nan 
92.625, 63.875, 7.016248885279935e-21, nan 
92.875, 63.875, 3.2179687376625417e-21, nan 
93.125, 63.875, 3.3730644088834574e-21, nan 
93.375, 63.875, 6.225258107948624e-21, nan 
93.625, 63.875, 5.239752776670361e-21, nan 
93.875, 63.875, 4.8766493553006454e-21, nan 
94.125, 63.875, 5.221826473154025e-21, nan 
94.375, 63.875, 5.348252974626839e-21, nan 
94.625, 63.875, 5.084632348499417e-21, nan 
94.875, 63.875, 6.390044204570946e-21, nan 
95.125, 63.875, 1.4605075794248396e-20, nan 
95.375, 63.875, 2.0463443742396366e-20, nan 
95.625, 63.875, 2.134765746141227e-20, nan 
95.875, 63.875, 2.0595566689729005e-20, nan 
96.125, 63.875, 2.2027206319949664e-20, nan 
96.375, 63.875, 1.7528051582835962e-20, nan 
96.625, 63.875, 1.2781387128828917e-20, nan 
96.875, 63.875, 1.9493461368313327e-20, nan 
97.125, 63.875, 2.7499703331621106e-20, nan 
97.375, 63.875, 3.846988941594565e-20, nan 
97.625, 63.875, 2.8166082269485793e-20, nan 
97.875, 63.875, 4.2218206197441844e-20, nan 
98.125, 63.875, 5.0360729903993946e-20, nan 
98.375, 63.875, 5.3311368547745945e-20, nan 
98.625, 63.875, 5.787083478811297e-20, nan 
98.875, 63.875, 1.1045240427071278e-19, nan 
99.125, 63.875, 1.5392222493667308e-19, nan 
99.375, 63.875, 1.0218467233286572e-19, nan 
99.625, 63.875, 1.2991416634791e-19, nan 
99.875, 63.875, 1.5114269636818844e-19, nan 
100.125, 63.875, 8.651079421793407e-20, nan 
100.375, 63.875, 1.9552581012653647e-20, nan 
100.625, 63.875, 1.3924689783779053e-20, nan 
100.875, 63.875, 3.017657450199192e-20, nan 
101.125, 63.875, 3.3149130245086397e-20, nan 
101.375, 63.875, 2.201261652098322e-20, nan 
101.625, 63.875, 2.6944769479893702e-20, nan 
101.875, 63.875, 1.14855173060632e-19, nan 
102.125, 63.875, 8.596572925404205e-20, nan 
102.375, 63.875, 6.300674458708462e-20, nan 
102.625, 63.875, 1.3593736080239727e-19, nan 
102.875, 63.875, 9.150468046952493e-20, nan 
103.125, 63.875, 5.141164253140477e-20, nan 
103.375, 63.875, 7.685865959673852e-20, nan 
103.625, 63.875, 6.691459469495847e-20, nan 
103.875, 63.875, 4.524548101466627e-20, nan 
104.125, 63.875, 4.9788439094431014e-20, nan 
104.375, 63.875, 5.350122745134445e-20, nan 
104.625, 63.875, 2.7868504878586106e-20, nan 
104.875, 63.875, 2.064012721997111e-20, nan 
105.125, 63.875, 4.185092739697939e-20, nan 
105.375, 63.875, 2.0635206582314492e-20, nan 
105.625, 63.875, 1.6280641290720313e-20, nan 
105.875, 63.875, 5.3210756249574494e-20, nan 
106.125, 63.875, 2.3609147644375108e-20, nan 
106.375, 63.875, 1.509297200469061e-20, nan 
106.625, 63.875, 2.0987999385726012e-20, nan 
106.875, 63.875, 1.279282573709368e-20, nan 
107.125, 63.875, 8.20488213842929e-21, nan 
107.375, 63.875, 4.809146923456757e-21, nan 
107.625, 63.875, 1.4395798530198775e-20, nan 
107.875, 63.875, 1.9430231692890196e-20, nan 
108.125, 63.875, 8.812984453430472e-21, nan 
108.375, 63.875, 6.4800278005025506e-21, nan 
108.625, 63.875, 1.665037275494889e-20, nan 
108.875, 63.875, 1.3969046608076913e-20, nan 
109.125, 63.875, 9.287258941751994e-21, nan 
109.375, 63.875, 8.990854624013428e-21, nan 
109.625, 63.875, 9.449535945808049e-21, nan 
109.875, 63.875, 6.972199308721163e-21, nan 
110.125, 63.875, 5.516029372381581e-21, nan 
110.375, 63.875, 4.8229695198210136e-21, nan 
110.625, 63.875, 5.494594587782565e-21, nan 
110.875, 63.875, 4.8325963509721915e-21, nan 
111.125, 63.875, 4.5080051118615496e-21, nan 
111.375, 63.875, 3.755697263067486e-21, nan 
111.625, 63.875, 3.0032447317482875e-21, nan 
111.875, 63.875, 1.4266829012729586e-21, nan 
112.125, 63.875, 3.314027051921097e-21, nan 
112.375, 63.875, 2.6304264621317925e-21, nan 
112.625, 63.875, 1.7235392563887207e-21, nan 
112.875, 63.875, 1.9984544799987483e-21, nan 
113.125, 63.875, 1.2567972279995996e-21, nan 
113.375, 63.875, 1.8138939060091176e-21, nan 
113.625, 63.875, 8.48742990071617e-22, nan 
113.875, 63.875, 8.687764284171267e-22, nan 
114.125, 63.875, 6.26700731311076e-22, nan 
114.375, 63.875, 6.152849693493224e-22, nan 
114.625, 63.875, 2.9732505633918325e-21, nan 
114.875, 63.875, 3.0434437396895795e-21, nan 
115.125, 63.875, 4.252312100437217e-21, nan 
115.375, 63.875, 3.947219820488631e-21, nan 
115.625, 63.875, 3.6133642567264136e-21, nan 
115.875, 63.875, 5.258081916947603e-21, nan 
116.125, 63.875, 4.528426755789193e-21, nan 
116.375, 63.875, 3.758446288388845e-21, nan 
116.625, 63.875, 2.7103840173402864e-21, nan 
116.875, 63.875, 2.300704810555206e-21, nan 
117.125, 63.875, 1.7868667366623594e-21, nan 
117.375, 63.875, 1.2516509716156966e-21, nan 
117.625, 63.875, 8.400544065834143e-22, nan 
117.875, 63.875, 8.390224763184658e-22, nan 
118.125, 63.875, 7.830438214568396e-22, nan 
118.375, 63.875, 8.851636870079485e-22, nan 
118.625, 63.875, 1.1401382529505203e-21, nan 
118.875, 63.875, 1.0583099513593736e-21, nan 
119.125, 63.875, 1.1311796277758359e-21, nan 
119.375, 63.875, 1.0444765581216927e-21, nan 
119.625, 63.875, 6.631028145719011e-22, nan 
119.875, 63.875, 5.651448501040462e-22, nan 
120.125, 63.875, 5.960985085380908e-22, nan 
120.375, 63.875, 5.603021863245002e-22, nan 
120.625, 63.875, 3.248004085650879e-22, nan 
120.875, 63.875, 5.828111013925843e-22, nan 
121.125, 63.875, 6.535262417107397e-22, nan 
121.375, 63.875, 3.9822797618955513e-22, nan 
121.625, 63.875, 3.9859229401409154e-22, nan 
121.875, 63.875, 4.136951143267303e-22, nan 
122.125, 63.875, 2.861952017616844e-22, nan 
122.375, 63.875, 2.186203948358455e-22, nan 
122.625, 63.875, 1.4937657120425378e-22, nan 
122.875, 63.875, 1.3146186784185942e-22, nan 
123.125, 63.875, 1.341015446443019e-22, nan 
123.375, 63.875, 2.2999464720624267e-22, nan 
123.625, 63.875, 1.472695691886793e-22, nan 
123.875, 63.875, 7.99638352363826e-23, nan 
124.125, 63.875, 9.942838284163949e-23, nan 
124.375, 63.875, 1.3251665835508999e-22, nan 
124.625, 63.875, 1.2678147252243596e-22, nan 
124.875, 63.875, 1.3604420389559874e-22, nan 
125.125, 63.875, 1.1488881401219052e-22, nan 
125.375, 63.875, 6.70314748331764e-23, nan 
125.625, 63.875, 8.214172025021203e-23, nan 
125.875, 63.875, 5.297348259217748e-23, nan 
126.125, 63.875, 4.7068320872699665e-23, nan 
126.375, 63.875, 3.5630691498134604e-23, nan 
126.625, 63.875, 3.8443047276530795e-23, nan 
126.875, 63.875, 2.7611567138659773e-23, nan 
127.125, 63.875, 2.909319545579554e-23, nan 
127.375, 63.875, 3.1707899461787255e-23, nan 
127.625, 63.875, 4.158229603110976e-23, nan 
127.875, 63.875, 1.3104313412535078e-22, nan 
128.125, 63.875, 8.893412225200486e-23, nan 
128.375, 63.875, 7.753723132247607e-23, nan 
128.625, 63.875, 1.4559883390682993e-22, nan 
128.875, 63.875, 9.339192930388361e-23, nan 
129.125, 63.875, 3.852185937956476e-23, nan 
129.375, 63.875, 7.977769481473255e-23, nan 
129.625, 63.875, 6.092481655208631e-23, nan 
129.875, 63.875, 3.183304040767397e-23, nan 
130.125, 63.875, 3.3052170390611663e-23, nan 
130.375, 63.875, 2.1139597494275512e-23, nan 
130.625, 63.875, 2.2738774483251174e-23, nan 
130.875, 63.875, 4.268507891623949e-23, nan 
131.125, 63.875, 7.348019519428982e-23, nan 
131.375, 63.875, 1.321215206006308e-22, nan 
131.625, 63.875, 1.2185664926092358e-22, nan 
131.875, 63.875, 1.8647519736964329e-22, nan 
132.125, 63.875, 3.94948782721422e-23, nan 
132.375, 63.875, 2.718990335497323e-23, nan 
132.625, 63.875, 3.9538768965107804e-23, nan 
132.875, 63.875, 3.4571728866388437e-23, nan 
133.125, 63.875, 3.5228374198828455e-23, nan 
133.375, 63.875, 3.4584529609285056e-23, nan 
133.625, 63.875, 2.586021340409341e-23, nan 
133.875, 63.875, 1.6895739887789529e-23, nan 
134.125, 63.875, 1.805834595992738e-23, nan 
134.375, 63.875, 1.1104840190643895e-23, nan 
134.625, 63.875, 9.934231889019454e-24, nan 
134.875, 63.875, 1.4154281512726057e-23, nan 
135.125, 63.875, 1.4125901172417963e-23, nan 
135.375, 63.875, 2.2244755925863157e-23, nan 
135.625, 63.875, 2.6949333285407474e-23, nan 
135.875, 63.875, 2.1373909106638053e-23, nan 
136.125, 63.875, 2.567647260281726e-23, nan 
136.375, 63.875, 2.5814182181310784e-23, nan 
136.625, 63.875, 1.0007127699033137e-23, nan 
136.875, 63.875, 1.4580021459014998e-23, nan 
137.125, 63.875, 2.0519427224419323e-23, nan 
137.375, 63.875, 1.2636380856188776e-23, nan 
137.625, 63.875, 8.256884772093568e-24, nan 
137.875, 63.875, 1.8817702941805432e-23, nan 
138.125, 63.875, 1.2538843298321957e-23, nan 
138.375, 63.875, 9.032892282971308e-24, nan 
138.625, 63.875, 1.348046196164846e-23, nan 
138.875, 63.875, 1.1449948026086272e-23, nan 
139.125, 63.875, 6.040180731844278e-24, nan 
139.375, 63.875, 9.361712414909196e-24, nan 
139.625, 63.875, 1.14676057597656e-23, nan 
139.875, 63.875, 7.027526677854953e-24, nan 
140.125, 63.875, 8.19633086448483e-24, nan 
140.375, 63.875, 1.143645168218202e-23, nan 
140.625, 63.875, 7.783112350720585e-24, nan 
140.875, 63.875, 5.926868118679022e-24, nan 
141.125, 63.875, 3.5806300599477194e-24, nan 
141.375, 63.875, 4.524880788626689e-24, nan 
141.625, 63.875, 1.1800231901218997e-23, nan 
141.875, 63.875, 1.0683819185329177e-23, nan 
142.125, 63.875, 6.4546540736527765e-24, nan 
142.375, 63.875, 1.1665139085954862e-23, nan 
142.625, 63.875, 1.1560673241639975e-23, nan 
142.875, 63.875, 5.019871801065386e-24, nan 
143.125, 63.875, 6.530871972490592e-24, nan 
143.375, 63.875, 8.219056193560804e-24, nan 
143.625, 63.875, 2.5376040369954954e-24, nan 
143.875, 63.875, 3.388892500772167e-24, nan 
144.125, 63.875, 3.116631217586378e-24, nan 
144.375, 63.875, 3.9760420708086705e-24, nan 
144.625, 63.875, 1.6373208585161475e-24, nan 
144.875, 63.875, 3.638055246584262e-24, nan 
145.125, 63.875, 5.8731410075436896e-24, nan 
145.375, 63.875, 4.825898830887034e-24, nan 
145.625, 63.875, 4.474914689415253e-24, nan 
145.875, 63.875, 5.416036868606922e-24, nan 
146.125, 63.875, 5.6465672667446284e-24, nan 
146.375, 63.875, 5.8263536775638244e-24, nan 
146.625, 63.875, 7.943187080799942e-24, nan 
146.875, 63.875, 8.16110685068292e-24, nan 
147.125, 63.875, 4.9674428795198215e-24, nan 
147.375, 63.875, 7.445452845467201e-24, nan 
147.625, 63.875, 7.533592086691028e-24, nan 
147.875, 63.875, 4.198206290743928e-24, nan 
148.125, 63.875, 8.310617971370019e-24, nan 
148.375, 63.875, 1.4023400527942106e-23, nan 
148.625, 63.875, 1.247970084113541e-23, nan 
148.875, 63.875, 8.038503676547029e-24, nan 
149.125, 63.875, 1.9173938335120383e-23, nan 
149.375, 63.875, 1.6605930815476946e-23, nan 
149.625, 63.875, 8.245844853883204e-24, nan 
149.875, 63.875, 1.2749884371565894e-23, nan 
150.125, 63.875, 1.1199474027339764e-23, nan 
150.375, 63.875, 5.4329588474523735e-24, nan 
150.625, 63.875, 3.754636943074525e-24, nan 
150.875, 63.875, 5.058057151441893e-24, nan 
151.125, 63.875, 4.262464036136829e-24, nan 
151.375, 63.875, 3.918072900781922e-24, nan 
151.625, 63.875, 4.255962418902297e-24, nan 
151.875, 63.875, 5.0555289490688916e-24, nan 
152.125, 63.875, 2.55312014402001e-24, nan 
152.375, 63.875, 2.111936812759769e-24, nan 
152.625, 63.875, 2.925795448085027e-24, nan 
152.875, 63.875, 3.35495863877484e-24, nan 
153.125, 63.875, 2.5823344113871476e-24, nan 
153.375, 63.875, 2.3390159284359185e-24, nan 
153.625, 63.875, 1.658250863975468e-24, nan 
153.875, 63.875, 1.8750087957070086e-24, nan 
154.125, 63.875, 1.3873183189163447e-24, nan 
154.375, 63.875, 2.6491631781668455e-24, nan 
154.625, 63.875, 3.262170634100136e-24, nan 
154.875, 63.875, 2.0637122580200013e-24, nan 
155.125, 63.875, 5.11185272732228e-24, nan 
155.375, 63.875, 6.076227532058625e-24, nan 
155.625, 63.875, 6.983574186118066e-24, nan 
155.875, 63.875, 5.256067857858948e-24, nan 
156.125, 63.875, 6.629901392586639e-24, nan 
156.375, 63.875, 9.641535950865722e-24, nan 
156.625, 63.875, 4.163836167404359e-24, nan 
156.875, 63.875, 4.452744609140253e-24, nan 
157.125, 63.875, 4.447607719877178e-24, nan 
157.375, 63.875, 2.093430982486613e-24, nan 
157.625, 63.875, 1.584469738431031e-24, nan 
157.875, 63.875, 2.3292781047743606e-24, nan 
158.125, 63.875, 2.2060968812698846e-24, nan 
158.375, 63.875, 1.9690093706521738e-24, nan 
158.625, 63.875, 3.540506361682124e-24, nan 
158.875, 63.875, 1.8190712221644067e-24, nan 
159.125, 63.875, 2.686626523636754e-24, nan 
159.375, 63.875, 4.870058542247648e-24, nan 
159.625, 63.875, 3.90655818870006e-24, nan 
159.875, 63.875, 3.939470659273738e-24, nan 
160.125, 63.875, 4.581192722773142e-24, nan 
160.375, 63.875, 4.288788229344204e-24, nan 
160.625, 63.875, 5.224642717681358e-24, nan 
160.875, 63.875, 3.282948174270791e-24, nan 
161.125, 63.875, 3.1049034237294918e-24, nan 
161.375, 63.875, 5.330689374655064e-24, nan 
161.625, 63.875, 2.8801203295280306e-24, nan 
161.875, 63.875, 2.2773068267643372e-24, nan 
162.125, 63.875, 4.971718325735157e-24, nan 
162.375, 63.875, 4.2886159512258934e-24, nan 
162.625, 63.875, 3.0145109023531885e-24, nan 
162.875, 63.875, 1.612706549480041e-24, nan 
163.125, 63.875, 1.7137580815220293e-24, nan 
163.375, 63.875, 1.5410362984871312e-24, nan 
163.625, 63.875, 1.2992983154896404e-24, nan 
163.875, 63.875, 2.1234115157508552e-24, nan 
164.125, 63.875, 1.922616223601946e-24, nan 
164.375, 63.875, 1.6808106621815787e-24, nan 
164.625, 63.875, 2.6074864036335745e-24, nan 
164.875, 63.875, 2.8151098698696406e-24, nan 
165.125, 63.875, 2.4689200026470876e-24, nan 
165.375, 63.875, 2.323345092473515e-24, nan 
165.625, 63.875, 2.3545098021556353e-24, nan 
36.625, 64.125, 1.2750738767578282e-24, nan 
36.875, 64.125, 1.0917269921416413e-24, nan 
37.125, 64.125, 1.0506550221350353e-24, nan 
37.375, 64.125, 2.2972581058733434e-24, nan 
37.625, 64.125, 9.494215563911053e-25, nan 
37.875, 64.125, 1.1392255235123309e-24, nan 
38.125, 64.125, 1.3011434937356188e-24, nan 
38.375, 64.125, 7.981078055758007e-25, nan 
38.625, 64.125, 1.791310536095959e-24, nan 
38.875, 64.125, 1.8180663284586566e-24, nan 
39.125, 64.125, 2.440528133456361e-24, nan 
39.375, 64.125, 2.078711664422892e-24, nan 
39.625, 64.125, 1.9212066769280824e-24, nan 
39.875, 64.125, 2.3068748497396467e-24, nan 
40.125, 64.125, 2.531899726013189e-24, nan 
40.375, 64.125, 2.8736191591942957e-24, nan 
40.625, 64.125, 2.4189751077367653e-24, nan 
40.875, 64.125, 2.493101613066747e-24, nan 
41.125, 64.125, 2.3461072750036162e-24, nan 
41.375, 64.125, 2.0873363173455286e-24, nan 
41.625, 64.125, 1.6339962597945593e-24, nan 
41.875, 64.125, 1.0662395808644813e-24, nan 
42.125, 64.125, 1.2695076583929646e-24, nan 
42.375, 64.125, 1.3207606278048226e-24, nan 
42.625, 64.125, 1.9938890643337076e-24, nan 
42.875, 64.125, 1.696076724099521e-24, nan 
43.125, 64.125, 1.802993876163067e-24, nan 
43.375, 64.125, 3.830473552872468e-24, nan 
43.625, 64.125, 2.4440069495718847e-24, nan 
43.875, 64.125, 1.794466872443474e-24, nan 
44.125, 64.125, 2.7403751753081677e-24, nan 
44.375, 64.125, 1.845255667510451e-24, nan 
44.625, 64.125, 1.5293784666061016e-24, nan 
44.875, 64.125, 1.5940027558438168e-24, nan 
45.125, 64.125, 1.5466149665679053e-24, nan 
45.375, 64.125, 2.5273253555730684e-24, nan 
45.625, 64.125, 3.2667207833960486e-24, nan 
45.875, 64.125, 2.5809493242675753e-24, nan 
46.125, 64.125, 2.5765944413621968e-24, nan 
46.375, 64.125, 2.2555504542996072e-24, nan 
46.625, 64.125, 2.517167088192363e-24, nan 
46.875, 64.125, 3.4565251514429124e-24, nan 
47.125, 64.125, 3.531075926104093e-24, nan 
47.375, 64.125, 1.6975318479174814e-24, nan 
47.625, 64.125, 1.4386346647136022e-24, nan 
47.875, 64.125, 3.33145313448066e-24, nan 
48.125, 64.125, 3.534614130388344e-24, nan 
48.375, 64.125, 4.054875689747091e-24, nan 
48.625, 64.125, 3.373218011267043e-24, nan 
48.875, 64.125, 4.256512794232886e-24, nan 
49.125, 64.125, 6.48166574707402e-24, nan 
49.375, 64.125, 4.9639944779479766e-24, nan 
49.625, 64.125, 2.1368855109980326e-24, nan 
49.875, 64.125, 4.228601402098027e-24, nan 
50.125, 64.125, 3.9323523577154045e-24, nan 
50.375, 64.125, 5.1856894305819924e-24, nan 
50.625, 64.125, 5.760663418999144e-24, nan 
50.875, 64.125, 3.7638438954165785e-24, nan 
51.125, 64.125, 1.1498211877360912e-23, nan 
51.375, 64.125, 1.2449882318056841e-23, nan 
51.625, 64.125, 5.4286315873623506e-24, nan 
51.875, 64.125, 9.085118559344668e-24, nan 
52.125, 64.125, 9.714865522486467e-24, nan 
52.375, 64.125, 3.675086807318127e-24, nan 
52.625, 64.125, 2.1653465554848354e-24, nan 
52.875, 64.125, 3.782338533797483e-24, nan 
53.125, 64.125, 1.6793230857927396e-24, nan 
53.375, 64.125, 3.1443703464486205e-24, nan 
53.625, 64.125, 3.8916309865026685e-24, nan 
53.875, 64.125, 4.859130149715219e-24, nan 
54.125, 64.125, 5.804954752824981e-24, nan 
54.375, 64.125, 7.336174104012908e-24, nan 
54.625, 64.125, 7.358755819870177e-24, nan 
54.875, 64.125, 6.766672922167542e-24, nan 
55.125, 64.125, 7.433185615682885e-24, nan 
55.375, 64.125, 6.098666815598511e-24, nan 
55.625, 64.125, 6.144182876669169e-24, nan 
55.875, 64.125, 1.185235863806112e-23, nan 
56.125, 64.125, 4.32496744506165e-24, nan 
56.375, 64.125, 7.071281780216487e-24, nan 
56.625, 64.125, 8.969040106946257e-24, nan 
56.875, 64.125, 7.3180008084949e-24, nan 
57.125, 64.125, 4.571886704325817e-24, nan 
57.375, 64.125, 2.5590185809011805e-24, nan 
57.625, 64.125, 5.7736733075276465e-24, nan 
57.875, 64.125, 6.098528772655685e-24, nan 
58.125, 64.125, 7.492560059573583e-24, nan 
58.375, 64.125, 6.745971928423465e-24, nan 
58.625, 64.125, 6.0439494553302204e-24, nan 
58.875, 64.125, 5.56433796720885e-24, nan 
59.125, 64.125, 5.7553806160015705e-24, nan 
59.375, 64.125, 7.756507183221775e-24, nan 
59.625, 64.125, 5.984820608529568e-24, nan 
59.875, 64.125, 5.156414808257594e-24, nan 
60.125, 64.125, 7.043333704521858e-24, nan 
60.375, 64.125, 1.2084381283242744e-23, nan 
60.625, 64.125, 9.308303883656417e-24, nan 
60.875, 64.125, 6.653438027452986e-24, nan 
61.125, 64.125, 1.5990551908900732e-23, nan 
61.375, 64.125, 1.2278486296694579e-23, nan 
61.625, 64.125, 7.030059231730204e-24, nan 
61.875, 64.125, 2.1368087734332793e-23, nan 
62.125, 64.125, 2.8346366490311434e-23, nan 
62.375, 64.125, 3.2109654062474893e-23, nan 
62.625, 64.125, 2.0561410759153755e-23, nan 
62.875, 64.125, 9.19417344837417e-24, nan 
63.125, 64.125, 1.783906719163769e-23, nan 
63.375, 64.125, 3.074583422186191e-23, nan 
63.625, 64.125, 2.288897548666254e-23, nan 
63.875, 64.125, 3.474016319069037e-23, nan 
64.125, 64.125, 2.4274810460859413e-23, nan 
64.375, 64.125, 1.7776946564837944e-23, nan 
64.625, 64.125, 7.374352827275292e-24, nan 
64.875, 64.125, 1.1871650375139534e-23, nan 
65.125, 64.125, 1.0427629964371324e-23, nan 
65.375, 64.125, 1.687200265675838e-23, nan 
65.625, 64.125, 2.333905822661824e-23, nan 
65.875, 64.125, 3.923276467268091e-23, nan 
66.125, 64.125, 5.0066081037141726e-23, nan 
66.375, 64.125, 5.184463560780163e-23, nan 
66.625, 64.125, 6.087803588033388e-23, nan 
66.875, 64.125, 7.19862843358486e-23, nan 
67.125, 64.125, 5.532181763671257e-23, nan 
67.375, 64.125, 9.033505729109792e-23, nan 
67.625, 64.125, 9.010147103744744e-23, nan 
67.875, 64.125, 5.928045985673483e-23, nan 
68.125, 64.125, 6.254529457606966e-23, nan 
68.375, 64.125, 6.549789971244885e-23, nan 
68.625, 64.125, 4.061342352064206e-23, nan 
68.875, 64.125, 3.4334412177553506e-23, nan 
69.125, 64.125, 4.5299332668436237e-23, nan 
69.375, 64.125, 2.6413595789342888e-23, nan 
69.625, 64.125, 3.667463683426714e-23, nan 
69.875, 64.125, 3.1553444033716145e-23, nan 
70.125, 64.125, 2.4591725803840131e-23, nan 
70.375, 64.125, 2.948871104792265e-23, nan 
70.625, 64.125, 4.4237871280926655e-23, nan 
70.875, 64.125, 3.197213898900659e-23, nan 
71.125, 64.125, 4.447011221440734e-23, nan 
71.375, 64.125, 6.66529782969196e-23, nan 
71.625, 64.125, 5.967896187161159e-23, nan 
71.875, 64.125, 5.629964926787396e-23, nan 
72.125, 64.125, 5.1817223796927295e-23, nan 
72.375, 64.125, 8.272726998947336e-23, nan 
72.625, 64.125, 9.547553642500263e-23, nan 
72.875, 64.125, 7.317059130125743e-23, nan 
73.125, 64.125, 4.4164999946895305e-23, nan 
73.375, 64.125, 3.84942616885405e-23, nan 
73.625, 64.125, 4.966774413500746e-23, nan 
73.875, 64.125, 4.245861007044274e-23, nan 
74.125, 64.125, 4.9416715930182035e-23, nan 
74.375, 64.125, 4.9135788398006744e-23, nan 
74.625, 64.125, 4.295713214217146e-23, nan 
74.875, 64.125, 6.850459239376524e-23, nan 
75.125, 64.125, 9.432109479678891e-23, nan 
75.375, 64.125, 6.49734520228424e-23, nan 
75.625, 64.125, 8.304227710135617e-23, nan 
75.875, 64.125, 8.164299523255e-23, nan 
76.125, 64.125, 7.730698419791089e-23, nan 
76.375, 64.125, 7.660426700518954e-23, nan 
76.625, 64.125, 3.35158328376409e-23, nan 
76.875, 64.125, 6.191578779062562e-23, nan 
77.125, 64.125, 8.45828463823839e-23, nan 
77.375, 64.125, 9.094160713791386e-23, nan 
77.625, 64.125, 1.0592454767179201e-22, nan 
77.875, 64.125, 1.3687374409028199e-22, nan 
78.125, 64.125, 1.026887804759331e-22, nan 
78.375, 64.125, 9.163272107893836e-23, nan 
78.625, 64.125, 1.0423663593857379e-22, nan 
78.875, 64.125, 7.765745726326456e-23, nan 
79.125, 64.125, 7.993499381544888e-23, nan 
79.375, 64.125, 4.2291519220096387e-23, nan 
79.625, 64.125, 1.213708559749217e-22, nan 
79.875, 64.125, 1.230627418091104e-22, nan 
80.125, 64.125, 1.628067093055161e-22, nan 
80.375, 64.125, 1.05658496642603e-22, nan 
80.625, 64.125, 8.432731812445937e-23, nan 
80.875, 64.125, 7.908862754592902e-23, nan 
81.125, 64.125, 8.20679810453966e-23, nan 
81.375, 64.125, 1.0934429622124722e-22, nan 
81.625, 64.125, 1.292349842921924e-22, nan 
81.875, 64.125, 1.0895641116821733e-22, nan 
82.125, 64.125, 1.1753532120978717e-22, nan 
82.375, 64.125, 1.2513608285745092e-22, nan 
82.625, 64.125, 1.162138061054474e-22, nan 
82.875, 64.125, 3.1876253433882695e-22, nan 
83.125, 64.125, 2.6924283826259963e-22, nan 
83.375, 64.125, 3.3451589059850393e-22, nan 
83.625, 64.125, 2.2585766901856605e-22, nan 
83.875, 64.125, 4.522074071535239e-22, nan 
84.125, 64.125, 4.266652257769549e-22, nan 
84.375, 64.125, 3.2583046854225683e-22, nan 
84.625, 64.125, 3.361984535224e-22, nan 
84.875, 64.125, 6.993043968416729e-22, nan 
85.125, 64.125, 4.618813653215599e-22, nan 
85.375, 64.125, 5.942197185568686e-22, nan 
85.625, 64.125, 6.0110769694145475e-22, nan 
85.875, 64.125, 9.981945928799013e-22, nan 
86.125, 64.125, 1.2190447478089042e-21, nan 
86.375, 64.125, 1.2961848770738186e-21, nan 
86.625, 64.125, 7.23030646843641e-22, nan 
86.875, 64.125, 1.259421345153313e-21, nan 
87.125, 64.125, 1.3673305306169244e-21, nan 
87.375, 64.125, 6.365537275332307e-22, nan 
87.625, 64.125, 7.779755634724302e-22, nan 
87.875, 64.125, 1.336264016722363e-21, nan 
88.125, 64.125, 2.954031898920703e-22, nan 
88.375, 64.125, 9.035426093951069e-22, nan 
88.625, 64.125, 9.732929956806322e-22, nan 
88.875, 64.125, 2.4754352899501158e-21, nan 
89.125, 64.125, 3.9006898071877245e-21, nan 
89.375, 64.125, 3.2296820560054942e-21, nan 
89.625, 64.125, 5.8054576218947286e-21, nan 
89.875, 64.125, 3.213200190110897e-21, nan 
90.125, 64.125, 4.49208848214664e-21, nan 
90.375, 64.125, 5.932318365242043e-21, nan 
90.625, 64.125, 5.707184069017707e-21, nan 
90.875, 64.125, 5.391007354224014e-21, nan 
91.125, 64.125, 3.5023971373112044e-21, nan 
91.375, 64.125, 4.375699712689117e-21, nan 
91.625, 64.125, 4.3597474809031035e-21, nan 
91.875, 64.125, 3.687693145438197e-21, nan 
92.125, 64.125, 4.399490280383708e-21, nan 
92.375, 64.125, 3.274952606422158e-21, nan 
92.625, 64.125, 5.677237096588925e-21, nan 
92.875, 64.125, 1.6422525839125987e-21, nan 
93.125, 64.125, 2.369014761197957e-21, nan 
93.375, 64.125, 2.4519315736009483e-21, nan 
93.625, 64.125, 3.6907921320125165e-21, nan 
93.875, 64.125, 4.170130061542298e-21, nan 
94.125, 64.125, 4.707931376596555e-21, nan 
94.375, 64.125, 4.815062436115508e-21, nan 
94.625, 64.125, 9.517989193861468e-21, nan 
94.875, 64.125, 1.430421287024518e-20, nan 
95.125, 64.125, 1.7631132167585135e-20, nan 
95.375, 64.125, 2.632815270817093e-20, nan 
95.625, 64.125, 3.204720489843513e-20, nan 
95.875, 64.125, 5.135034718572699e-20, nan 
96.125, 64.125, 5.52807369235969e-20, nan 
96.375, 64.125, 6.502870628987496e-20, nan 
96.625, 64.125, 8.339009879702051e-20, nan 
96.875, 64.125, 5.3724626482550795e-20, nan 
97.125, 64.125, 4.9613168119968317e-20, nan 
97.375, 64.125, 5.068417272094339e-20, nan 
97.625, 64.125, 4.7715526974068624e-20, nan 
97.875, 64.125, 7.738595217070251e-20, nan 
98.125, 64.125, 5.134251123010825e-20, nan 
98.375, 64.125, 4.357098739180466e-20, nan 
98.625, 64.125, 5.740258130034809e-20, nan 
98.875, 64.125, 8.996246314738007e-20, nan 
99.125, 64.125, 1.1158957610938894e-19, nan 
99.375, 64.125, 8.082656368025363e-20, nan 
99.625, 64.125, 1.098811300165033e-19, nan 
99.875, 64.125, 1.2654665913171183e-19, nan 
100.125, 64.125, 9.257120856122965e-20, nan 
100.375, 64.125, 5.263653586157582e-20, nan 
100.625, 64.125, 4.5158918496417343e-20, nan 
100.875, 64.125, 3.915911272735433e-20, nan 
101.125, 64.125, 3.6506257987284304e-20, nan 
101.375, 64.125, 1.0757626953347801e-20, nan 
101.625, 64.125, 4.078774664383839e-20, nan 
101.875, 64.125, 9.541144030171216e-20, nan 
102.125, 64.125, 1.2099407275404674e-19, nan 
102.375, 64.125, 6.352665137660584e-20, nan 
102.625, 64.125, 1.0697525140323392e-19, nan 
102.875, 64.125, 1.0930540171347994e-19, nan 
103.125, 64.125, 6.709282945166411e-20, nan 
103.375, 64.125, 6.217111599345474e-20, nan 
103.625, 64.125, 5.743739151817146e-20, nan 
103.875, 64.125, 6.15147584522739e-20, nan 
104.125, 64.125, 8.261185844033513e-20, nan 
104.375, 64.125, 4.9139186360462455e-20, nan 
104.625, 64.125, 3.308032168102601e-20, nan 
104.875, 64.125, 3.172945607461063e-20, nan 
105.125, 64.125, 4.610704947828515e-20, nan 
105.375, 64.125, 1.5693011752963134e-20, nan 
105.625, 64.125, 1.2817933662531666e-20, nan 
105.875, 64.125, 3.4348524882839256e-20, nan 
106.125, 64.125, 1.4019605858757948e-20, nan 
106.375, 64.125, 9.75626709236296e-21, nan 
106.625, 64.125, 1.284876315128157e-20, nan 
106.875, 64.125, 1.7256739184635472e-20, nan 
107.125, 64.125, 9.256471310377408e-21, nan 
107.375, 64.125, 7.30204711854247e-21, nan 
107.625, 64.125, 8.96261236155204e-21, nan 
107.875, 64.125, 1.5553393072670735e-20, nan 
108.125, 64.125, 1.7538204159120878e-20, nan 
108.375, 64.125, 1.4955975765610872e-20, nan 
108.625, 64.125, 1.5801100903732372e-20, nan 
108.875, 64.125, 2.2261908672206503e-20, nan 
109.125, 64.125, 1.9079347303158945e-20, nan 
109.375, 64.125, 1.2079800950793847e-20, nan 
109.625, 64.125, 1.2053841254653157e-20, nan 
109.875, 64.125, 1.275945251265e-20, nan 
110.125, 64.125, 8.100736224250274e-21, nan 
110.375, 64.125, 4.397762996253573e-21, nan 
110.625, 64.125, 9.487015936646157e-21, nan 
110.875, 64.125, 5.812674527178196e-21, nan 
111.125, 64.125, 4.0595053804156034e-21, nan 
111.375, 64.125, 5.272921475232646e-21, nan 
111.625, 64.125, 4.151431535074094e-21, nan 
111.875, 64.125, 1.813238348382543e-21, nan 
112.125, 64.125, 1.928286808733199e-21, nan 
112.375, 64.125, 2.760281024169371e-21, nan 
112.625, 64.125, 8.860489639710527e-22, nan 
112.875, 64.125, 1.978754276020437e-21, nan 
113.125, 64.125, 1.181651138413341e-21, nan 
113.375, 64.125, 1.0239348052813269e-21, nan 
113.625, 64.125, 3.4512903274134575e-22, nan 
113.875, 64.125, 5.749155531885365e-22, nan 
114.125, 64.125, 6.7030739550928965e-22, nan 
114.375, 64.125, 7.607747507001542e-22, nan 
114.625, 64.125, 1.0518604897020846e-21, nan 
114.875, 64.125, 1.2401403540791318e-21, nan 
115.125, 64.125, 1.6824953594856477e-21, nan 
115.375, 64.125, 3.997787934042997e-21, nan 
115.625, 64.125, 3.729310959066284e-21, nan 
115.875, 64.125, 3.7210464064075085e-21, nan 
116.125, 64.125, 3.183597598196576e-21, nan 
116.375, 64.125, 2.6883410147167262e-21, nan 
116.625, 64.125, 1.6988145545144827e-21, nan 
116.875, 64.125, 1.2839502272068272e-21, nan 
117.125, 64.125, 1.0597642456386308e-21, nan 
117.375, 64.125, 1.0283252660608688e-21, nan 
117.625, 64.125, 8.07807885299884e-22, nan 
117.875, 64.125, 1.742300873182377e-21, nan 
118.125, 64.125, 1.856495394512157e-21, nan 
118.375, 64.125, 2.09793764467738e-21, nan 
118.625, 64.125, 1.2186459656134378e-21, nan 
118.875, 64.125, 1.2877045540472041e-21, nan 
119.125, 64.125, 1.3366020834480452e-21, nan 
119.375, 64.125, 1.468182753969843e-21, nan 
119.625, 64.125, 1.1843714190481217e-21, nan 
119.875, 64.125, 6.202998146060659e-22, nan 
120.125, 64.125, 7.124004398170924e-22, nan 
120.375, 64.125, 7.877226194613796e-22, nan 
120.625, 64.125, 6.613715526300989e-22, nan 
120.875, 64.125, 4.300225879949756e-22, nan 
121.125, 64.125, 5.469703829741224e-22, nan 
121.375, 64.125, 4.647943098293803e-22, nan 
121.625, 64.125, 2.9882376673611685e-22, nan 
121.875, 64.125, 2.415492213689941e-22, nan 
122.125, 64.125, 1.9473499399894067e-22, nan 
122.375, 64.125, 1.740475288990693e-22, nan 
122.625, 64.125, 1.0753812863976694e-22, nan 
122.875, 64.125, 1.1439625346119497e-22, nan 
123.125, 64.125, 6.641980715427339e-23, nan 
123.375, 64.125, 8.126967718628684e-23, nan 
123.625, 64.125, 6.793560093109992e-23, nan 
123.875, 64.125, 2.3072071816022643e-23, nan 
124.125, 64.125, 5.471469033432762e-23, nan 
124.375, 64.125, 1.4536412328840327e-22, nan 
124.625, 64.125, 1.1388292473066296e-22, nan 
124.875, 64.125, 7.9187304936975e-23, nan 
125.125, 64.125, 1.2017753294174074e-22, nan 
125.375, 64.125, 1.0303684000849119e-22, nan 
125.625, 64.125, 9.306461419797768e-23, nan 
125.875, 64.125, 6.871401276444204e-23, nan 
126.125, 64.125, 3.5609494623087324e-23, nan 
126.375, 64.125, 4.941076934979899e-23, nan 
126.625, 64.125, 3.9530790831819884e-23, nan 
126.875, 64.125, 4.784868450356297e-23, nan 
127.125, 64.125, 6.67345643088024e-23, nan 
127.375, 64.125, 3.508556919443372e-23, nan 
127.625, 64.125, 8.091305233834692e-23, nan 
127.875, 64.125, 1.2490031618618582e-22, nan 
128.125, 64.125, 8.431014469925495e-23, nan 
128.375, 64.125, 9.48795607226106e-23, nan 
128.625, 64.125, 1.4129589100973707e-22, nan 
128.875, 64.125, 1.1859128792913041e-22, nan 
129.125, 64.125, 5.252143670034981e-23, nan 
129.375, 64.125, 8.233687224895707e-23, nan 
129.625, 64.125, 9.391237264743639e-23, nan 
129.875, 64.125, 6.27409238942914e-23, nan 
130.125, 64.125, 4.1268433217968875e-23, nan 
130.375, 64.125, 3.115511051369969e-23, nan 
130.625, 64.125, 4.909387128973249e-23, nan 
130.875, 64.125, 3.6881282658731285e-23, nan 
131.125, 64.125, 4.4086419409888823e-23, nan 
131.375, 64.125, 4.7713947540322576e-23, nan 
131.625, 64.125, 4.9866268243569323e-23, nan 
131.875, 64.125, 6.256131197949929e-23, nan 
132.125, 64.125, 4.974139165392065e-23, nan 
132.375, 64.125, 4.6988890224978804e-23, nan 
132.625, 64.125, 4.8808853301646573e-23, nan 
132.875, 64.125, 2.8241914219535017e-23, nan 
133.125, 64.125, 2.6641107052144e-23, nan 
133.375, 64.125, 3.2388717696182535e-23, nan 
133.625, 64.125, 3.031663022375642e-23, nan 
133.875, 64.125, 2.134692951959348e-23, nan 
134.125, 64.125, 1.2919226217624677e-23, nan 
134.375, 64.125, 1.2175247276992924e-23, nan 
134.625, 64.125, 2.131773409728954e-23, nan 
134.875, 64.125, 2.710006414301819e-23, nan 
135.125, 64.125, 3.58684551032611e-23, nan 
135.375, 64.125, 2.781198659561321e-23, nan 
135.625, 64.125, 2.8521686848308095e-23, nan 
135.875, 64.125, 3.7066645444865975e-23, nan 
136.125, 64.125, 3.082069501237732e-23, nan 
136.375, 64.125, 1.971452505898518e-23, nan 
136.625, 64.125, 1.763206813501487e-23, nan 
136.875, 64.125, 2.379067003170246e-23, nan 
137.125, 64.125, 1.7575791442738357e-23, nan 
137.375, 64.125, 1.3315629438398688e-23, nan 
137.625, 64.125, 1.80517335233611e-23, nan 
137.875, 64.125, 1.9952500042397505e-23, nan 
138.125, 64.125, 1.504541702813905e-23, nan 
138.375, 64.125, 1.2891333131164818e-23, nan 
138.625, 64.125, 1.4040083102315688e-23, nan 
138.875, 64.125, 1.2852240553843034e-23, nan 
139.125, 64.125, 7.291837836727368e-24, nan 
139.375, 64.125, 1.1581719588886523e-23, nan 
139.625, 64.125, 1.0247044177644738e-23, nan 
139.875, 64.125, 8.702794757679834e-24, nan 
140.125, 64.125, 1.1628438541027807e-23, nan 
140.375, 64.125, 1.1890572261494643e-23, nan 
140.625, 64.125, 5.906933173442395e-24, nan 
140.875, 64.125, 7.702212194727298e-24, nan 
141.125, 64.125, 8.874118173485126e-24, nan 
141.375, 64.125, 8.649205964323666e-24, nan 
141.625, 64.125, 1.1181932388252183e-23, nan 
141.875, 64.125, 9.09297408979426e-24, nan 
142.125, 64.125, 1.0107290704311537e-23, nan 
142.375, 64.125, 1.9147844814595495e-23, nan 
142.625, 64.125, 1.0749693929659264e-23, nan 
142.875, 64.125, 6.96515094974565e-24, nan 
143.125, 64.125, 1.0411572256559742e-23, nan 
143.375, 64.125, 5.5168537873529954e-24, nan 
143.625, 64.125, 4.86231138353557e-24, nan 
143.875, 64.125, 4.233092983053376e-24, nan 
144.125, 64.125, 6.07569891744236e-24, nan 
144.375, 64.125, 3.978032012111233e-24, nan 
144.625, 64.125, 2.820895795993403e-24, nan 
144.875, 64.125, 8.801686625981777e-24, nan 
145.125, 64.125, 5.4195011798609905e-24, nan 
145.375, 64.125, 3.2139534425981334e-24, nan 
145.625, 64.125, 6.0271056551183505e-24, nan 
145.875, 64.125, 4.098976037669766e-24, nan 
146.125, 64.125, 2.8546045698212124e-24, nan 
146.375, 64.125, 2.8830384663903565e-24, nan 
146.625, 64.125, 4.137025966494054e-24, nan 
146.875, 64.125, 4.395754675929268e-24, nan 
147.125, 64.125, 5.5102980953721924e-24, nan 
147.375, 64.125, 6.4402471840620494e-24, nan 
147.625, 64.125, 1.0012155969785972e-23, nan 
147.875, 64.125, 8.943166701237955e-24, nan 
148.125, 64.125, 1.419773154025943e-23, nan 
148.375, 64.125, 1.3187394762537781e-23, nan 
148.625, 64.125, 1.2790570978664777e-23, nan 
148.875, 64.125, 1.9834213312734528e-23, nan 
149.125, 64.125, 1.7834062118458863e-23, nan 
149.375, 64.125, 1.4219680266459207e-23, nan 
149.625, 64.125, 9.052294042044505e-24, nan 
149.875, 64.125, 8.71333669243147e-24, nan 
150.125, 64.125, 1.1442565958111269e-23, nan 
150.375, 64.125, 5.5939707537842746e-24, nan 
150.625, 64.125, 4.914458256543746e-24, nan 
150.875, 64.125, 4.9228839626196235e-24, nan 
151.125, 64.125, 6.854562188840833e-24, nan 
151.375, 64.125, 3.9049264180678534e-24, nan 
151.625, 64.125, 5.538397876851479e-24, nan 
151.875, 64.125, 5.0643647533410076e-24, nan 
152.125, 64.125, 3.373563365294973e-24, nan 
152.375, 64.125, 4.0812947277280744e-24, nan 
152.625, 64.125, 4.147579884567005e-24, nan 
152.875, 64.125, 1.870217590039015e-24, nan 
153.125, 64.125, 4.048623721792006e-24, nan 
153.375, 64.125, 5.242075390520572e-24, nan 
153.625, 64.125, 1.6410479016336233e-24, nan 
153.875, 64.125, 2.34720483809405e-24, nan 
154.125, 64.125, 1.4898539704551036e-24, nan 
154.375, 64.125, 1.6905988331182588e-24, nan 
154.625, 64.125, 3.4927324516377124e-24, nan 
154.875, 64.125, 1.2140227056921644e-24, nan 
155.125, 64.125, 2.9354824304081528e-24, nan 
155.375, 64.125, 3.0717252308931488e-24, nan 
155.625, 64.125, 2.514497080767383e-24, nan 
155.875, 64.125, 3.197088265314044e-24, nan 
156.125, 64.125, 4.331545124362099e-24, nan 
156.375, 64.125, 8.597243411676434e-24, nan 
156.625, 64.125, 6.125292735373671e-24, nan 
156.875, 64.125, 5.877601277335214e-24, nan 
157.125, 64.125, 5.612862627784294e-24, nan 
157.375, 64.125, 3.25513791858516e-24, nan 
157.625, 64.125, 3.392824253765724e-24, nan 
157.875, 64.125, 4.7568903852234696e-24, nan 
158.125, 64.125, 3.361963794307939e-24, nan 
158.375, 64.125, 2.6113436754177178e-24, nan 
158.625, 64.125, 3.2584425884217036e-24, nan 
158.875, 64.125, 2.6487527088674535e-24, nan 
159.125, 64.125, 2.433397736407179e-24, nan 
159.375, 64.125, 3.420474977078008e-24, nan 
159.625, 64.125, 4.00127880117264e-24, nan 
159.875, 64.125, 5.571115698397014e-24, nan 
160.125, 64.125, 3.505197953627843e-24, nan 
160.375, 64.125, 3.4927096758212526e-24, nan 
160.625, 64.125, 3.960267641229346e-24, nan 
160.875, 64.125, 2.3699283076523028e-24, nan 
161.125, 64.125, 2.8243543608007157e-24, nan 
161.375, 64.125, 4.190338400797979e-24, nan 
161.625, 64.125, 3.3826240495134625e-24, nan 
161.875, 64.125, 2.5058987853988694e-24, nan 
162.125, 64.125, 2.8176453242475256e-24, nan 
162.375, 64.125, 3.46012169355016e-24, nan 
162.625, 64.125, 2.506401067759674e-24, nan 
162.875, 64.125, 9.778916177850765e-25, nan 
163.125, 64.125, 2.514763627243598e-24, nan 
163.375, 64.125, 1.174353080949188e-24, nan 
163.625, 64.125, 2.182454789796369e-24, nan 
163.875, 64.125, 2.3845058649643256e-24, nan 
164.125, 64.125, 1.2221631315605281e-24, nan 
164.375, 64.125, 1.7980884719849773e-24, nan 
164.625, 64.125, 2.9595140708928443e-24, nan 
164.875, 64.125, 3.0857868707859763e-24, nan 
165.125, 64.125, 2.6280111853452235e-24, nan 
165.375, 64.125, 2.671304284720699e-24, nan 
165.625, 64.125, 2.9921386206399447e-24, nan 
165.875, 64.125, 2.200931688245562e-24, nan 
166.125, 64.125, 1.4818680142704019e-24, nan 
36.375, 64.375, 9.06931176171563e-25, nan 
36.625, 64.375, 1.3317799793302622e-24, nan 
36.875, 64.375, 9.975611031814042e-25, nan 
37.125, 64.375, 1.735535415559211e-24, nan 
37.375, 64.375, 2.0078391654770477e-24, nan 
37.625, 64.375, 1.93442925938956e-24, nan 
37.875, 64.375, 1.2288673195867366e-24, nan 
38.125, 64.375, 1.0206551334266754e-24, nan 
38.375, 64.375, 9.998000894271242e-25, nan 
38.625, 64.375, 1.8056328863303465e-24, nan 
38.875, 64.375, 1.5173924633518042e-24, nan 
39.125, 64.375, 1.896057822316976e-24, nan 
39.375, 64.375, 1.8604159965106893e-24, nan 
39.625, 64.375, 1.3671008016396825e-24, nan 
39.875, 64.375, 9.47690762208891e-25, nan 
40.125, 64.375, 2.7918006047220603e-25, nan 
40.375, 64.375, 9.656507355404073e-25, nan 
40.625, 64.375, 1.533322817759444e-24, nan 
40.875, 64.375, 8.235293848611909e-25, nan 
41.125, 64.375, 1.8981884460976902e-24, nan 
41.375, 64.375, 2.018104917622457e-24, nan 
41.625, 64.375, 2.2546327034622094e-24, nan 
41.875, 64.375, 1.8867053103487473e-24, nan 
42.125, 64.375, 1.3120697098142943e-24, nan 
42.375, 64.375, 2.4278874689311653e-24, nan 
42.625, 64.375, 2.121559774734019e-24, nan 
42.875, 64.375, 2.972176117509071e-24, nan 
43.125, 64.375, 2.7278312172504156e-24, nan 
43.375, 64.375, 3.0139189256012472e-24, nan 
43.625, 64.375, 2.8384394582251338e-24, nan 
43.875, 64.375, 3.1694890824369032e-24, nan 
44.125, 64.375, 3.7222722514701315e-24, nan 
44.375, 64.375, 3.548953811629039e-24, nan 
44.625, 64.375, 3.513729487716118e-24, nan 
44.875, 64.375, 4.233128377228469e-24, nan 
45.125, 64.375, 3.1791462843252404e-24, nan 
45.375, 64.375, 3.1276779077797995e-24, nan 
45.625, 64.375, 3.839994430561968e-24, nan 
45.875, 64.375, 2.4804387971225667e-24, nan 
46.125, 64.375, 2.384234052690876e-24, nan 
46.375, 64.375, 1.947291528233777e-24, nan 
46.625, 64.375, 3.01640715779172e-24, nan 
46.875, 64.375, 3.571764992555086e-24, nan 
47.125, 64.375, 3.8931546074307004e-24, nan 
47.375, 64.375, 2.4976583095090884e-24, nan 
47.625, 64.375, 2.970041526674853e-24, nan 
47.875, 64.375, 3.1745498606251174e-24, nan 
48.125, 64.375, 2.269369916202194e-24, nan 
48.375, 64.375, 3.223649108509716e-24, nan 
48.625, 64.375, 1.6051384202469532e-24, nan 
48.875, 64.375, 2.708272046287391e-24, nan 
49.125, 64.375, 4.3821986705478016e-24, nan 
49.375, 64.375, 4.1966007545987505e-24, nan 
49.625, 64.375, 1.672301363952213e-24, nan 
49.875, 64.375, 1.642028820563504e-24, nan 
50.125, 64.375, 1.9204379163540283e-24, nan 
50.375, 64.375, 1.9603600150627878e-24, nan 
50.625, 64.375, 2.0382609796325335e-24, nan 
50.875, 64.375, 2.1739484075303848e-24, nan 
51.125, 64.375, 6.1505576841788735e-24, nan 
51.375, 64.375, 8.15949450745809e-24, nan 
51.625, 64.375, 7.288056893014614e-24, nan 
51.875, 64.375, 4.355204114369947e-24, nan 
52.125, 64.375, 7.715720540209056e-24, nan 
52.375, 64.375, 6.789524154943867e-24, nan 
52.625, 64.375, 3.620263593328818e-24, nan 
52.875, 64.375, 6.3710028044263355e-24, nan 
53.125, 64.375, 3.2957288346462723e-24, nan 
53.375, 64.375, 3.2306872650788737e-24, nan 
53.625, 64.375, 4.300193642708101e-24, nan 
53.875, 64.375, 3.059038194560264e-24, nan 
54.125, 64.375, 4.656359774255341e-24, nan 
54.375, 64.375, 6.266034015529475e-24, nan 
54.625, 64.375, 6.958814744250786e-24, nan 
54.875, 64.375, 6.965689585277393e-24, nan 
55.125, 64.375, 6.266232739851958e-24, nan 
55.375, 64.375, 6.368908544292666e-24, nan 
55.625, 64.375, 9.49472550939824e-24, nan 
55.875, 64.375, 8.050054464683642e-24, nan 
56.125, 64.375, 6.991786230283318e-24, nan 
56.375, 64.375, 1.0753475043009285e-23, nan 
56.625, 64.375, 8.508339612574143e-24, nan 
56.875, 64.375, 8.998534946434371e-24, nan 
57.125, 64.375, 3.647617363477129e-24, nan 
57.375, 64.375, 3.2816338297612715e-24, nan 
57.625, 64.375, 3.7271926150785344e-24, nan 
57.875, 64.375, 5.991358042429654e-24, nan 
58.125, 64.375, 4.7737492816039986e-24, nan 
58.375, 64.375, 5.34608250583178e-24, nan 
58.625, 64.375, 1.1536641334588469e-23, nan 
58.875, 64.375, 6.609189175199298e-24, nan 
59.125, 64.375, 6.327172362848074e-24, nan 
59.375, 64.375, 1.5654373191495723e-23, nan 
59.625, 64.375, 4.452318765216766e-24, nan 
59.875, 64.375, 6.2216117089775355e-24, nan 
60.125, 64.375, 6.391037258588013e-24, nan 
60.375, 64.375, 5.1251953072943516e-24, nan 
60.625, 64.375, 9.18256270145804e-24, nan 
60.875, 64.375, 1.149339002355308e-23, nan 
61.125, 64.375, 1.5002419962770173e-23, nan 
61.375, 64.375, 1.1312962444657868e-23, nan 
61.625, 64.375, 6.3483764154052696e-24, nan 
61.875, 64.375, 4.2501370524767005e-24, nan 
62.125, 64.375, 7.32943401413503e-24, nan 
62.375, 64.375, 1.5026254146176072e-23, nan 
62.625, 64.375, 1.06075132423287e-23, nan 
62.875, 64.375, 1.0440310659970303e-23, nan 
63.125, 64.375, 8.543441455513226e-24, nan 
63.375, 64.375, 8.090741862752136e-24, nan 
63.625, 64.375, 1.0165234816108303e-23, nan 
63.875, 64.375, 1.5012542609633974e-23, nan 
64.125, 64.375, 1.74652637465184e-23, nan 
64.375, 64.375, 1.5271786009760602e-23, nan 
64.625, 64.375, 1.4804591651166688e-23, nan 
64.875, 64.375, 1.7764486975643747e-23, nan 
65.125, 64.375, 2.327408910517273e-23, nan 
65.375, 64.375, 2.7479539529504856e-23, nan 
65.625, 64.375, 3.811090520541181e-23, nan 
65.875, 64.375, 4.4470862345039397e-23, nan 
66.125, 64.375, 7.80793685861874e-23, nan 
66.375, 64.375, 6.671017493393691e-23, nan 
66.625, 64.375, 5.565665640557842e-23, nan 
66.875, 64.375, 1.1301340231904971e-22, nan 
67.125, 64.375, 5.977953647162304e-23, nan 
67.375, 64.375, 3.990908911339117e-23, nan 
67.625, 64.375, 7.581118863778985e-23, nan 
67.875, 64.375, 7.474398638738927e-23, nan 
68.125, 64.375, 3.9609531091566236e-23, nan 
68.375, 64.375, 7.705686483863402e-23, nan 
68.625, 64.375, 5.922199759717562e-23, nan 
68.875, 64.375, 4.150276908673545e-23, nan 
69.125, 64.375, 4.73315372030167e-23, nan 
69.375, 64.375, 4.8717670018172425e-23, nan 
69.625, 64.375, 4.600005137975395e-23, nan 
69.875, 64.375, 4.445588309146493e-23, nan 
70.125, 64.375, 5.539057749810818e-23, nan 
70.375, 64.375, 5.0194161265453515e-23, nan 
70.625, 64.375, 4.8872602233919053e-23, nan 
70.875, 64.375, 2.501460732513757e-23, nan 
71.125, 64.375, 4.496288254368971e-23, nan 
71.375, 64.375, 4.197444182711919e-23, nan 
71.625, 64.375, 2.429636476329696e-23, nan 
71.875, 64.375, 3.5022704952921275e-23, nan 
72.125, 64.375, 4.263264294763286e-23, nan 
72.375, 64.375, 6.745382513695741e-23, nan 
72.625, 64.375, 7.795824525045587e-23, nan 
72.875, 64.375, 7.075006813348255e-23, nan 
73.125, 64.375, 6.059913046506629e-23, nan 
73.375, 64.375, 5.68330131862242e-23, nan 
73.625, 64.375, 6.535243673477337e-23, nan 
73.875, 64.375, 6.397640354461744e-23, nan 
74.125, 64.375, 6.540005283888851e-23, nan 
74.375, 64.375, 8.756517341516828e-23, nan 
74.625, 64.375, 6.548383086758273e-23, nan 
74.875, 64.375, 6.660125835527059e-23, nan 
75.125, 64.375, 6.67836227198691e-23, nan 
75.375, 64.375, 6.225439671826625e-23, nan 
75.625, 64.375, 6.693870470047223e-23, nan 
75.875, 64.375, 7.770111172195292e-23, nan 
76.125, 64.375, 1.0581594649423278e-22, nan 
76.375, 64.375, 6.541887368592784e-23, nan 
76.625, 64.375, 5.51916790848854e-23, nan 
76.875, 64.375, 6.237116593177692e-23, nan 
77.125, 64.375, 4.3683175037148954e-23, nan 
77.375, 64.375, 9.397344790816698e-23, nan 
77.625, 64.375, 1.1016007167698892e-22, nan 
77.875, 64.375, 1.1747288461980231e-22, nan 
78.125, 64.375, 1.781721594489631e-22, nan 
78.375, 64.375, 2.0797134396225496e-22, nan 
78.625, 64.375, 3.7048244484746366e-22, nan 
78.875, 64.375, 4.5213374665208595e-22, nan 
79.125, 64.375, 4.029244050333331e-22, nan 
79.375, 64.375, 3.0737956238894237e-22, nan 
79.625, 64.375, 1.1525793347802995e-22, nan 
79.875, 64.375, 1.4549399145063312e-22, nan 
80.125, 64.375, 7.182326148566286e-23, nan 
80.375, 64.375, 7.962408452829257e-23, nan 
80.625, 64.375, 5.014251718383586e-23, nan 
80.875, 64.375, 5.809182379233597e-23, nan 
81.125, 64.375, 7.387035295523439e-23, nan 
81.375, 64.375, 8.504438178727393e-23, nan 
81.625, 64.375, 1.3466351247034357e-22, nan 
81.875, 64.375, 1.365669610221698e-22, nan 
82.125, 64.375, 1.4110494270193066e-22, nan 
82.375, 64.375, 1.394523354937568e-22, nan 
82.625, 64.375, 1.302945036538808e-22, nan 
82.875, 64.375, 1.7491211560380556e-22, nan 
83.125, 64.375, 2.526914044780074e-22, nan 
83.375, 64.375, 3.2511720507885493e-22, nan 
83.625, 64.375, 8.638594517330676e-22, nan 
83.875, 64.375, 6.336614598881778e-22, nan 
84.125, 64.375, 2.5606216748676112e-22, nan 
84.375, 64.375, 7.647762061420564e-22, nan 
84.625, 64.375, 7.909736020864941e-22, nan 
84.875, 64.375, 6.051989818623123e-22, nan 
85.125, 64.375, 4.791278878745874e-22, nan 
85.375, 64.375, 4.652866844331062e-22, nan 
85.625, 64.375, 3.9669470591659566e-22, nan 
85.875, 64.375, 7.882778280731253e-22, nan 
86.125, 64.375, 1.039353124249605e-21, nan 
86.375, 64.375, 1.3197543749489102e-21, nan 
86.625, 64.375, 1.089803972538434e-21, nan 
86.875, 64.375, 9.671986437031413e-22, nan 
87.125, 64.375, 1.0513447010146815e-21, nan 
87.375, 64.375, 1.239820555957202e-21, nan 
87.625, 64.375, 1.744382236608295e-21, nan 
87.875, 64.375, 1.422543525676718e-21, nan 
88.125, 64.375, 1.0702317503618377e-21, nan 
88.375, 64.375, 1.633473184174371e-21, nan 
88.625, 64.375, 2.0525790807826802e-21, nan 
88.875, 64.375, 1.2081183370480549e-21, nan 
89.125, 64.375, 3.366785507979322e-21, nan 
89.375, 64.375, 4.728951966129349e-21, nan 
89.625, 64.375, 5.6859799372388716e-21, nan 
89.875, 64.375, 6.7342365863634235e-21, nan 
90.125, 64.375, 6.1874790066081594e-21, nan 
90.375, 64.375, 6.957396502244594e-21, nan 
90.625, 64.375, 5.807807075113665e-21, nan 
90.875, 64.375, 6.792649768047884e-21, nan 
91.125, 64.375, 7.360024014885684e-21, nan 
91.375, 64.375, 6.788166225729213e-21, nan 
91.625, 64.375, 7.194578610981883e-21, nan 
91.875, 64.375, 5.209667782638357e-21, nan 
92.125, 64.375, 5.296591039980966e-21, nan 
92.375, 64.375, 5.19412528041742e-21, nan 
92.625, 64.375, 4.766689138267507e-21, nan 
92.875, 64.375, 4.020630377760549e-21, nan 
93.125, 64.375, 2.2954468664666627e-21, nan 
93.375, 64.375, 3.0494029707307396e-21, nan 
93.625, 64.375, 4.5303161596105775e-21, nan 
93.875, 64.375, 3.973826724002453e-21, nan 
94.125, 64.375, 7.045827258940068e-21, nan 
94.375, 64.375, 1.357506514846268e-20, nan 
94.625, 64.375, 1.5689910046952654e-20, nan 
94.875, 64.375, 1.801644432142853e-20, nan 
95.125, 64.375, 2.895290100536885e-20, nan 
95.375, 64.375, 2.946446075002662e-20, nan 
95.625, 64.375, 3.886719381090893e-20, nan 
95.875, 64.375, 5.652997498155302e-20, nan 
96.125, 64.375, 1.1024878084008788e-19, nan 
96.375, 64.375, 7.984284147224698e-20, nan 
96.625, 64.375, 1.0095663555706654e-19, nan 
96.875, 64.375, 6.589069692356813e-20, nan 
97.125, 64.375, 6.69006416019054e-20, nan 
97.375, 64.375, 7.352979442443668e-20, nan 
97.625, 64.375, 9.098823641853407e-20, nan 
97.875, 64.375, 8.878052082507866e-20, nan 
98.125, 64.375, 5.0115226949620334e-20, nan 
98.375, 64.375, 4.403204631860899e-20, nan 
98.625, 64.375, 8.814071304968849e-20, nan 
98.875, 64.375, 1.5285962160118375e-19, nan 
99.125, 64.375, 9.821923148745321e-20, nan 
99.375, 64.375, 9.61818448891401e-20, nan 
99.625, 64.375, 1.5265246980731044e-19, nan 
99.875, 64.375, 1.1677099678362737e-19, nan 
100.125, 64.375, 7.886889712187305e-20, nan 
100.375, 64.375, 9.350641935698847e-20, nan 
100.625, 64.375, 9.97906620174993e-20, nan 
100.875, 64.375, 7.799519308327321e-20, nan 
101.125, 64.375, 3.92725756117758e-20, nan 
101.375, 64.375, 4.406512010134556e-20, nan 
101.625, 64.375, 4.1145697811091835e-20, nan 
101.875, 64.375, 5.3496465074026244e-20, nan 
102.125, 64.375, 1.107852892615518e-19, nan 
102.375, 64.375, 8.932056828712258e-20, nan 
102.625, 64.375, 7.14854527164841e-20, nan 
102.875, 64.375, 1.0862949113128126e-19, nan 
103.125, 64.375, 1.0059331627733152e-19, nan 
103.375, 64.375, 3.519992351701059e-20, nan 
103.625, 64.375, 7.415538942314044e-20, nan 
103.875, 64.375, 8.40951778021778e-20, nan 
104.125, 64.375, 1.3195612185172502e-19, nan 
104.375, 64.375, 5.389115313868088e-20, nan 
104.625, 64.375, 5.1751999110651926e-20, nan 
104.875, 64.375, 7.690586070550678e-20, nan 
105.125, 64.375, 2.8472711279898035e-20, nan 
105.375, 64.375, 1.9943273495024468e-20, nan 
105.625, 64.375, 2.5584088712537297e-20, nan 
105.875, 64.375, 1.157654893269782e-20, nan 
106.125, 64.375, 1.2290964237381322e-20, nan 
106.375, 64.375, 1.1363825329167286e-20, nan 
106.625, 64.375, 1.1785420658345555e-20, nan 
106.875, 64.375, 2.325987089302162e-20, nan 
107.125, 64.375, 1.6148281989907443e-20, nan 
107.375, 64.375, 9.352773373150086e-21, nan 
107.625, 64.375, 1.1944533378923275e-20, nan 
107.875, 64.375, 1.201989005571914e-20, nan 
108.125, 64.375, 2.577430259413841e-20, nan 
108.375, 64.375, 1.5529253488242217e-20, nan 
108.625, 64.375, 1.1453553500197453e-20, nan 
108.875, 64.375, 2.7558329432627135e-20, nan 
109.125, 64.375, 1.90979001634004e-20, nan 
109.375, 64.375, 1.374204644026435e-20, nan 
109.625, 64.375, 1.5608420821847565e-20, nan 
109.875, 64.375, 1.3234703023300835e-20, nan 
110.125, 64.375, 9.997834550833366e-21, nan 
110.375, 64.375, 6.2494649921403015e-21, nan 
110.625, 64.375, 7.288944234736036e-21, nan 
110.875, 64.375, 4.373289467725219e-21, nan 
111.125, 64.375, 3.405682309156308e-21, nan 
111.375, 64.375, 1.5399336957603563e-21, nan 
111.625, 64.375, 2.2128644189482633e-21, nan 
111.875, 64.375, 1.251614623152479e-21, nan 
112.125, 64.375, 2.9975499873774547e-21, nan 
112.375, 64.375, 2.2635419143740928e-21, nan 
112.625, 64.375, 1.3740723724540001e-21, nan 
112.875, 64.375, 1.2916236076007684e-21, nan 
113.125, 64.375, 1.5297572655467813e-21, nan 
113.375, 64.375, 6.469832511147762e-22, nan 
113.625, 64.375, 9.065317410318815e-22, nan 
113.875, 64.375, 9.878362930260748e-22, nan 
114.125, 64.375, 9.183637926026488e-22, nan 
114.375, 64.375, 9.70167785870299e-22, nan 
114.625, 64.375, 5.573005005914355e-22, nan 
114.875, 64.375, 1.3225168597495257e-21, nan 
115.125, 64.375, 1.060545766934113e-21, nan 
115.375, 64.375, 1.1335219888099551e-21, nan 
115.625, 64.375, 1.3938034212032463e-21, nan 
115.875, 64.375, 1.6617996161820601e-21, nan 
116.125, 64.375, 2.225987875871362e-21, nan 
116.375, 64.375, 1.852709985734542e-21, nan 
116.625, 64.375, 1.5099069892788011e-21, nan 
116.875, 64.375, 1.455470843417011e-21, nan 
117.125, 64.375, 2.7200519415673077e-21, nan 
117.375, 64.375, 2.517201312001789e-21, nan 
117.625, 64.375, 2.028564672874993e-21, nan 
117.875, 64.375, 2.4679791770080403e-21, nan 
118.125, 64.375, 2.3874692991382306e-21, nan 
118.375, 64.375, 2.7165137507508558e-21, nan 
118.625, 64.375, 1.5816978869861176e-21, nan 
118.875, 64.375, 8.61421981582039e-22, nan 
119.125, 64.375, 1.2251139734449494e-21, nan 
119.375, 64.375, 1.5948411605608717e-21, nan 
119.625, 64.375, 1.1989074716359436e-21, nan 
119.875, 64.375, 5.091476806312622e-22, nan 
120.125, 64.375, 5.380200069779745e-22, nan 
120.375, 64.375, 5.599337048494937e-22, nan 
120.625, 64.375, 5.156397877755971e-22, nan 
120.875, 64.375, 3.422051155223871e-22, nan 
121.125, 64.375, 4.007928960059099e-22, nan 
121.375, 64.375, 3.718785034029809e-22, nan 
121.625, 64.375, 3.1403753251695236e-22, nan 
121.875, 64.375, 2.346265221630358e-22, nan 
122.125, 64.375, 1.6426711384495482e-22, nan 
122.375, 64.375, 1.0595654255621206e-22, nan 
122.625, 64.375, 4.94950571772708e-23, nan 
122.875, 64.375, 8.306435239311675e-23, nan 
123.125, 64.375, 4.6599808071877114e-23, nan 
123.375, 64.375, 6.543018513779995e-23, nan 
123.625, 64.375, 1.477966349807276e-22, nan 
123.875, 64.375, 1.1800444465373757e-22, nan 
124.125, 64.375, 3.483587629710494e-23, nan 
124.375, 64.375, 1.3475907548743953e-22, nan 
124.625, 64.375, 1.147900052013959e-22, nan 
124.875, 64.375, 1.2326601446413686e-22, nan 
125.125, 64.375, 9.88585890403666e-23, nan 
125.375, 64.375, 1.0541423589262909e-22, nan 
125.625, 64.375, 5.873373729217833e-23, nan 
125.875, 64.375, 8.1638850194844e-23, nan 
126.125, 64.375, 7.653664160773616e-23, nan 
126.375, 64.375, 6.163977655861791e-23, nan 
126.625, 64.375, 4.24101017034271e-23, nan 
126.875, 64.375, 6.163973202634942e-23, nan 
127.125, 64.375, 7.752805823099673e-23, nan 
127.375, 64.375, 2.8192566667705234e-23, nan 
127.625, 64.375, 9.551129639882869e-23, nan 
127.875, 64.375, 1.019765625778734e-22, nan 
128.125, 64.375, 1.1563100246013104e-22, nan 
128.375, 64.375, 1.076943356809176e-22, nan 
128.625, 64.375, 1.1619596190282356e-22, nan 
128.875, 64.375, 6.953920894995678e-23, nan 
129.125, 64.375, 6.240077089166321e-23, nan 
129.375, 64.375, 6.835739557238346e-23, nan 
129.625, 64.375, 5.312615878052878e-23, nan 
129.875, 64.375, 3.2778096932818346e-23, nan 
130.125, 64.375, 3.678247364246832e-23, nan 
130.375, 64.375, 3.807272505353811e-23, nan 
130.625, 64.375, 2.654313071397924e-23, nan 
130.875, 64.375, 2.3855415212622727e-23, nan 
131.125, 64.375, 3.023944527532609e-23, nan 
131.375, 64.375, 2.2927449008370106e-23, nan 
131.625, 64.375, 5.674046679613427e-23, nan 
131.875, 64.375, 8.351248474996897e-23, nan 
132.125, 64.375, 5.727148150232066e-23, nan 
132.375, 64.375, 6.658622483782814e-23, nan 
132.625, 64.375, 5.864368767139767e-23, nan 
132.875, 64.375, 1.9166970222270704e-23, nan 
133.125, 64.375, 3.275199209861382e-23, nan 
133.375, 64.375, 4.2108524654008906e-23, nan 
133.625, 64.375, 3.836994793085197e-23, nan 
133.875, 64.375, 2.934505948376804e-23, nan 
134.125, 64.375, 2.669760891537473e-23, nan 
134.375, 64.375, 3.093819076246204e-23, nan 
134.625, 64.375, 2.9163145573569385e-23, nan 
134.875, 64.375, 3.9547470928207484e-23, nan 
135.125, 64.375, 3.3580662078493943e-23, nan 
135.375, 64.375, 2.161455010884063e-23, nan 
135.625, 64.375, 3.6997772598537093e-23, nan 
135.875, 64.375, 3.9532374266561477e-23, nan 
136.125, 64.375, 1.8740115026830198e-23, nan 
136.375, 64.375, 2.2926156375007466e-23, nan 
136.625, 64.375, 1.8031477743667265e-23, nan 
136.875, 64.375, 2.548116261262445e-23, nan 
137.125, 64.375, 2.51502538675182e-23, nan 
137.375, 64.375, 9.101616627060981e-24, nan 
137.625, 64.375, 3.4965328347639837e-23, nan 
137.875, 64.375, 3.0758203829155317e-23, nan 
138.125, 64.375, 1.2083827859729255e-23, nan 
138.375, 64.375, 2.0090410336478133e-23, nan 
138.625, 64.375, 1.8388259677663956e-23, nan 
138.875, 64.375, 8.650199875275697e-24, nan 
139.125, 64.375, 8.460655067198114e-24, nan 
139.375, 64.375, 1.4004220879580452e-23, nan 
139.625, 64.375, 6.249370957242918e-24, nan 
139.875, 64.375, 9.720645968412071e-24, nan 
140.125, 64.375, 1.2390495959166252e-23, nan 
140.375, 64.375, 8.499733855555888e-24, nan 
140.625, 64.375, 3.381703716720804e-24, nan 
140.875, 64.375, 7.735006217899118e-24, nan 
141.125, 64.375, 7.999497286560993e-24, nan 
141.375, 64.375, 1.068630100629337e-23, nan 
141.625, 64.375, 4.6993938286297496e-24, nan 
141.875, 64.375, 1.0072612578595097e-23, nan 
142.125, 64.375, 1.268404813442412e-23, nan 
142.375, 64.375, 1.3538456305933367e-23, nan 
142.625, 64.375, 1.1086971105237833e-23, nan 
142.875, 64.375, 7.89537304946391e-24, nan 
143.125, 64.375, 5.2182200346977985e-24, nan 
143.375, 64.375, 4.9885278674438674e-24, nan 
143.625, 64.375, 4.590962344955365e-24, nan 
143.875, 64.375, 4.991986381875586e-24, nan 
144.125, 64.375, 6.2017349999035564e-24, nan 
144.375, 64.375, 5.0138111446074735e-24, nan 
144.625, 64.375, 4.7735043042337434e-24, nan 
144.875, 64.375, 6.009334623427461e-24, nan 
145.125, 64.375, 7.736880271306766e-24, nan 
145.375, 64.375, 3.2057939250282457e-24, nan 
145.625, 64.375, 7.112883503494433e-24, nan 
145.875, 64.375, 6.402050704934328e-24, nan 
146.125, 64.375, 6.992168241314353e-24, nan 
146.375, 64.375, 5.165180687220818e-24, nan 
146.625, 64.375, 6.130110865561027e-24, nan 
146.875, 64.375, 6.342135976670215e-24, nan 
147.125, 64.375, 3.0408326383389476e-24, nan 
147.375, 64.375, 5.08006586646992e-24, nan 
147.625, 64.375, 6.1861354441963764e-24, nan 
147.875, 64.375, 5.228565095379794e-24, nan 
148.125, 64.375, 6.73608363876038e-24, nan 
148.375, 64.375, 8.291213612133592e-24, nan 
148.625, 64.375, 1.2593560836183533e-23, nan 
148.875, 64.375, 1.4210577471120333e-23, nan 
149.125, 64.375, 1.36509766178713e-23, nan 
149.375, 64.375, 9.404873934361861e-24, nan 
149.625, 64.375, 8.83328516792045e-24, nan 
149.875, 64.375, 7.520156046735988e-24, nan 
150.125, 64.375, 3.779289543903214e-24, nan 
150.375, 64.375, 1.1469480610299707e-23, nan 
150.625, 64.375, 1.01329216325666e-23, nan 
150.875, 64.375, 3.372077584564105e-24, nan 
151.125, 64.375, 1.9767221421817117e-23, nan 
151.375, 64.375, 1.3163698235221476e-23, nan 
151.625, 64.375, 6.790002749645541e-24, nan 
151.875, 64.375, 7.603455419707474e-24, nan 
152.125, 64.375, 7.020528154369641e-24, nan 
152.375, 64.375, 6.893034327474929e-24, nan 
152.625, 64.375, 7.52627237194062e-24, nan 
152.875, 64.375, 3.561286122196158e-24, nan 
153.125, 64.375, 5.5167172449782026e-24, nan 
153.375, 64.375, 1.1078198667827494e-23, nan 
153.625, 64.375, 4.7412195892272435e-24, nan 
153.875, 64.375, 2.5005002139433764e-24, nan 
154.125, 64.375, 4.255061693077477e-24, nan 
154.375, 64.375, 2.584888486231105e-24, nan 
154.625, 64.375, 1.9797959695928065e-24, nan 
154.875, 64.375, 1.476494534449766e-24, nan 
155.125, 64.375, 3.3770866341352685e-24, nan 
155.375, 64.375, 2.185353990965802e-24, nan 
155.625, 64.375, 2.9679548463539673e-24, nan 
155.875, 64.375, 2.4930824145510868e-24, nan 
156.125, 64.375, 4.815886349401318e-24, nan 
156.375, 64.375, 5.400452411081767e-24, nan 
156.625, 64.375, 7.342386641371097e-24, nan 
156.875, 64.375, 7.640791624892695e-24, nan 
157.125, 64.375, 6.48257130480765e-24, nan 
157.375, 64.375, 7.065526931429194e-24, nan 
157.625, 64.375, 7.338416710557457e-24, nan 
157.875, 64.375, 6.963114673438978e-24, nan 
158.125, 64.375, 4.835315596402156e-24, nan 
158.375, 64.375, 2.257032821668571e-24, nan 
158.625, 64.375, 3.315187305385025e-24, nan 
158.875, 64.375, 3.1161186553662517e-24, nan 
159.125, 64.375, 2.4968619020761157e-24, nan 
159.375, 64.375, 3.269857301423549e-24, nan 
159.625, 64.375, 4.588536817748342e-24, nan 
159.875, 64.375, 4.335692182376956e-24, nan 
160.125, 64.375, 3.252731070751373e-24, nan 
160.375, 64.375, 3.0274086840040016e-24, nan 
160.625, 64.375, 2.330196911294638e-24, nan 
160.875, 64.375, 1.8583979027624224e-24, nan 
161.125, 64.375, 2.007433801267596e-24, nan 
161.375, 64.375, 2.3762952442822278e-24, nan 
161.625, 64.375, 2.496999457637057e-24, nan 
161.875, 64.375, 2.0018812383950556e-24, nan 
162.125, 64.375, 1.0771394401073037e-24, nan 
162.375, 64.375, 8.155914736768923e-25, nan 
162.625, 64.375, 5.235126179736061e-25, nan 
162.875, 64.375, 1.3837477226872032e-24, nan 
163.125, 64.375, 1.707915794096069e-24, nan 
163.375, 64.375, 1.046289360099692e-24, nan 
163.625, 64.375, 2.158765235556193e-24, nan 
163.875, 64.375, 9.996564053912096e-25, nan 
164.125, 64.375, 1.0045429713175559e-24, nan 
164.375, 64.375, 2.6870225941841052e-24, nan 
164.625, 64.375, 2.9983541650363586e-24, nan 
164.875, 64.375, 2.6809201249888263e-24, nan 
165.125, 64.375, 3.01062429039994e-24, nan 
165.375, 64.375, 2.9767283815788502e-24, nan 
165.625, 64.375, 2.9487565972572125e-24, nan 
165.875, 64.375, 1.6969582579897234e-24, nan 
166.125, 64.375, 1.6706203177546467e-24, nan 
166.375, 64.375, 2.1981361466812032e-24, nan 
36.125, 64.625, 2.664427593208265e-24, nan 
36.375, 64.625, 1.9238641088207794e-24, nan 
36.625, 64.625, 1.072665185343607e-24, nan 
36.875, 64.625, 1.0905190163302483e-24, nan 
37.125, 64.625, 1.939208284346914e-24, nan 
37.375, 64.625, 2.3537996221001517e-24, nan 
37.625, 64.625, 2.132585715466462e-24, nan 
37.875, 64.625, 1.3032582460643424e-24, nan 
38.125, 64.625, 1.1835287438782494e-24, nan 
38.375, 64.625, 1.2465145014927079e-24, nan 
38.625, 64.625, 1.5070518501338466e-24, nan 
38.875, 64.625, 1.295295291828057e-24, nan 
39.125, 64.625, 8.798492495166073e-25, nan 
39.375, 64.625, 7.392043568284566e-25, nan 
39.625, 64.625, 1.2968021140716856e-24, nan 
39.875, 64.625, 2.955169729538035e-24, nan 
40.125, 64.625, 1.755508233149174e-24, nan 
40.375, 64.625, 7.921981130960009e-25, nan 
40.625, 64.625, 1.3559618947500755e-24, nan 
40.875, 64.625, 1.2655468162695149e-24, nan 
41.125, 64.625, 1.1408643479132093e-24, nan 
41.375, 64.625, 1.8064833122694144e-24, nan 
41.625, 64.625, 2.2097739058584866e-24, nan 
41.875, 64.625, 1.9553787343703512e-24, nan 
42.125, 64.625, 2.3126239672372907e-24, nan 
42.375, 64.625, 2.731217599452761e-24, nan 
42.625, 64.625, 2.0512505054868256e-24, nan 
42.875, 64.625, 2.7485225594393128e-24, nan 
43.125, 64.625, 3.396836016277723e-24, nan 
43.375, 64.625, 3.648771412647027e-24, nan 
43.625, 64.625, 2.5110820122053742e-24, nan 
43.875, 64.625, 3.386754677563405e-24, nan 
44.125, 64.625, 4.573127480076239e-24, nan 
44.375, 64.625, 4.175334988214982e-24, nan 
44.625, 64.625, 3.6153543052361194e-24, nan 
44.875, 64.625, 4.0096152560210315e-24, nan 
45.125, 64.625, 3.098845859495818e-24, nan 
45.375, 64.625, 2.3267416964659045e-24, nan 
45.625, 64.625, 1.5359570606809264e-24, nan 
45.875, 64.625, 1.5699255723513865e-24, nan 
46.125, 64.625, 1.4391749136395169e-24, nan 
46.375, 64.625, 1.9661419743225042e-24, nan 
46.625, 64.625, 2.264067177940359e-24, nan 
46.875, 64.625, 2.971540754971481e-24, nan 
47.125, 64.625, 3.230220524703968e-24, nan 
47.375, 64.625, 3.2551350743933294e-24, nan 
47.625, 64.625, 4.8074852189461706e-24, nan 
47.875, 64.625, 3.573340099810916e-24, nan 
48.125, 64.625, 3.2083490976646753e-24, nan 
48.375, 64.625, 5.043812509137158e-24, nan 
48.625, 64.625, 1.8697078193797872e-24, nan 
48.875, 64.625, 2.0690886079841824e-24, nan 
49.125, 64.625, 2.7441819649029716e-24, nan 
49.375, 64.625, 3.296691984128219e-24, nan 
49.625, 64.625, 2.286490415263804e-24, nan 
49.875, 64.625, 1.1022975218089715e-24, nan 
50.125, 64.625, 2.2938993060576335e-24, nan 
50.375, 64.625, 2.4130506282122686e-24, nan 
50.625, 64.625, 1.4449964299791811e-24, nan 
50.875, 64.625, 2.3971727651934424e-24, nan 
51.125, 64.625, 2.2715822007699264e-24, nan 
51.375, 64.625, 3.165311715922026e-24, nan 
51.625, 64.625, 5.353055118156615e-24, nan 
51.875, 64.625, 5.606850512845938e-24, nan 
52.125, 64.625, 6.325776168856128e-24, nan 
52.375, 64.625, 6.52989265229787e-24, nan 
52.625, 64.625, 6.858310416577101e-24, nan 
52.875, 64.625, 5.284038351707848e-24, nan 
53.125, 64.625, 3.6919749964163746e-24, nan 
53.375, 64.625, 3.2672994342728412e-24, nan 
53.625, 64.625, 2.197173488200608e-24, nan 
53.875, 64.625, 3.238733747596711e-24, nan 
54.125, 64.625, 6.2972262622224645e-24, nan 
54.375, 64.625, 5.696985107698893e-24, nan 
54.625, 64.625, 7.370871599159765e-24, nan 
54.875, 64.625, 1.0440404779198738e-23, nan 
55.125, 64.625, 9.288241667755284e-24, nan 
55.375, 64.625, 8.364182584527533e-24, nan 
55.625, 64.625, 1.0381039577902608e-23, nan 
55.875, 64.625, 1.0122081041758162e-23, nan 
56.125, 64.625, 8.99443884210946e-24, nan 
56.375, 64.625, 1.027474918874231e-23, nan 
56.625, 64.625, 1.3192989638114093e-23, nan 
56.875, 64.625, 1.6569040189652583e-23, nan 
57.125, 64.625, 1.0262402603661173e-23, nan 
57.375, 64.625, 7.027507597592446e-24, nan 
57.625, 64.625, 8.710692448209953e-25, nan 
57.875, 64.625, 2.502994658157452e-24, nan 
58.125, 64.625, 4.218936290441616e-24, nan 
58.375, 64.625, 5.826132305937407e-24, nan 
58.625, 64.625, 8.578308211162874e-24, nan 
58.875, 64.625, 8.251828088209374e-24, nan 
59.125, 64.625, 8.976000388406257e-24, nan 
59.375, 64.625, 1.52777121750477e-23, nan 
59.625, 64.625, 1.3412101243678237e-23, nan 
59.875, 64.625, 7.921952793527429e-24, nan 
60.125, 64.625, 9.61319826868776e-24, nan 
60.375, 64.625, 7.460428307432828e-24, nan 
60.625, 64.625, 1.0793787092829172e-23, nan 
60.875, 64.625, 1.552983750467626e-23, nan 
61.125, 64.625, 1.3276592550579824e-23, nan 
61.375, 64.625, 1.1354609642224175e-23, nan 
61.625, 64.625, 1.080791093698743e-23, nan 
61.875, 64.625, 1.0387396284827624e-23, nan 
62.125, 64.625, 5.8540344196540375e-24, nan 
62.375, 64.625, 7.082392941319616e-24, nan 
62.625, 64.625, 8.82256283801004e-24, nan 
62.875, 64.625, 8.640237303070516e-24, nan 
63.125, 64.625, 4.931745815076078e-24, nan 
63.375, 64.625, 1.0413613710414429e-23, nan 
63.625, 64.625, 8.469449617954933e-24, nan 
63.875, 64.625, 7.061872654150556e-24, nan 
64.125, 64.625, 1.3109996639830659e-23, nan 
64.375, 64.625, 1.4635918238419824e-23, nan 
64.625, 64.625, 1.6470072612237655e-23, nan 
64.875, 64.625, 1.823617683838258e-23, nan 
65.125, 64.625, 2.701309120053806e-23, nan 
65.375, 64.625, 1.9343694769151448e-23, nan 
65.625, 64.625, 3.4777291256160023e-23, nan 
65.875, 64.625, 4.671209947108406e-23, nan 
66.125, 64.625, 5.416359817662133e-23, nan 
66.375, 64.625, 6.916301980686878e-23, nan 
66.625, 64.625, 7.15024181462886e-23, nan 
66.875, 64.625, 1.0225287924731942e-22, nan 
67.125, 64.625, 9.477619911697788e-23, nan 
67.375, 64.625, 7.42030736462472e-23, nan 
67.625, 64.625, 8.965899406983229e-23, nan 
67.875, 64.625, 1.071505854390036e-22, nan 
68.125, 64.625, 4.0947607117028714e-23, nan 
68.375, 64.625, 5.764652281919622e-23, nan 
68.625, 64.625, 8.018315768833118e-23, nan 
68.875, 64.625, 5.512135078773812e-23, nan 
69.125, 64.625, 2.5275928646606692e-23, nan 
69.375, 64.625, 3.2862384607263063e-23, nan 
69.625, 64.625, 2.713442887799699e-23, nan 
69.875, 64.625, 3.7552978131733985e-23, nan 
70.125, 64.625, 4.3501457018406076e-23, nan 
70.375, 64.625, 3.9355325545259166e-23, nan 
70.625, 64.625, 4.1417026043713895e-23, nan 
70.875, 64.625, 3.8276586907426113e-23, nan 
71.125, 64.625, 1.1529410263235495e-23, nan 
71.375, 64.625, 2.3338983111008358e-23, nan 
71.625, 64.625, 1.8757519740750846e-23, nan 
71.875, 64.625, 2.422680150710778e-23, nan 
72.125, 64.625, 2.61069254510702e-23, nan 
72.375, 64.625, 3.1861166197020514e-23, nan 
72.625, 64.625, 3.90983654672621e-23, nan 
72.875, 64.625, 4.176737984851169e-23, nan 
73.125, 64.625, 4.380949490748512e-23, nan 
73.375, 64.625, 4.6877565342887803e-23, nan 
73.625, 64.625, 5.429770325645636e-23, nan 
73.875, 64.625, 7.069849381242977e-23, nan 
74.125, 64.625, 1.0847350933561452e-22, nan 
74.375, 64.625, 8.885193786797857e-23, nan 
74.625, 64.625, 7.253366552415821e-23, nan 
74.875, 64.625, 1.2616679180916513e-22, nan 
75.125, 64.625, 5.536075433045554e-23, nan 
75.375, 64.625, 7.899379832118088e-23, nan 
75.625, 64.625, 7.13670959316743e-23, nan 
75.875, 64.625, 5.515028794854981e-23, nan 
76.125, 64.625, 1.2749558204416568e-22, nan 
76.375, 64.625, 6.290278128540319e-23, nan 
76.625, 64.625, 3.9216671894614023e-23, nan 
76.875, 64.625, 1.3268067898546535e-23, nan 
77.125, 64.625, 2.5445611954271654e-23, nan 
77.375, 64.625, 3.186204497727195e-23, nan 
77.625, 64.625, 2.348031062644738e-22, nan 
77.875, 64.625, 3.62197136652697e-22, nan 
78.125, 64.625, 4.733251661856391e-22, nan 
78.375, 64.625, 4.542848600788849e-22, nan 
78.625, 64.625, 6.888843482784904e-22, nan 
78.875, 64.625, 8.881588388516535e-22, nan 
79.125, 64.625, 6.601858866953163e-22, nan 
79.375, 64.625, 4.802131446814696e-22, nan 
79.625, 64.625, 5.073169790671521e-22, nan 
79.875, 64.625, 5.288365697888482e-22, nan 
80.125, 64.625, 3.687405868328103e-22, nan 
80.375, 64.625, 1.027390190924467e-22, nan 
80.625, 64.625, 3.519111077186625e-23, nan 
80.875, 64.625, 8.298785392106934e-23, nan 
81.125, 64.625, 1.0404007646489948e-22, nan 
81.375, 64.625, 1.1779775912286403e-22, nan 
81.625, 64.625, 7.040255944552244e-23, nan 
81.875, 64.625, 1.2128377414527575e-22, nan 
82.125, 64.625, 1.0228582858525341e-22, nan 
82.375, 64.625, 1.429053684676426e-22, nan 
82.625, 64.625, 1.3409137813440137e-22, nan 
82.875, 64.625, 4.1276654751566024e-22, nan 
83.125, 64.625, 3.663809066744852e-22, nan 
83.375, 64.625, 1.0283035100153558e-21, nan 
83.625, 64.625, 1.4435211752987004e-21, nan 
83.875, 64.625, 1.4984210740458045e-21, nan 
84.125, 64.625, 1.6398702614090531e-21, nan 
84.375, 64.625, 1.8880749587003936e-21, nan 
84.625, 64.625, 9.405764463810139e-22, nan 
84.875, 64.625, 4.344729996852155e-22, nan 
85.125, 64.625, 4.652360802918884e-22, nan 
85.375, 64.625, 6.3098005084052115e-22, nan 
85.625, 64.625, 8.572287166101889e-22, nan 
85.875, 64.625, 7.341692230086698e-22, nan 
86.125, 64.625, 6.66455941277633e-22, nan 
86.375, 64.625, 1.2657320813359794e-21, nan 
86.625, 64.625, 5.148159370689993e-22, nan 
86.875, 64.625, 6.492229133394493e-22, nan 
87.125, 64.625, 1.5316324277467196e-21, nan 
87.375, 64.625, 1.6644758797358475e-21, nan 
87.625, 64.625, 1.985613064683647e-21, nan 
87.875, 64.625, 1.9883678402604348e-21, nan 
88.125, 64.625, 1.7403654652466133e-21, nan 
88.375, 64.625, 1.4277046118227882e-21, nan 
88.625, 64.625, 2.4948534393621186e-21, nan 
88.875, 64.625, 2.7500904981195595e-21, nan 
89.125, 64.625, 2.3925612422531623e-21, nan 
89.375, 64.625, 3.999313972317321e-21, nan 
89.625, 64.625, 4.881294455566663e-21, nan 
89.875, 64.625, 8.275960532934091e-21, nan 
90.125, 64.625, 6.511909523912791e-21, nan 
90.375, 64.625, 6.923916453039173e-21, nan 
90.625, 64.625, 1.1940642178742092e-20, nan 
90.875, 64.625, 7.899415324348745e-21, nan 
91.125, 64.625, 7.063592951846221e-21, nan 
91.375, 64.625, 9.167697257270808e-21, nan 
91.625, 64.625, 1.1429204182706339e-20, nan 
91.875, 64.625, 1.0897264695314707e-20, nan 
92.125, 64.625, 9.095461041146603e-21, nan 
92.375, 64.625, 8.124184246214153e-21, nan 
92.625, 64.625, 6.85172715746573e-21, nan 
92.875, 64.625, 5.516408340987754e-21, nan 
93.125, 64.625, 7.13783791083044e-21, nan 
93.375, 64.625, 6.748213745547053e-21, nan 
93.625, 64.625, 5.480897368378133e-21, nan 
93.875, 64.625, 6.113000097866814e-21, nan 
94.125, 64.625, 8.892912755467561e-21, nan 
94.375, 64.625, 1.3519435908448775e-20, nan 
94.625, 64.625, 2.0542204753933812e-20, nan 
94.875, 64.625, 3.738516071824894e-20, nan 
95.125, 64.625, 3.7322580347716774e-20, nan 
95.375, 64.625, 4.0074249379443644e-20, nan 
95.625, 64.625, 6.649564474421578e-20, nan 
95.875, 64.625, 6.264369727598509e-20, nan 
96.125, 64.625, 1.562165170495415e-19, nan 
96.375, 64.625, 5.462712990598525e-20, nan 
96.625, 64.625, 7.487226668811527e-20, nan 
96.875, 64.625, 1.0128180650197559e-19, nan 
97.125, 64.625, 5.817626966076292e-20, nan 
97.375, 64.625, 7.615887851792796e-20, nan 
97.625, 64.625, 1.5385573819488013e-19, nan 
97.875, 64.625, 1.2282173460013128e-19, nan 
98.125, 64.625, 4.7933545149583714e-20, nan 
98.375, 64.625, 1.0555323972018498e-19, nan 
98.625, 64.625, 1.1166923759921027e-19, nan 
98.875, 64.625, 1.2856216997186915e-19, nan 
99.125, 64.625, 9.676307184317066e-20, nan 
99.375, 64.625, 7.848978424506432e-20, nan 
99.625, 64.625, 7.952128703414699e-20, nan 
99.875, 64.625, 6.400062258647772e-20, nan 
100.125, 64.625, 5.622093493261363e-20, nan 
100.375, 64.625, 8.736680180762968e-20, nan 
100.625, 64.625, 9.527145361925372e-20, nan 
100.875, 64.625, 7.008765209589074e-20, nan 
101.125, 64.625, 4.7924994054182026e-20, nan 
101.375, 64.625, 8.335097087246859e-20, nan 
101.625, 64.625, 6.082583265619105e-20, nan 
101.875, 64.625, 3.9506862010185957e-20, nan 
102.125, 64.625, 5.169555374096544e-20, nan 
102.375, 64.625, 5.882789398819946e-20, nan 
102.625, 64.625, 2.932817905074618e-20, nan 
102.875, 64.625, 9.912808922217521e-20, nan 
103.125, 64.625, 1.101977127721163e-19, nan 
103.375, 64.625, 7.508523833805997e-20, nan 
103.625, 64.625, 6.764438371966303e-20, nan 
103.875, 64.625, 7.558178293203904e-20, nan 
104.125, 64.625, 1.097293029662788e-19, nan 
104.375, 64.625, 5.605668901077736e-20, nan 
104.625, 64.625, 3.9472539009816495e-20, nan 
104.875, 64.625, 3.286142537292599e-20, nan 
105.125, 64.625, 1.7340828221518125e-20, nan 
105.375, 64.625, 2.420317912622954e-20, nan 
105.625, 64.625, 3.3785896121021846e-20, nan 
105.875, 64.625, 1.1772122037256343e-20, nan 
106.125, 64.625, 1.545296630800707e-20, nan 
106.375, 64.625, 1.7848518868742964e-20, nan 
106.625, 64.625, 8.816917242361055e-21, nan 
106.875, 64.625, 1.3159470985028324e-20, nan 
107.125, 64.625, 1.3807084353708708e-20, nan 
107.375, 64.625, 1.8315369336596756e-21, nan 
107.625, 64.625, 1.120498242320283e-20, nan 
107.875, 64.625, 9.662255076435966e-21, nan 
108.125, 64.625, 1.8246966697583632e-20, nan 
108.375, 64.625, 1.572256270984717e-20, nan 
108.625, 64.625, 1.2044648256358922e-20, nan 
108.875, 64.625, 1.8136744516386236e-20, nan 
109.125, 64.625, 1.816299188574333e-20, nan 
109.375, 64.625, 1.7536536374291592e-20, nan 
109.625, 64.625, 1.4449568072278692e-20, nan 
109.875, 64.625, 1.4780805334296264e-20, nan 
110.125, 64.625, 1.2761782681310123e-20, nan 
110.375, 64.625, 9.524128486228783e-21, nan 
110.625, 64.625, 7.988895598226123e-21, nan 
110.875, 64.625, 5.5466872501837626e-21, nan 
111.125, 64.625, 1.984242719811145e-21, nan 
111.375, 64.625, 3.1658044555406797e-21, nan 
111.625, 64.625, 1.9028258837346536e-21, nan 
111.875, 64.625, 1.52224016961682e-21, nan 
112.125, 64.625, 4.306471244219165e-21, nan 
112.375, 64.625, 2.908432452737939e-21, nan 
112.625, 64.625, 2.229417533330002e-21, nan 
112.875, 64.625, 2.388616487087374e-21, nan 
113.125, 64.625, 2.5436389568553786e-21, nan 
113.375, 64.625, 1.6061271896274693e-21, nan 
113.625, 64.625, 1.7891919540276526e-21, nan 
113.875, 64.625, 1.3452236840249126e-21, nan 
114.125, 64.625, 1.0441721693409468e-21, nan 
114.375, 64.625, 1.290794866650158e-21, nan 
114.625, 64.625, 7.191142924322567e-22, nan 
114.875, 64.625, 1.0216024677044468e-21, nan 
115.125, 64.625, 8.880378707177392e-22, nan 
115.375, 64.625, 7.84283891993825e-22, nan 
115.625, 64.625, 5.07186654540088e-22, nan 
115.875, 64.625, 1.5407060574583018e-21, nan 
116.125, 64.625, 1.148029093388238e-21, nan 
116.375, 64.625, 1.348248375682699e-21, nan 
116.625, 64.625, 2.2176297231582098e-21, nan 
116.875, 64.625, 2.1821474781916825e-21, nan 
117.125, 64.625, 2.423796804850499e-21, nan 
117.375, 64.625, 2.8199832804482002e-21, nan 
117.625, 64.625, 2.3379970275362268e-21, nan 
117.875, 64.625, 1.7281483910513756e-21, nan 
118.125, 64.625, 1.714849126119833e-21, nan 
118.375, 64.625, 1.723909427333913e-21, nan 
118.625, 64.625, 1.5390357472965023e-21, nan 
118.875, 64.625, 6.813031350803142e-22, nan 
119.125, 64.625, 7.703041997404287e-22, nan 
119.375, 64.625, 8.935123135792477e-22, nan 
119.625, 64.625, 6.965134408252836e-22, nan 
119.875, 64.625, 4.455634906325184e-22, nan 
120.125, 64.625, 2.8143095793921446e-22, nan 
120.375, 64.625, 4.212964033557402e-22, nan 
120.625, 64.625, 3.4262035119737038e-22, nan 
120.875, 64.625, 4.229846656462073e-22, nan 
121.125, 64.625, 2.747329512675205e-22, nan 
121.375, 64.625, 3.1539015477853487e-22, nan 
121.625, 64.625, 2.66307148952567e-22, nan 
121.875, 64.625, 1.3902225040055166e-22, nan 
122.125, 64.625, 1.802826478767982e-22, nan 
122.375, 64.625, 1.0467961809293351e-22, nan 
122.625, 64.625, 5.5417135277194e-23, nan 
122.875, 64.625, 1.3137363304183047e-22, nan 
123.125, 64.625, 1.40255586527799e-22, nan 
123.375, 64.625, 5.1450827747715084e-23, nan 
123.625, 64.625, 2.0873423609572332e-22, nan 
123.875, 64.625, 3.529181130899518e-22, nan 
124.125, 64.625, 3.027837099119756e-22, nan 
124.375, 64.625, 2.4955374835756134e-22, nan 
124.625, 64.625, 2.205025687928769e-22, nan 
124.875, 64.625, 1.8582730310716417e-22, nan 
125.125, 64.625, 6.085229337929184e-23, nan 
125.375, 64.625, 9.04883047234244e-23, nan 
125.625, 64.625, 1.0403026968938768e-22, nan 
125.875, 64.625, 8.782880810279796e-23, nan 
126.125, 64.625, 7.224159944050529e-23, nan 
126.375, 64.625, 3.840705455066392e-23, nan 
126.625, 64.625, 5.489788313386705e-23, nan 
126.875, 64.625, 8.52966815586508e-23, nan 
127.125, 64.625, 4.826239274735796e-23, nan 
127.375, 64.625, 1.1081627472421728e-22, nan 
127.625, 64.625, 1.2361108554177427e-22, nan 
127.875, 64.625, 1.0359194585891179e-22, nan 
128.125, 64.625, 1.5590758835079853e-22, nan 
128.375, 64.625, 1.176866645655526e-22, nan 
128.625, 64.625, 1.0788781762197405e-22, nan 
128.875, 64.625, 6.928606510077542e-23, nan 
129.125, 64.625, 6.707910728802368e-23, nan 
129.375, 64.625, 7.296818667567916e-23, nan 
129.625, 64.625, 4.408923530465463e-23, nan 
129.875, 64.625, 2.982029508918063e-23, nan 
130.125, 64.625, 5.698772566987813e-23, nan 
130.375, 64.625, 3.068860171265502e-23, nan 
130.625, 64.625, 2.876706171100969e-23, nan 
130.875, 64.625, 4.600248090142035e-23, nan 
131.125, 64.625, 6.13529939913907e-23, nan 
131.375, 64.625, 6.13993723951206e-23, nan 
131.625, 64.625, 7.803285156624014e-23, nan 
131.875, 64.625, 8.236716939885502e-23, nan 
132.125, 64.625, 7.540469674828472e-23, nan 
132.375, 64.625, 4.005006526135785e-23, nan 
132.625, 64.625, 2.5428509167179588e-23, nan 
132.875, 64.625, 2.5002961116481958e-23, nan 
133.125, 64.625, 3.830733615677776e-23, nan 
133.375, 64.625, 5.968704413002607e-23, nan 
133.625, 64.625, 3.7556505764179585e-23, nan 
133.875, 64.625, 3.585209213972443e-23, nan 
134.125, 64.625, 4.570558954211821e-23, nan 
134.375, 64.625, 3.495872751902518e-23, nan 
134.625, 64.625, 2.7247706368781476e-23, nan 
134.875, 64.625, 2.928582468835067e-23, nan 
135.125, 64.625, 1.332023725363943e-23, nan 
135.375, 64.625, 3.46504544937255e-23, nan 
135.625, 64.625, 3.2880992387042617e-23, nan 
135.875, 64.625, 2.4998565791729244e-23, nan 
136.125, 64.625, 1.7756563781525007e-23, nan 
136.375, 64.625, 1.3492358304705103e-23, nan 
136.625, 64.625, 5.990339441377824e-24, nan 
136.875, 64.625, 1.4395993086136853e-23, nan 
137.125, 64.625, 1.7026668582356357e-23, nan 
137.375, 64.625, 1.0945944660494917e-23, nan 
137.625, 64.625, 2.470796164047117e-23, nan 
137.875, 64.625, 2.417530004476089e-23, nan 
138.125, 64.625, 1.3820542218444305e-23, nan 
138.375, 64.625, 1.1386909799314748e-23, nan 
138.625, 64.625, 1.1633993060169387e-23, nan 
138.875, 64.625, 9.809205616031332e-24, nan 
139.125, 64.625, 1.4205884779209867e-23, nan 
139.375, 64.625, 1.346603210274305e-23, nan 
139.625, 64.625, 8.408834206909025e-24, nan 
139.875, 64.625, 1.143166783607486e-23, nan 
140.125, 64.625, 1.280507538928345e-23, nan 
140.375, 64.625, 6.495001846864097e-24, nan 
140.625, 64.625, 1.6866554849502364e-24, nan 
140.875, 64.625, 6.1741532103954105e-24, nan 
141.125, 64.625, 5.35718350056955e-24, nan 
141.375, 64.625, 6.67063921378962e-24, nan 
141.625, 64.625, 2.5827865065127642e-24, nan 
141.875, 64.625, 8.996393676011751e-24, nan 
142.125, 64.625, 7.38483606374131e-24, nan 
142.375, 64.625, 4.800601756218927e-24, nan 
142.625, 64.625, 7.020205996119014e-24, nan 
142.875, 64.625, 2.666126385916733e-24, nan 
143.125, 64.625, 8.170532706000256e-24, nan 
143.375, 64.625, 3.6864918575168015e-24, nan 
143.625, 64.625, 4.601364383900328e-24, nan 
143.875, 64.625, 4.729590996122426e-24, nan 
144.125, 64.625, 9.975173984079772e-24, nan 
144.375, 64.625, 1.3016842776869677e-23, nan 
144.625, 64.625, 7.068055541368407e-24, nan 
144.875, 64.625, 1.5009438617754685e-23, nan 
145.125, 64.625, 2.0669887414900006e-23, nan 
145.375, 64.625, 5.322812113025209e-24, nan 
145.625, 64.625, 9.459837913064513e-24, nan 
145.875, 64.625, 1.1984255386211078e-23, nan 
146.125, 64.625, 7.638911711743618e-24, nan 
146.375, 64.625, 5.192440638099015e-24, nan 
146.625, 64.625, 5.1328765271826996e-24, nan 
146.875, 64.625, 6.80516169832016e-24, nan 
147.125, 64.625, 6.643600201053533e-24, nan 
147.375, 64.625, 7.65783164875535e-24, nan 
147.625, 64.625, 8.784908595352006e-24, nan 
147.875, 64.625, 9.961623202243051e-24, nan 
148.125, 64.625, 9.53665784233007e-24, nan 
148.375, 64.625, 7.961599333336293e-24, nan 
148.625, 64.625, 1.062352491504528e-23, nan 
148.875, 64.625, 8.926040460392563e-24, nan 
149.125, 64.625, 9.856172642384914e-24, nan 
149.375, 64.625, 1.0244898671552568e-23, nan 
149.625, 64.625, 8.098207536285619e-24, nan 
149.875, 64.625, 6.846492385970905e-24, nan 
150.125, 64.625, 2.5650681767689824e-24, nan 
150.375, 64.625, 3.1828583362172644e-24, nan 
150.625, 64.625, 4.588766925950527e-24, nan 
150.875, 64.625, 4.457539297823915e-24, nan 
151.125, 64.625, 1.514437376211777e-23, nan 
151.375, 64.625, 1.0803286378354462e-23, nan 
151.625, 64.625, 4.982082164235241e-24, nan 
151.875, 64.625, 4.634240738985211e-24, nan 
152.125, 64.625, 6.051526037997235e-24, nan 
152.375, 64.625, 6.5334157252666875e-24, nan 
152.625, 64.625, 5.540821585971359e-24, nan 
152.875, 64.625, 4.812212867473579e-24, nan 
153.125, 64.625, 6.000464305843842e-24, nan 
153.375, 64.625, 8.804800531301876e-24, nan 
153.625, 64.625, 5.657923792513815e-24, nan 
153.875, 64.625, 3.5158709578317936e-24, nan 
154.125, 64.625, 3.651540653334662e-24, nan 
154.375, 64.625, 1.9391919531895128e-24, nan 
154.625, 64.625, 2.1561202988493992e-24, nan 
154.875, 64.625, 4.6884913390343235e-24, nan 
155.125, 64.625, 6.4425494156011935e-24, nan 
155.375, 64.625, 8.244378861200872e-24, nan 
155.625, 64.625, 1.6099467232876888e-23, nan 
155.875, 64.625, 6.794005265455753e-24, nan 
156.125, 64.625, 5.83981862664322e-24, nan 
156.375, 64.625, 5.076374922708142e-24, nan 
156.625, 64.625, 3.9089398756778515e-24, nan 
156.875, 64.625, 4.046931851474724e-24, nan 
157.125, 64.625, 4.474879768756107e-24, nan 
157.375, 64.625, 6.98657223829369e-24, nan 
157.625, 64.625, 7.787520936568646e-24, nan 
157.875, 64.625, 6.2095859022065604e-24, nan 
158.125, 64.625, 5.333881050682949e-24, nan 
158.375, 64.625, 5.351836024709046e-24, nan 
158.625, 64.625, 6.3565006357033355e-24, nan 
158.875, 64.625, 3.852050596568243e-24, nan 
159.125, 64.625, 3.784463955790334e-24, nan 
159.375, 64.625, 4.9160966957198436e-24, nan 
159.625, 64.625, 4.820388573374943e-24, nan 
159.875, 64.625, 3.0500399276896056e-24, nan 
160.125, 64.625, 2.510856512595328e-24, nan 
160.375, 64.625, 2.1448728106713768e-24, nan 
160.625, 64.625, 2.2888274334544463e-24, nan 
160.875, 64.625, 1.984571895031538e-24, nan 
161.125, 64.625, 2.1457559900370617e-24, nan 
161.375, 64.625, 1.882423371160699e-24, nan 
161.625, 64.625, 1.7993615567350182e-24, nan 
161.875, 64.625, 1.6810253582957064e-24, nan 
162.125, 64.625, 1.0260796130669807e-24, nan 
162.375, 64.625, 9.328944587444152e-25, nan 
162.625, 64.625, 7.814284036761877e-25, nan 
162.875, 64.625, 1.0835622385561245e-24, nan 
163.125, 64.625, 1.0243075954925756e-24, nan 
163.375, 64.625, 7.021766749142833e-25, nan 
163.625, 64.625, 7.7713035135996215e-25, nan 
163.875, 64.625, 5.613675034241938e-25, nan 
164.125, 64.625, 5.236195000716721e-25, nan 
164.375, 64.625, 2.7067823756696887e-24, nan 
164.625, 64.625, 2.9310272123449046e-24, nan 
164.875, 64.625, 2.213937428289902e-24, nan 
165.125, 64.625, 3.0948646937618384e-24, nan 
165.375, 64.625, 3.1326789372941205e-24, nan 
165.625, 64.625, 2.7151607602033612e-24, nan 
165.875, 64.625, 2.1391738314728695e-24, nan 
166.125, 64.625, 1.9881527595326752e-24, nan 
166.375, 64.625, 2.0217238998681358e-24, nan 
166.625, 64.625, 2.2298368970251336e-24, nan 
35.875, 64.875, 3.3058106573648146e-24, nan 
36.125, 64.875, 3.277983595109084e-24, nan 
36.375, 64.875, 3.1039955735157103e-24, nan 
36.625, 64.875, 2.2239943654753386e-24, nan 
36.875, 64.875, 2.9089846073325485e-24, nan 
37.125, 64.875, 3.7801811015920535e-24, nan 
37.375, 64.875, 2.457038008250342e-24, nan 
37.625, 64.875, 1.2985080232325305e-24, nan 
37.875, 64.875, 2.0668756224565755e-24, nan 
38.125, 64.875, 1.3957067215805017e-24, nan 
38.375, 64.875, 1.0640396165179778e-24, nan 
38.625, 64.875, 1.3293368775251651e-24, nan 
38.875, 64.875, 1.4184040748638987e-24, nan 
39.125, 64.875, 1.5519117232737214e-24, nan 
39.375, 64.875, 2.004714875393396e-24, nan 
39.625, 64.875, 1.4993521536989572e-24, nan 
39.875, 64.875, 4.5240203422790755e-24, nan 
40.125, 64.875, 3.1893809768648183e-24, nan 
40.375, 64.875, 9.846450919394398e-25, nan 
40.625, 64.875, 2.0682189587120476e-24, nan 
40.875, 64.875, 2.013147789437791e-24, nan 
41.125, 64.875, 1.3562193515517593e-24, nan 
41.375, 64.875, 1.4256688657364145e-24, nan 
41.625, 64.875, 1.8873842859454424e-25, nan 
41.875, 64.875, 1.7545447338532708e-24, nan 
42.125, 64.875, 2.083125888411417e-24, nan 
42.375, 64.875, 1.4591579575078975e-24, nan 
42.625, 64.875, 1.7937378524624622e-24, nan 
42.875, 64.875, 1.4097699113039183e-24, nan 
43.125, 64.875, 2.8563377470428128e-24, nan 
43.375, 64.875, 2.611956076253324e-24, nan 
43.625, 64.875, 3.09313764878545e-24, nan 
43.875, 64.875, 2.1314914884435523e-24, nan 
44.125, 64.875, 1.9656769423152657e-24, nan 
44.375, 64.875, 3.367517479924875e-24, nan 
44.625, 64.875, 1.954897728576438e-24, nan 
44.875, 64.875, 1.0488706022591576e-24, nan 
45.125, 64.875, 1.594637434459462e-24, nan 
45.375, 64.875, 2.1695967178593327e-24, nan 
45.625, 64.875, 2.1686420681509797e-24, nan 
45.875, 64.875, 2.3401445847354487e-24, nan 
46.125, 64.875, 1.8751389530807693e-24, nan 
46.375, 64.875, 2.6189702525736518e-24, nan 
46.625, 64.875, 2.726999867464217e-24, nan 
46.875, 64.875, 2.4844665238112228e-24, nan 
47.125, 64.875, 2.513458816876934e-24, nan 
47.375, 64.875, 3.691849806107428e-24, nan 
47.625, 64.875, 4.100274940884687e-24, nan 
47.875, 64.875, 4.1405148903602966e-24, nan 
48.125, 64.875, 3.914303808881234e-24, nan 
48.375, 64.875, 3.908251604045964e-24, nan 
48.625, 64.875, 3.1377739158585136e-24, nan 
48.875, 64.875, 1.7040387991840125e-24, nan 
49.125, 64.875, 2.0119173030728684e-24, nan 
49.375, 64.875, 3.426244028875464e-24, nan 
49.625, 64.875, 1.5090055518093454e-24, nan 
49.875, 64.875, 1.0735431530535671e-24, nan 
50.125, 64.875, 1.6458622357138214e-24, nan 
50.375, 64.875, 2.0464809175862345e-24, nan 
50.625, 64.875, 2.0826632639947916e-24, nan 
50.875, 64.875, 2.3718820162718342e-24, nan 
51.125, 64.875, 2.0350109678766556e-24, nan 
51.375, 64.875, 2.4687786633851727e-24, nan 
51.625, 64.875, 2.217872996329499e-24, nan 
51.875, 64.875, 3.875198306407719e-24, nan 
52.125, 64.875, 9.030474977806044e-24, nan 
52.375, 64.875, 7.738507393839097e-24, nan 
52.625, 64.875, 4.87429834745159e-24, nan 
52.875, 64.875, 8.824580453809333e-24, nan 
53.125, 64.875, 6.133707434269762e-24, nan 
53.375, 64.875, 4.3686239134936196e-24, nan 
53.625, 64.875, 4.061306136359548e-24, nan 
53.875, 64.875, 5.627585254639353e-24, nan 
54.125, 64.875, 3.488526862709119e-24, nan 
54.375, 64.875, 3.0249301718614507e-24, nan 
54.625, 64.875, 6.3400298233401424e-24, nan 
54.875, 64.875, 8.970012209004625e-24, nan 
55.125, 64.875, 8.113445335347357e-24, nan 
55.375, 64.875, 1.0516395399352162e-23, nan 
55.625, 64.875, 1.1719145788147751e-23, nan 
55.875, 64.875, 1.1736773924803201e-23, nan 
56.125, 64.875, 6.630935583537277e-24, nan 
56.375, 64.875, 6.406038744179863e-24, nan 
56.625, 64.875, 1.755497033418575e-23, nan 
56.875, 64.875, 1.8196513628351904e-23, nan 
57.125, 64.875, 9.92459760146057e-24, nan 
57.375, 64.875, 1.2794249968073466e-23, nan 
57.625, 64.875, 1.185064690395978e-23, nan 
57.875, 64.875, 6.455583580137151e-24, nan 
58.125, 64.875, 6.790541525345413e-24, nan 
58.375, 64.875, 5.9409669159064014e-24, nan 
58.625, 64.875, 5.74818679084112e-24, nan 
58.875, 64.875, 8.074206913674802e-24, nan 
59.125, 64.875, 9.235631374680538e-24, nan 
59.375, 64.875, 9.879601653300784e-24, nan 
59.625, 64.875, 1.5630405309215237e-23, nan 
59.875, 64.875, 8.70036587743904e-24, nan 
60.125, 64.875, 1.0317593279355287e-23, nan 
60.375, 64.875, 1.20453495975862e-23, nan 
60.625, 64.875, 7.821268502657403e-24, nan 
60.875, 64.875, 1.4553813495305667e-23, nan 
61.125, 64.875, 1.4980304010184862e-23, nan 
61.375, 64.875, 1.656194161979931e-23, nan 
61.625, 64.875, 2.6445117553115168e-23, nan 
61.875, 64.875, 2.5496659869632184e-23, nan 
62.125, 64.875, 2.2300583918975967e-23, nan 
62.375, 64.875, 1.789863621909202e-23, nan 
62.625, 64.875, 1.1258306123895994e-23, nan 
62.875, 64.875, 1.0171537813633858e-23, nan 
63.125, 64.875, 7.237386793351677e-24, nan 
63.375, 64.875, 9.498907910024237e-24, nan 
63.625, 64.875, 6.96525690645964e-24, nan 
63.875, 64.875, 3.2631312061860683e-23, nan 
64.125, 64.875, 2.4128539659338124e-23, nan 
64.375, 64.875, 6.588431644458366e-24, nan 
64.625, 64.875, 1.3185129617913615e-23, nan 
64.875, 64.875, 1.6209127683933704e-23, nan 
65.125, 64.875, 1.4504733404784385e-23, nan 
65.375, 64.875, 1.692683646948581e-23, nan 
65.625, 64.875, 3.1108748312038077e-23, nan 
65.875, 64.875, 3.8226977752309515e-23, nan 
66.125, 64.875, 4.097165703802e-23, nan 
66.375, 64.875, 5.234744505778709e-23, nan 
66.625, 64.875, 6.65773716510825e-23, nan 
66.875, 64.875, 7.499106605941166e-23, nan 
67.125, 64.875, 8.343479754583295e-23, nan 
67.375, 64.875, 8.15021700378765e-23, nan 
67.625, 64.875, 9.140525728069411e-23, nan 
67.875, 64.875, 1.0186831130233533e-22, nan 
68.125, 64.875, 6.16104942264113e-23, nan 
68.375, 64.875, 3.790015529542358e-23, nan 
68.625, 64.875, 4.176731296700507e-23, nan 
68.875, 64.875, 6.099064485229365e-23, nan 
69.125, 64.875, 4.229522326870298e-23, nan 
69.375, 64.875, 4.136985201960642e-23, nan 
69.625, 64.875, 3.7993392151652295e-23, nan 
69.875, 64.875, 4.656637603187129e-23, nan 
70.125, 64.875, 5.0547448649968004e-23, nan 
70.375, 64.875, 4.6469076659233696e-23, nan 
70.625, 64.875, 3.109595493521768e-23, nan 
70.875, 64.875, 1.0225335685001173e-22, nan 
71.125, 64.875, 5.945082686500052e-23, nan 
71.375, 64.875, 5.187572862964397e-23, nan 
71.625, 64.875, 2.952638507845588e-23, nan 
71.875, 64.875, 4.744551074756638e-23, nan 
72.125, 64.875, 5.613141563284963e-23, nan 
72.375, 64.875, 3.044351708532861e-23, nan 
72.625, 64.875, 1.929220714940176e-23, nan 
72.875, 64.875, 5.968812584285826e-23, nan 
73.125, 64.875, 5.50816082595846e-23, nan 
73.375, 64.875, 2.1941620320870277e-23, nan 
73.625, 64.875, 9.135911119677454e-23, nan 
73.875, 64.875, 7.82113666403801e-23, nan 
74.125, 64.875, 7.358660181788041e-23, nan 
74.375, 64.875, 9.847361154861571e-23, nan 
74.625, 64.875, 7.567084302440092e-23, nan 
74.875, 64.875, 1.1485843518476998e-22, nan 
75.125, 64.875, 1.4354982758538831e-22, nan 
75.375, 64.875, 1.173265729023246e-22, nan 
75.625, 64.875, 5.44445005668367e-23, nan 
75.875, 64.875, 5.910837489983894e-23, nan 
76.125, 64.875, 1.0359933829863849e-22, nan 
76.375, 64.875, 5.671597026009502e-23, nan 
76.625, 64.875, 6.458765688754586e-23, nan 
76.875, 64.875, 6.314124697656897e-23, nan 
77.125, 64.875, 3.4417337893507305e-23, nan 
77.375, 64.875, 6.735390841641794e-23, nan 
77.625, 64.875, 6.917036001086042e-23, nan 
77.875, 64.875, 9.298242592986694e-23, nan 
78.125, 64.875, 2.483543899041431e-22, nan 
78.375, 64.875, 4.107697358898902e-22, nan 
78.625, 64.875, 4.671444886089118e-22, nan 
78.875, 64.875, 5.861720973182456e-22, nan 
79.125, 64.875, 6.498797554490238e-22, nan 
79.375, 64.875, 4.145819677787999e-22, nan 
79.625, 64.875, 2.0318319791819461e-22, nan 
79.875, 64.875, 3.807603615614072e-22, nan 
80.125, 64.875, 4.186851906234619e-22, nan 
80.375, 64.875, 1.619589415502257e-22, nan 
80.625, 64.875, 7.887928453505604e-23, nan 
80.875, 64.875, 7.737426286004763e-23, nan 
81.125, 64.875, 1.5855324082100367e-22, nan 
81.375, 64.875, 2.145687573075976e-22, nan 
81.625, 64.875, 1.2174961036723025e-22, nan 
81.875, 64.875, 1.005106434420377e-22, nan 
82.125, 64.875, 8.390399500673687e-23, nan 
82.375, 64.875, 1.510025585254538e-22, nan 
82.625, 64.875, 4.922914990100423e-22, nan 
82.875, 64.875, 1.0607736861401457e-21, nan 
83.125, 64.875, 1.244303251405683e-21, nan 
83.375, 64.875, 1.5884966543544445e-21, nan 
83.625, 64.875, 2.0022273402588466e-21, nan 
83.875, 64.875, 2.6543295774732747e-21, nan 
84.125, 64.875, 2.5245230245790695e-21, nan 
84.375, 64.875, 2.5519344519247495e-21, nan 
84.625, 64.875, 2.1779827209305355e-21, nan 
84.875, 64.875, 2.1793941142924427e-21, nan 
85.125, 64.875, 1.3071911349468557e-21, nan 
85.375, 64.875, 9.322944156290442e-22, nan 
85.625, 64.875, 8.908514639239356e-22, nan 
85.875, 64.875, 4.761853056396381e-22, nan 
86.125, 64.875, 4.633878256918544e-22, nan 
86.375, 64.875, 9.55361857271827e-22, nan 
86.625, 64.875, 9.434135587638676e-22, nan 
86.875, 64.875, 8.2126885635747475e-22, nan 
87.125, 64.875, 1.956240235975575e-21, nan 
87.375, 64.875, 2.497192096246959e-21, nan 
87.625, 64.875, 1.8639626379132977e-21, nan 
87.875, 64.875, 1.9683717489202383e-21, nan 
88.125, 64.875, 2.5635047256967094e-21, nan 
88.375, 64.875, 2.415764061298005e-21, nan 
88.625, 64.875, 2.1653354205471563e-21, nan 
88.875, 64.875, 1.716468526556813e-21, nan 
89.125, 64.875, 1.846155362419782e-21, nan 
89.375, 64.875, 2.5191806563966696e-21, nan 
89.625, 64.875, 1.7825849167200235e-21, nan 
89.875, 64.875, 1.5235592009232302e-21, nan 
90.125, 64.875, 4.915686072272778e-21, nan 
90.375, 64.875, 7.77085190609835e-21, nan 
90.625, 64.875, 1.1433546088386229e-20, nan 
90.875, 64.875, 7.486888259257704e-21, nan 
91.125, 64.875, 1.1330319191012573e-20, nan 
91.375, 64.875, 1.1754083014556102e-20, nan 
91.625, 64.875, 1.3688324814983684e-20, nan 
91.875, 64.875, 1.379660929399504e-20, nan 
92.125, 64.875, 1.405928059261884e-20, nan 
92.375, 64.875, 1.7435569162447916e-20, nan 
92.625, 64.875, 1.6290367858401327e-20, nan 
92.875, 64.875, 1.2272555862803734e-20, nan 
93.125, 64.875, 1.0315528127321921e-20, nan 
93.375, 64.875, 7.475836286868663e-21, nan 
93.625, 64.875, 1.1700977026705135e-20, nan 
93.875, 64.875, 1.2640811472070715e-20, nan 
94.125, 64.875, 1.0582585546135015e-20, nan 
94.375, 64.875, 1.7423812087931745e-20, nan 
94.625, 64.875, 1.939793820153779e-20, nan 
94.875, 64.875, 1.5141438903897112e-20, nan 
95.125, 64.875, 1.9045430346528294e-20, nan 
95.375, 64.875, 2.744843007693644e-20, nan 
95.625, 64.875, 4.724493825719542e-20, nan 
95.875, 64.875, 4.937963789436249e-20, nan 
96.125, 64.875, 9.55256437467882e-20, nan 
96.375, 64.875, 5.0458412357495085e-20, nan 
96.625, 64.875, 6.711089178868358e-20, nan 
96.875, 64.875, 7.334398808640472e-20, nan 
97.125, 64.875, 8.693557705193541e-20, nan 
97.375, 64.875, 8.575373089047562e-20, nan 
97.625, 64.875, 1.359479970534569e-19, nan 
97.875, 64.875, 1.0458874956785308e-19, nan 
98.125, 64.875, 6.556119690185285e-20, nan 
98.375, 64.875, 5.707517932697367e-20, nan 
98.625, 64.875, 9.868212827379009e-20, nan 
98.875, 64.875, 9.907349404512654e-20, nan 
99.125, 64.875, 8.110763372129218e-20, nan 
99.375, 64.875, 8.890728627809889e-20, nan 
99.625, 64.875, 7.38317412684766e-20, nan 
99.875, 64.875, 3.921387755293059e-20, nan 
100.125, 64.875, 5.76084608512756e-20, nan 
100.375, 64.875, 6.475008993819499e-20, nan 
100.625, 64.875, 4.404593578664553e-20, nan 
100.875, 64.875, 5.2726669735403934e-20, nan 
101.125, 64.875, 9.815059337881918e-20, nan 
101.375, 64.875, 1.0364504511160578e-19, nan 
101.625, 64.875, 4.0567232980756604e-20, nan 
101.875, 64.875, 6.068595678068674e-20, nan 
102.125, 64.875, 3.6738410778156076e-20, nan 
102.375, 64.875, 4.690640688625252e-20, nan 
102.625, 64.875, 2.6816958598957792e-20, nan 
102.875, 64.875, 7.8074994857428e-20, nan 
103.125, 64.875, 9.237348132806839e-20, nan 
103.375, 64.875, 6.008246649468153e-20, nan 
103.625, 64.875, 6.612262595312749e-20, nan 
103.875, 64.875, 5.667349670393015e-20, nan 
104.125, 64.875, 6.012174591304807e-20, nan 
104.375, 64.875, 6.033070599522149e-20, nan 
104.625, 64.875, 4.420053117972313e-20, nan 
104.875, 64.875, 4.702470811807717e-20, nan 
105.125, 64.875, 2.608562454791586e-20, nan 
105.375, 64.875, 2.3435088089330492e-20, nan 
105.625, 64.875, 1.8989839838005604e-20, nan 
105.875, 64.875, 1.52667639386153e-20, nan 
106.125, 64.875, 1.480303072553703e-20, nan 
106.375, 64.875, 1.5318226363633252e-20, nan 
106.625, 64.875, 1.4061494911859585e-20, nan 
106.875, 64.875, 8.784973481147391e-21, nan 
107.125, 64.875, 1.2146791471491821e-20, nan 
107.375, 64.875, 6.806531774074777e-21, nan 
107.625, 64.875, 1.0051250860184519e-20, nan 
107.875, 64.875, 9.852200897480506e-21, nan 
108.125, 64.875, 2.1190541240180416e-20, nan 
108.375, 64.875, 1.542295879370195e-20, nan 
108.625, 64.875, 1.367648040253657e-20, nan 
108.875, 64.875, 1.9786504286724463e-20, nan 
109.125, 64.875, 1.885993253427178e-20, nan 
109.375, 64.875, 1.1410746064237958e-20, nan 
109.625, 64.875, 1.2826495108556007e-20, nan 
109.875, 64.875, 1.3455896929137015e-20, nan 
110.125, 64.875, 9.256301408706619e-21, nan 
110.375, 64.875, 7.992482644042526e-21, nan 
110.625, 64.875, 6.3637842634034184e-21, nan 
110.875, 64.875, 6.16998993001231e-21, nan 
111.125, 64.875, 3.1137523651248196e-21, nan 
111.375, 64.875, 2.4267651577656145e-21, nan 
111.625, 64.875, 1.5595474922938541e-21, nan 
111.875, 64.875, 1.3981419425125343e-21, nan 
112.125, 64.875, 2.019079561875882e-21, nan 
112.375, 64.875, 6.188532774163491e-22, nan 
112.625, 64.875, 3.265833413990387e-21, nan 
112.875, 64.875, 5.191571038746868e-21, nan 
113.125, 64.875, 2.0751371869904082e-21, nan 
113.375, 64.875, 1.954489513862522e-21, nan 
113.625, 64.875, 1.8594211004089467e-21, nan 
113.875, 64.875, 1.6006011569585538e-21, nan 
114.125, 64.875, 1.407309235653672e-21, nan 
114.375, 64.875, 1.6068462317362152e-21, nan 
114.625, 64.875, 7.684471052883259e-22, nan 
114.875, 64.875, 9.670634392026253e-22, nan 
115.125, 64.875, 1.3042216601312918e-21, nan 
115.375, 64.875, 2.701263078016857e-21, nan 
115.625, 64.875, 1.37532801240538e-21, nan 
115.875, 64.875, 1.5916570826065077e-21, nan 
116.125, 64.875, 2.3891344922796656e-21, nan 
116.375, 64.875, 1.8555615047149495e-21, nan 
116.625, 64.875, 1.43190935698917e-21, nan 
116.875, 64.875, 2.477566224169862e-21, nan 
117.125, 64.875, 1.3374241063731586e-21, nan 
117.375, 64.875, 1.3627186764570934e-21, nan 
117.625, 64.875, 1.6912260837231203e-21, nan 
117.875, 64.875, 7.486522898432739e-22, nan 
118.125, 64.875, 4.491315406352494e-22, nan 
118.375, 64.875, 7.626054398115953e-22, nan 
118.625, 64.875, 9.747306860680593e-22, nan 
118.875, 64.875, 8.029454978507747e-22, nan 
119.125, 64.875, 8.366342572901211e-22, nan 
119.375, 64.875, 6.879061506564723e-22, nan 
119.625, 64.875, 5.705288152910352e-22, nan 
119.875, 64.875, 3.7557673616852816e-22, nan 
120.125, 64.875, 3.4625315186822077e-22, nan 
120.375, 64.875, 3.0999750705408145e-22, nan 
120.625, 64.875, 3.465709934625201e-22, nan 
120.875, 64.875, 3.667559644929095e-22, nan 
121.125, 64.875, 2.298712794078932e-22, nan 
121.375, 64.875, 2.0926123224832744e-22, nan 
121.625, 64.875, 1.3720927125889604e-22, nan 
121.875, 64.875, 1.3078424871984626e-22, nan 
122.125, 64.875, 1.6950629830984338e-22, nan 
122.375, 64.875, 1.415029837162611e-22, nan 
122.625, 64.875, 9.077908119802402e-23, nan 
122.875, 64.875, 9.124736145892127e-23, nan 
123.125, 64.875, 1.31143941578715e-22, nan 
123.375, 64.875, 3.182688527851811e-22, nan 
123.625, 64.875, 4.078716482415966e-22, nan 
123.875, 64.875, 3.42622934881086e-22, nan 
124.125, 64.875, 4.0571882143541907e-22, nan 
124.375, 64.875, 4.011616697863341e-22, nan 
124.625, 64.875, 2.495000863361628e-22, nan 
124.875, 64.875, 1.1994076937258421e-22, nan 
125.125, 64.875, 1.805202992666758e-22, nan 
125.375, 64.875, 1.6790787006468834e-22, nan 
125.625, 64.875, 9.928808284501388e-23, nan 
125.875, 64.875, 1.0034336051226587e-22, nan 
126.125, 64.875, 9.204799973606677e-23, nan 
126.375, 64.875, 6.762246025336168e-23, nan 
126.625, 64.875, 7.384350625015445e-23, nan 
126.875, 64.875, 9.032779531875477e-23, nan 
127.125, 64.875, 6.551675485455791e-23, nan 
127.375, 64.875, 1.408883573526707e-22, nan 
127.625, 64.875, 2.265945641376576e-22, nan 
127.875, 64.875, 2.9932014332941007e-22, nan 
128.125, 64.875, 4.027629235404923e-22, nan 
128.375, 64.875, 3.808929896043344e-22, nan 
128.625, 64.875, 2.99109525395461e-22, nan 
128.875, 64.875, 1.6354775601804524e-22, nan 
129.125, 64.875, 1.9072680430266663e-22, nan 
129.375, 64.875, 1.2058262053930962e-22, nan 
129.625, 64.875, 6.165690062258355e-23, nan 
129.875, 64.875, 6.181940791778477e-23, nan 
130.125, 64.875, 5.137459638069811e-23, nan 
130.375, 64.875, 1.7394521089192793e-23, nan 
130.625, 64.875, 1.3247082549466875e-23, nan 
130.875, 64.875, 9.744788266321401e-23, nan 
131.125, 64.875, 9.656990999684877e-23, nan 
131.375, 64.875, 8.147826202255034e-23, nan 
131.625, 64.875, 9.84167040042957e-23, nan 
131.875, 64.875, 7.628919088129093e-23, nan 
132.125, 64.875, 6.37905465573253e-23, nan 
132.375, 64.875, 3.50006133853323e-23, nan 
132.625, 64.875, 2.6974316693175274e-23, nan 
132.875, 64.875, 3.071582072812444e-23, nan 
133.125, 64.875, 4.026461487077662e-23, nan 
133.375, 64.875, 4.762199550204706e-23, nan 
133.625, 64.875, 3.638534354837035e-23, nan 
133.875, 64.875, 3.872289089878042e-23, nan 
134.125, 64.875, 4.052084600526322e-23, nan 
134.375, 64.875, 3.318830939419438e-23, nan 
134.625, 64.875, 2.4382948833021417e-23, nan 
134.875, 64.875, 1.9852728839735946e-23, nan 
135.125, 64.875, 7.412894005843383e-24, nan 
135.375, 64.875, 2.772251238984903e-23, nan 
135.625, 64.875, 2.4074088103455617e-23, nan 
135.875, 64.875, 1.2940250467209112e-23, nan 
136.125, 64.875, 1.5066258920424865e-23, nan 
136.375, 64.875, 8.772703539142049e-24, nan 
136.625, 64.875, 9.623053276094519e-24, nan 
136.875, 64.875, 7.904744821097068e-24, nan 
137.125, 64.875, 1.1667944978358206e-23, nan 
137.375, 64.875, 1.0218154999056792e-23, nan 
137.625, 64.875, 1.42670428756822e-23, nan 
137.875, 64.875, 1.6046343253607888e-23, nan 
138.125, 64.875, 7.586874142213372e-24, nan 
138.375, 64.875, 6.269884505337416e-24, nan 
138.625, 64.875, 1.3504257328309508e-23, nan 
138.875, 64.875, 1.1550536754910548e-23, nan 
139.125, 64.875, 7.675265936299708e-24, nan 
139.375, 64.875, 1.2654935844144029e-23, nan 
139.625, 64.875, 1.6579490694582914e-23, nan 
139.875, 64.875, 9.536574679814143e-24, nan 
140.125, 64.875, 1.323527390043754e-23, nan 
140.375, 64.875, 1.261678022693968e-23, nan 
140.625, 64.875, 8.224828352770927e-24, nan 
140.875, 64.875, 6.3846452471695326e-24, nan 
141.125, 64.875, 2.1934942234119223e-23, nan 
141.375, 64.875, 8.64756911468518e-24, nan 
141.625, 64.875, 6.844755543261041e-24, nan 
141.875, 64.875, 7.258232632259616e-24, nan 
142.125, 64.875, 4.146200922850803e-24, nan 
142.375, 64.875, 2.6995528436436116e-24, nan 
142.625, 64.875, 8.06690887391538e-24, nan 
142.875, 64.875, 1.456185689250662e-23, nan 
143.125, 64.875, 2.707732436154192e-23, nan 
143.375, 64.875, 2.765955004439855e-23, nan 
143.625, 64.875, 1.4255062897215183e-23, nan 
143.875, 64.875, 4.221712695979874e-24, nan 
144.125, 64.875, 5.762195956877149e-24, nan 
144.375, 64.875, 9.60005241990553e-24, nan 
144.625, 64.875, 6.959462582330907e-24, nan 
144.875, 64.875, 1.1417176750021107e-23, nan 
145.125, 64.875, 1.3910579342124303e-23, nan 
145.375, 64.875, 5.375627899550368e-24, nan 
145.625, 64.875, 1.3267270613389305e-24, nan 
145.875, 64.875, 4.102225042601026e-24, nan 
146.125, 64.875, 6.893260183028537e-24, nan 
146.375, 64.875, 3.610387083103746e-24, nan 
146.625, 64.875, 2.9214812690807916e-24, nan 
146.875, 64.875, 7.059673148847296e-24, nan 
147.125, 64.875, 4.797386139911514e-24, nan 
147.375, 64.875, 3.8623643040180824e-24, nan 
147.625, 64.875, 7.914847202568463e-24, nan 
147.875, 64.875, 1.4583053397727102e-23, nan 
148.125, 64.875, 1.582102266621049e-23, nan 
148.375, 64.875, 1.0285178391917131e-23, nan 
148.625, 64.875, 1.3952087825206096e-23, nan 
148.875, 64.875, 1.9418835247492133e-23, nan 
149.125, 64.875, 1.9212989028548025e-23, nan 
149.375, 64.875, 1.266079251855682e-23, nan 
149.625, 64.875, 1.1350769623500482e-23, nan 
149.875, 64.875, 1.1285468223080442e-23, nan 
150.125, 64.875, 7.251338127159995e-24, nan 
150.375, 64.875, 4.734854794564395e-24, nan 
150.625, 64.875, 3.1732081707745022e-24, nan 
150.875, 64.875, 3.975696378032156e-24, nan 
151.125, 64.875, 2.9797044769860618e-24, nan 
151.375, 64.875, 2.1815746503017236e-24, nan 
151.625, 64.875, 1.5705381689181875e-24, nan 
151.875, 64.875, 3.815300439202005e-24, nan 
152.125, 64.875, 1.927709325137162e-24, nan 
152.375, 64.875, 2.9848206801141955e-24, nan 
152.625, 64.875, 3.083308808958047e-24, nan 
152.875, 64.875, 4.458081234584735e-24, nan 
153.125, 64.875, 4.99971752576569e-24, nan 
153.375, 64.875, 5.293617112364162e-24, nan 
153.625, 64.875, 5.747772415065756e-24, nan 
153.875, 64.875, 5.852578082422274e-24, nan 
154.125, 64.875, 8.066186916574634e-24, nan 
154.375, 64.875, 7.825947351653397e-24, nan 
154.625, 64.875, 8.867389325209598e-24, nan 
154.875, 64.875, 1.6277864017287308e-23, nan 
155.125, 64.875, 1.0720112158043715e-23, nan 
155.375, 64.875, 1.7852394879457744e-23, nan 
155.625, 64.875, 2.5831180536628014e-23, nan 
155.875, 64.875, 1.1079717191342436e-23, nan 
156.125, 64.875, 1.3481849557707716e-23, nan 
156.375, 64.875, 7.125919982059581e-24, nan 
156.625, 64.875, 8.176250917152617e-24, nan 
156.875, 64.875, 6.764743592949622e-24, nan 
157.125, 64.875, 4.275889739421632e-24, nan 
157.375, 64.875, 4.621484708114425e-24, nan 
157.625, 64.875, 6.883320523526995e-24, nan 
157.875, 64.875, 4.6464478733851835e-24, nan 
158.125, 64.875, 4.882360415395006e-24, nan 
158.375, 64.875, 4.002800247497609e-24, nan 
158.625, 64.875, 5.345781091442779e-24, nan 
158.875, 64.875, 4.378753336818355e-24, nan 
159.125, 64.875, 4.042857198089603e-24, nan 
159.375, 64.875, 3.522016110041325e-24, nan 
159.625, 64.875, 2.7107892840186872e-24, nan 
159.875, 64.875, 2.944846088474906e-24, nan 
160.125, 64.875, 2.0950211447273224e-24, nan 
160.375, 64.875, 2.4122345725597103e-24, nan 
160.625, 64.875, 2.044537482022775e-24, nan 
160.875, 64.875, 1.989582045259062e-24, nan 
161.125, 64.875, 1.8911152533608022e-24, nan 
161.375, 64.875, 1.6608153250330342e-24, nan 
161.625, 64.875, 9.75452202329135e-25, nan 
161.875, 64.875, 1.087833988854959e-24, nan 
162.125, 64.875, 1.2694981361029728e-24, nan 
162.375, 64.875, 1.3596783025276145e-24, nan 
162.625, 64.875, 5.717889544685813e-25, nan 
162.875, 64.875, 8.460711270066726e-25, nan 
163.125, 64.875, 1.08311656259771e-24, nan 
163.375, 64.875, 8.992880293772775e-25, nan 
163.625, 64.875, 1.0074991332836376e-24, nan 
163.875, 64.875, 5.786281501118155e-25, nan 
164.125, 64.875, 6.888023393466277e-25, nan 
164.375, 64.875, 1.7281415909675476e-24, nan 
164.625, 64.875, 2.7061676147100443e-24, nan 
164.875, 64.875, 2.6895902372489614e-24, nan 
165.125, 64.875, 3.1421749334054126e-24, nan 
165.375, 64.875, 3.2233432387681297e-24, nan 
165.625, 64.875, 3.054684710602716e-24, nan 
165.875, 64.875, 1.820910596436402e-24, nan 
166.125, 64.875, 1.9526842250379788e-24, nan 
166.375, 64.875, 2.2262158263176128e-24, nan 
166.625, 64.875, 2.0675423542005802e-24, nan 
166.875, 64.875, 1.9324891289204773e-24, nan 
35.625, 65.125, 1.6603191023678194e-24, nan 
35.875, 65.125, 1.4022198313742331e-24, nan 
36.125, 65.125, 1.3780963656539672e-24, nan 
36.375, 65.125, 1.3036624773562914e-24, nan 
36.625, 65.125, 1.929473712672524e-24, nan 
36.875, 65.125, 1.967781560706567e-24, nan 
37.125, 65.125, 2.5599965733507417e-24, nan 
37.375, 65.125, 2.0536523981324304e-24, nan 
37.625, 65.125, 7.872602822838202e-25, nan 
37.875, 65.125, 1.774139689692833e-24, nan 
38.125, 65.125, 1.2179081825684748e-24, nan 
38.375, 65.125, 1.2347406839160476e-24, nan 
38.625, 65.125, 3.015955757240371e-24, nan 
38.875, 65.125, 3.806130064961452e-24, nan 
39.125, 65.125, 1.7228977531910655e-24, nan 
39.375, 65.125, 3.2537658784871877e-24, nan 
39.625, 65.125, 1.6706615071103848e-24, nan 
39.875, 65.125, 3.028633843972366e-24, nan 
40.125, 65.125, 2.668443830774159e-24, nan 
40.375, 65.125, 1.0592504503222006e-24, nan 
40.625, 65.125, 8.65707340467255e-25, nan 
40.875, 65.125, 8.34628434458082e-25, nan 
41.125, 65.125, 3.321469495277108e-24, nan 
41.375, 65.125, 2.1806742263219988e-24, nan 
41.625, 65.125, 1.8646246695885298e-24, nan 
41.875, 65.125, 2.339083273806307e-24, nan 
42.125, 65.125, 3.0132015237448785e-24, nan 
42.375, 65.125, 1.967022269429337e-24, nan 
42.625, 65.125, 1.5694816302098329e-24, nan 
42.875, 65.125, 1.1458816538341115e-24, nan 
43.125, 65.125, 2.0722363498764772e-24, nan 
43.375, 65.125, 2.2943831358910134e-24, nan 
43.625, 65.125, 2.878559499090469e-24, nan 
43.875, 65.125, 1.6116469103864746e-24, nan 
44.125, 65.125, 2.1149583249826485e-24, nan 
44.375, 65.125, 2.4806342021756163e-24, nan 
44.625, 65.125, 1.0574664489334377e-24, nan 
44.875, 65.125, 1.3269783920115495e-24, nan 
45.125, 65.125, 1.9656307865775786e-24, nan 
45.375, 65.125, 2.1224439102952176e-24, nan 
45.625, 65.125, 1.6709507221198353e-24, nan 
45.875, 65.125, 1.743217985663992e-24, nan 
46.125, 65.125, 2.602355014664837e-24, nan 
46.375, 65.125, 3.450580013459441e-24, nan 
46.625, 65.125, 2.937635557188856e-24, nan 
46.875, 65.125, 2.493249779010046e-24, nan 
47.125, 65.125, 2.9905001563713186e-24, nan 
47.375, 65.125, 3.903599571038946e-24, nan 
47.625, 65.125, 4.670258214549275e-24, nan 
47.875, 65.125, 4.835892197404843e-24, nan 
48.125, 65.125, 4.694240620069174e-24, nan 
48.375, 65.125, 4.943381448719854e-24, nan 
48.625, 65.125, 5.096561092218544e-24, nan 
48.875, 65.125, 3.605084895839993e-24, nan 
49.125, 65.125, 3.3874583523271305e-24, nan 
49.375, 65.125, 4.353928994124632e-24, nan 
49.625, 65.125, 2.2440714292230167e-24, nan 
49.875, 65.125, 2.7584448925108714e-24, nan 
50.125, 65.125, 3.568891437099445e-24, nan 
50.375, 65.125, 2.710496145029473e-24, nan 
50.625, 65.125, 1.8605496054523273e-24, nan 
50.875, 65.125, 2.5170110662045178e-24, nan 
51.125, 65.125, 4.022870261705715e-24, nan 
51.375, 65.125, 5.514631630166905e-24, nan 
51.625, 65.125, 4.292727987859677e-24, nan 
51.875, 65.125, 3.3269780406503006e-24, nan 
52.125, 65.125, 1.0978547202152987e-23, nan 
52.375, 65.125, 1.190344176421052e-23, nan 
52.625, 65.125, 6.3373476901053734e-24, nan 
52.875, 65.125, 1.0714432979357918e-23, nan 
53.125, 65.125, 1.1050179901663427e-23, nan 
53.375, 65.125, 6.729970495614013e-24, nan 
53.625, 65.125, 4.0248846147566054e-24, nan 
53.875, 65.125, 5.715187140193968e-24, nan 
54.125, 65.125, 6.4404680099138065e-24, nan 
54.375, 65.125, 4.7808442653575116e-24, nan 
54.625, 65.125, 4.687953331234368e-24, nan 
54.875, 65.125, 5.2364051990701806e-24, nan 
55.125, 65.125, 6.194854328957041e-24, nan 
55.375, 65.125, 9.706683030451392e-24, nan 
55.625, 65.125, 7.201037391065223e-24, nan 
55.875, 65.125, 9.601566202902137e-24, nan 
56.125, 65.125, 1.0070508729305528e-23, nan 
56.375, 65.125, 8.193677602036039e-24, nan 
56.625, 65.125, 1.2974243226136089e-23, nan 
56.875, 65.125, 1.4551612234143237e-23, nan 
57.125, 65.125, 1.3507097092732257e-23, nan 
57.375, 65.125, 9.905975598769094e-24, nan 
57.625, 65.125, 1.2492103865150127e-23, nan 
57.875, 65.125, 1.2980419045163872e-23, nan 
58.125, 65.125, 1.0077267181471643e-23, nan 
58.375, 65.125, 8.6620722468319e-24, nan 
58.625, 65.125, 8.169430437243635e-24, nan 
58.875, 65.125, 9.174735508855038e-24, nan 
59.125, 65.125, 6.794327160233827e-24, nan 
59.375, 65.125, 7.10833386044994e-24, nan 
59.625, 65.125, 9.40890941448556e-24, nan 
59.875, 65.125, 8.27391446004803e-24, nan 
60.125, 65.125, 8.707378074137991e-24, nan 
60.375, 65.125, 8.298413693396941e-24, nan 
60.625, 65.125, 7.306202239119549e-24, nan 
60.875, 65.125, 1.4067775143015477e-23, nan 
61.125, 65.125, 7.696089552683245e-24, nan 
61.375, 65.125, 1.0889143470704679e-23, nan 
61.625, 65.125, 2.4190482232932598e-23, nan 
61.875, 65.125, 2.4233136138669707e-23, nan 
62.125, 65.125, 2.3771962117605885e-23, nan 
62.375, 65.125, 2.4000008662294898e-23, nan 
62.625, 65.125, 1.8278713746659636e-23, nan 
62.875, 65.125, 1.7072493812272255e-23, nan 
63.125, 65.125, 3.567949403190607e-23, nan 
63.375, 65.125, 2.1037721056263126e-23, nan 
63.625, 65.125, 1.9367427981809133e-23, nan 
63.875, 65.125, 8.611000996479378e-23, nan 
64.125, 65.125, 6.4634870476171e-23, nan 
64.375, 65.125, 2.022826109498665e-23, nan 
64.625, 65.125, 3.871416639936138e-23, nan 
64.875, 65.125, 2.648972692464023e-23, nan 
65.125, 65.125, 9.329669100228327e-24, nan 
65.375, 65.125, 1.3869421585346786e-23, nan 
65.625, 65.125, 2.020372896148157e-23, nan 
65.875, 65.125, 2.0353700114711048e-23, nan 
66.125, 65.125, 2.78854943234195e-23, nan 
66.375, 65.125, 5.0305061182197805e-23, nan 
66.625, 65.125, 4.198083532669632e-23, nan 
66.875, 65.125, 3.961870209406959e-23, nan 
67.125, 65.125, 5.109960034459248e-23, nan 
67.375, 65.125, 6.223594647034781e-23, nan 
67.625, 65.125, 6.599530372948556e-23, nan 
67.875, 65.125, 5.789646987628671e-23, nan 
68.125, 65.125, 5.584648412786609e-23, nan 
68.375, 65.125, 3.009115466425416e-23, nan 
68.625, 65.125, 3.393716435141803e-23, nan 
68.875, 65.125, 3.3293281454963583e-23, nan 
69.125, 65.125, 4.081645267565039e-23, nan 
69.375, 65.125, 5.477922158742324e-23, nan 
69.625, 65.125, 6.883130754009376e-23, nan 
69.875, 65.125, 6.482489695745878e-23, nan 
70.125, 65.125, 5.99650262935423e-23, nan 
70.375, 65.125, 9.47428156115918e-23, nan 
70.625, 65.125, 6.928542970904574e-23, nan 
70.875, 65.125, 1.052646938067652e-22, nan 
71.125, 65.125, 1.1353172331806621e-22, nan 
71.375, 65.125, 1.0528814161180584e-22, nan 
71.625, 65.125, 5.579779349129321e-23, nan 
71.875, 65.125, 6.526580215766317e-23, nan 
72.125, 65.125, 6.967071380584052e-23, nan 
72.375, 65.125, 5.1580331664758063e-23, nan 
72.625, 65.125, 5.871986634900791e-23, nan 
72.875, 65.125, 4.245853622320809e-23, nan 
73.125, 65.125, 3.7799087362044034e-23, nan 
73.375, 65.125, 2.3417695974699912e-23, nan 
73.625, 65.125, 6.554755162793639e-23, nan 
73.875, 65.125, 5.763423995067862e-23, nan 
74.125, 65.125, 5.0168747356981945e-23, nan 
74.375, 65.125, 9.470825137220125e-23, nan 
74.625, 65.125, 6.828561287929009e-23, nan 
74.875, 65.125, 9.881486176868477e-23, nan 
75.125, 65.125, 1.4369756666908392e-22, nan 
75.375, 65.125, 1.4105755958113674e-22, nan 
75.625, 65.125, 1.4932544387000234e-22, nan 
75.875, 65.125, 1.7149758338817272e-22, nan 
76.125, 65.125, 1.359249896062325e-22, nan 
76.375, 65.125, 5.786996739378828e-23, nan 
76.625, 65.125, 1.7572919880627403e-22, nan 
76.875, 65.125, 3.544126217623725e-22, nan 
77.125, 65.125, 1.6306888016586288e-22, nan 
77.375, 65.125, 7.871459811530396e-23, nan 
77.625, 65.125, 6.030901928723692e-23, nan 
77.875, 65.125, 2.080110065909208e-23, nan 
78.125, 65.125, 4.326873876764279e-23, nan 
78.375, 65.125, 6.309172895581732e-23, nan 
78.625, 65.125, 1.8617825994167077e-22, nan 
78.875, 65.125, 4.057895981094495e-22, nan 
79.125, 65.125, 4.671323462344151e-22, nan 
79.375, 65.125, 3.4931906625217913e-22, nan 
79.625, 65.125, 2.5104967815465957e-22, nan 
79.875, 65.125, 3.423140013863334e-22, nan 
80.125, 65.125, 4.828304614431683e-22, nan 
80.375, 65.125, 1.485208061086294e-22, nan 
80.625, 65.125, 2.537237206982106e-22, nan 
80.875, 65.125, 2.75478083718765e-22, nan 
81.125, 65.125, 1.6292489785278045e-22, nan 
81.375, 65.125, 3.185197582618937e-22, nan 
81.625, 65.125, 1.6998447037446017e-22, nan 
81.875, 65.125, 6.277942210764178e-23, nan 
82.125, 65.125, 1.419086573297234e-22, nan 
82.375, 65.125, 1.6491567738010476e-22, nan 
82.625, 65.125, 4.139587629666233e-22, nan 
82.875, 65.125, 4.688351910778507e-22, nan 
83.125, 65.125, 1.1086797539077996e-21, nan 
83.375, 65.125, 1.4104361852169765e-21, nan 
83.625, 65.125, 1.4125843719386066e-21, nan 
83.875, 65.125, 2.4379675759221856e-21, nan 
84.125, 65.125, 2.193983958096516e-21, nan 
84.375, 65.125, 1.7378305423411935e-21, nan 
84.625, 65.125, 1.680073524856675e-21, nan 
84.875, 65.125, 1.335036818450258e-21, nan 
85.125, 65.125, 6.564966830213295e-22, nan 
85.375, 65.125, 1.2414132580903043e-21, nan 
85.625, 65.125, 8.602827686079237e-22, nan 
85.875, 65.125, 8.485117645501674e-22, nan 
86.125, 65.125, 5.715713774214309e-22, nan 
86.375, 65.125, 9.726631413642176e-22, nan 
86.625, 65.125, 1.0752993494801943e-21, nan 
86.875, 65.125, 9.583769153088596e-22, nan 
87.125, 65.125, 1.5569441061941921e-21, nan 
87.375, 65.125, 1.9299412271345944e-21, nan 
87.625, 65.125, 2.0472715554212297e-21, nan 
87.875, 65.125, 2.4508495377335577e-21, nan 
88.125, 65.125, 2.7487917275782013e-21, nan 
88.375, 65.125, 2.8053460313957414e-21, nan 
88.625, 65.125, 2.7418366277961215e-21, nan 
88.875, 65.125, 1.506160980992269e-21, nan 
89.125, 65.125, 1.2505803056325337e-21, nan 
89.375, 65.125, 3.1103992624078195e-21, nan 
89.625, 65.125, 1.4719525152869013e-21, nan 
89.875, 65.125, 1.5603655880334243e-21, nan 
90.125, 65.125, 2.1734856974291977e-21, nan 
90.375, 65.125, 1.4522330447132171e-21, nan 
90.625, 65.125, 4.248782114395152e-21, nan 
90.875, 65.125, 6.014075717375275e-21, nan 
91.125, 65.125, 1.1683547446044737e-20, nan 
91.375, 65.125, 9.14573646995463e-21, nan 
91.625, 65.125, 1.1527759646420897e-20, nan 
91.875, 65.125, 1.6692025136518817e-20, nan 
92.125, 65.125, 1.6266305925201943e-20, nan 
92.375, 65.125, 1.7402951569793288e-20, nan 
92.625, 65.125, 1.7951185147209857e-20, nan 
92.875, 65.125, 1.9483564591606093e-20, nan 
93.125, 65.125, 2.0198546896013137e-20, nan 
93.375, 65.125, 2.0833831505656306e-20, nan 
93.625, 65.125, 1.6958940499058636e-20, nan 
93.875, 65.125, 1.5870640187334094e-20, nan 
94.125, 65.125, 1.3759509334437058e-20, nan 
94.375, 65.125, 1.704427939644714e-20, nan 
94.625, 65.125, 1.9461362047601638e-20, nan 
94.875, 65.125, 1.6950187821242896e-20, nan 
95.125, 65.125, 1.2819569064903227e-20, nan 
95.375, 65.125, 2.656711618195469e-20, nan 
95.625, 65.125, 2.726425528018544e-20, nan 
95.875, 65.125, 2.2595235604818116e-20, nan 
96.125, 65.125, 3.201923447485358e-20, nan 
96.375, 65.125, 4.8861038936484707e-20, nan 
96.625, 65.125, 7.048163017609972e-20, nan 
96.875, 65.125, 9.349257587002153e-20, nan 
97.125, 65.125, 1.0446931684502681e-19, nan 
97.375, 65.125, 1.1236898263330704e-19, nan 
97.625, 65.125, 9.15489154402527e-20, nan 
97.875, 65.125, 5.657200721030858e-20, nan 
98.125, 65.125, 1.0180802473880951e-19, nan 
98.375, 65.125, 1.0017494618977004e-19, nan 
98.625, 65.125, 9.077501470364337e-20, nan 
98.875, 65.125, 8.300703924953995e-20, nan 
99.125, 65.125, 1.421664687429346e-19, nan 
99.375, 65.125, 6.396343897290157e-20, nan 
99.625, 65.125, 5.463146455013378e-20, nan 
99.875, 65.125, 7.751920276105614e-20, nan 
100.125, 65.125, 4.764573809297355e-20, nan 
100.375, 65.125, 3.579118063477285e-20, nan 
100.625, 65.125, 1.1133677733474362e-19, nan 
100.875, 65.125, 5.664254917631689e-20, nan 
101.125, 65.125, 8.230722376408715e-20, nan 
101.375, 65.125, 1.7460623590858625e-19, nan 
101.625, 65.125, 6.478771933528633e-20, nan 
101.875, 65.125, 3.805222388857418e-20, nan 
102.125, 65.125, 1.1469083821378387e-19, nan 
102.375, 65.125, 1.1081682571697925e-19, nan 
102.625, 65.125, 7.48155803548899e-20, nan 
102.875, 65.125, 5.976440535231391e-20, nan 
103.125, 65.125, 7.239212268909006e-20, nan 
103.375, 65.125, 9.752575229940508e-20, nan 
103.625, 65.125, 7.955496821778872e-20, nan 
103.875, 65.125, 9.795494231800741e-20, nan 
104.125, 65.125, 7.39176518934441e-20, nan 
104.375, 65.125, 9.754558136398493e-20, nan 
104.625, 65.125, 7.212618425266989e-20, nan 
104.875, 65.125, 5.144582963378613e-20, nan 
105.125, 65.125, 6.279112523274285e-20, nan 
105.375, 65.125, 4.326077823579482e-20, nan 
105.625, 65.125, 2.759845959102853e-20, nan 
105.875, 65.125, 1.1894523932773642e-20, nan 
106.125, 65.125, 8.632678285810237e-21, nan 
106.375, 65.125, 1.0139627330710075e-20, nan 
106.625, 65.125, 1.7805342767616133e-20, nan 
106.875, 65.125, 1.0658230773879763e-20, nan 
107.125, 65.125, 5.880572224801288e-21, nan 
107.375, 65.125, 8.680069288139732e-21, nan 
107.625, 65.125, 8.506394406922841e-21, nan 
107.875, 65.125, 2.2312548999989307e-20, nan 
108.125, 65.125, 1.999180018118874e-20, nan 
108.375, 65.125, 1.2166417393835465e-20, nan 
108.625, 65.125, 2.3840806697709042e-20, nan 
108.875, 65.125, 2.089720328849257e-20, nan 
109.125, 65.125, 1.395822037432892e-20, nan 
109.375, 65.125, 1.058728782525955e-20, nan 
109.625, 65.125, 1.391658259294133e-20, nan 
109.875, 65.125, 1.1155879842168544e-20, nan 
110.125, 65.125, 7.416293880582242e-21, nan 
110.375, 65.125, 7.816754157963764e-21, nan 
110.625, 65.125, 7.497074503394429e-21, nan 
110.875, 65.125, 6.4743043555675125e-21, nan 
111.125, 65.125, 3.147706191273149e-21, nan 
111.375, 65.125, 3.499127759882687e-21, nan 
111.625, 65.125, 4.102110480517031e-21, nan 
111.875, 65.125, 4.1571554941628345e-21, nan 
112.125, 65.125, 6.788184185326676e-21, nan 
112.375, 65.125, 2.0135699236478438e-21, nan 
112.625, 65.125, 5.91379922392466e-21, nan 
112.875, 65.125, 1.0096088475370928e-20, nan 
113.125, 65.125, 2.7351068805691e-21, nan 
113.375, 65.125, 2.1467783759607227e-21, nan 
113.625, 65.125, 2.7119365201246484e-21, nan 
113.875, 65.125, 9.438933501822047e-22, nan 
114.125, 65.125, 1.2431867970367288e-21, nan 
114.375, 65.125, 1.3100957876651035e-21, nan 
114.625, 65.125, 2.542510945607821e-21, nan 
114.875, 65.125, 1.737868230093682e-21, nan 
115.125, 65.125, 2.31306048671435e-21, nan 
115.375, 65.125, 2.81135475551422e-21, nan 
115.625, 65.125, 2.0840797257673e-21, nan 
115.875, 65.125, 2.7138533498565714e-21, nan 
116.125, 65.125, 1.1809103034315635e-21, nan 
116.375, 65.125, 1.800677311658857e-21, nan 
116.625, 65.125, 2.152046576049131e-21, nan 
116.875, 65.125, 1.528387897776163e-21, nan 
117.125, 65.125, 1.0328625457530717e-21, nan 
117.375, 65.125, 1.0474493092147064e-21, nan 
117.625, 65.125, 1.3397980875189105e-21, nan 
117.875, 65.125, 1.4513210238352955e-21, nan 
118.125, 65.125, 1.2814065806138244e-21, nan 
118.375, 65.125, 1.0583276830788322e-21, nan 
118.625, 65.125, 1.0941353218485103e-21, nan 
118.875, 65.125, 1.047797166594536e-21, nan 
119.125, 65.125, 7.130307836520122e-22, nan 
119.375, 65.125, 3.454113154114461e-22, nan 
119.625, 65.125, 3.80780593599167e-22, nan 
119.875, 65.125, 3.563250157779366e-22, nan 
120.125, 65.125, 2.9642317089737185e-22, nan 
120.375, 65.125, 1.8837778448388136e-22, nan 
120.625, 65.125, 1.3470160220446494e-22, nan 
120.875, 65.125, 4.805837594513167e-22, nan 
121.125, 65.125, 4.314385981473674e-22, nan 
121.375, 65.125, 1.428418105450753e-22, nan 
121.625, 65.125, 1.242357536228541e-22, nan 
121.875, 65.125, 1.8554529958519763e-22, nan 
122.125, 65.125, 1.9100686969031166e-22, nan 
122.375, 65.125, 9.540653378239874e-23, nan 
122.625, 65.125, 9.507896176908796e-23, nan 
122.875, 65.125, 2.9335546886241246e-22, nan 
123.125, 65.125, 4.721607946604494e-22, nan 
123.375, 65.125, 4.566623848656239e-22, nan 
123.625, 65.125, 3.9517428362982506e-22, nan 
123.875, 65.125, 3.3710091248519875e-22, nan 
124.125, 65.125, 1.8592607559466563e-22, nan 
124.375, 65.125, 1.639561418057325e-22, nan 
124.625, 65.125, 2.1289771639725072e-22, nan 
124.875, 65.125, 1.0580445835908435e-22, nan 
125.125, 65.125, 7.840670648887153e-23, nan 
125.375, 65.125, 1.1133277008014393e-22, nan 
125.625, 65.125, 7.479805934500181e-23, nan 
125.875, 65.125, 8.491010602882964e-23, nan 
126.125, 65.125, 5.0839349200243847e-23, nan 
126.375, 65.125, 5.793471267020272e-23, nan 
126.625, 65.125, 8.556257303252136e-23, nan 
126.875, 65.125, 1.785473697950028e-22, nan 
127.125, 65.125, 3.966507841395978e-22, nan 
127.375, 65.125, 4.831402150335731e-22, nan 
127.625, 65.125, 4.6270573692800735e-22, nan 
127.875, 65.125, 5.0387234433730825e-22, nan 
128.125, 65.125, 1.1878250750383626e-21, nan 
128.375, 65.125, 1.201198024165886e-21, nan 
128.625, 65.125, 6.398402232544137e-22, nan 
128.875, 65.125, 5.788574630069098e-22, nan 
129.125, 65.125, 3.0648055478999893e-22, nan 
129.375, 65.125, 2.398152348562115e-22, nan 
129.625, 65.125, 1.4981660077779213e-22, nan 
129.875, 65.125, 1.589661080128128e-22, nan 
130.125, 65.125, 1.1652102939701664e-22, nan 
130.375, 65.125, 5.939783815479144e-23, nan 
130.625, 65.125, 6.74470499866804e-23, nan 
130.875, 65.125, 6.397080494530001e-23, nan 
131.125, 65.125, 7.916934589369324e-23, nan 
131.375, 65.125, 8.242106709879924e-23, nan 
131.625, 65.125, 4.36180851861708e-23, nan 
131.875, 65.125, 4.1265674247300265e-23, nan 
132.125, 65.125, 4.8090475639361986e-23, nan 
132.375, 65.125, 4.139583060324414e-23, nan 
132.625, 65.125, 2.33943931702529e-23, nan 
132.875, 65.125, 1.6030374320048503e-23, nan 
133.125, 65.125, 3.2523314094277095e-23, nan 
133.375, 65.125, 5.925723906817935e-23, nan 
133.625, 65.125, 4.0422835517730237e-23, nan 
133.875, 65.125, 3.1279430137250015e-23, nan 
134.125, 65.125, 4.523812885818595e-23, nan 
134.375, 65.125, 2.912811692213472e-23, nan 
134.625, 65.125, 1.6126989486679862e-23, nan 
134.875, 65.125, 8.427315497385861e-24, nan 
135.125, 65.125, 1.0832836070387513e-23, nan 
135.375, 65.125, 9.704538873257646e-24, nan 
135.625, 65.125, 1.0939122731116658e-23, nan 
135.875, 65.125, 9.065337474419596e-24, nan 
136.125, 65.125, 8.168969240530459e-24, nan 
136.375, 65.125, 1.2465175258516094e-23, nan 
136.625, 65.125, 1.16024236913163e-23, nan 
136.875, 65.125, 1.0044984277997466e-23, nan 
137.125, 65.125, 1.0624507813376182e-23, nan 
137.375, 65.125, 1.3116263606282739e-23, nan 
137.625, 65.125, 1.1038864081046285e-23, nan 
137.875, 65.125, 9.089211563168094e-24, nan 
138.125, 65.125, 8.000089373294592e-24, nan 
138.375, 65.125, 1.0839280331467329e-23, nan 
138.625, 65.125, 1.7065780236370878e-23, nan 
138.875, 65.125, 1.5437272472268748e-23, nan 
139.125, 65.125, 1.578703189800603e-23, nan 
139.375, 65.125, 1.0960132972413406e-23, nan 
139.625, 65.125, 1.036789439908475e-23, nan 
139.875, 65.125, 7.14947171705398e-24, nan 
140.125, 65.125, 8.067206463652537e-24, nan 
140.375, 65.125, 2.3047195920345023e-23, nan 
140.625, 65.125, 1.5719027222449488e-23, nan 
140.875, 65.125, 1.2528604994660704e-23, nan 
141.125, 65.125, 4.1294936436046424e-23, nan 
141.375, 65.125, 1.7728554016981173e-23, nan 
141.625, 65.125, 1.2775056970023895e-23, nan 
141.875, 65.125, 2.208465482123391e-23, nan 
142.125, 65.125, 1.8258826532557412e-23, nan 
142.375, 65.125, 2.6274609198830103e-23, nan 
142.625, 65.125, 1.8998703318270032e-23, nan 
142.875, 65.125, 2.2155648676616422e-23, nan 
143.125, 65.125, 5.037491021786873e-23, nan 
143.375, 65.125, 4.466551837301913e-23, nan 
143.625, 65.125, 1.9260634755984807e-23, nan 
143.875, 65.125, 2.416487980390725e-23, nan 
144.125, 65.125, 2.2434812899713771e-23, nan 
144.375, 65.125, 1.0609626761584884e-23, nan 
144.625, 65.125, 2.961078482599172e-24, nan 
144.875, 65.125, 5.034413368868082e-24, nan 
145.125, 65.125, 6.424172956059884e-24, nan 
145.375, 65.125, 6.109054581097925e-24, nan 
145.625, 65.125, 3.6836209545472084e-24, nan 
145.875, 65.125, 8.235040256127059e-24, nan 
146.125, 65.125, 7.141447220814872e-24, nan 
146.375, 65.125, 2.1415127802735762e-24, nan 
146.625, 65.125, 6.138625458307102e-24, nan 
146.875, 65.125, 5.41850803374962e-24, nan 
147.125, 65.125, 4.2842572629236434e-24, nan 
147.375, 65.125, 4.580510322351682e-24, nan 
147.625, 65.125, 1.3172155105728803e-23, nan 
147.875, 65.125, 1.0520072506077227e-23, nan 
148.125, 65.125, 1.0910563726896184e-23, nan 
148.375, 65.125, 1.4323615085600369e-23, nan 
148.625, 65.125, 1.4090842562027484e-23, nan 
148.875, 65.125, 1.4421714771361817e-23, nan 
149.125, 65.125, 1.4150981985027286e-23, nan 
149.375, 65.125, 1.0742937480653554e-23, nan 
149.625, 65.125, 1.0066629156779094e-23, nan 
149.875, 65.125, 6.839279372249607e-24, nan 
150.125, 65.125, 3.7586364844383255e-24, nan 
150.375, 65.125, 1.0404794733600271e-24, nan 
150.625, 65.125, 2.300912485787749e-24, nan 
150.875, 65.125, 2.89955741897219e-24, nan 
151.125, 65.125, 2.822499030747885e-24, nan 
151.375, 65.125, 3.938041736279261e-24, nan 
151.625, 65.125, 5.067802278732855e-24, nan 
151.875, 65.125, 5.993474970935061e-24, nan 
152.125, 65.125, 9.248300447326818e-24, nan 
152.375, 65.125, 1.0003868649358417e-23, nan 
152.625, 65.125, 1.0958624719650953e-23, nan 
152.875, 65.125, 4.7669533037911e-24, nan 
153.125, 65.125, 5.437937916224851e-24, nan 
153.375, 65.125, 6.701514801504974e-24, nan 
153.625, 65.125, 6.3506506442162244e-24, nan 
153.875, 65.125, 6.4940819777385206e-24, nan 
154.125, 65.125, 7.162535915286921e-24, nan 
154.375, 65.125, 8.209972300964818e-24, nan 
154.625, 65.125, 8.710294596723643e-24, nan 
154.875, 65.125, 8.076940539618062e-24, nan 
155.125, 65.125, 8.768825214727209e-24, nan 
155.375, 65.125, 1.2273641523355785e-23, nan 
155.625, 65.125, 1.68365540297326e-23, nan 
155.875, 65.125, 1.0067864374278428e-23, nan 
156.125, 65.125, 8.211502858413401e-24, nan 
156.375, 65.125, 4.9263591087477735e-24, nan 
156.625, 65.125, 6.080012883550898e-24, nan 
156.875, 65.125, 3.367666877283701e-24, nan 
157.125, 65.125, 3.2009723244875965e-24, nan 
157.375, 65.125, 4.980996822277151e-24, nan 
157.625, 65.125, 5.896265760754889e-24, nan 
157.875, 65.125, 3.4298539253812306e-24, nan 
158.125, 65.125, 4.888867701231375e-24, nan 
158.375, 65.125, 6.988654128227363e-24, nan 
158.625, 65.125, 3.666139206792076e-24, nan 
158.875, 65.125, 4.390650522416132e-24, nan 
159.125, 65.125, 3.628400859642146e-24, nan 
159.375, 65.125, 2.654595656336705e-24, nan 
159.625, 65.125, 4.218099579543215e-24, nan 
159.875, 65.125, 3.7326659396413995e-24, nan 
160.125, 65.125, 2.6975725789012845e-24, nan 
160.375, 65.125, 2.868574311227506e-24, nan 
160.625, 65.125, 2.5070447482322914e-24, nan 
160.875, 65.125, 1.6237415305389182e-24, nan 
161.125, 65.125, 5.702536264502767e-25, nan 
161.375, 65.125, 8.777355175568726e-25, nan 
161.625, 65.125, 1.0434253118995507e-24, nan 
161.875, 65.125, 1.5771587538224491e-24, nan 
162.125, 65.125, 1.5093272721186067e-24, nan 
162.375, 65.125, 1.5295839349410491e-24, nan 
162.625, 65.125, 1.7853814133133543e-24, nan 
162.875, 65.125, 9.56768430162908e-25, nan 
163.125, 65.125, 7.015328267220499e-25, nan 
163.375, 65.125, 9.355727343497785e-25, nan 
163.625, 65.125, 1.7351506454469466e-25, nan 
163.875, 65.125, 6.052264057898839e-25, nan 
164.125, 65.125, 9.993632993561308e-25, nan 
164.375, 65.125, 1.0358298743515365e-24, nan 
164.625, 65.125, 2.267072723767002e-24, nan 
164.875, 65.125, 2.8560449293905484e-24, nan 
165.125, 65.125, 2.9160764929303297e-24, nan 
165.375, 65.125, 2.551601361213386e-24, nan 
165.625, 65.125, 2.9032597426988336e-24, nan 
165.875, 65.125, 2.4177763266432187e-24, nan 
166.125, 65.125, 1.1108487165393308e-24, nan 
166.375, 65.125, 1.2467055103991054e-24, nan 
166.625, 65.125, 1.4178493639138251e-24, nan 
166.875, 65.125, 1.9902543324992247e-24, nan 
167.125, 65.125, 3.1175051494740572e-24, nan 
35.125, 65.375, 1.045523646131813e-24, nan 
35.375, 65.375, 9.695366987375768e-25, nan 
35.625, 65.375, 9.692254491474988e-25, nan 
35.875, 65.375, 9.048475373389966e-25, nan 
36.125, 65.375, 1.4413540683187172e-24, nan 
36.375, 65.375, 6.223402528210994e-25, nan 
36.625, 65.375, 1.439541618584477e-24, nan 
36.875, 65.375, 2.0376407422191634e-24, nan 
37.125, 65.375, 1.2677059086724556e-24, nan 
37.375, 65.375, 2.3181142843255144e-24, nan 
37.625, 65.375, 2.6686502111384028e-24, nan 
37.875, 65.375, 2.3699436878546957e-24, nan 
38.125, 65.375, 2.759559968695246e-24, nan 
38.375, 65.375, 1.8499782224500234e-24, nan 
38.625, 65.375, 2.6117966105570456e-24, nan 
38.875, 65.375, 4.4478715152302075e-24, nan 
39.125, 65.375, 2.371128277190461e-24, nan 
39.375, 65.375, 2.5099065617748394e-24, nan 
39.625, 65.375, 1.953174330504008e-24, nan 
39.875, 65.375, 1.9950833294149785e-24, nan 
40.125, 65.375, 2.6484519188645262e-24, nan 
40.375, 65.375, 3.0870919814005635e-24, nan 
40.625, 65.375, 3.271761552853021e-24, nan 
40.875, 65.375, 1.6231418572844386e-24, nan 
41.125, 65.375, 3.974462898061975e-24, nan 
41.375, 65.375, 2.3620398610978085e-24, nan 
41.625, 65.375, 2.718380640593334e-24, nan 
41.875, 65.375, 2.9665238994081515e-24, nan 
42.125, 65.375, 3.956075018638855e-24, nan 
42.375, 65.375, 2.9918265778250726e-24, nan 
42.625, 65.375, 1.9238808366534842e-24, nan 
42.875, 65.375, 2.598994965344679e-24, nan 
43.125, 65.375, 2.5324809085618756e-24, nan 
43.375, 65.375, 2.211439942115152e-24, nan 
43.625, 65.375, 2.251098868806202e-24, nan 
43.875, 65.375, 1.167913759345982e-24, nan 
44.125, 65.375, 1.1093524156789102e-24, nan 
44.375, 65.375, 1.1518110628346376e-24, nan 
44.625, 65.375, 1.0879094922702028e-24, nan 
44.875, 65.375, 1.2764329811459049e-24, nan 
45.125, 65.375, 1.6649414618114934e-24, nan 
45.375, 65.375, 1.768585947077683e-24, nan 
45.625, 65.375, 7.703532771950554e-25, nan 
45.875, 65.375, 1.3596153705655149e-24, nan 
46.125, 65.375, 2.446967759418717e-24, nan 
46.375, 65.375, 2.9091130748806305e-24, nan 
46.625, 65.375, 2.275080760604977e-24, nan 
46.875, 65.375, 4.256602854101758e-24, nan 
47.125, 65.375, 3.842312032256576e-24, nan 
47.375, 65.375, 3.485628803606278e-24, nan 
47.625, 65.375, 5.3509281650305586e-24, nan 
47.875, 65.375, 4.241041330258458e-24, nan 
48.125, 65.375, 4.677109730564949e-24, nan 
48.375, 65.375, 4.237864655858217e-24, nan 
48.625, 65.375, 5.115212721197154e-24, nan 
48.875, 65.375, 3.934708599017362e-24, nan 
49.125, 65.375, 5.0429423925480945e-24, nan 
49.375, 65.375, 4.7801189087327865e-24, nan 
49.625, 65.375, 2.325148729826889e-24, nan 
49.875, 65.375, 4.248142550740554e-24, nan 
50.125, 65.375, 4.412294921112881e-24, nan 
50.375, 65.375, 3.3423408278793266e-24, nan 
50.625, 65.375, 1.726605783396705e-24, nan 
50.875, 65.375, 1.7957745483877686e-24, nan 
51.125, 65.375, 5.34772917706114e-24, nan 
51.375, 65.375, 6.949232651110313e-24, nan 
51.625, 65.375, 5.2071543057188234e-24, nan 
51.875, 65.375, 3.9633597220397966e-24, nan 
52.125, 65.375, 1.1627247217427562e-23, nan 
52.375, 65.375, 1.2886071037658086e-23, nan 
52.625, 65.375, 7.460668642343626e-24, nan 
52.875, 65.375, 1.1852158293597854e-23, nan 
53.125, 65.375, 1.2725004630773307e-23, nan 
53.375, 65.375, 6.996342420660225e-24, nan 
53.625, 65.375, 2.9042239950221687e-24, nan 
53.875, 65.375, 6.3583921733278954e-24, nan 
54.125, 65.375, 1.0197456786650709e-23, nan 
54.375, 65.375, 9.742256700524311e-24, nan 
54.625, 65.375, 7.45807732205215e-24, nan 
54.875, 65.375, 1.5099289084496118e-23, nan 
55.125, 65.375, 1.4250717708543933e-23, nan 
55.375, 65.375, 7.613611832056815e-24, nan 
55.625, 65.375, 6.2770039774823965e-24, nan 
55.875, 65.375, 7.676673518394317e-24, nan 
56.125, 65.375, 6.643104800216082e-24, nan 
56.375, 65.375, 6.258466613728722e-24, nan 
56.625, 65.375, 9.490678372161105e-24, nan 
56.875, 65.375, 1.1041693535748108e-23, nan 
57.125, 65.375, 1.2573003284908772e-23, nan 
57.375, 65.375, 5.797797825216444e-24, nan 
57.625, 65.375, 9.428771488829044e-24, nan 
57.875, 65.375, 1.2346622081777287e-23, nan 
58.125, 65.375, 7.43707776027554e-24, nan 
58.375, 65.375, 1.3953821569470012e-23, nan 
58.625, 65.375, 6.448032868322591e-24, nan 
58.875, 65.375, 7.221314501609615e-24, nan 
59.125, 65.375, 7.120148769780486e-24, nan 
59.375, 65.375, 1.0784579169780388e-23, nan 
59.625, 65.375, 1.0344329290974412e-23, nan 
59.875, 65.375, 6.401239682434152e-24, nan 
60.125, 65.375, 7.376513520748185e-24, nan 
60.375, 65.375, 4.145937677756387e-24, nan 
60.625, 65.375, 5.395896079672385e-24, nan 
60.875, 65.375, 1.1139629831069334e-23, nan 
61.125, 65.375, 7.783700138274755e-24, nan 
61.375, 65.375, 6.366609784567445e-24, nan 
61.625, 65.375, 7.39948513556587e-24, nan 
61.875, 65.375, 1.2967771443612342e-23, nan 
62.125, 65.375, 1.3370942396088044e-23, nan 
62.375, 65.375, 1.163430174935885e-23, nan 
62.625, 65.375, 2.0509282451969497e-23, nan 
62.875, 65.375, 1.630143132573977e-23, nan 
63.125, 65.375, 2.1537395179177543e-23, nan 
63.375, 65.375, 3.71989234895474e-23, nan 
63.625, 65.375, 4.1376040683915965e-23, nan 
63.875, 65.375, 7.893685702561939e-23, nan 
64.125, 65.375, 7.512992358154232e-23, nan 
64.375, 65.375, 5.443894499760136e-23, nan 
64.625, 65.375, 5.144222354734836e-23, nan 
64.875, 65.375, 3.2354320051755e-23, nan 
65.125, 65.375, 1.0446955180074436e-23, nan 
65.375, 65.375, 2.358172462738221e-23, nan 
65.625, 65.375, 1.334115168248267e-23, nan 
65.875, 65.375, 1.9408672352518062e-23, nan 
66.125, 65.375, 2.4284523324869524e-23, nan 
66.375, 65.375, 2.828789229892911e-23, nan 
66.625, 65.375, 3.3367615390167093e-23, nan 
66.875, 65.375, 4.7486740158796047e-23, nan 
67.125, 65.375, 4.095645964192287e-23, nan 
67.375, 65.375, 4.2471418468864535e-23, nan 
67.625, 65.375, 4.0503474795481815e-23, nan 
67.875, 65.375, 4.6577152481005956e-23, nan 
68.125, 65.375, 3.964644945175135e-23, nan 
68.375, 65.375, 3.1996015547092865e-23, nan 
68.625, 65.375, 6.851883921406836e-23, nan 
68.875, 65.375, 3.6434591249739605e-23, nan 
69.125, 65.375, 3.83816041995047e-23, nan 
69.375, 65.375, 4.5827796506326577e-23, nan 
69.625, 65.375, 5.0842769767822867e-23, nan 
69.875, 65.375, 5.282863264593016e-23, nan 
70.125, 65.375, 5.539360397774165e-23, nan 
70.375, 65.375, 9.072684298752389e-23, nan 
70.625, 65.375, 9.559797022979482e-23, nan 
70.875, 65.375, 6.781483642668013e-23, nan 
71.125, 65.375, 1.1074980575244785e-22, nan 
71.375, 65.375, 1.2531301924427277e-22, nan 
71.625, 65.375, 7.956842180457518e-23, nan 
71.875, 65.375, 6.576483493476111e-23, nan 
72.125, 65.375, 1.4451906235649591e-22, nan 
72.375, 65.375, 1.1077720141450393e-22, nan 
72.625, 65.375, 7.446455853994462e-23, nan 
72.875, 65.375, 5.322310210187112e-23, nan 
73.125, 65.375, 6.13952312214259e-23, nan 
73.375, 65.375, 7.660087701476286e-23, nan 
73.625, 65.375, 7.3399033177777e-23, nan 
73.875, 65.375, 7.980942903767944e-23, nan 
74.125, 65.375, 9.620375269184256e-23, nan 
74.375, 65.375, 1.4152047326968192e-22, nan 
74.625, 65.375, 1.0909503581269412e-22, nan 
74.875, 65.375, 1.517634842005586e-23, nan 
75.125, 65.375, 1.1753080419907658e-22, nan 
75.375, 65.375, 1.6403108144883291e-22, nan 
75.625, 65.375, 1.6923732549018387e-22, nan 
75.875, 65.375, 2.312519379418791e-22, nan 
76.125, 65.375, 2.8708760346014643e-22, nan 
76.375, 65.375, 1.6842191223672554e-22, nan 
76.625, 65.375, 2.9975878491233374e-22, nan 
76.875, 65.375, 5.457642224370034e-22, nan 
77.125, 65.375, 2.678255965425282e-22, nan 
77.375, 65.375, 3.5565630299636875e-22, nan 
77.625, 65.375, 3.9474672506967214e-22, nan 
77.875, 65.375, 2.1418440562153495e-22, nan 
78.125, 65.375, 8.321805524365358e-23, nan 
78.375, 65.375, 8.99309395535556e-23, nan 
78.625, 65.375, 1.0239694339528804e-22, nan 
78.875, 65.375, 1.1297274970872888e-22, nan 
79.125, 65.375, 1.3625527429598887e-22, nan 
79.375, 65.375, 2.2251840271332982e-22, nan 
79.625, 65.375, 2.295605344131403e-22, nan 
79.875, 65.375, 2.8017193413247856e-22, nan 
80.125, 65.375, 3.168895547674959e-22, nan 
80.375, 65.375, 1.6375999365386924e-22, nan 
80.625, 65.375, 1.6839859746394644e-22, nan 
80.875, 65.375, 1.3950933016153065e-22, nan 
81.125, 65.375, 1.7328612359836743e-22, nan 
81.375, 65.375, 1.8528314045726372e-22, nan 
81.625, 65.375, 2.1896216308460686e-22, nan 
81.875, 65.375, 2.757335366715839e-22, nan 
82.125, 65.375, 2.852862955133203e-22, nan 
82.375, 65.375, 2.224823425740309e-22, nan 
82.625, 65.375, 5.461254049163159e-22, nan 
82.875, 65.375, 6.532154488372685e-22, nan 
83.125, 65.375, 4.594818657788072e-22, nan 
83.375, 65.375, 4.1623462351682035e-22, nan 
83.625, 65.375, 6.191690271239119e-22, nan 
83.875, 65.375, 1.6907037667292644e-21, nan 
84.125, 65.375, 1.5606585704698636e-21, nan 
84.375, 65.375, 3.0199748417284656e-22, nan 
84.625, 65.375, 2.031337997960267e-22, nan 
84.875, 65.375, 4.83037035066606e-22, nan 
85.125, 65.375, 5.544503451372289e-22, nan 
85.375, 65.375, 1.1026052150770904e-21, nan 
85.625, 65.375, 8.808075245454996e-22, nan 
85.875, 65.375, 9.124127880982049e-22, nan 
86.125, 65.375, 8.706189326460038e-22, nan 
86.375, 65.375, 1.1407032454619043e-21, nan 
86.625, 65.375, 6.571291017974846e-22, nan 
86.875, 65.375, 1.8253718683881877e-21, nan 
87.125, 65.375, 3.088843641489203e-21, nan 
87.375, 65.375, 2.0825034582936774e-21, nan 
87.625, 65.375, 1.572375572141998e-21, nan 
87.875, 65.375, 2.689635587809428e-21, nan 
88.125, 65.375, 2.730023537310525e-21, nan 
88.375, 65.375, 3.1358454594979638e-21, nan 
88.625, 65.375, 3.2002881546547814e-21, nan 
88.875, 65.375, 2.6464141826923127e-21, nan 
89.125, 65.375, 1.424874532450066e-21, nan 
89.375, 65.375, 1.3695691169449297e-21, nan 
89.625, 65.375, 8.644472976467651e-22, nan 
89.875, 65.375, 1.3079519749416472e-21, nan 
90.125, 65.375, 2.2235892361575912e-21, nan 
90.375, 65.375, 1.696118151161577e-21, nan 
90.625, 65.375, 2.5045812419378324e-21, nan 
90.875, 65.375, 3.1509476883580075e-21, nan 
91.125, 65.375, 3.3716616154831123e-21, nan 
91.375, 65.375, 7.007105608659476e-21, nan 
91.625, 65.375, 1.319724414680855e-20, nan 
91.875, 65.375, 1.407975386665144e-20, nan 
92.125, 65.375, 1.0633062653343882e-20, nan 
92.375, 65.375, 1.1693157401099449e-20, nan 
92.625, 65.375, 1.4525477610908887e-20, nan 
92.875, 65.375, 1.7788570135735747e-20, nan 
93.125, 65.375, 1.5983921468165032e-20, nan 
93.375, 65.375, 2.0926071073828976e-20, nan 
93.625, 65.375, 1.8062422094331986e-20, nan 
93.875, 65.375, 1.720034528858931e-20, nan 
94.125, 65.375, 1.8419579021689822e-20, nan 
94.375, 65.375, 1.5817738357939277e-20, nan 
94.625, 65.375, 2.35859225443929e-20, nan 
94.875, 65.375, 2.5517990316503125e-20, nan 
95.125, 65.375, 2.0593078817365716e-20, nan 
95.375, 65.375, 4.103200295341151e-20, nan 
95.625, 65.375, 6.078603152502836e-20, nan 
95.875, 65.375, 7.908416080447245e-20, nan 
96.125, 65.375, 6.503677439448848e-20, nan 
96.375, 65.375, 6.236331030915773e-20, nan 
96.625, 65.375, 8.11816982590423e-20, nan 
96.875, 65.375, 7.732724813407095e-20, nan 
97.125, 65.375, 6.251305269877817e-20, nan 
97.375, 65.375, 4.552163522189394e-20, nan 
97.625, 65.375, 2.6378513891282407e-20, nan 
97.875, 65.375, 4.880690579001992e-20, nan 
98.125, 65.375, 1.2367173857301146e-19, nan 
98.375, 65.375, 1.0606650868493751e-19, nan 
98.625, 65.375, 6.645756124848376e-20, nan 
98.875, 65.375, 4.4765737461617984e-20, nan 
99.125, 65.375, 9.458169003256788e-20, nan 
99.375, 65.375, 9.387646618434981e-20, nan 
99.625, 65.375, 5.652683948334206e-20, nan 
99.875, 65.375, 9.614144163788857e-20, nan 
100.125, 65.375, 7.471657345817947e-20, nan 
100.375, 65.375, 9.831525398521287e-20, nan 
100.625, 65.375, 8.109663144072077e-20, nan 
100.875, 65.375, 1.095397179928831e-19, nan 
101.125, 65.375, 6.895068675197945e-20, nan 
101.375, 65.375, 1.0623089967137908e-19, nan 
101.625, 65.375, 6.130502947297045e-20, nan 
101.875, 65.375, 6.212257663366551e-20, nan 
102.125, 65.375, 8.540528192966491e-20, nan 
102.375, 65.375, 6.948356270845823e-20, nan 
102.625, 65.375, 5.361238400037394e-20, nan 
102.875, 65.375, 5.469994746913555e-20, nan 
103.125, 65.375, 7.873555490818288e-20, nan 
103.375, 65.375, 9.263845767427749e-20, nan 
103.625, 65.375, 7.605679466601262e-20, nan 
103.875, 65.375, 9.922223322385697e-20, nan 
104.125, 65.375, 7.948291922417469e-20, nan 
104.375, 65.375, 7.34660304473639e-20, nan 
104.625, 65.375, 3.159447402666841e-20, nan 
104.875, 65.375, 2.9325330574872283e-20, nan 
105.125, 65.375, 5.530413211480449e-20, nan 
105.375, 65.375, 4.9097304962704233e-20, nan 
105.625, 65.375, 3.18260569669603e-20, nan 
105.875, 65.375, 3.892854574624825e-20, nan 
106.125, 65.375, 4.665974284717321e-20, nan 
106.375, 65.375, 2.4566253303194736e-20, nan 
106.625, 65.375, 2.13777834970909e-20, nan 
106.875, 65.375, 2.0565955332837494e-20, nan 
107.125, 65.375, 9.501122120378736e-21, nan 
107.375, 65.375, 4.311778964021608e-21, nan 
107.625, 65.375, 1.3046882843844817e-20, nan 
107.875, 65.375, 2.993083198653125e-20, nan 
108.125, 65.375, 3.397826043071293e-20, nan 
108.375, 65.375, 2.2863585358621747e-20, nan 
108.625, 65.375, 2.4538083283371552e-20, nan 
108.875, 65.375, 3.439267111400642e-20, nan 
109.125, 65.375, 1.376397715740501e-20, nan 
109.375, 65.375, 1.12533573968364e-20, nan 
109.625, 65.375, 1.75989556358337e-20, nan 
109.875, 65.375, 9.492121454349955e-21, nan 
110.125, 65.375, 5.00550988392706e-21, nan 
110.375, 65.375, 7.09765081776646e-21, nan 
110.625, 65.375, 6.2217045767452944e-21, nan 
110.875, 65.375, 4.3994600400332435e-21, nan 
111.125, 65.375, 4.604281431551153e-21, nan 
111.375, 65.375, 7.529977648343054e-21, nan 
111.625, 65.375, 4.299745016549914e-21, nan 
111.875, 65.375, 2.971610540682196e-21, nan 
112.125, 65.375, 1.5742777688702822e-21, nan 
112.375, 65.375, 2.620354465263067e-21, nan 
112.625, 65.375, 4.301800829258321e-21, nan 
112.875, 65.375, 6.730223299244575e-21, nan 
113.125, 65.375, 4.64197331465044e-21, nan 
113.375, 65.375, 2.022858910089575e-21, nan 
113.625, 65.375, 1.182202840510792e-21, nan 
113.875, 65.375, 2.6359702896293443e-21, nan 
114.125, 65.375, 2.6781766980563482e-21, nan 
114.375, 65.375, 2.518925940182263e-21, nan 
114.625, 65.375, 2.978844313191207e-21, nan 
114.875, 65.375, 3.1538775939157928e-21, nan 
115.125, 65.375, 3.761653369909994e-21, nan 
115.375, 65.375, 2.7091686721345468e-21, nan 
115.625, 65.375, 2.2898227849082205e-21, nan 
115.875, 65.375, 2.0767742367295984e-21, nan 
116.125, 65.375, 1.3727336823715743e-21, nan 
116.375, 65.375, 1.5524129985816834e-21, nan 
116.625, 65.375, 1.963455263817961e-21, nan 
116.875, 65.375, 1.932641042826314e-21, nan 
117.125, 65.375, 1.8618847550889925e-21, nan 
117.375, 65.375, 1.636455441957878e-21, nan 
117.625, 65.375, 2.8272369671954158e-21, nan 
117.875, 65.375, 3.8124756445296214e-21, nan 
118.125, 65.375, 1.5241317004521892e-21, nan 
118.375, 65.375, 1.8097031811257543e-21, nan 
118.625, 65.375, 1.957357831208932e-21, nan 
118.875, 65.375, 4.635216502902407e-22, nan 
119.125, 65.375, 3.966542144868e-22, nan 
119.375, 65.375, 1.9545760008604431e-22, nan 
119.625, 65.375, 2.892849019058589e-22, nan 
119.875, 65.375, 3.1946524575871983e-22, nan 
120.125, 65.375, 4.870706507070826e-22, nan 
120.375, 65.375, 7.062964865406872e-22, nan 
120.625, 65.375, 6.035649814432159e-22, nan 
120.875, 65.375, 6.958486549558707e-22, nan 
121.125, 65.375, 6.534573435055912e-22, nan 
121.375, 65.375, 3.3429609202537325e-22, nan 
121.625, 65.375, 3.4520771673937457e-22, nan 
121.875, 65.375, 3.110130933499715e-22, nan 
122.125, 65.375, 1.9389077412683973e-22, nan 
122.375, 65.375, 4.090340985629794e-22, nan 
122.625, 65.375, 7.182465845929394e-22, nan 
122.875, 65.375, 5.640869989896824e-22, nan 
123.125, 65.375, 5.406864963713118e-22, nan 
123.375, 65.375, 5.697825431890536e-22, nan 
123.625, 65.375, 3.645371142420527e-22, nan 
123.875, 65.375, 2.256111916170057e-22, nan 
124.125, 65.375, 1.8640726391823686e-22, nan 
124.375, 65.375, 2.282390183921547e-22, nan 
124.625, 65.375, 1.880500723074144e-22, nan 
124.875, 65.375, 1.2072697883935842e-22, nan 
125.125, 65.375, 7.430992482779575e-23, nan 
125.375, 65.375, 1.4027123207948219e-22, nan 
125.625, 65.375, 1.1875532865649186e-22, nan 
125.875, 65.375, 1.3239623440426695e-22, nan 
126.125, 65.375, 6.796758012364693e-23, nan 
126.375, 65.375, 2.444784354188609e-22, nan 
126.625, 65.375, 2.8377542037460815e-22, nan 
126.875, 65.375, 4.407964982918299e-22, nan 
127.125, 65.375, 5.099517935134976e-22, nan 
127.375, 65.375, 7.187289320715753e-22, nan 
127.625, 65.375, 9.856581967303049e-22, nan 
127.875, 65.375, 8.068435541198082e-22, nan 
128.125, 65.375, 1.85425185064995e-21, nan 
128.375, 65.375, 1.703086561344243e-21, nan 
128.625, 65.375, 9.817731824290628e-22, nan 
128.875, 65.375, 1.188049970399165e-21, nan 
129.125, 65.375, 6.206463080738723e-22, nan 
129.375, 65.375, 2.18965771623137e-22, nan 
129.625, 65.375, 4.582893292793444e-22, nan 
129.875, 65.375, 1.6440182990694576e-22, nan 
130.125, 65.375, 1.0247084439239802e-22, nan 
130.375, 65.375, 9.542810210498093e-23, nan 
130.625, 65.375, 5.913018248827143e-23, nan 
130.875, 65.375, 4.7463879770274024e-23, nan 
131.125, 65.375, 7.724669406663599e-23, nan 
131.375, 65.375, 5.155233474298586e-23, nan 
131.625, 65.375, 2.860374524441295e-23, nan 
131.875, 65.375, 5.395158135459869e-23, nan 
132.125, 65.375, 8.427681210193171e-23, nan 
132.375, 65.375, 6.375666020485318e-23, nan 
132.625, 65.375, 3.245372594802173e-23, nan 
132.875, 65.375, 4.168148359979076e-23, nan 
133.125, 65.375, 4.0105606370907696e-23, nan 
133.375, 65.375, 4.353378116150671e-23, nan 
133.625, 65.375, 4.140986985484238e-23, nan 
133.875, 65.375, 3.5813606739829187e-23, nan 
134.125, 65.375, 2.845289605755556e-23, nan 
134.375, 65.375, 1.5790358425715762e-23, nan 
134.625, 65.375, 2.01058861336655e-23, nan 
134.875, 65.375, 6.75777456804088e-24, nan 
135.125, 65.375, 2.0605547577306268e-23, nan 
135.375, 65.375, 6.883693540219476e-24, nan 
135.625, 65.375, 7.092579161704467e-24, nan 
135.875, 65.375, 1.2680852653712826e-23, nan 
136.125, 65.375, 1.156181848300977e-23, nan 
136.375, 65.375, 1.6368385927676193e-23, nan 
136.625, 65.375, 1.2475622459902481e-23, nan 
136.875, 65.375, 1.2723704262050063e-23, nan 
137.125, 65.375, 1.54688553539005e-23, nan 
137.375, 65.375, 1.7421741437760358e-23, nan 
137.625, 65.375, 1.863337531377484e-23, nan 
137.875, 65.375, 1.1613984539412361e-23, nan 
138.125, 65.375, 1.857824028096358e-23, nan 
138.375, 65.375, 2.790692417457851e-23, nan 
138.625, 65.375, 4.3354764910288244e-23, nan 
138.875, 65.375, 4.8089734644096443e-23, nan 
139.125, 65.375, 4.476418458887359e-23, nan 
139.375, 65.375, 2.8199199971584875e-23, nan 
139.625, 65.375, 8.524357434200557e-24, nan 
139.875, 65.375, 1.2456943265462069e-23, nan 
140.125, 65.375, 9.909197114664417e-24, nan 
140.375, 65.375, 9.610806918174551e-24, nan 
140.625, 65.375, 1.2000163049110796e-23, nan 
140.875, 65.375, 9.292547294286323e-24, nan 
141.125, 65.375, 2.0615664967111732e-23, nan 
141.375, 65.375, 9.107800442164697e-24, nan 
141.625, 65.375, 7.840235577552757e-24, nan 
141.875, 65.375, 1.1277928563922242e-23, nan 
142.125, 65.375, 7.974192805067444e-24, nan 
142.375, 65.375, 1.4962455980834554e-23, nan 
142.625, 65.375, 1.5928315704761335e-23, nan 
142.875, 65.375, 1.2363148543142033e-23, nan 
143.125, 65.375, 2.733453559031285e-23, nan 
143.375, 65.375, 2.4775730890830286e-23, nan 
143.625, 65.375, 1.332477749098887e-23, nan 
143.875, 65.375, 6.5189193083295116e-24, nan 
144.125, 65.375, 6.686757273065206e-24, nan 
144.375, 65.375, 6.365129786651992e-24, nan 
144.625, 65.375, 4.18999668891425e-24, nan 
144.875, 65.375, 5.49915436379341e-24, nan 
145.125, 65.375, 7.936593439097096e-24, nan 
145.375, 65.375, 7.1451913203811e-24, nan 
145.625, 65.375, 6.6080365834579184e-24, nan 
145.875, 65.375, 7.659136788169823e-24, nan 
146.125, 65.375, 6.4135175603602215e-24, nan 
146.375, 65.375, 5.374569283985233e-24, nan 
146.625, 65.375, 5.684710574501721e-24, nan 
146.875, 65.375, 4.0956579344708405e-24, nan 
147.125, 65.375, 2.7254405459512706e-24, nan 
147.375, 65.375, 1.0260361749294876e-23, nan 
147.625, 65.375, 8.561506766472016e-24, nan 
147.875, 65.375, 4.990549320386698e-24, nan 
148.125, 65.375, 1.1368719764639809e-23, nan 
148.375, 65.375, 1.0586505731584474e-23, nan 
148.625, 65.375, 1.0623414106726716e-23, nan 
148.875, 65.375, 1.1874343299997003e-23, nan 
149.125, 65.375, 6.365985050003277e-24, nan 
149.375, 65.375, 6.252927676075731e-24, nan 
149.625, 65.375, 7.830301873912522e-24, nan 
149.875, 65.375, 2.82168236588061e-24, nan 
150.125, 65.375, 2.9281006863573323e-24, nan 
150.375, 65.375, 1.790457316489251e-24, nan 
150.625, 65.375, 2.3664205353947604e-24, nan 
150.875, 65.375, 2.0741801903691303e-24, nan 
151.125, 65.375, 2.349695153631438e-24, nan 
151.375, 65.375, 7.686092734447938e-24, nan 
151.625, 65.375, 1.1882175358484442e-23, nan 
151.875, 65.375, 1.325648820312618e-23, nan 
152.125, 65.375, 1.2175630351120169e-23, nan 
152.375, 65.375, 1.4044472854375004e-23, nan 
152.625, 65.375, 1.628553850725979e-23, nan 
152.875, 65.375, 1.1905464650076512e-23, nan 
153.125, 65.375, 7.89930770935894e-24, nan 
153.375, 65.375, 8.669375904958294e-24, nan 
153.625, 65.375, 3.466260666902466e-24, nan 
153.875, 65.375, 3.958447431089103e-24, nan 
154.125, 65.375, 4.8520394977510014e-24, nan 
154.375, 65.375, 6.531803851654702e-24, nan 
154.625, 65.375, 8.029333435115838e-24, nan 
154.875, 65.375, 7.457162018507301e-24, nan 
155.125, 65.375, 7.457199231732834e-24, nan 
155.375, 65.375, 7.346677463262834e-24, nan 
155.625, 65.375, 7.715205073578333e-24, nan 
155.875, 65.375, 8.382072163525945e-24, nan 
156.125, 65.375, 4.895647982903237e-24, nan 
156.375, 65.375, 2.1627549961788278e-24, nan 
156.625, 65.375, 3.9567782257300485e-24, nan 
156.875, 65.375, 3.5033159746812374e-24, nan 
157.125, 65.375, 3.988458509824585e-24, nan 
157.375, 65.375, 5.15447554122863e-24, nan 
157.625, 65.375, 3.234472381227668e-24, nan 
157.875, 65.375, 3.582095507251095e-24, nan 
158.125, 65.375, 6.005070829150816e-24, nan 
158.375, 65.375, 5.8086125815166404e-24, nan 
158.625, 65.375, 2.9102341466084087e-24, nan 
158.875, 65.375, 5.339625633101734e-24, nan 
159.125, 65.375, 3.892205599086142e-24, nan 
159.375, 65.375, 2.7676778590404263e-24, nan 
159.625, 65.375, 4.5508497244559925e-24, nan 
159.875, 65.375, 4.2791397036511816e-24, nan 
160.125, 65.375, 2.823907909924771e-24, nan 
160.375, 65.375, 2.5869655549741212e-24, nan 
160.625, 65.375, 1.683244258836362e-24, nan 
160.875, 65.375, 1.4359868248741253e-24, nan 
161.125, 65.375, 9.878417132264323e-25, nan 
161.375, 65.375, 8.061135576909332e-25, nan 
161.625, 65.375, 9.923482709329924e-25, nan 
161.875, 65.375, 1.1173338965231262e-24, nan 
162.125, 65.375, 1.3748209293294094e-24, nan 
162.375, 65.375, 1.206839578881184e-24, nan 
162.625, 65.375, 1.7966078036202478e-24, nan 
162.875, 65.375, 1.0079716933216478e-24, nan 
163.125, 65.375, 7.684387142886446e-25, nan 
163.375, 65.375, 7.726629225623063e-25, nan 
163.625, 65.375, 9.836312811853206e-25, nan 
163.875, 65.375, 4.908574222437298e-25, nan 
164.125, 65.375, 1.0122315913950304e-24, nan 
164.375, 65.375, 1.4567259728149312e-24, nan 
164.625, 65.375, 2.306776683109361e-24, nan 
164.875, 65.375, 2.6846913556937155e-24, nan 
165.125, 65.375, 1.731761203466282e-24, nan 
165.375, 65.375, 2.7465226722494312e-24, nan 
165.625, 65.375, 3.819348543860919e-24, nan 
165.875, 65.375, 2.139697426377692e-24, nan 
166.125, 65.375, 2.256531376485561e-24, nan 
166.375, 65.375, 3.0036719538167696e-24, nan 
166.625, 65.375, 1.2207309654692433e-24, nan 
166.875, 65.375, 3.714793540641273e-24, nan 
167.125, 65.375, 5.821424858725285e-24, nan 
167.375, 65.375, 1.911417710929256e-24, nan 
167.625, 65.375, 2.0887717619359847e-24, nan 
34.875, 65.625, 1.0646401064221369e-24, nan 
35.125, 65.625, 8.902918756316523e-25, nan 
35.375, 65.625, 6.276910844976459e-25, nan 
35.625, 65.625, 1.297022148481534e-24, nan 
35.875, 65.625, 3.7702342576843254e-25, nan 
36.125, 65.625, 7.45367066775339e-25, nan 
36.375, 65.625, 1.3217021369476834e-24, nan 
36.625, 65.625, 1.6735533128092663e-24, nan 
36.875, 65.625, 2.1606905868493882e-24, nan 
37.125, 65.625, 2.086128526544264e-24, nan 
37.375, 65.625, 2.2947041639747104e-24, nan 
37.625, 65.625, 2.8179226810574144e-24, nan 
37.875, 65.625, 3.235949175133826e-24, nan 
38.125, 65.625, 2.817068054752424e-24, nan 
38.375, 65.625, 1.5193918067707982e-24, nan 
38.625, 65.625, 1.0931872798935849e-24, nan 
38.875, 65.625, 2.1472649556104392e-24, nan 
39.125, 65.625, 2.777040102171596e-24, nan 
39.375, 65.625, 5.0589222365922686e-24, nan 
39.625, 65.625, 6.093286859996025e-24, nan 
39.875, 65.625, 3.786942375748877e-24, nan 
40.125, 65.625, 6.327142854673209e-24, nan 
40.375, 65.625, 4.455035043222799e-24, nan 
40.625, 65.625, 4.028820291636472e-24, nan 
40.875, 65.625, 1.805282169648494e-24, nan 
41.125, 65.625, 2.1125114042324672e-24, nan 
41.375, 65.625, 2.07567316347914e-24, nan 
41.625, 65.625, 3.2635491137541935e-24, nan 
41.875, 65.625, 1.6218425255829135e-24, nan 
42.125, 65.625, 1.9762512507502345e-24, nan 
42.375, 65.625, 2.6474818007041222e-24, nan 
42.625, 65.625, 1.3549432768904207e-24, nan 
42.875, 65.625, 1.7373232173760908e-24, nan 
43.125, 65.625, 2.0716977853437076e-24, nan 
43.375, 65.625, 2.00770667991163e-24, nan 
43.625, 65.625, 2.0051634496524273e-24, nan 
43.875, 65.625, 1.929032378853819e-24, nan 
44.125, 65.625, 1.6686428668835284e-24, nan 
44.375, 65.625, 1.512009614586706e-24, nan 
44.625, 65.625, 2.8832881103773677e-24, nan 
44.875, 65.625, 1.0241726076203804e-24, nan 
45.125, 65.625, 1.2425646348188823e-24, nan 
45.375, 65.625, 3.291388495240245e-24, nan 
45.625, 65.625, 1.2029728288443611e-24, nan 
45.875, 65.625, 1.3004488138348034e-24, nan 
46.125, 65.625, 2.6931907250122148e-24, nan 
46.375, 65.625, 2.554176647689284e-24, nan 
46.625, 65.625, 1.8285551857294486e-24, nan 
46.875, 65.625, 2.5803001450039556e-24, nan 
47.125, 65.625, 2.755056748468318e-24, nan 
47.375, 65.625, 3.0085196500429864e-24, nan 
47.625, 65.625, 4.9137059987344706e-24, nan 
47.875, 65.625, 4.023458968635704e-24, nan 
48.125, 65.625, 4.389666349736769e-24, nan 
48.375, 65.625, 4.736606845113704e-24, nan 
48.625, 65.625, 5.4432299227471596e-24, nan 
48.875, 65.625, 4.424541790618092e-24, nan 
49.125, 65.625, 5.0435962981794395e-24, nan 
49.375, 65.625, 6.068263733566904e-24, nan 
49.625, 65.625, 2.7016217364053575e-24, nan 
49.875, 65.625, 5.516305345839015e-24, nan 
50.125, 65.625, 6.214533610067523e-24, nan 
50.375, 65.625, 3.881461763690856e-24, nan 
50.625, 65.625, 4.9443752424710054e-24, nan 
50.875, 65.625, 3.2938329781596312e-24, nan 
51.125, 65.625, 2.7878764003330315e-24, nan 
51.375, 65.625, 2.5625149300605212e-24, nan 
51.625, 65.625, 2.378163043722024e-24, nan 
51.875, 65.625, 2.3706578858844293e-24, nan 
52.125, 65.625, 4.887962527764936e-24, nan 
52.375, 65.625, 7.989199894864833e-24, nan 
52.625, 65.625, 8.518435799006e-24, nan 
52.875, 65.625, 1.0810538936945524e-23, nan 
53.125, 65.625, 1.1692065903126941e-23, nan 
53.375, 65.625, 1.0702536352812726e-23, nan 
53.625, 65.625, 1.0052435773360183e-23, nan 
53.875, 65.625, 7.544315576233004e-24, nan 
54.125, 65.625, 7.071985237207578e-24, nan 
54.375, 65.625, 6.4231480456764425e-24, nan 
54.625, 65.625, 7.594382535671372e-24, nan 
54.875, 65.625, 1.1417561075234649e-23, nan 
55.125, 65.625, 9.817086749693502e-24, nan 
55.375, 65.625, 7.069507311864752e-24, nan 
55.625, 65.625, 3.9183557900246216e-24, nan 
55.875, 65.625, 3.1259450503390314e-24, nan 
56.125, 65.625, 2.9494467711716573e-24, nan 
56.375, 65.625, 4.726674360285142e-24, nan 
56.625, 65.625, 6.21882365563693e-24, nan 
56.875, 65.625, 7.65531394818744e-24, nan 
57.125, 65.625, 9.607156344466217e-24, nan 
57.375, 65.625, 1.2917728907561578e-23, nan 
57.625, 65.625, 1.6439516174995228e-23, nan 
57.875, 65.625, 7.385998998509e-24, nan 
58.125, 65.625, 1.2401270279809139e-23, nan 
58.375, 65.625, 1.830477271613806e-23, nan 
58.625, 65.625, 6.382834764648609e-24, nan 
58.875, 65.625, 4.958381206829974e-24, nan 
59.125, 65.625, 7.346459926726266e-24, nan 
59.375, 65.625, 1.2934834791051043e-23, nan 
59.625, 65.625, 1.316364610891861e-23, nan 
59.875, 65.625, 1.3093228825096632e-23, nan 
60.125, 65.625, 1.620940519538143e-23, nan 
60.375, 65.625, 1.2479493110132218e-23, nan 
60.625, 65.625, 1.7963635988614094e-24, nan 
60.875, 65.625, 4.357061641845046e-24, nan 
61.125, 65.625, 9.15625144885813e-24, nan 
61.375, 65.625, 6.4806017100349394e-24, nan 
61.625, 65.625, 7.269271632046266e-24, nan 
61.875, 65.625, 6.451961660616461e-24, nan 
62.125, 65.625, 1.0708170302538926e-23, nan 
62.375, 65.625, 1.0765108680653457e-23, nan 
62.625, 65.625, 1.0018005100039299e-23, nan 
62.875, 65.625, 2.290110073260884e-23, nan 
63.125, 65.625, 3.4165987802504405e-23, nan 
63.375, 65.625, 4.1193350028312427e-23, nan 
63.625, 65.625, 4.547522884664359e-23, nan 
63.875, 65.625, 5.380075146453461e-23, nan 
64.125, 65.625, 6.54638994149255e-23, nan 
64.375, 65.625, 7.400168598271169e-23, nan 
64.625, 65.625, 6.763358010432097e-23, nan 
64.875, 65.625, 5.252152585336067e-23, nan 
65.125, 65.625, 5.773909230772759e-23, nan 
65.375, 65.625, 5.169611841839078e-23, nan 
65.625, 65.625, 2.4818954404072885e-23, nan 
65.875, 65.625, 2.5902322732935205e-23, nan 
66.125, 65.625, 5.416517688155372e-23, nan 
66.375, 65.625, 5.436525816650812e-23, nan 
66.625, 65.625, 5.876047617140671e-23, nan 
66.875, 65.625, 1.0766204406881928e-22, nan 
67.125, 65.625, 4.79043698570085e-23, nan 
67.375, 65.625, 3.359283618334062e-23, nan 
67.625, 65.625, 5.460050548050944e-23, nan 
67.875, 65.625, 3.251150558983023e-23, nan 
68.125, 65.625, 6.849865784968494e-23, nan 
68.375, 65.625, 5.586060751736048e-23, nan 
68.625, 65.625, 4.6661673105655673e-23, nan 
68.875, 65.625, 4.380263002291332e-23, nan 
69.125, 65.625, 5.1540051591892917e-23, nan 
69.375, 65.625, 3.564303530403258e-23, nan 
69.625, 65.625, 2.848298134414625e-23, nan 
69.875, 65.625, 4.567409959047212e-23, nan 
70.125, 65.625, 5.079371617800987e-23, nan 
70.375, 65.625, 6.384052498778689e-23, nan 
70.625, 65.625, 8.933247442667309e-23, nan 
70.875, 65.625, 6.470000981275605e-23, nan 
71.125, 65.625, 7.812733256676175e-23, nan 
71.375, 65.625, 7.281084721629549e-23, nan 
71.625, 65.625, 8.556499994930734e-23, nan 
71.875, 65.625, 1.2482640623609455e-22, nan 
72.125, 65.625, 1.4670898224503084e-22, nan 
72.375, 65.625, 1.2902126183446256e-22, nan 
72.625, 65.625, 1.4860949622220978e-22, nan 
72.875, 65.625, 6.600252978763367e-23, nan 
73.125, 65.625, 7.105802032397451e-23, nan 
73.375, 65.625, 1.2911080335367041e-22, nan 
73.625, 65.625, 6.920526771198621e-23, nan 
73.875, 65.625, 1.0304531524895473e-22, nan 
74.125, 65.625, 1.4119948442823724e-22, nan 
74.375, 65.625, 5.952484253181712e-23, nan 
74.625, 65.625, 1.0542849550272658e-22, nan 
74.875, 65.625, 1.0430982039705387e-22, nan 
75.125, 65.625, 1.1773406853475121e-22, nan 
75.375, 65.625, 1.572801495655485e-22, nan 
75.625, 65.625, 5.951531338709483e-23, nan 
75.875, 65.625, 1.742526994385957e-22, nan 
76.125, 65.625, 2.318397601340579e-22, nan 
76.375, 65.625, 2.771740851032916e-22, nan 
76.625, 65.625, 3.47488453935281e-22, nan 
76.875, 65.625, 3.4868409011015714e-22, nan 
77.125, 65.625, 4.440379866137419e-22, nan 
77.375, 65.625, 6.172974176978545e-22, nan 
77.625, 65.625, 4.325372274285276e-22, nan 
77.875, 65.625, 2.763737902786315e-22, nan 
78.125, 65.625, 3.7223707082756965e-22, nan 
78.375, 65.625, 3.8098508097981524e-22, nan 
78.625, 65.625, 2.4057675866188666e-22, nan 
78.875, 65.625, 1.491836785442618e-22, nan 
79.125, 65.625, 1.4880187963543277e-22, nan 
79.375, 65.625, 1.424405178932728e-22, nan 
79.625, 65.625, 2.112307878225239e-22, nan 
79.875, 65.625, 3.0512897067640975e-22, nan 
80.125, 65.625, 1.674299369223703e-22, nan 
80.375, 65.625, 1.9490211892407869e-22, nan 
80.625, 65.625, 4.759028473867255e-23, nan 
80.875, 65.625, 1.4455188248882204e-22, nan 
81.125, 65.625, 6.197847650100461e-22, nan 
81.375, 65.625, 5.533334321274733e-22, nan 
81.625, 65.625, 4.929972172107995e-22, nan 
81.875, 65.625, 4.1584826056015754e-22, nan 
82.125, 65.625, 3.6484980804992405e-22, nan 
82.375, 65.625, 3.9390110086437398e-22, nan 
82.625, 65.625, 3.5825747967135955e-22, nan 
82.875, 65.625, 4.692443998425196e-22, nan 
83.125, 65.625, 5.586852361440408e-22, nan 
83.375, 65.625, 5.178610310036193e-22, nan 
83.625, 65.625, 4.006701605011666e-22, nan 
83.875, 65.625, 5.409323094449511e-22, nan 
84.125, 65.625, 5.009553046967008e-22, nan 
84.375, 65.625, 4.618160905749095e-22, nan 
84.625, 65.625, 2.3492803251672013e-22, nan 
84.875, 65.625, 4.0035998760468113e-22, nan 
85.125, 65.625, 1.0558537284740974e-21, nan 
85.375, 65.625, 6.617366392177782e-22, nan 
85.625, 65.625, 6.763914809179114e-22, nan 
85.875, 65.625, 1.4842370613369328e-21, nan 
86.125, 65.625, 8.599192463206353e-22, nan 
86.375, 65.625, 1.7664982161212223e-21, nan 
86.625, 65.625, 1.7972203802195715e-21, nan 
86.875, 65.625, 1.8027992322468613e-21, nan 
87.125, 65.625, 3.1164718282623455e-21, nan 
87.375, 65.625, 2.4592314682712827e-21, nan 
87.625, 65.625, 1.1736789905200496e-21, nan 
87.875, 65.625, 1.7229311260386748e-21, nan 
88.125, 65.625, 4.234282618184584e-21, nan 
88.375, 65.625, 4.3000815399063836e-21, nan 
88.625, 65.625, 2.234732119386058e-21, nan 
88.875, 65.625, 5.3888261605222254e-21, nan 
89.125, 65.625, 4.7918302559146555e-21, nan 
89.375, 65.625, 1.6324840454467267e-21, nan 
89.625, 65.625, 2.002896246208675e-21, nan 
89.875, 65.625, 9.918493880368741e-22, nan 
90.125, 65.625, 1.026192427605353e-21, nan 
90.375, 65.625, 2.92724301709698e-21, nan 
90.625, 65.625, 4.630860777826507e-21, nan 
90.875, 65.625, 4.295452674747987e-21, nan 
91.125, 65.625, 9.050084768991856e-21, nan 
91.375, 65.625, 4.70557397946099e-21, nan 
91.625, 65.625, 1.2523864728125147e-20, nan 
91.875, 65.625, 1.4558820589241633e-20, nan 
92.125, 65.625, 3.227329889293892e-21, nan 
92.375, 65.625, 1.507896813724945e-20, nan 
92.625, 65.625, 1.62980795648262e-20, nan 
92.875, 65.625, 1.1764301885104893e-20, nan 
93.125, 65.625, 1.2813002641916362e-20, nan 
93.375, 65.625, 1.810055110096173e-20, nan 
93.625, 65.625, 9.79193977503467e-21, nan 
93.875, 65.625, 6.469725821231307e-21, nan 
94.125, 65.625, 1.3751671678568752e-20, nan 
94.375, 65.625, 1.1618154890081563e-20, nan 
94.625, 65.625, 1.4957753220950853e-20, nan 
94.875, 65.625, 1.2420871820882948e-20, nan 
95.125, 65.625, 2.0682238786723464e-20, nan 
95.375, 65.625, 3.8556212039993293e-20, nan 
95.625, 65.625, 4.1713579211531456e-20, nan 
95.875, 65.625, 6.224933597316299e-20, nan 
96.125, 65.625, 4.7925476792488425e-20, nan 
96.375, 65.625, 2.378896679143561e-20, nan 
96.625, 65.625, 2.3762896389980536e-20, nan 
96.875, 65.625, 3.4745896887149767e-20, nan 
97.125, 65.625, 3.9660510279046703e-20, nan 
97.375, 65.625, 7.463475782535513e-20, nan 
97.625, 65.625, 8.096238021331627e-20, nan 
97.875, 65.625, 1.5917981203188448e-20, nan 
98.125, 65.625, 2.0056606820919295e-19, nan 
98.375, 65.625, 2.0408494158866889e-19, nan 
98.625, 65.625, 5.923785682860933e-20, nan 
98.875, 65.625, 1.3063858242343436e-19, nan 
99.125, 65.625, 1.4161441227462465e-19, nan 
99.375, 65.625, 6.002759041123891e-20, nan 
99.625, 65.625, 6.719487611749477e-20, nan 
99.875, 65.625, 1.1541824593528301e-19, nan 
100.125, 65.625, 5.80123004352814e-20, nan 
100.375, 65.625, 1.1216881729128056e-19, nan 
100.625, 65.625, 2.890229696610136e-20, nan 
100.875, 65.625, 2.497870258768022e-19, nan 
101.125, 65.625, 2.2565040298888794e-19, nan 
101.375, 65.625, 1.6149752901442195e-19, nan 
101.625, 65.625, 1.7954737989678228e-19, nan 
101.875, 65.625, 1.517739846842399e-19, nan 
102.125, 65.625, 1.1856095473314569e-19, nan 
102.375, 65.625, 1.2389528888588599e-19, nan 
102.625, 65.625, 1.256825785635338e-19, nan 
102.875, 65.625, 1.0417567799387445e-19, nan 
103.125, 65.625, 4.6661344087569755e-20, nan 
103.375, 65.625, 6.127658740317099e-20, nan 
103.625, 65.625, 6.870250653903411e-20, nan 
103.875, 65.625, 8.52672008242258e-20, nan 
104.125, 65.625, 5.588187057705663e-20, nan 
104.375, 65.625, 9.157415230369922e-20, nan 
104.625, 65.625, 1.410899300918512e-19, nan 
104.875, 65.625, 1.4256623461511783e-19, nan 
105.125, 65.625, 6.62284285395241e-20, nan 
105.375, 65.625, 2.4766808837162897e-20, nan 
105.625, 65.625, 2.7420265223583455e-20, nan 
105.875, 65.625, 4.15124487156731e-20, nan 
106.125, 65.625, 4.776945976232494e-20, nan 
106.375, 65.625, 2.934809096948061e-20, nan 
106.625, 65.625, 2.299951771958129e-20, nan 
106.875, 65.625, 2.6069152595215237e-20, nan 
107.125, 65.625, 1.4208282895586825e-20, nan 
107.375, 65.625, 1.4839167026747138e-20, nan 
107.625, 65.625, 2.4284925976763082e-20, nan 
107.875, 65.625, 3.45599013571301e-20, nan 
108.125, 65.625, 2.6435596774074543e-20, nan 
108.375, 65.625, 2.6744758034194776e-20, nan 
108.625, 65.625, 2.7148784884251674e-20, nan 
108.875, 65.625, 2.450899360723169e-20, nan 
109.125, 65.625, 1.855296879546111e-20, nan 
109.375, 65.625, 1.420061745990545e-20, nan 
109.625, 65.625, 1.412668081080584e-20, nan 
109.875, 65.625, 1.149972527758287e-20, nan 
110.125, 65.625, 6.782933542328404e-21, nan 
110.375, 65.625, 7.627905770936427e-21, nan 
110.625, 65.625, 9.998037709795448e-21, nan 
110.875, 65.625, 9.920608423146537e-21, nan 
111.125, 65.625, 5.669915863028135e-21, nan 
111.375, 65.625, 8.703291557879691e-21, nan 
111.625, 65.625, 3.515410008027376e-21, nan 
111.875, 65.625, 3.1377830935017824e-21, nan 
112.125, 65.625, 4.036368414629126e-21, nan 
112.375, 65.625, 3.5749595035507385e-21, nan 
112.625, 65.625, 2.704688356029604e-21, nan 
112.875, 65.625, 2.7759837016576944e-21, nan 
113.125, 65.625, 4.5845459669750456e-21, nan 
113.375, 65.625, 3.2205733916573562e-21, nan 
113.625, 65.625, 2.88386048230803e-21, nan 
113.875, 65.625, 2.8511613893365176e-21, nan 
114.125, 65.625, 3.070898375255384e-21, nan 
114.375, 65.625, 3.853255475464965e-21, nan 
114.625, 65.625, 3.836857426323935e-21, nan 
114.875, 65.625, 3.0512631172065404e-21, nan 
115.125, 65.625, 4.177468822798919e-21, nan 
115.375, 65.625, 3.3069079326333975e-21, nan 
115.625, 65.625, 1.4057348604929867e-21, nan 
115.875, 65.625, 1.507759514229822e-21, nan 
116.125, 65.625, 1.94754167457238e-21, nan 
116.375, 65.625, 2.467017223449197e-21, nan 
116.625, 65.625, 2.203009054241754e-21, nan 
116.875, 65.625, 2.3320817185889713e-21, nan 
117.125, 65.625, 2.9596032213115286e-21, nan 
117.375, 65.625, 3.644484059472485e-21, nan 
117.625, 65.625, 2.3328309698029264e-21, nan 
117.875, 65.625, 3.488581535263694e-21, nan 
118.125, 65.625, 2.159651991921618e-21, nan 
118.375, 65.625, 1.190690456543064e-21, nan 
118.625, 65.625, 2.6042614769499533e-22, nan 
118.875, 65.625, 2.5055100872904805e-22, nan 
119.125, 65.625, 2.5849253031690186e-22, nan 
119.375, 65.625, 4.521275033399822e-22, nan 
119.625, 65.625, 5.703350873966944e-22, nan 
119.875, 65.625, 7.702826307100288e-22, nan 
120.125, 65.625, 7.103083707012742e-22, nan 
120.375, 65.625, 7.517273496587966e-22, nan 
120.625, 65.625, 1.0098142150143936e-21, nan 
120.875, 65.625, 4.319102182473646e-22, nan 
121.125, 65.625, 3.7484566074348668e-22, nan 
121.375, 65.625, 7.454170860276085e-22, nan 
121.625, 65.625, 2.966140308048863e-22, nan 
121.875, 65.625, 3.148540573681289e-22, nan 
122.125, 65.625, 6.641920068548726e-22, nan 
122.375, 65.625, 6.293161226476189e-22, nan 
122.625, 65.625, 6.685439489585054e-22, nan 
122.875, 65.625, 7.816408466261974e-22, nan 
123.125, 65.625, 4.433651706638344e-22, nan 
123.375, 65.625, 2.49229289210239e-22, nan 
123.625, 65.625, 3.32706260694664e-22, nan 
123.875, 65.625, 3.3149212192005354e-22, nan 
124.125, 65.625, 2.8667673854094877e-22, nan 
124.375, 65.625, 2.0822762579583943e-22, nan 
124.625, 65.625, 1.5997838435321645e-22, nan 
124.875, 65.625, 1.4848184580129726e-22, nan 
125.125, 65.625, 1.1489145197963144e-22, nan 
125.375, 65.625, 1.0718093878428316e-22, nan 
125.625, 65.625, 1.6302665477775874e-22, nan 
125.875, 65.625, 1.6288105223459702e-22, nan 
126.125, 65.625, 1.962950503984013e-22, nan 
126.375, 65.625, 2.721562236454018e-22, nan 
126.625, 65.625, 3.3294940653962804e-22, nan 
126.875, 65.625, 3.707006359599351e-22, nan 
127.125, 65.625, 6.109716732015072e-22, nan 
127.375, 65.625, 3.375470527951936e-22, nan 
127.625, 65.625, 3.2532115180760366e-22, nan 
127.875, 65.625, 8.211011240947007e-22, nan 
128.125, 65.625, 1.0111592117786115e-21, nan 
128.375, 65.625, 7.867230158550998e-22, nan 
128.625, 65.625, 7.030775562878386e-22, nan 
128.875, 65.625, 4.35962586966164e-22, nan 
129.125, 65.625, 1.1773153391843854e-22, nan 
129.375, 65.625, 2.249531230405033e-22, nan 
129.625, 65.625, 3.2013947596946537e-22, nan 
129.875, 65.625, 1.4353328021630735e-22, nan 
130.125, 65.625, 9.984750467340032e-23, nan 
130.375, 65.625, 1.961029240811065e-22, nan 
130.625, 65.625, 1.5102616752574037e-22, nan 
130.875, 65.625, 9.738176303781638e-23, nan 
131.125, 65.625, 6.157884229026321e-23, nan 
131.375, 65.625, 6.429384742079708e-23, nan 
131.625, 65.625, 8.530250567715736e-23, nan 
131.875, 65.625, 7.962058662980646e-23, nan 
132.125, 65.625, 7.674452288783016e-23, nan 
132.375, 65.625, 8.982415222085773e-23, nan 
132.625, 65.625, 7.158534994765779e-23, nan 
132.875, 65.625, 5.051949799439496e-23, nan 
133.125, 65.625, 4.894828730693602e-23, nan 
133.375, 65.625, 4.6732780079311825e-23, nan 
133.625, 65.625, 3.4567005675549055e-23, nan 
133.875, 65.625, 2.6136694175865954e-23, nan 
134.125, 65.625, 2.588596482728556e-23, nan 
134.375, 65.625, 1.1239548593751584e-23, nan 
134.625, 65.625, 1.9950816088782964e-23, nan 
134.875, 65.625, 1.1370033112947578e-23, nan 
135.125, 65.625, 1.4119317749472102e-23, nan 
135.375, 65.625, 1.5341676032947583e-23, nan 
135.625, 65.625, 1.2192828404299475e-23, nan 
135.875, 65.625, 1.4584269275868957e-23, nan 
136.125, 65.625, 1.459326506071678e-23, nan 
136.375, 65.625, 1.2257154025995478e-23, nan 
136.625, 65.625, 1.5354535414028703e-23, nan 
136.875, 65.625, 1.1570928987968324e-23, nan 
137.125, 65.625, 1.7027300198601045e-23, nan 
137.375, 65.625, 2.713315024311652e-23, nan 
137.625, 65.625, 3.159098712773322e-23, nan 
137.875, 65.625, 4.922617673320771e-23, nan 
138.125, 65.625, 6.247587055893673e-23, nan 
138.375, 65.625, 5.32009501985976e-23, nan 
138.625, 65.625, 6.178861518559869e-23, nan 
138.875, 65.625, 8.937848930607996e-23, nan 
139.125, 65.625, 7.895195744564164e-23, nan 
139.375, 65.625, 4.593500504343032e-23, nan 
139.625, 65.625, 4.164832410722699e-23, nan 
139.875, 65.625, 3.874525175311975e-23, nan 
140.125, 65.625, 2.516543247240534e-23, nan 
140.375, 65.625, 7.263363384559823e-24, nan 
140.625, 65.625, 1.199901841716985e-23, nan 
140.875, 65.625, 8.833044416400138e-24, nan 
141.125, 65.625, 6.1502731353837115e-24, nan 
141.375, 65.625, 4.0032741329980346e-24, nan 
141.625, 65.625, 1.814026665661215e-23, nan 
141.875, 65.625, 1.5329201779152768e-23, nan 
142.125, 65.625, 6.816221433633302e-24, nan 
142.375, 65.625, 2.84798929265762e-23, nan 
142.625, 65.625, 2.826429739421504e-23, nan 
142.875, 65.625, 1.6901710747707636e-23, nan 
143.125, 65.625, 2.080331438186695e-23, nan 
143.375, 65.625, 2.7858738977024974e-23, nan 
143.625, 65.625, 1.6989654129756307e-23, nan 
143.875, 65.625, 1.2029796719909637e-23, nan 
144.125, 65.625, 1.6656388627453502e-23, nan 
144.375, 65.625, 1.2908842799336718e-23, nan 
144.625, 65.625, 1.0635447788858429e-23, nan 
144.875, 65.625, 9.465295576066812e-24, nan 
145.125, 65.625, 5.157750144217904e-24, nan 
145.375, 65.625, 7.812486914648186e-24, nan 
145.625, 65.625, 7.110986965051867e-24, nan 
145.875, 65.625, 5.399652961344857e-24, nan 
146.125, 65.625, 5.448281464187658e-24, nan 
146.375, 65.625, 5.919930657821853e-24, nan 
146.625, 65.625, 6.999401336682359e-24, nan 
146.875, 65.625, 6.076073368113147e-24, nan 
147.125, 65.625, 4.403466024569433e-24, nan 
147.375, 65.625, 1.2440383732788458e-23, nan 
147.625, 65.625, 9.825373254670928e-24, nan 
147.875, 65.625, 3.0494411335983584e-24, nan 
148.125, 65.625, 1.2408122237183929e-23, nan 
148.375, 65.625, 8.774019448802898e-24, nan 
148.625, 65.625, 5.3241961877716085e-24, nan 
148.875, 65.625, 1.0567321965836457e-23, nan 
149.125, 65.625, 3.756674640768236e-24, nan 
149.375, 65.625, 1.7900323480718693e-24, nan 
149.625, 65.625, 2.2652993115753936e-24, nan 
149.875, 65.625, 4.7063196002969546e-24, nan 
150.125, 65.625, 6.919557950788356e-24, nan 
150.375, 65.625, 6.723495734451405e-24, nan 
150.625, 65.625, 7.935516930498527e-24, nan 
150.875, 65.625, 1.023081637275818e-23, nan 
151.125, 65.625, 8.936211835419145e-24, nan 
151.375, 65.625, 8.975528104146419e-24, nan 
151.625, 65.625, 1.2903620095652263e-23, nan 
151.875, 65.625, 1.3345904647254448e-23, nan 
152.125, 65.625, 8.61464253374901e-24, nan 
152.375, 65.625, 6.5999403531175035e-24, nan 
152.625, 65.625, 1.2398905994660878e-23, nan 
152.875, 65.625, 1.6218757531967594e-23, nan 
153.125, 65.625, 7.901788926712143e-24, nan 
153.375, 65.625, 1.1103680836279257e-23, nan 
153.625, 65.625, 1.0508240754764843e-23, nan 
153.875, 65.625, 4.734396593907881e-24, nan 
154.125, 65.625, 2.6716877581429627e-24, nan 
154.375, 65.625, 2.5068452052313018e-24, nan 
154.625, 65.625, 2.819962084972534e-24, nan 
154.875, 65.625, 3.761284909883155e-24, nan 
155.125, 65.625, 4.435596558749723e-24, nan 
155.375, 65.625, 5.317904103728626e-24, nan 
155.625, 65.625, 4.787543053768604e-24, nan 
155.875, 65.625, 4.768477090589185e-24, nan 
156.125, 65.625, 3.3497706444859065e-24, nan 
156.375, 65.625, 2.9611448303357823e-24, nan 
156.625, 65.625, 3.2261694833609533e-24, nan 
156.875, 65.625, 3.90427622817184e-24, nan 
157.125, 65.625, 4.9669212485779374e-24, nan 
157.375, 65.625, 3.977137983626978e-24, nan 
157.625, 65.625, 3.5393200779512455e-24, nan 
157.875, 65.625, 5.1833800822957916e-24, nan 
158.125, 65.625, 5.108870259042247e-24, nan 
158.375, 65.625, 2.2586955712806552e-24, nan 
158.625, 65.625, 3.614429221067877e-24, nan 
158.875, 65.625, 4.351928168117973e-24, nan 
159.125, 65.625, 4.596496257103142e-24, nan 
159.375, 65.625, 4.5572390830658574e-24, nan 
159.625, 65.625, 3.8303614291037185e-24, nan 
159.875, 65.625, 4.022056973133055e-24, nan 
160.125, 65.625, 3.3744816743744775e-24, nan 
160.375, 65.625, 2.5884108077474427e-24, nan 
160.625, 65.625, 2.0435622902292306e-24, nan 
160.875, 65.625, 1.3015546822579293e-24, nan 
161.125, 65.625, 1.843082630022832e-24, nan 
161.375, 65.625, 1.634690162083139e-24, nan 
161.625, 65.625, 6.203838630259119e-25, nan 
161.875, 65.625, 4.52728301903239e-25, nan 
162.125, 65.625, 1.7213724573929498e-24, nan 
162.375, 65.625, 1.240428997041263e-24, nan 
162.625, 65.625, 1.4163522532054088e-24, nan 
162.875, 65.625, 7.326176201230152e-25, nan 
163.125, 65.625, 1.5580235376651657e-24, nan 
163.375, 65.625, 3.1375007880278906e-24, nan 
163.625, 65.625, 1.6930910662561124e-24, nan 
163.875, 65.625, 1.5715702375889577e-24, nan 
164.125, 65.625, 5.433004465439991e-25, nan 
164.375, 65.625, 1.2042830703976752e-24, nan 
164.625, 65.625, 2.2414541074182528e-24, nan 
164.875, 65.625, 1.8648466937378253e-24, nan 
165.125, 65.625, 2.216777418924145e-24, nan 
165.375, 65.625, 2.910224826255467e-24, nan 
165.625, 65.625, 2.9980564639991093e-24, nan 
165.875, 65.625, 2.447741954065786e-24, nan 
166.125, 65.625, 2.0396748815851504e-24, nan 
166.375, 65.625, 2.5305206356377845e-24, nan 
166.625, 65.625, 1.6357486918103506e-24, nan 
166.875, 65.625, 2.751025560915276e-24, nan 
167.125, 65.625, 3.735312308158335e-24, nan 
167.375, 65.625, 1.4771415641113797e-24, nan 
167.625, 65.625, 7.256158841206448e-25, nan 
167.875, 65.625, 8.513169143130525e-25, nan 
34.625, 65.875, 1.3831100025822237e-24, nan 
34.875, 65.875, 3.7698932784092327e-25, nan 
35.125, 65.875, 1.0022061839785685e-24, nan 
35.375, 65.875, 8.332712968357058e-25, nan 
35.625, 65.875, 1.320536122785577e-24, nan 
35.875, 65.875, 8.963184179239023e-25, nan 
36.125, 65.875, 1.9474028375964054e-24, nan 
36.375, 65.875, 2.305857110425711e-24, nan 
36.625, 65.875, 1.7645153918528713e-24, nan 
36.875, 65.875, 2.3447537080608924e-24, nan 
37.125, 65.875, 2.3616276107357016e-24, nan 
37.375, 65.875, 1.2675714824867658e-24, nan 
37.625, 65.875, 8.314980915335811e-25, nan 
37.875, 65.875, 2.3673975617466313e-24, nan 
38.125, 65.875, 3.913201098227828e-24, nan 
38.375, 65.875, 2.837038655125311e-24, nan 
38.625, 65.875, 3.180077808017198e-24, nan 
38.875, 65.875, 3.712621965203162e-24, nan 
39.125, 65.875, 1.860479072280066e-23, nan 
39.375, 65.875, 7.840649131082677e-24, nan 
39.625, 65.875, 6.746856154522751e-23, nan 
39.875, 65.875, 4.5531721209433775e-23, nan 
40.125, 65.875, 4.83731377809647e-23, nan 
40.375, 65.875, 7.0718264074914e-24, nan 
40.625, 65.875, 5.171870193108599e-24, nan 
40.875, 65.875, 8.36720980792737e-24, nan 
41.125, 65.875, 5.275701666471234e-24, nan 
41.375, 65.875, 3.626899258921597e-24, nan 
41.625, 65.875, 2.2783132576842538e-24, nan 
41.875, 65.875, 2.259943487028292e-24, nan 
42.125, 65.875, 2.5108413600618295e-24, nan 
42.375, 65.875, 1.9278271702547016e-24, nan 
42.625, 65.875, 3.003136787587006e-24, nan 
42.875, 65.875, 3.1143384322519333e-24, nan 
43.125, 65.875, 2.816502918827732e-24, nan 
43.375, 65.875, 2.3536293715702364e-24, nan 
43.625, 65.875, 1.829569659649678e-24, nan 
43.875, 65.875, 2.4455531278297483e-24, nan 
44.125, 65.875, 1.8229685012838377e-24, nan 
44.375, 65.875, 5.972969682513017e-25, nan 
44.625, 65.875, 1.1685515239494976e-24, nan 
44.875, 65.875, 1.8482630802810696e-24, nan 
45.125, 65.875, 2.1765250666068885e-24, nan 
45.375, 65.875, 2.255376267004695e-24, nan 
45.625, 65.875, 2.9074094681195515e-24, nan 
45.875, 65.875, 2.583177412876118e-24, nan 
46.125, 65.875, 2.3972077947069597e-24, nan 
46.375, 65.875, 2.121574603114348e-24, nan 
46.625, 65.875, 1.7498685390282688e-24, nan 
46.875, 65.875, 1.6486562465037324e-24, nan 
47.125, 65.875, 2.138235715318717e-24, nan 
47.375, 65.875, 2.148356007800176e-24, nan 
47.625, 65.875, 2.9385371038423867e-24, nan 
47.875, 65.875, 3.406852338256936e-24, nan 
48.125, 65.875, 3.653725817860481e-24, nan 
48.375, 65.875, 5.168486292919581e-24, nan 
48.625, 65.875, 5.443523229585216e-24, nan 
48.875, 65.875, 4.232306403374543e-24, nan 
49.125, 65.875, 6.402086337721389e-24, nan 
49.375, 65.875, 9.354132880807518e-24, nan 
49.625, 65.875, 4.2609786772653195e-24, nan 
49.875, 65.875, 4.3717330072760005e-24, nan 
50.125, 65.875, 7.922576232601756e-24, nan 
50.375, 65.875, 5.1548330163672256e-24, nan 
50.625, 65.875, 6.62296394953018e-24, nan 
50.875, 65.875, 5.6584608833027744e-24, nan 
51.125, 65.875, 4.943906646836629e-24, nan 
51.375, 65.875, 6.623232272053178e-24, nan 
51.625, 65.875, 5.3197619297563516e-24, nan 
51.875, 65.875, 3.8717495021712974e-24, nan 
52.125, 65.875, 1.9907251185077323e-24, nan 
52.375, 65.875, 5.341183153127903e-24, nan 
52.625, 65.875, 3.09577328941777e-24, nan 
52.875, 65.875, 7.563305927316015e-24, nan 
53.125, 65.875, 1.3239655038337792e-23, nan 
53.375, 65.875, 7.17250698679085e-24, nan 
53.625, 65.875, 8.216574494533034e-24, nan 
53.875, 65.875, 1.0450586749087382e-23, nan 
54.125, 65.875, 6.65651395664382e-24, nan 
54.375, 65.875, 3.338729731055479e-24, nan 
54.625, 65.875, 4.301020020290355e-24, nan 
54.875, 65.875, 5.7393858051539265e-24, nan 
55.125, 65.875, 7.051375741321679e-24, nan 
55.375, 65.875, 6.2819064693679174e-24, nan 
55.625, 65.875, 6.440614634132026e-24, nan 
55.875, 65.875, 7.868930822254392e-24, nan 
56.125, 65.875, 6.969962803336327e-24, nan 
56.375, 65.875, 8.446188659601803e-24, nan 
56.625, 65.875, 9.522931479326706e-24, nan 
56.875, 65.875, 8.066694583156996e-24, nan 
57.125, 65.875, 1.500430398527656e-23, nan 
57.375, 65.875, 1.7127929369640568e-23, nan 
57.625, 65.875, 1.1816655301807363e-23, nan 
57.875, 65.875, 1.4020764349681658e-23, nan 
58.125, 65.875, 1.7544381132785983e-23, nan 
58.375, 65.875, 1.348878217276237e-23, nan 
58.625, 65.875, 8.927311843309421e-24, nan 
58.875, 65.875, 5.746005597875612e-24, nan 
59.125, 65.875, 4.834113240616042e-24, nan 
59.375, 65.875, 7.972924021333858e-24, nan 
59.625, 65.875, 1.1891167645083872e-23, nan 
59.875, 65.875, 1.531037531553669e-23, nan 
60.125, 65.875, 1.7448536765388787e-23, nan 
60.375, 65.875, 1.2581584414253802e-23, nan 
60.625, 65.875, 1.1206900654356572e-23, nan 
60.875, 65.875, 1.2653113962882714e-23, nan 
61.125, 65.875, 5.669215762696607e-24, nan 
61.375, 65.875, 9.694054495154449e-24, nan 
61.625, 65.875, 1.1099168978162014e-23, nan 
61.875, 65.875, 9.719049622416183e-24, nan 
62.125, 65.875, 1.5061997528190662e-23, nan 
62.375, 65.875, 1.3729330832734386e-23, nan 
62.625, 65.875, 1.381222343627136e-23, nan 
62.875, 65.875, 2.3512793933703866e-23, nan 
63.125, 65.875, 2.9259308963044747e-23, nan 
63.375, 65.875, 3.054819801939735e-23, nan 
63.625, 65.875, 3.091983422901182e-23, nan 
63.875, 65.875, 4.94193137007711e-23, nan 
64.125, 65.875, 7.681191170940933e-23, nan 
64.375, 65.875, 6.336454824468224e-23, nan 
64.625, 65.875, 4.637729048158467e-23, nan 
64.875, 65.875, 6.085535632138468e-23, nan 
65.125, 65.875, 5.0644168862532474e-23, nan 
65.375, 65.875, 3.4583550534147156e-23, nan 
65.625, 65.875, 2.3033056940307624e-23, nan 
65.875, 65.875, 2.6149694596654093e-23, nan 
66.125, 65.875, 2.4275511782070054e-23, nan 
66.375, 65.875, 7.678020275161733e-23, nan 
66.625, 65.875, 6.51618994576182e-23, nan 
66.875, 65.875, 8.10711285305614e-23, nan 
67.125, 65.875, 8.396863394768138e-23, nan 
67.375, 65.875, 5.20851326073167e-23, nan 
67.625, 65.875, 5.743159124422299e-23, nan 
67.875, 65.875, 6.578073026936326e-23, nan 
68.125, 65.875, 6.830320359910136e-23, nan 
68.375, 65.875, 5.535553200842658e-23, nan 
68.625, 65.875, 3.9353121685814053e-23, nan 
68.875, 65.875, 3.3316798093360533e-23, nan 
69.125, 65.875, 2.5319017374830875e-23, nan 
69.375, 65.875, 3.111800689780365e-23, nan 
69.625, 65.875, 3.6870717427705555e-23, nan 
69.875, 65.875, 3.2213825222820536e-23, nan 
70.125, 65.875, 3.414705702690711e-23, nan 
70.375, 65.875, 2.0957815289862087e-23, nan 
70.625, 65.875, 2.7905479197870656e-23, nan 
70.875, 65.875, 3.238171226692484e-23, nan 
71.125, 65.875, 3.264907946832078e-23, nan 
71.375, 65.875, 4.697149160148849e-23, nan 
71.625, 65.875, 5.313942581469368e-23, nan 
71.875, 65.875, 1.0321112612232875e-22, nan 
72.125, 65.875, 1.3759690227161409e-22, nan 
72.375, 65.875, 1.4395088493085366e-22, nan 
72.625, 65.875, 2.3161073161620356e-22, nan 
72.875, 65.875, 1.9453955949218822e-22, nan 
73.125, 65.875, 1.6750552919416265e-22, nan 
73.375, 65.875, 2.6785225314672753e-22, nan 
73.625, 65.875, 1.530166698000623e-22, nan 
73.875, 65.875, 2.0960005048509003e-22, nan 
74.125, 65.875, 1.46506745499456e-22, nan 
74.375, 65.875, 1.469180107842484e-22, nan 
74.625, 65.875, 1.6215135204223784e-22, nan 
74.875, 65.875, 1.3718417293953284e-22, nan 
75.125, 65.875, 1.1970760418457967e-22, nan 
75.375, 65.875, 1.243909631860453e-22, nan 
75.625, 65.875, 1.1659105265583416e-22, nan 
75.875, 65.875, 1.0296111360796623e-22, nan 
76.125, 65.875, 1.6418671859218997e-22, nan 
76.375, 65.875, 1.7603142128197852e-22, nan 
76.625, 65.875, 2.440165386811678e-22, nan 
76.875, 65.875, 2.4840705280187823e-22, nan 
77.125, 65.875, 4.0479589098530024e-22, nan 
77.375, 65.875, 4.397881771740006e-22, nan 
77.625, 65.875, 3.502246594306561e-22, nan 
77.875, 65.875, 3.0536348278456e-22, nan 
78.125, 65.875, 3.1686155870086993e-22, nan 
78.375, 65.875, 5.412125733981603e-22, nan 
78.625, 65.875, 2.751854146726372e-22, nan 
78.875, 65.875, 2.2735530808586563e-22, nan 
79.125, 65.875, 4.742495913659665e-22, nan 
79.375, 65.875, 2.7975937366002464e-22, nan 
79.625, 65.875, 9.847250755155951e-23, nan 
79.875, 65.875, 5.840361853045602e-22, nan 
80.125, 65.875, 2.415589605766752e-22, nan 
80.375, 65.875, 3.485475464026574e-22, nan 
80.625, 65.875, 5.913845155764167e-22, nan 
80.875, 65.875, 4.270619623051628e-22, nan 
81.125, 65.875, 1.6249996301916785e-21, nan 
81.375, 65.875, 7.106178045005564e-22, nan 
81.625, 65.875, 6.886209179000095e-22, nan 
81.875, 65.875, 1.932983502313555e-21, nan 
82.125, 65.875, 5.047066930232174e-22, nan 
82.375, 65.875, 7.113159061296781e-22, nan 
82.625, 65.875, 5.656548319668441e-22, nan 
82.875, 65.875, 5.791843489075664e-22, nan 
83.125, 65.875, 7.439405951328e-22, nan 
83.375, 65.875, 6.769202605501187e-22, nan 
83.625, 65.875, 5.35537539053191e-22, nan 
83.875, 65.875, 7.757257463540119e-22, nan 
84.125, 65.875, 4.725665369809901e-22, nan 
84.375, 65.875, 4.75604348319343e-22, nan 
84.625, 65.875, 8.2839972132714225e-22, nan 
84.875, 65.875, 5.119403519005331e-22, nan 
85.125, 65.875, 6.79349424743566e-22, nan 
85.375, 65.875, 6.554287702534693e-22, nan 
85.625, 65.875, 8.531468867168969e-22, nan 
85.875, 65.875, 9.429670064923463e-22, nan 
86.125, 65.875, 1.1591312260026684e-21, nan 
86.375, 65.875, 2.4072643571191754e-21, nan 
86.625, 65.875, 2.300134740042163e-21, nan 
86.875, 65.875, 1.6239858312454907e-21, nan 
87.125, 65.875, 1.368506837439941e-21, nan 
87.375, 65.875, 8.659376683323163e-22, nan 
87.625, 65.875, 1.8956007726585727e-21, nan 
87.875, 65.875, 2.6810147932522825e-21, nan 
88.125, 65.875, 2.0588494364508915e-21, nan 
88.375, 65.875, 2.3484303432011897e-21, nan 
88.625, 65.875, 2.2970385354823854e-21, nan 
88.875, 65.875, 3.6265699592142285e-21, nan 
89.125, 65.875, 3.0465373571447966e-21, nan 
89.375, 65.875, 1.551039976268037e-21, nan 
89.625, 65.875, 3.199241539156451e-21, nan 
89.875, 65.875, 3.2984676594491936e-21, nan 
90.125, 65.875, 2.0131665577697456e-21, nan 
90.375, 65.875, 3.1297425289599042e-21, nan 
90.625, 65.875, 5.9866282670458325e-21, nan 
90.875, 65.875, 4.8446677551969054e-21, nan 
91.125, 65.875, 8.457591868748941e-21, nan 
91.375, 65.875, 7.218647027856686e-21, nan 
91.625, 65.875, 7.136618092941703e-21, nan 
91.875, 65.875, 9.78668738357769e-21, nan 
92.125, 65.875, 9.183555048842487e-21, nan 
92.375, 65.875, 6.573004661240311e-21, nan 
92.625, 65.875, 8.139681188964034e-21, nan 
92.875, 65.875, 8.741519100128478e-21, nan 
93.125, 65.875, 1.3664022013806383e-20, nan 
93.375, 65.875, 2.2064855256480108e-20, nan 
93.625, 65.875, 1.1516224683811984e-20, nan 
93.875, 65.875, 1.8357916259519554e-20, nan 
94.125, 65.875, 2.2739642952187694e-20, nan 
94.375, 65.875, 1.1681307921763908e-20, nan 
94.625, 65.875, 1.6282447657050916e-20, nan 
94.875, 65.875, 2.868035478714826e-20, nan 
95.125, 65.875, 2.3179093496894267e-20, nan 
95.375, 65.875, 2.2930094393767056e-20, nan 
95.625, 65.875, 1.476167052123993e-20, nan 
95.875, 65.875, 3.646733379413712e-20, nan 
96.125, 65.875, 1.1504252414686985e-20, nan 
96.375, 65.875, 3.369775833246173e-20, nan 
96.625, 65.875, 3.6924423835918323e-20, nan 
96.875, 65.875, 4.0770108941811487e-20, nan 
97.125, 65.875, 3.888549714269807e-20, nan 
97.375, 65.875, 4.6801633054947055e-20, nan 
97.625, 65.875, 3.752017001725208e-20, nan 
97.875, 65.875, 3.4744168319813173e-20, nan 
98.125, 65.875, 1.1985913902612876e-19, nan 
98.375, 65.875, 1.2074708015593118e-19, nan 
98.625, 65.875, 7.655258763051379e-20, nan 
98.875, 65.875, 9.938065038740405e-20, nan 
99.125, 65.875, 5.907660253908386e-20, nan 
99.375, 65.875, 1.3446703196251403e-19, nan 
99.625, 65.875, 2.0626959002890036e-19, nan 
99.875, 65.875, 2.1132078946632382e-19, nan 
100.125, 65.875, 2.1149495092610957e-19, nan 
100.375, 65.875, 1.5724992752977203e-19, nan 
100.625, 65.875, 1.1642722923741235e-19, nan 
100.875, 65.875, 3.4713496870132784e-19, nan 
101.125, 65.875, 2.713387577663498e-19, nan 
101.375, 65.875, 2.0988995152254165e-19, nan 
101.625, 65.875, 2.273177468217011e-19, nan 
101.875, 65.875, 1.8046125812790158e-19, nan 
102.125, 65.875, 2.2077685863334375e-19, nan 
102.375, 65.875, 1.9423164524243816e-19, nan 
102.625, 65.875, 2.487883318499522e-19, nan 
102.875, 65.875, 2.1552677341858775e-19, nan 
103.125, 65.875, 9.740365063982873e-20, nan 
103.375, 65.875, 1.2120604870432781e-19, nan 
103.625, 65.875, 1.1085711107325935e-19, nan 
103.875, 65.875, 1.0680572038979403e-19, nan 
104.125, 65.875, 1.0823974887878441e-19, nan 
104.375, 65.875, 1.4690816667874365e-19, nan 
104.625, 65.875, 2.493084158175567e-19, nan 
104.875, 65.875, 2.5064534886528274e-19, nan 
105.125, 65.875, 8.877008159409591e-20, nan 
105.375, 65.875, 1.0966734722109375e-19, nan 
105.625, 65.875, 1.091403600634765e-19, nan 
105.875, 65.875, 5.317121039197627e-20, nan 
106.125, 65.875, 1.9102709101683282e-20, nan 
106.375, 65.875, 3.4482345807372475e-20, nan 
106.625, 65.875, 3.543169858420756e-20, nan 
106.875, 65.875, 2.6647476204098407e-20, nan 
107.125, 65.875, 4.7310654255105535e-20, nan 
107.375, 65.875, 5.374026712171897e-20, nan 
107.625, 65.875, 4.257120382863769e-20, nan 
107.875, 65.875, 3.783343821129695e-20, nan 
108.125, 65.875, 3.9497754842647816e-20, nan 
108.375, 65.875, 1.5726664511326868e-20, nan 
108.625, 65.875, 2.1786429941813374e-20, nan 
108.875, 65.875, 2.124877916628243e-20, nan 
109.125, 65.875, 1.636175843916824e-20, nan 
109.375, 65.875, 1.2338345430645862e-20, nan 
109.625, 65.875, 1.1089853350846308e-20, nan 
109.875, 65.875, 1.6991758819714494e-20, nan 
110.125, 65.875, 2.0954427628543957e-20, nan 
110.375, 65.875, 9.34028756038033e-21, nan 
110.625, 65.875, 1.3398728220047715e-20, nan 
110.875, 65.875, 1.5579624758197646e-20, nan 
111.125, 65.875, 7.406338578412981e-21, nan 
111.375, 65.875, 6.97178329630179e-21, nan 
111.625, 65.875, 7.66873378150332e-21, nan 
111.875, 65.875, 5.2102201550235605e-21, nan 
112.125, 65.875, 4.297121713220056e-21, nan 
112.375, 65.875, 5.3447097888444145e-21, nan 
112.625, 65.875, 4.102984899516376e-21, nan 
112.875, 65.875, 2.5119733782700335e-21, nan 
113.125, 65.875, 3.99467642230968e-21, nan 
113.375, 65.875, 3.03268621686536e-21, nan 
113.625, 65.875, 3.549476271043961e-21, nan 
113.875, 65.875, 7.722061463375634e-21, nan 
114.125, 65.875, 6.325846983952558e-21, nan 
114.375, 65.875, 5.46482656954596e-21, nan 
114.625, 65.875, 3.37156732411048e-21, nan 
114.875, 65.875, 2.272700775238995e-21, nan 
115.125, 65.875, 2.9256991999743827e-21, nan 
115.375, 65.875, 1.1653486109269105e-21, nan 
115.625, 65.875, 1.6157142603096136e-21, nan 
115.875, 65.875, 2.627857181138145e-21, nan 
116.125, 65.875, 2.23663128339514e-21, nan 
116.375, 65.875, 2.1663144074902368e-21, nan 
116.625, 65.875, 4.0354506500919045e-21, nan 
116.875, 65.875, 5.2747385375026976e-21, nan 
117.125, 65.875, 3.0392492795319403e-21, nan 
117.375, 65.875, 3.863133002362811e-21, nan 
117.625, 65.875, 3.1928959540185785e-21, nan 
117.875, 65.875, 2.286849403133636e-21, nan 
118.125, 65.875, 5.593402903381448e-22, nan 
118.375, 65.875, 4.631787967206398e-22, nan 
118.625, 65.875, 4.507670077921923e-22, nan 
118.875, 65.875, 9.565007189246094e-22, nan 
119.125, 65.875, 1.2759479748079286e-21, nan 
119.375, 65.875, 7.682329881609639e-22, nan 
119.625, 65.875, 6.539093077761606e-22, nan 
119.875, 65.875, 8.7189785452862e-22, nan 
120.125, 65.875, 9.375593732200146e-22, nan 
120.375, 65.875, 6.835705208478248e-22, nan 
120.625, 65.875, 5.203796765327697e-22, nan 
120.875, 65.875, 5.101923467851106e-22, nan 
121.125, 65.875, 4.238938816983088e-22, nan 
121.375, 65.875, 5.514263421487072e-22, nan 
121.625, 65.875, 5.994587941549428e-22, nan 
121.875, 65.875, 5.572656834273696e-22, nan 
122.125, 65.875, 4.292323097398712e-22, nan 
122.375, 65.875, 6.394628486822161e-22, nan 
122.625, 65.875, 2.213311903541957e-22, nan 
122.875, 65.875, 3.277637257608893e-22, nan 
123.125, 65.875, 4.525378340082647e-22, nan 
123.375, 65.875, 4.783455693113459e-22, nan 
123.625, 65.875, 2.2202725222331824e-22, nan 
123.875, 65.875, 3.8099588608024744e-22, nan 
124.125, 65.875, 3.3900111227981177e-22, nan 
124.375, 65.875, 1.8073032071972696e-22, nan 
124.625, 65.875, 1.006355216918136e-22, nan 
124.875, 65.875, 4.967880323106344e-23, nan 
125.125, 65.875, 1.0425614859128841e-22, nan 
125.375, 65.875, 9.05689226982846e-23, nan 
125.625, 65.875, 9.567680294863471e-23, nan 
125.875, 65.875, 1.2830990814223338e-22, nan 
126.125, 65.875, 1.6327703927247342e-22, nan 
126.375, 65.875, 1.6080859861904642e-22, nan 
126.625, 65.875, 2.2766402883047305e-22, nan 
126.875, 65.875, 2.443876435406406e-22, nan 
127.125, 65.875, 2.552125971139439e-22, nan 
127.375, 65.875, 2.5884170218623492e-22, nan 
127.625, 65.875, 3.294827321775965e-22, nan 
127.875, 65.875, 6.69045245567805e-22, nan 
128.125, 65.875, 2.5321274150445395e-22, nan 
128.375, 65.875, 2.748679510779298e-22, nan 
128.625, 65.875, 3.4945295614650006e-22, nan 
128.875, 65.875, 3.602113338906753e-22, nan 
129.125, 65.875, 2.1445424564838867e-22, nan 
129.375, 65.875, 1.7009758331504932e-22, nan 
129.625, 65.875, 2.0405069948980914e-22, nan 
129.875, 65.875, 1.4724989683873848e-22, nan 
130.125, 65.875, 3.4990091486887595e-23, nan 
130.375, 65.875, 8.731462295619032e-23, nan 
130.625, 65.875, 9.336185742547947e-23, nan 
130.875, 65.875, 6.865905011801267e-23, nan 
131.125, 65.875, 5.503461800692045e-23, nan 
131.375, 65.875, 5.1556236670712554e-23, nan 
131.625, 65.875, 8.170244295881424e-23, nan 
131.875, 65.875, 1.0529612539858388e-22, nan 
132.125, 65.875, 8.257763057376752e-23, nan 
132.375, 65.875, 6.034745557994836e-23, nan 
132.625, 65.875, 6.75082552090972e-23, nan 
132.875, 65.875, 5.54189481739675e-23, nan 
133.125, 65.875, 4.664555031954199e-23, nan 
133.375, 65.875, 3.9124413474425286e-23, nan 
133.625, 65.875, 2.5367860335942147e-23, nan 
133.875, 65.875, 3.462593611833812e-23, nan 
134.125, 65.875, 2.768747640099121e-23, nan 
134.375, 65.875, 1.8704616378133883e-23, nan 
134.625, 65.875, 1.4022568230893903e-23, nan 
134.875, 65.875, 1.0897669573767504e-23, nan 
135.125, 65.875, 8.839179732510858e-24, nan 
135.375, 65.875, 1.6655565692796103e-23, nan 
135.625, 65.875, 2.5656708715811486e-23, nan 
135.875, 65.875, 1.464045951419009e-23, nan 
136.125, 65.875, 8.539712512946393e-24, nan 
136.375, 65.875, 2.2025705632533487e-23, nan 
136.625, 65.875, 3.44160730409835e-23, nan 
136.875, 65.875, 4.355405677504184e-23, nan 
137.125, 65.875, 4.3234085798409964e-23, nan 
137.375, 65.875, 3.38179158277098e-23, nan 
137.625, 65.875, 5.258305013364419e-23, nan 
137.875, 65.875, 6.305537678060492e-23, nan 
138.125, 65.875, 3.146503856557812e-23, nan 
138.375, 65.875, 2.9313101936395866e-23, nan 
138.625, 65.875, 4.662604271172476e-23, nan 
138.875, 65.875, 4.3105403643725464e-23, nan 
139.125, 65.875, 4.126086368743384e-23, nan 
139.375, 65.875, 3.014535087324057e-23, nan 
139.625, 65.875, 1.7715257501506237e-23, nan 
139.875, 65.875, 1.8304320080815074e-23, nan 
140.125, 65.875, 1.433206566407471e-23, nan 
140.375, 65.875, 1.0787405721493266e-23, nan 
140.625, 65.875, 9.435291302474877e-24, nan 
140.875, 65.875, 1.0523624645602126e-23, nan 
141.125, 65.875, 8.178564258137758e-24, nan 
141.375, 65.875, 5.124355443785769e-24, nan 
141.625, 65.875, 1.8008528956245893e-23, nan 
141.875, 65.875, 2.0031405132298218e-23, nan 
142.125, 65.875, 1.2340929758575342e-23, nan 
142.375, 65.875, 2.5837125101517328e-23, nan 
142.625, 65.875, 2.2470966609360585e-23, nan 
142.875, 65.875, 2.019683480236501e-23, nan 
143.125, 65.875, 3.141937817524059e-23, nan 
143.375, 65.875, 3.61408704913255e-23, nan 
143.625, 65.875, 4.306010985218172e-23, nan 
143.875, 65.875, 2.268946284992006e-23, nan 
144.125, 65.875, 3.0772524309493236e-23, nan 
144.375, 65.875, 3.712568435100029e-23, nan 
144.625, 65.875, 2.881291787391097e-23, nan 
144.875, 65.875, 3.081828139935887e-23, nan 
145.125, 65.875, 2.7613585106287475e-23, nan 
145.375, 65.875, 1.6605693304430945e-23, nan 
145.625, 65.875, 1.4500948255914622e-23, nan 
145.875, 65.875, 1.0609540564129619e-23, nan 
146.125, 65.875, 6.70117386945163e-24, nan 
146.375, 65.875, 9.008290117287975e-24, nan 
146.625, 65.875, 1.1600503661183989e-23, nan 
146.875, 65.875, 9.821868779346247e-24, nan 
147.125, 65.875, 3.981637147265125e-24, nan 
147.375, 65.875, 1.3697978519931302e-23, nan 
147.625, 65.875, 1.3834999139524938e-23, nan 
147.875, 65.875, 2.4141898914393243e-24, nan 
148.125, 65.875, 1.0469522717158076e-23, nan 
148.375, 65.875, 1.0347883654614233e-23, nan 
148.625, 65.875, 4.2190673204183056e-24, nan 
148.875, 65.875, 4.562310994473991e-24, nan 
149.125, 65.875, 4.964867699221883e-24, nan 
149.375, 65.875, 8.235871713514104e-24, nan 
149.625, 65.875, 8.72592135809936e-24, nan 
149.875, 65.875, 7.593564695177074e-24, nan 
150.125, 65.875, 9.027870668931093e-24, nan 
150.375, 65.875, 1.3172578413467389e-23, nan 
150.625, 65.875, 1.1972420427412883e-23, nan 
150.875, 65.875, 1.381571209586067e-23, nan 
151.125, 65.875, 1.3498379779069015e-23, nan 
151.375, 65.875, 1.394018209001739e-23, nan 
151.625, 65.875, 1.3075049197312165e-23, nan 
151.875, 65.875, 1.5351050791821977e-23, nan 
152.125, 65.875, 1.5261317865616288e-23, nan 
152.375, 65.875, 1.4502379100237417e-23, nan 
152.625, 65.875, 1.0380757641005353e-23, nan 
152.875, 65.875, 1.0413791877450815e-23, nan 
153.125, 65.875, 7.955843404436562e-24, nan 
153.375, 65.875, 8.241774796975038e-24, nan 
153.625, 65.875, 8.325574440381792e-24, nan 
153.875, 65.875, 5.786981083714466e-24, nan 
154.125, 65.875, 4.443639384245758e-24, nan 
154.375, 65.875, 4.4656689518825175e-24, nan 
154.625, 65.875, 4.734741697094895e-24, nan 
154.875, 65.875, 4.6033651927445424e-24, nan 
155.125, 65.875, 3.3337201392359394e-24, nan 
155.375, 65.875, 5.563903375254369e-24, nan 
155.625, 65.875, 4.0816250011894035e-24, nan 
155.875, 65.875, 3.3844231526079375e-24, nan 
156.125, 65.875, 2.9082813841303793e-24, nan 
156.375, 65.875, 3.7372328128092305e-24, nan 
156.625, 65.875, 3.986802533006357e-24, nan 
156.875, 65.875, 6.034298518257377e-24, nan 
157.125, 65.875, 6.774312438516456e-24, nan 
157.375, 65.875, 5.010338662399947e-24, nan 
157.625, 65.875, 5.95786370783111e-24, nan 
157.875, 65.875, 8.929898670311928e-24, nan 
158.125, 65.875, 3.394963449812754e-24, nan 
158.375, 65.875, 2.591011251284126e-24, nan 
158.625, 65.875, 5.3529997684823936e-24, nan 
158.875, 65.875, 4.652455812851578e-24, nan 
159.125, 65.875, 5.025175927612483e-24, nan 
159.375, 65.875, 4.794058409938194e-24, nan 
159.625, 65.875, 3.629815214316639e-24, nan 
159.875, 65.875, 3.569324550419658e-24, nan 
160.125, 65.875, 1.996517101947798e-24, nan 
160.375, 65.875, 1.2669729988900432e-24, nan 
160.625, 65.875, 1.684413589690809e-24, nan 
160.875, 65.875, 1.8791083130640033e-24, nan 
161.125, 65.875, 1.6877663892617896e-24, nan 
161.375, 65.875, 1.6236743101302458e-24, nan 
161.625, 65.875, 1.3985228640804204e-24, nan 
161.875, 65.875, 9.171495830494783e-25, nan 
162.125, 65.875, 1.2338351759204284e-24, nan 
162.375, 65.875, 2.482507049498892e-24, nan 
162.625, 65.875, 3.982187681526566e-24, nan 
162.875, 65.875, 1.5403473045227132e-24, nan 
163.125, 65.875, 2.788360423204951e-24, nan 
163.375, 65.875, 6.195660016732661e-24, nan 
163.625, 65.875, 2.981104303240802e-24, nan 
163.875, 65.875, 3.4186290342173984e-24, nan 
164.125, 65.875, 3.5311064362224e-24, nan 
164.375, 65.875, 2.6543377576610332e-24, nan 
164.625, 65.875, 3.504557312198971e-24, nan 
164.875, 65.875, 2.693085499760018e-24, nan 
165.125, 65.875, 2.5029368596302594e-24, nan 
165.375, 65.875, 2.3812326495260293e-24, nan 
165.625, 65.875, 2.1477700368984036e-24, nan 
165.875, 65.875, 2.0111255484292845e-24, nan 
166.125, 65.875, 9.020545179470036e-25, nan 
166.375, 65.875, 1.4291040084678621e-24, nan 
166.625, 65.875, 1.2665627571918383e-24, nan 
166.875, 65.875, 1.551865437722239e-24, nan 
167.125, 65.875, 1.4649356380325117e-24, nan 
167.375, 65.875, 1.0410867454725851e-24, nan 
167.625, 65.875, 8.498817677520265e-25, nan 
167.875, 65.875, 3.5346381796266267e-25, nan 
168.125, 65.875, 8.004535680564627e-25, nan 
34.375, 66.125, 1.0616201662523625e-24, nan 
34.625, 66.125, 1.065444689174179e-24, nan 
34.875, 66.125, 9.308119537809914e-25, nan 
35.125, 66.125, 1.320245625743303e-24, nan 
35.375, 66.125, 1.234094878552783e-24, nan 
35.625, 66.125, 1.6019740015223582e-24, nan 
35.875, 66.125, 1.7661907454655644e-24, nan 
36.125, 66.125, 1.706610062996199e-24, nan 
36.375, 66.125, 2.3602748094467247e-24, nan 
36.625, 66.125, 1.7579314659534184e-24, nan 
36.875, 66.125, 1.4620305040740436e-24, nan 
37.125, 66.125, 2.5935368115837527e-24, nan 
37.375, 66.125, 1.427355843027446e-24, nan 
37.625, 66.125, 2.374131144974155e-24, nan 
37.875, 66.125, 1.2676065377077118e-24, nan 
38.125, 66.125, 3.373041092332875e-24, nan 
38.375, 66.125, 1.589703427766979e-23, nan 
38.625, 66.125, 2.867304165493171e-24, nan 
38.875, 66.125, 5.526049451982755e-23, nan 
39.125, 66.125, 5.695825295794074e-23, nan 
39.375, 66.125, 7.569935891815292e-23, nan 
39.625, 66.125, 1.0673083198702405e-22, nan 
39.875, 66.125, 8.449443241298669e-23, nan 
40.125, 66.125, 7.772028825113065e-23, nan 
40.375, 66.125, 7.374566983865803e-23, nan 
40.625, 66.125, 4.816206202071451e-23, nan 
40.875, 66.125, 4.1833422183735446e-23, nan 
41.125, 66.125, 7.650979829869738e-24, nan 
41.375, 66.125, 6.151185708227271e-24, nan 
41.625, 66.125, 4.863375689155553e-24, nan 
41.875, 66.125, 4.9202698031516575e-24, nan 
42.125, 66.125, 3.489427647002335e-24, nan 
42.375, 66.125, 4.021099742263149e-24, nan 
42.625, 66.125, 3.8502267062811466e-24, nan 
42.875, 66.125, 4.005675783056092e-24, nan 
43.125, 66.125, 3.44947119808363e-24, nan 
43.375, 66.125, 1.832622392150845e-24, nan 
43.625, 66.125, 1.2376768187051904e-24, nan 
43.875, 66.125, 1.43498162320681e-24, nan 
44.125, 66.125, 1.1205125106794931e-24, nan 
44.375, 66.125, 1.5450356200195207e-24, nan 
44.625, 66.125, 1.7415855587634032e-24, nan 
44.875, 66.125, 1.7056467077433414e-24, nan 
45.125, 66.125, 2.1517909728395107e-24, nan 
45.375, 66.125, 2.1762182769714616e-24, nan 
45.625, 66.125, 3.4358023223041e-24, nan 
45.875, 66.125, 3.518429236383195e-24, nan 
46.125, 66.125, 2.7693527393623166e-24, nan 
46.375, 66.125, 2.9837792901380916e-24, nan 
46.625, 66.125, 3.882741287547684e-24, nan 
46.875, 66.125, 2.7871002910732958e-24, nan 
47.125, 66.125, 1.933732418984461e-24, nan 
47.375, 66.125, 2.6668766016761632e-24, nan 
47.625, 66.125, 2.218577718994508e-24, nan 
47.875, 66.125, 3.766891246340621e-24, nan 
48.125, 66.125, 3.308817083572241e-24, nan 
48.375, 66.125, 3.6162418482555684e-24, nan 
48.625, 66.125, 5.5236076084330735e-24, nan 
48.875, 66.125, 4.7441233742198936e-24, nan 
49.125, 66.125, 6.2819707428836755e-24, nan 
49.375, 66.125, 8.60234558004769e-24, nan 
49.625, 66.125, 5.63360898342857e-24, nan 
49.875, 66.125, 4.0877823992584814e-24, nan 
50.125, 66.125, 6.4589123478969035e-24, nan 
50.375, 66.125, 5.095952471334716e-24, nan 
50.625, 66.125, 5.031708457253984e-24, nan 
50.875, 66.125, 5.736144152927933e-24, nan 
51.125, 66.125, 5.312080362491592e-24, nan 
51.375, 66.125, 7.034551234485703e-24, nan 
51.625, 66.125, 6.578696698662044e-24, nan 
51.875, 66.125, 4.9062780383975454e-24, nan 
52.125, 66.125, 5.447583784490049e-24, nan 
52.375, 66.125, 6.64754613264963e-24, nan 
52.625, 66.125, 4.758164098654521e-24, nan 
52.875, 66.125, 1.2178478611071138e-23, nan 
53.125, 66.125, 1.4135198574485373e-23, nan 
53.375, 66.125, 8.592527658601675e-24, nan 
53.625, 66.125, 1.4409552575257593e-23, nan 
53.875, 66.125, 1.532709460240864e-23, nan 
54.125, 66.125, 4.780301671152573e-24, nan 
54.375, 66.125, 2.921364293412358e-24, nan 
54.625, 66.125, 5.621959265628418e-24, nan 
54.875, 66.125, 7.19643485720311e-24, nan 
55.125, 66.125, 3.5629120177433365e-24, nan 
55.375, 66.125, 5.703506152210015e-24, nan 
55.625, 66.125, 7.394816322882514e-24, nan 
55.875, 66.125, 5.2490121766538324e-24, nan 
56.125, 66.125, 6.153828901057073e-24, nan 
56.375, 66.125, 9.218582066856173e-24, nan 
56.625, 66.125, 1.243895411968258e-23, nan 
56.875, 66.125, 1.0462848942754492e-23, nan 
57.125, 66.125, 1.5751758989619046e-23, nan 
57.375, 66.125, 2.343902379993216e-23, nan 
57.625, 66.125, 1.3396010937560662e-23, nan 
57.875, 66.125, 1.2599613220642774e-23, nan 
58.125, 66.125, 1.5428920678721487e-23, nan 
58.375, 66.125, 1.2896447854677674e-23, nan 
58.625, 66.125, 1.5866624218680748e-23, nan 
58.875, 66.125, 1.2521155279322511e-23, nan 
59.125, 66.125, 1.0751494421728904e-23, nan 
59.375, 66.125, 9.11362645347547e-24, nan 
59.625, 66.125, 9.357392324948674e-24, nan 
59.875, 66.125, 9.652966526067488e-24, nan 
60.125, 66.125, 1.1095676255212824e-23, nan 
60.375, 66.125, 9.163811383599539e-24, nan 
60.625, 66.125, 1.1080243083301212e-23, nan 
60.875, 66.125, 1.3578216027615194e-23, nan 
61.125, 66.125, 8.997965416778103e-24, nan 
61.375, 66.125, 1.0446159206660063e-23, nan 
61.625, 66.125, 1.233715230005657e-23, nan 
61.875, 66.125, 9.55249031900421e-24, nan 
62.125, 66.125, 1.0904542340311373e-23, nan 
62.375, 66.125, 9.653599989634009e-24, nan 
62.625, 66.125, 1.2584083729954348e-23, nan 
62.875, 66.125, 1.6333325605537997e-23, nan 
63.125, 66.125, 1.2526621912187466e-23, nan 
63.375, 66.125, 7.045243183336336e-24, nan 
63.625, 66.125, 2.2441258609842817e-23, nan 
63.875, 66.125, 3.828928906570446e-23, nan 
64.125, 66.125, 4.9624466244420906e-23, nan 
64.375, 66.125, 4.638431493514409e-23, nan 
64.625, 66.125, 3.177862248209445e-23, nan 
64.875, 66.125, 1.34951435765002e-23, nan 
65.125, 66.125, 1.5220858264369166e-23, nan 
65.375, 66.125, 6.75718312129806e-24, nan 
65.625, 66.125, 1.3142525959818467e-23, nan 
65.875, 66.125, 2.7109924440658126e-23, nan 
66.125, 66.125, 2.69066511051359e-23, nan 
66.375, 66.125, 3.336319188181527e-23, nan 
66.625, 66.125, 3.116519161927914e-23, nan 
66.875, 66.125, 4.4321005234409166e-23, nan 
67.125, 66.125, 6.836799409373631e-23, nan 
67.375, 66.125, 5.309963864044062e-23, nan 
67.625, 66.125, 5.934852370496129e-23, nan 
67.875, 66.125, 8.236870937993498e-23, nan 
68.125, 66.125, 5.198786222484361e-23, nan 
68.375, 66.125, 4.365764112102702e-23, nan 
68.625, 66.125, 1.8476483586758326e-23, nan 
68.875, 66.125, 1.1754583089866018e-23, nan 
69.125, 66.125, 2.319343789962657e-23, nan 
69.375, 66.125, 4.1363188961550057e-23, nan 
69.625, 66.125, 4.3950121545221396e-23, nan 
69.875, 66.125, 4.542167803412403e-23, nan 
70.125, 66.125, 4.3182497435170605e-23, nan 
70.375, 66.125, 3.6426585138183095e-23, nan 
70.625, 66.125, 5.783737861562409e-23, nan 
70.875, 66.125, 4.5559796508522434e-23, nan 
71.125, 66.125, 1.9455957690171612e-23, nan 
71.375, 66.125, 1.6341847129102436e-23, nan 
71.625, 66.125, 4.723589267998213e-23, nan 
71.875, 66.125, 4.4000423953368765e-23, nan 
72.125, 66.125, 5.477620684069169e-23, nan 
72.375, 66.125, 1.07864571978482e-22, nan 
72.625, 66.125, 1.4461262793185118e-22, nan 
72.875, 66.125, 1.8509431459398798e-22, nan 
73.125, 66.125, 1.6592293193980864e-22, nan 
73.375, 66.125, 2.2802804544117847e-22, nan 
73.625, 66.125, 1.7864386704435368e-22, nan 
73.875, 66.125, 1.687515031323061e-22, nan 
74.125, 66.125, 1.1181123967953043e-22, nan 
74.375, 66.125, 1.4612719946303552e-22, nan 
74.625, 66.125, 8.684291408422617e-23, nan 
74.875, 66.125, 3.4368824447289013e-23, nan 
75.125, 66.125, 6.403748643388652e-23, nan 
75.375, 66.125, 8.019632958459878e-23, nan 
75.625, 66.125, 1.143632268524262e-22, nan 
75.875, 66.125, 1.1788023428244882e-22, nan 
76.125, 66.125, 1.5218999315490726e-22, nan 
76.375, 66.125, 5.794842470040899e-23, nan 
76.625, 66.125, 1.0369863483237548e-22, nan 
76.875, 66.125, 1.8575618980728355e-22, nan 
77.125, 66.125, 2.588459203750636e-22, nan 
77.375, 66.125, 2.3323894204821893e-22, nan 
77.625, 66.125, 2.6646981568480803e-22, nan 
77.875, 66.125, 3.7387624065455254e-22, nan 
78.125, 66.125, 3.274905976779798e-22, nan 
78.375, 66.125, 3.8131186777897606e-22, nan 
78.625, 66.125, 2.1598247082089193e-22, nan 
78.875, 66.125, 3.1052291284385736e-22, nan 
79.125, 66.125, 1.2984770092022048e-22, nan 
79.375, 66.125, 2.2292678358701443e-22, nan 
79.625, 66.125, 3.3424032305645224e-22, nan 
79.875, 66.125, 4.309144803645736e-22, nan 
80.125, 66.125, 3.774492708745841e-22, nan 
80.375, 66.125, 1.4321188744519005e-21, nan 
80.625, 66.125, 5.81854921812789e-22, nan 
80.875, 66.125, 6.439534593980045e-22, nan 
81.125, 66.125, 2.8212258123067263e-21, nan 
81.375, 66.125, 1.3871951927563523e-22, nan 
81.625, 66.125, 1.0824696476759031e-21, nan 
81.875, 66.125, 3.3745171996800356e-21, nan 
82.125, 66.125, 7.02231688758578e-22, nan 
82.375, 66.125, 7.585332549836763e-22, nan 
82.625, 66.125, 2.245668747282237e-21, nan 
82.875, 66.125, 8.542320359016957e-22, nan 
83.125, 66.125, 1.127710964139583e-21, nan 
83.375, 66.125, 5.577443890689487e-22, nan 
83.625, 66.125, 4.979634930934679e-22, nan 
83.875, 66.125, 1.3250359057573199e-21, nan 
84.125, 66.125, 4.845218957551084e-22, nan 
84.375, 66.125, 9.739381967659622e-22, nan 
84.625, 66.125, 1.6477527229702956e-21, nan 
84.875, 66.125, 6.64264042431351e-22, nan 
85.125, 66.125, 6.218954813207593e-22, nan 
85.375, 66.125, 7.78334719956287e-22, nan 
85.625, 66.125, 6.843761422933698e-22, nan 
85.875, 66.125, 8.846286353538679e-22, nan 
86.125, 66.125, 9.134591397329652e-22, nan 
86.375, 66.125, 2.485085480700497e-21, nan 
86.625, 66.125, 2.311239285743287e-21, nan 
86.875, 66.125, 2.3623953090979335e-21, nan 
87.125, 66.125, 3.4708205498669676e-21, nan 
87.375, 66.125, 3.254481455949841e-21, nan 
87.625, 66.125, 2.176636552461575e-21, nan 
87.875, 66.125, 2.321976130390825e-21, nan 
88.125, 66.125, 1.1993284026214702e-21, nan 
88.375, 66.125, 2.6179560988141114e-21, nan 
88.625, 66.125, 2.622717425923512e-21, nan 
88.875, 66.125, 3.314705052393784e-21, nan 
89.125, 66.125, 2.0224009313256883e-21, nan 
89.375, 66.125, 2.4265339672154102e-21, nan 
89.625, 66.125, 3.417529156489579e-21, nan 
89.875, 66.125, 2.2608346884453035e-21, nan 
90.125, 66.125, 3.4908691835359226e-21, nan 
90.375, 66.125, 3.263034515621239e-21, nan 
90.625, 66.125, 4.710481592692505e-21, nan 
90.875, 66.125, 2.8664723930662466e-21, nan 
91.125, 66.125, 7.331106546920965e-21, nan 
91.375, 66.125, 4.862213133689834e-21, nan 
91.625, 66.125, 7.280368594084639e-21, nan 
91.875, 66.125, 1.0336284292230233e-20, nan 
92.125, 66.125, 1.4090801654433577e-20, nan 
92.375, 66.125, 1.0718530387192398e-20, nan 
92.625, 66.125, 1.249073192672161e-20, nan 
92.875, 66.125, 1.5820141761758037e-20, nan 
93.125, 66.125, 1.2288494592316366e-20, nan 
93.375, 66.125, 1.470247595103889e-20, nan 
93.625, 66.125, 1.233968932101477e-20, nan 
93.875, 66.125, 1.6954775457395728e-20, nan 
94.125, 66.125, 2.1905607760303168e-20, nan 
94.375, 66.125, 2.0260285834535078e-20, nan 
94.625, 66.125, 2.2951644004135455e-20, nan 
94.875, 66.125, 4.3541698805590255e-20, nan 
95.125, 66.125, 2.2109976459005377e-20, nan 
95.375, 66.125, 3.3010019774002247e-20, nan 
95.625, 66.125, 4.143902511306704e-20, nan 
95.875, 66.125, 3.6157362155055153e-20, nan 
96.125, 66.125, 1.7628840433391157e-20, nan 
96.375, 66.125, 4.4175788454443945e-20, nan 
96.625, 66.125, 6.618007572806374e-20, nan 
96.875, 66.125, 8.239551582608247e-20, nan 
97.125, 66.125, 9.158879118305683e-20, nan 
97.375, 66.125, 9.536890150072154e-20, nan 
97.625, 66.125, 1.1837902397579752e-19, nan 
97.875, 66.125, 1.4380129281669137e-19, nan 
98.125, 66.125, 1.2525821709486404e-19, nan 
98.375, 66.125, 1.4403117326588685e-19, nan 
98.625, 66.125, 1.431610269233422e-19, nan 
98.875, 66.125, 1.3511115842119806e-19, nan 
99.125, 66.125, 2.9705165391397284e-19, nan 
99.375, 66.125, 2.6052242805821565e-19, nan 
99.625, 66.125, 3.289278060300492e-19, nan 
99.875, 66.125, 3.373266099939632e-19, nan 
100.125, 66.125, 4.3162904292507877e-19, nan 
100.375, 66.125, 2.440789672379492e-19, nan 
100.625, 66.125, 2.987369017592367e-19, nan 
100.875, 66.125, 2.9310098545972104e-19, nan 
101.125, 66.125, 2.0550806181104587e-19, nan 
101.375, 66.125, 1.4726032557228053e-19, nan 
101.625, 66.125, 1.4011943364576433e-19, nan 
101.875, 66.125, 1.448651305105109e-19, nan 
102.125, 66.125, 1.4965230399789575e-19, nan 
102.375, 66.125, 6.242960569954351e-20, nan 
102.625, 66.125, 1.2678593317326123e-19, nan 
102.875, 66.125, 9.206575994546223e-20, nan 
103.125, 66.125, 1.4520333925620189e-19, nan 
103.375, 66.125, 9.790819383769733e-20, nan 
103.625, 66.125, 1.2368757372488454e-19, nan 
103.875, 66.125, 1.537557319789156e-19, nan 
104.125, 66.125, 1.191367187750591e-19, nan 
104.375, 66.125, 1.3684498733004405e-19, nan 
104.625, 66.125, 1.4565413861785152e-19, nan 
104.875, 66.125, 1.369416036122162e-19, nan 
105.125, 66.125, 3.46796884046905e-20, nan 
105.375, 66.125, 7.903396310568689e-20, nan 
105.625, 66.125, 5.152220222541838e-20, nan 
105.875, 66.125, 3.74943959944589e-20, nan 
106.125, 66.125, 1.981914334707547e-20, nan 
106.375, 66.125, 2.5298656370173888e-20, nan 
106.625, 66.125, 2.803209821423178e-20, nan 
106.875, 66.125, 4.0056032075141066e-20, nan 
107.125, 66.125, 6.05667394523279e-20, nan 
107.375, 66.125, 5.492819983999117e-20, nan 
107.625, 66.125, 5.650591992466085e-20, nan 
107.875, 66.125, 3.1977150676692965e-20, nan 
108.125, 66.125, 2.663493429834133e-20, nan 
108.375, 66.125, 2.832030372827647e-20, nan 
108.625, 66.125, 2.336901851780438e-20, nan 
108.875, 66.125, 2.7799514154127956e-20, nan 
109.125, 66.125, 2.286377478065442e-20, nan 
109.375, 66.125, 1.1830424265873445e-20, nan 
109.625, 66.125, 1.6276540085343662e-20, nan 
109.875, 66.125, 1.9538802809759383e-20, nan 
110.125, 66.125, 2.1275239018973758e-20, nan 
110.375, 66.125, 8.625967966065142e-21, nan 
110.625, 66.125, 1.0158092719379627e-20, nan 
110.875, 66.125, 1.082539641218045e-20, nan 
111.125, 66.125, 7.8687733710132e-21, nan 
111.375, 66.125, 8.342587296885211e-21, nan 
111.625, 66.125, 3.638332218907927e-21, nan 
111.875, 66.125, 2.261002639827901e-21, nan 
112.125, 66.125, 1.9531107814674287e-21, nan 
112.375, 66.125, 3.196005215859465e-21, nan 
112.625, 66.125, 4.8044083842251266e-21, nan 
112.875, 66.125, 1.003972766320558e-20, nan 
113.125, 66.125, 1.2511205595197415e-20, nan 
113.375, 66.125, 1.0639203287618475e-20, nan 
113.625, 66.125, 7.803110618204854e-21, nan 
113.875, 66.125, 1.0039853669627787e-20, nan 
114.125, 66.125, 8.103166073154236e-21, nan 
114.375, 66.125, 5.919247310970883e-21, nan 
114.625, 66.125, 3.0487464270120105e-21, nan 
114.875, 66.125, 1.9857370924230564e-21, nan 
115.125, 66.125, 1.4781366071074412e-21, nan 
115.375, 66.125, 1.0431119980258745e-21, nan 
115.625, 66.125, 1.4012887678134036e-21, nan 
115.875, 66.125, 3.1887173599632267e-21, nan 
116.125, 66.125, 5.175104756847572e-21, nan 
116.375, 66.125, 4.545969013969829e-21, nan 
116.625, 66.125, 3.208730515886342e-21, nan 
116.875, 66.125, 4.171526723496439e-21, nan 
117.125, 66.125, 2.5116695553867075e-21, nan 
117.375, 66.125, 2.0308977773124637e-21, nan 
117.625, 66.125, 9.402082915343171e-22, nan 
117.875, 66.125, 1.1289072587370657e-21, nan 
118.125, 66.125, 1.2765619686784678e-21, nan 
118.375, 66.125, 1.3721895363277016e-21, nan 
118.625, 66.125, 1.0893715029972204e-21, nan 
118.875, 66.125, 1.0877481132413576e-21, nan 
119.125, 66.125, 1.38924108727973e-21, nan 
119.375, 66.125, 7.887733441817753e-22, nan 
119.625, 66.125, 3.8615417109613767e-22, nan 
119.875, 66.125, 6.703539684307646e-22, nan 
120.125, 66.125, 6.128630958955905e-22, nan 
120.375, 66.125, 4.5746733788832865e-22, nan 
120.625, 66.125, 3.810032418894543e-22, nan 
120.875, 66.125, 4.540966860181633e-22, nan 
121.125, 66.125, 7.632143819329594e-22, nan 
121.375, 66.125, 4.667739993587235e-22, nan 
121.625, 66.125, 5.262075096926026e-22, nan 
121.875, 66.125, 8.239697570259578e-22, nan 
122.125, 66.125, 4.298027526363839e-22, nan 
122.375, 66.125, 3.3415614375411866e-22, nan 
122.625, 66.125, 3.6891426638374576e-22, nan 
122.875, 66.125, 2.405459923239799e-22, nan 
123.125, 66.125, 3.237869904501216e-22, nan 
123.375, 66.125, 4.289191710579089e-22, nan 
123.625, 66.125, 3.0440174190282584e-22, nan 
123.875, 66.125, 1.9211017166120549e-22, nan 
124.125, 66.125, 1.3296140912197963e-22, nan 
124.375, 66.125, 1.3482493411425293e-22, nan 
124.625, 66.125, 1.3431260281154567e-22, nan 
124.875, 66.125, 7.309253713937623e-23, nan 
125.125, 66.125, 7.146435275791398e-23, nan 
125.375, 66.125, 1.1788181986116895e-22, nan 
125.625, 66.125, 1.8954332636337718e-22, nan 
125.875, 66.125, 2.149278107518738e-22, nan 
126.125, 66.125, 1.992613580577498e-22, nan 
126.375, 66.125, 2.2247693943791407e-22, nan 
126.625, 66.125, 2.9096083641901453e-22, nan 
126.875, 66.125, 1.9962473163508758e-22, nan 
127.125, 66.125, 1.0937214620959604e-22, nan 
127.375, 66.125, 2.402256944906023e-22, nan 
127.625, 66.125, 3.0600482972455283e-22, nan 
127.875, 66.125, 2.9545313016958014e-22, nan 
128.125, 66.125, 2.069706375838423e-22, nan 
128.375, 66.125, 2.6050611463367426e-22, nan 
128.625, 66.125, 2.510486605166319e-22, nan 
128.875, 66.125, 2.265801763722382e-22, nan 
129.125, 66.125, 2.0525307940672781e-22, nan 
129.375, 66.125, 5.1007222865151016e-23, nan 
129.625, 66.125, 1.0552265126711606e-22, nan 
129.875, 66.125, 1.303634307720655e-22, nan 
130.125, 66.125, 3.168004113800094e-23, nan 
130.375, 66.125, 4.102319948627692e-23, nan 
130.625, 66.125, 6.719628241189569e-23, nan 
130.875, 66.125, 1.0245110650829313e-22, nan 
131.125, 66.125, 4.8811763128040117e-23, nan 
131.375, 66.125, 9.576926805195066e-23, nan 
131.625, 66.125, 8.966834487587515e-23, nan 
131.875, 66.125, 5.078987903437355e-23, nan 
132.125, 66.125, 9.493079863204852e-23, nan 
132.375, 66.125, 7.291495464532484e-23, nan 
132.625, 66.125, 4.2159324942125717e-23, nan 
132.875, 66.125, 1.3419938839912028e-23, nan 
133.125, 66.125, 3.6578950235227e-23, nan 
133.375, 66.125, 3.4043612843482296e-23, nan 
133.625, 66.125, 3.331368879601192e-23, nan 
133.875, 66.125, 1.9451225681276176e-23, nan 
134.125, 66.125, 2.4821028554165176e-23, nan 
134.375, 66.125, 2.5905974369930394e-23, nan 
134.625, 66.125, 1.890673251689689e-23, nan 
134.875, 66.125, 1.2466192355363735e-23, nan 
135.125, 66.125, 9.143082760456309e-24, nan 
135.375, 66.125, 1.0933785011332729e-23, nan 
135.625, 66.125, 3.509508124251877e-23, nan 
135.875, 66.125, 2.478085152451023e-23, nan 
136.125, 66.125, 1.8488476305874522e-23, nan 
136.375, 66.125, 3.7789509964557537e-23, nan 
136.625, 66.125, 3.9520331358932554e-23, nan 
136.875, 66.125, 3.4336305689549253e-23, nan 
137.125, 66.125, 4.216169262206569e-23, nan 
137.375, 66.125, 4.3570984945751065e-23, nan 
137.625, 66.125, 2.918067900267351e-23, nan 
137.875, 66.125, 4.1361394071417716e-23, nan 
138.125, 66.125, 3.509301661643297e-23, nan 
138.375, 66.125, 2.3418117056286353e-23, nan 
138.625, 66.125, 1.6860353169904897e-23, nan 
138.875, 66.125, 1.4220001211326352e-23, nan 
139.125, 66.125, 1.5215977963500558e-23, nan 
139.375, 66.125, 1.6223170738261115e-23, nan 
139.625, 66.125, 1.440602581027171e-23, nan 
139.875, 66.125, 1.7179920972089497e-23, nan 
140.125, 66.125, 1.872230138523e-23, nan 
140.375, 66.125, 1.4978813054157085e-23, nan 
140.625, 66.125, 1.3350057438087082e-23, nan 
140.875, 66.125, 7.987102419738063e-24, nan 
141.125, 66.125, 1.053410296599971e-23, nan 
141.375, 66.125, 1.485642323391465e-23, nan 
141.625, 66.125, 1.9216182475886865e-23, nan 
141.875, 66.125, 2.1099110038121147e-23, nan 
142.125, 66.125, 1.8845707544220523e-23, nan 
142.375, 66.125, 1.7908157534017601e-23, nan 
142.625, 66.125, 2.272127280088178e-23, nan 
142.875, 66.125, 2.8651366549374547e-23, nan 
143.125, 66.125, 3.862855110309105e-23, nan 
143.375, 66.125, 6.226110851288871e-23, nan 
143.625, 66.125, 2.1640623067016505e-22, nan 
143.875, 66.125, 3.801633578207787e-22, nan 
144.125, 66.125, 3.965098710977999e-22, nan 
144.375, 66.125, 2.587932548741724e-22, nan 
144.625, 66.125, 9.357979342292328e-23, nan 
144.875, 66.125, 3.325944466906261e-23, nan 
145.125, 66.125, 3.5909147261687833e-23, nan 
145.375, 66.125, 2.7202806391087087e-23, nan 
145.625, 66.125, 1.8632723475322248e-23, nan 
145.875, 66.125, 1.9905861616032946e-23, nan 
146.125, 66.125, 5.629519054831637e-24, nan 
146.375, 66.125, 3.597274159816919e-24, nan 
146.625, 66.125, 7.121927493940923e-24, nan 
146.875, 66.125, 9.568935873475155e-24, nan 
147.125, 66.125, 1.0483011859762644e-23, nan 
147.375, 66.125, 1.1845272609983921e-23, nan 
147.625, 66.125, 1.1460804729609061e-23, nan 
147.875, 66.125, 3.8768098445186716e-24, nan 
148.125, 66.125, 7.718568583698418e-24, nan 
148.375, 66.125, 8.011244042690445e-24, nan 
148.625, 66.125, 4.527549632830999e-24, nan 
148.875, 66.125, 4.0772757687800965e-24, nan 
149.125, 66.125, 5.1802931580146414e-24, nan 
149.375, 66.125, 7.995332426918272e-24, nan 
149.625, 66.125, 1.056740047832985e-23, nan 
149.875, 66.125, 7.476628366407857e-24, nan 
150.125, 66.125, 8.503190356776644e-24, nan 
150.375, 66.125, 1.4789334766984263e-23, nan 
150.625, 66.125, 1.5895017312214907e-23, nan 
150.875, 66.125, 2.01900248000662e-23, nan 
151.125, 66.125, 1.1238208429826452e-23, nan 
151.375, 66.125, 1.5059128323790477e-23, nan 
151.625, 66.125, 1.5070300375174342e-23, nan 
151.875, 66.125, 1.2968115357526601e-23, nan 
152.125, 66.125, 1.0661638128732384e-23, nan 
152.375, 66.125, 1.0724591887830703e-23, nan 
152.625, 66.125, 8.839993574015146e-24, nan 
152.875, 66.125, 5.3811340228475135e-24, nan 
153.125, 66.125, 3.171031744475034e-24, nan 
153.375, 66.125, 1.3050701805679674e-24, nan 
153.625, 66.125, 4.281473710481249e-24, nan 
153.875, 66.125, 4.573670232923308e-24, nan 
154.125, 66.125, 3.675363544775713e-24, nan 
154.375, 66.125, 4.757320864990801e-24, nan 
154.625, 66.125, 4.399171025738203e-24, nan 
154.875, 66.125, 4.661481859481146e-24, nan 
155.125, 66.125, 2.4883853374515423e-24, nan 
155.375, 66.125, 1.520701925690275e-24, nan 
155.625, 66.125, 2.9840407213049467e-24, nan 
155.875, 66.125, 3.380026965151095e-24, nan 
156.125, 66.125, 1.977397396537734e-24, nan 
156.375, 66.125, 3.518675008834604e-24, nan 
156.625, 66.125, 3.1003148553623487e-24, nan 
156.875, 66.125, 5.942031345620661e-24, nan 
157.125, 66.125, 4.848508719432979e-24, nan 
157.375, 66.125, 4.8732226948406696e-24, nan 
157.625, 66.125, 6.4862459832139416e-24, nan 
157.875, 66.125, 6.29241510637327e-24, nan 
158.125, 66.125, 4.76125933977466e-24, nan 
158.375, 66.125, 4.410905538502755e-24, nan 
158.625, 66.125, 3.906165351451971e-24, nan 
158.875, 66.125, 4.021199563135104e-24, nan 
159.125, 66.125, 4.553886472348366e-24, nan 
159.375, 66.125, 3.1794362591408993e-24, nan 
159.625, 66.125, 2.1698406005530965e-24, nan 
159.875, 66.125, 1.5837206111684475e-24, nan 
160.125, 66.125, 1.3633977422245222e-24, nan 
160.375, 66.125, 1.5587801838011283e-24, nan 
160.625, 66.125, 1.374761742962331e-24, nan 
160.875, 66.125, 1.464950434121608e-24, nan 
161.125, 66.125, 1.4085120468969565e-24, nan 
161.375, 66.125, 1.8679332593134514e-24, nan 
161.625, 66.125, 1.8533910110955656e-24, nan 
161.875, 66.125, 1.6193378212459427e-24, nan 
162.125, 66.125, 1.4606194881091365e-24, nan 
162.375, 66.125, 3.035565936148889e-24, nan 
162.625, 66.125, 1.755882879703229e-24, nan 
162.875, 66.125, 5.557691207885861e-24, nan 
163.125, 66.125, 2.1287315031932812e-23, nan 
163.375, 66.125, 3.788855251414993e-23, nan 
163.625, 66.125, 2.8619719768991365e-23, nan 
163.875, 66.125, 5.444819156565097e-24, nan 
164.125, 66.125, 3.558596997352539e-24, nan 
164.375, 66.125, 3.477162998613044e-24, nan 
164.625, 66.125, 4.106687130061974e-24, nan 
164.875, 66.125, 3.6798594967523364e-24, nan 
165.125, 66.125, 3.511703016800013e-24, nan 
165.375, 66.125, 1.913771041253371e-24, nan 
165.625, 66.125, 2.092947326556113e-24, nan 
165.875, 66.125, 1.827635170791735e-24, nan 
166.125, 66.125, 1.861938128984849e-24, nan 
166.375, 66.125, 8.643780236039377e-25, nan 
166.625, 66.125, 1.5591683550610933e-24, nan 
166.875, 66.125, 2.9542775553818124e-24, nan 
167.125, 66.125, 1.4927406857537916e-24, nan 
167.375, 66.125, 1.2067543212896078e-24, nan 
167.625, 66.125, 9.024915058352869e-25, nan 
167.875, 66.125, 4.8593810840895605e-25, nan 
168.125, 66.125, 9.850843616708965e-25, nan 
168.375, 66.125, 1.2292357186310726e-24, nan 
34.125, 66.375, 8.582733193184496e-25, nan 
34.375, 66.375, 1.003509448198514e-24, nan 
34.625, 66.375, 8.282128566140825e-25, nan 
34.875, 66.375, 6.564162746956397e-25, nan 
35.125, 66.375, 1.5942125175940463e-24, nan 
35.375, 66.375, 3.774872890025195e-24, nan 
35.625, 66.375, 2.213463137804044e-24, nan 
35.875, 66.375, 1.5792925348272564e-24, nan 
36.125, 66.375, 2.1375150419364067e-24, nan 
36.375, 66.375, 2.0543845041866243e-24, nan 
36.625, 66.375, 2.1198925263531263e-24, nan 
36.875, 66.375, 1.9427637931226492e-24, nan 
37.125, 66.375, 1.911581232279042e-24, nan 
37.375, 66.375, 2.500558320799774e-24, nan 
37.625, 66.375, 3.3261702925306004e-24, nan 
37.875, 66.375, 2.430196444555353e-24, nan 
38.125, 66.375, 1.233545798305238e-23, nan 
38.375, 66.375, 1.8633832524770375e-23, nan 
38.625, 66.375, 5.93397996249759e-23, nan 
38.875, 66.375, 7.287380115269534e-23, nan 
39.125, 66.375, 8.007844006735515e-23, nan 
39.375, 66.375, 1.2834851889979282e-22, nan 
39.625, 66.375, 1.1568573859608512e-22, nan 
39.875, 66.375, 1.4118411377347416e-22, nan 
40.125, 66.375, 1.1873272724780878e-22, nan 
40.375, 66.375, 7.377741509112301e-23, nan 
40.625, 66.375, 9.159168064149126e-23, nan 
40.875, 66.375, 7.015544888638642e-23, nan 
41.125, 66.375, 2.7670352527041016e-23, nan 
41.375, 66.375, 2.4513199146982218e-23, nan 
41.625, 66.375, 8.05937830233481e-24, nan 
41.875, 66.375, 7.56734440838303e-24, nan 
42.125, 66.375, 4.300184755674225e-24, nan 
42.375, 66.375, 7.495710858363357e-24, nan 
42.625, 66.375, 2.9831064595021573e-24, nan 
42.875, 66.375, 4.301966447222748e-24, nan 
43.125, 66.375, 6.58512630494871e-24, nan 
43.375, 66.375, 3.080312379000929e-24, nan 
43.625, 66.375, 1.6933167205701904e-24, nan 
43.875, 66.375, 2.0007137347314477e-24, nan 
44.125, 66.375, 1.4020604209673135e-24, nan 
44.375, 66.375, 1.9337305843080953e-24, nan 
44.625, 66.375, 2.06911417010164e-24, nan 
44.875, 66.375, 2.3635241232583427e-24, nan 
45.125, 66.375, 4.0451674754985854e-24, nan 
45.375, 66.375, 2.5146682003736893e-24, nan 
45.625, 66.375, 3.3777000971420366e-24, nan 
45.875, 66.375, 4.485533826910616e-24, nan 
46.125, 66.375, 2.848532087521394e-24, nan 
46.375, 66.375, 4.557958895954837e-24, nan 
46.625, 66.375, 2.5664876202824762e-24, nan 
46.875, 66.375, 3.2447870836480016e-24, nan 
47.125, 66.375, 2.4926379673741798e-24, nan 
47.375, 66.375, 2.414675041093233e-24, nan 
47.625, 66.375, 1.8911863947646047e-24, nan 
47.875, 66.375, 1.9918789739229895e-24, nan 
48.125, 66.375, 3.0627604310726007e-24, nan 
48.375, 66.375, 3.0220220347203014e-24, nan 
48.625, 66.375, 4.911909623834293e-24, nan 
48.875, 66.375, 4.314010044342118e-24, nan 
49.125, 66.375, 4.606124481888498e-24, nan 
49.375, 66.375, 6.355947774364186e-24, nan 
49.625, 66.375, 6.0957133330728726e-24, nan 
49.875, 66.375, 5.185458360963494e-24, nan 
50.125, 66.375, 5.311271573620792e-24, nan 
50.375, 66.375, 6.039139713974069e-24, nan 
50.625, 66.375, 4.9160547564568284e-24, nan 
50.875, 66.375, 5.790900452229205e-24, nan 
51.125, 66.375, 5.360315011207764e-24, nan 
51.375, 66.375, 6.060744124177376e-24, nan 
51.625, 66.375, 5.3386814507136036e-24, nan 
51.875, 66.375, 5.266618088969439e-24, nan 
52.125, 66.375, 6.48089283483496e-24, nan 
52.375, 66.375, 7.992718064723308e-24, nan 
52.625, 66.375, 5.817369272037846e-24, nan 
52.875, 66.375, 7.63449052443546e-24, nan 
53.125, 66.375, 1.2427673534470264e-23, nan 
53.375, 66.375, 1.2908668286522786e-23, nan 
53.625, 66.375, 9.37307629030024e-24, nan 
53.875, 66.375, 1.179429438851162e-23, nan 
54.125, 66.375, 1.0508521355843755e-23, nan 
54.375, 66.375, 4.888473055765896e-24, nan 
54.625, 66.375, 8.015966777559369e-24, nan 
54.875, 66.375, 8.568584553427258e-24, nan 
55.125, 66.375, 7.217790424193097e-24, nan 
55.375, 66.375, 9.904574005783571e-24, nan 
55.625, 66.375, 5.7097754828029125e-24, nan 
55.875, 66.375, 5.975719313872921e-24, nan 
56.125, 66.375, 3.0881122560567946e-24, nan 
56.375, 66.375, 6.5599482514846276e-24, nan 
56.625, 66.375, 6.691034969533498e-24, nan 
56.875, 66.375, 8.36173866516575e-24, nan 
57.125, 66.375, 1.423502053562798e-23, nan 
57.375, 66.375, 2.0007330509827335e-23, nan 
57.625, 66.375, 1.1889521661880076e-23, nan 
57.875, 66.375, 1.2092810740292466e-23, nan 
58.125, 66.375, 9.49597310197507e-24, nan 
58.375, 66.375, 8.13320816256146e-24, nan 
58.625, 66.375, 2.0661207236143373e-23, nan 
58.875, 66.375, 1.2065157904643666e-23, nan 
59.125, 66.375, 1.144381618436282e-23, nan 
59.375, 66.375, 1.7403917916576137e-23, nan 
59.625, 66.375, 1.4005263189437655e-23, nan 
59.875, 66.375, 1.333574370850397e-23, nan 
60.125, 66.375, 1.2928741112968746e-23, nan 
60.375, 66.375, 7.596882930819615e-24, nan 
60.625, 66.375, 1.3878687692880132e-23, nan 
60.875, 66.375, 1.2886264702469595e-23, nan 
61.125, 66.375, 1.1000327572880211e-23, nan 
61.375, 66.375, 1.891095493548388e-23, nan 
61.625, 66.375, 2.001260106099272e-23, nan 
61.875, 66.375, 9.265911020131182e-24, nan 
62.125, 66.375, 1.1657554369017873e-23, nan 
62.375, 66.375, 1.36259595616116e-23, nan 
62.625, 66.375, 1.234343655502232e-23, nan 
62.875, 66.375, 1.3020853326297618e-23, nan 
63.125, 66.375, 1.059364191064302e-23, nan 
63.375, 66.375, 8.365117720487834e-24, nan 
63.625, 66.375, 1.2015462628690751e-23, nan 
63.875, 66.375, 1.1021709364884795e-23, nan 
64.125, 66.375, 8.700337437944002e-24, nan 
64.375, 66.375, 2.1279616253662457e-23, nan 
64.625, 66.375, 1.663020268677723e-23, nan 
64.875, 66.375, 1.2799367165918592e-23, nan 
65.125, 66.375, 3.9072735126258383e-23, nan 
65.375, 66.375, 2.211597109658614e-23, nan 
65.625, 66.375, 1.25974210080171e-23, nan 
65.875, 66.375, 3.855318921043065e-23, nan 
66.125, 66.375, 3.936296633269146e-23, nan 
66.375, 66.375, 3.998665685018824e-23, nan 
66.625, 66.375, 4.8573956611700234e-23, nan 
66.875, 66.375, 5.451633368363726e-23, nan 
67.125, 66.375, 6.214407003100855e-23, nan 
67.375, 66.375, 3.172770241316487e-23, nan 
67.625, 66.375, 4.376115115755862e-23, nan 
67.875, 66.375, 7.752839836859458e-23, nan 
68.125, 66.375, 3.943845206054056e-23, nan 
68.375, 66.375, 5.424553966940808e-23, nan 
68.625, 66.375, 5.766338237841342e-23, nan 
68.875, 66.375, 4.1964046955307955e-23, nan 
69.125, 66.375, 2.6358116702110763e-23, nan 
69.375, 66.375, 1.7843454688578433e-23, nan 
69.625, 66.375, 4.0044461592908705e-23, nan 
69.875, 66.375, 3.350518238519173e-23, nan 
70.125, 66.375, 3.48722069832442e-23, nan 
70.375, 66.375, 4.9412896966363313e-23, nan 
70.625, 66.375, 6.585669522387119e-23, nan 
70.875, 66.375, 5.164673785675075e-23, nan 
71.125, 66.375, 4.647713851502814e-23, nan 
71.375, 66.375, 8.446253541976741e-23, nan 
71.625, 66.375, 6.328729946207916e-23, nan 
71.875, 66.375, 5.892689565983606e-23, nan 
72.125, 66.375, 2.0312642108159036e-23, nan 
72.375, 66.375, 9.787933551882855e-23, nan 
72.625, 66.375, 1.2718134993217113e-22, nan 
72.875, 66.375, 1.298088062136447e-22, nan 
73.125, 66.375, 1.618176651314074e-22, nan 
73.375, 66.375, 1.9436889435870106e-22, nan 
73.625, 66.375, 1.8278415327583317e-22, nan 
73.875, 66.375, 1.7842974553229679e-22, nan 
74.125, 66.375, 1.5448513649631788e-22, nan 
74.375, 66.375, 5.856554233260468e-23, nan 
74.625, 66.375, 5.922760212823645e-23, nan 
74.875, 66.375, 7.347212316994914e-23, nan 
75.125, 66.375, 9.22109960056616e-23, nan 
75.375, 66.375, 5.358040526325642e-23, nan 
75.625, 66.375, 1.5128112181471045e-22, nan 
75.875, 66.375, 1.415622347156314e-22, nan 
76.125, 66.375, 1.092755911797066e-22, nan 
76.375, 66.375, 1.1611300580674242e-22, nan 
76.625, 66.375, 9.793317716683657e-23, nan 
76.875, 66.375, 9.89953127943112e-23, nan 
77.125, 66.375, 1.4172907188077198e-22, nan 
77.375, 66.375, 1.4435598421131328e-22, nan 
77.625, 66.375, 1.8028353838427032e-22, nan 
77.875, 66.375, 2.998386328994157e-22, nan 
78.125, 66.375, 2.630907164983551e-22, nan 
78.375, 66.375, 3.159427501338817e-22, nan 
78.625, 66.375, 3.6835549711072647e-22, nan 
78.875, 66.375, 3.9237771122920076e-22, nan 
79.125, 66.375, 3.1049078989321696e-22, nan 
79.375, 66.375, 5.894488143636697e-22, nan 
79.625, 66.375, 7.725344029229274e-22, nan 
79.875, 66.375, 4.418316458817977e-22, nan 
80.125, 66.375, 3.760652305142244e-22, nan 
80.375, 66.375, 4.253276410657702e-22, nan 
80.625, 66.375, 4.701658053722394e-22, nan 
80.875, 66.375, 4.746084088793334e-22, nan 
81.125, 66.375, 1.8132844417957318e-21, nan 
81.375, 66.375, 6.505165134820914e-22, nan 
81.625, 66.375, 1.2185758676407731e-21, nan 
81.875, 66.375, 2.1441613325029114e-21, nan 
82.125, 66.375, 9.160512415132399e-22, nan 
82.375, 66.375, 1.2750795981535307e-21, nan 
82.625, 66.375, 3.7202051298761354e-22, nan 
82.875, 66.375, 7.59411197116429e-22, nan 
83.125, 66.375, 1.0750736502102864e-21, nan 
83.375, 66.375, 5.922709904733514e-22, nan 
83.625, 66.375, 5.585258819376823e-22, nan 
83.875, 66.375, 8.790356323519533e-22, nan 
84.125, 66.375, 7.716807847863805e-22, nan 
84.375, 66.375, 1.116713798509517e-21, nan 
84.625, 66.375, 8.688249374020294e-22, nan 
84.875, 66.375, 5.621842809820937e-22, nan 
85.125, 66.375, 6.415022127116675e-22, nan 
85.375, 66.375, 6.8342330758230265e-22, nan 
85.625, 66.375, 1.1523845993015576e-21, nan 
85.875, 66.375, 1.1649139183788181e-21, nan 
86.125, 66.375, 1.4418561099027161e-21, nan 
86.375, 66.375, 2.731339719440156e-21, nan 
86.625, 66.375, 2.0219833655363226e-21, nan 
86.875, 66.375, 2.825498820868657e-21, nan 
87.125, 66.375, 4.273676997268168e-21, nan 
87.375, 66.375, 5.125840717688648e-21, nan 
87.625, 66.375, 2.2532863881079282e-21, nan 
87.875, 66.375, 3.399008886626044e-21, nan 
88.125, 66.375, 3.780034059951892e-21, nan 
88.375, 66.375, 1.4450713141734352e-21, nan 
88.625, 66.375, 2.158015432906861e-21, nan 
88.875, 66.375, 4.5122057505818376e-21, nan 
89.125, 66.375, 4.059348578303667e-21, nan 
89.375, 66.375, 4.846636954050523e-21, nan 
89.625, 66.375, 4.055150617087459e-21, nan 
89.875, 66.375, 3.500263098077349e-21, nan 
90.125, 66.375, 6.960732543067517e-21, nan 
90.375, 66.375, 4.670501816144259e-21, nan 
90.625, 66.375, 5.066396371776995e-21, nan 
90.875, 66.375, 3.222696243790407e-21, nan 
91.125, 66.375, 6.827118312805991e-21, nan 
91.375, 66.375, 6.166339242438001e-21, nan 
91.625, 66.375, 5.4361176579590095e-21, nan 
91.875, 66.375, 5.7620656969242746e-21, nan 
92.125, 66.375, 8.957762620937474e-21, nan 
92.375, 66.375, 6.293194771318347e-21, nan 
92.625, 66.375, 7.344521162794895e-21, nan 
92.875, 66.375, 1.1884993102047051e-20, nan 
93.125, 66.375, 8.466976075862214e-21, nan 
93.375, 66.375, 1.007143513540435e-20, nan 
93.625, 66.375, 1.3389811961591874e-20, nan 
93.875, 66.375, 8.048701201601842e-21, nan 
94.125, 66.375, 1.4517074833669068e-20, nan 
94.375, 66.375, 2.9790010171420553e-20, nan 
94.625, 66.375, 3.45754848785075e-20, nan 
94.875, 66.375, 3.076851952138564e-20, nan 
95.125, 66.375, 5.100496019314182e-20, nan 
95.375, 66.375, 6.187274254586093e-20, nan 
95.625, 66.375, 3.953571133064601e-20, nan 
95.875, 66.375, 3.978614906519437e-20, nan 
96.125, 66.375, 5.915583305468944e-20, nan 
96.375, 66.375, 5.2114118417118894e-20, nan 
96.625, 66.375, 7.540143212438515e-20, nan 
96.875, 66.375, 9.733843345137166e-20, nan 
97.125, 66.375, 1.279575675308e-19, nan 
97.375, 66.375, 1.913694416051923e-19, nan 
97.625, 66.375, 2.7456762067479885e-19, nan 
97.875, 66.375, 1.4523985343775768e-19, nan 
98.125, 66.375, 1.3749082646583515e-19, nan 
98.375, 66.375, 1.8784724470304855e-19, nan 
98.625, 66.375, 1.948467533042346e-19, nan 
98.875, 66.375, 1.4773584870582782e-19, nan 
99.125, 66.375, 4.666706839897443e-19, nan 
99.375, 66.375, 3.375212522891884e-19, nan 
99.625, 66.375, 4.397845511770116e-19, nan 
99.875, 66.375, 5.12107254809271e-19, nan 
100.125, 66.375, 7.134593079386632e-19, nan 
100.375, 66.375, 3.051344625725831e-19, nan 
100.625, 66.375, 3.369955292853199e-19, nan 
100.875, 66.375, 6.741953721990344e-19, nan 
101.125, 66.375, 2.4274862108531542e-19, nan 
101.375, 66.375, 2.995859809749523e-19, nan 
101.625, 66.375, 1.3630667002808323e-19, nan 
101.875, 66.375, 1.3445888745453138e-19, nan 
102.125, 66.375, 6.571165717131305e-20, nan 
102.375, 66.375, 7.386282291107988e-20, nan 
102.625, 66.375, 9.41347940347857e-20, nan 
102.875, 66.375, 1.0388522704033873e-19, nan 
103.125, 66.375, 1.9595685544077883e-19, nan 
103.375, 66.375, 1.3592763144133542e-19, nan 
103.625, 66.375, 1.725596056880373e-19, nan 
103.875, 66.375, 2.2050195119776094e-19, nan 
104.125, 66.375, 1.8968051528452964e-19, nan 
104.375, 66.375, 1.4653742549831217e-19, nan 
104.625, 66.375, 8.469687017946565e-20, nan 
104.875, 66.375, 1.1194271073137488e-19, nan 
105.125, 66.375, 8.395600471962314e-20, nan 
105.375, 66.375, 1.177900789677464e-19, nan 
105.625, 66.375, 7.522858157273959e-20, nan 
105.875, 66.375, 4.9598031181185887e-20, nan 
106.125, 66.375, 5.660895456944172e-20, nan 
106.375, 66.375, 7.676948737978753e-20, nan 
106.625, 66.375, 7.628030359182983e-20, nan 
106.875, 66.375, 3.4352543530899004e-20, nan 
107.125, 66.375, 7.634207467737557e-20, nan 
107.375, 66.375, 6.310959246922457e-20, nan 
107.625, 66.375, 3.3386594512769205e-20, nan 
107.875, 66.375, 3.435473549650316e-20, nan 
108.125, 66.375, 2.8922010290820617e-20, nan 
108.375, 66.375, 3.023850300651862e-20, nan 
108.625, 66.375, 2.216558607776773e-20, nan 
108.875, 66.375, 2.2207170293188518e-20, nan 
109.125, 66.375, 1.8677763247324287e-20, nan 
109.375, 66.375, 1.0772381634071395e-20, nan 
109.625, 66.375, 1.981668734946735e-20, nan 
109.875, 66.375, 1.967131363755158e-20, nan 
110.125, 66.375, 1.7929305982792112e-20, nan 
110.375, 66.375, 1.1282589358233151e-20, nan 
110.625, 66.375, 1.2091465775640741e-20, nan 
110.875, 66.375, 1.0942003760705678e-20, nan 
111.125, 66.375, 5.500974185440572e-21, nan 
111.375, 66.375, 4.474210294168105e-21, nan 
111.625, 66.375, 2.6087643025966053e-21, nan 
111.875, 66.375, 6.059065972277009e-21, nan 
112.125, 66.375, 1.3477656070423771e-20, nan 
112.375, 66.375, 1.254384420621629e-20, nan 
112.625, 66.375, 9.997705022381772e-21, nan 
112.875, 66.375, 1.2310472161654502e-20, nan 
113.125, 66.375, 1.2306026787027115e-20, nan 
113.375, 66.375, 1.0568442350060957e-20, nan 
113.625, 66.375, 6.11188324197981e-21, nan 
113.875, 66.375, 2.7144378445125478e-21, nan 
114.125, 66.375, 2.5949461368036185e-21, nan 
114.375, 66.375, 4.6144133291763816e-21, nan 
114.625, 66.375, 3.46061242793132e-21, nan 
114.875, 66.375, 3.798287315493347e-21, nan 
115.125, 66.375, 4.893290154340091e-21, nan 
115.375, 66.375, 5.8803203934133024e-21, nan 
115.625, 66.375, 5.703157166897221e-21, nan 
115.875, 66.375, 4.1366401893023706e-21, nan 
116.125, 66.375, 5.475386921772407e-21, nan 
116.375, 66.375, 5.483905628821537e-21, nan 
116.625, 66.375, 3.434865158032666e-21, nan 
116.875, 66.375, 1.3191653129901042e-21, nan 
117.125, 66.375, 1.3804383195532086e-21, nan 
117.375, 66.375, 2.1591507091610438e-21, nan 
117.625, 66.375, 1.6062675631866116e-21, nan 
117.875, 66.375, 1.662936265231475e-21, nan 
118.125, 66.375, 1.9971343887838606e-21, nan 
118.375, 66.375, 1.2661674186880025e-21, nan 
118.625, 66.375, 1.4532500423724872e-21, nan 
118.875, 66.375, 1.0684773470923737e-21, nan 
119.125, 66.375, 9.134069941365974e-22, nan 
119.375, 66.375, 8.500140971902606e-22, nan 
119.625, 66.375, 6.788385054479186e-22, nan 
119.875, 66.375, 7.712397430412606e-22, nan 
120.125, 66.375, 4.1530633565635134e-22, nan 
120.375, 66.375, 4.426828716537292e-22, nan 
120.625, 66.375, 3.9720382056193813e-22, nan 
120.875, 66.375, 3.631819568453675e-22, nan 
121.125, 66.375, 6.895862755090991e-22, nan 
121.375, 66.375, 6.539899346523597e-22, nan 
121.625, 66.375, 4.2131805354317218e-22, nan 
121.875, 66.375, 4.834019199945268e-22, nan 
122.125, 66.375, 4.845865407269087e-22, nan 
122.375, 66.375, 3.780371064349692e-22, nan 
122.625, 66.375, 5.025835619536172e-22, nan 
122.875, 66.375, 4.765787411256202e-22, nan 
123.125, 66.375, 2.307218141441708e-22, nan 
123.375, 66.375, 3.4933084876799516e-22, nan 
123.625, 66.375, 4.018605345956862e-22, nan 
123.875, 66.375, 1.8214732944222044e-22, nan 
124.125, 66.375, 1.636070147054913e-22, nan 
124.375, 66.375, 2.2428838446657085e-22, nan 
124.625, 66.375, 1.0773186851982529e-22, nan 
124.875, 66.375, 9.774529234335343e-23, nan 
125.125, 66.375, 6.347825017587242e-23, nan 
125.375, 66.375, 1.924850682113439e-22, nan 
125.625, 66.375, 2.0414532210567033e-22, nan 
125.875, 66.375, 1.327507504714628e-22, nan 
126.125, 66.375, 1.9112027908144508e-22, nan 
126.375, 66.375, 2.0349591854734633e-22, nan 
126.625, 66.375, 2.1086744607113725e-22, nan 
126.875, 66.375, 1.9290147452008293e-22, nan 
127.125, 66.375, 1.3552264047172992e-22, nan 
127.375, 66.375, 1.181899933069561e-22, nan 
127.625, 66.375, 1.2695781606377877e-22, nan 
127.875, 66.375, 1.0441885282796962e-22, nan 
128.125, 66.375, 1.4951612724240099e-22, nan 
128.375, 66.375, 6.379886270456747e-23, nan 
128.625, 66.375, 8.113824686632593e-23, nan 
128.875, 66.375, 1.0384784496162369e-22, nan 
129.125, 66.375, 9.465759307496907e-23, nan 
129.375, 66.375, 4.880032690436955e-23, nan 
129.625, 66.375, 8.412488665248696e-23, nan 
129.875, 66.375, 9.227440306312913e-23, nan 
130.125, 66.375, 1.223733000581069e-22, nan 
130.375, 66.375, 1.6805020905956835e-22, nan 
130.625, 66.375, 1.5977020857020073e-22, nan 
130.875, 66.375, 1.6254227056698193e-22, nan 
131.125, 66.375, 1.218553608230962e-22, nan 
131.375, 66.375, 1.132637879473172e-22, nan 
131.625, 66.375, 8.64863687180346e-23, nan 
131.875, 66.375, 3.882889503885414e-23, nan 
132.125, 66.375, 5.050616942578785e-23, nan 
132.375, 66.375, 2.7004170137979566e-23, nan 
132.625, 66.375, 5.015964021026654e-23, nan 
132.875, 66.375, 2.965123101067902e-23, nan 
133.125, 66.375, 4.611571166995876e-23, nan 
133.375, 66.375, 4.16748079144618e-23, nan 
133.625, 66.375, 3.612565823927825e-23, nan 
133.875, 66.375, 3.521952271470471e-23, nan 
134.125, 66.375, 3.83819409905162e-23, nan 
134.375, 66.375, 3.2465013178569526e-23, nan 
134.625, 66.375, 2.528210018867689e-23, nan 
134.875, 66.375, 1.5159716433330066e-23, nan 
135.125, 66.375, 1.3493679603290003e-23, nan 
135.375, 66.375, 2.4053304125642976e-23, nan 
135.625, 66.375, 2.583492620009541e-23, nan 
135.875, 66.375, 3.448170580589454e-23, nan 
136.125, 66.375, 3.115707330358511e-23, nan 
136.375, 66.375, 2.683195986572396e-23, nan 
136.625, 66.375, 3.566923669903259e-23, nan 
136.875, 66.375, 3.2586948167962644e-23, nan 
137.125, 66.375, 4.399449881842229e-23, nan 
137.375, 66.375, 4.962829038869839e-23, nan 
137.625, 66.375, 3.7685289201414644e-23, nan 
137.875, 66.375, 3.6921161369894867e-23, nan 
138.125, 66.375, 3.198192643702959e-23, nan 
138.375, 66.375, 2.2129955756242992e-23, nan 
138.625, 66.375, 8.666758036988473e-24, nan 
138.875, 66.375, 6.953843260155386e-24, nan 
139.125, 66.375, 1.6346302899816245e-23, nan 
139.375, 66.375, 1.9821855204013196e-23, nan 
139.625, 66.375, 2.1155423088040093e-23, nan 
139.875, 66.375, 2.1179704308507863e-23, nan 
140.125, 66.375, 2.0714312748428523e-23, nan 
140.375, 66.375, 2.1413937628029042e-23, nan 
140.625, 66.375, 1.659231981855857e-23, nan 
140.875, 66.375, 1.8824261363536533e-23, nan 
141.125, 66.375, 2.2426870731433424e-23, nan 
141.375, 66.375, 1.729980613575879e-23, nan 
141.625, 66.375, 2.4048421240533566e-23, nan 
141.875, 66.375, 3.4079435635941196e-23, nan 
142.125, 66.375, 3.313198673558497e-23, nan 
142.375, 66.375, 3.8155421999037565e-23, nan 
142.625, 66.375, 6.147313907768833e-23, nan 
142.875, 66.375, 1.9506128633653682e-22, nan 
143.125, 66.375, 3.7727438651413026e-22, nan 
143.375, 66.375, 4.275328778262028e-22, nan 
143.625, 66.375, 3.7511368315421516e-22, nan 
143.875, 66.375, 7.577416647970418e-22, nan 
144.125, 66.375, 7.564298006074477e-22, nan 
144.375, 66.375, 4.301574084403932e-22, nan 
144.625, 66.375, 3.990520521918762e-22, nan 
144.875, 66.375, 2.9923461146846506e-22, nan 
145.125, 66.375, 1.8205990496384523e-22, nan 
145.375, 66.375, 8.537542670481276e-23, nan 
145.625, 66.375, 2.0839009654960077e-23, nan 
145.875, 66.375, 2.0653253236890632e-23, nan 
146.125, 66.375, 1.6835065818464214e-23, nan 
146.375, 66.375, 8.848343774470327e-24, nan 
146.625, 66.375, 7.810034166072417e-24, nan 
146.875, 66.375, 7.291249635628763e-24, nan 
147.125, 66.375, 2.083177491814872e-23, nan 
147.375, 66.375, 7.27163365401888e-24, nan 
147.625, 66.375, 7.450730368126212e-24, nan 
147.875, 66.375, 1.0125476735412876e-23, nan 
148.125, 66.375, 3.635882340713341e-24, nan 
148.375, 66.375, 7.850986019703761e-24, nan 
148.625, 66.375, 4.0190233387947565e-24, nan 
148.875, 66.375, 4.513720240144668e-24, nan 
149.125, 66.375, 4.5398814541934434e-24, nan 
149.375, 66.375, 5.0213202136156574e-24, nan 
149.625, 66.375, 7.021869801123435e-24, nan 
149.875, 66.375, 5.124153823211007e-24, nan 
150.125, 66.375, 4.4995429859471966e-24, nan 
150.375, 66.375, 8.566932927165516e-24, nan 
150.625, 66.375, 8.259023862592187e-24, nan 
150.875, 66.375, 1.2455177103615689e-23, nan 
151.125, 66.375, 1.0815529020189425e-23, nan 
151.375, 66.375, 1.2822995795244418e-23, nan 
151.625, 66.375, 1.0069073510125949e-23, nan 
151.875, 66.375, 8.632495790917666e-24, nan 
152.125, 66.375, 6.800432658623732e-24, nan 
152.375, 66.375, 3.881849680686436e-24, nan 
152.625, 66.375, 3.512775892702227e-24, nan 
152.875, 66.375, 1.87209667420361e-24, nan 
153.125, 66.375, 3.664756749261753e-24, nan 
153.375, 66.375, 2.6793659062379227e-24, nan 
153.625, 66.375, 2.516178715682278e-24, nan 
153.875, 66.375, 3.393047776072853e-24, nan 
154.125, 66.375, 3.062227565514778e-24, nan 
154.375, 66.375, 4.431093196916202e-24, nan 
154.625, 66.375, 3.198741987321365e-24, nan 
154.875, 66.375, 1.2686535213189342e-24, nan 
155.125, 66.375, 2.721852865463564e-24, nan 
155.375, 66.375, 2.3022367256594642e-24, nan 
155.625, 66.375, 2.053691353371161e-24, nan 
155.875, 66.375, 1.6187133169592368e-24, nan 
156.125, 66.375, 2.7329878019751802e-24, nan 
156.375, 66.375, 2.2539051443421566e-24, nan 
156.625, 66.375, 2.2695152962684553e-24, nan 
156.875, 66.375, 4.336553980617485e-24, nan 
157.125, 66.375, 6.320744244420624e-24, nan 
157.375, 66.375, 2.8777934189429845e-24, nan 
157.625, 66.375, 5.345663261898883e-24, nan 
157.875, 66.375, 7.051021072124504e-24, nan 
158.125, 66.375, 3.511985249744182e-24, nan 
158.375, 66.375, 4.016398396019294e-24, nan 
158.625, 66.375, 4.056215274977246e-24, nan 
158.875, 66.375, 2.7895392548919763e-24, nan 
159.125, 66.375, 3.205495469683932e-24, nan 
159.375, 66.375, 2.3260270296556724e-24, nan 
159.625, 66.375, 2.1487799951773937e-24, nan 
159.875, 66.375, 1.7569228495586083e-24, nan 
160.125, 66.375, 1.5562052359946706e-24, nan 
160.375, 66.375, 1.559748080292443e-24, nan 
160.625, 66.375, 1.6422381002659572e-24, nan 
160.875, 66.375, 1.0262173016774061e-24, nan 
161.125, 66.375, 1.4640695128438244e-24, nan 
161.375, 66.375, 2.569447408794033e-24, nan 
161.625, 66.375, 2.046602431933414e-24, nan 
161.875, 66.375, 2.0618590040093475e-24, nan 
162.125, 66.375, 5.5245392286904064e-24, nan 
162.375, 66.375, 1.5969622842112353e-23, nan 
162.625, 66.375, 3.256731466531691e-23, nan 
162.875, 66.375, 3.069309574685109e-23, nan 
163.125, 66.375, 3.848195521718043e-23, nan 
163.375, 66.375, 6.961959352442552e-23, nan 
163.625, 66.375, 5.35873869368472e-23, nan 
163.875, 66.375, 2.1873123023619686e-23, nan 
164.125, 66.375, 3.114900838165641e-23, nan 
164.375, 66.375, 2.1856339111268674e-23, nan 
164.625, 66.375, 6.1889903302944466e-24, nan 
164.875, 66.375, 4.08456719734969e-24, nan 
165.125, 66.375, 2.7948024416965315e-24, nan 
165.375, 66.375, 2.4070854873317066e-24, nan 
165.625, 66.375, 1.8145819822462223e-24, nan 
165.875, 66.375, 1.4992662875608597e-24, nan 
166.125, 66.375, 1.817807184945475e-24, nan 
166.375, 66.375, 1.817176581430441e-24, nan 
166.625, 66.375, 1.976954092629179e-24, nan 
166.875, 66.375, 2.969017957212551e-24, nan 
167.125, 66.375, 1.994400854552763e-24, nan 
167.375, 66.375, 1.7519093122547403e-24, nan 
167.625, 66.375, 1.220509360478295e-24, nan 
167.875, 66.375, 1.3352539411277796e-24, nan 
168.125, 66.375, 1.1328317746580426e-24, nan 
168.375, 66.375, 1.1391705957716879e-24, nan 
168.625, 66.375, 1.2456266663994306e-24, nan 
33.625, 66.625, 1.1746646338767176e-24, nan 
33.875, 66.625, 8.676730632682116e-25, nan 
34.125, 66.625, 2.870973169139524e-25, nan 
34.375, 66.625, 3.2223401886881772e-25, nan 
34.625, 66.625, 1.849646111657106e-24, nan 
34.875, 66.625, 6.885102199297951e-25, nan 
35.125, 66.625, 1.2119656292872595e-24, nan 
35.375, 66.625, 4.850979299166058e-24, nan 
35.625, 66.625, 1.670867546851023e-24, nan 
35.875, 66.625, 1.2434894299915903e-24, nan 
36.125, 66.625, 1.8055232203989634e-24, nan 
36.375, 66.625, 2.117915883649175e-24, nan 
36.625, 66.625, 2.4111575336038668e-24, nan 
36.875, 66.625, 1.402879612461791e-24, nan 
37.125, 66.625, 2.772179116668018e-24, nan 
37.375, 66.625, 1.8940993673393894e-24, nan 
37.625, 66.625, 2.6682144380092578e-24, nan 
37.875, 66.625, 2.7822728355278938e-24, nan 
38.125, 66.625, 4.9383388709354235e-24, nan 
38.375, 66.625, 9.505602249585544e-24, nan 
38.625, 66.625, 1.1425382199909312e-23, nan 
38.875, 66.625, 1.3590018304573063e-23, nan 
39.125, 66.625, 2.0322593640618382e-23, nan 
39.375, 66.625, 9.159595926669729e-23, nan 
39.625, 66.625, 8.435757831883593e-23, nan 
39.875, 66.625, 8.396633900276314e-23, nan 
40.125, 66.625, 9.760537225128741e-23, nan 
40.375, 66.625, 5.0877470183551824e-23, nan 
40.625, 66.625, 2.7270445028255735e-23, nan 
40.875, 66.625, 1.6099324955855145e-23, nan 
41.125, 66.625, 1.870658513441012e-23, nan 
41.375, 66.625, 4.823047711081957e-24, nan 
41.625, 66.625, 8.850694397661741e-24, nan 
41.875, 66.625, 1.0749886603473602e-23, nan 
42.125, 66.625, 8.938233390420782e-24, nan 
42.375, 66.625, 9.471794770520741e-24, nan 
42.625, 66.625, 7.713796486635461e-24, nan 
42.875, 66.625, 6.698563181740323e-24, nan 
43.125, 66.625, 7.10073112423026e-24, nan 
43.375, 66.625, 2.918398493368141e-24, nan 
43.625, 66.625, 1.6467096982407673e-24, nan 
43.875, 66.625, 2.2368738755166112e-24, nan 
44.125, 66.625, 9.454022695735398e-25, nan 
44.375, 66.625, 6.200812265272267e-25, nan 
44.625, 66.625, 1.1070080529839576e-24, nan 
44.875, 66.625, 1.3338889833791448e-24, nan 
45.125, 66.625, 2.619352437943238e-24, nan 
45.375, 66.625, 2.2847751756650307e-24, nan 
45.625, 66.625, 1.707377525139239e-24, nan 
45.875, 66.625, 3.490128452856649e-24, nan 
46.125, 66.625, 3.1435353879455198e-24, nan 
46.375, 66.625, 3.839701754510956e-24, nan 
46.625, 66.625, 3.737675948761925e-24, nan 
46.875, 66.625, 2.9413928148575086e-24, nan 
47.125, 66.625, 1.5173806213093864e-24, nan 
47.375, 66.625, 1.651034891268819e-24, nan 
47.625, 66.625, 1.9562037265164565e-24, nan 
47.875, 66.625, 1.5115081860368604e-24, nan 
48.125, 66.625, 2.3821762396399327e-24, nan 
48.375, 66.625, 2.4208346875439208e-24, nan 
48.625, 66.625, 2.1937906393764203e-24, nan 
48.875, 66.625, 2.4817425348773858e-24, nan 
49.125, 66.625, 3.5706395686596045e-24, nan 
49.375, 66.625, 3.7725408474569845e-24, nan 
49.625, 66.625, 4.8415948828202224e-24, nan 
49.875, 66.625, 5.3088437777982964e-24, nan 
50.125, 66.625, 5.2980637520479655e-24, nan 
50.375, 66.625, 7.11078036049901e-24, nan 
50.625, 66.625, 5.75871903593731e-24, nan 
50.875, 66.625, 7.183224935582925e-24, nan 
51.125, 66.625, 7.994245971818385e-24, nan 
51.375, 66.625, 6.121454470211009e-24, nan 
51.625, 66.625, 7.324600505252249e-24, nan 
51.875, 66.625, 5.7453880803174756e-24, nan 
52.125, 66.625, 5.7298790911427914e-24, nan 
52.375, 66.625, 6.183563179783366e-24, nan 
52.625, 66.625, 5.300250216845768e-24, nan 
52.875, 66.625, 5.512421062526977e-24, nan 
53.125, 66.625, 8.283562784886684e-24, nan 
53.375, 66.625, 7.36576313893864e-24, nan 
53.625, 66.625, 7.340111002211055e-24, nan 
53.875, 66.625, 8.167918696177853e-24, nan 
54.125, 66.625, 5.554330301923576e-24, nan 
54.375, 66.625, 7.792868750244266e-24, nan 
54.625, 66.625, 1.053034981517028e-23, nan 
54.875, 66.625, 9.485560217509886e-24, nan 
55.125, 66.625, 1.452768483401427e-23, nan 
55.375, 66.625, 1.2840954061393937e-23, nan 
55.625, 66.625, 6.438974639355068e-24, nan 
55.875, 66.625, 1.8074464732655007e-23, nan 
56.125, 66.625, 1.1307977597981638e-23, nan 
56.375, 66.625, 4.858234256567262e-24, nan 
56.625, 66.625, 9.525653312416709e-24, nan 
56.875, 66.625, 6.409565220867415e-24, nan 
57.125, 66.625, 5.0660793684409205e-24, nan 
57.375, 66.625, 3.49780307907352e-24, nan 
57.625, 66.625, 5.0023897345191615e-24, nan 
57.875, 66.625, 9.196501590299306e-24, nan 
58.125, 66.625, 1.0838434557245275e-23, nan 
58.375, 66.625, 8.028740443743556e-24, nan 
58.625, 66.625, 1.4080890149777176e-23, nan 
58.875, 66.625, 1.1262021945698922e-23, nan 
59.125, 66.625, 9.797334985064186e-24, nan 
59.375, 66.625, 9.657223101090116e-24, nan 
59.625, 66.625, 1.143049197869891e-23, nan 
59.875, 66.625, 1.3759884477677833e-23, nan 
60.125, 66.625, 1.7592507881752203e-23, nan 
60.375, 66.625, 1.3274056796531912e-23, nan 
60.625, 66.625, 2.1340105686051122e-23, nan 
60.875, 66.625, 1.2680784240732219e-23, nan 
61.125, 66.625, 1.0359653303319151e-23, nan 
61.375, 66.625, 1.2251141591295288e-23, nan 
61.625, 66.625, 1.2310541218144955e-23, nan 
61.875, 66.625, 9.333196690444326e-24, nan 
62.125, 66.625, 7.170754982807596e-24, nan 
62.375, 66.625, 6.702221565449893e-24, nan 
62.625, 66.625, 1.1684537946727572e-23, nan 
62.875, 66.625, 2.148245017793897e-23, nan 
63.125, 66.625, 1.444195046936003e-23, nan 
63.375, 66.625, 6.284298413574997e-24, nan 
63.625, 66.625, 1.1800265546875227e-23, nan 
63.875, 66.625, 6.948538112499783e-24, nan 
64.125, 66.625, 5.030510706174695e-24, nan 
64.375, 66.625, 7.159907327878852e-24, nan 
64.625, 66.625, 5.528486365177399e-24, nan 
64.875, 66.625, 1.8413628639743383e-23, nan 
65.125, 66.625, 4.05082413303496e-23, nan 
65.375, 66.625, 2.7329264861844157e-23, nan 
65.625, 66.625, 1.3498042386945495e-23, nan 
65.875, 66.625, 4.106304461283818e-23, nan 
66.125, 66.625, 2.84311606202115e-23, nan 
66.375, 66.625, 2.612963713703741e-23, nan 
66.625, 66.625, 4.8588163103275936e-23, nan 
66.875, 66.625, 4.617175291119617e-23, nan 
67.125, 66.625, 5.1380811497674095e-23, nan 
67.375, 66.625, 4.362858739938743e-23, nan 
67.625, 66.625, 3.5454756451846573e-23, nan 
67.875, 66.625, 3.8551072750176565e-23, nan 
68.125, 66.625, 3.5093719945116243e-23, nan 
68.375, 66.625, 4.531700291118454e-23, nan 
68.625, 66.625, 5.316545360753038e-23, nan 
68.875, 66.625, 4.9356782676027204e-23, nan 
69.125, 66.625, 3.9512359016073336e-23, nan 
69.375, 66.625, 3.091159611329453e-23, nan 
69.625, 66.625, 3.55210782751554e-23, nan 
69.875, 66.625, 1.728654010027961e-23, nan 
70.125, 66.625, 2.7125171958445263e-23, nan 
70.375, 66.625, 4.3224527069517186e-23, nan 
70.625, 66.625, 2.403825138111905e-23, nan 
70.875, 66.625, 4.3923023069431916e-23, nan 
71.125, 66.625, 6.396571169402303e-23, nan 
71.375, 66.625, 8.479208879496699e-23, nan 
71.625, 66.625, 5.483029854270741e-23, nan 
71.875, 66.625, 7.672947933081192e-23, nan 
72.125, 66.625, 6.817653222256535e-23, nan 
72.375, 66.625, 1.1784372466939736e-22, nan 
72.625, 66.625, 1.102303586874914e-22, nan 
72.875, 66.625, 7.819637282259763e-23, nan 
73.125, 66.625, 8.674728818713601e-23, nan 
73.375, 66.625, 1.275880997572543e-22, nan 
73.625, 66.625, 1.7747060392321017e-22, nan 
73.875, 66.625, 1.8184771769013136e-22, nan 
74.125, 66.625, 1.906596673301895e-22, nan 
74.375, 66.625, 1.5450479446869557e-22, nan 
74.625, 66.625, 1.6300229050193347e-22, nan 
74.875, 66.625, 1.446549327585016e-22, nan 
75.125, 66.625, 1.0424117244619761e-22, nan 
75.375, 66.625, 1.0896758175069617e-22, nan 
75.625, 66.625, 1.1817786483897736e-22, nan 
75.875, 66.625, 1.0974575431760886e-22, nan 
76.125, 66.625, 1.359620929917768e-22, nan 
76.375, 66.625, 1.15693533452774e-22, nan 
76.625, 66.625, 1.1128295818152995e-22, nan 
76.875, 66.625, 1.0501855065614836e-22, nan 
77.125, 66.625, 6.331382747994246e-23, nan 
77.375, 66.625, 1.2113727890550561e-22, nan 
77.625, 66.625, 1.4944531621044834e-22, nan 
77.875, 66.625, 1.3159795330968098e-22, nan 
78.125, 66.625, 1.891978621025782e-22, nan 
78.375, 66.625, 2.4397323027428003e-22, nan 
78.625, 66.625, 2.169715984363691e-22, nan 
78.875, 66.625, 2.3479018975631426e-22, nan 
79.125, 66.625, 3.438159269274387e-22, nan 
79.375, 66.625, 5.223211677517869e-22, nan 
79.625, 66.625, 7.4406069286955505e-22, nan 
79.875, 66.625, 5.229619058253896e-22, nan 
80.125, 66.625, 3.0848414805661675e-22, nan 
80.375, 66.625, 5.046296697029298e-22, nan 
80.625, 66.625, 4.73386995707469e-22, nan 
80.875, 66.625, 4.0927441017299883e-22, nan 
81.125, 66.625, 4.862301617676107e-22, nan 
81.375, 66.625, 6.124002462555525e-22, nan 
81.625, 66.625, 4.816545683238853e-22, nan 
81.875, 66.625, 6.609380112272726e-22, nan 
82.125, 66.625, 8.699864951757684e-22, nan 
82.375, 66.625, 1.308257270868349e-21, nan 
82.625, 66.625, 9.148322772373082e-22, nan 
82.875, 66.625, 7.893875796895048e-22, nan 
83.125, 66.625, 3.7347985955822865e-22, nan 
83.375, 66.625, 4.842238277231021e-22, nan 
83.625, 66.625, 5.739228568955408e-22, nan 
83.875, 66.625, 6.176075152797587e-22, nan 
84.125, 66.625, 6.376038668434928e-22, nan 
84.375, 66.625, 8.770011742126053e-22, nan 
84.625, 66.625, 4.1070467576954486e-22, nan 
84.875, 66.625, 3.793705784077971e-22, nan 
85.125, 66.625, 9.304240063116546e-22, nan 
85.375, 66.625, 9.123220650430867e-22, nan 
85.625, 66.625, 3.7313702471583916e-22, nan 
85.875, 66.625, 1.2711671398620257e-21, nan 
86.125, 66.625, 2.5042339994036433e-21, nan 
86.375, 66.625, 2.45050496000878e-21, nan 
86.625, 66.625, 1.6131893520548936e-21, nan 
86.875, 66.625, 2.085235154347367e-21, nan 
87.125, 66.625, 2.4573560853590706e-21, nan 
87.375, 66.625, 3.47693908088653e-21, nan 
87.625, 66.625, 1.6769610709807875e-21, nan 
87.875, 66.625, 2.4587392937875244e-21, nan 
88.125, 66.625, 4.189246681941545e-21, nan 
88.375, 66.625, 7.575534334760099e-21, nan 
88.625, 66.625, 7.367156019065823e-21, nan 
88.875, 66.625, 7.70191938449122e-21, nan 
89.125, 66.625, 7.257991070798071e-21, nan 
89.375, 66.625, 3.505851720615917e-21, nan 
89.625, 66.625, 7.95444488092989e-21, nan 
89.875, 66.625, 7.73099435223119e-21, nan 
90.125, 66.625, 4.182815555950851e-21, nan 
90.375, 66.625, 3.879127242582257e-21, nan 
90.625, 66.625, 2.0948402129768574e-21, nan 
90.875, 66.625, 2.196435644699367e-21, nan 
91.125, 66.625, 1.5503146541899448e-21, nan 
91.375, 66.625, 3.6182837855399326e-21, nan 
91.625, 66.625, 3.516459012140061e-21, nan 
91.875, 66.625, 3.408850176634571e-21, nan 
92.125, 66.625, 3.448912275659949e-21, nan 
92.375, 66.625, 4.812464386072975e-21, nan 
92.625, 66.625, 5.9588748223042455e-21, nan 
92.875, 66.625, 1.1951156603891352e-20, nan 
93.125, 66.625, 1.0725917860993508e-20, nan 
93.375, 66.625, 1.7567110012746703e-20, nan 
93.625, 66.625, 2.691097114681077e-20, nan 
93.875, 66.625, 1.7647993526774667e-20, nan 
94.125, 66.625, 1.9314979819146516e-20, nan 
94.375, 66.625, 2.4731309779978763e-20, nan 
94.625, 66.625, 1.5323921839617483e-20, nan 
94.875, 66.625, 1.8412872363129863e-20, nan 
95.125, 66.625, 3.4277223932761806e-20, nan 
95.375, 66.625, 3.1140176935217454e-20, nan 
95.625, 66.625, 4.0870141586331414e-20, nan 
95.875, 66.625, 5.703474015487301e-20, nan 
96.125, 66.625, 4.761659836671229e-20, nan 
96.375, 66.625, 6.718106194309408e-20, nan 
96.625, 66.625, 9.557290007899465e-20, nan 
96.875, 66.625, 1.266017264289134e-19, nan 
97.125, 66.625, 1.4279081072898638e-19, nan 
97.375, 66.625, 2.6005092283509565e-19, nan 
97.625, 66.625, 3.361915155108687e-19, nan 
97.875, 66.625, 1.3901204916600781e-19, nan 
98.125, 66.625, 2.7342768989672048e-19, nan 
98.375, 66.625, 2.3718851822376115e-19, nan 
98.625, 66.625, 1.1977943481353792e-19, nan 
98.875, 66.625, 1.3853493031108752e-19, nan 
99.125, 66.625, 2.4604219931979144e-19, nan 
99.375, 66.625, 1.7942761833028515e-19, nan 
99.625, 66.625, 5.046994253541362e-19, nan 
99.875, 66.625, 6.611965601026941e-19, nan 
100.125, 66.625, 4.875912243327855e-19, nan 
100.375, 66.625, 5.745545414745591e-19, nan 
100.625, 66.625, 6.3727211397648015e-19, nan 
100.875, 66.625, 5.57401844375393e-19, nan 
101.125, 66.625, 5.485854412641924e-19, nan 
101.375, 66.625, 5.351211499094577e-19, nan 
101.625, 66.625, 3.0413374107729866e-19, nan 
101.875, 66.625, 8.05200526504929e-20, nan 
102.125, 66.625, 1.0030790871236462e-19, nan 
102.375, 66.625, 8.830934861442256e-20, nan 
102.625, 66.625, 1.2922326701561204e-19, nan 
102.875, 66.625, 1.1570636971940042e-19, nan 
103.125, 66.625, 2.905058805420357e-19, nan 
103.375, 66.625, 2.354077914088234e-19, nan 
103.625, 66.625, 1.755582483174903e-19, nan 
103.875, 66.625, 3.854234106144879e-19, nan 
104.125, 66.625, 3.6795866491915254e-19, nan 
104.375, 66.625, 1.720245408823269e-19, nan 
104.625, 66.625, 1.8126547411466934e-19, nan 
104.875, 66.625, 2.2809159127009554e-19, nan 
105.125, 66.625, 1.2013813417637078e-19, nan 
105.375, 66.625, 9.989960746358894e-20, nan 
105.625, 66.625, 7.80186218233927e-20, nan 
105.875, 66.625, 7.438028106032541e-20, nan 
106.125, 66.625, 7.258733334965662e-20, nan 
106.375, 66.625, 8.400496711192482e-20, nan 
106.625, 66.625, 7.178798881649391e-20, nan 
106.875, 66.625, 3.899815664628e-20, nan 
107.125, 66.625, 6.232970028224039e-20, nan 
107.375, 66.625, 4.445136499934543e-20, nan 
107.625, 66.625, 2.2013741449867292e-20, nan 
107.875, 66.625, 5.0717265136182195e-20, nan 
108.125, 66.625, 4.0286488914134493e-20, nan 
108.375, 66.625, 2.8488501703152825e-20, nan 
108.625, 66.625, 2.317923554684482e-20, nan 
108.875, 66.625, 7.493588857991634e-21, nan 
109.125, 66.625, 1.0401253719546433e-20, nan 
109.375, 66.625, 1.0680158052878204e-20, nan 
109.625, 66.625, 1.0471468332423927e-20, nan 
109.875, 66.625, 1.2952264265791925e-20, nan 
110.125, 66.625, 1.1560302855834446e-20, nan 
110.375, 66.625, 7.79036764622673e-21, nan 
110.625, 66.625, 9.854463343484609e-21, nan 
110.875, 66.625, 1.2884822191314826e-20, nan 
111.125, 66.625, 1.7149354242896778e-20, nan 
111.375, 66.625, 1.6169447882550653e-20, nan 
111.625, 66.625, 1.4953473181158477e-20, nan 
111.875, 66.625, 9.507557426129689e-21, nan 
112.125, 66.625, 1.2754398306856741e-20, nan 
112.375, 66.625, 1.1690086518349134e-20, nan 
112.625, 66.625, 7.448915249020022e-21, nan 
112.875, 66.625, 7.389431339037519e-21, nan 
113.125, 66.625, 1.1522958143904445e-20, nan 
113.375, 66.625, 6.801813360669257e-21, nan 
113.625, 66.625, 6.114726541599707e-21, nan 
113.875, 66.625, 8.680941976897862e-21, nan 
114.125, 66.625, 6.876127831875827e-21, nan 
114.375, 66.625, 6.7448713856092125e-21, nan 
114.625, 66.625, 4.3375785355121224e-21, nan 
114.875, 66.625, 4.745147756625804e-21, nan 
115.125, 66.625, 4.139027283860807e-21, nan 
115.375, 66.625, 4.562151709406136e-21, nan 
115.625, 66.625, 4.1663341908652715e-21, nan 
115.875, 66.625, 1.5105395866472723e-21, nan 
116.125, 66.625, 6.366031345934495e-22, nan 
116.375, 66.625, 1.5252094028941974e-21, nan 
116.625, 66.625, 2.5907423923017704e-21, nan 
116.875, 66.625, 1.869300269076246e-21, nan 
117.125, 66.625, 1.6120572879293186e-21, nan 
117.375, 66.625, 2.8370249247793653e-21, nan 
117.625, 66.625, 2.1405298395025235e-21, nan 
117.875, 66.625, 1.6442390198588335e-21, nan 
118.125, 66.625, 2.1801547981102293e-21, nan 
118.375, 66.625, 1.3709149157902333e-21, nan 
118.625, 66.625, 1.1014238309388684e-21, nan 
118.875, 66.625, 1.1294350880956372e-21, nan 
119.125, 66.625, 1.0099017727672645e-21, nan 
119.375, 66.625, 7.794512258592571e-22, nan 
119.625, 66.625, 1.0959790279381984e-21, nan 
119.875, 66.625, 8.221677416815506e-22, nan 
120.125, 66.625, 6.621275527359422e-22, nan 
120.375, 66.625, 6.273526956406341e-22, nan 
120.625, 66.625, 6.122019358824758e-22, nan 
120.875, 66.625, 3.169435603646677e-22, nan 
121.125, 66.625, 7.962173861543857e-22, nan 
121.375, 66.625, 6.378243358938838e-22, nan 
121.625, 66.625, 3.9703682681006645e-22, nan 
121.875, 66.625, 5.4445038454989065e-22, nan 
122.125, 66.625, 5.079741345835761e-22, nan 
122.375, 66.625, 4.421034293703552e-22, nan 
122.625, 66.625, 4.339463391616195e-22, nan 
122.875, 66.625, 4.56221367096337e-22, nan 
123.125, 66.625, 3.8613626993617375e-22, nan 
123.375, 66.625, 2.093828058920293e-22, nan 
123.625, 66.625, 3.443545238945169e-22, nan 
123.875, 66.625, 2.625466041278892e-22, nan 
124.125, 66.625, 1.1053349170845657e-22, nan 
124.375, 66.625, 3.346833167579439e-22, nan 
124.625, 66.625, 1.7774056701889046e-22, nan 
124.875, 66.625, 1.1111797227674372e-22, nan 
125.125, 66.625, 1.9143239412876837e-22, nan 
125.375, 66.625, 1.583795456146355e-22, nan 
125.625, 66.625, 1.1662451509258985e-22, nan 
125.875, 66.625, 1.2496582123824986e-22, nan 
126.125, 66.625, 1.7418619243191985e-22, nan 
126.375, 66.625, 2.3594547577474413e-22, nan 
126.625, 66.625, 1.6371425898026103e-22, nan 
126.875, 66.625, 1.7023265130097257e-22, nan 
127.125, 66.625, 1.5626293297388715e-22, nan 
127.375, 66.625, 1.1825526307412207e-22, nan 
127.625, 66.625, 8.646530599201901e-23, nan 
127.875, 66.625, 1.1783089796383565e-22, nan 
128.125, 66.625, 1.8157204003427216e-22, nan 
128.375, 66.625, 9.126490502095854e-23, nan 
128.625, 66.625, 5.062584715106344e-23, nan 
128.875, 66.625, 7.61090763183772e-23, nan 
129.125, 66.625, 1.0387473385198986e-22, nan 
129.375, 66.625, 1.2184643780877132e-22, nan 
129.625, 66.625, 1.9458532432062557e-22, nan 
129.875, 66.625, 2.9559075331326573e-22, nan 
130.125, 66.625, 1.5157290097166033e-22, nan 
130.375, 66.625, 2.3045863529045307e-22, nan 
130.625, 66.625, 2.7330627415886275e-22, nan 
130.875, 66.625, 1.5388376882627371e-22, nan 
131.125, 66.625, 1.8733769904814929e-22, nan 
131.375, 66.625, 2.169991417495873e-22, nan 
131.625, 66.625, 1.0776670062959089e-22, nan 
131.875, 66.625, 1.3202160034267108e-22, nan 
132.125, 66.625, 1.0722665501548993e-22, nan 
132.375, 66.625, 4.711732408908239e-23, nan 
132.625, 66.625, 5.740775201535733e-23, nan 
132.875, 66.625, 3.00834389441641e-23, nan 
133.125, 66.625, 4.56123645069687e-23, nan 
133.375, 66.625, 2.0159806974006756e-23, nan 
133.625, 66.625, 1.9569934421980273e-23, nan 
133.875, 66.625, 3.0482547552099404e-23, nan 
134.125, 66.625, 2.5929370305397364e-23, nan 
134.375, 66.625, 1.9899301686336246e-23, nan 
134.625, 66.625, 3.107702456778265e-23, nan 
134.875, 66.625, 1.1256465201380342e-23, nan 
135.125, 66.625, 1.2593479975307233e-23, nan 
135.375, 66.625, 3.1073314434966394e-23, nan 
135.625, 66.625, 4.381505501993974e-23, nan 
135.875, 66.625, 4.2325319627078146e-23, nan 
136.125, 66.625, 2.7790666021737073e-23, nan 
136.375, 66.625, 2.0519289421353157e-23, nan 
136.625, 66.625, 6.247731104191455e-23, nan 
136.875, 66.625, 4.687049503719082e-23, nan 
137.125, 66.625, 3.7128466270149266e-23, nan 
137.375, 66.625, 5.521061525802241e-23, nan 
137.625, 66.625, 4.206786411811199e-23, nan 
137.875, 66.625, 2.57044733624156e-23, nan 
138.125, 66.625, 9.35094527937678e-24, nan 
138.375, 66.625, 7.826148356407525e-24, nan 
138.625, 66.625, 2.201494210695113e-24, nan 
138.875, 66.625, 3.648494294349577e-24, nan 
139.125, 66.625, 1.16754043253848e-23, nan 
139.375, 66.625, 1.5570257291461648e-23, nan 
139.625, 66.625, 2.0546491924921794e-23, nan 
139.875, 66.625, 2.3215771684673892e-23, nan 
140.125, 66.625, 3.515372374444707e-23, nan 
140.375, 66.625, 2.7845193653373246e-23, nan 
140.625, 66.625, 2.1303149237691563e-23, nan 
140.875, 66.625, 3.9965405667319125e-23, nan 
141.125, 66.625, 3.3603230671977144e-23, nan 
141.375, 66.625, 8.080987927630412e-24, nan 
141.625, 66.625, 1.334229932333231e-23, nan 
141.875, 66.625, 2.2969454238377974e-23, nan 
142.125, 66.625, 3.1577223019514067e-23, nan 
142.375, 66.625, 3.922765161500178e-23, nan 
142.625, 66.625, 3.893411163205089e-23, nan 
142.875, 66.625, 5.790042395245311e-23, nan 
143.125, 66.625, 4.771401050776355e-23, nan 
143.375, 66.625, 6.354640187669755e-23, nan 
143.625, 66.625, 2.5184496673287336e-22, nan 
143.875, 66.625, 3.8918810158393163e-22, nan 
144.125, 66.625, 4.0533207272193585e-22, nan 
144.375, 66.625, 2.917906964046539e-22, nan 
144.625, 66.625, 9.553080156051822e-23, nan 
144.875, 66.625, 5.435742349203256e-23, nan 
145.125, 66.625, 4.5291034092278907e-23, nan 
145.375, 66.625, 3.708142322287129e-23, nan 
145.625, 66.625, 3.904275782686176e-23, nan 
145.875, 66.625, 2.4083754950791698e-23, nan 
146.125, 66.625, 1.675639976130472e-23, nan 
146.375, 66.625, 1.5273505804294948e-23, nan 
146.625, 66.625, 1.1619509454600123e-23, nan 
146.875, 66.625, 1.0713181406079458e-23, nan 
147.125, 66.625, 1.4854116338246575e-23, nan 
147.375, 66.625, 6.975074656639182e-24, nan 
147.625, 66.625, 6.244886858867392e-24, nan 
147.875, 66.625, 6.193980274410026e-24, nan 
148.125, 66.625, 5.873219519363355e-24, nan 
148.375, 66.625, 6.311633392074811e-24, nan 
148.625, 66.625, 2.5500258106403254e-24, nan 
148.875, 66.625, 1.7725598104468176e-24, nan 
149.125, 66.625, 5.185657612201735e-24, nan 
149.375, 66.625, 4.950520870729416e-24, nan 
149.625, 66.625, 7.866585266652445e-24, nan 
149.875, 66.625, 5.660292319609967e-24, nan 
150.125, 66.625, 5.354570093844023e-24, nan 
150.375, 66.625, 1.0516591153009047e-23, nan 
150.625, 66.625, 1.2062443036051923e-23, nan 
150.875, 66.625, 1.1029350045848111e-23, nan 
151.125, 66.625, 1.0256216261875996e-23, nan 
151.375, 66.625, 1.1135377039928077e-23, nan 
151.625, 66.625, 1.0391410465316275e-23, nan 
151.875, 66.625, 6.380219423302334e-24, nan 
152.125, 66.625, 3.323143473975175e-24, nan 
152.375, 66.625, 2.680654806142102e-24, nan 
152.625, 66.625, 3.688738049131536e-24, nan 
152.875, 66.625, 4.439485955054121e-24, nan 
153.125, 66.625, 2.9254695995786313e-24, nan 
153.375, 66.625, 3.91513703528665e-24, nan 
153.625, 66.625, 3.892028136772006e-24, nan 
153.875, 66.625, 2.9661806165684683e-24, nan 
154.125, 66.625, 4.0059037625270836e-24, nan 
154.375, 66.625, 7.204912840521614e-24, nan 
154.625, 66.625, 4.2238004055072156e-24, nan 
154.875, 66.625, 2.6143079401038556e-24, nan 
155.125, 66.625, 7.090963825009913e-24, nan 
155.375, 66.625, 2.8994974902062516e-24, nan 
155.625, 66.625, 1.4854502677937492e-24, nan 
155.875, 66.625, 4.051168284043433e-24, nan 
156.125, 66.625, 3.321600708980454e-24, nan 
156.375, 66.625, 2.1533259302426854e-24, nan 
156.625, 66.625, 3.0170861683990728e-24, nan 
156.875, 66.625, 4.045103989993276e-24, nan 
157.125, 66.625, 3.837384858112322e-24, nan 
157.375, 66.625, 2.734577479131119e-24, nan 
157.625, 66.625, 3.8837621733388626e-24, nan 
157.875, 66.625, 5.14260242519627e-24, nan 
158.125, 66.625, 2.3708224027295796e-24, nan 
158.375, 66.625, 2.73209645542749e-24, nan 
158.625, 66.625, 2.364191414693709e-24, nan 
158.875, 66.625, 2.5916196878726677e-24, nan 
159.125, 66.625, 2.57673367202866e-24, nan 
159.375, 66.625, 2.2203827044116225e-24, nan 
159.625, 66.625, 2.389055322080199e-24, nan 
159.875, 66.625, 2.5580253018125816e-24, nan 
160.125, 66.625, 2.2249858796794224e-24, nan 
160.375, 66.625, 1.7704079114710127e-24, nan 
160.625, 66.625, 2.385032321784981e-24, nan 
160.875, 66.625, 1.8659505918793874e-24, nan 
161.125, 66.625, 1.853480616900653e-24, nan 
161.375, 66.625, 2.631178808607639e-24, nan 
161.625, 66.625, 2.162798513085724e-24, nan 
161.875, 66.625, 1.951372639501064e-24, nan 
162.125, 66.625, 3.559620208172636e-24, nan 
162.375, 66.625, 2.7158542150852478e-24, nan 
162.625, 66.625, 1.9020554838788236e-24, nan 
162.875, 66.625, 7.340736115629416e-24, nan 
163.125, 66.625, 1.9846015659888273e-23, nan 
163.375, 66.625, 3.775311575020553e-23, nan 
163.625, 66.625, 2.7882591919256605e-23, nan 
163.875, 66.625, 7.61801583316551e-24, nan 
164.125, 66.625, 4.163223580462033e-24, nan 
164.375, 66.625, 2.861158649208986e-24, nan 
164.625, 66.625, 2.565761984465579e-24, nan 
164.875, 66.625, 2.2620806736902773e-24, nan 
165.125, 66.625, 2.8020263962225444e-24, nan 
165.375, 66.625, 1.7839832292848823e-24, nan 
165.625, 66.625, 1.5172715652357916e-24, nan 
165.875, 66.625, 1.2601991049207759e-24, nan 
166.125, 66.625, 1.3613157107877627e-24, nan 
166.375, 66.625, 1.9427887707034166e-24, nan 
166.625, 66.625, 1.582982328354761e-24, nan 
166.875, 66.625, 2.2416714725291643e-24, nan 
167.125, 66.625, 2.3302133314398785e-24, nan 
167.375, 66.625, 2.341030248344536e-24, nan 
167.625, 66.625, 2.2736244707107002e-24, nan 
167.875, 66.625, 1.9631410538383277e-24, nan 
168.125, 66.625, 2.0592656398496358e-24, nan 
168.375, 66.625, 2.359811960112793e-24, nan 
168.625, 66.625, 1.935067837361793e-24, nan 
168.875, 66.625, 8.372252506590459e-25, nan 
33.375, 66.875, 1.8360290391533406e-24, nan 
33.625, 66.875, 1.6668113330186112e-24, nan 
33.875, 66.875, 1.2091024019892006e-24, nan 
34.125, 66.875, 1.5545030019348292e-24, nan 
34.375, 66.875, 1.3746396913073645e-24, nan 
34.625, 66.875, 9.905402526138034e-25, nan 
34.875, 66.875, 1.3370182684060572e-24, nan 
35.125, 66.875, 9.475159171905723e-25, nan 
35.375, 66.875, 2.651470141547858e-24, nan 
35.625, 66.875, 1.6483350209120361e-24, nan 
35.875, 66.875, 2.1048776645761026e-24, nan 
36.125, 66.875, 2.4663073479480706e-24, nan 
36.375, 66.875, 3.711563571153569e-24, nan 
36.625, 66.875, 3.1014369819332168e-24, nan 
36.875, 66.875, 2.8930356618798722e-24, nan 
37.125, 66.875, 5.03184309664365e-24, nan 
37.375, 66.875, 1.8802524690948537e-24, nan 
37.625, 66.875, 1.4922964373350717e-24, nan 
37.875, 66.875, 4.549798984427731e-24, nan 
38.125, 66.875, 4.045856403162149e-24, nan 
38.375, 66.875, 1.909548174421942e-24, nan 
38.625, 66.875, 4.14697814908724e-24, nan 
38.875, 66.875, 5.064786440500846e-24, nan 
39.125, 66.875, 1.2522051817883482e-23, nan 
39.375, 66.875, 1.5256934936083373e-23, nan 
39.625, 66.875, 1.0103303410972528e-23, nan 
39.875, 66.875, 1.020745388099085e-23, nan 
40.125, 66.875, 1.4220976803193723e-23, nan 
40.375, 66.875, 1.412367586525396e-23, nan 
40.625, 66.875, 6.967489659598099e-24, nan 
40.875, 66.875, 4.145917814017793e-24, nan 
41.125, 66.875, 5.3438455138428445e-24, nan 
41.375, 66.875, 4.631254477854372e-24, nan 
41.625, 66.875, 6.874357034480189e-24, nan 
41.875, 66.875, 8.53947697988376e-24, nan 
42.125, 66.875, 6.886352333217166e-24, nan 
42.375, 66.875, 7.508442245173944e-24, nan 
42.625, 66.875, 7.268220101789196e-24, nan 
42.875, 66.875, 3.2640559889523673e-24, nan 
43.125, 66.875, 4.1993875116942014e-24, nan 
43.375, 66.875, 2.670777620369368e-24, nan 
43.625, 66.875, 1.4229521448802458e-24, nan 
43.875, 66.875, 8.878866233451074e-25, nan 
44.125, 66.875, 4.180881545399516e-25, nan 
44.375, 66.875, 1.1250731430272084e-24, nan 
44.625, 66.875, 9.63813871207559e-25, nan 
44.875, 66.875, 1.0322304945747622e-24, nan 
45.125, 66.875, 1.9160451912057835e-24, nan 
45.375, 66.875, 1.1750162634720543e-24, nan 
45.625, 66.875, 1.3670176217025185e-24, nan 
45.875, 66.875, 2.8734077135858553e-24, nan 
46.125, 66.875, 3.446228338613822e-24, nan 
46.375, 66.875, 3.78877194191484e-24, nan 
46.625, 66.875, 5.498333001266474e-24, nan 
46.875, 66.875, 2.94687794055157e-24, nan 
47.125, 66.875, 3.007262517929345e-24, nan 
47.375, 66.875, 4.565355761826476e-24, nan 
47.625, 66.875, 2.872569617764729e-24, nan 
47.875, 66.875, 1.2855847693806006e-23, nan 
48.125, 66.875, 3.2031353098975293e-24, nan 
48.375, 66.875, 4.609421293367354e-24, nan 
48.625, 66.875, 6.995215940357993e-25, nan 
48.875, 66.875, 1.7827975542391154e-24, nan 
49.125, 66.875, 2.895002225040051e-24, nan 
49.375, 66.875, 3.6913381276197214e-24, nan 
49.625, 66.875, 3.605719010589132e-24, nan 
49.875, 66.875, 2.825837965027541e-24, nan 
50.125, 66.875, 2.3270678906429026e-24, nan 
50.375, 66.875, 2.5461064489625658e-24, nan 
50.625, 66.875, 4.7846882425143125e-24, nan 
50.875, 66.875, 4.187806257265369e-24, nan 
51.125, 66.875, 6.1890345771044275e-24, nan 
51.375, 66.875, 5.911305878479374e-24, nan 
51.625, 66.875, 6.883582947776779e-24, nan 
51.875, 66.875, 6.822028591947323e-24, nan 
52.125, 66.875, 6.864508506194476e-24, nan 
52.375, 66.875, 6.589696162981869e-24, nan 
52.625, 66.875, 6.890203317112506e-24, nan 
52.875, 66.875, 8.344926970023049e-24, nan 
53.125, 66.875, 6.31146705203811e-24, nan 
53.375, 66.875, 8.802292325922475e-24, nan 
53.625, 66.875, 1.2361114586595903e-23, nan 
53.875, 66.875, 3.689451481040694e-24, nan 
54.125, 66.875, 8.661074343638252e-24, nan 
54.375, 66.875, 1.2060284825007684e-23, nan 
54.625, 66.875, 7.592793667216782e-24, nan 
54.875, 66.875, 7.33393304755643e-24, nan 
55.125, 66.875, 6.126796719774794e-24, nan 
55.375, 66.875, 4.649638307095166e-24, nan 
55.625, 66.875, 1.1067328985641732e-23, nan 
55.875, 66.875, 1.415858763505897e-23, nan 
56.125, 66.875, 9.912987466427232e-24, nan 
56.375, 66.875, 8.495711186186026e-24, nan 
56.625, 66.875, 6.798337797147783e-24, nan 
56.875, 66.875, 3.1697095763937372e-24, nan 
57.125, 66.875, 3.2853216440491705e-24, nan 
57.375, 66.875, 4.4241749889508566e-24, nan 
57.625, 66.875, 4.5598779036045584e-24, nan 
57.875, 66.875, 2.9807535534877956e-24, nan 
58.125, 66.875, 6.5283605299484e-24, nan 
58.375, 66.875, 1.0603159090357948e-23, nan 
58.625, 66.875, 1.1475369163708495e-23, nan 
58.875, 66.875, 1.3066001964282912e-23, nan 
59.125, 66.875, 2.076911787556004e-23, nan 
59.375, 66.875, 1.0827967842232048e-23, nan 
59.625, 66.875, 9.48744169155337e-24, nan 
59.875, 66.875, 1.4563010249060222e-23, nan 
60.125, 66.875, 1.8156736198739136e-23, nan 
60.375, 66.875, 1.5078057585201238e-23, nan 
60.625, 66.875, 2.200629981494214e-23, nan 
60.875, 66.875, 1.7017793138736416e-23, nan 
61.125, 66.875, 1.1268161078988536e-23, nan 
61.375, 66.875, 1.4172968906845225e-23, nan 
61.625, 66.875, 1.5882618319712703e-23, nan 
61.875, 66.875, 1.4239439131549693e-23, nan 
62.125, 66.875, 2.2241888596185946e-23, nan 
62.375, 66.875, 1.5078125901265627e-23, nan 
62.625, 66.875, 1.2382766019105004e-23, nan 
62.875, 66.875, 2.9679481923703997e-23, nan 
63.125, 66.875, 4.33113872706683e-23, nan 
63.375, 66.875, 1.3132267057903981e-23, nan 
63.625, 66.875, 1.243692850915713e-23, nan 
63.875, 66.875, 9.785159605345824e-24, nan 
64.125, 66.875, 1.1966364401267757e-23, nan 
64.375, 66.875, 9.567879670154321e-24, nan 
64.625, 66.875, 9.304566831498894e-24, nan 
64.875, 66.875, 2.3146787319314693e-23, nan 
65.125, 66.875, 1.3028008883799775e-23, nan 
65.375, 66.875, 1.422124160633806e-23, nan 
65.625, 66.875, 2.0930460128201152e-23, nan 
65.875, 66.875, 2.013031440622855e-23, nan 
66.125, 66.875, 1.8725598351289312e-23, nan 
66.375, 66.875, 2.967297519251203e-23, nan 
66.625, 66.875, 2.236695223612933e-23, nan 
66.875, 66.875, 2.5441488837082435e-23, nan 
67.125, 66.875, 3.224777726955728e-23, nan 
67.375, 66.875, 3.231806735656891e-23, nan 
67.625, 66.875, 3.5528505565070435e-23, nan 
67.875, 66.875, 4.8608453112331815e-23, nan 
68.125, 66.875, 2.5853205026166522e-23, nan 
68.375, 66.875, 4.3668543008335375e-23, nan 
68.625, 66.875, 8.08343389839966e-23, nan 
68.875, 66.875, 5.692810035412059e-23, nan 
69.125, 66.875, 4.765915415804093e-23, nan 
69.375, 66.875, 1.0380500685355704e-22, nan 
69.625, 66.875, 9.079398834387717e-23, nan 
69.875, 66.875, 4.6972692673193334e-23, nan 
70.125, 66.875, 4.767238229001161e-23, nan 
70.375, 66.875, 4.0123438117311276e-23, nan 
70.625, 66.875, 2.7648588335261527e-23, nan 
70.875, 66.875, 3.3581854119645644e-23, nan 
71.125, 66.875, 3.942511556520387e-23, nan 
71.375, 66.875, 7.257394943632606e-23, nan 
71.625, 66.875, 6.797527937720784e-23, nan 
71.875, 66.875, 7.891921562538731e-23, nan 
72.125, 66.875, 1.4983848843867006e-22, nan 
72.375, 66.875, 1.427227546220431e-22, nan 
72.625, 66.875, 1.3530341209870108e-22, nan 
72.875, 66.875, 9.939048400138438e-23, nan 
73.125, 66.875, 1.0575036609356947e-22, nan 
73.375, 66.875, 1.185811565379152e-22, nan 
73.625, 66.875, 1.3389490117450399e-22, nan 
73.875, 66.875, 1.1560658959028913e-22, nan 
74.125, 66.875, 2.1666429896454337e-22, nan 
74.375, 66.875, 2.607041713218746e-22, nan 
74.625, 66.875, 2.319873930618221e-22, nan 
74.875, 66.875, 2.762270281152088e-22, nan 
75.125, 66.875, 3.3570372453787405e-22, nan 
75.375, 66.875, 2.5246717474918054e-22, nan 
75.625, 66.875, 1.6420015362275967e-22, nan 
75.875, 66.875, 1.5540114998549928e-22, nan 
76.125, 66.875, 5.305020167825985e-23, nan 
76.375, 66.875, 5.468040581096466e-23, nan 
76.625, 66.875, 1.7243712017249444e-22, nan 
76.875, 66.875, 1.041304187005522e-22, nan 
77.125, 66.875, 7.109165426234639e-23, nan 
77.375, 66.875, 8.163333020714155e-23, nan 
77.625, 66.875, 8.095488326739205e-23, nan 
77.875, 66.875, 1.0950521496956333e-22, nan 
78.125, 66.875, 2.2628118632333673e-22, nan 
78.375, 66.875, 2.891428130131677e-22, nan 
78.625, 66.875, 1.4958212381682997e-22, nan 
78.875, 66.875, 3.1538727849821172e-22, nan 
79.125, 66.875, 4.998994627993071e-22, nan 
79.375, 66.875, 1.7349477824814365e-22, nan 
79.625, 66.875, 2.6744162738997125e-22, nan 
79.875, 66.875, 3.0702599916407755e-22, nan 
80.125, 66.875, 1.4991924130465435e-22, nan 
80.375, 66.875, 4.499565403622659e-22, nan 
80.625, 66.875, 4.3403227779565625e-22, nan 
80.875, 66.875, 4.921462522068204e-22, nan 
81.125, 66.875, 4.530452585901019e-22, nan 
81.375, 66.875, 4.665891329290716e-22, nan 
81.625, 66.875, 7.272662824268447e-22, nan 
81.875, 66.875, 2.8284881669749254e-22, nan 
82.125, 66.875, 3.7123634651830517e-22, nan 
82.375, 66.875, 1.3270582878733694e-21, nan 
82.625, 66.875, 9.555060999229751e-22, nan 
82.875, 66.875, 6.173760895228976e-22, nan 
83.125, 66.875, 7.615672183995698e-22, nan 
83.375, 66.875, 7.518335236953699e-22, nan 
83.625, 66.875, 4.120438406877618e-22, nan 
83.875, 66.875, 3.305595416535412e-22, nan 
84.125, 66.875, 3.677253762953579e-22, nan 
84.375, 66.875, 1.5275878982755787e-22, nan 
84.625, 66.875, 4.0665782868911284e-22, nan 
84.875, 66.875, 4.696479251535146e-22, nan 
85.125, 66.875, 1.0529240627046492e-21, nan 
85.375, 66.875, 9.036162708555606e-22, nan 
85.625, 66.875, 6.093257829034884e-22, nan 
85.875, 66.875, 1.3162610576888768e-21, nan 
86.125, 66.875, 2.0554531591738475e-21, nan 
86.375, 66.875, 1.3854007445935922e-21, nan 
86.625, 66.875, 6.328226104525926e-22, nan 
86.875, 66.875, 1.1275925116986219e-22, nan 
87.125, 66.875, 2.3242702220766483e-21, nan 
87.375, 66.875, 1.7748497526056136e-21, nan 
87.625, 66.875, 3.8738143547870775e-21, nan 
87.875, 66.875, 5.5623171362437856e-21, nan 
88.125, 66.875, 3.4265950561869216e-21, nan 
88.375, 66.875, 9.816327056718325e-21, nan 
88.625, 66.875, 1.1926928586734673e-20, nan 
88.875, 66.875, 7.756251651919034e-21, nan 
89.125, 66.875, 7.255328125407954e-21, nan 
89.375, 66.875, 9.386751513514939e-21, nan 
89.625, 66.875, 9.460073495744117e-21, nan 
89.875, 66.875, 7.735251367480934e-21, nan 
90.125, 66.875, 4.9074390176548676e-21, nan 
90.375, 66.875, 4.386069023000999e-21, nan 
90.625, 66.875, 5.0266526668937194e-21, nan 
90.875, 66.875, 3.134653495492571e-21, nan 
91.125, 66.875, 2.565659871876839e-21, nan 
91.375, 66.875, 3.5012679794744755e-21, nan 
91.625, 66.875, 3.6858565524685806e-21, nan 
91.875, 66.875, 3.5626662348686056e-21, nan 
92.125, 66.875, 4.429144761381474e-21, nan 
92.375, 66.875, 5.194663793724003e-21, nan 
92.625, 66.875, 1.0427496646617236e-20, nan 
92.875, 66.875, 1.0524208098342146e-20, nan 
93.125, 66.875, 1.2552246935076186e-20, nan 
93.375, 66.875, 2.002068766914426e-20, nan 
93.625, 66.875, 2.6548932556287957e-20, nan 
93.875, 66.875, 2.3201244516480794e-20, nan 
94.125, 66.875, 2.1220330675416382e-20, nan 
94.375, 66.875, 2.5129716840833144e-20, nan 
94.625, 66.875, 1.3890039404038645e-20, nan 
94.875, 66.875, 1.2360301815122883e-20, nan 
95.125, 66.875, 1.2690389397797343e-20, nan 
95.375, 66.875, 2.2610269515768518e-20, nan 
95.625, 66.875, 1.8625968702152477e-20, nan 
95.875, 66.875, 5.3060453766347977e-20, nan 
96.125, 66.875, 8.844972867593874e-20, nan 
96.375, 66.875, 1.258885352191768e-19, nan 
96.625, 66.875, 1.1647866847662208e-19, nan 
96.875, 66.875, 1.448181235018803e-19, nan 
97.125, 66.875, 4.553060104883983e-19, nan 
97.375, 66.875, 2.0889175200943466e-19, nan 
97.625, 66.875, 2.0333903454326945e-19, nan 
97.875, 66.875, 4.396945993492467e-19, nan 
98.125, 66.875, 3.1816317005771515e-19, nan 
98.375, 66.875, 3.529811065496417e-19, nan 
98.625, 66.875, 1.1771426063693815e-19, nan 
98.875, 66.875, 2.7127845032714683e-19, nan 
99.125, 66.875, 2.2753436924265263e-19, nan 
99.375, 66.875, 3.9634786860244484e-19, nan 
99.625, 66.875, 4.494161162905099e-19, nan 
99.875, 66.875, 5.298571121990533e-19, nan 
100.125, 66.875, 5.27701839032149e-19, nan 
100.375, 66.875, 4.378611873733995e-19, nan 
100.625, 66.875, 3.6977777967647235e-19, nan 
100.875, 66.875, 3.9525489080608587e-19, nan 
101.125, 66.875, 4.8605718286359855e-19, nan 
101.375, 66.875, 5.081083164737339e-19, nan 
101.625, 66.875, 5.67583878562799e-19, nan 
101.875, 66.875, 4.466968511455156e-19, nan 
102.125, 66.875, 3.203391602823724e-19, nan 
102.375, 66.875, 2.7302752943993863e-19, nan 
102.625, 66.875, 2.0062729599026886e-19, nan 
102.875, 66.875, 2.0006200864841053e-19, nan 
103.125, 66.875, 1.7790299907155006e-19, nan 
103.375, 66.875, 1.922485436734228e-19, nan 
103.625, 66.875, 1.908839793342771e-19, nan 
103.875, 66.875, 3.168541470891614e-19, nan 
104.125, 66.875, 2.814556824887176e-19, nan 
104.375, 66.875, 1.4780891461648642e-19, nan 
104.625, 66.875, 1.1584464885300344e-19, nan 
104.875, 66.875, 1.055469457363032e-19, nan 
105.125, 66.875, 6.48626525629332e-20, nan 
105.375, 66.875, 1.7568064403393447e-20, nan 
105.625, 66.875, 8.468916317361904e-20, nan 
105.875, 66.875, 6.754960616490271e-20, nan 
106.125, 66.875, 5.532321574519585e-20, nan 
106.375, 66.875, 7.097306224119508e-20, nan 
106.625, 66.875, 5.35319605360506e-20, nan 
106.875, 66.875, 5.541287452778564e-20, nan 
107.125, 66.875, 7.627711358287374e-20, nan 
107.375, 66.875, 4.3819334704443925e-20, nan 
107.625, 66.875, 2.3579029417039942e-20, nan 
107.875, 66.875, 6.07512456634901e-20, nan 
108.125, 66.875, 3.518687470923951e-20, nan 
108.375, 66.875, 2.438585816302468e-20, nan 
108.625, 66.875, 2.8169055515837785e-20, nan 
108.875, 66.875, 1.642420070197505e-20, nan 
109.125, 66.875, 1.6258201067538383e-20, nan 
109.375, 66.875, 1.2413138870709615e-20, nan 
109.625, 66.875, 8.010773217376725e-21, nan 
109.875, 66.875, 8.483863735742108e-21, nan 
110.125, 66.875, 1.0026243643883596e-20, nan 
110.375, 66.875, 1.4932305927316203e-20, nan 
110.625, 66.875, 1.1901983256832363e-20, nan 
110.875, 66.875, 1.4354459786771982e-20, nan 
111.125, 66.875, 1.9869035653131003e-20, nan 
111.375, 66.875, 1.7126166617314472e-20, nan 
111.625, 66.875, 1.5774543107862132e-20, nan 
111.875, 66.875, 7.871143936861601e-21, nan 
112.125, 66.875, 1.1935346699688973e-20, nan 
112.375, 66.875, 1.2750071411337502e-20, nan 
112.625, 66.875, 9.000600544764152e-21, nan 
112.875, 66.875, 1.1271589220057091e-20, nan 
113.125, 66.875, 1.6562536499148393e-20, nan 
113.375, 66.875, 3.447441855321696e-20, nan 
113.625, 66.875, 3.9771806664767765e-20, nan 
113.875, 66.875, 1.675614499524959e-20, nan 
114.125, 66.875, 1.0290506349117391e-20, nan 
114.375, 66.875, 6.743277627338758e-21, nan 
114.625, 66.875, 7.912884045776443e-21, nan 
114.875, 66.875, 6.637257867355289e-21, nan 
115.125, 66.875, 3.6327178188608314e-21, nan 
115.375, 66.875, 1.7991463459962405e-21, nan 
115.625, 66.875, 9.286943508481997e-22, nan 
115.875, 66.875, 9.78010834259472e-22, nan 
116.125, 66.875, 9.279134571668627e-22, nan 
116.375, 66.875, 8.39916993376822e-22, nan 
116.625, 66.875, 1.8490399711044253e-21, nan 
116.875, 66.875, 2.4273251530311216e-21, nan 
117.125, 66.875, 1.8366314064700713e-21, nan 
117.375, 66.875, 1.7757329809777182e-21, nan 
117.625, 66.875, 2.0672177579915227e-21, nan 
117.875, 66.875, 1.0735383425209796e-21, nan 
118.125, 66.875, 9.805686055446016e-22, nan 
118.375, 66.875, 1.5479687601880028e-21, nan 
118.625, 66.875, 9.515259519621616e-22, nan 
118.875, 66.875, 1.0854629462033522e-21, nan 
119.125, 66.875, 1.0000099741293775e-21, nan 
119.375, 66.875, 8.464913537061218e-22, nan 
119.625, 66.875, 1.2823309583717177e-21, nan 
119.875, 66.875, 1.0560771554653243e-21, nan 
120.125, 66.875, 7.613421627178877e-22, nan 
120.375, 66.875, 8.016204867297437e-22, nan 
120.625, 66.875, 6.451359325727797e-22, nan 
120.875, 66.875, 6.639501749941544e-22, nan 
121.125, 66.875, 9.784258731632796e-22, nan 
121.375, 66.875, 6.249490447540319e-22, nan 
121.625, 66.875, 3.0595165671412977e-22, nan 
121.875, 66.875, 3.4230084610575865e-22, nan 
122.125, 66.875, 2.4150107970975563e-22, nan 
122.375, 66.875, 2.967147747493162e-22, nan 
122.625, 66.875, 3.739251071385613e-22, nan 
122.875, 66.875, 4.091367088335523e-22, nan 
123.125, 66.875, 4.88401452375984e-22, nan 
123.375, 66.875, 2.765805721339823e-22, nan 
123.625, 66.875, 3.054282550523158e-22, nan 
123.875, 66.875, 3.6518818324248077e-22, nan 
124.125, 66.875, 3.432497726873231e-22, nan 
124.375, 66.875, 2.467190735304039e-22, nan 
124.625, 66.875, 1.7604494353497545e-22, nan 
124.875, 66.875, 1.5573455797411424e-22, nan 
125.125, 66.875, 1.811579155174181e-22, nan 
125.375, 66.875, 1.9269823562563243e-22, nan 
125.625, 66.875, 1.5929194601579417e-22, nan 
125.875, 66.875, 1.5495764254181598e-22, nan 
126.125, 66.875, 1.733570296039656e-22, nan 
126.375, 66.875, 2.2797258491538105e-22, nan 
126.625, 66.875, 1.2431882782262038e-22, nan 
126.875, 66.875, 9.515035338915149e-23, nan 
127.125, 66.875, 9.614201438070106e-23, nan 
127.375, 66.875, 1.1625625037709713e-22, nan 
127.625, 66.875, 5.126095044484466e-23, nan 
127.875, 66.875, 1.3604722465934545e-22, nan 
128.125, 66.875, 2.1881499139755306e-22, nan 
128.375, 66.875, 1.2569217872466378e-22, nan 
128.625, 66.875, 1.306316857660353e-22, nan 
128.875, 66.875, 1.4877589327088672e-22, nan 
129.125, 66.875, 2.581748474845434e-22, nan 
129.375, 66.875, 3.056124063990787e-22, nan 
129.625, 66.875, 2.248674534656132e-22, nan 
129.875, 66.875, 2.346358904481606e-22, nan 
130.125, 66.875, 2.092786418721818e-22, nan 
130.375, 66.875, 1.6452368982600867e-22, nan 
130.625, 66.875, 1.7757238106142338e-22, nan 
130.875, 66.875, 1.4833575742306795e-22, nan 
131.125, 66.875, 1.456797715322119e-22, nan 
131.375, 66.875, 1.8413045138381644e-22, nan 
131.625, 66.875, 1.8990205928508477e-22, nan 
131.875, 66.875, 1.49045556216271e-22, nan 
132.125, 66.875, 4.2046981673957796e-23, nan 
132.375, 66.875, 1.1069082472035005e-22, nan 
132.625, 66.875, 7.028375179462952e-23, nan 
132.875, 66.875, 3.069167933151034e-23, nan 
133.125, 66.875, 4.580221425941563e-23, nan 
133.375, 66.875, 2.3754478816116703e-23, nan 
133.625, 66.875, 2.9119951849992545e-23, nan 
133.875, 66.875, 3.9016971739146977e-23, nan 
134.125, 66.875, 1.3818211556836444e-23, nan 
134.375, 66.875, 1.5400297209903225e-23, nan 
134.625, 66.875, 2.526908426181267e-23, nan 
134.875, 66.875, 3.4275919634024025e-23, nan 
135.125, 66.875, 1.431422985063293e-23, nan 
135.375, 66.875, 2.6094073950616232e-23, nan 
135.625, 66.875, 5.740614363292558e-23, nan 
135.875, 66.875, 2.3675280085869454e-23, nan 
136.125, 66.875, 2.6154130571172058e-23, nan 
136.375, 66.875, 4.30665616293924e-23, nan 
136.625, 66.875, 4.4172280537114573e-23, nan 
136.875, 66.875, 3.609162960434874e-23, nan 
137.125, 66.875, 3.846075921574801e-23, nan 
137.375, 66.875, 3.4745209273163765e-23, nan 
137.625, 66.875, 2.3213473613744714e-23, nan 
137.875, 66.875, 2.3433785736999332e-23, nan 
138.125, 66.875, 1.3251603461623082e-23, nan 
138.375, 66.875, 7.833355905700621e-24, nan 
138.625, 66.875, 6.634276412832185e-24, nan 
138.875, 66.875, 1.3910063560785373e-23, nan 
139.125, 66.875, 1.6352638980540175e-23, nan 
139.375, 66.875, 1.4350043441267697e-23, nan 
139.625, 66.875, 2.0560053173587594e-23, nan 
139.875, 66.875, 2.9309659044230695e-23, nan 
140.125, 66.875, 2.1437401404844333e-23, nan 
140.375, 66.875, 1.1064302594188967e-23, nan 
140.625, 66.875, 3.437738039564298e-23, nan 
140.875, 66.875, 2.851114443598983e-23, nan 
141.125, 66.875, 2.302949922400619e-23, nan 
141.375, 66.875, 1.1806961862308465e-23, nan 
141.625, 66.875, 5.889442834408654e-24, nan 
141.875, 66.875, 2.3546651587519104e-23, nan 
142.125, 66.875, 2.2312184440418456e-23, nan 
142.375, 66.875, 1.0821659753381281e-23, nan 
142.625, 66.875, 4.0031571199264596e-23, nan 
142.875, 66.875, 4.6735081178798363e-23, nan 
143.125, 66.875, 4.007064532684709e-23, nan 
143.375, 66.875, 4.1396526630839825e-23, nan 
143.625, 66.875, 6.391334962358765e-23, nan 
143.875, 66.875, 3.0111856434012026e-23, nan 
144.125, 66.875, 2.922780345407495e-23, nan 
144.375, 66.875, 5.587720309277172e-23, nan 
144.625, 66.875, 4.204736816684509e-23, nan 
144.875, 66.875, 4.342972058513261e-23, nan 
145.125, 66.875, 2.4367079324151403e-23, nan 
145.375, 66.875, 1.8461513212202828e-23, nan 
145.625, 66.875, 2.4197168764141958e-23, nan 
145.875, 66.875, 9.415472225797453e-24, nan 
146.125, 66.875, 1.8720820445791003e-23, nan 
146.375, 66.875, 2.364391019438738e-23, nan 
146.625, 66.875, 1.412241302077828e-23, nan 
146.875, 66.875, 1.2719729322875817e-23, nan 
147.125, 66.875, 1.2177258466252199e-23, nan 
147.375, 66.875, 1.042597371352295e-23, nan 
147.625, 66.875, 8.182929944730849e-24, nan 
147.875, 66.875, 6.668141584810169e-24, nan 
148.125, 66.875, 6.3575766460665086e-24, nan 
148.375, 66.875, 5.14942070502595e-24, nan 
148.625, 66.875, 4.985709361798093e-24, nan 
148.875, 66.875, 5.897179610204008e-24, nan 
149.125, 66.875, 4.954706528951191e-24, nan 
149.375, 66.875, 5.537969798682054e-24, nan 
149.625, 66.875, 6.259897651393442e-24, nan 
149.875, 66.875, 4.16205838222217e-24, nan 
150.125, 66.875, 8.685895789794138e-24, nan 
150.375, 66.875, 8.342622694093595e-24, nan 
150.625, 66.875, 9.384253635706312e-24, nan 
150.875, 66.875, 9.2444323034701e-24, nan 
151.125, 66.875, 9.839241548031218e-24, nan 
151.375, 66.875, 7.561256247130848e-24, nan 
151.625, 66.875, 1.0084924722702347e-23, nan 
151.875, 66.875, 7.669981906885275e-24, nan 
152.125, 66.875, 6.493492131021552e-24, nan 
152.375, 66.875, 4.16794551912588e-24, nan 
152.625, 66.875, 3.742099154329102e-24, nan 
152.875, 66.875, 3.742898766115849e-24, nan 
153.125, 66.875, 2.7212484970048895e-24, nan 
153.375, 66.875, 2.9626557777838658e-24, nan 
153.625, 66.875, 1.392543043623219e-24, nan 
153.875, 66.875, 3.7017417276217905e-24, nan 
154.125, 66.875, 4.731503652031554e-24, nan 
154.375, 66.875, 4.483481467203334e-24, nan 
154.625, 66.875, 3.2558397694735643e-24, nan 
154.875, 66.875, 4.148655823733379e-24, nan 
155.125, 66.875, 4.2547652601584834e-24, nan 
155.375, 66.875, 3.5304056603067785e-24, nan 
155.625, 66.875, 3.1265169641323583e-24, nan 
155.875, 66.875, 2.622107821714414e-24, nan 
156.125, 66.875, 2.66778276353415e-24, nan 
156.375, 66.875, 2.2746698928337055e-24, nan 
156.625, 66.875, 3.193956959163372e-24, nan 
156.875, 66.875, 4.306017662870666e-24, nan 
157.125, 66.875, 3.789170094754875e-24, nan 
157.375, 66.875, 2.890266120188934e-24, nan 
157.625, 66.875, 3.8429167911688116e-24, nan 
157.875, 66.875, 3.1351405599744665e-24, nan 
158.125, 66.875, 2.4348987554549343e-24, nan 
158.375, 66.875, 2.232462424201541e-24, nan 
158.625, 66.875, 3.0331281126381642e-24, nan 
158.875, 66.875, 4.660739660363211e-24, nan 
159.125, 66.875, 2.853187962470945e-24, nan 
159.375, 66.875, 2.7328094692052193e-24, nan 
159.625, 66.875, 3.929500723021461e-24, nan 
159.875, 66.875, 2.8552099182682085e-24, nan 
160.125, 66.875, 3.478341996141212e-24, nan 
160.375, 66.875, 2.579693689655981e-24, nan 
160.625, 66.875, 2.4596652788891054e-24, nan 
160.875, 66.875, 5.228300636849874e-24, nan 
161.125, 66.875, 3.0201216741516916e-24, nan 
161.375, 66.875, 2.7323136302590663e-24, nan 
161.625, 66.875, 2.8055634481144858e-24, nan 
161.875, 66.875, 2.122067871232619e-24, nan 
162.125, 66.875, 3.7657801351707246e-24, nan 
162.375, 66.875, 3.795827612446623e-24, nan 
162.625, 66.875, 3.724794372721813e-24, nan 
162.875, 66.875, 3.459525644537943e-24, nan 
163.125, 66.875, 4.420624098000228e-24, nan 
163.375, 66.875, 3.124846025169227e-24, nan 
163.625, 66.875, 3.567144242940864e-24, nan 
163.875, 66.875, 3.586313560518478e-24, nan 
164.125, 66.875, 3.314665978741584e-24, nan 
164.375, 66.875, 3.2907648390844244e-24, nan 
164.625, 66.875, 3.248771088046185e-24, nan 
164.875, 66.875, 2.703211265906173e-24, nan 
165.125, 66.875, 3.4092847937148365e-24, nan 
165.375, 66.875, 2.994350427940264e-24, nan 
165.625, 66.875, 2.5210940082751965e-24, nan 
165.875, 66.875, 2.415298894334275e-24, nan 
166.125, 66.875, 1.4974854845225131e-24, nan 
166.375, 66.875, 7.641498652807734e-25, nan 
166.625, 66.875, 1.0750142383816729e-24, nan 
166.875, 66.875, 2.116989039503725e-24, nan 
167.125, 66.875, 3.157260289515843e-24, nan 
167.375, 66.875, 2.980586639591247e-24, nan 
167.625, 66.875, 2.257738811322478e-24, nan 
167.875, 66.875, 2.783792479302458e-24, nan 
168.125, 66.875, 2.5407174565982467e-24, nan 
168.375, 66.875, 1.796749818318354e-24, nan 
168.625, 66.875, 2.3177447892865055e-24, nan 
168.875, 66.875, 9.388121789657764e-25, nan 
169.125, 66.875, 1.2196711740691605e-24, nan 
169.375, 66.875, 1.8414369912664343e-24, nan 
33.125, 67.125, 2.034973090328539e-24, nan 
33.375, 67.125, 7.913936083157375e-25, nan 
33.625, 67.125, 2.5392439556019862e-24, nan 
33.875, 67.125, 1.9647618625957864e-24, nan 
34.125, 67.125, 1.278543458027417e-24, nan 
34.375, 67.125, 1.335157453096965e-24, nan 
34.625, 67.125, 1.1740409792845358e-24, nan 
34.875, 67.125, 1.4033743127629825e-24, nan 
35.125, 67.125, 1.0035510476791978e-24, nan 
35.375, 67.125, 1.257612631783585e-24, nan 
35.625, 67.125, 2.1171649487202523e-24, nan 
35.875, 67.125, 2.337588052344155e-24, nan 
36.125, 67.125, 2.1689324200105526e-24, nan 
36.375, 67.125, 2.4757536486357024e-24, nan 
36.625, 67.125, 2.6898266414394353e-24, nan 
36.875, 67.125, 3.354953230549303e-24, nan 
37.125, 67.125, 6.3404498703291176e-24, nan 
37.375, 67.125, 5.170050012865789e-24, nan 
37.625, 67.125, 4.988400673483224e-24, nan 
37.875, 67.125, 1.0872504925568587e-23, nan 
38.125, 67.125, 9.834611379540213e-24, nan 
38.375, 67.125, 4.6951020608577074e-24, nan 
38.625, 67.125, 8.435058291725732e-24, nan 
38.875, 67.125, 6.974957138741358e-24, nan 
39.125, 67.125, 8.20376159029245e-24, nan 
39.375, 67.125, 6.084609441240836e-24, nan 
39.625, 67.125, 4.3025083854849205e-24, nan 
39.875, 67.125, 4.713280786808372e-24, nan 
40.125, 67.125, 4.398864576444312e-24, nan 
40.375, 67.125, 5.815120231860168e-24, nan 
40.625, 67.125, 4.117863188962298e-24, nan 
40.875, 67.125, 4.743899575828075e-24, nan 
41.125, 67.125, 6.571093537543302e-24, nan 
41.375, 67.125, 4.9638400789030175e-24, nan 
41.625, 67.125, 4.2255502778505204e-24, nan 
41.875, 67.125, 5.313025563529683e-24, nan 
42.125, 67.125, 4.363142867308769e-24, nan 
42.375, 67.125, 1.4080489009564772e-24, nan 
42.625, 67.125, 1.8870633731670407e-24, nan 
42.875, 67.125, 2.918872953035374e-24, nan 
43.125, 67.125, 4.8118483336948785e-24, nan 
43.375, 67.125, 2.9587305775812247e-24, nan 
43.625, 67.125, 1.627255885012661e-24, nan 
43.875, 67.125, 2.485442906527841e-24, nan 
44.125, 67.125, 1.9747968097628435e-24, nan 
44.375, 67.125, 1.407978002322567e-24, nan 
44.625, 67.125, 1.6265928751743888e-24, nan 
44.875, 67.125, 1.1893525418825663e-24, nan 
45.125, 67.125, 1.3390002168284286e-24, nan 
45.375, 67.125, 2.1258600149550723e-24, nan 
45.625, 67.125, 2.8250256704050933e-24, nan 
45.875, 67.125, 2.2513230187584784e-24, nan 
46.125, 67.125, 2.4571574930584833e-24, nan 
46.375, 67.125, 6.643845000387927e-24, nan 
46.625, 67.125, 5.769786602113699e-24, nan 
46.875, 67.125, 4.995225332778615e-24, nan 
47.125, 67.125, 1.2852954565121307e-23, nan 
47.375, 67.125, 6.191131656120108e-24, nan 
47.625, 67.125, 5.886008325340081e-24, nan 
47.875, 67.125, 2.4110021291636576e-23, nan 
48.125, 67.125, 4.9685054494944295e-24, nan 
48.375, 67.125, 1.0989780493496936e-23, nan 
48.625, 67.125, 1.3218658974559659e-23, nan 
48.875, 67.125, 5.777046431364089e-24, nan 
49.125, 67.125, 7.156091053774608e-24, nan 
49.375, 67.125, 5.3893645095331775e-24, nan 
49.625, 67.125, 5.757452042647113e-24, nan 
49.875, 67.125, 4.639972588178083e-24, nan 
50.125, 67.125, 2.718963898431946e-24, nan 
50.375, 67.125, 3.2941125790590314e-24, nan 
50.625, 67.125, 3.9451121950504436e-24, nan 
50.875, 67.125, 4.286553440163911e-24, nan 
51.125, 67.125, 4.17523734301266e-24, nan 
51.375, 67.125, 4.6041144338324886e-24, nan 
51.625, 67.125, 5.261137658559091e-24, nan 
51.875, 67.125, 4.397214042520486e-24, nan 
52.125, 67.125, 4.52452945730827e-24, nan 
52.375, 67.125, 6.824162777271807e-24, nan 
52.625, 67.125, 1.0021565816242642e-23, nan 
52.875, 67.125, 9.334881906109076e-24, nan 
53.125, 67.125, 5.283925580846976e-24, nan 
53.375, 67.125, 1.3769915957722325e-23, nan 
53.625, 67.125, 1.305217277227735e-23, nan 
53.875, 67.125, 6.363069546679347e-24, nan 
54.125, 67.125, 1.3137480669050534e-23, nan 
54.375, 67.125, 1.1882844353702383e-23, nan 
54.625, 67.125, 8.750587018629141e-24, nan 
54.875, 67.125, 2.3760737180073987e-23, nan 
55.125, 67.125, 1.4365583698063465e-23, nan 
55.375, 67.125, 9.300061377767245e-24, nan 
55.625, 67.125, 1.7976862769361538e-23, nan 
55.875, 67.125, 1.2859016080135548e-23, nan 
56.125, 67.125, 9.854490512416283e-24, nan 
56.375, 67.125, 1.0329844438876527e-23, nan 
56.625, 67.125, 7.711839872281035e-24, nan 
56.875, 67.125, 6.080279119303712e-24, nan 
57.125, 67.125, 6.2894044495573274e-24, nan 
57.375, 67.125, 6.00110890914954e-24, nan 
57.625, 67.125, 3.601950352324306e-24, nan 
57.875, 67.125, 4.2814731658443776e-24, nan 
58.125, 67.125, 3.689187144411676e-24, nan 
58.375, 67.125, 6.465150418936079e-24, nan 
58.625, 67.125, 6.629368993420719e-24, nan 
58.875, 67.125, 9.574363645622365e-24, nan 
59.125, 67.125, 1.46000867484158e-23, nan 
59.375, 67.125, 7.189595637180239e-24, nan 
59.625, 67.125, 9.403302050352453e-24, nan 
59.875, 67.125, 5.159693266310874e-24, nan 
60.125, 67.125, 9.374104894064558e-24, nan 
60.375, 67.125, 1.3764092216504225e-23, nan 
60.625, 67.125, 9.479897046899406e-24, nan 
60.875, 67.125, 7.327942066866654e-24, nan 
61.125, 67.125, 1.2193220607392038e-23, nan 
61.375, 67.125, 1.3417908860445242e-23, nan 
61.625, 67.125, 1.1408570464955842e-23, nan 
61.875, 67.125, 2.0852366204603126e-23, nan 
62.125, 67.125, 3.332929651198412e-23, nan 
62.375, 67.125, 1.505535292036628e-23, nan 
62.625, 67.125, 2.8221809255861746e-23, nan 
62.875, 67.125, 3.590209116091157e-23, nan 
63.125, 67.125, 6.241387936955718e-23, nan 
63.375, 67.125, 2.8875458409885177e-23, nan 
63.625, 67.125, 2.024190839683446e-23, nan 
63.875, 67.125, 3.27306434562814e-23, nan 
64.125, 67.125, 1.14506755065463e-23, nan 
64.375, 67.125, 1.855973176053069e-23, nan 
64.625, 67.125, 6.1178812381286174e-24, nan 
64.875, 67.125, 9.28501075766272e-24, nan 
65.125, 67.125, 1.683309659790096e-23, nan 
65.375, 67.125, 1.666662278317744e-23, nan 
65.625, 67.125, 1.7595388468284466e-23, nan 
65.875, 67.125, 1.9111431787200523e-23, nan 
66.125, 67.125, 1.7135713268738456e-23, nan 
66.375, 67.125, 2.185904512546509e-23, nan 
66.625, 67.125, 2.7806763332226296e-23, nan 
66.875, 67.125, 1.8009757992597486e-23, nan 
67.125, 67.125, 2.959100278147993e-23, nan 
67.375, 67.125, 4.858633494957784e-23, nan 
67.625, 67.125, 6.186965288723804e-23, nan 
67.875, 67.125, 5.751253182313474e-23, nan 
68.125, 67.125, 6.5689722756123e-23, nan 
68.375, 67.125, 4.717025294533731e-23, nan 
68.625, 67.125, 4.4067724083460287e-23, nan 
68.875, 67.125, 2.7551911422550233e-23, nan 
69.125, 67.125, 4.687000379619058e-23, nan 
69.375, 67.125, 6.980645239111054e-23, nan 
69.625, 67.125, 7.451335265138121e-23, nan 
69.875, 67.125, 4.8520065702668046e-23, nan 
70.125, 67.125, 4.2758751468349157e-23, nan 
70.375, 67.125, 6.102469960260304e-23, nan 
70.625, 67.125, 5.890510251287548e-23, nan 
70.875, 67.125, 4.251562227876403e-23, nan 
71.125, 67.125, 7.156503543122225e-23, nan 
71.375, 67.125, 8.546514449424903e-23, nan 
71.625, 67.125, 9.208125846107135e-23, nan 
71.875, 67.125, 7.97423868560923e-23, nan 
72.125, 67.125, 1.0292999207120121e-22, nan 
72.375, 67.125, 1.4328818798119772e-22, nan 
72.625, 67.125, 9.709476356155903e-23, nan 
72.875, 67.125, 6.482552150046898e-23, nan 
73.125, 67.125, 1.4316101063057388e-22, nan 
73.375, 67.125, 5.047090496366669e-23, nan 
73.625, 67.125, 7.685151054088285e-23, nan 
73.875, 67.125, 8.689789724839749e-23, nan 
74.125, 67.125, 1.6965631396782957e-22, nan 
74.375, 67.125, 2.0017758738007752e-22, nan 
74.625, 67.125, 2.061968368008838e-22, nan 
74.875, 67.125, 2.761592793419947e-22, nan 
75.125, 67.125, 3.7893912044456516e-22, nan 
75.375, 67.125, 3.236083588715798e-22, nan 
75.625, 67.125, 2.6189452576129327e-22, nan 
75.875, 67.125, 3.5558679092078573e-22, nan 
76.125, 67.125, 3.0965672143532487e-22, nan 
76.375, 67.125, 2.0194058929370352e-22, nan 
76.625, 67.125, 5.793104498971805e-23, nan 
76.875, 67.125, 3.694250629065244e-23, nan 
77.125, 67.125, 3.5898681984547183e-23, nan 
77.375, 67.125, 4.75477995766165e-23, nan 
77.625, 67.125, 7.610645936445853e-23, nan 
77.875, 67.125, 1.0200605085654604e-22, nan 
78.125, 67.125, 1.8393917587716607e-22, nan 
78.375, 67.125, 1.7441716419652487e-22, nan 
78.625, 67.125, 1.9716453673337558e-22, nan 
78.875, 67.125, 3.456298705080373e-22, nan 
79.125, 67.125, 3.9213518868313045e-22, nan 
79.375, 67.125, 3.272375573228521e-22, nan 
79.625, 67.125, 1.2273167955426043e-22, nan 
79.875, 67.125, 7.35255028695906e-23, nan 
80.125, 67.125, 3.745573670407931e-22, nan 
80.375, 67.125, 3.1469023389415106e-22, nan 
80.625, 67.125, 3.41900688348547e-22, nan 
80.875, 67.125, 3.0619861331774288e-22, nan 
81.125, 67.125, 2.7955892999655884e-22, nan 
81.375, 67.125, 5.281775795641532e-22, nan 
81.625, 67.125, 5.521958321111478e-22, nan 
81.875, 67.125, 3.78546536261963e-22, nan 
82.125, 67.125, 8.178011806231317e-22, nan 
82.375, 67.125, 8.750338278992144e-22, nan 
82.625, 67.125, 1.0203998952622828e-21, nan 
82.875, 67.125, 5.859872177635028e-22, nan 
83.125, 67.125, 7.340126519927046e-22, nan 
83.375, 67.125, 1.4462559415292664e-21, nan 
83.625, 67.125, 7.331100487557856e-22, nan 
83.875, 67.125, 5.842163343493317e-22, nan 
84.125, 67.125, 3.7669734107321057e-22, nan 
84.375, 67.125, 5.873083309049806e-22, nan 
84.625, 67.125, 1.1600489965754574e-21, nan 
84.875, 67.125, 9.542715407192386e-22, nan 
85.125, 67.125, 1.0708198276113728e-21, nan 
85.375, 67.125, 1.4710860157098418e-21, nan 
85.625, 67.125, 1.3877569514009502e-21, nan 
85.875, 67.125, 1.2999532516860763e-21, nan 
86.125, 67.125, 1.3765784211318458e-21, nan 
86.375, 67.125, 1.288393000767863e-21, nan 
86.625, 67.125, 1.6365852170856656e-21, nan 
86.875, 67.125, 2.1870932384321207e-21, nan 
87.125, 67.125, 2.6800128066147083e-21, nan 
87.375, 67.125, 1.816502116994971e-21, nan 
87.625, 67.125, 2.929503673818583e-21, nan 
87.875, 67.125, 3.8883951233938034e-21, nan 
88.125, 67.125, 3.303053021176349e-21, nan 
88.375, 67.125, 5.607066626268962e-21, nan 
88.625, 67.125, 8.255131021029036e-21, nan 
88.875, 67.125, 7.690357407610444e-21, nan 
89.125, 67.125, 6.374627468813982e-21, nan 
89.375, 67.125, 7.568513290678135e-21, nan 
89.625, 67.125, 8.433560934357334e-21, nan 
89.875, 67.125, 5.633713526689692e-21, nan 
90.125, 67.125, 5.3822094852297046e-21, nan 
90.375, 67.125, 3.511296889595155e-21, nan 
90.625, 67.125, 3.645144859552025e-21, nan 
90.875, 67.125, 3.3823279855309364e-21, nan 
91.125, 67.125, 3.535893459032939e-21, nan 
91.375, 67.125, 4.113335024285195e-21, nan 
91.625, 67.125, 4.715426572222244e-21, nan 
91.875, 67.125, 1.005943692839835e-20, nan 
92.125, 67.125, 1.5292416968410175e-20, nan 
92.375, 67.125, 2.821595942589769e-20, nan 
92.625, 67.125, 1.119804855791677e-20, nan 
92.875, 67.125, 1.1153801783799386e-20, nan 
93.125, 67.125, 1.2765869874013006e-20, nan 
93.375, 67.125, 7.686147454066245e-21, nan 
93.625, 67.125, 1.301156500839241e-20, nan 
93.875, 67.125, 2.6009204128863824e-20, nan 
94.125, 67.125, 1.7712784317762415e-20, nan 
94.375, 67.125, 1.533015049962475e-20, nan 
94.625, 67.125, 2.988812730425525e-20, nan 
94.875, 67.125, 3.688759918414614e-20, nan 
95.125, 67.125, 2.4497312398028324e-20, nan 
95.375, 67.125, 3.34904017792404e-20, nan 
95.625, 67.125, 1.2800698413588532e-20, nan 
95.875, 67.125, 6.648903270612753e-20, nan 
96.125, 67.125, 9.63335836534753e-20, nan 
96.375, 67.125, 3.495091055430897e-19, nan 
96.625, 67.125, 1.5975331157229484e-19, nan 
96.875, 67.125, 1.479779023792962e-19, nan 
97.125, 67.125, 7.788786106919847e-19, nan 
97.375, 67.125, 3.083413756489e-19, nan 
97.625, 67.125, 2.011550236123405e-19, nan 
97.875, 67.125, 8.475751344447322e-19, nan 
98.125, 67.125, 4.67849615893961e-19, nan 
98.375, 67.125, 4.702742636652467e-19, nan 
98.625, 67.125, 7.530073279705254e-19, nan 
98.875, 67.125, 5.839313349231161e-19, nan 
99.125, 67.125, 5.918735729488276e-19, nan 
99.375, 67.125, 5.720930894674752e-19, nan 
99.625, 67.125, 4.86770859596895e-19, nan 
99.875, 67.125, 4.948868759518427e-19, nan 
100.125, 67.125, 4.9789637488496825e-19, nan 
100.375, 67.125, 4.1277790357389996e-19, nan 
100.625, 67.125, 4.917204148228712e-19, nan 
100.875, 67.125, 2.8645861536721405e-19, nan 
101.125, 67.125, 4.623313745560033e-19, nan 
101.375, 67.125, 3.883932512131271e-19, nan 
101.625, 67.125, 7.503910969724878e-19, nan 
101.875, 67.125, 7.791060933160464e-19, nan 
102.125, 67.125, 5.575383982965065e-19, nan 
102.375, 67.125, 6.988074547723891e-19, nan 
102.625, 67.125, 6.809242621277969e-19, nan 
102.875, 67.125, 4.0539620319932845e-19, nan 
103.125, 67.125, 2.4503899279432775e-19, nan 
103.375, 67.125, 1.3105553081402338e-19, nan 
103.625, 67.125, 1.7897572916371733e-19, nan 
103.875, 67.125, 1.5986184681994423e-19, nan 
104.125, 67.125, 1.670818277719071e-19, nan 
104.375, 67.125, 1.5849098312842616e-19, nan 
104.625, 67.125, 1.158265666715352e-19, nan 
104.875, 67.125, 7.269845526455263e-20, nan 
105.125, 67.125, 9.974712514828464e-20, nan 
105.375, 67.125, 3.8138514523360946e-20, nan 
105.625, 67.125, 7.610880087709434e-20, nan 
105.875, 67.125, 1.228647837745531e-19, nan 
106.125, 67.125, 1.2377508583533376e-19, nan 
106.375, 67.125, 1.451697885509839e-19, nan 
106.625, 67.125, 8.007665630163953e-20, nan 
106.875, 67.125, 7.831426131992672e-20, nan 
107.125, 67.125, 8.760786800719791e-20, nan 
107.375, 67.125, 5.99232704566476e-20, nan 
107.625, 67.125, 3.810101917775126e-20, nan 
107.875, 67.125, 3.391582412040174e-20, nan 
108.125, 67.125, 2.8667524712348735e-20, nan 
108.375, 67.125, 2.9957912166859494e-20, nan 
108.625, 67.125, 2.5141067703919556e-20, nan 
108.875, 67.125, 1.9613946786015612e-20, nan 
109.125, 67.125, 2.683999054336102e-20, nan 
109.375, 67.125, 2.21434763271957e-20, nan 
109.625, 67.125, 2.3021998162129765e-20, nan 
109.875, 67.125, 1.6425789970306848e-20, nan 
110.125, 67.125, 9.370458169296745e-21, nan 
110.375, 67.125, 1.698406573528809e-20, nan 
110.625, 67.125, 1.5111359620381816e-20, nan 
110.875, 67.125, 1.3235110564638788e-20, nan 
111.125, 67.125, 9.745420132008739e-21, nan 
111.375, 67.125, 1.0675644339423788e-20, nan 
111.625, 67.125, 1.1303814761017854e-20, nan 
111.875, 67.125, 1.4310338539006594e-20, nan 
112.125, 67.125, 1.3984684112413735e-20, nan 
112.375, 67.125, 2.1329940231996768e-20, nan 
112.625, 67.125, 3.918872129922521e-20, nan 
112.875, 67.125, 4.859949035032232e-20, nan 
113.125, 67.125, 3.171115668314559e-20, nan 
113.375, 67.125, 6.251125015537996e-20, nan 
113.625, 67.125, 7.687829267437096e-20, nan 
113.875, 67.125, 2.407888435791901e-20, nan 
114.125, 67.125, 2.5039513943413216e-20, nan 
114.375, 67.125, 2.607357503225561e-20, nan 
114.625, 67.125, 8.246892635054271e-21, nan 
114.875, 67.125, 8.422017162956005e-21, nan 
115.125, 67.125, 5.344667447267748e-21, nan 
115.375, 67.125, 4.1689858991066034e-21, nan 
115.625, 67.125, 1.5607854566203518e-21, nan 
115.875, 67.125, 1.8079350750401706e-21, nan 
116.125, 67.125, 1.8451176571668804e-21, nan 
116.375, 67.125, 2.1469560614035962e-21, nan 
116.625, 67.125, 2.496258409098172e-21, nan 
116.875, 67.125, 2.4387366900500127e-21, nan 
117.125, 67.125, 2.433848659119449e-21, nan 
117.375, 67.125, 1.6198567309939419e-21, nan 
117.625, 67.125, 5.967508258663367e-22, nan 
117.875, 67.125, 1.0200322884171097e-21, nan 
118.125, 67.125, 8.398461820045018e-22, nan 
118.375, 67.125, 9.20227932131675e-22, nan 
118.625, 67.125, 1.0561355605504221e-21, nan 
118.875, 67.125, 9.604395656779385e-22, nan 
119.125, 67.125, 9.639713333230134e-22, nan 
119.375, 67.125, 7.68270702934558e-22, nan 
119.625, 67.125, 8.395407549789787e-22, nan 
119.875, 67.125, 9.933147995026359e-22, nan 
120.125, 67.125, 1.2017273121184484e-21, nan 
120.375, 67.125, 1.0955610483547506e-21, nan 
120.625, 67.125, 8.530612897699173e-22, nan 
120.875, 67.125, 7.550165835664501e-22, nan 
121.125, 67.125, 1.0139006468145228e-21, nan 
121.375, 67.125, 7.184992542599037e-22, nan 
121.625, 67.125, 6.832496875425356e-22, nan 
121.875, 67.125, 7.495487655896195e-22, nan 
122.125, 67.125, 4.921484450165468e-22, nan 
122.375, 67.125, 4.286890819625751e-22, nan 
122.625, 67.125, 4.612608213493206e-22, nan 
122.875, 67.125, 3.3484038406417504e-22, nan 
123.125, 67.125, 3.1474307666547997e-22, nan 
123.375, 67.125, 1.438114289755062e-22, nan 
123.625, 67.125, 1.8840519090535296e-22, nan 
123.875, 67.125, 2.7470185522234893e-22, nan 
124.125, 67.125, 3.36660202136664e-22, nan 
124.375, 67.125, 2.395851230717295e-22, nan 
124.625, 67.125, 1.9657208975011448e-22, nan 
124.875, 67.125, 2.1443230545275723e-22, nan 
125.125, 67.125, 2.0025637049296075e-22, nan 
125.375, 67.125, 1.789624498107083e-22, nan 
125.625, 67.125, 1.8378816255763139e-22, nan 
125.875, 67.125, 2.0496907632027584e-22, nan 
126.125, 67.125, 1.7395864970182443e-22, nan 
126.375, 67.125, 8.216178287637563e-23, nan 
126.625, 67.125, 1.1136542205576956e-22, nan 
126.875, 67.125, 1.015396902592331e-22, nan 
127.125, 67.125, 9.055701150883579e-23, nan 
127.375, 67.125, 1.2133327978919642e-22, nan 
127.625, 67.125, 1.191813422680611e-22, nan 
127.875, 67.125, 1.0930553177686683e-22, nan 
128.125, 67.125, 1.0727441975051582e-22, nan 
128.375, 67.125, 8.996156570454066e-23, nan 
128.625, 67.125, 1.7166696336964335e-22, nan 
128.875, 67.125, 1.698821237124649e-22, nan 
129.125, 67.125, 1.5347564346799745e-22, nan 
129.375, 67.125, 2.3276340897071334e-22, nan 
129.625, 67.125, 1.8555092406819017e-22, nan 
129.875, 67.125, 7.889948152487167e-23, nan 
130.125, 67.125, 9.229485102428085e-23, nan 
130.375, 67.125, 1.3445109474943082e-22, nan 
130.625, 67.125, 1.510371016287662e-22, nan 
130.875, 67.125, 1.842174427956386e-22, nan 
131.125, 67.125, 1.3009148987610986e-22, nan 
131.375, 67.125, 7.96440792676418e-23, nan 
131.625, 67.125, 1.5662255945848832e-22, nan 
131.875, 67.125, 1.2603178632138146e-22, nan 
132.125, 67.125, 2.933892104705498e-23, nan 
132.375, 67.125, 5.409559677511021e-23, nan 
132.625, 67.125, 2.99542681775022e-23, nan 
132.875, 67.125, 2.581003127686649e-23, nan 
133.125, 67.125, 6.297449547213609e-23, nan 
133.375, 67.125, 3.5703560571022936e-23, nan 
133.625, 67.125, 5.860693766163186e-23, nan 
133.875, 67.125, 7.903895001707627e-23, nan 
134.125, 67.125, 2.0576627255883194e-23, nan 
134.375, 67.125, 3.900528354302994e-23, nan 
134.625, 67.125, 4.5332465559037664e-23, nan 
134.875, 67.125, 2.964704901313587e-23, nan 
135.125, 67.125, 2.660575912113895e-23, nan 
135.375, 67.125, 2.0119836216476604e-23, nan 
135.625, 67.125, 3.31993531297393e-23, nan 
135.875, 67.125, 3.908009281273275e-23, nan 
136.125, 67.125, 1.8940703917443883e-23, nan 
136.375, 67.125, 3.0182334640914114e-23, nan 
136.625, 67.125, 2.7044877824609935e-23, nan 
136.875, 67.125, 2.1832267323557528e-23, nan 
137.125, 67.125, 1.6995330005113524e-23, nan 
137.375, 67.125, 2.173910868288085e-23, nan 
137.625, 67.125, 4.7466668053921106e-23, nan 
137.875, 67.125, 3.440902410782621e-23, nan 
138.125, 67.125, 1.600213875636745e-23, nan 
138.375, 67.125, 1.1541429317617454e-23, nan 
138.625, 67.125, 1.3098918651206165e-23, nan 
138.875, 67.125, 1.0922980235274109e-23, nan 
139.125, 67.125, 1.998890922690176e-23, nan 
139.375, 67.125, 2.4293533234658483e-23, nan 
139.625, 67.125, 2.7262479134784247e-23, nan 
139.875, 67.125, 1.6699960174882945e-23, nan 
140.125, 67.125, 2.032898541448349e-23, nan 
140.375, 67.125, 1.980378260168612e-23, nan 
140.625, 67.125, 2.859842625150901e-23, nan 
140.875, 67.125, 2.8731217824671803e-23, nan 
141.125, 67.125, 2.2043534035121402e-23, nan 
141.375, 67.125, 2.678202444622056e-23, nan 
141.625, 67.125, 1.6914835169363483e-23, nan 
141.875, 67.125, 1.3213554301310323e-23, nan 
142.125, 67.125, 3.813257481293658e-23, nan 
142.375, 67.125, 2.9324335970101516e-23, nan 
142.625, 67.125, 2.2050154492159046e-23, nan 
142.875, 67.125, 2.5300258277615e-23, nan 
143.125, 67.125, 3.2387402138952207e-23, nan 
143.375, 67.125, 3.668292413452949e-23, nan 
143.625, 67.125, 3.277761503267695e-23, nan 
143.875, 67.125, 2.989217341393131e-23, nan 
144.125, 67.125, 1.9416188550616543e-23, nan 
144.375, 67.125, 2.0548087931572994e-23, nan 
144.625, 67.125, 2.4910701630723047e-23, nan 
144.875, 67.125, 2.9444913590898397e-23, nan 
145.125, 67.125, 1.428566044485652e-23, nan 
145.375, 67.125, 1.1133805908232872e-23, nan 
145.625, 67.125, 1.382190302042937e-23, nan 
145.875, 67.125, 9.058989341056309e-24, nan 
146.125, 67.125, 8.269283932599772e-24, nan 
146.375, 67.125, 1.3772457338801075e-23, nan 
146.625, 67.125, 1.6854748031213467e-23, nan 
146.875, 67.125, 1.2435081483615732e-23, nan 
147.125, 67.125, 1.2750166822836636e-23, nan 
147.375, 67.125, 1.448134189344495e-23, nan 
147.625, 67.125, 9.557830774118555e-24, nan 
147.875, 67.125, 3.834814287770691e-24, nan 
148.125, 67.125, 4.568845840118112e-24, nan 
148.375, 67.125, 3.873807931197487e-24, nan 
148.625, 67.125, 4.2434985610073134e-24, nan 
148.875, 67.125, 5.380856318044825e-24, nan 
149.125, 67.125, 5.483288479893194e-24, nan 
149.375, 67.125, 4.189710144343982e-24, nan 
149.625, 67.125, 5.63513677046679e-24, nan 
149.875, 67.125, 1.1976685222297252e-23, nan 
150.125, 67.125, 9.29988172639048e-24, nan 
150.375, 67.125, 7.175851609919189e-24, nan 
150.625, 67.125, 8.05315439496759e-24, nan 
150.875, 67.125, 6.981058078363397e-24, nan 
151.125, 67.125, 7.682356181657915e-24, nan 
151.375, 67.125, 1.2662896296161843e-23, nan 
151.625, 67.125, 1.6359319073679086e-23, nan 
151.875, 67.125, 5.037629204654974e-24, nan 
152.125, 67.125, 1.0561029630858762e-23, nan 
152.375, 67.125, 1.0808458298019572e-23, nan 
152.625, 67.125, 3.3984504365317994e-24, nan 
152.875, 67.125, 7.095616735871696e-25, nan 
153.125, 67.125, 3.255484923264599e-24, nan 
153.375, 67.125, 6.638208438283907e-24, nan 
153.625, 67.125, 3.2192573460883596e-24, nan 
153.875, 67.125, 3.572843638790839e-24, nan 
154.125, 67.125, 7.505637983795441e-24, nan 
154.375, 67.125, 4.972239323831759e-24, nan 
154.625, 67.125, 2.3537058533829946e-24, nan 
154.875, 67.125, 4.440030864848663e-24, nan 
155.125, 67.125, 3.7434300128827446e-24, nan 
155.375, 67.125, 3.685958289520107e-24, nan 
155.625, 67.125, 3.035109343903756e-24, nan 
155.875, 67.125, 3.3416117752669225e-24, nan 
156.125, 67.125, 2.2219691153535287e-24, nan 
156.375, 67.125, 1.639440789759348e-24, nan 
156.625, 67.125, 4.5691591760011135e-24, nan 
156.875, 67.125, 5.403972774576746e-24, nan 
157.125, 67.125, 4.63081399838687e-24, nan 
157.375, 67.125, 3.845739312308202e-24, nan 
157.625, 67.125, 4.4470259650352496e-24, nan 
157.875, 67.125, 3.99791775040972e-24, nan 
158.125, 67.125, 1.3759279237163815e-24, nan 
158.375, 67.125, 1.1332431862673214e-24, nan 
158.625, 67.125, 2.685717062439671e-24, nan 
158.875, 67.125, 3.628661037104076e-24, nan 
159.125, 67.125, 3.341267169082125e-24, nan 
159.375, 67.125, 2.4477672017219202e-24, nan 
159.625, 67.125, 2.8816908250172273e-24, nan 
159.875, 67.125, 3.2220238283081295e-24, nan 
160.125, 67.125, 1.9494556643757064e-24, nan 
160.375, 67.125, 3.217157189436065e-24, nan 
160.625, 67.125, 2.072630172089426e-24, nan 
160.875, 67.125, 4.378150746650156e-24, nan 
161.125, 67.125, 3.0659280554767865e-24, nan 
161.375, 67.125, 2.269565028636153e-24, nan 
161.625, 67.125, 2.3529712209168398e-24, nan 
161.875, 67.125, 3.399743491514455e-24, nan 
162.125, 67.125, 2.018453013351678e-24, nan 
162.375, 67.125, 3.585730304460797e-24, nan 
162.625, 67.125, 4.175518419543874e-24, nan 
162.875, 67.125, 4.770435621611534e-24, nan 
163.125, 67.125, 5.613105220764683e-24, nan 
163.375, 67.125, 3.740325684510235e-24, nan 
163.625, 67.125, 5.412509615343324e-24, nan 
163.875, 67.125, 3.702894870081959e-24, nan 
164.125, 67.125, 2.5931588557498577e-24, nan 
164.375, 67.125, 2.6012141228637616e-24, nan 
164.625, 67.125, 3.5964554565922e-24, nan 
164.875, 67.125, 2.6242827302937293e-24, nan 
165.125, 67.125, 1.8869411471261688e-24, nan 
165.375, 67.125, 3.062359276335111e-24, nan 
165.625, 67.125, 3.0959600901205057e-24, nan 
165.875, 67.125, 2.9631454280248588e-24, nan 
166.125, 67.125, 2.407540423001126e-24, nan 
166.375, 67.125, 2.483855465373768e-24, nan 
166.625, 67.125, 1.83196924066929e-24, nan 
166.875, 67.125, 3.337707421173553e-24, nan 
167.125, 67.125, 4.493359552923577e-24, nan 
167.375, 67.125, 4.3393930489995815e-24, nan 
167.625, 67.125, 3.774490995679025e-24, nan 
167.875, 67.125, 4.672692510969174e-24, nan 
168.125, 67.125, 4.1432112629552265e-24, nan 
168.375, 67.125, 3.591792112402087e-24, nan 
168.625, 67.125, 1.7840749599764762e-24, nan 
168.875, 67.125, 2.0489859420889945e-24, nan 
169.125, 67.125, 2.1085627896723266e-24, nan 
169.375, 67.125, 1.9662383947442267e-24, nan 
169.625, 67.125, 1.907438255117363e-24, nan 
32.875, 67.375, 1.7370800108589427e-24, nan 
33.125, 67.375, 7.7886467494186955e-25, nan 
33.375, 67.375, 7.037708744826889e-25, nan 
33.625, 67.375, 1.8809838895323688e-24, nan 
33.875, 67.375, 1.508445352271114e-24, nan 
34.125, 67.375, 1.0677436739218488e-24, nan 
34.375, 67.375, 1.180364572740541e-24, nan 
34.625, 67.375, 1.3727127471126208e-24, nan 
34.875, 67.375, 1.4414450757317334e-24, nan 
35.125, 67.375, 2.068646278120977e-24, nan 
35.375, 67.375, 2.2114326628575424e-24, nan 
35.625, 67.375, 2.0251519499776806e-24, nan 
35.875, 67.375, 3.8215701823280156e-24, nan 
36.125, 67.375, 2.8593135466369845e-24, nan 
36.375, 67.375, 1.4582444090944484e-24, nan 
36.625, 67.375, 3.116795337509723e-24, nan 
36.875, 67.375, 3.462731142241639e-24, nan 
37.125, 67.375, 4.323064214098813e-24, nan 
37.375, 67.375, 3.6985855952425126e-24, nan 
37.625, 67.375, 5.3662080429408e-24, nan 
37.875, 67.375, 9.57518944754942e-24, nan 
38.125, 67.375, 8.470765280242194e-24, nan 
38.375, 67.375, 4.6828078104946046e-24, nan 
38.625, 67.375, 8.695149540461084e-24, nan 
38.875, 67.375, 7.499288678829316e-24, nan 
39.125, 67.375, 6.39481012289966e-24, nan 
39.375, 67.375, 7.233056117613134e-24, nan 
39.625, 67.375, 5.723761960817575e-24, nan 
39.875, 67.375, 2.999698137096127e-24, nan 
40.125, 67.375, 5.110347073192205e-24, nan 
40.375, 67.375, 4.174829558134961e-24, nan 
40.625, 67.375, 4.482745724427622e-24, nan 
40.875, 67.375, 3.4947089009995045e-24, nan 
41.125, 67.375, 5.511170940025296e-24, nan 
41.375, 67.375, 5.578565464924622e-24, nan 
41.625, 67.375, 5.207396142995695e-24, nan 
41.875, 67.375, 4.7519270507966246e-24, nan 
42.125, 67.375, 5.819067511508161e-24, nan 
42.375, 67.375, 4.7699000129949846e-24, nan 
42.625, 67.375, 3.498004136776487e-24, nan 
42.875, 67.375, 4.936031161645363e-24, nan 
43.125, 67.375, 3.8354186888534445e-24, nan 
43.375, 67.375, 1.8344632138030204e-24, nan 
43.625, 67.375, 2.047270936392816e-24, nan 
43.875, 67.375, 3.0743950231129164e-24, nan 
44.125, 67.375, 2.131935296881093e-24, nan 
44.375, 67.375, 3.2503045111734553e-24, nan 
44.625, 67.375, 5.9736838902502774e-24, nan 
44.875, 67.375, 3.333562807653585e-24, nan 
45.125, 67.375, 1.906640009984724e-24, nan 
45.375, 67.375, 3.2925413930885457e-24, nan 
45.625, 67.375, 3.4763404471911766e-24, nan 
45.875, 67.375, 2.1143721581678452e-24, nan 
46.125, 67.375, 3.2653802057526697e-24, nan 
46.375, 67.375, 6.3666786583425895e-24, nan 
46.625, 67.375, 5.916783411611992e-24, nan 
46.875, 67.375, 4.946372793897902e-24, nan 
47.125, 67.375, 8.277224691339458e-24, nan 
47.375, 67.375, 8.136078145777712e-24, nan 
47.625, 67.375, 7.377430783205024e-24, nan 
47.875, 67.375, 1.1952501806086253e-23, nan 
48.125, 67.375, 6.155002592245169e-24, nan 
48.375, 67.375, 7.96484169097018e-24, nan 
48.625, 67.375, 3.2304809956031425e-24, nan 
48.875, 67.375, 5.337608266553645e-24, nan 
49.125, 67.375, 4.4976948990837194e-24, nan 
49.375, 67.375, 2.320723457447666e-24, nan 
49.625, 67.375, 1.8257544997153565e-24, nan 
49.875, 67.375, 2.908818250133991e-24, nan 
50.125, 67.375, 3.590172076758735e-24, nan 
50.375, 67.375, 3.114182562743465e-24, nan 
50.625, 67.375, 2.2696437518864573e-24, nan 
50.875, 67.375, 5.779716217998955e-24, nan 
51.125, 67.375, 5.080103867203781e-24, nan 
51.375, 67.375, 3.632704793473621e-24, nan 
51.625, 67.375, 1.5068265553847166e-24, nan 
51.875, 67.375, 3.965386173987988e-24, nan 
52.125, 67.375, 6.787309429399974e-24, nan 
52.375, 67.375, 1.068302806056162e-23, nan 
52.625, 67.375, 9.54290748026524e-24, nan 
52.875, 67.375, 7.26085749651448e-24, nan 
53.125, 67.375, 1.1402110524330185e-23, nan 
53.375, 67.375, 1.4252349179075387e-23, nan 
53.625, 67.375, 1.0391200754052699e-23, nan 
53.875, 67.375, 9.382857163919868e-24, nan 
54.125, 67.375, 1.3000534366538983e-23, nan 
54.375, 67.375, 1.117385519775756e-23, nan 
54.625, 67.375, 1.3314932182058623e-23, nan 
54.875, 67.375, 2.124616983771939e-23, nan 
55.125, 67.375, 1.4167014304802358e-23, nan 
55.375, 67.375, 2.2838833693481168e-23, nan 
55.625, 67.375, 3.730625951227558e-24, nan 
55.875, 67.375, 1.0101749163988942e-23, nan 
56.125, 67.375, 1.4127924308025057e-23, nan 
56.375, 67.375, 5.001446398570331e-24, nan 
56.625, 67.375, 4.5502396981184436e-24, nan 
56.875, 67.375, 7.41131666606351e-24, nan 
57.125, 67.375, 8.853410491918257e-24, nan 
57.375, 67.375, 8.701192692372941e-24, nan 
57.625, 67.375, 7.841255283854425e-24, nan 
57.875, 67.375, 1.0685781290700475e-23, nan 
58.125, 67.375, 1.1817630354834512e-23, nan 
58.375, 67.375, 1.3153700919839975e-23, nan 
58.625, 67.375, 1.7774836678826952e-23, nan 
58.875, 67.375, 2.1036905731547462e-23, nan 
59.125, 67.375, 3.687032181850212e-23, nan 
59.375, 67.375, 3.8202890410184643e-23, nan 
59.625, 67.375, 2.2711286491962986e-23, nan 
59.875, 67.375, 1.4694438749144703e-23, nan 
60.125, 67.375, 9.092268438177378e-24, nan 
60.375, 67.375, 1.0732418265345639e-23, nan 
60.625, 67.375, 2.2356157672743352e-23, nan 
60.875, 67.375, 1.0440093649719672e-23, nan 
61.125, 67.375, 1.1179557670274734e-23, nan 
61.375, 67.375, 2.689938188837933e-23, nan 
61.625, 67.375, 7.105688601552663e-24, nan 
61.875, 67.375, 9.02108795776052e-24, nan 
62.125, 67.375, 2.3758247108127564e-23, nan 
62.375, 67.375, 2.4178631491155026e-23, nan 
62.625, 67.375, 1.989014657657783e-23, nan 
62.875, 67.375, 3.0119499355631683e-23, nan 
63.125, 67.375, 4.7048227902683724e-23, nan 
63.375, 67.375, 2.6798481109434486e-23, nan 
63.625, 67.375, 2.254948422394363e-23, nan 
63.875, 67.375, 1.4549863705452627e-23, nan 
64.125, 67.375, 1.7370834737596782e-23, nan 
64.375, 67.375, 3.3205293048349836e-23, nan 
64.625, 67.375, 2.2414006867260794e-23, nan 
64.875, 67.375, 2.0178303823158905e-23, nan 
65.125, 67.375, 4.5000002032959425e-23, nan 
65.375, 67.375, 1.3909177390149202e-23, nan 
65.625, 67.375, 9.392121440299897e-24, nan 
65.875, 67.375, 1.861257319948651e-23, nan 
66.125, 67.375, 1.0459656141764654e-23, nan 
66.375, 67.375, 2.2382583497308467e-23, nan 
66.625, 67.375, 3.420154986664164e-23, nan 
66.875, 67.375, 3.00548024769038e-23, nan 
67.125, 67.375, 3.577056134251217e-23, nan 
67.375, 67.375, 5.28171883721818e-23, nan 
67.625, 67.375, 7.910893002316738e-23, nan 
67.875, 67.375, 5.72139867707158e-23, nan 
68.125, 67.375, 8.00792367607103e-23, nan 
68.375, 67.375, 6.71358354909433e-23, nan 
68.625, 67.375, 6.10344223938866e-23, nan 
68.875, 67.375, 6.519105241791737e-23, nan 
69.125, 67.375, 5.575707158848774e-23, nan 
69.375, 67.375, 4.700273178357774e-23, nan 
69.625, 67.375, 2.2454835628632414e-23, nan 
69.875, 67.375, 3.8517999399563746e-23, nan 
70.125, 67.375, 5.065120903551492e-23, nan 
70.375, 67.375, 5.631622236477758e-23, nan 
70.625, 67.375, 5.510717423189099e-23, nan 
70.875, 67.375, 4.5794370000067283e-23, nan 
71.125, 67.375, 6.156141514989464e-23, nan 
71.375, 67.375, 8.035268330527863e-23, nan 
71.625, 67.375, 7.853208892626675e-23, nan 
71.875, 67.375, 4.5421289194143577e-23, nan 
72.125, 67.375, 9.992212869396755e-23, nan 
72.375, 67.375, 1.3761494513111253e-22, nan 
72.625, 67.375, 4.279278198903085e-23, nan 
72.875, 67.375, 1.522393675215063e-22, nan 
73.125, 67.375, 1.6421422615962256e-22, nan 
73.375, 67.375, 6.658058370240411e-23, nan 
73.625, 67.375, 1.7920783505065448e-22, nan 
73.875, 67.375, 1.5903797082867056e-22, nan 
74.125, 67.375, 7.572027674563062e-23, nan 
74.375, 67.375, 1.1690213764805147e-22, nan 
74.625, 67.375, 8.640938975633049e-23, nan 
74.875, 67.375, 1.4332578144481957e-22, nan 
75.125, 67.375, 2.276557052871802e-22, nan 
75.375, 67.375, 2.319772644837762e-22, nan 
75.625, 67.375, 2.0590793732217876e-22, nan 
75.875, 67.375, 3.688637538323885e-22, nan 
76.125, 67.375, 3.4990249735868613e-22, nan 
76.375, 67.375, 3.2512652164767417e-22, nan 
76.625, 67.375, 4.0696648086630197e-22, nan 
76.875, 67.375, 2.2547653820438044e-22, nan 
77.125, 67.375, 1.2029134212484378e-22, nan 
77.375, 67.375, 1.220402884637802e-22, nan 
77.625, 67.375, 1.2323506126952905e-22, nan 
77.875, 67.375, 1.5784170297377683e-22, nan 
78.125, 67.375, 1.2559698458870173e-22, nan 
78.375, 67.375, 1.8165703800674967e-22, nan 
78.625, 67.375, 2.289450040075461e-22, nan 
78.875, 67.375, 3.0817215836318135e-22, nan 
79.125, 67.375, 3.064923013280247e-22, nan 
79.375, 67.375, 5.8892202389004915e-22, nan 
79.625, 67.375, 2.8941456879053537e-22, nan 
79.875, 67.375, 3.0769887802028614e-22, nan 
80.125, 67.375, 9.604715465602828e-22, nan 
80.375, 67.375, 2.999334577657383e-22, nan 
80.625, 67.375, 4.427644382843898e-22, nan 
80.875, 67.375, 5.402751300540823e-22, nan 
81.125, 67.375, 4.30643942539764e-22, nan 
81.375, 67.375, 6.362761636520808e-22, nan 
81.625, 67.375, 7.0202047253817355e-22, nan 
81.875, 67.375, 5.666138163436667e-22, nan 
82.125, 67.375, 7.903234700029389e-22, nan 
82.375, 67.375, 1.4229055532049042e-21, nan 
82.625, 67.375, 1.533459404186204e-21, nan 
82.875, 67.375, 5.447284605097737e-22, nan 
83.125, 67.375, 1.5514864728555005e-21, nan 
83.375, 67.375, 1.8529670185848307e-21, nan 
83.625, 67.375, 1.1274748772789474e-21, nan 
83.875, 67.375, 2.2597078678749152e-21, nan 
84.125, 67.375, 1.1910372243893988e-21, nan 
84.375, 67.375, 4.2082046534229213e-22, nan 
84.625, 67.375, 1.2237524178545766e-21, nan 
84.875, 67.375, 6.775811798470926e-22, nan 
85.125, 67.375, 6.559457241188932e-22, nan 
85.375, 67.375, 7.311575071125025e-22, nan 
85.625, 67.375, 7.016897014296368e-22, nan 
85.875, 67.375, 5.49181537538149e-22, nan 
86.125, 67.375, 8.487694076070794e-22, nan 
86.375, 67.375, 6.369381201587989e-22, nan 
86.625, 67.375, 1.3718824317387637e-21, nan 
86.875, 67.375, 2.076002369903667e-21, nan 
87.125, 67.375, 2.4087739241640097e-21, nan 
87.375, 67.375, 1.7425384652759145e-21, nan 
87.625, 67.375, 2.9609246353104222e-21, nan 
87.875, 67.375, 2.7208729982872292e-21, nan 
88.125, 67.375, 3.1830315634129192e-21, nan 
88.375, 67.375, 4.974946081220977e-21, nan 
88.625, 67.375, 6.943581455432358e-21, nan 
88.875, 67.375, 5.800921811978684e-21, nan 
89.125, 67.375, 4.555056041553691e-21, nan 
89.375, 67.375, 4.599695585874923e-21, nan 
89.625, 67.375, 4.598419317930076e-21, nan 
89.875, 67.375, 2.8977184688786082e-21, nan 
90.125, 67.375, 3.1434830950128065e-21, nan 
90.375, 67.375, 4.0462696028795434e-21, nan 
90.625, 67.375, 3.473571021719105e-21, nan 
90.875, 67.375, 2.5895129249337712e-21, nan 
91.125, 67.375, 4.8211213037202466e-21, nan 
91.375, 67.375, 1.1759666378777834e-20, nan 
91.625, 67.375, 1.6078999386810578e-20, nan 
91.875, 67.375, 1.2196094021089129e-20, nan 
92.125, 67.375, 1.8813521826433522e-20, nan 
92.375, 67.375, 4.114695713675932e-20, nan 
92.625, 67.375, 3.063385092363769e-20, nan 
92.875, 67.375, 2.9795056462941417e-20, nan 
93.125, 67.375, 3.362016474504323e-20, nan 
93.375, 67.375, 1.4361478083230833e-20, nan 
93.625, 67.375, 1.2657835046372843e-20, nan 
93.875, 67.375, 1.5058792013281847e-20, nan 
94.125, 67.375, 1.5788480177353697e-20, nan 
94.375, 67.375, 3.210707463860162e-20, nan 
94.625, 67.375, 3.7094053478774666e-20, nan 
94.875, 67.375, 4.498795670210761e-20, nan 
95.125, 67.375, 3.76548095069495e-20, nan 
95.375, 67.375, 2.1798941571616232e-20, nan 
95.625, 67.375, 4.4441958288830137e-20, nan 
95.875, 67.375, 8.877511499718309e-20, nan 
96.125, 67.375, 1.100194792155765e-19, nan 
96.375, 67.375, 1.393992029233311e-19, nan 
96.625, 67.375, 1.7731502337149675e-19, nan 
96.875, 67.375, 2.378076491211677e-19, nan 
97.125, 67.375, 5.150789294196922e-19, nan 
97.375, 67.375, 2.740928892828656e-19, nan 
97.625, 67.375, 3.2387945963994126e-19, nan 
97.875, 67.375, 5.752401292333035e-19, nan 
98.125, 67.375, 4.603263815110043e-19, nan 
98.375, 67.375, 4.892023409132613e-19, nan 
98.625, 67.375, 3.3340554033421605e-19, nan 
98.875, 67.375, 4.425416253474115e-19, nan 
99.125, 67.375, 5.344596656481134e-19, nan 
99.375, 67.375, 3.177760424132939e-19, nan 
99.625, 67.375, 3.1617936322108695e-19, nan 
99.875, 67.375, 2.9724704849784488e-19, nan 
100.125, 67.375, 4.976207922162484e-19, nan 
100.375, 67.375, 7.321697348929937e-19, nan 
100.625, 67.375, 8.56177740671332e-19, nan 
100.875, 67.375, 5.115299395823378e-19, nan 
101.125, 67.375, 7.958957313307403e-19, nan 
101.375, 67.375, 3.504013311649821e-19, nan 
101.625, 67.375, 4.1284935839504287e-19, nan 
101.875, 67.375, 7.795627208938038e-19, nan 
102.125, 67.375, 7.903567729924581e-19, nan 
102.375, 67.375, 9.833880207481348e-19, nan 
102.625, 67.375, 8.546946121799482e-19, nan 
102.875, 67.375, 6.050296099259151e-19, nan 
103.125, 67.375, 5.788687347525606e-19, nan 
103.375, 67.375, 3.7988579405255835e-19, nan 
103.625, 67.375, 2.5087865799920114e-19, nan 
103.875, 67.375, 1.8747073320145433e-19, nan 
104.125, 67.375, 2.314409688409152e-19, nan 
104.375, 67.375, 1.8696633735705335e-19, nan 
104.625, 67.375, 1.6166914941612885e-19, nan 
104.875, 67.375, 8.305559861772871e-20, nan 
105.125, 67.375, 8.595115352384972e-20, nan 
105.375, 67.375, 1.620439095468278e-19, nan 
105.625, 67.375, 1.7984413874056404e-19, nan 
105.875, 67.375, 1.4508071590624455e-19, nan 
106.125, 67.375, 1.1825236851951606e-19, nan 
106.375, 67.375, 1.6230383271662834e-19, nan 
106.625, 67.375, 9.195674907399818e-20, nan 
106.875, 67.375, 2.5890686946249146e-20, nan 
107.125, 67.375, 6.091260157831612e-20, nan 
107.375, 67.375, 5.347728093078352e-20, nan 
107.625, 67.375, 2.6049373837737488e-20, nan 
107.875, 67.375, 1.9069753264040666e-20, nan 
108.125, 67.375, 1.7386317401663145e-20, nan 
108.375, 67.375, 1.9331969659950018e-20, nan 
108.625, 67.375, 1.1386419161960952e-20, nan 
108.875, 67.375, 1.9509415775034538e-20, nan 
109.125, 67.375, 2.5303948540085132e-20, nan 
109.375, 67.375, 2.5826147275648743e-20, nan 
109.625, 67.375, 2.435938566816741e-20, nan 
109.875, 67.375, 1.7550658951522008e-20, nan 
110.125, 67.375, 1.0853990537663592e-20, nan 
110.375, 67.375, 1.4116214485756833e-20, nan 
110.625, 67.375, 1.4095447435271818e-20, nan 
110.875, 67.375, 1.2208460063895606e-20, nan 
111.125, 67.375, 6.380675972165322e-21, nan 
111.375, 67.375, 7.989426230225944e-21, nan 
111.625, 67.375, 3.372085411812155e-21, nan 
111.875, 67.375, 5.095516830998632e-21, nan 
112.125, 67.375, 7.899301117963474e-21, nan 
112.375, 67.375, 1.1828916179859679e-20, nan 
112.625, 67.375, 1.6450650997980932e-20, nan 
112.875, 67.375, 1.4593079058301784e-20, nan 
113.125, 67.375, 1.99102156278127e-20, nan 
113.375, 67.375, 3.9795508393656474e-20, nan 
113.625, 67.375, 5.1593405715910235e-20, nan 
113.875, 67.375, 1.9343471369616842e-20, nan 
114.125, 67.375, 1.1587579483041233e-20, nan 
114.375, 67.375, 1.2190832894015131e-20, nan 
114.625, 67.375, 9.450197507053309e-21, nan 
114.875, 67.375, 6.132312936847306e-21, nan 
115.125, 67.375, 2.314068660917903e-21, nan 
115.375, 67.375, 1.0540329197868783e-21, nan 
115.625, 67.375, 1.4538522670473736e-21, nan 
115.875, 67.375, 2.2180258262623218e-21, nan 
116.125, 67.375, 2.5932382611686234e-21, nan 
116.375, 67.375, 2.3458575229732896e-21, nan 
116.625, 67.375, 2.8460825471957067e-21, nan 
116.875, 67.375, 2.5394036350719225e-21, nan 
117.125, 67.375, 1.116771604719678e-21, nan 
117.375, 67.375, 9.95274321937183e-22, nan 
117.625, 67.375, 1.260288997378521e-21, nan 
117.875, 67.375, 1.0771097922857902e-21, nan 
118.125, 67.375, 1.7826091385449272e-21, nan 
118.375, 67.375, 1.5247991476976818e-21, nan 
118.625, 67.375, 1.5502189418180882e-21, nan 
118.875, 67.375, 6.061817583469857e-22, nan 
119.125, 67.375, 7.994419914015489e-22, nan 
119.375, 67.375, 1.4529038261074429e-21, nan 
119.625, 67.375, 1.0637710643473565e-21, nan 
119.875, 67.375, 1.0291093644254807e-21, nan 
120.125, 67.375, 1.9757384721169535e-21, nan 
120.375, 67.375, 1.5345869169102943e-21, nan 
120.625, 67.375, 1.0758294698149792e-21, nan 
120.875, 67.375, 1.1187402390132178e-21, nan 
121.125, 67.375, 1.1600546962359643e-21, nan 
121.375, 67.375, 7.107525182765328e-22, nan 
121.625, 67.375, 7.102340460827052e-22, nan 
121.875, 67.375, 7.424019531711067e-22, nan 
122.125, 67.375, 5.053792267514803e-22, nan 
122.375, 67.375, 2.6679160497099956e-22, nan 
122.625, 67.375, 1.678828586902412e-22, nan 
122.875, 67.375, 4.555250282000345e-22, nan 
123.125, 67.375, 3.9888837190476788e-22, nan 
123.375, 67.375, 2.744000126061675e-22, nan 
123.625, 67.375, 3.3301348163699223e-22, nan 
123.875, 67.375, 3.382646217841655e-22, nan 
124.125, 67.375, 4.1842912696897685e-22, nan 
124.375, 67.375, 3.610061538433805e-22, nan 
124.625, 67.375, 4.888682777736852e-22, nan 
124.875, 67.375, 2.7989813536076584e-22, nan 
125.125, 67.375, 3.1336427559911907e-22, nan 
125.375, 67.375, 2.3466199079655153e-22, nan 
125.625, 67.375, 3.009459107948581e-22, nan 
125.875, 67.375, 1.5081776155155424e-22, nan 
126.125, 67.375, 2.5224011347094727e-22, nan 
126.375, 67.375, 1.473856071772931e-22, nan 
126.625, 67.375, 1.2344085883195047e-22, nan 
126.875, 67.375, 1.8340621825003079e-22, nan 
127.125, 67.375, 1.2922344558165118e-22, nan 
127.375, 67.375, 7.890663630267544e-23, nan 
127.625, 67.375, 1.1487616851867754e-22, nan 
127.875, 67.375, 1.3511851039993112e-22, nan 
128.125, 67.375, 1.43121643584632e-22, nan 
128.375, 67.375, 1.4852918650684722e-22, nan 
128.625, 67.375, 1.5026638833388946e-22, nan 
128.875, 67.375, 1.6146061911615574e-22, nan 
129.125, 67.375, 7.321151761608752e-23, nan 
129.375, 67.375, 8.339937048798955e-23, nan 
129.625, 67.375, 1.0700119831109422e-22, nan 
129.875, 67.375, 1.0375471149394123e-22, nan 
130.125, 67.375, 9.74473354294959e-23, nan 
130.375, 67.375, 1.2431449156818265e-22, nan 
130.625, 67.375, 8.810345674792557e-23, nan 
130.875, 67.375, 1.254467316668553e-22, nan 
131.125, 67.375, 5.07409077889025e-23, nan 
131.375, 67.375, 2.4959376733161562e-23, nan 
131.625, 67.375, 2.273580735260804e-23, nan 
131.875, 67.375, 2.5217034701343836e-23, nan 
132.125, 67.375, 2.6407328890310432e-23, nan 
132.375, 67.375, 3.3827769325782736e-23, nan 
132.625, 67.375, 2.851448936143643e-23, nan 
132.875, 67.375, 1.5682892792134365e-23, nan 
133.125, 67.375, 3.1162906242582e-23, nan 
133.375, 67.375, 2.698182470969363e-23, nan 
133.625, 67.375, 4.352331743142118e-23, nan 
133.875, 67.375, 5.676693221192742e-23, nan 
134.125, 67.375, 2.7646106528822317e-23, nan 
134.375, 67.375, 2.8039704971977047e-23, nan 
134.625, 67.375, 3.8851808272980856e-23, nan 
134.875, 67.375, 3.874344854693415e-23, nan 
135.125, 67.375, 2.3802801386605507e-23, nan 
135.375, 67.375, 2.4285461057938153e-23, nan 
135.625, 67.375, 2.9079053659326963e-23, nan 
135.875, 67.375, 2.8771306521806197e-23, nan 
136.125, 67.375, 1.6202244534686228e-23, nan 
136.375, 67.375, 9.567890600061577e-24, nan 
136.625, 67.375, 2.3222247708741716e-23, nan 
136.875, 67.375, 3.764046573388671e-23, nan 
137.125, 67.375, 3.335717128368624e-23, nan 
137.375, 67.375, 2.4661359242638552e-23, nan 
137.625, 67.375, 6.892357796915503e-23, nan 
137.875, 67.375, 4.839535503065025e-23, nan 
138.125, 67.375, 3.170686877899153e-23, nan 
138.375, 67.375, 4.650085785847322e-23, nan 
138.625, 67.375, 3.247299903770907e-23, nan 
138.875, 67.375, 2.1105426131650188e-23, nan 
139.125, 67.375, 1.6955572439641313e-23, nan 
139.375, 67.375, 2.2379222707335037e-23, nan 
139.625, 67.375, 2.79149516366737e-23, nan 
139.875, 67.375, 1.5253253777174142e-23, nan 
140.125, 67.375, 3.079666514715148e-23, nan 
140.375, 67.375, 2.4285176178731543e-23, nan 
140.625, 67.375, 2.6828027635133774e-23, nan 
140.875, 67.375, 3.0440788373833674e-23, nan 
141.125, 67.375, 2.934428256236912e-23, nan 
141.375, 67.375, 2.1278339928924032e-23, nan 
141.625, 67.375, 8.934320042284676e-24, nan 
141.875, 67.375, 1.584333704441211e-23, nan 
142.125, 67.375, 2.5002443319688142e-23, nan 
142.375, 67.375, 2.5522528686989847e-23, nan 
142.625, 67.375, 1.9670843293921049e-23, nan 
142.875, 67.375, 1.677140982547018e-23, nan 
143.125, 67.375, 2.186077883938295e-23, nan 
143.375, 67.375, 1.4762393208469126e-23, nan 
143.625, 67.375, 1.3503037471033696e-23, nan 
143.875, 67.375, 8.56033944648789e-24, nan 
144.125, 67.375, 5.501295467557895e-24, nan 
144.375, 67.375, 1.0320855079362964e-23, nan 
144.625, 67.375, 1.2609680238028053e-23, nan 
144.875, 67.375, 1.6795246282303444e-23, nan 
145.125, 67.375, 1.4043431719955167e-23, nan 
145.375, 67.375, 1.5787623902934335e-23, nan 
145.625, 67.375, 1.2061627212666764e-23, nan 
145.875, 67.375, 7.6654297072816e-24, nan 
146.125, 67.375, 1.4356873803198323e-23, nan 
146.375, 67.375, 2.022253085073168e-23, nan 
146.625, 67.375, 1.8825502383192418e-23, nan 
146.875, 67.375, 1.151649853797695e-23, nan 
147.125, 67.375, 1.2999352703824347e-23, nan 
147.375, 67.375, 1.394823590123885e-23, nan 
147.625, 67.375, 5.556684322758354e-24, nan 
147.875, 67.375, 4.1923897458142454e-24, nan 
148.125, 67.375, 7.300112651570255e-24, nan 
148.375, 67.375, 4.403117578193109e-24, nan 
148.625, 67.375, 4.202572878381223e-24, nan 
148.875, 67.375, 2.306516919176913e-24, nan 
149.125, 67.375, 3.039572124920056e-24, nan 
149.375, 67.375, 6.495884874325587e-24, nan 
149.625, 67.375, 4.4973182444975804e-24, nan 
149.875, 67.375, 1.0333486733268074e-23, nan 
150.125, 67.375, 7.0332786459362e-24, nan 
150.375, 67.375, 6.773663460829373e-24, nan 
150.625, 67.375, 7.633217849219627e-24, nan 
150.875, 67.375, 8.109760522244346e-24, nan 
151.125, 67.375, 5.866865289345201e-24, nan 
151.375, 67.375, 9.317194765623519e-24, nan 
151.625, 67.375, 1.2106189639640134e-23, nan 
151.875, 67.375, 3.051077176488684e-24, nan 
152.125, 67.375, 5.335825174877929e-24, nan 
152.375, 67.375, 6.5086412690844195e-24, nan 
152.625, 67.375, 6.046974227680631e-24, nan 
152.875, 67.375, 4.621597491065413e-24, nan 
153.125, 67.375, 7.383319704709597e-24, nan 
153.375, 67.375, 3.8245789456454295e-24, nan 
153.625, 67.375, 3.254335973426489e-24, nan 
153.875, 67.375, 4.83415442298755e-24, nan 
154.125, 67.375, 6.165056870388172e-24, nan 
154.375, 67.375, 6.0790431338380825e-24, nan 
154.625, 67.375, 5.296474357979431e-24, nan 
154.875, 67.375, 4.7457873555926444e-24, nan 
155.125, 67.375, 4.790357543402703e-24, nan 
155.375, 67.375, 4.42056675645146e-24, nan 
155.625, 67.375, 3.70223528607101e-24, nan 
155.875, 67.375, 3.387096916623113e-24, nan 
156.125, 67.375, 2.6291703114831237e-24, nan 
156.375, 67.375, 3.1702097075608296e-24, nan 
156.625, 67.375, 4.8658701447825055e-24, nan 
156.875, 67.375, 6.537034042214962e-24, nan 
157.125, 67.375, 5.295988790359851e-24, nan 
157.375, 67.375, 6.049798648295242e-24, nan 
157.625, 67.375, 5.99870109830654e-24, nan 
157.875, 67.375, 4.874677299843567e-24, nan 
158.125, 67.375, 3.551613237543686e-24, nan 
158.375, 67.375, 1.2877246334084892e-24, nan 
158.625, 67.375, 2.2941616406506995e-24, nan 
158.875, 67.375, 3.412181582663119e-24, nan 
159.125, 67.375, 4.159224256906722e-24, nan 
159.375, 67.375, 2.7095661691804015e-24, nan 
159.625, 67.375, 3.711779057190798e-24, nan 
159.875, 67.375, 3.870350517683852e-24, nan 
160.125, 67.375, 1.5003276475113364e-24, nan 
160.375, 67.375, 3.424720052762571e-24, nan 
160.625, 67.375, 1.5203238484837589e-24, nan 
160.875, 67.375, 7.685593507313806e-25, nan 
161.125, 67.375, 1.851052623141375e-24, nan 
161.375, 67.375, 1.0503590133318732e-24, nan 
161.625, 67.375, 1.523365276508835e-24, nan 
161.875, 67.375, 3.00907997266178e-24, nan 
162.125, 67.375, 4.810296870079894e-24, nan 
162.375, 67.375, 4.8899039170236444e-24, nan 
162.625, 67.375, 4.450815604567472e-24, nan 
162.875, 67.375, 6.30589741389971e-24, nan 
163.125, 67.375, 6.919649291646573e-24, nan 
163.375, 67.375, 6.1048451199540276e-24, nan 
163.625, 67.375, 9.079768454033053e-24, nan 
163.875, 67.375, 8.439050159418393e-24, nan 
164.125, 67.375, 6.241758274344924e-24, nan 
164.375, 67.375, 6.487709994595166e-24, nan 
164.625, 67.375, 5.446846442439788e-24, nan 
164.875, 67.375, 3.646166383298208e-24, nan 
165.125, 67.375, 1.8282091500625645e-24, nan 
165.375, 67.375, 1.551450360366188e-24, nan 
165.625, 67.375, 1.8349158086056734e-24, nan 
165.875, 67.375, 2.5443138912820367e-24, nan 
166.125, 67.375, 1.9515394978564268e-24, nan 
166.375, 67.375, 2.8376204971527073e-24, nan 
166.625, 67.375, 2.2098683627575183e-24, nan 
166.875, 67.375, 3.03786263929607e-24, nan 
167.125, 67.375, 3.8480952393516215e-24, nan 
167.375, 67.375, 4.433455140019032e-24, nan 
167.625, 67.375, 4.545939778660136e-24, nan 
167.875, 67.375, 5.6616021374013885e-24, nan 
168.125, 67.375, 5.206756508784441e-24, nan 
168.375, 67.375, 3.678045480613198e-24, nan 
168.625, 67.375, 4.211666836578223e-24, nan 
168.875, 67.375, 2.5896281572183756e-24, nan 
169.125, 67.375, 2.500139242826198e-24, nan 
169.375, 67.375, 2.9325547731865303e-24, nan 
169.625, 67.375, 2.0930622322202313e-24, nan 
169.875, 67.375, 1.669670436260131e-24, nan 
32.625, 67.625, 8.667166241469704e-25, nan 
32.875, 67.625, 1.5424377410066198e-24, nan 
33.125, 67.625, 1.3079264679424564e-24, nan 
33.375, 67.625, 1.5669541207415278e-24, nan 
33.625, 67.625, 8.90932865522119e-25, nan 
33.875, 67.625, 1.3507662330818657e-24, nan 
34.125, 67.625, 1.9486165927650275e-24, nan 
34.375, 67.625, 2.4391793771706826e-24, nan 
34.625, 67.625, 1.909206987871683e-24, nan 
34.875, 67.625, 1.5734520192854124e-24, nan 
35.125, 67.625, 1.941633085190215e-24, nan 
35.375, 67.625, 2.4382171439854917e-24, nan 
35.625, 67.625, 1.7929421187399886e-24, nan 
35.875, 67.625, 3.422798324213744e-24, nan 
36.125, 67.625, 4.107992042455134e-24, nan 
36.375, 67.625, 2.8393995876827583e-24, nan 
36.625, 67.625, 3.3519840600529766e-24, nan 
36.875, 67.625, 4.069921970401843e-24, nan 
37.125, 67.625, 3.312677483740548e-24, nan 
37.375, 67.625, 3.202399538886612e-24, nan 
37.625, 67.625, 2.0977013085500045e-24, nan 
37.875, 67.625, 2.2074938230648305e-24, nan 
38.125, 67.625, 2.8145423355098992e-24, nan 
38.375, 67.625, 4.4695263269524655e-24, nan 
38.625, 67.625, 3.678141629801075e-24, nan 
38.875, 67.625, 3.889412209640886e-24, nan 
39.125, 67.625, 4.678798425664186e-24, nan 
39.375, 67.625, 5.643366926815648e-24, nan 
39.625, 67.625, 4.59988922113367e-24, nan 
39.875, 67.625, 5.244358145854638e-24, nan 
40.125, 67.625, 5.933385186226012e-24, nan 
40.375, 67.625, 3.846550732524842e-24, nan 
40.625, 67.625, 4.136991603824105e-24, nan 
40.875, 67.625, 3.1171667731965002e-24, nan 
41.125, 67.625, 5.377225302883183e-24, nan 
41.375, 67.625, 5.8565987368277885e-24, nan 
41.625, 67.625, 3.4971445008566154e-24, nan 
41.875, 67.625, 4.1476150507601135e-24, nan 
42.125, 67.625, 5.3917697605481975e-24, nan 
42.375, 67.625, 5.0180355069998524e-24, nan 
42.625, 67.625, 3.605330859204452e-24, nan 
42.875, 67.625, 4.94606684534712e-24, nan 
43.125, 67.625, 4.941216615194372e-24, nan 
43.375, 67.625, 1.2985340941437956e-24, nan 
43.625, 67.625, 3.4502503016279105e-24, nan 
43.875, 67.625, 5.3722920438116484e-24, nan 
44.125, 67.625, 3.8813256830559e-24, nan 
44.375, 67.625, 5.1828074906205226e-24, nan 
44.625, 67.625, 9.573780775445737e-24, nan 
44.875, 67.625, 4.331302091950997e-24, nan 
45.125, 67.625, 4.3610638751257295e-24, nan 
45.375, 67.625, 5.185607110637431e-24, nan 
45.625, 67.625, 5.1796704377226354e-24, nan 
45.875, 67.625, 2.8292724987733177e-24, nan 
46.125, 67.625, 4.182354773361002e-24, nan 
46.375, 67.625, 5.6802136243801855e-24, nan 
46.625, 67.625, 3.2613261727800263e-24, nan 
46.875, 67.625, 2.266407197340249e-24, nan 
47.125, 67.625, 6.385532196496533e-24, nan 
47.375, 67.625, 6.370533914616898e-24, nan 
47.625, 67.625, 6.410113112694535e-24, nan 
47.875, 67.625, 5.083157220179797e-24, nan 
48.125, 67.625, 7.467933421920322e-24, nan 
48.375, 67.625, 4.148337942682923e-24, nan 
48.625, 67.625, 4.029749027906633e-24, nan 
48.875, 67.625, 4.523999785907367e-24, nan 
49.125, 67.625, 5.003840745837104e-24, nan 
49.375, 67.625, 2.559400892927453e-24, nan 
49.625, 67.625, 2.7001289429718073e-24, nan 
49.875, 67.625, 2.5414989410605452e-24, nan 
50.125, 67.625, 1.8799898945788242e-24, nan 
50.375, 67.625, 5.4408305108273915e-24, nan 
50.625, 67.625, 5.1614440536348764e-24, nan 
50.875, 67.625, 6.736457767148799e-24, nan 
51.125, 67.625, 6.55322627007893e-24, nan 
51.375, 67.625, 7.875724149190006e-24, nan 
51.625, 67.625, 8.696922284574685e-24, nan 
51.875, 67.625, 6.208074174459854e-24, nan 
52.125, 67.625, 9.139805396448546e-24, nan 
52.375, 67.625, 7.322454235037547e-24, nan 
52.625, 67.625, 5.2469402222390976e-24, nan 
52.875, 67.625, 6.535793295856839e-24, nan 
53.125, 67.625, 8.656140798095545e-24, nan 
53.375, 67.625, 8.348949531006975e-24, nan 
53.625, 67.625, 7.993143776635548e-24, nan 
53.875, 67.625, 9.465180464185876e-24, nan 
54.125, 67.625, 7.75437686088517e-24, nan 
54.375, 67.625, 9.29922424402741e-24, nan 
54.625, 67.625, 8.895099964400971e-24, nan 
54.875, 67.625, 6.985034013639314e-24, nan 
55.125, 67.625, 9.422360589865545e-24, nan 
55.375, 67.625, 1.53807944650195e-23, nan 
55.625, 67.625, 3.473245024484933e-24, nan 
55.875, 67.625, 1.5778373562314913e-23, nan 
56.125, 67.625, 7.301432073920576e-24, nan 
56.375, 67.625, 7.694991280584524e-24, nan 
56.625, 67.625, 1.0711800153900043e-23, nan 
56.875, 67.625, 8.390285695219796e-24, nan 
57.125, 67.625, 1.1485672316233936e-23, nan 
57.375, 67.625, 1.9723148211466354e-23, nan 
57.625, 67.625, 1.9285412386180567e-23, nan 
57.875, 67.625, 1.088912993672458e-23, nan 
58.125, 67.625, 1.2915563544582342e-23, nan 
58.375, 67.625, 2.2834467787091754e-23, nan 
58.625, 67.625, 2.87732214404955e-23, nan 
58.875, 67.625, 2.413352142655498e-23, nan 
59.125, 67.625, 4.726788131833353e-23, nan 
59.375, 67.625, 5.408344580319237e-23, nan 
59.625, 67.625, 3.135092553793065e-23, nan 
59.875, 67.625, 2.934140161760274e-23, nan 
60.125, 67.625, 3.9437348151564795e-23, nan 
60.375, 67.625, 4.075940186659792e-23, nan 
60.625, 67.625, 3.085733892172017e-23, nan 
60.875, 67.625, 2.5821788356838126e-23, nan 
61.125, 67.625, 1.5124718107322283e-23, nan 
61.375, 67.625, 1.517092959743403e-23, nan 
61.625, 67.625, 1.1842866531217299e-23, nan 
61.875, 67.625, 9.636374192212677e-24, nan 
62.125, 67.625, 8.394444692349294e-24, nan 
62.375, 67.625, 1.4375374247042807e-23, nan 
62.625, 67.625, 1.6554428851239237e-23, nan 
62.875, 67.625, 2.754408021211618e-23, nan 
63.125, 67.625, 3.6177399786366276e-23, nan 
63.375, 67.625, 2.2355535020724547e-23, nan 
63.625, 67.625, 1.6516974906686327e-23, nan 
63.875, 67.625, 1.831668059243393e-23, nan 
64.125, 67.625, 2.461164509111908e-23, nan 
64.375, 67.625, 2.109959174921325e-23, nan 
64.625, 67.625, 3.041991975949837e-23, nan 
64.875, 67.625, 2.3004441287107805e-23, nan 
65.125, 67.625, 3.46562678635837e-23, nan 
65.375, 67.625, 2.740649132718866e-23, nan 
65.625, 67.625, 1.1744970546255988e-23, nan 
65.875, 67.625, 1.7116156300439678e-23, nan 
66.125, 67.625, 1.2975021519331408e-23, nan 
66.375, 67.625, 1.1763116127436458e-23, nan 
66.625, 67.625, 3.226502598873719e-23, nan 
66.875, 67.625, 4.4061637481165537e-23, nan 
67.125, 67.625, 1.5853693400781497e-23, nan 
67.375, 67.625, 4.891666618122363e-23, nan 
67.625, 67.625, 8.87227445907066e-23, nan 
67.875, 67.625, 4.084092692886758e-23, nan 
68.125, 67.625, 6.706091545466753e-23, nan 
68.375, 67.625, 9.517705469387309e-23, nan 
68.625, 67.625, 5.737233880127914e-23, nan 
68.875, 67.625, 5.625740344627829e-23, nan 
69.125, 67.625, 7.650342365204933e-23, nan 
69.375, 67.625, 4.1422212772642415e-23, nan 
69.625, 67.625, 4.0971110096682985e-23, nan 
69.875, 67.625, 3.6613918218036707e-23, nan 
70.125, 67.625, 5.515779189606398e-23, nan 
70.375, 67.625, 8.086290687267065e-23, nan 
70.625, 67.625, 6.947125979784623e-23, nan 
70.875, 67.625, 6.984624161120291e-23, nan 
71.125, 67.625, 8.524611787638322e-23, nan 
71.375, 67.625, 5.730660061984522e-23, nan 
71.625, 67.625, 5.2147349961718544e-23, nan 
71.875, 67.625, 5.969735144623956e-23, nan 
72.125, 67.625, 7.749475467757426e-23, nan 
72.375, 67.625, 9.742167870148515e-23, nan 
72.625, 67.625, 8.285748738153851e-23, nan 
72.875, 67.625, 4.929870345861397e-23, nan 
73.125, 67.625, 1.0649323299598761e-22, nan 
73.375, 67.625, 9.7165928114406e-23, nan 
73.625, 67.625, 1.1209786658887377e-22, nan 
73.875, 67.625, 1.6751860403319232e-22, nan 
74.125, 67.625, 1.6957823619186021e-22, nan 
74.375, 67.625, 2.0528630183285249e-22, nan 
74.625, 67.625, 1.8080942966048546e-22, nan 
74.875, 67.625, 2.1880263196708423e-22, nan 
75.125, 67.625, 3.4217356224618846e-22, nan 
75.375, 67.625, 3.040649440548336e-22, nan 
75.625, 67.625, 8.380036811326103e-23, nan 
75.875, 67.625, 1.537297750399568e-22, nan 
76.125, 67.625, 3.3356754406232147e-22, nan 
76.375, 67.625, 3.768344946964111e-22, nan 
76.625, 67.625, 4.486756256178008e-22, nan 
76.875, 67.625, 4.75205164995139e-22, nan 
77.125, 67.625, 5.153865315211489e-22, nan 
77.375, 67.625, 5.381162323025327e-22, nan 
77.625, 67.625, 4.365288731302839e-22, nan 
77.875, 67.625, 3.808162404348416e-22, nan 
78.125, 67.625, 1.674057022012384e-22, nan 
78.375, 67.625, 4.13280687023017e-22, nan 
78.625, 67.625, 3.345375851517734e-22, nan 
78.875, 67.625, 2.342773670406026e-22, nan 
79.125, 67.625, 2.0660663092064324e-22, nan 
79.375, 67.625, 1.2864508957549688e-22, nan 
79.625, 67.625, 2.4005954337814763e-22, nan 
79.875, 67.625, 2.4426518627811303e-22, nan 
80.125, 67.625, 6.760065541331979e-22, nan 
80.375, 67.625, 3.9554760065717566e-22, nan 
80.625, 67.625, 4.719057006633468e-22, nan 
80.875, 67.625, 5.048427233143395e-22, nan 
81.125, 67.625, 6.61380884199515e-22, nan 
81.375, 67.625, 7.4822016628331855e-22, nan 
81.625, 67.625, 6.865413989496125e-22, nan 
81.875, 67.625, 9.932581579181459e-22, nan 
82.125, 67.625, 8.234580849892376e-22, nan 
82.375, 67.625, 8.95316590502606e-22, nan 
82.625, 67.625, 1.0182112557373849e-21, nan 
82.875, 67.625, 8.171904287999669e-22, nan 
83.125, 67.625, 5.6460174876977115e-22, nan 
83.375, 67.625, 1.006565451446994e-21, nan 
83.625, 67.625, 1.5537598699413899e-21, nan 
83.875, 67.625, 2.045361520215611e-21, nan 
84.125, 67.625, 1.9098390108442307e-21, nan 
84.375, 67.625, 2.1894315988779866e-21, nan 
84.625, 67.625, 2.317362669238508e-21, nan 
84.875, 67.625, 1.4992638939478633e-21, nan 
85.125, 67.625, 8.168520788320415e-22, nan 
85.375, 67.625, 1.129518650635842e-21, nan 
85.625, 67.625, 1.1034794886969874e-21, nan 
85.875, 67.625, 6.556333500369564e-22, nan 
86.125, 67.625, 8.119075025709477e-22, nan 
86.375, 67.625, 4.218809261996859e-22, nan 
86.625, 67.625, 4.255326644500864e-22, nan 
86.875, 67.625, 1.7000855361399448e-21, nan 
87.125, 67.625, 8.695355430483342e-22, nan 
87.375, 67.625, 4.719418150004581e-22, nan 
87.625, 67.625, 1.8919820242258047e-21, nan 
87.875, 67.625, 1.587924613501816e-21, nan 
88.125, 67.625, 2.1020284794840053e-21, nan 
88.375, 67.625, 2.4466619029982495e-21, nan 
88.625, 67.625, 3.9152447773602084e-21, nan 
88.875, 67.625, 4.451044034091655e-21, nan 
89.125, 67.625, 2.1949838588839538e-21, nan 
89.375, 67.625, 2.379839533792711e-21, nan 
89.625, 67.625, 2.4455887994138376e-21, nan 
89.875, 67.625, 1.601247267610711e-21, nan 
90.125, 67.625, 1.1427989173550148e-21, nan 
90.375, 67.625, 2.0026600755684944e-21, nan 
90.625, 67.625, 7.705452602488785e-21, nan 
90.875, 67.625, 3.1695417824856095e-21, nan 
91.125, 67.625, 3.248198531381811e-21, nan 
91.375, 67.625, 1.6875407665686617e-20, nan 
91.625, 67.625, 6.775925567383516e-21, nan 
91.875, 67.625, 2.368468195456456e-20, nan 
92.125, 67.625, 7.792922323406459e-20, nan 
92.375, 67.625, 8.211387941444085e-20, nan 
92.625, 67.625, 3.3050797459916475e-19, nan 
92.875, 67.625, 3.9131613585759773e-19, nan 
93.125, 67.625, 3.175323007520967e-19, nan 
93.375, 67.625, 1.0497204624352927e-19, nan 
93.625, 67.625, 4.7302439758234575e-20, nan 
93.875, 67.625, 3.661535705267762e-20, nan 
94.125, 67.625, 6.181836442184401e-20, nan 
94.375, 67.625, 6.44126015730341e-20, nan 
94.625, 67.625, 5.937488942829642e-20, nan 
94.875, 67.625, 5.697127383921832e-20, nan 
95.125, 67.625, 4.467811989156682e-20, nan 
95.375, 67.625, 4.552705218216382e-20, nan 
95.625, 67.625, 5.477374604578583e-20, nan 
95.875, 67.625, 5.304771505815704e-20, nan 
96.125, 67.625, 4.1284337897911935e-20, nan 
96.375, 67.625, 7.031439997877588e-20, nan 
96.625, 67.625, 1.6300269821835896e-19, nan 
96.875, 67.625, 2.0523355636122824e-19, nan 
97.125, 67.625, 3.118375620236563e-19, nan 
97.375, 67.625, 2.4149239420431823e-19, nan 
97.625, 67.625, 3.1952277737235944e-19, nan 
97.875, 67.625, 3.248143017415096e-19, nan 
98.125, 67.625, 4.0763960542903845e-19, nan 
98.375, 67.625, 3.670751988639103e-19, nan 
98.625, 67.625, 1.2834860082180848e-19, nan 
98.875, 67.625, 2.189880052322179e-19, nan 
99.125, 67.625, 1.0231478604550912e-19, nan 
99.375, 67.625, 1.6510011017229846e-19, nan 
99.625, 67.625, 1.9987807700084914e-19, nan 
99.875, 67.625, 2.236552118117631e-19, nan 
100.125, 67.625, 5.802288931863951e-19, nan 
100.375, 67.625, 7.867123736498473e-19, nan 
100.625, 67.625, 8.142682504087623e-19, nan 
100.875, 67.625, 7.221046589452818e-19, nan 
101.125, 67.625, 1.2973766406082794e-18, nan 
101.375, 67.625, 1.019625777253321e-18, nan 
101.625, 67.625, 4.606773288786726e-19, nan 
101.875, 67.625, 1.0593884256980632e-18, nan 
102.125, 67.625, 1.7815418273202056e-18, nan 
102.375, 67.625, 1.4872401174138572e-18, nan 
102.625, 67.625, 9.970334233855646e-19, nan 
102.875, 67.625, 1.220297222640387e-18, nan 
103.125, 67.625, 1.2521226498181359e-18, nan 
103.375, 67.625, 6.458644231618997e-19, nan 
103.625, 67.625, 8.444912201345524e-19, nan 
103.875, 67.625, 7.300667835545728e-19, nan 
104.125, 67.625, 4.635401382122744e-19, nan 
104.375, 67.625, 3.237292054454018e-19, nan 
104.625, 67.625, 1.8316551138504573e-19, nan 
104.875, 67.625, 1.6750092213580992e-19, nan 
105.125, 67.625, 1.7652344889157212e-19, nan 
105.375, 67.625, 1.79607871206415e-19, nan 
105.625, 67.625, 1.8224300844009327e-19, nan 
105.875, 67.625, 1.6663868877752825e-19, nan 
106.125, 67.625, 8.235068873821183e-20, nan 
106.375, 67.625, 9.697970596602462e-20, nan 
106.625, 67.625, 9.309529790022283e-20, nan 
106.875, 67.625, 4.595602348562245e-20, nan 
107.125, 67.625, 6.79018589277998e-20, nan 
107.375, 67.625, 4.862700492026516e-20, nan 
107.625, 67.625, 1.9336788067725938e-20, nan 
107.875, 67.625, 2.4856904902472952e-20, nan 
108.125, 67.625, 1.6401302422214098e-20, nan 
108.375, 67.625, 2.7013567234465054e-20, nan 
108.625, 67.625, 1.9880683650888295e-20, nan 
108.875, 67.625, 1.815533362048899e-20, nan 
109.125, 67.625, 2.2690169102524536e-20, nan 
109.375, 67.625, 3.252751037480818e-20, nan 
109.625, 67.625, 1.8291441714995845e-20, nan 
109.875, 67.625, 1.389956861627495e-20, nan 
110.125, 67.625, 2.0132484066881638e-20, nan 
110.375, 67.625, 1.7506122447968796e-20, nan 
110.625, 67.625, 1.2768199269843574e-20, nan 
110.875, 67.625, 1.0421640766602168e-20, nan 
111.125, 67.625, 1.1007917123647193e-20, nan 
111.375, 67.625, 9.966518940434017e-21, nan 
111.625, 67.625, 4.139666252274415e-21, nan 
111.875, 67.625, 6.528924627269529e-21, nan 
112.125, 67.625, 5.9902602909608345e-21, nan 
112.375, 67.625, 5.815775463694066e-22, nan 
112.625, 67.625, 6.084739481207858e-21, nan 
112.875, 67.625, 7.506731670849855e-21, nan 
113.125, 67.625, 1.0150298982152672e-20, nan 
113.375, 67.625, 1.7046608067871868e-20, nan 
113.625, 67.625, 1.788231424963561e-20, nan 
113.875, 67.625, 1.2014331924089632e-20, nan 
114.125, 67.625, 6.7019320495242986e-21, nan 
114.375, 67.625, 1.2804364668374942e-21, nan 
114.625, 67.625, 1.5329513668121253e-21, nan 
114.875, 67.625, 1.890723853358863e-21, nan 
115.125, 67.625, 2.0739043340979518e-21, nan 
115.375, 67.625, 3.684782101957327e-21, nan 
115.625, 67.625, 3.941888393645221e-21, nan 
115.875, 67.625, 4.6593187525598095e-21, nan 
116.125, 67.625, 3.276987105723956e-21, nan 
116.375, 67.625, 2.424307611916264e-21, nan 
116.625, 67.625, 3.3991756916852545e-21, nan 
116.875, 67.625, 1.3098922609736154e-21, nan 
117.125, 67.625, 1.6637777510830835e-21, nan 
117.375, 67.625, 2.153291114156249e-21, nan 
117.625, 67.625, 1.6589024392520943e-21, nan 
117.875, 67.625, 1.2912830163763469e-21, nan 
118.125, 67.625, 3.475558491814412e-21, nan 
118.375, 67.625, 2.871742172537924e-21, nan 
118.625, 67.625, 2.3007588441562765e-21, nan 
118.875, 67.625, 1.3583582101017471e-21, nan 
119.125, 67.625, 1.5319235739696175e-21, nan 
119.375, 67.625, 1.1332640262268318e-21, nan 
119.625, 67.625, 8.585406313379078e-22, nan 
119.875, 67.625, 8.951030545074945e-22, nan 
120.125, 67.625, 1.2369143605788803e-21, nan 
120.375, 67.625, 1.2185144283603824e-21, nan 
120.625, 67.625, 7.412150065467608e-22, nan 
120.875, 67.625, 7.969054743560498e-22, nan 
121.125, 67.625, 9.021533176475367e-22, nan 
121.375, 67.625, 7.468281524324931e-22, nan 
121.625, 67.625, 4.2159009066073034e-22, nan 
121.875, 67.625, 2.8941442970507626e-22, nan 
122.125, 67.625, 4.659972111002077e-22, nan 
122.375, 67.625, 1.7988925134803537e-22, nan 
122.625, 67.625, 1.106007935044446e-22, nan 
122.875, 67.625, 2.857852621906651e-22, nan 
123.125, 67.625, 3.9585852862757697e-22, nan 
123.375, 67.625, 5.371869819004581e-22, nan 
123.625, 67.625, 3.537542513582902e-22, nan 
123.875, 67.625, 4.308755630382888e-22, nan 
124.125, 67.625, 6.637343076216404e-22, nan 
124.375, 67.625, 4.407406354775637e-22, nan 
124.625, 67.625, 7.107603027832926e-22, nan 
124.875, 67.625, 3.0891619692359344e-22, nan 
125.125, 67.625, 3.619306335579239e-22, nan 
125.375, 67.625, 4.419079255716776e-22, nan 
125.625, 67.625, 3.414306911653831e-22, nan 
125.875, 67.625, 3.0710182581110603e-22, nan 
126.125, 67.625, 2.4670675890922997e-22, nan 
126.375, 67.625, 2.22651284198729e-22, nan 
126.625, 67.625, 2.0406582991564783e-22, nan 
126.875, 67.625, 1.417096138357635e-22, nan 
127.125, 67.625, 9.208626576447279e-23, nan 
127.375, 67.625, 9.708607593244405e-23, nan 
127.625, 67.625, 1.784229672083281e-22, nan 
127.875, 67.625, 1.8398035088051326e-22, nan 
128.125, 67.625, 1.8990456088699182e-22, nan 
128.375, 67.625, 2.024622977654826e-22, nan 
128.625, 67.625, 1.804214701714327e-22, nan 
128.875, 67.625, 1.2436807557045285e-22, nan 
129.125, 67.625, 1.287463963793817e-22, nan 
129.375, 67.625, 1.4303727778386809e-22, nan 
129.625, 67.625, 1.3114943180838985e-22, nan 
129.875, 67.625, 1.185931840474945e-22, nan 
130.125, 67.625, 6.68580234450752e-23, nan 
130.375, 67.625, 8.71102737983163e-23, nan 
130.625, 67.625, 6.277667682395832e-23, nan 
130.875, 67.625, 5.696940323115403e-23, nan 
131.125, 67.625, 5.481090561455617e-23, nan 
131.375, 67.625, 3.588484740196513e-23, nan 
131.625, 67.625, 2.1685378643173225e-23, nan 
131.875, 67.625, 4.2177002765736576e-23, nan 
132.125, 67.625, 3.539271606933634e-23, nan 
132.375, 67.625, 1.475351080623348e-23, nan 
132.625, 67.625, 3.15137646084791e-23, nan 
132.875, 67.625, 2.3223420920079883e-23, nan 
133.125, 67.625, 2.3908705781193458e-23, nan 
133.375, 67.625, 2.0542741169811878e-23, nan 
133.625, 67.625, 3.055848523323639e-23, nan 
133.875, 67.625, 3.1738195927935345e-23, nan 
134.125, 67.625, 2.6698931958273426e-23, nan 
134.375, 67.625, 1.4093444015946866e-23, nan 
134.625, 67.625, 3.198146247740771e-23, nan 
134.875, 67.625, 4.680331028784062e-23, nan 
135.125, 67.625, 2.948420511133681e-23, nan 
135.375, 67.625, 2.838756490026865e-23, nan 
135.625, 67.625, 4.622430247875637e-23, nan 
135.875, 67.625, 3.7682279993717914e-23, nan 
136.125, 67.625, 3.293158237539491e-23, nan 
136.375, 67.625, 2.0653365069778455e-23, nan 
136.625, 67.625, 3.536811796352178e-23, nan 
136.875, 67.625, 4.3673166125966344e-23, nan 
137.125, 67.625, 3.04208941988133e-23, nan 
137.375, 67.625, 1.8485725870375452e-23, nan 
137.625, 67.625, 2.5490010623215012e-23, nan 
137.875, 67.625, 3.4563912247859714e-23, nan 
138.125, 67.625, 4.783207995731424e-23, nan 
138.375, 67.625, 4.626219217633677e-23, nan 
138.625, 67.625, 3.160931032022928e-23, nan 
138.875, 67.625, 4.7895723726592e-23, nan 
139.125, 67.625, 3.550294476208925e-23, nan 
139.375, 67.625, 3.758155260581459e-23, nan 
139.625, 67.625, 3.429942243787557e-23, nan 
139.875, 67.625, 3.113044140258463e-23, nan 
140.125, 67.625, 3.7650986253203255e-23, nan 
140.375, 67.625, 1.2233361330027975e-23, nan 
140.625, 67.625, 2.8407491646142505e-23, nan 
140.875, 67.625, 1.0130911158206337e-23, nan 
141.125, 67.625, 1.586420930370956e-23, nan 
141.375, 67.625, 1.173616508139648e-23, nan 
141.625, 67.625, 8.87588748712355e-24, nan 
141.875, 67.625, 1.5060324567542512e-23, nan 
142.125, 67.625, 1.814325113240277e-23, nan 
142.375, 67.625, 2.778528069213959e-23, nan 
142.625, 67.625, 2.0035001237860612e-23, nan 
142.875, 67.625, 2.108570795256767e-23, nan 
143.125, 67.625, 2.0951440200793167e-23, nan 
143.375, 67.625, 1.643074777042379e-23, nan 
143.625, 67.625, 2.13533370596814e-23, nan 
143.875, 67.625, 1.3918923845951843e-23, nan 
144.125, 67.625, 1.6374914976057316e-23, nan 
144.375, 67.625, 2.0901711338995595e-23, nan 
144.625, 67.625, 1.1833104518464158e-23, nan 
144.875, 67.625, 1.968654289712791e-23, nan 
145.125, 67.625, 2.7018422151860005e-23, nan 
145.375, 67.625, 2.0055234643063634e-23, nan 
145.625, 67.625, 2.5655271847892043e-23, nan 
145.875, 67.625, 2.2115381679832967e-23, nan 
146.125, 67.625, 1.8801635972054007e-23, nan 
146.375, 67.625, 2.210834293872656e-23, nan 
146.625, 67.625, 1.6552740087072564e-23, nan 
146.875, 67.625, 1.2358379872138407e-23, nan 
147.125, 67.625, 6.4547213952952305e-24, nan 
147.375, 67.625, 5.787347798102491e-24, nan 
147.625, 67.625, 3.033304768696145e-24, nan 
147.875, 67.625, 6.2013377974327584e-24, nan 
148.125, 67.625, 6.152029973002303e-24, nan 
148.375, 67.625, 4.581646079872715e-24, nan 
148.625, 67.625, 2.0841681103501365e-24, nan 
148.875, 67.625, 3.594330520570767e-24, nan 
149.125, 67.625, 6.209790492892888e-24, nan 
149.375, 67.625, 6.125247836454272e-24, nan 
149.625, 67.625, 5.820905155964712e-24, nan 
149.875, 67.625, 4.850739693084892e-24, nan 
150.125, 67.625, 5.528881975067723e-24, nan 
150.375, 67.625, 7.185970889693477e-24, nan 
150.625, 67.625, 6.3929141889990765e-24, nan 
150.875, 67.625, 6.977155545687628e-24, nan 
151.125, 67.625, 5.061782066476123e-24, nan 
151.375, 67.625, 4.29060540322851e-24, nan 
151.625, 67.625, 6.639963680661935e-24, nan 
151.875, 67.625, 8.364100049240831e-24, nan 
152.125, 67.625, 3.261398459726723e-24, nan 
152.375, 67.625, 3.9704566028876e-24, nan 
152.625, 67.625, 1.095763502461834e-23, nan 
152.875, 67.625, 5.797587877067264e-24, nan 
153.125, 67.625, 1.0563061843173124e-23, nan 
153.375, 67.625, 6.643324913991451e-24, nan 
153.625, 67.625, 4.032597043957893e-24, nan 
153.875, 67.625, 9.197820703819948e-24, nan 
154.125, 67.625, 5.012171613510418e-24, nan 
154.375, 67.625, 5.112233668563028e-24, nan 
154.625, 67.625, 4.511726769190785e-24, nan 
154.875, 67.625, 3.616496981431544e-24, nan 
155.125, 67.625, 4.205004758924836e-24, nan 
155.375, 67.625, 4.2107823970289134e-24, nan 
155.625, 67.625, 4.117735157451898e-24, nan 
155.875, 67.625, 2.915539008533534e-24, nan 
156.125, 67.625, 2.8363862790542683e-24, nan 
156.375, 67.625, 3.921333392246101e-24, nan 
156.625, 67.625, 2.5510179010101584e-24, nan 
156.875, 67.625, 6.053308112422562e-24, nan 
157.125, 67.625, 6.419467445159046e-24, nan 
157.375, 67.625, 5.527905445591225e-24, nan 
157.625, 67.625, 6.555557615490822e-24, nan 
157.875, 67.625, 6.275143025929681e-24, nan 
158.125, 67.625, 4.549973246629207e-24, nan 
158.375, 67.625, 2.5670949354297198e-24, nan 
158.625, 67.625, 1.330437477718799e-24, nan 
158.875, 67.625, 2.3283669406622244e-24, nan 
159.125, 67.625, 5.751893241200133e-24, nan 
159.375, 67.625, 2.3956784595328933e-24, nan 
159.625, 67.625, 1.779459830565869e-24, nan 
159.875, 67.625, 4.501957199419908e-24, nan 
160.125, 67.625, 2.148956172953794e-24, nan 
160.375, 67.625, 2.5755252364719228e-24, nan 
160.625, 67.625, 3.605876036686759e-24, nan 
160.875, 67.625, 3.072149272820863e-24, nan 
161.125, 67.625, 2.5159991805400117e-24, nan 
161.375, 67.625, 1.925362946272688e-24, nan 
161.625, 67.625, 1.683607106024061e-24, nan 
161.875, 67.625, 3.7690918715417825e-24, nan 
162.125, 67.625, 4.795973382538501e-24, nan 
162.375, 67.625, 5.2727354499107415e-24, nan 
162.625, 67.625, 5.876915661443621e-24, nan 
162.875, 67.625, 7.22437212693476e-24, nan 
163.125, 67.625, 9.485272775422012e-24, nan 
163.375, 67.625, 7.08012793699472e-24, nan 
163.625, 67.625, 7.416585545564244e-24, nan 
163.875, 67.625, 7.546693764170786e-24, nan 
164.125, 67.625, 5.710931127154996e-24, nan 
164.375, 67.625, 3.7874099926546244e-24, nan 
164.625, 67.625, 2.2967624300763862e-24, nan 
164.875, 67.625, 2.3110010973299115e-24, nan 
165.125, 67.625, 1.85748869072647e-24, nan 
165.375, 67.625, 1.7741448290464882e-24, nan 
165.625, 67.625, 2.202406640133092e-24, nan 
165.875, 67.625, 1.837075784298234e-24, nan 
166.125, 67.625, 9.906980330499383e-25, nan 
166.375, 67.625, 1.7277574347360016e-24, nan 
166.625, 67.625, 1.6618037236415504e-24, nan 
166.875, 67.625, 6.698087206351428e-25, nan 
167.125, 67.625, 1.4903941750542309e-24, nan 
167.375, 67.625, 3.0020411825360793e-24, nan 
167.625, 67.625, 3.9015215772976455e-24, nan 
167.875, 67.625, 4.156111707918831e-24, nan 
168.125, 67.625, 4.087752724024635e-24, nan 
168.375, 67.625, 3.1077583926489226e-24, nan 
168.625, 67.625, 3.979756877034716e-24, nan 
168.875, 67.625, 2.2267531962370957e-24, nan 
169.125, 67.625, 2.447353926475535e-24, nan 
169.375, 67.625, 2.0089180998645605e-24, nan 
169.625, 67.625, 1.6099972552763476e-24, nan 
169.875, 67.625, 1.5498053087693905e-24, nan 
170.125, 67.625, 1.6378673589328802e-24, nan 
32.375, 67.875, 1.840561914048842e-24, nan 
32.625, 67.875, 2.4678052965947916e-24, nan 
32.875, 67.875, 1.9927781882522276e-24, nan 
33.125, 67.875, 2.486608974103472e-24, nan 
33.375, 67.875, 2.6184416597407026e-24, nan 
33.625, 67.875, 1.9003977195529753e-24, nan 
33.875, 67.875, 2.0746514156135627e-24, nan 
34.125, 67.875, 1.437812723678536e-24, nan 
34.375, 67.875, 3.7713881184567756e-24, nan 
34.625, 67.875, 3.730906577396847e-24, nan 
34.875, 67.875, 1.1686419624203157e-24, nan 
35.125, 67.875, 2.7764459584712006e-24, nan 
35.375, 67.875, 2.821531364740477e-24, nan 
35.625, 67.875, 1.8019232405907234e-24, nan 
35.875, 67.875, 2.67065675243564e-24, nan 
36.125, 67.875, 3.6841506520514766e-24, nan 
36.375, 67.875, 2.2952671643002717e-24, nan 
36.625, 67.875, 2.3731427954656384e-24, nan 
36.875, 67.875, 3.1326124545361067e-24, nan 
37.125, 67.875, 1.6305447382057263e-24, nan 
37.375, 67.875, 1.3735797302797558e-24, nan 
37.625, 67.875, 1.7784877778884866e-24, nan 
37.875, 67.875, 1.3010608392925648e-24, nan 
38.125, 67.875, 1.6602714412107008e-24, nan 
38.375, 67.875, 1.971979178978614e-24, nan 
38.625, 67.875, 1.930787044101069e-24, nan 
38.875, 67.875, 3.2177988318443077e-24, nan 
39.125, 67.875, 3.690588689539936e-24, nan 
39.375, 67.875, 3.575336817679949e-24, nan 
39.625, 67.875, 4.26337637860875e-24, nan 
39.875, 67.875, 5.332659827106102e-24, nan 
40.125, 67.875, 4.8488520313730786e-24, nan 
40.375, 67.875, 3.51855300768508e-24, nan 
40.625, 67.875, 2.8830987071430297e-24, nan 
40.875, 67.875, 2.4565806706979263e-24, nan 
41.125, 67.875, 4.354425600056604e-24, nan 
41.375, 67.875, 4.179567915446388e-24, nan 
41.625, 67.875, 3.365052649202061e-24, nan 
41.875, 67.875, 2.5453833901211007e-24, nan 
42.125, 67.875, 3.3661417162744605e-24, nan 
42.375, 67.875, 2.928657333784394e-24, nan 
42.625, 67.875, 3.41866567706457e-24, nan 
42.875, 67.875, 2.3189073220095555e-24, nan 
43.125, 67.875, 2.7566549450048054e-24, nan 
43.375, 67.875, 4.113767163675273e-24, nan 
43.625, 67.875, 2.393762858669774e-24, nan 
43.875, 67.875, 1.0558151565625139e-24, nan 
44.125, 67.875, 4.5511028828381745e-24, nan 
44.375, 67.875, 3.3923141318796084e-24, nan 
44.625, 67.875, 4.933227834973744e-24, nan 
44.875, 67.875, 1.9792409949526395e-24, nan 
45.125, 67.875, 6.300647485290572e-24, nan 
45.375, 67.875, 4.2590307786979196e-24, nan 
45.625, 67.875, 2.253635174070827e-24, nan 
45.875, 67.875, 4.195357171145244e-24, nan 
46.125, 67.875, 4.4962357254305174e-24, nan 
46.375, 67.875, 3.959984289565955e-24, nan 
46.625, 67.875, 3.846561419647447e-24, nan 
46.875, 67.875, 2.9302212529738407e-24, nan 
47.125, 67.875, 1.8642323861246393e-24, nan 
47.375, 67.875, 2.188309641427955e-24, nan 
47.625, 67.875, 2.191462659207872e-24, nan 
47.875, 67.875, 3.921512433027768e-24, nan 
48.125, 67.875, 4.9642110245018695e-24, nan 
48.375, 67.875, 3.2738337432615512e-24, nan 
48.625, 67.875, 3.742280764134343e-24, nan 
48.875, 67.875, 3.113427856213052e-24, nan 
49.125, 67.875, 4.236970507861592e-24, nan 
49.375, 67.875, 3.798248720572235e-24, nan 
49.625, 67.875, 7.232060923983099e-24, nan 
49.875, 67.875, 6.403251007964292e-24, nan 
50.125, 67.875, 5.3931137383052994e-24, nan 
50.375, 67.875, 1.0066547690884964e-23, nan 
50.625, 67.875, 9.337781562779274e-24, nan 
50.875, 67.875, 8.519569101497927e-24, nan 
51.125, 67.875, 4.328721911805904e-24, nan 
51.375, 67.875, 4.7779333643522374e-24, nan 
51.625, 67.875, 1.1803373254138393e-23, nan 
51.875, 67.875, 2.3368502319900078e-24, nan 
52.125, 67.875, 3.325744225066599e-24, nan 
52.375, 67.875, 3.796242373994738e-24, nan 
52.625, 67.875, 7.034109497965531e-24, nan 
52.875, 67.875, 8.739167606036879e-24, nan 
53.125, 67.875, 6.774130021800056e-24, nan 
53.375, 67.875, 8.427617498462215e-24, nan 
53.625, 67.875, 1.3737430477427655e-23, nan 
53.875, 67.875, 1.428855486818987e-23, nan 
54.125, 67.875, 7.740468792554827e-24, nan 
54.375, 67.875, 1.3579880832504387e-23, nan 
54.625, 67.875, 1.4466323936443004e-23, nan 
54.875, 67.875, 4.725768780106499e-24, nan 
55.125, 67.875, 3.8004937908636106e-24, nan 
55.375, 67.875, 5.046670038177615e-24, nan 
55.625, 67.875, 5.751254504419323e-25, nan 
55.875, 67.875, 7.54228433822012e-24, nan 
56.125, 67.875, 4.9116910972395e-24, nan 
56.375, 67.875, 6.646378343465491e-24, nan 
56.625, 67.875, 2.200055328619309e-23, nan 
56.875, 67.875, 2.356050623373298e-23, nan 
57.125, 67.875, 1.5850683411866955e-23, nan 
57.375, 67.875, 3.674337267691767e-23, nan 
57.625, 67.875, 3.8745427651798205e-23, nan 
57.875, 67.875, 1.8325320470413593e-23, nan 
58.125, 67.875, 1.0449617714497624e-23, nan 
58.375, 67.875, 2.080329058897745e-23, nan 
58.625, 67.875, 2.4868908978434434e-23, nan 
58.875, 67.875, 2.1323971381126422e-23, nan 
59.125, 67.875, 2.442179816473926e-23, nan 
59.375, 67.875, 3.345997539126515e-23, nan 
59.625, 67.875, 2.3251881633029535e-23, nan 
59.875, 67.875, 2.0348777560104129e-23, nan 
60.125, 67.875, 2.8262803408035606e-23, nan 
60.375, 67.875, 4.148670736303265e-23, nan 
60.625, 67.875, 5.0829914750144603e-23, nan 
60.875, 67.875, 5.556213541355776e-23, nan 
61.125, 67.875, 3.233610964133296e-23, nan 
61.375, 67.875, 1.2312945768951567e-23, nan 
61.625, 67.875, 9.156258248356312e-24, nan 
61.875, 67.875, 1.1738858676627697e-23, nan 
62.125, 67.875, 1.1746958909164133e-23, nan 
62.375, 67.875, 1.2325317527701552e-23, nan 
62.625, 67.875, 2.0861246844543432e-23, nan 
62.875, 67.875, 2.4439868763853237e-23, nan 
63.125, 67.875, 3.593919952580167e-23, nan 
63.375, 67.875, 2.0717513757773007e-23, nan 
63.625, 67.875, 1.842094099532291e-23, nan 
63.875, 67.875, 2.4488938334762154e-23, nan 
64.125, 67.875, 2.654482937363031e-23, nan 
64.375, 67.875, 2.3619585373230264e-23, nan 
64.625, 67.875, 2.5043523585872572e-23, nan 
64.875, 67.875, 2.7869713866923085e-23, nan 
65.125, 67.875, 2.853703390406074e-23, nan 
65.375, 67.875, 3.32791413420856e-23, nan 
65.625, 67.875, 2.1848059306663275e-23, nan 
65.875, 67.875, 2.7002838696636955e-23, nan 
66.125, 67.875, 1.6175710590240624e-23, nan 
66.375, 67.875, 9.04009667090254e-24, nan 
66.625, 67.875, 3.730269803776416e-23, nan 
66.875, 67.875, 3.3180797599777396e-23, nan 
67.125, 67.875, 2.0068460813939496e-23, nan 
67.375, 67.875, 6.013116651975992e-23, nan 
67.625, 67.875, 8.246660596295517e-23, nan 
67.875, 67.875, 4.748720123545307e-23, nan 
68.125, 67.875, 7.502091948864309e-23, nan 
68.375, 67.875, 9.643210169329949e-23, nan 
68.625, 67.875, 6.66027029575341e-23, nan 
68.875, 67.875, 2.6785375964553394e-23, nan 
69.125, 67.875, 4.181789333331732e-23, nan 
69.375, 67.875, 3.025823850980577e-23, nan 
69.625, 67.875, 3.71369237208736e-23, nan 
69.875, 67.875, 3.096198716196118e-23, nan 
70.125, 67.875, 5.72409495689763e-23, nan 
70.375, 67.875, 6.224730862901969e-23, nan 
70.625, 67.875, 7.05473830868067e-23, nan 
70.875, 67.875, 8.753004817620706e-23, nan 
71.125, 67.875, 7.559504294406368e-23, nan 
71.375, 67.875, 6.688322076030868e-23, nan 
71.625, 67.875, 6.327906564902505e-23, nan 
71.875, 67.875, 4.804097959488178e-23, nan 
72.125, 67.875, 7.528368238843403e-23, nan 
72.375, 67.875, 6.41631688781457e-23, nan 
72.625, 67.875, 7.130954358232434e-23, nan 
72.875, 67.875, 7.529111340940006e-23, nan 
73.125, 67.875, 5.034395305125241e-23, nan 
73.375, 67.875, 2.576520717641871e-23, nan 
73.625, 67.875, 9.063185050951826e-23, nan 
73.875, 67.875, 1.290923494426147e-22, nan 
74.125, 67.875, 1.3947362885313852e-22, nan 
74.375, 67.875, 1.6487098750718706e-22, nan 
74.625, 67.875, 1.7357895017763253e-22, nan 
74.875, 67.875, 2.1493626540714564e-22, nan 
75.125, 67.875, 2.7460090301830355e-22, nan 
75.375, 67.875, 2.370152122040037e-22, nan 
75.625, 67.875, 2.471216909569059e-22, nan 
75.875, 67.875, 1.3099735517954063e-22, nan 
76.125, 67.875, 1.0735911256335318e-22, nan 
76.375, 67.875, 1.3127063501892545e-22, nan 
76.625, 67.875, 2.197858751571861e-22, nan 
76.875, 67.875, 3.8360606271666323e-22, nan 
77.125, 67.875, 4.666127638424782e-22, nan 
77.375, 67.875, 5.956923097425596e-22, nan 
77.625, 67.875, 7.064311377347934e-22, nan 
77.875, 67.875, 6.699735377269243e-22, nan 
78.125, 67.875, 7.047827161392358e-22, nan 
78.375, 67.875, 1.0816884192910021e-21, nan 
78.625, 67.875, 9.090396658926673e-22, nan 
78.875, 67.875, 6.110612104673514e-22, nan 
79.125, 67.875, 3.731125910355122e-22, nan 
79.375, 67.875, 3.4814211431944166e-22, nan 
79.625, 67.875, 3.2647342321457155e-22, nan 
79.875, 67.875, 2.086463356189732e-22, nan 
80.125, 67.875, 2.303022655070496e-22, nan 
80.375, 67.875, 3.371792078109005e-22, nan 
80.625, 67.875, 3.2170518984536574e-22, nan 
80.875, 67.875, 4.322359809401449e-22, nan 
81.125, 67.875, 4.497641022291131e-22, nan 
81.375, 67.875, 5.933521441901508e-22, nan 
81.625, 67.875, 6.825376201296652e-22, nan 
81.875, 67.875, 8.8333968319039e-22, nan 
82.125, 67.875, 8.083642618722111e-22, nan 
82.375, 67.875, 7.472209822372216e-22, nan 
82.625, 67.875, 7.077545852587648e-22, nan 
82.875, 67.875, 5.293166767226038e-22, nan 
83.125, 67.875, 5.84270008082216e-22, nan 
83.375, 67.875, 3.9018056231185787e-22, nan 
83.625, 67.875, 4.132881769395041e-22, nan 
83.875, 67.875, 9.268897192959159e-22, nan 
84.125, 67.875, 1.6366063906419646e-21, nan 
84.375, 67.875, 2.6767724961527483e-21, nan 
84.625, 67.875, 2.716679679690042e-21, nan 
84.875, 67.875, 2.1071765828378586e-21, nan 
85.125, 67.875, 3.554619449990693e-21, nan 
85.375, 67.875, 3.343524315807866e-21, nan 
85.625, 67.875, 2.662633913660728e-21, nan 
85.875, 67.875, 1.0336966772010375e-21, nan 
86.125, 67.875, 1.0343953884968471e-21, nan 
86.375, 67.875, 1.239755428182111e-21, nan 
86.625, 67.875, 8.007622217097621e-22, nan 
86.875, 67.875, 2.0932005452657e-21, nan 
87.125, 67.875, 1.7284169384029138e-21, nan 
87.375, 67.875, 2.36491569037533e-21, nan 
87.625, 67.875, 3.464918419122119e-21, nan 
87.875, 67.875, 3.5007443515985534e-21, nan 
88.125, 67.875, 2.9565845186452087e-21, nan 
88.375, 67.875, 3.925141802897243e-21, nan 
88.625, 67.875, 4.362887720286417e-21, nan 
88.875, 67.875, 2.340711546941257e-21, nan 
89.125, 67.875, 2.5282192068670564e-21, nan 
89.375, 67.875, 2.165352216605187e-21, nan 
89.625, 67.875, 1.063518059821758e-21, nan 
89.875, 67.875, 1.0382924863670974e-21, nan 
90.125, 67.875, 2.6071157131674976e-21, nan 
90.375, 67.875, 3.4242637833565084e-21, nan 
90.625, 67.875, 5.41272090373135e-21, nan 
90.875, 67.875, 3.1897599907334853e-21, nan 
91.125, 67.875, 2.847536806186231e-21, nan 
91.375, 67.875, 4.329579272708713e-20, nan 
91.625, 67.875, 5.202256579149262e-20, nan 
91.875, 67.875, 2.5827116215528503e-19, nan 
92.125, 67.875, 4.091353659552727e-19, nan 
92.375, 67.875, 2.386111581503608e-19, nan 
92.625, 67.875, 7.232704292999619e-19, nan 
92.875, 67.875, 9.199276603427344e-19, nan 
93.125, 67.875, 6.339518895696003e-19, nan 
93.375, 67.875, 5.024959674737294e-19, nan 
93.625, 67.875, 5.250126298487244e-19, nan 
93.875, 67.875, 3.997412327282787e-19, nan 
94.125, 67.875, 1.150405270133995e-19, nan 
94.375, 67.875, 1.0103628695233597e-19, nan 
94.625, 67.875, 9.942392185377389e-20, nan 
94.875, 67.875, 1.226849798688255e-19, nan 
95.125, 67.875, 1.1023946969687945e-19, nan 
95.375, 67.875, 1.0415893914318448e-19, nan 
95.625, 67.875, 1.248346537660968e-19, nan 
95.875, 67.875, 9.423615867611779e-20, nan 
96.125, 67.875, 6.010731878917261e-20, nan 
96.375, 67.875, 6.738440438349464e-20, nan 
96.625, 67.875, 8.079529623107538e-20, nan 
96.875, 67.875, 9.888087307297915e-20, nan 
97.125, 67.875, 1.6473119590375522e-19, nan 
97.375, 67.875, 9.002173940109635e-20, nan 
97.625, 67.875, 1.9671953635996458e-20, nan 
97.875, 67.875, 1.1416118134842623e-19, nan 
98.125, 67.875, 9.535236263771465e-20, nan 
98.375, 67.875, 6.987481816144629e-20, nan 
98.625, 67.875, 2.43856737349934e-19, nan 
98.875, 67.875, 3.418264717012921e-19, nan 
99.125, 67.875, 2.0759350379283986e-19, nan 
99.375, 67.875, 7.409136680020627e-20, nan 
99.625, 67.875, 5.238146626037271e-19, nan 
99.875, 67.875, 5.132168918321664e-19, nan 
100.125, 67.875, 4.523853720284279e-19, nan 
100.375, 67.875, 6.527479104827232e-19, nan 
100.625, 67.875, 4.842580671975392e-19, nan 
100.875, 67.875, 1.3130290600950857e-18, nan 
101.125, 67.875, 2.0442029248446133e-18, nan 
101.375, 67.875, 2.229060881512084e-18, nan 
101.625, 67.875, 1.6153230918502206e-18, nan 
101.875, 67.875, 1.4321617369957585e-18, nan 
102.125, 67.875, 3.405728796823551e-18, nan 
102.375, 67.875, 1.9065321211657332e-18, nan 
102.625, 67.875, 1.2644917867050717e-18, nan 
102.875, 67.875, 1.771501257782712e-18, nan 
103.125, 67.875, 1.7178049386815993e-18, nan 
103.375, 67.875, 2.0238404086929485e-18, nan 
103.625, 67.875, 1.416235519734404e-18, nan 
103.875, 67.875, 1.2045120590723826e-18, nan 
104.125, 67.875, 7.404485196836015e-19, nan 
104.375, 67.875, 6.869741191425385e-19, nan 
104.625, 67.875, 5.7240610675009655e-19, nan 
104.875, 67.875, 3.8401007654243766e-19, nan 
105.125, 67.875, 3.0672802676948977e-19, nan 
105.375, 67.875, 2.173921921688944e-19, nan 
105.625, 67.875, 1.3773013346215838e-19, nan 
105.875, 67.875, 1.1810754070306492e-19, nan 
106.125, 67.875, 1.1572768903293068e-19, nan 
106.375, 67.875, 8.433211360678995e-20, nan 
106.625, 67.875, 5.768779041336254e-20, nan 
106.875, 67.875, 2.870895028572987e-20, nan 
107.125, 67.875, 4.03040491545227e-20, nan 
107.375, 67.875, 5.294255129606913e-20, nan 
107.625, 67.875, 4.1991625175514444e-20, nan 
107.875, 67.875, 2.2897143635759748e-20, nan 
108.125, 67.875, 2.1284637861421968e-20, nan 
108.375, 67.875, 2.9266823885002944e-20, nan 
108.625, 67.875, 1.124925412732049e-20, nan 
108.875, 67.875, 1.0001529597324545e-20, nan 
109.125, 67.875, 2.6897753985049514e-20, nan 
109.375, 67.875, 1.921594639702026e-20, nan 
109.625, 67.875, 1.736088566779951e-20, nan 
109.875, 67.875, 1.7595917867136797e-20, nan 
110.125, 67.875, 1.3283840983106392e-20, nan 
110.375, 67.875, 1.4689513500414162e-20, nan 
110.625, 67.875, 9.477385998016367e-21, nan 
110.875, 67.875, 9.462693232462195e-21, nan 
111.125, 67.875, 1.0631766295351119e-20, nan 
111.375, 67.875, 1.034659136816375e-20, nan 
111.625, 67.875, 5.895267968622013e-21, nan 
111.875, 67.875, 4.88002698729524e-21, nan 
112.125, 67.875, 7.172489450132835e-21, nan 
112.375, 67.875, 3.2607633955261584e-21, nan 
112.625, 67.875, 3.3875791962463474e-21, nan 
112.875, 67.875, 3.7308811925246685e-21, nan 
113.125, 67.875, 2.82554756411528e-21, nan 
113.375, 67.875, 4.621281604796142e-21, nan 
113.625, 67.875, 8.934350086597381e-21, nan 
113.875, 67.875, 9.508082397505839e-21, nan 
114.125, 67.875, 1.065937732677484e-20, nan 
114.375, 67.875, 9.39463676819564e-21, nan 
114.625, 67.875, 8.899876429919678e-21, nan 
114.875, 67.875, 9.527342543784033e-21, nan 
115.125, 67.875, 7.387283490908438e-21, nan 
115.375, 67.875, 5.128697989276459e-21, nan 
115.625, 67.875, 4.580138691988755e-21, nan 
115.875, 67.875, 4.9364530781188976e-21, nan 
116.125, 67.875, 4.257179869099747e-21, nan 
116.375, 67.875, 3.381475034286453e-21, nan 
116.625, 67.875, 2.9189789155590875e-21, nan 
116.875, 67.875, 2.6049920398961684e-21, nan 
117.125, 67.875, 2.954285772258849e-21, nan 
117.375, 67.875, 1.5865096376822254e-21, nan 
117.625, 67.875, 8.457462447100537e-22, nan 
117.875, 67.875, 1.0873489427134258e-21, nan 
118.125, 67.875, 2.5071637626022892e-21, nan 
118.375, 67.875, 1.5813912419026073e-21, nan 
118.625, 67.875, 1.8727129250533566e-21, nan 
118.875, 67.875, 7.593799606255565e-22, nan 
119.125, 67.875, 7.295522561961885e-22, nan 
119.375, 67.875, 5.126964697487246e-22, nan 
119.625, 67.875, 6.665461672171101e-22, nan 
119.875, 67.875, 6.431377168913801e-22, nan 
120.125, 67.875, 7.506045747437827e-22, nan 
120.375, 67.875, 7.572885923536469e-22, nan 
120.625, 67.875, 6.774523333275597e-22, nan 
120.875, 67.875, 6.458009819815647e-22, nan 
121.125, 67.875, 5.516870628249784e-22, nan 
121.375, 67.875, 6.608287795835865e-22, nan 
121.625, 67.875, 5.089798169192853e-22, nan 
121.875, 67.875, 4.324351986878417e-22, nan 
122.125, 67.875, 4.045195660501392e-22, nan 
122.375, 67.875, 2.4483724899228e-22, nan 
122.625, 67.875, 3.0893728610188397e-22, nan 
122.875, 67.875, 3.435319504231995e-22, nan 
123.125, 67.875, 4.1259616958545966e-22, nan 
123.375, 67.875, 4.896174813197402e-22, nan 
123.625, 67.875, 2.9743524644106525e-22, nan 
123.875, 67.875, 2.7280762164876836e-22, nan 
124.125, 67.875, 3.4213645580257747e-22, nan 
124.375, 67.875, 3.2702915328192526e-22, nan 
124.625, 67.875, 4.219174189321124e-22, nan 
124.875, 67.875, 3.642351932244272e-22, nan 
125.125, 67.875, 3.37022448009563e-22, nan 
125.375, 67.875, 3.5528771308086797e-22, nan 
125.625, 67.875, 3.4711634267945428e-22, nan 
125.875, 67.875, 2.8556265276084025e-22, nan 
126.125, 67.875, 2.6187352241179518e-22, nan 
126.375, 67.875, 2.6946502596362847e-22, nan 
126.625, 67.875, 2.0047287765929412e-22, nan 
126.875, 67.875, 7.181481357692221e-23, nan 
127.125, 67.875, 1.666731193741561e-22, nan 
127.375, 67.875, 2.182097799313022e-22, nan 
127.625, 67.875, 2.604237046578953e-22, nan 
127.875, 67.875, 2.0848699455526864e-22, nan 
128.125, 67.875, 2.6151695208723265e-22, nan 
128.375, 67.875, 1.0246467998972338e-22, nan 
128.625, 67.875, 1.0060834820854091e-22, nan 
128.875, 67.875, 1.602400621444917e-22, nan 
129.125, 67.875, 1.2761493786641874e-22, nan 
129.375, 67.875, 1.2208450355879807e-22, nan 
129.625, 67.875, 1.040964878831945e-22, nan 
129.875, 67.875, 1.068985422156278e-22, nan 
130.125, 67.875, 9.449325887017084e-23, nan 
130.375, 67.875, 4.569096143391678e-23, nan 
130.625, 67.875, 4.42478953808108e-23, nan 
130.875, 67.875, 4.133479013657745e-23, nan 
131.125, 67.875, 5.063805230740264e-23, nan 
131.375, 67.875, 7.596685475070295e-23, nan 
131.625, 67.875, 4.177438772607736e-23, nan 
131.875, 67.875, 7.008641008889454e-23, nan 
132.125, 67.875, 5.885078963558935e-23, nan 
132.375, 67.875, 3.2434174882380696e-23, nan 
132.625, 67.875, 3.697691616727415e-23, nan 
132.875, 67.875, 5.2077530993732766e-23, nan 
133.125, 67.875, 1.6845111609491718e-23, nan 
133.375, 67.875, 3.9303792554255867e-23, nan 
133.625, 67.875, 5.576487173514667e-23, nan 
133.875, 67.875, 3.0046964031019495e-23, nan 
134.125, 67.875, 3.903936847855026e-23, nan 
134.375, 67.875, 5.091193403448e-24, nan 
134.625, 67.875, 1.8304261713285035e-23, nan 
134.875, 67.875, 3.840535166295811e-23, nan 
135.125, 67.875, 2.2051310288884168e-23, nan 
135.375, 67.875, 2.3873793051492876e-23, nan 
135.625, 67.875, 4.1227461487558644e-23, nan 
135.875, 67.875, 3.19781233294401e-23, nan 
136.125, 67.875, 6.732256351422546e-23, nan 
136.375, 67.875, 3.541861826500278e-23, nan 
136.625, 67.875, 2.7678883772035097e-23, nan 
136.875, 67.875, 9.857814424408912e-23, nan 
137.125, 67.875, 8.739534948908018e-23, nan 
137.375, 67.875, 8.873617938001448e-23, nan 
137.625, 67.875, 1.1055522408202657e-22, nan 
137.875, 67.875, 1.2715066622234095e-22, nan 
138.125, 67.875, 1.1209961191077872e-22, nan 
138.375, 67.875, 7.362908589213023e-23, nan 
138.625, 67.875, 3.6383716124180647e-23, nan 
138.875, 67.875, 5.646958740914515e-23, nan 
139.125, 67.875, 3.6134212231387506e-23, nan 
139.375, 67.875, 2.9660574589722454e-23, nan 
139.625, 67.875, 5.225342753430289e-23, nan 
139.875, 67.875, 3.953166444841225e-23, nan 
140.125, 67.875, 2.672379203283357e-23, nan 
140.375, 67.875, 6.31365204534231e-24, nan 
140.625, 67.875, 3.068691435245242e-23, nan 
140.875, 67.875, 1.48248340659758e-23, nan 
141.125, 67.875, 6.383330142249761e-24, nan 
141.375, 67.875, 1.4813630902845975e-23, nan 
141.625, 67.875, 1.714175128312912e-23, nan 
141.875, 67.875, 2.657732043887575e-23, nan 
142.125, 67.875, 2.670549447745515e-23, nan 
142.375, 67.875, 2.6152314340373938e-23, nan 
142.625, 67.875, 2.007812774076993e-23, nan 
142.875, 67.875, 1.8862378775471838e-23, nan 
143.125, 67.875, 1.440773030515331e-23, nan 
143.375, 67.875, 1.7327214758284717e-23, nan 
143.625, 67.875, 3.087012793287014e-23, nan 
143.875, 67.875, 1.9332419129380994e-23, nan 
144.125, 67.875, 1.5300231362979516e-23, nan 
144.375, 67.875, 1.6624392087006939e-23, nan 
144.625, 67.875, 1.571069205300796e-23, nan 
144.875, 67.875, 2.432565510403624e-23, nan 
145.125, 67.875, 2.4686422929349082e-23, nan 
145.375, 67.875, 2.111581194847331e-23, nan 
145.625, 67.875, 2.8767675104226687e-23, nan 
145.875, 67.875, 2.2320039424678052e-23, nan 
146.125, 67.875, 1.4230373196425603e-23, nan 
146.375, 67.875, 1.1940630341523559e-23, nan 
146.625, 67.875, 1.2507107170174776e-23, nan 
146.875, 67.875, 1.6371997775485194e-23, nan 
147.125, 67.875, 8.346471112970136e-24, nan 
147.375, 67.875, 8.856214513129835e-24, nan 
147.625, 67.875, 1.0190016515041624e-23, nan 
147.875, 67.875, 4.8408833741229455e-24, nan 
148.125, 67.875, 5.948433479535503e-24, nan 
148.375, 67.875, 4.485393503026632e-24, nan 
148.625, 67.875, 3.1171174198324607e-24, nan 
148.875, 67.875, 4.8833725605770316e-24, nan 
149.125, 67.875, 5.702781776816723e-24, nan 
149.375, 67.875, 5.387836032125698e-24, nan 
149.625, 67.875, 5.445042940437835e-24, nan 
149.875, 67.875, 4.162739105393118e-24, nan 
150.125, 67.875, 4.9475153504851764e-24, nan 
150.375, 67.875, 5.533603970885762e-24, nan 
150.625, 67.875, 3.4582925679610205e-24, nan 
150.875, 67.875, 5.470941154673057e-24, nan 
151.125, 67.875, 4.966250843089265e-24, nan 
151.375, 67.875, 6.140088832449978e-24, nan 
151.625, 67.875, 7.56189670822369e-24, nan 
151.875, 67.875, 6.5022650355533565e-24, nan 
152.125, 67.875, 1.46065898822718e-24, nan 
152.375, 67.875, 4.758709120191587e-24, nan 
152.625, 67.875, 5.104293480934814e-24, nan 
152.875, 67.875, 1.0122192194762688e-23, nan 
153.125, 67.875, 1.4836885977853628e-23, nan 
153.375, 67.875, 7.506996743074221e-24, nan 
153.625, 67.875, 6.941569325269615e-24, nan 
153.875, 67.875, 8.8933848399824e-24, nan 
154.125, 67.875, 4.3613286793040994e-24, nan 
154.375, 67.875, 6.544954831237957e-24, nan 
154.625, 67.875, 4.9863475185569975e-24, nan 
154.875, 67.875, 4.595728735943192e-24, nan 
155.125, 67.875, 6.036617668691355e-24, nan 
155.375, 67.875, 5.4883078122748425e-24, nan 
155.625, 67.875, 5.179322477809945e-24, nan 
155.875, 67.875, 3.060922598109846e-24, nan 
156.125, 67.875, 1.7887843092109535e-24, nan 
156.375, 67.875, 1.9442469660825936e-24, nan 
156.625, 67.875, 2.8077600687646054e-24, nan 
156.875, 67.875, 4.839907924824033e-24, nan 
157.125, 67.875, 5.724690527088177e-24, nan 
157.375, 67.875, 4.5036213941048045e-24, nan 
157.625, 67.875, 6.312160274337166e-24, nan 
157.875, 67.875, 6.1120305587293185e-24, nan 
158.125, 67.875, 4.261846486411953e-24, nan 
158.375, 67.875, 4.2219298155494486e-24, nan 
158.625, 67.875, 2.6370036285280183e-24, nan 
158.875, 67.875, 1.706746604816666e-24, nan 
159.125, 67.875, 3.4281660332089e-24, nan 
159.375, 67.875, 1.3888122680989925e-24, nan 
159.625, 67.875, 2.2583138141767753e-24, nan 
159.875, 67.875, 4.4095818743145066e-24, nan 
160.125, 67.875, 3.174430709976508e-24, nan 
160.375, 67.875, 3.723177028954423e-24, nan 
160.625, 67.875, 6.625837552915095e-24, nan 
160.875, 67.875, 5.9620202888732e-24, nan 
161.125, 67.875, 4.140330143923615e-24, nan 
161.375, 67.875, 5.2590218369265424e-24, nan 
161.625, 67.875, 5.448327477584532e-24, nan 
161.875, 67.875, 3.659821443912869e-24, nan 
162.125, 67.875, 3.0907184298222286e-24, nan 
162.375, 67.875, 4.267418686937948e-24, nan 
162.625, 67.875, 5.2921595576056884e-24, nan 
162.875, 67.875, 6.298872345963435e-24, nan 
163.125, 67.875, 7.760605328741459e-24, nan 
163.375, 67.875, 5.653166675487311e-24, nan 
163.625, 67.875, 5.53752596915704e-24, nan 
163.875, 67.875, 2.6881922767536662e-24, nan 
164.125, 67.875, 1.6665348170937963e-24, nan 
164.375, 67.875, 1.098507533621256e-24, nan 
164.625, 67.875, 2.39085463369146e-24, nan 
164.875, 67.875, 2.8713368396191803e-24, nan 
165.125, 67.875, 2.6384699261581816e-24, nan 
165.375, 67.875, 1.846882529843707e-24, nan 
165.625, 67.875, 2.3992901516298884e-24, nan 
165.875, 67.875, 2.065973762284777e-24, nan 
166.125, 67.875, 2.029427957573313e-24, nan 
166.375, 67.875, 1.1333525609184654e-24, nan 
166.625, 67.875, 1.2240346591600467e-24, nan 
166.875, 67.875, 1.1683295007427677e-24, nan 
167.125, 67.875, 7.734866842620964e-25, nan 
167.375, 67.875, 2.0368624602041574e-24, nan 
167.625, 67.875, 1.87609413775387e-24, nan 
167.875, 67.875, 2.4131833098948607e-24, nan 
168.125, 67.875, 2.5692477444480158e-24, nan 
168.375, 67.875, 2.47419508774366e-24, nan 
168.625, 67.875, 4.140018036810744e-24, nan 
168.875, 67.875, 2.695247270254729e-24, nan 
169.125, 67.875, 2.6522706696780937e-24, nan 
169.375, 67.875, 2.4494267959631855e-24, nan 
169.625, 67.875, 1.66508495645287e-24, nan 
169.875, 67.875, 1.639153891472529e-24, nan 
170.125, 67.875, 8.91832812153667e-25, nan 
170.375, 67.875, 1.3352559051254453e-24, nan 
32.125, 68.125, 2.107761675276245e-24, nan 
32.375, 68.125, 1.8896589343684244e-24, nan 
32.625, 68.125, 2.833703847550667e-24, nan 
32.875, 68.125, 2.690173386132414e-24, nan 
33.125, 68.125, 2.6861382021102686e-24, nan 
33.375, 68.125, 3.2022732948562158e-24, nan 
33.625, 68.125, 3.1412849216627505e-24, nan 
33.875, 68.125, 2.501462562684461e-24, nan 
34.125, 68.125, 2.499242145634097e-24, nan 
34.375, 68.125, 2.6261560237044e-24, nan 
34.625, 68.125, 2.9365239938243747e-24, nan 
34.875, 68.125, 2.3113733282790777e-24, nan 
35.125, 68.125, 2.0467753073659065e-24, nan 
35.375, 68.125, 1.6096951017209638e-24, nan 
35.625, 68.125, 1.9776944786204778e-24, nan 
35.875, 68.125, 2.108024486462834e-24, nan 
36.125, 68.125, 2.4370469966501803e-24, nan 
36.375, 68.125, 1.9739764143378317e-24, nan 
36.625, 68.125, 1.8055247230618658e-24, nan 
36.875, 68.125, 1.9109079700826063e-24, nan 
37.125, 68.125, 1.7435064346482698e-24, nan 
37.375, 68.125, 1.1894518143606996e-24, nan 
37.625, 68.125, 1.6139701310009946e-24, nan 
37.875, 68.125, 1.3975718868693681e-24, nan 
38.125, 68.125, 1.4213602862145311e-24, nan 
38.375, 68.125, 1.4792958304563322e-24, nan 
38.625, 68.125, 1.6358198847403146e-24, nan 
38.875, 68.125, 1.1869403709842904e-24, nan 
39.125, 68.125, 2.124679391363942e-24, nan 
39.375, 68.125, 1.1869049161422748e-24, nan 
39.625, 68.125, 3.599698719989219e-24, nan 
39.875, 68.125, 3.1149260960837583e-24, nan 
40.125, 68.125, 3.046407820362396e-24, nan 
40.375, 68.125, 3.513703493076801e-24, nan 
40.625, 68.125, 2.8283117020463612e-24, nan 
40.875, 68.125, 2.540826080922343e-24, nan 
41.125, 68.125, 1.2832166087351387e-24, nan 
41.375, 68.125, 8.512444079489966e-25, nan 
41.625, 68.125, 1.864633500385008e-24, nan 
41.875, 68.125, 1.6706699044767804e-24, nan 
42.125, 68.125, 1.5143160857657243e-24, nan 
42.375, 68.125, 1.9261323386388634e-24, nan 
42.625, 68.125, 2.187689862127152e-24, nan 
42.875, 68.125, 2.727361748812415e-24, nan 
43.125, 68.125, 1.1195536693306652e-24, nan 
43.375, 68.125, 2.451557554998691e-24, nan 
43.625, 68.125, 2.9579971072616754e-24, nan 
43.875, 68.125, 1.162597868014596e-24, nan 
44.125, 68.125, 2.4075843503812403e-24, nan 
44.375, 68.125, 2.5649826257141296e-24, nan 
44.625, 68.125, 1.1531213764006885e-24, nan 
44.875, 68.125, 8.843070418511593e-25, nan 
45.125, 68.125, 3.495165358780309e-24, nan 
45.375, 68.125, 2.781958259191651e-24, nan 
45.625, 68.125, 3.993130343789713e-24, nan 
45.875, 68.125, 4.4019340182247995e-24, nan 
46.125, 68.125, 4.0617811621534555e-24, nan 
46.375, 68.125, 4.8177575801192376e-24, nan 
46.625, 68.125, 5.561089619171731e-24, nan 
46.875, 68.125, 4.0111123620452465e-24, nan 
47.125, 68.125, 2.2917998145181597e-24, nan 
47.375, 68.125, 1.7242265822398186e-24, nan 
47.625, 68.125, 1.9538617366240426e-24, nan 
47.875, 68.125, 2.7689844580869637e-24, nan 
48.125, 68.125, 1.067775484160438e-24, nan 
48.375, 68.125, 1.6262867627791862e-24, nan 
48.625, 68.125, 2.514651174652679e-24, nan 
48.875, 68.125, 2.9712290452749413e-24, nan 
49.125, 68.125, 3.964495696341492e-24, nan 
49.375, 68.125, 5.105885120107914e-24, nan 
49.625, 68.125, 4.784285132771945e-24, nan 
49.875, 68.125, 4.831420315099278e-24, nan 
50.125, 68.125, 6.664410710894866e-24, nan 
50.375, 68.125, 7.729157623569497e-24, nan 
50.625, 68.125, 7.495781886263566e-24, nan 
50.875, 68.125, 4.637532906848301e-24, nan 
51.125, 68.125, 5.555493383304155e-24, nan 
51.375, 68.125, 7.498327826850067e-24, nan 
51.625, 68.125, 9.056764854185786e-24, nan 
51.875, 68.125, 6.358926006718874e-24, nan 
52.125, 68.125, 7.395666640221407e-24, nan 
52.375, 68.125, 5.1067274307290575e-24, nan 
52.625, 68.125, 8.333413702889825e-24, nan 
52.875, 68.125, 8.898221649401438e-24, nan 
53.125, 68.125, 3.6141821325282594e-24, nan 
53.375, 68.125, 1.0958746566660769e-23, nan 
53.625, 68.125, 1.3686578957289012e-23, nan 
53.875, 68.125, 7.775846838582251e-24, nan 
54.125, 68.125, 8.773392762489585e-24, nan 
54.375, 68.125, 1.1109748721063245e-23, nan 
54.625, 68.125, 7.266610378419549e-24, nan 
54.875, 68.125, 6.161944407171024e-24, nan 
55.125, 68.125, 9.782309185831454e-24, nan 
55.375, 68.125, 2.5641475870352517e-24, nan 
55.625, 68.125, 3.085563935604898e-24, nan 
55.875, 68.125, 6.741237531049443e-24, nan 
56.125, 68.125, 4.193303174474424e-24, nan 
56.375, 68.125, 1.97281727132892e-24, nan 
56.625, 68.125, 9.588564453739472e-24, nan 
56.875, 68.125, 1.1720178167119223e-23, nan 
57.125, 68.125, 1.239443066223805e-23, nan 
57.375, 68.125, 2.60526460547733e-23, nan 
57.625, 68.125, 2.5338379072768402e-23, nan 
57.875, 68.125, 1.5636413613569086e-23, nan 
58.125, 68.125, 1.361140370287092e-23, nan 
58.375, 68.125, 5.9758661656095985e-24, nan 
58.625, 68.125, 9.62753687620094e-24, nan 
58.875, 68.125, 1.1826274081073128e-23, nan 
59.125, 68.125, 1.6473732220901433e-23, nan 
59.375, 68.125, 2.7462633166613743e-23, nan 
59.625, 68.125, 3.101400100764222e-23, nan 
59.875, 68.125, 3.9858458161435896e-23, nan 
60.125, 68.125, 3.493167354165124e-23, nan 
60.375, 68.125, 3.2992201657781433e-23, nan 
60.625, 68.125, 8.125260187868124e-23, nan 
60.875, 68.125, 8.222881655988845e-23, nan 
61.125, 68.125, 3.2015979269711694e-23, nan 
61.375, 68.125, 5.1529573363536346e-23, nan 
61.625, 68.125, 5.391403848190103e-23, nan 
61.875, 68.125, 2.5556617344373567e-23, nan 
62.125, 68.125, 1.521131382904953e-23, nan 
62.375, 68.125, 2.4187472121130322e-23, nan 
62.625, 68.125, 1.8691413807857672e-23, nan 
62.875, 68.125, 1.4147189212657474e-23, nan 
63.125, 68.125, 1.8464516951087704e-23, nan 
63.375, 68.125, 1.6706773098597255e-23, nan 
63.625, 68.125, 1.1682552544985984e-23, nan 
63.875, 68.125, 1.6212188672033798e-23, nan 
64.125, 68.125, 1.7452655527386962e-23, nan 
64.375, 68.125, 1.3607798262463096e-23, nan 
64.625, 68.125, 1.409000122781659e-23, nan 
64.875, 68.125, 2.2727816876612323e-23, nan 
65.125, 68.125, 2.781664400059837e-23, nan 
65.375, 68.125, 2.926997112405538e-23, nan 
65.625, 68.125, 2.6610936221210926e-23, nan 
65.875, 68.125, 3.2640685351072013e-23, nan 
66.125, 68.125, 3.1642006522432676e-23, nan 
66.375, 68.125, 2.5943138400986042e-23, nan 
66.625, 68.125, 2.641463933405265e-23, nan 
66.875, 68.125, 2.6809115200483544e-23, nan 
67.125, 68.125, 3.5747591818425965e-23, nan 
67.375, 68.125, 2.5746224885776682e-23, nan 
67.625, 68.125, 2.862980071646255e-23, nan 
67.875, 68.125, 3.3007077813273717e-23, nan 
68.125, 68.125, 5.42700072769049e-23, nan 
68.375, 68.125, 7.340131072137141e-23, nan 
68.625, 68.125, 5.839982928728587e-23, nan 
68.875, 68.125, 4.556268265679983e-23, nan 
69.125, 68.125, 6.308301078922236e-23, nan 
69.375, 68.125, 5.737549472925555e-23, nan 
69.625, 68.125, 2.9262791363492735e-23, nan 
69.875, 68.125, 2.5736149572178427e-23, nan 
70.125, 68.125, 4.6836639770525966e-23, nan 
70.375, 68.125, 5.974198665573972e-23, nan 
70.625, 68.125, 5.945699015514812e-23, nan 
70.875, 68.125, 7.155043093735818e-23, nan 
71.125, 68.125, 9.002614649016491e-23, nan 
71.375, 68.125, 9.766881315162412e-23, nan 
71.625, 68.125, 5.66039382240323e-23, nan 
71.875, 68.125, 5.657968726665626e-23, nan 
72.125, 68.125, 9.57931953908259e-23, nan 
72.375, 68.125, 8.485479588083991e-23, nan 
72.625, 68.125, 4.2487063761978065e-23, nan 
72.875, 68.125, 6.79329399136272e-23, nan 
73.125, 68.125, 1.154748145892805e-22, nan 
73.375, 68.125, 4.265137875426652e-23, nan 
73.625, 68.125, 8.344204437484916e-23, nan 
73.875, 68.125, 7.290773570535589e-23, nan 
74.125, 68.125, 8.359203537727782e-23, nan 
74.375, 68.125, 5.777215402302608e-23, nan 
74.625, 68.125, 1.0790567981048014e-22, nan 
74.875, 68.125, 1.0286216948744904e-22, nan 
75.125, 68.125, 1.8407218715278808e-22, nan 
75.375, 68.125, 1.7168191412211493e-22, nan 
75.625, 68.125, 2.127901917939189e-22, nan 
75.875, 68.125, 1.596121299873152e-22, nan 
76.125, 68.125, 1.3645283321966031e-22, nan 
76.375, 68.125, 1.0307988369307487e-22, nan 
76.625, 68.125, 1.4130511970435226e-22, nan 
76.875, 68.125, 1.1373344621709094e-22, nan 
77.125, 68.125, 1.0682493531223756e-22, nan 
77.375, 68.125, 1.4939116262372513e-22, nan 
77.625, 68.125, 2.1361864197157005e-22, nan 
77.875, 68.125, 4.0669324988113115e-22, nan 
78.125, 68.125, 5.987801237409547e-22, nan 
78.375, 68.125, 8.771317952017775e-22, nan 
78.625, 68.125, 8.679627983421392e-22, nan 
78.875, 68.125, 6.914048529076664e-22, nan 
79.125, 68.125, 6.727763003785314e-22, nan 
79.375, 68.125, 8.670889312966408e-22, nan 
79.625, 68.125, 7.675459481191156e-22, nan 
79.875, 68.125, 1.8139225884601128e-22, nan 
80.125, 68.125, 2.5585077984838615e-22, nan 
80.375, 68.125, 1.9659750190892595e-22, nan 
80.625, 68.125, 1.8266147404542518e-22, nan 
80.875, 68.125, 2.7712294860592717e-22, nan 
81.125, 68.125, 1.2629906835905812e-22, nan 
81.375, 68.125, 1.2566750849674924e-22, nan 
81.625, 68.125, 1.5539533757617397e-22, nan 
81.875, 68.125, 3.469298345759514e-22, nan 
82.125, 68.125, 3.9294686754184457e-22, nan 
82.375, 68.125, 5.171664112832987e-22, nan 
82.625, 68.125, 6.2248380500579075e-22, nan 
82.875, 68.125, 5.451802520700825e-22, nan 
83.125, 68.125, 6.168433150519616e-22, nan 
83.375, 68.125, 6.4082688534496855e-22, nan 
83.625, 68.125, 1.107702101753008e-21, nan 
83.875, 68.125, 8.929935845892876e-22, nan 
84.125, 68.125, 1.6997473694617997e-22, nan 
84.375, 68.125, 6.8506125707209435e-22, nan 
84.625, 68.125, 7.729244270875216e-22, nan 
84.875, 68.125, 9.793580300868747e-22, nan 
85.125, 68.125, 3.0181859341087786e-21, nan 
85.375, 68.125, 2.631681141152114e-21, nan 
85.625, 68.125, 2.1572918625310648e-21, nan 
85.875, 68.125, 2.326365841564699e-21, nan 
86.125, 68.125, 2.6342476617117714e-21, nan 
86.375, 68.125, 2.610317068173024e-21, nan 
86.625, 68.125, 2.1165093691639847e-21, nan 
86.875, 68.125, 2.9419371258667757e-21, nan 
87.125, 68.125, 4.0969726092721244e-22, nan 
87.375, 68.125, 3.334542670577657e-21, nan 
87.625, 68.125, 3.897524388242912e-21, nan 
87.875, 68.125, 2.8190927256147264e-21, nan 
88.125, 68.125, 3.1886045950947303e-21, nan 
88.375, 68.125, 5.145896761552821e-21, nan 
88.625, 68.125, 4.660224829961516e-21, nan 
88.875, 68.125, 3.249698191347777e-21, nan 
89.125, 68.125, 4.838210215920413e-21, nan 
89.375, 68.125, 3.1421970984587487e-21, nan 
89.625, 68.125, 3.3224740122467327e-21, nan 
89.875, 68.125, 3.977575090750626e-21, nan 
90.125, 68.125, 4.607735484835187e-21, nan 
90.375, 68.125, 3.590464384243799e-21, nan 
90.625, 68.125, 2.6344790918250586e-21, nan 
90.875, 68.125, 6.85717796815924e-21, nan 
91.125, 68.125, 4.903686418969983e-21, nan 
91.375, 68.125, 9.28259725775852e-21, nan 
91.625, 68.125, 2.4505646546750286e-20, nan 
91.875, 68.125, 1.9691773349319916e-20, nan 
92.125, 68.125, 7.836217378227071e-20, nan 
92.375, 68.125, 1.3104832161661586e-19, nan 
92.625, 68.125, 4.662255859868425e-19, nan 
92.875, 68.125, 5.980658075810138e-19, nan 
93.125, 68.125, 4.48136715449474e-19, nan 
93.375, 68.125, 7.801905255110569e-20, nan 
93.625, 68.125, 5.1415809341735e-20, nan 
93.875, 68.125, 7.075460812768022e-20, nan 
94.125, 68.125, 8.477309458390286e-20, nan 
94.375, 68.125, 8.821131571220161e-20, nan 
94.625, 68.125, 8.851477756112113e-20, nan 
94.875, 68.125, 8.068361397553744e-20, nan 
95.125, 68.125, 6.702699267897327e-20, nan 
95.375, 68.125, 6.908681729914512e-20, nan 
95.625, 68.125, 7.023239769150877e-20, nan 
95.875, 68.125, 5.474304322558321e-20, nan 
96.125, 68.125, 3.2072684628272164e-20, nan 
96.375, 68.125, 1.2051794717648799e-19, nan 
96.625, 68.125, 1.6381978316874104e-19, nan 
96.875, 68.125, 1.2848442142300396e-19, nan 
97.125, 68.125, 1.7185138176754425e-19, nan 
97.375, 68.125, 1.222427011524277e-19, nan 
97.625, 68.125, 1.2423956949701018e-19, nan 
97.875, 68.125, 2.0517955044467513e-19, nan 
98.125, 68.125, 1.3209805144406644e-19, nan 
98.375, 68.125, 9.468375143169002e-20, nan 
98.625, 68.125, 3.9515232667313267e-19, nan 
98.875, 68.125, 5.859992573590846e-19, nan 
99.125, 68.125, 5.065357470459757e-19, nan 
99.375, 68.125, 4.63244805437059e-19, nan 
99.625, 68.125, 1.1027367818816764e-18, nan 
99.875, 68.125, 1.0719467457768246e-18, nan 
100.125, 68.125, 7.881622123186668e-19, nan 
100.375, 68.125, 1.029084899530017e-18, nan 
100.625, 68.125, 1.355473650929949e-18, nan 
100.875, 68.125, 1.7598130402716133e-18, nan 
101.125, 68.125, 2.8995445547689495e-18, nan 
101.375, 68.125, 3.3990443397830666e-18, nan 
101.625, 68.125, 2.6856280188588867e-18, nan 
101.875, 68.125, 3.3367493740319857e-18, nan 
102.125, 68.125, 4.202267804324685e-18, nan 
102.375, 68.125, 3.2230809869003475e-18, nan 
102.625, 68.125, 3.476076536075887e-18, nan 
102.875, 68.125, 1.7244913209575652e-18, nan 
103.125, 68.125, 2.0317401374404825e-18, nan 
103.375, 68.125, 3.968027711385838e-18, nan 
103.625, 68.125, 2.2896803792454822e-18, nan 
103.875, 68.125, 1.4342740039195553e-18, nan 
104.125, 68.125, 1.4412761709072112e-18, nan 
104.375, 68.125, 1.220122510241878e-18, nan 
104.625, 68.125, 6.581501835953509e-19, nan 
104.875, 68.125, 5.242975414146908e-19, nan 
105.125, 68.125, 4.451882443816988e-19, nan 
105.375, 68.125, 2.7552860526367307e-19, nan 
105.625, 68.125, 2.1014457992401643e-19, nan 
105.875, 68.125, 1.7883260165731574e-19, nan 
106.125, 68.125, 1.340529763150553e-19, nan 
106.375, 68.125, 1.0361679484636204e-19, nan 
106.625, 68.125, 9.729328776233496e-20, nan 
106.875, 68.125, 5.795546475333174e-20, nan 
107.125, 68.125, 5.203031103455933e-20, nan 
107.375, 68.125, 6.685926417662283e-20, nan 
107.625, 68.125, 4.266775493435193e-20, nan 
107.875, 68.125, 1.999573990492526e-20, nan 
108.125, 68.125, 2.4795235064062113e-20, nan 
108.375, 68.125, 3.395873756166255e-20, nan 
108.625, 68.125, 1.958695146752334e-20, nan 
108.875, 68.125, 1.9339731239351213e-20, nan 
109.125, 68.125, 2.7937617359699585e-20, nan 
109.375, 68.125, 2.0948851194659052e-20, nan 
109.625, 68.125, 1.8827365242713867e-20, nan 
109.875, 68.125, 1.6154461527222645e-20, nan 
110.125, 68.125, 1.085386212608361e-20, nan 
110.375, 68.125, 1.0118658549883208e-20, nan 
110.625, 68.125, 6.029271504263228e-21, nan 
110.875, 68.125, 6.0406970863927674e-21, nan 
111.125, 68.125, 8.67902059478622e-21, nan 
111.375, 68.125, 5.319100413667981e-21, nan 
111.625, 68.125, 5.486955044824732e-21, nan 
111.875, 68.125, 6.5370760858439174e-21, nan 
112.125, 68.125, 8.109526027900798e-21, nan 
112.375, 68.125, 8.848427293329913e-21, nan 
112.625, 68.125, 7.770653873558897e-21, nan 
112.875, 68.125, 1.0696265612343307e-20, nan 
113.125, 68.125, 2.287343344855451e-20, nan 
113.375, 68.125, 2.268643464928579e-20, nan 
113.625, 68.125, 1.8575703112500022e-20, nan 
113.875, 68.125, 1.3658709000699693e-20, nan 
114.125, 68.125, 1.3154120369011507e-20, nan 
114.375, 68.125, 1.0140769338794514e-20, nan 
114.625, 68.125, 9.180979854517289e-21, nan 
114.875, 68.125, 1.1476346337904099e-20, nan 
115.125, 68.125, 9.57881955464348e-21, nan 
115.375, 68.125, 6.161867469168775e-21, nan 
115.625, 68.125, 4.865786557586716e-21, nan 
115.875, 68.125, 4.8149283189472415e-21, nan 
116.125, 68.125, 4.558228840954861e-21, nan 
116.375, 68.125, 3.668670784697581e-21, nan 
116.625, 68.125, 3.806694006073786e-21, nan 
116.875, 68.125, 4.059047535996849e-21, nan 
117.125, 68.125, 3.096553215091115e-21, nan 
117.375, 68.125, 1.912271320822752e-21, nan 
117.625, 68.125, 2.018233240947866e-21, nan 
117.875, 68.125, 2.6738221723349406e-21, nan 
118.125, 68.125, 1.9107554994700572e-21, nan 
118.375, 68.125, 9.119595050174968e-22, nan 
118.625, 68.125, 1.6308477072179606e-21, nan 
118.875, 68.125, 1.0011555404446117e-21, nan 
119.125, 68.125, 9.39639245246842e-22, nan 
119.375, 68.125, 9.182624971531097e-22, nan 
119.625, 68.125, 7.590740001861364e-22, nan 
119.875, 68.125, 9.253019775335568e-22, nan 
120.125, 68.125, 4.390921295419887e-22, nan 
120.375, 68.125, 4.901696962691941e-22, nan 
120.625, 68.125, 6.2924341958672e-22, nan 
120.875, 68.125, 8.207934417225279e-22, nan 
121.125, 68.125, 8.126437758799778e-22, nan 
121.375, 68.125, 8.174732819954696e-22, nan 
121.625, 68.125, 6.833394509400331e-22, nan 
121.875, 68.125, 5.226266929360949e-22, nan 
122.125, 68.125, 5.021768180221143e-22, nan 
122.375, 68.125, 4.13000653941096e-22, nan 
122.625, 68.125, 6.204528235367638e-22, nan 
122.875, 68.125, 4.089300722749206e-22, nan 
123.125, 68.125, 3.319870611904578e-22, nan 
123.375, 68.125, 6.59353477609869e-22, nan 
123.625, 68.125, 3.5183553304144567e-22, nan 
123.875, 68.125, 1.9304124652076036e-22, nan 
124.125, 68.125, 4.286364229123039e-22, nan 
124.375, 68.125, 3.3499704073108067e-22, nan 
124.625, 68.125, 3.0857388844386015e-22, nan 
124.875, 68.125, 3.6082388376015427e-22, nan 
125.125, 68.125, 2.319480765253976e-22, nan 
125.375, 68.125, 2.1358897169272304e-22, nan 
125.625, 68.125, 1.5927633252487002e-22, nan 
125.875, 68.125, 1.6249784914907352e-22, nan 
126.125, 68.125, 2.6664107205198896e-22, nan 
126.375, 68.125, 2.694360308164662e-22, nan 
126.625, 68.125, 2.971202336801141e-22, nan 
126.875, 68.125, 5.8909227137217805e-22, nan 
127.125, 68.125, 3.8967191603028405e-22, nan 
127.375, 68.125, 1.8889739031248022e-22, nan 
127.625, 68.125, 3.7742451787166877e-22, nan 
127.875, 68.125, 2.771574083517605e-22, nan 
128.125, 68.125, 1.1810837452057018e-22, nan 
128.375, 68.125, 1.5821204796036484e-22, nan 
128.625, 68.125, 1.6013273540018958e-22, nan 
128.875, 68.125, 1.2023713152907338e-22, nan 
129.125, 68.125, 1.1964263781144542e-22, nan 
129.375, 68.125, 9.750097466143367e-23, nan 
129.625, 68.125, 1.0710420893614423e-22, nan 
129.875, 68.125, 1.111910054343805e-22, nan 
130.125, 68.125, 1.0230408084472532e-22, nan 
130.375, 68.125, 7.364974770024014e-23, nan 
130.625, 68.125, 7.787816338759113e-23, nan 
130.875, 68.125, 7.42495000780863e-23, nan 
131.125, 68.125, 4.5901308276707526e-23, nan 
131.375, 68.125, 7.861438186677367e-23, nan 
131.625, 68.125, 1.0944385438815246e-22, nan 
131.875, 68.125, 5.191432590010936e-23, nan 
132.125, 68.125, 5.423265790836838e-23, nan 
132.375, 68.125, 8.953278239048402e-23, nan 
132.625, 68.125, 6.413200449407954e-23, nan 
132.875, 68.125, 3.256086741400713e-23, nan 
133.125, 68.125, 2.688332762875295e-23, nan 
133.375, 68.125, 3.438750277612381e-23, nan 
133.625, 68.125, 6.172582679802423e-23, nan 
133.875, 68.125, 4.078199596258949e-23, nan 
134.125, 68.125, 3.381060697203893e-23, nan 
134.375, 68.125, 5.514943151471301e-23, nan 
134.625, 68.125, 5.76969031117899e-23, nan 
134.875, 68.125, 4.432803057931409e-23, nan 
135.125, 68.125, 5.0561271123537364e-23, nan 
135.375, 68.125, 6.477949887998201e-23, nan 
135.625, 68.125, 8.30376495428778e-23, nan 
135.875, 68.125, 5.376163230721776e-23, nan 
136.125, 68.125, 3.120115918887457e-23, nan 
136.375, 68.125, 6.658067511438469e-23, nan 
136.625, 68.125, 1.4619244577064414e-22, nan 
136.875, 68.125, 1.5419960904435437e-22, nan 
137.125, 68.125, 1.4135984265597451e-22, nan 
137.375, 68.125, 1.3569173305826653e-22, nan 
137.625, 68.125, 1.407673253428484e-22, nan 
137.875, 68.125, 1.5631252841748038e-22, nan 
138.125, 68.125, 1.3045654937443256e-22, nan 
138.375, 68.125, 1.0261745971700623e-22, nan 
138.625, 68.125, 1.0373910582406875e-22, nan 
138.875, 68.125, 9.342828846972965e-23, nan 
139.125, 68.125, 7.200259401736474e-23, nan 
139.375, 68.125, 2.2163220148991074e-23, nan 
139.625, 68.125, 4.861732381122437e-23, nan 
139.875, 68.125, 3.2218494680875344e-23, nan 
140.125, 68.125, 3.078148172706779e-23, nan 
140.375, 68.125, 3.2467638871459324e-23, nan 
140.625, 68.125, 3.738109604826739e-23, nan 
140.875, 68.125, 3.8275718305194994e-23, nan 
141.125, 68.125, 3.440798618993824e-23, nan 
141.375, 68.125, 2.9340236519561115e-23, nan 
141.625, 68.125, 2.826086163388015e-23, nan 
141.875, 68.125, 3.4338185785788424e-23, nan 
142.125, 68.125, 2.839795178366324e-23, nan 
142.375, 68.125, 2.1160402618403815e-23, nan 
142.625, 68.125, 6.628506403215696e-24, nan 
142.875, 68.125, 2.3803649126231193e-23, nan 
143.125, 68.125, 2.3457874027667233e-23, nan 
143.375, 68.125, 1.9244326373484007e-23, nan 
143.625, 68.125, 4.9060270300134366e-23, nan 
143.875, 68.125, 3.42987240573374e-23, nan 
144.125, 68.125, 9.18835583214517e-24, nan 
144.375, 68.125, 1.7087264432764573e-23, nan 
144.625, 68.125, 1.4788052976065548e-23, nan 
144.875, 68.125, 1.897537874276531e-23, nan 
145.125, 68.125, 1.5627360112414135e-23, nan 
145.375, 68.125, 1.3410313634118235e-23, nan 
145.625, 68.125, 1.4375304662762957e-23, nan 
145.875, 68.125, 1.0195881442333365e-23, nan 
146.125, 68.125, 9.273386591538142e-24, nan 
146.375, 68.125, 4.169657748037487e-24, nan 
146.625, 68.125, 9.13273559615537e-24, nan 
146.875, 68.125, 7.355727014063112e-24, nan 
147.125, 68.125, 9.121031667373184e-24, nan 
147.375, 68.125, 9.74242336227235e-24, nan 
147.625, 68.125, 8.577373102401885e-24, nan 
147.875, 68.125, 9.781103322316738e-24, nan 
148.125, 68.125, 4.454710915259815e-24, nan 
148.375, 68.125, 2.739751964905383e-24, nan 
148.625, 68.125, 4.056454796452756e-24, nan 
148.875, 68.125, 3.742044365491827e-24, nan 
149.125, 68.125, 3.608572157396781e-24, nan 
149.375, 68.125, 8.654166895603733e-24, nan 
149.625, 68.125, 5.768164754024233e-24, nan 
149.875, 68.125, 3.744926442007226e-24, nan 
150.125, 68.125, 7.648156722077036e-24, nan 
150.375, 68.125, 1.0399670468616578e-23, nan 
150.625, 68.125, 1.0336997964953115e-23, nan 
150.875, 68.125, 9.960092844679603e-24, nan 
151.125, 68.125, 1.5662430623252764e-23, nan 
151.375, 68.125, 1.5708676228019206e-23, nan 
151.625, 68.125, 8.665369529677759e-24, nan 
151.875, 68.125, 1.1322687996669847e-23, nan 
152.125, 68.125, 8.632004172363598e-24, nan 
152.375, 68.125, 7.360487108305287e-24, nan 
152.625, 68.125, 1.0768565888368065e-23, nan 
152.875, 68.125, 1.052147388605786e-23, nan 
153.125, 68.125, 1.2636041417944784e-23, nan 
153.375, 68.125, 9.492146000251063e-24, nan 
153.625, 68.125, 4.101055316551522e-24, nan 
153.875, 68.125, 2.8070682905961577e-24, nan 
154.125, 68.125, 3.501786044074452e-24, nan 
154.375, 68.125, 5.4480288346894376e-24, nan 
154.625, 68.125, 5.698788758910206e-24, nan 
154.875, 68.125, 5.45141927178378e-24, nan 
155.125, 68.125, 4.422841113706518e-24, nan 
155.375, 68.125, 5.466847743615795e-24, nan 
155.625, 68.125, 5.778419681737611e-24, nan 
155.875, 68.125, 3.7128515596309865e-24, nan 
156.125, 68.125, 3.5296689044555945e-24, nan 
156.375, 68.125, 3.779814408757345e-24, nan 
156.625, 68.125, 3.746053473595314e-24, nan 
156.875, 68.125, 4.452636294696848e-24, nan 
157.125, 68.125, 4.863959078791767e-24, nan 
157.375, 68.125, 4.2530021246204285e-24, nan 
157.625, 68.125, 5.215126242705824e-24, nan 
157.875, 68.125, 3.737263594379391e-24, nan 
158.125, 68.125, 4.2257505654321425e-24, nan 
158.375, 68.125, 4.310337034502097e-24, nan 
158.625, 68.125, 3.5481722637602e-24, nan 
158.875, 68.125, 2.1832183346835133e-24, nan 
159.125, 68.125, 4.167871776337351e-24, nan 
159.375, 68.125, 5.277307352191712e-24, nan 
159.625, 68.125, 4.629020611533006e-24, nan 
159.875, 68.125, 5.707314419802066e-24, nan 
160.125, 68.125, 5.84810642463508e-24, nan 
160.375, 68.125, 4.738017434552999e-24, nan 
160.625, 68.125, 7.881629106864055e-24, nan 
160.875, 68.125, 8.534781195818524e-24, nan 
161.125, 68.125, 5.6501690670405096e-24, nan 
161.375, 68.125, 6.6009470136561595e-24, nan 
161.625, 68.125, 7.347259155819357e-24, nan 
161.875, 68.125, 5.087543527229255e-24, nan 
162.125, 68.125, 2.749257749983164e-24, nan 
162.375, 68.125, 1.6639154811633476e-24, nan 
162.625, 68.125, 2.2487422269267265e-24, nan 
162.875, 68.125, 2.2894719978962866e-24, nan 
163.125, 68.125, 2.1624391001974053e-24, nan 
163.375, 68.125, 1.8706487325528827e-24, nan 
163.625, 68.125, 2.990543911028043e-24, nan 
163.875, 68.125, 1.5583619094262782e-24, nan 
164.125, 68.125, 2.1001645952584615e-24, nan 
164.375, 68.125, 2.2790404715366615e-24, nan 
164.625, 68.125, 1.8267173662299153e-24, nan 
164.875, 68.125, 2.922081088029444e-24, nan 
165.125, 68.125, 2.3666520779723168e-24, nan 
165.375, 68.125, 1.4104320163543039e-24, nan 
165.625, 68.125, 1.7186327857102114e-24, nan 
165.875, 68.125, 1.8618190093068847e-24, nan 
166.125, 68.125, 3.168825509266542e-24, nan 
166.375, 68.125, 4.19301388728656e-24, nan 
166.625, 68.125, 3.793053491646289e-24, nan 
166.875, 68.125, 3.6966114066714814e-24, nan 
167.125, 68.125, 2.4042411178989363e-24, nan 
167.375, 68.125, 1.1607846821469726e-24, nan 
167.625, 68.125, 1.7924486336056064e-24, nan 
167.875, 68.125, 1.898886031476314e-24, nan 
168.125, 68.125, 2.903331529061294e-24, nan 
168.375, 68.125, 3.738477000908879e-24, nan 
168.625, 68.125, 3.6557219415450265e-24, nan 
168.875, 68.125, 3.3201541613845186e-24, nan 
169.125, 68.125, 3.329196641999025e-24, nan 
169.375, 68.125, 2.975504249151572e-24, nan 
169.625, 68.125, 2.3345726984024014e-24, nan 
169.875, 68.125, 2.05502369600408e-24, nan 
170.125, 68.125, 2.2769387518071445e-24, nan 
170.375, 68.125, 1.668258673938948e-24, nan 
170.625, 68.125, 1.2002077368140373e-24, nan 
31.625, 68.375, 1.217161731447579e-24, nan 
31.875, 68.375, 1.6947291717310833e-24, nan 
32.125, 68.375, 1.668848103563573e-24, nan 
32.375, 68.375, 1.4492459270357004e-24, nan 
32.625, 68.375, 1.564806036644686e-24, nan 
32.875, 68.375, 1.629706574864481e-24, nan 
33.125, 68.375, 1.911782031016178e-24, nan 
33.375, 68.375, 2.39137648581863e-24, nan 
33.625, 68.375, 3.1632458934080364e-24, nan 
33.875, 68.375, 2.5027896480527946e-24, nan 
34.125, 68.375, 2.4942286152912496e-24, nan 
34.375, 68.375, 2.8344616036683856e-24, nan 
34.625, 68.375, 2.417055834516802e-24, nan 
34.875, 68.375, 2.292997877895748e-24, nan 
35.125, 68.375, 1.6072986218815198e-24, nan 
35.375, 68.375, 1.2026357286554648e-24, nan 
35.625, 68.375, 1.781145045646744e-24, nan 
35.875, 68.375, 1.5692771585321971e-24, nan 
36.125, 68.375, 1.5459524612978242e-24, nan 
36.375, 68.375, 1.5495047247842974e-24, nan 
36.625, 68.375, 1.623345955196516e-24, nan 
36.875, 68.375, 1.3818467594170726e-24, nan 
37.125, 68.375, 1.3242922142586322e-24, nan 
37.375, 68.375, 1.4269359963331392e-24, nan 
37.625, 68.375, 1.0263534522689482e-24, nan 
37.875, 68.375, 9.321407407361714e-25, nan 
38.125, 68.375, 1.716248957742661e-24, nan 
38.375, 68.375, 1.2561998476268942e-24, nan 
38.625, 68.375, 1.048492086465219e-24, nan 
38.875, 68.375, 1.4050810222738424e-24, nan 
39.125, 68.375, 2.8181409711146557e-24, nan 
39.375, 68.375, 2.5817486640812607e-24, nan 
39.625, 68.375, 2.537341553823326e-24, nan 
39.875, 68.375, 3.94589833702947e-24, nan 
40.125, 68.375, 2.6735818108837435e-24, nan 
40.375, 68.375, 1.60902818401277e-24, nan 
40.625, 68.375, 1.2042887270441614e-24, nan 
40.875, 68.375, 1.6196350243230485e-24, nan 
41.125, 68.375, 1.5223661095505021e-24, nan 
41.375, 68.375, 1.1935812319103703e-24, nan 
41.625, 68.375, 1.6583652819565818e-24, nan 
41.875, 68.375, 1.086830337298086e-24, nan 
42.125, 68.375, 1.6724072410925103e-24, nan 
42.375, 68.375, 2.4089405436412113e-24, nan 
42.625, 68.375, 1.2503152074212435e-24, nan 
42.875, 68.375, 1.5342069726507073e-24, nan 
43.125, 68.375, 1.571818205728758e-24, nan 
43.375, 68.375, 1.6802395186719257e-24, nan 
43.625, 68.375, 2.1412322479787947e-24, nan 
43.875, 68.375, 2.1139335441011213e-24, nan 
44.125, 68.375, 2.2517812911720273e-24, nan 
44.375, 68.375, 2.426562173378604e-24, nan 
44.625, 68.375, 1.6045183781211351e-24, nan 
44.875, 68.375, 1.3478153756229796e-24, nan 
45.125, 68.375, 1.6228338979015185e-24, nan 
45.375, 68.375, 1.1218260059763256e-24, nan 
45.625, 68.375, 1.9265175651107046e-24, nan 
45.875, 68.375, 3.8347893341266904e-24, nan 
46.125, 68.375, 4.566592177491441e-24, nan 
46.375, 68.375, 5.765863650270458e-24, nan 
46.625, 68.375, 7.359554464069964e-24, nan 
46.875, 68.375, 6.668238612063856e-24, nan 
47.125, 68.375, 2.9533688929303113e-24, nan 
47.375, 68.375, 1.3140373241659632e-24, nan 
47.625, 68.375, 1.9148568694004314e-24, nan 
47.875, 68.375, 1.867381394507319e-24, nan 
48.125, 68.375, 1.0339182196837336e-24, nan 
48.375, 68.375, 2.4319349311626997e-24, nan 
48.625, 68.375, 3.0046069914896956e-24, nan 
48.875, 68.375, 1.7992506004130597e-24, nan 
49.125, 68.375, 2.9871656914543515e-24, nan 
49.375, 68.375, 3.949914556711825e-24, nan 
49.625, 68.375, 3.250393583078807e-24, nan 
49.875, 68.375, 3.9133243487557304e-24, nan 
50.125, 68.375, 6.389940250502011e-24, nan 
50.375, 68.375, 6.241015673318172e-24, nan 
50.625, 68.375, 4.661704438471585e-24, nan 
50.875, 68.375, 5.107866352409187e-24, nan 
51.125, 68.375, 6.50826164752788e-24, nan 
51.375, 68.375, 7.16298578542965e-24, nan 
51.625, 68.375, 6.621033466389625e-24, nan 
51.875, 68.375, 6.715595426262076e-24, nan 
52.125, 68.375, 7.659024032158083e-24, nan 
52.375, 68.375, 6.339130534028837e-24, nan 
52.625, 68.375, 7.482400357329391e-24, nan 
52.875, 68.375, 8.4296883299483e-24, nan 
53.125, 68.375, 5.534548823452448e-24, nan 
53.375, 68.375, 9.974693142863759e-24, nan 
53.625, 68.375, 1.2179428224908436e-23, nan 
53.875, 68.375, 6.391047161236122e-24, nan 
54.125, 68.375, 1.0368361420624659e-23, nan 
54.375, 68.375, 1.2957320069868416e-23, nan 
54.625, 68.375, 8.092991369627042e-24, nan 
54.875, 68.375, 7.15897007816668e-24, nan 
55.125, 68.375, 1.2727583584897162e-23, nan 
55.375, 68.375, 3.601691323035787e-24, nan 
55.625, 68.375, 4.725451026691155e-24, nan 
55.875, 68.375, 7.1701396474703e-24, nan 
56.125, 68.375, 9.09550594116435e-24, nan 
56.375, 68.375, 5.900889487911231e-24, nan 
56.625, 68.375, 7.973015525882017e-24, nan 
56.875, 68.375, 1.34048996065058e-23, nan 
57.125, 68.375, 7.12015224573237e-24, nan 
57.375, 68.375, 7.659636428827316e-24, nan 
57.625, 68.375, 1.549767317308737e-23, nan 
57.875, 68.375, 6.253512644350409e-24, nan 
58.125, 68.375, 1.1678253219598511e-23, nan 
58.375, 68.375, 5.8395741878780174e-24, nan 
58.625, 68.375, 7.841825776101138e-24, nan 
58.875, 68.375, 9.788314184181945e-24, nan 
59.125, 68.375, 5.804711003038851e-24, nan 
59.375, 68.375, 1.2507321837897716e-23, nan 
59.625, 68.375, 2.5406564007436116e-23, nan 
59.875, 68.375, 2.3516262722546913e-23, nan 
60.125, 68.375, 2.0201562062010267e-23, nan 
60.375, 68.375, 3.2885692031383987e-23, nan 
60.625, 68.375, 4.537641225213005e-23, nan 
60.875, 68.375, 4.689171028648004e-23, nan 
61.125, 68.375, 3.798293364453723e-23, nan 
61.375, 68.375, 2.3157341647694892e-23, nan 
61.625, 68.375, 3.0688409784894675e-23, nan 
61.875, 68.375, 3.081920174742716e-23, nan 
62.125, 68.375, 1.3694473253680947e-23, nan 
62.375, 68.375, 2.413534745615522e-23, nan 
62.625, 68.375, 1.7996801573699297e-23, nan 
62.875, 68.375, 1.3282498574156758e-23, nan 
63.125, 68.375, 1.8637828790925492e-23, nan 
63.375, 68.375, 1.325185739135223e-23, nan 
63.625, 68.375, 6.521043839716214e-24, nan 
63.875, 68.375, 7.534485020487222e-24, nan 
64.125, 68.375, 1.2710962371832687e-23, nan 
64.375, 68.375, 7.041610185059067e-24, nan 
64.625, 68.375, 1.214242564162684e-23, nan 
64.875, 68.375, 1.828105875461856e-23, nan 
65.125, 68.375, 1.4106062733370178e-23, nan 
65.375, 68.375, 1.7713664081196204e-23, nan 
65.625, 68.375, 3.1041664330859676e-23, nan 
65.875, 68.375, 3.9745506307841666e-23, nan 
66.125, 68.375, 4.328769908227182e-23, nan 
66.375, 68.375, 3.600765169420231e-23, nan 
66.625, 68.375, 3.6030108930126867e-23, nan 
66.875, 68.375, 5.573369146340131e-23, nan 
67.125, 68.375, 6.466231404814309e-23, nan 
67.375, 68.375, 3.2558688619118533e-23, nan 
67.625, 68.375, 3.3573870204884644e-23, nan 
67.875, 68.375, 2.5042538454827107e-23, nan 
68.125, 68.375, 1.7626467133578995e-23, nan 
68.375, 68.375, 2.9099972938154526e-23, nan 
68.625, 68.375, 2.6827497383413585e-23, nan 
68.875, 68.375, 5.197559446146442e-23, nan 
69.125, 68.375, 5.189436024051596e-23, nan 
69.375, 68.375, 3.9503397517829466e-23, nan 
69.625, 68.375, 5.0334470316203727e-23, nan 
69.875, 68.375, 6.194972233818387e-23, nan 
70.125, 68.375, 2.1823830019128724e-23, nan 
70.375, 68.375, 4.6692247204486164e-23, nan 
70.625, 68.375, 4.941908346818723e-23, nan 
70.875, 68.375, 4.9224027425972205e-23, nan 
71.125, 68.375, 7.163084532527491e-23, nan 
71.375, 68.375, 7.651490466594168e-23, nan 
71.625, 68.375, 6.781914886998775e-23, nan 
71.875, 68.375, 8.724871381616984e-23, nan 
72.125, 68.375, 1.4433833118608561e-22, nan 
72.375, 68.375, 8.591319741262617e-23, nan 
72.625, 68.375, 6.712373365164646e-23, nan 
72.875, 68.375, 1.700269607081589e-22, nan 
73.125, 68.375, 1.1604555909979664e-22, nan 
73.375, 68.375, 1.18119118200376e-22, nan 
73.625, 68.375, 1.4660278408608362e-22, nan 
73.875, 68.375, 1.2586139641510514e-22, nan 
74.125, 68.375, 1.5625361182277974e-22, nan 
74.375, 68.375, 1.4305245617853148e-22, nan 
74.625, 68.375, 2.275247071449288e-22, nan 
74.875, 68.375, 6.408086546865977e-23, nan 
75.125, 68.375, 4.2913736650210864e-23, nan 
75.375, 68.375, 1.3545978026380164e-22, nan 
75.625, 68.375, 5.445664382544386e-23, nan 
75.875, 68.375, 1.1815244956670908e-22, nan 
76.125, 68.375, 1.2948539237572303e-22, nan 
76.375, 68.375, 1.2221727936621256e-22, nan 
76.625, 68.375, 1.454242326525257e-22, nan 
76.875, 68.375, 1.5771830800855492e-22, nan 
77.125, 68.375, 1.349644034779651e-22, nan 
77.375, 68.375, 1.3332355145232093e-22, nan 
77.625, 68.375, 1.4966532916609214e-22, nan 
77.875, 68.375, 1.2378397440444975e-22, nan 
78.125, 68.375, 2.1471552754181606e-22, nan 
78.375, 68.375, 2.818047884585336e-22, nan 
78.625, 68.375, 2.6438064343689967e-22, nan 
78.875, 68.375, 3.7270279655000535e-22, nan 
79.125, 68.375, 7.566704135332403e-22, nan 
79.375, 68.375, 9.315269154609966e-22, nan 
79.625, 68.375, 8.304112792495681e-22, nan 
79.875, 68.375, 9.845274641442347e-22, nan 
80.125, 68.375, 1.0496684052380465e-21, nan 
80.375, 68.375, 9.433303806854198e-22, nan 
80.625, 68.375, 9.31484170034518e-22, nan 
80.875, 68.375, 8.480416726688488e-22, nan 
81.125, 68.375, 7.108514250532183e-22, nan 
81.375, 68.375, 6.403258045387782e-22, nan 
81.625, 68.375, 8.014274720273691e-22, nan 
81.875, 68.375, 6.377575946509093e-22, nan 
82.125, 68.375, 5.206048000974474e-22, nan 
82.375, 68.375, 2.881590728728539e-22, nan 
82.625, 68.375, 2.848966050933026e-22, nan 
82.875, 68.375, 4.433910280122638e-22, nan 
83.125, 68.375, 5.237161950172669e-22, nan 
83.375, 68.375, 9.662479607926505e-22, nan 
83.625, 68.375, 1.3452758727949229e-21, nan 
83.875, 68.375, 9.058814930164157e-22, nan 
84.125, 68.375, 1.1009587868610437e-21, nan 
84.375, 68.375, 1.8748717243823253e-21, nan 
84.625, 68.375, 1.4330300052459035e-21, nan 
84.875, 68.375, 5.358220767460259e-22, nan 
85.125, 68.375, 9.503400817877542e-22, nan 
85.375, 68.375, 4.830704319028098e-22, nan 
85.625, 68.375, 8.654701570945918e-22, nan 
85.875, 68.375, 1.652874141926357e-21, nan 
86.125, 68.375, 2.6693308303401245e-21, nan 
86.375, 68.375, 3.4876653241213665e-21, nan 
86.625, 68.375, 2.3190714982123804e-21, nan 
86.875, 68.375, 3.6528973700426704e-21, nan 
87.125, 68.375, 3.702473513035063e-21, nan 
87.375, 68.375, 3.0437759733735787e-21, nan 
87.625, 68.375, 4.037490060865186e-21, nan 
87.875, 68.375, 8.445266134653632e-22, nan 
88.125, 68.375, 2.198763431094395e-21, nan 
88.375, 68.375, 2.1028502312549345e-21, nan 
88.625, 68.375, 1.9060061416249264e-21, nan 
88.875, 68.375, 1.916576143125611e-21, nan 
89.125, 68.375, 2.3363914563973145e-21, nan 
89.375, 68.375, 1.9659171532903815e-21, nan 
89.625, 68.375, 2.9742697642976816e-21, nan 
89.875, 68.375, 3.5699252523457565e-21, nan 
90.125, 68.375, 3.674545601217201e-21, nan 
90.375, 68.375, 4.3366466403665266e-21, nan 
90.625, 68.375, 3.9257938061792094e-21, nan 
90.875, 68.375, 5.980273250032007e-21, nan 
91.125, 68.375, 3.2748309711061515e-21, nan 
91.375, 68.375, 8.75004483383481e-21, nan 
91.625, 68.375, 9.881042465689109e-21, nan 
91.875, 68.375, 9.494963388497672e-21, nan 
92.125, 68.375, 7.940985202585751e-21, nan 
92.375, 68.375, 4.118890771995294e-20, nan 
92.625, 68.375, 1.916527405925859e-20, nan 
92.875, 68.375, 1.912489340146678e-20, nan 
93.125, 68.375, 2.888763088467375e-20, nan 
93.375, 68.375, 4.24817140797947e-20, nan 
93.625, 68.375, 4.0557412338122225e-20, nan 
93.875, 68.375, 5.66196425108741e-20, nan 
94.125, 68.375, 3.6143724637765404e-20, nan 
94.375, 68.375, 3.397413475014687e-20, nan 
94.625, 68.375, 4.7368999814806856e-20, nan 
94.875, 68.375, 4.4492339645751936e-20, nan 
95.125, 68.375, 3.9849166023589063e-20, nan 
95.375, 68.375, 3.112097504826338e-20, nan 
95.625, 68.375, 3.532123598959569e-20, nan 
95.875, 68.375, 3.2025817763039626e-20, nan 
96.125, 68.375, 3.7905868424835005e-20, nan 
96.375, 68.375, 1.1234273947474458e-19, nan 
96.625, 68.375, 1.1443047973437034e-19, nan 
96.875, 68.375, 8.028831033498923e-20, nan 
97.125, 68.375, 1.31249514077851e-19, nan 
97.375, 68.375, 1.1915997209141544e-19, nan 
97.625, 68.375, 7.867977265990543e-20, nan 
97.875, 68.375, 1.8336521713684843e-19, nan 
98.125, 68.375, 2.633704179357421e-19, nan 
98.375, 68.375, 1.4652462612773436e-19, nan 
98.625, 68.375, 2.9836861611742976e-19, nan 
98.875, 68.375, 5.494084238466531e-19, nan 
99.125, 68.375, 6.310689269102379e-19, nan 
99.375, 68.375, 3.758812446575361e-19, nan 
99.625, 68.375, 9.940638278914778e-19, nan 
99.875, 68.375, 1.327301994695866e-18, nan 
100.125, 68.375, 6.35103997419492e-19, nan 
100.375, 68.375, 8.164771496972201e-19, nan 
100.625, 68.375, 1.3603066939664405e-18, nan 
100.875, 68.375, 8.82603339734835e-19, nan 
101.125, 68.375, 1.921890206405045e-18, nan 
101.375, 68.375, 1.8555135559684292e-18, nan 
101.625, 68.375, 2.283382908409704e-18, nan 
101.875, 68.375, 7.44456339689551e-18, nan 
102.125, 68.375, 8.285951036338218e-18, nan 
102.375, 68.375, 6.922133679803297e-18, nan 
102.625, 68.375, 4.887915297513233e-18, nan 
102.875, 68.375, 4.331081396322475e-18, nan 
103.125, 68.375, 3.7797262436156546e-18, nan 
103.375, 68.375, 3.9985565872598514e-18, nan 
103.625, 68.375, 3.1214151406603753e-18, nan 
103.875, 68.375, 2.150054658287572e-18, nan 
104.125, 68.375, 1.6833935059782068e-18, nan 
104.375, 68.375, 1.35123847660526e-18, nan 
104.625, 68.375, 4.838584081826881e-19, nan 
104.875, 68.375, 3.8334640077507424e-19, nan 
105.125, 68.375, 4.0928971304155094e-19, nan 
105.375, 68.375, 3.058701386412538e-19, nan 
105.625, 68.375, 2.040327918043688e-19, nan 
105.875, 68.375, 1.670145249855782e-19, nan 
106.125, 68.375, 1.1367148972777665e-19, nan 
106.375, 68.375, 8.262727168011324e-20, nan 
106.625, 68.375, 1.1739190341453233e-19, nan 
106.875, 68.375, 8.493841493163012e-20, nan 
107.125, 68.375, 5.1800008410611056e-20, nan 
107.375, 68.375, 4.6279747350010963e-20, nan 
107.625, 68.375, 4.747263326441685e-20, nan 
107.875, 68.375, 2.339130532987799e-20, nan 
108.125, 68.375, 2.711506322669864e-20, nan 
108.375, 68.375, 3.3162360144598966e-20, nan 
108.625, 68.375, 2.6425167509430885e-20, nan 
108.875, 68.375, 2.3345037315634212e-20, nan 
109.125, 68.375, 1.6634072035023154e-20, nan 
109.375, 68.375, 1.6505007358083455e-20, nan 
109.625, 68.375, 1.542300529832311e-20, nan 
109.875, 68.375, 1.2171467334048021e-20, nan 
110.125, 68.375, 8.907183351468333e-21, nan 
110.375, 68.375, 1.2334848540430811e-20, nan 
110.625, 68.375, 1.0887913904638069e-20, nan 
110.875, 68.375, 1.0876364958813326e-20, nan 
111.125, 68.375, 1.0541342708483017e-20, nan 
111.375, 68.375, 1.2590733592991268e-20, nan 
111.625, 68.375, 1.6201657354671115e-20, nan 
111.875, 68.375, 1.4050004911860554e-20, nan 
112.125, 68.375, 1.3399052626724515e-20, nan 
112.375, 68.375, 2.4648221878830284e-20, nan 
112.625, 68.375, 2.1752722961703188e-20, nan 
112.875, 68.375, 2.0088889433783937e-20, nan 
113.125, 68.375, 2.809235881424285e-20, nan 
113.375, 68.375, 2.889713702578587e-20, nan 
113.625, 68.375, 2.734915645530565e-20, nan 
113.875, 68.375, 1.4520477587386864e-20, nan 
114.125, 68.375, 1.1556883788104692e-20, nan 
114.375, 68.375, 1.1829670492511964e-20, nan 
114.625, 68.375, 9.821898145667403e-21, nan 
114.875, 68.375, 6.883769471886523e-21, nan 
115.125, 68.375, 5.893220670886499e-21, nan 
115.375, 68.375, 6.3253394471164006e-21, nan 
115.625, 68.375, 2.1030827969203838e-21, nan 
115.875, 68.375, 1.0269227098545375e-21, nan 
116.125, 68.375, 1.515864607001204e-21, nan 
116.375, 68.375, 2.45777413583513e-21, nan 
116.625, 68.375, 2.9066679103555878e-21, nan 
116.875, 68.375, 3.614777679474819e-21, nan 
117.125, 68.375, 3.0295911792272768e-21, nan 
117.375, 68.375, 2.0142486604811876e-21, nan 
117.625, 68.375, 2.43038530147497e-21, nan 
117.875, 68.375, 2.4296051587724432e-21, nan 
118.125, 68.375, 2.0592940117886935e-21, nan 
118.375, 68.375, 1.1358027855147003e-21, nan 
118.625, 68.375, 1.0967843100802271e-21, nan 
118.875, 68.375, 1.0913693042272847e-21, nan 
119.125, 68.375, 1.0803925194603506e-21, nan 
119.375, 68.375, 1.830595606664989e-21, nan 
119.625, 68.375, 1.942883674054487e-21, nan 
119.875, 68.375, 1.4306749241188744e-21, nan 
120.125, 68.375, 1.8594532874454375e-21, nan 
120.375, 68.375, 1.114815099538641e-21, nan 
120.625, 68.375, 7.942246432599039e-22, nan 
120.875, 68.375, 9.566752233716253e-22, nan 
121.125, 68.375, 8.887749092592616e-22, nan 
121.375, 68.375, 7.743773557830683e-22, nan 
121.625, 68.375, 6.749257308451914e-22, nan 
121.875, 68.375, 4.864584609543041e-22, nan 
122.125, 68.375, 3.8465677660158e-22, nan 
122.375, 68.375, 4.184751515028166e-22, nan 
122.625, 68.375, 5.323889585149253e-22, nan 
122.875, 68.375, 4.338433359237111e-22, nan 
123.125, 68.375, 2.7292950011925342e-22, nan 
123.375, 68.375, 4.9887084620433615e-22, nan 
123.625, 68.375, 3.7509695872055513e-22, nan 
123.875, 68.375, 2.4451082985899336e-22, nan 
124.125, 68.375, 3.3802509120267597e-22, nan 
124.375, 68.375, 2.3761926092528863e-22, nan 
124.625, 68.375, 2.272418004925302e-22, nan 
124.875, 68.375, 1.1019796972270944e-22, nan 
125.125, 68.375, 1.614991222526372e-22, nan 
125.375, 68.375, 2.0428085335108418e-22, nan 
125.625, 68.375, 3.17987188839585e-22, nan 
125.875, 68.375, 2.791726997545455e-22, nan 
126.125, 68.375, 4.190540618125091e-22, nan 
126.375, 68.375, 2.8800385988764757e-22, nan 
126.625, 68.375, 2.9315673209515804e-22, nan 
126.875, 68.375, 7.50973754981767e-22, nan 
127.125, 68.375, 4.618767188823775e-22, nan 
127.375, 68.375, 2.5835741459994945e-22, nan 
127.625, 68.375, 3.160784683979821e-22, nan 
127.875, 68.375, 2.6894691655033665e-22, nan 
128.125, 68.375, 1.9885033580583073e-22, nan 
128.375, 68.375, 1.6926815777198755e-22, nan 
128.625, 68.375, 1.3574050815080185e-22, nan 
128.875, 68.375, 1.2983416940879114e-22, nan 
129.125, 68.375, 1.1677538978744354e-22, nan 
129.375, 68.375, 1.0909860217624182e-22, nan 
129.625, 68.375, 7.16721216127324e-23, nan 
129.875, 68.375, 1.2975920958999934e-22, nan 
130.125, 68.375, 7.804523681992387e-23, nan 
130.375, 68.375, 8.707795533346706e-23, nan 
130.625, 68.375, 1.0403963792904574e-22, nan 
130.875, 68.375, 3.260971545713347e-23, nan 
131.125, 68.375, 5.494542518702344e-23, nan 
131.375, 68.375, 3.836395676573594e-23, nan 
131.625, 68.375, 6.548272625456394e-23, nan 
131.875, 68.375, 4.4548569338474063e-23, nan 
132.125, 68.375, 3.08299168116769e-23, nan 
132.375, 68.375, 5.2157257997297665e-23, nan 
132.625, 68.375, 4.726356231584307e-23, nan 
132.875, 68.375, 1.3481259068961064e-23, nan 
133.125, 68.375, 5.483234127862619e-23, nan 
133.375, 68.375, 5.867089692381339e-23, nan 
133.625, 68.375, 4.458239037504897e-23, nan 
133.875, 68.375, 3.440747050766295e-23, nan 
134.125, 68.375, 6.10644778780252e-23, nan 
134.375, 68.375, 6.337479175572988e-23, nan 
134.625, 68.375, 7.833308098723513e-23, nan 
134.875, 68.375, 7.866882852593882e-23, nan 
135.125, 68.375, 5.554437257120356e-23, nan 
135.375, 68.375, 7.265001001269086e-23, nan 
135.625, 68.375, 1.2508520228849558e-22, nan 
135.875, 68.375, 1.5360374740358826e-22, nan 
136.125, 68.375, 1.4180665019516704e-22, nan 
136.375, 68.375, 1.4667781597598116e-22, nan 
136.625, 68.375, 1.8478214079528732e-22, nan 
136.875, 68.375, 1.7503025891201619e-22, nan 
137.125, 68.375, 1.3716952936748982e-22, nan 
137.375, 68.375, 8.122484319561227e-23, nan 
137.625, 68.375, 5.929404170441648e-23, nan 
137.875, 68.375, 2.607999742767848e-23, nan 
138.125, 68.375, 3.987010796074175e-23, nan 
138.375, 68.375, 8.41864798708338e-23, nan 
138.625, 68.375, 1.2403028775921021e-22, nan 
138.875, 68.375, 1.071347596269173e-22, nan 
139.125, 68.375, 8.146504288107791e-23, nan 
139.375, 68.375, 8.274167431569037e-23, nan 
139.625, 68.375, 6.922594295821763e-23, nan 
139.875, 68.375, 2.4975272902999033e-23, nan 
140.125, 68.375, 1.4911098068306405e-23, nan 
140.375, 68.375, 1.9296606439704498e-23, nan 
140.625, 68.375, 2.5619447704883415e-23, nan 
140.875, 68.375, 3.027528189502472e-23, nan 
141.125, 68.375, 3.068722157612762e-23, nan 
141.375, 68.375, 2.0344858000396567e-23, nan 
141.625, 68.375, 1.7702367013321546e-23, nan 
141.875, 68.375, 2.0455165336785664e-23, nan 
142.125, 68.375, 9.57508442398002e-24, nan 
142.375, 68.375, 7.752897278136675e-24, nan 
142.625, 68.375, 1.2721208311894327e-23, nan 
142.875, 68.375, 9.562406750576626e-24, nan 
143.125, 68.375, 4.591708233915327e-24, nan 
143.375, 68.375, 2.40939170061716e-23, nan 
143.625, 68.375, 3.436766836810602e-23, nan 
143.875, 68.375, 2.384767206261478e-23, nan 
144.125, 68.375, 1.2260774126444432e-23, nan 
144.375, 68.375, 1.3784144291671965e-23, nan 
144.625, 68.375, 1.3524542938732224e-23, nan 
144.875, 68.375, 9.636107444534372e-24, nan 
145.125, 68.375, 1.1106458205975982e-23, nan 
145.375, 68.375, 1.2077839968022587e-23, nan 
145.625, 68.375, 1.0817030439574536e-23, nan 
145.875, 68.375, 1.2361356132586182e-23, nan 
146.125, 68.375, 8.892013904928291e-24, nan 
146.375, 68.375, 7.431268236739023e-24, nan 
146.625, 68.375, 7.604756782106083e-24, nan 
146.875, 68.375, 5.435900953746174e-24, nan 
147.125, 68.375, 4.894786604504177e-24, nan 
147.375, 68.375, 8.748554021581257e-24, nan 
147.625, 68.375, 1.0162689235728194e-23, nan 
147.875, 68.375, 1.353396001102531e-23, nan 
148.125, 68.375, 6.3965110717533095e-24, nan 
148.375, 68.375, 5.848679112741602e-24, nan 
148.625, 68.375, 1.2195383291623513e-23, nan 
148.875, 68.375, 8.860068843349697e-24, nan 
149.125, 68.375, 6.521890676244383e-24, nan 
149.375, 68.375, 1.8519069983414657e-23, nan 
149.625, 68.375, 1.2552218855463178e-23, nan 
149.875, 68.375, 6.963805117157859e-24, nan 
150.125, 68.375, 1.4983822724428357e-23, nan 
150.375, 68.375, 1.1250288374160669e-23, nan 
150.625, 68.375, 9.1823820615763e-24, nan 
150.875, 68.375, 1.0685899214545228e-23, nan 
151.125, 68.375, 1.4916899562343723e-23, nan 
151.375, 68.375, 1.3334822450940203e-23, nan 
151.625, 68.375, 1.2495045626428823e-23, nan 
151.875, 68.375, 1.2199099101256121e-23, nan 
152.125, 68.375, 9.672190599103803e-24, nan 
152.375, 68.375, 8.097594216879204e-24, nan 
152.625, 68.375, 8.807402358136392e-24, nan 
152.875, 68.375, 7.864918755664885e-24, nan 
153.125, 68.375, 7.698107524413024e-24, nan 
153.375, 68.375, 6.75554394255816e-24, nan 
153.625, 68.375, 5.372951244565769e-24, nan 
153.875, 68.375, 4.756017839646501e-24, nan 
154.125, 68.375, 3.856208039713684e-24, nan 
154.375, 68.375, 4.3232678225326915e-24, nan 
154.625, 68.375, 6.568011837431795e-24, nan 
154.875, 68.375, 6.163296050713577e-24, nan 
155.125, 68.375, 4.3708548585779005e-24, nan 
155.375, 68.375, 6.18864745509069e-24, nan 
155.625, 68.375, 5.8392737126725345e-24, nan 
155.875, 68.375, 4.494197324906029e-24, nan 
156.125, 68.375, 4.5297491769637095e-24, nan 
156.375, 68.375, 3.7132944254605904e-24, nan 
156.625, 68.375, 4.16876083332184e-24, nan 
156.875, 68.375, 3.549920800290213e-24, nan 
157.125, 68.375, 4.114122392500753e-24, nan 
157.375, 68.375, 4.5296755981421765e-24, nan 
157.625, 68.375, 5.3395626836204e-24, nan 
157.875, 68.375, 4.771539780290957e-24, nan 
158.125, 68.375, 4.208277747185535e-24, nan 
158.375, 68.375, 3.682759881904073e-24, nan 
158.625, 68.375, 3.571597053790076e-24, nan 
158.875, 68.375, 3.440174484250794e-24, nan 
159.125, 68.375, 4.2039413651298e-24, nan 
159.375, 68.375, 4.315182288628701e-24, nan 
159.625, 68.375, 5.810448793452908e-24, nan 
159.875, 68.375, 6.416611706254115e-24, nan 
160.125, 68.375, 5.176659488092164e-24, nan 
160.375, 68.375, 5.332812289667987e-24, nan 
160.625, 68.375, 8.270045630572e-24, nan 
160.875, 68.375, 9.091849261897795e-24, nan 
161.125, 68.375, 5.8684063015528365e-24, nan 
161.375, 68.375, 6.811595524430539e-24, nan 
161.625, 68.375, 7.55609960457629e-24, nan 
161.875, 68.375, 5.76493872045109e-24, nan 
162.125, 68.375, 4.558272291870309e-24, nan 
162.375, 68.375, 2.6767353960402985e-24, nan 
162.625, 68.375, 1.938385187205727e-24, nan 
162.875, 68.375, 2.5054821569607944e-24, nan 
163.125, 68.375, 4.034387587496041e-24, nan 
163.375, 68.375, 2.8185821803457794e-24, nan 
163.625, 68.375, 1.5006559872411694e-24, nan 
163.875, 68.375, 2.2668402423713477e-24, nan 
164.125, 68.375, 2.171848377980222e-24, nan 
164.375, 68.375, 2.009441724949322e-24, nan 
164.625, 68.375, 1.8232173764895552e-24, nan 
164.875, 68.375, 2.0865331320422835e-24, nan 
165.125, 68.375, 1.9047696864472374e-24, nan 
165.375, 68.375, 2.9603459268039012e-24, nan 
165.625, 68.375, 3.3015459521915954e-24, nan 
165.875, 68.375, 2.581049657446018e-24, nan 
166.125, 68.375, 3.8433730080593795e-24, nan 
166.375, 68.375, 5.8335201889022384e-24, nan 
166.625, 68.375, 5.5275654729859976e-24, nan 
166.875, 68.375, 4.888522343436962e-24, nan 
167.125, 68.375, 3.3011411462505337e-24, nan 
167.375, 68.375, 4.2199703085300166e-24, nan 
167.625, 68.375, 3.60259025535626e-24, nan 
167.875, 68.375, 2.2851744008221664e-24, nan 
168.125, 68.375, 2.748139144096443e-24, nan 
168.375, 68.375, 3.398618069204365e-24, nan 
168.625, 68.375, 1.9895760676781074e-24, nan 
168.875, 68.375, 2.4487716775165734e-24, nan 
169.125, 68.375, 2.255724775300042e-24, nan 
169.375, 68.375, 2.478423357151505e-24, nan 
169.625, 68.375, 2.7787494164223254e-24, nan 
169.875, 68.375, 2.289327928540045e-24, nan 
170.125, 68.375, 2.6288113245333665e-24, nan 
170.375, 68.375, 2.5909742132512968e-24, nan 
170.625, 68.375, 2.163654760115019e-24, nan 
170.875, 68.375, 2.213811957357137e-24, nan 
171.125, 68.375, 9.89004915728305e-25, nan 
31.375, 68.625, 3.251485275350794e-25, nan 
31.625, 68.625, 5.257990045073941e-25, nan 
31.875, 68.625, 8.15867354513465e-25, nan 
32.125, 68.625, 8.516279356636846e-25, nan 
32.375, 68.625, 9.572651919627075e-25, nan 
32.625, 68.625, 7.4221504130322305e-25, nan 
32.875, 68.625, 7.654269374749036e-25, nan 
33.125, 68.625, 9.501731861949633e-25, nan 
33.375, 68.625, 8.288473294105706e-25, nan 
33.625, 68.625, 1.0766446212107748e-24, nan 
33.875, 68.625, 1.7803089153007735e-24, nan 
34.125, 68.625, 1.4330869332232147e-24, nan 
34.375, 68.625, 1.7091144357889674e-24, nan 
34.625, 68.625, 2.2379899512542603e-24, nan 
34.875, 68.625, 1.4569254541537889e-24, nan 
35.125, 68.625, 1.6453670274011184e-24, nan 
35.375, 68.625, 1.4264074329369503e-24, nan 
35.625, 68.625, 1.7028026076463733e-24, nan 
35.875, 68.625, 1.6724617387008567e-24, nan 
36.125, 68.625, 1.7179913953138205e-24, nan 
36.375, 68.625, 1.505075271897501e-24, nan 
36.625, 68.625, 1.2897975357211852e-24, nan 
36.875, 68.625, 1.973578852617607e-24, nan 
37.125, 68.625, 1.5250356048737523e-24, nan 
37.375, 68.625, 1.8559345063310275e-24, nan 
37.625, 68.625, 2.1817462291070403e-24, nan 
37.875, 68.625, 1.4839956468056677e-24, nan 
38.125, 68.625, 3.2503748666572286e-24, nan 
38.375, 68.625, 1.5019567604309055e-24, nan 
38.625, 68.625, 1.451195157036285e-24, nan 
38.875, 68.625, 1.8566334265110986e-24, nan 
39.125, 68.625, 1.503636926319078e-24, nan 
39.375, 68.625, 3.2584416372413125e-24, nan 
39.625, 68.625, 3.2220603077883882e-24, nan 
39.875, 68.625, 3.2071319561446877e-24, nan 
40.125, 68.625, 4.124725747658534e-24, nan 
40.375, 68.625, 2.7788542386395175e-24, nan 
40.625, 68.625, 2.5951073311472544e-24, nan 
40.875, 68.625, 8.690122652853911e-25, nan 
41.125, 68.625, 1.3925566031206613e-24, nan 
41.375, 68.625, 7.58899138549111e-25, nan 
41.625, 68.625, 5.401759338342444e-25, nan 
41.875, 68.625, 3.379179473885113e-25, nan 
42.125, 68.625, 2.459525855051443e-24, nan 
42.375, 68.625, 2.4935883435476475e-24, nan 
42.625, 68.625, 1.2815255466155854e-24, nan 
42.875, 68.625, 2.5956082384169925e-24, nan 
43.125, 68.625, 2.0101138777070083e-24, nan 
43.375, 68.625, 1.7352453027200886e-24, nan 
43.625, 68.625, 2.8208129647903378e-24, nan 
43.875, 68.625, 2.4723950119340814e-24, nan 
44.125, 68.625, 2.197417200690729e-24, nan 
44.375, 68.625, 1.9107606268290793e-24, nan 
44.625, 68.625, 2.4963073339705137e-24, nan 
44.875, 68.625, 2.3297308500642544e-24, nan 
45.125, 68.625, 2.7249926956773332e-24, nan 
45.375, 68.625, 1.773725523580921e-24, nan 
45.625, 68.625, 3.223207709618233e-24, nan 
45.875, 68.625, 2.3157350641111906e-24, nan 
46.125, 68.625, 7.550247833388446e-25, nan 
46.375, 68.625, 7.310778482452171e-24, nan 
46.625, 68.625, 7.907319771678995e-24, nan 
46.875, 68.625, 5.661058667164663e-24, nan 
47.125, 68.625, 5.085805274074772e-24, nan 
47.375, 68.625, 4.7615235727028426e-24, nan 
47.625, 68.625, 3.712638315291871e-24, nan 
47.875, 68.625, 2.0472601705422012e-24, nan 
48.125, 68.625, 2.0917332678443382e-24, nan 
48.375, 68.625, 2.2008665289094274e-24, nan 
48.625, 68.625, 2.6567679102641128e-24, nan 
48.875, 68.625, 2.5798873355515152e-24, nan 
49.125, 68.625, 3.577160879817266e-24, nan 
49.375, 68.625, 3.149852466709388e-24, nan 
49.625, 68.625, 3.336428995748883e-24, nan 
49.875, 68.625, 4.1492373292741895e-24, nan 
50.125, 68.625, 2.8069532943446392e-24, nan 
50.375, 68.625, 2.1617126330191977e-24, nan 
50.625, 68.625, 1.643155414909903e-24, nan 
50.875, 68.625, 3.560572282129784e-24, nan 
51.125, 68.625, 4.718431898335014e-24, nan 
51.375, 68.625, 5.564826670865177e-24, nan 
51.625, 68.625, 7.186326534402027e-24, nan 
51.875, 68.625, 6.431528835241787e-24, nan 
52.125, 68.625, 7.136948880551995e-24, nan 
52.375, 68.625, 7.556336958351802e-24, nan 
52.625, 68.625, 7.733103551792296e-24, nan 
52.875, 68.625, 7.489173854279379e-24, nan 
53.125, 68.625, 5.094204039951557e-24, nan 
53.375, 68.625, 1.0334913123923443e-23, nan 
53.625, 68.625, 1.0709954540345856e-23, nan 
53.875, 68.625, 1.0511930241879776e-23, nan 
54.125, 68.625, 1.4378091395011567e-23, nan 
54.375, 68.625, 1.4659127562307735e-23, nan 
54.625, 68.625, 1.258918326393454e-23, nan 
54.875, 68.625, 1.56946702710966e-23, nan 
55.125, 68.625, 1.0774446374793732e-23, nan 
55.375, 68.625, 9.989129354008477e-24, nan 
55.625, 68.625, 1.429287729255196e-23, nan 
55.875, 68.625, 1.1059820346136144e-23, nan 
56.125, 68.625, 1.5716887771463058e-23, nan 
56.375, 68.625, 1.6690353312251066e-23, nan 
56.625, 68.625, 1.2538051517560603e-23, nan 
56.875, 68.625, 2.0317555296308933e-23, nan 
57.125, 68.625, 9.295831924927564e-24, nan 
57.375, 68.625, 9.26582305638397e-24, nan 
57.625, 68.625, 1.1340846575918507e-23, nan 
57.875, 68.625, 1.118789884912238e-23, nan 
58.125, 68.625, 6.0226225129517254e-24, nan 
58.375, 68.625, 9.019427261773581e-24, nan 
58.625, 68.625, 1.1490515582149463e-23, nan 
58.875, 68.625, 9.704206955716417e-24, nan 
59.125, 68.625, 1.0056062365584786e-23, nan 
59.375, 68.625, 1.2688880052107053e-23, nan 
59.625, 68.625, 1.2713649166341721e-23, nan 
59.875, 68.625, 8.430837048197882e-24, nan 
60.125, 68.625, 8.007908499382403e-24, nan 
60.375, 68.625, 2.2975561196759044e-23, nan 
60.625, 68.625, 2.3093420063047038e-23, nan 
60.875, 68.625, 2.3766125727158723e-23, nan 
61.125, 68.625, 3.0318275219162207e-23, nan 
61.375, 68.625, 1.9962001284919737e-23, nan 
61.625, 68.625, 2.2957776063418067e-23, nan 
61.875, 68.625, 2.0083958305842737e-23, nan 
62.125, 68.625, 1.000658806502647e-23, nan 
62.375, 68.625, 2.2135043388245376e-23, nan 
62.625, 68.625, 2.639705520452094e-23, nan 
62.875, 68.625, 1.3953220986103e-23, nan 
63.125, 68.625, 1.27094340556623e-23, nan 
63.375, 68.625, 1.3793417623509915e-23, nan 
63.625, 68.625, 1.1259026515128452e-23, nan 
63.875, 68.625, 1.4706176854605722e-23, nan 
64.125, 68.625, 1.701807591797492e-23, nan 
64.375, 68.625, 1.268301902150222e-23, nan 
64.625, 68.625, 1.7509447110907054e-23, nan 
64.875, 68.625, 2.254362777431017e-23, nan 
65.125, 68.625, 2.542873119801621e-23, nan 
65.375, 68.625, 3.080196618111657e-23, nan 
65.625, 68.625, 2.6781537392460314e-23, nan 
65.875, 68.625, 3.290674496967428e-23, nan 
66.125, 68.625, 4.5839325159705144e-23, nan 
66.375, 68.625, 4.314879483949114e-23, nan 
66.625, 68.625, 3.608881286846181e-23, nan 
66.875, 68.625, 3.925888284772346e-23, nan 
67.125, 68.625, 7.20234332026212e-23, nan 
67.375, 68.625, 4.5795459876352604e-23, nan 
67.625, 68.625, 3.9222919346993405e-23, nan 
67.875, 68.625, 5.377593300617489e-23, nan 
68.125, 68.625, 5.45191427960958e-23, nan 
68.375, 68.625, 4.131231897589334e-23, nan 
68.625, 68.625, 4.533803396724697e-23, nan 
68.875, 68.625, 6.085803791037593e-23, nan 
69.125, 68.625, 6.672067387052031e-23, nan 
69.375, 68.625, 4.975703625678325e-23, nan 
69.625, 68.625, 2.536017194420416e-23, nan 
69.875, 68.625, 7.920104456600147e-23, nan 
70.125, 68.625, 6.791547469400609e-23, nan 
70.375, 68.625, 8.015338309233668e-23, nan 
70.625, 68.625, 7.234506163915147e-23, nan 
70.875, 68.625, 7.157941728999578e-23, nan 
71.125, 68.625, 5.92608911976237e-23, nan 
71.375, 68.625, 3.766114690254839e-23, nan 
71.625, 68.625, 5.801721003058724e-23, nan 
71.875, 68.625, 7.140181980391619e-23, nan 
72.125, 68.625, 7.447199114387869e-23, nan 
72.375, 68.625, 5.522185324764026e-23, nan 
72.625, 68.625, 7.747782593613502e-23, nan 
72.875, 68.625, 1.2819122246951502e-22, nan 
73.125, 68.625, 9.862357593931207e-23, nan 
73.375, 68.625, 1.0628961609468545e-22, nan 
73.625, 68.625, 6.707511415708981e-23, nan 
73.875, 68.625, 9.857077047731252e-23, nan 
74.125, 68.625, 1.4521120199035417e-22, nan 
74.375, 68.625, 1.1970512904724937e-22, nan 
74.625, 68.625, 1.5546470188295233e-22, nan 
74.875, 68.625, 8.307275211963214e-23, nan 
75.125, 68.625, 8.986339638594441e-23, nan 
75.375, 68.625, 9.04012132539045e-23, nan 
75.625, 68.625, 1.527505197150418e-22, nan 
75.875, 68.625, 1.9836266423834303e-22, nan 
76.125, 68.625, 1.2660786478826457e-22, nan 
76.375, 68.625, 2.3140169440100056e-22, nan 
76.625, 68.625, 3.105619113023952e-22, nan 
76.875, 68.625, 1.3507389058411501e-22, nan 
77.125, 68.625, 1.8483069161268818e-22, nan 
77.375, 68.625, 2.2761097277695928e-22, nan 
77.625, 68.625, 1.5428592790901672e-22, nan 
77.875, 68.625, 1.8979882431494057e-22, nan 
78.125, 68.625, 2.2879748748332536e-22, nan 
78.375, 68.625, 1.4130734788955345e-22, nan 
78.625, 68.625, 1.7868851849289523e-22, nan 
78.875, 68.625, 3.109693300403089e-22, nan 
79.125, 68.625, 2.7626809180326814e-22, nan 
79.375, 68.625, 2.785008343343424e-22, nan 
79.625, 68.625, 3.323020984984166e-22, nan 
79.875, 68.625, 8.507990295493832e-22, nan 
80.125, 68.625, 8.611307410770803e-22, nan 
80.375, 68.625, 8.294729765217492e-22, nan 
80.625, 68.625, 1.0531616445874795e-21, nan 
80.875, 68.625, 9.718646139652504e-22, nan 
81.125, 68.625, 9.352874362396637e-22, nan 
81.375, 68.625, 9.82430772677053e-22, nan 
81.625, 68.625, 1.0840437905158231e-21, nan 
81.875, 68.625, 1.0654359106457269e-21, nan 
82.125, 68.625, 1.0605825575298716e-21, nan 
82.375, 68.625, 9.056075682390343e-22, nan 
82.625, 68.625, 6.349257900289651e-22, nan 
82.875, 68.625, 8.869502274066643e-22, nan 
83.125, 68.625, 5.913067106932324e-22, nan 
83.375, 68.625, 4.29598278995518e-22, nan 
83.625, 68.625, 1.0821704809020756e-21, nan 
83.875, 68.625, 9.79324810018138e-22, nan 
84.125, 68.625, 8.714260788788274e-22, nan 
84.375, 68.625, 1.6965886740264642e-21, nan 
84.625, 68.625, 1.8645478962660053e-21, nan 
84.875, 68.625, 1.6127243099393438e-21, nan 
85.125, 68.625, 2.1085842646059916e-21, nan 
85.375, 68.625, 2.3022091487681987e-21, nan 
85.625, 68.625, 1.7472875965829058e-21, nan 
85.875, 68.625, 2.6650488865884207e-21, nan 
86.125, 68.625, 3.397032322138944e-21, nan 
86.375, 68.625, 2.7695352403544734e-21, nan 
86.625, 68.625, 1.783704887626687e-21, nan 
86.875, 68.625, 2.0180729293986582e-21, nan 
87.125, 68.625, 3.602965472536753e-21, nan 
87.375, 68.625, 2.942801705114689e-21, nan 
87.625, 68.625, 3.985367145898552e-21, nan 
87.875, 68.625, 3.8501000952730546e-21, nan 
88.125, 68.625, 2.448306708010616e-21, nan 
88.375, 68.625, 2.1508831159908133e-21, nan 
88.625, 68.625, 2.503538214914355e-21, nan 
88.875, 68.625, 2.1775418273266452e-21, nan 
89.125, 68.625, 2.881654568246594e-21, nan 
89.375, 68.625, 1.1150563022758171e-21, nan 
89.625, 68.625, 2.7868109105785786e-21, nan 
89.875, 68.625, 2.9122382227490725e-21, nan 
90.125, 68.625, 2.6546885970709587e-21, nan 
90.375, 68.625, 4.742028813111052e-21, nan 
90.625, 68.625, 3.6813180144809e-21, nan 
90.875, 68.625, 4.187138373113479e-21, nan 
91.125, 68.625, 8.039848359769317e-21, nan 
91.375, 68.625, 1.1353949593512633e-20, nan 
91.625, 68.625, 1.1539245797429497e-20, nan 
91.875, 68.625, 1.3298914926506311e-20, nan 
92.125, 68.625, 1.570839121701147e-20, nan 
92.375, 68.625, 1.7425790431250552e-20, nan 
92.625, 68.625, 1.0236024096530406e-20, nan 
92.875, 68.625, 1.5534913910545656e-20, nan 
93.125, 68.625, 1.707304514820641e-20, nan 
93.375, 68.625, 2.1115604566759823e-20, nan 
93.625, 68.625, 2.812535740676833e-20, nan 
93.875, 68.625, 1.649779034424391e-20, nan 
94.125, 68.625, 2.114047172392092e-20, nan 
94.375, 68.625, 2.3206096211054678e-20, nan 
94.625, 68.625, 3.341297699901903e-20, nan 
94.875, 68.625, 3.4543357234457484e-20, nan 
95.125, 68.625, 3.525360866974875e-20, nan 
95.375, 68.625, 4.9812684683254365e-20, nan 
95.625, 68.625, 2.977109269962548e-20, nan 
95.875, 68.625, 3.9313508765931734e-20, nan 
96.125, 68.625, 2.692886886364589e-20, nan 
96.375, 68.625, 2.7918867696180345e-20, nan 
96.625, 68.625, 3.5307076517024626e-20, nan 
96.875, 68.625, 1.3601020706896032e-20, nan 
97.125, 68.625, 7.053845499981874e-20, nan 
97.375, 68.625, 9.232380343426131e-20, nan 
97.625, 68.625, 7.485362531257611e-20, nan 
97.875, 68.625, 1.6672627563214095e-19, nan 
98.125, 68.625, 2.771022104293875e-19, nan 
98.375, 68.625, 4.2409340610442003e-19, nan 
98.625, 68.625, 4.0871031849594007e-19, nan 
98.875, 68.625, 4.072121427002074e-19, nan 
99.125, 68.625, 8.952673421691432e-19, nan 
99.375, 68.625, 1.4205780883533648e-18, nan 
99.625, 68.625, 1.1755633079861635e-18, nan 
99.875, 68.625, 1.4496318982481646e-18, nan 
100.125, 68.625, 1.0096425645346889e-18, nan 
100.375, 68.625, 1.3311975177494214e-18, nan 
100.625, 68.625, 3.667713624055799e-18, nan 
100.875, 68.625, 3.723496315227158e-18, nan 
101.125, 68.625, 2.6927554722207395e-18, nan 
101.375, 68.625, 1.472428292521032e-17, nan 
101.625, 68.625, 2.514443557759458e-17, nan 
101.875, 68.625, 2.8497309644008137e-17, nan 
102.125, 68.625, 2.4773353741826683e-17, nan 
102.375, 68.625, 2.325289757578538e-17, nan 
102.625, 68.625, 1.0798886901850532e-17, nan 
102.875, 68.625, 6.772741201685508e-18, nan 
103.125, 68.625, 5.245192699174833e-18, nan 
103.375, 68.625, 2.8360953412540997e-18, nan 
103.625, 68.625, 1.957367642522722e-18, nan 
103.875, 68.625, 1.1476649608955706e-18, nan 
104.125, 68.625, 6.642765020495831e-19, nan 
104.375, 68.625, 5.196631406342356e-19, nan 
104.625, 68.625, 4.481762342774679e-19, nan 
104.875, 68.625, 3.1225865268131737e-19, nan 
105.125, 68.625, 3.9723024850681983e-19, nan 
105.375, 68.625, 3.9593864179969866e-19, nan 
105.625, 68.625, 2.2274105730174845e-19, nan 
105.875, 68.625, 1.9481863360517093e-19, nan 
106.125, 68.625, 2.117415914503175e-19, nan 
106.375, 68.625, 2.0813483175866442e-19, nan 
106.625, 68.625, 1.464553890806931e-19, nan 
106.875, 68.625, 1.5632468663116314e-19, nan 
107.125, 68.625, 1.0423618350382359e-19, nan 
107.375, 68.625, 9.865977279334976e-20, nan 
107.625, 68.625, 1.1828263669529403e-19, nan 
107.875, 68.625, 8.599483700548772e-20, nan 
108.125, 68.625, 5.867107023194001e-20, nan 
108.375, 68.625, 4.6583689823601046e-20, nan 
108.625, 68.625, 5.429183135405795e-20, nan 
108.875, 68.625, 5.613188960208922e-20, nan 
109.125, 68.625, 4.0416990102908586e-20, nan 
109.375, 68.625, 4.127139212211673e-20, nan 
109.625, 68.625, 2.742248832522875e-20, nan 
109.875, 68.625, 2.208504528360431e-20, nan 
110.125, 68.625, 1.9471774674139167e-20, nan 
110.375, 68.625, 1.6289315657331323e-20, nan 
110.625, 68.625, 1.880673222750684e-20, nan 
110.875, 68.625, 1.411079771576769e-20, nan 
111.125, 68.625, 1.0864872319551789e-20, nan 
111.375, 68.625, 1.3707697610186083e-20, nan 
111.625, 68.625, 1.6872164051664072e-20, nan 
111.875, 68.625, 1.3296297784652499e-20, nan 
112.125, 68.625, 1.208438327102349e-20, nan 
112.375, 68.625, 1.6079625451172393e-20, nan 
112.625, 68.625, 1.370015076344435e-20, nan 
112.875, 68.625, 9.644999978399626e-21, nan 
113.125, 68.625, 1.7853373929033368e-20, nan 
113.375, 68.625, 1.5711089821987928e-20, nan 
113.625, 68.625, 1.5072917509756842e-20, nan 
113.875, 68.625, 1.4980711356901855e-20, nan 
114.125, 68.625, 1.0610721430995295e-20, nan 
114.375, 68.625, 7.27502717542851e-21, nan 
114.625, 68.625, 7.83042601414974e-21, nan 
114.875, 68.625, 2.374546496067704e-21, nan 
115.125, 68.625, 2.3720764021822987e-21, nan 
115.375, 68.625, 2.322346869736436e-21, nan 
115.625, 68.625, 1.611793679376804e-21, nan 
115.875, 68.625, 1.570203214287968e-21, nan 
116.125, 68.625, 1.411947235080615e-21, nan 
116.375, 68.625, 1.6909144699606798e-21, nan 
116.625, 68.625, 1.7120649513458115e-21, nan 
116.875, 68.625, 1.6123604952109844e-21, nan 
117.125, 68.625, 1.694797602557505e-21, nan 
117.375, 68.625, 1.3603642468428097e-21, nan 
117.625, 68.625, 1.3263571850895573e-21, nan 
117.875, 68.625, 9.017317419493382e-22, nan 
118.125, 68.625, 1.0887885475927257e-21, nan 
118.375, 68.625, 1.6824644852589703e-21, nan 
118.625, 68.625, 1.7336348640599587e-21, nan 
118.875, 68.625, 1.4871803722395884e-21, nan 
119.125, 68.625, 1.0737188322332459e-21, nan 
119.375, 68.625, 2.0007146063279282e-21, nan 
119.625, 68.625, 2.2757419123122885e-21, nan 
119.875, 68.625, 1.6931011005525526e-21, nan 
120.125, 68.625, 2.282902937936318e-21, nan 
120.375, 68.625, 1.6921283577481562e-21, nan 
120.625, 68.625, 1.4484053654721791e-21, nan 
120.875, 68.625, 1.2595721890895992e-21, nan 
121.125, 68.625, 1.148228018967121e-21, nan 
121.375, 68.625, 7.757842144137744e-22, nan 
121.625, 68.625, 6.256890921493454e-22, nan 
121.875, 68.625, 6.079662250078999e-22, nan 
122.125, 68.625, 3.6611974750078455e-22, nan 
122.375, 68.625, 4.122919988471138e-22, nan 
122.625, 68.625, 3.337087482564698e-22, nan 
122.875, 68.625, 4.72990508552515e-22, nan 
123.125, 68.625, 5.726485206248329e-22, nan 
123.375, 68.625, 4.773173783165742e-22, nan 
123.625, 68.625, 3.755177995590049e-22, nan 
123.875, 68.625, 4.1595259091667685e-22, nan 
124.125, 68.625, 4.0525200004191885e-22, nan 
124.375, 68.625, 3.174646747923333e-22, nan 
124.625, 68.625, 2.4554518324371603e-22, nan 
124.875, 68.625, 4.623202334285521e-22, nan 
125.125, 68.625, 5.458120808668392e-22, nan 
125.375, 68.625, 4.848617752898314e-22, nan 
125.625, 68.625, 4.3022056107725705e-22, nan 
125.875, 68.625, 3.02787989899128e-22, nan 
126.125, 68.625, 2.9976138570489705e-22, nan 
126.375, 68.625, 1.5284784580243586e-22, nan 
126.625, 68.625, 1.915441359391295e-22, nan 
126.875, 68.625, 3.780768014616056e-22, nan 
127.125, 68.625, 2.3350962262845503e-22, nan 
127.375, 68.625, 1.9992603880592145e-22, nan 
127.625, 68.625, 1.4154802207397725e-22, nan 
127.875, 68.625, 1.401957746234741e-22, nan 
128.125, 68.625, 1.5152020427930193e-22, nan 
128.375, 68.625, 1.4178754754450347e-22, nan 
128.625, 68.625, 1.049229474012121e-22, nan 
128.875, 68.625, 1.0940646294925004e-22, nan 
129.125, 68.625, 1.0572985890751141e-22, nan 
129.375, 68.625, 1.0630180136154012e-22, nan 
129.625, 68.625, 9.66834392086077e-23, nan 
129.875, 68.625, 1.0586416492385811e-22, nan 
130.125, 68.625, 1.0641255259783608e-22, nan 
130.375, 68.625, 9.882201241761244e-23, nan 
130.625, 68.625, 7.992305683535061e-23, nan 
130.875, 68.625, 6.03410972956478e-23, nan 
131.125, 68.625, 2.681044884255465e-23, nan 
131.375, 68.625, 5.924692630316956e-23, nan 
131.625, 68.625, 6.2005683386081e-23, nan 
131.875, 68.625, 4.427367251547433e-23, nan 
132.125, 68.625, 4.54291453121628e-23, nan 
132.375, 68.625, 7.191168670007077e-23, nan 
132.625, 68.625, 9.654435576258147e-23, nan 
132.875, 68.625, 7.862133312888738e-23, nan 
133.125, 68.625, 7.654905402659574e-23, nan 
133.375, 68.625, 9.008276138425357e-23, nan 
133.625, 68.625, 6.812832396646035e-23, nan 
133.875, 68.625, 8.649374382252848e-23, nan 
134.125, 68.625, 1.0529172589965143e-22, nan 
134.375, 68.625, 8.506385705829644e-23, nan 
134.625, 68.625, 8.949189889610675e-23, nan 
134.875, 68.625, 8.326946455496799e-23, nan 
135.125, 68.625, 7.847128316342218e-23, nan 
135.375, 68.625, 9.655761021402727e-23, nan 
135.625, 68.625, 1.3528224600722636e-22, nan 
135.875, 68.625, 1.75799255717396e-22, nan 
136.125, 68.625, 1.693304421734413e-22, nan 
136.375, 68.625, 1.6626635896637287e-22, nan 
136.625, 68.625, 1.88073324384199e-22, nan 
136.875, 68.625, 1.6091437628865635e-22, nan 
137.125, 68.625, 1.1803344789188114e-22, nan 
137.375, 68.625, 6.548884324307923e-23, nan 
137.625, 68.625, 1.661033538222951e-23, nan 
137.875, 68.625, 3.714128153305631e-23, nan 
138.125, 68.625, 5.020076887583182e-23, nan 
138.375, 68.625, 8.826947009334077e-23, nan 
138.625, 68.625, 1.1800215998563722e-22, nan 
138.875, 68.625, 9.823397578445154e-23, nan 
139.125, 68.625, 9.966544314849087e-23, nan 
139.375, 68.625, 1.0514225449350999e-22, nan 
139.625, 68.625, 7.496355621035685e-23, nan 
139.875, 68.625, 4.279500532852157e-23, nan 
140.125, 68.625, 1.4397769881696e-23, nan 
140.375, 68.625, 2.3633525708178255e-23, nan 
140.625, 68.625, 1.7005234507103332e-23, nan 
140.875, 68.625, 1.6279173182879815e-23, nan 
141.125, 68.625, 2.3236055601695474e-23, nan 
141.375, 68.625, 1.9379948236331827e-23, nan 
141.625, 68.625, 1.2320126271362962e-23, nan 
141.875, 68.625, 1.6320300837746577e-23, nan 
142.125, 68.625, 1.6248419239447723e-23, nan 
142.375, 68.625, 9.912845771361814e-24, nan 
142.625, 68.625, 1.4120258707665914e-23, nan 
142.875, 68.625, 1.37588619990285e-23, nan 
143.125, 68.625, 9.814585582667686e-24, nan 
143.375, 68.625, 2.0409434243614922e-23, nan 
143.625, 68.625, 1.5022368387760135e-23, nan 
143.875, 68.625, 1.1972621540873099e-23, nan 
144.125, 68.625, 1.1212978516321395e-23, nan 
144.375, 68.625, 1.017442761619266e-23, nan 
144.625, 68.625, 1.0423547755364346e-23, nan 
144.875, 68.625, 1.3613925861805507e-23, nan 
145.125, 68.625, 1.2271818415304412e-23, nan 
145.375, 68.625, 1.0915134793566967e-23, nan 
145.625, 68.625, 1.3508405540931953e-23, nan 
145.875, 68.625, 1.283755307862205e-23, nan 
146.125, 68.625, 8.659838120838871e-24, nan 
146.375, 68.625, 5.993417506939844e-24, nan 
146.625, 68.625, 5.2501819204837014e-24, nan 
146.875, 68.625, 6.3739848292322785e-24, nan 
147.125, 68.625, 5.115664299319855e-24, nan 
147.375, 68.625, 5.554685876782963e-24, nan 
147.625, 68.625, 1.1940178057491276e-23, nan 
147.875, 68.625, 1.0650944566183879e-23, nan 
148.125, 68.625, 7.590295004772376e-24, nan 
148.375, 68.625, 1.516358922356542e-23, nan 
148.625, 68.625, 1.6832191019930165e-23, nan 
148.875, 68.625, 1.070989772189367e-23, nan 
149.125, 68.625, 1.0105182777808275e-23, nan 
149.375, 68.625, 1.993281626276105e-23, nan 
149.625, 68.625, 1.3375524914380138e-23, nan 
149.875, 68.625, 1.716889102197814e-23, nan 
150.125, 68.625, 1.1810454717322929e-23, nan 
150.375, 68.625, 8.348647277805899e-24, nan 
150.625, 68.625, 1.2091774167056083e-23, nan 
150.875, 68.625, 4.614278822043795e-24, nan 
151.125, 68.625, 5.367086821171604e-24, nan 
151.375, 68.625, 5.846036236032852e-24, nan 
151.625, 68.625, 1.0679604213948381e-23, nan 
151.875, 68.625, 8.389090095476257e-24, nan 
152.125, 68.625, 8.274307070524405e-24, nan 
152.375, 68.625, 8.696005864288358e-24, nan 
152.625, 68.625, 5.9613678914009954e-24, nan 
152.875, 68.625, 7.100472226840565e-24, nan 
153.125, 68.625, 7.696956620166521e-24, nan 
153.375, 68.625, 5.6625064627616025e-24, nan 
153.625, 68.625, 5.848066994745011e-24, nan 
153.875, 68.625, 4.474551720141865e-24, nan 
154.125, 68.625, 3.4533609913406284e-24, nan 
154.375, 68.625, 4.160610019061681e-24, nan 
154.625, 68.625, 5.9385790454615106e-24, nan 
154.875, 68.625, 6.617567351781962e-24, nan 
155.125, 68.625, 8.15272654023135e-24, nan 
155.375, 68.625, 8.593701569632452e-24, nan 
155.625, 68.625, 4.9902891945115354e-24, nan 
155.875, 68.625, 6.694644586149364e-24, nan 
156.125, 68.625, 6.894974630895308e-24, nan 
156.375, 68.625, 5.214285052126313e-24, nan 
156.625, 68.625, 4.305757620802966e-24, nan 
156.875, 68.625, 4.683482938028767e-24, nan 
157.125, 68.625, 4.6149758803733844e-24, nan 
157.375, 68.625, 4.211419775453906e-24, nan 
157.625, 68.625, 4.292613644299827e-24, nan 
157.875, 68.625, 3.716767745615773e-24, nan 
158.125, 68.625, 3.401783089590225e-24, nan 
158.375, 68.625, 3.1610516614219856e-24, nan 
158.625, 68.625, 3.8433428728616736e-24, nan 
158.875, 68.625, 5.033065725098123e-24, nan 
159.125, 68.625, 2.9313877295451652e-24, nan 
159.375, 68.625, 3.0988560065228158e-24, nan 
159.625, 68.625, 3.539838034384357e-24, nan 
159.875, 68.625, 3.352514808666075e-24, nan 
160.125, 68.625, 5.258076882441128e-24, nan 
160.375, 68.625, 4.069492634800731e-24, nan 
160.625, 68.625, 6.109633573606352e-24, nan 
160.875, 68.625, 9.942351593077727e-24, nan 
161.125, 68.625, 7.390355316361668e-24, nan 
161.375, 68.625, 5.613941159092058e-24, nan 
161.625, 68.625, 8.711538138400937e-24, nan 
161.875, 68.625, 6.865869015609231e-24, nan 
162.125, 68.625, 3.693796435255636e-24, nan 
162.375, 68.625, 2.743677914039164e-24, nan 
162.625, 68.625, 1.9032591449955008e-24, nan 
162.875, 68.625, 2.809042098149913e-24, nan 
163.125, 68.625, 3.525810184636068e-24, nan 
163.375, 68.625, 2.7265250888933675e-24, nan 
163.625, 68.625, 1.7322746716029075e-24, nan 
163.875, 68.625, 1.7348768110940954e-24, nan 
164.125, 68.625, 1.2114906432586744e-24, nan 
164.375, 68.625, 1.4684942182742552e-24, nan 
164.625, 68.625, 1.9188075633199325e-24, nan 
164.875, 68.625, 8.413177773273128e-25, nan 
165.125, 68.625, 1.8364728193988777e-24, nan 
165.375, 68.625, 1.5008464253902443e-24, nan 
165.625, 68.625, 1.8992188008306272e-24, nan 
165.875, 68.625, 1.9709699176324924e-24, nan 
166.125, 68.625, 2.591274263662053e-24, nan 
166.375, 68.625, 2.905652576067831e-24, nan 
166.625, 68.625, 2.9033468503424696e-24, nan 
166.875, 68.625, 2.4584416626555136e-24, nan 
167.125, 68.625, 1.6821794959398357e-24, nan 
167.375, 68.625, 2.6755009967479235e-24, nan 
167.625, 68.625, 2.9497268694556327e-24, nan 
167.875, 68.625, 1.0355378718877776e-24, nan 
168.125, 68.625, 1.1248836930039291e-24, nan 
168.375, 68.625, 2.298768847346156e-24, nan 
168.625, 68.625, 3.0015897513733813e-24, nan 
168.875, 68.625, 3.6150303084700716e-24, nan 
169.125, 68.625, 2.5650064627940256e-24, nan 
169.375, 68.625, 2.4222309264965764e-24, nan 
169.625, 68.625, 1.8592433885081548e-24, nan 
169.875, 68.625, 1.4603254544836229e-24, nan 
170.125, 68.625, 2.2317026089958056e-24, nan 
170.375, 68.625, 2.320924333526024e-24, nan 
170.625, 68.625, 2.4974179451022952e-24, nan 
170.875, 68.625, 1.4267574785313641e-24, nan 
171.125, 68.625, 3.364695588581334e-24, nan 
171.375, 68.625, 3.148316111384799e-24, nan 
31.125, 68.875, 8.425050447021368e-25, nan 
31.375, 68.875, 1.0027057877627333e-24, nan 
31.625, 68.875, 9.005661252200193e-25, nan 
31.875, 68.875, 7.489842367069643e-25, nan 
32.125, 68.875, 9.549321902563992e-25, nan 
32.375, 68.875, 8.754733578110992e-25, nan 
32.625, 68.875, 8.17927580553862e-25, nan 
32.875, 68.875, 1.0370645039669842e-24, nan 
33.125, 68.875, 1.2977498692403711e-24, nan 
33.375, 68.875, 6.856395741092836e-25, nan 
33.625, 68.875, 8.519381032260418e-25, nan 
33.875, 68.875, 1.3502491149929788e-24, nan 
34.125, 68.875, 1.137561426857225e-24, nan 
34.375, 68.875, 8.78218427398823e-25, nan 
34.625, 68.875, 1.8271664067184752e-24, nan 
34.875, 68.875, 1.390428158436119e-24, nan 
35.125, 68.875, 1.496127032490788e-24, nan 
35.375, 68.875, 1.2868405836405036e-24, nan 
35.625, 68.875, 1.376526729553132e-24, nan 
35.875, 68.875, 1.1045402405015625e-24, nan 
36.125, 68.875, 1.9547559143523197e-24, nan 
36.375, 68.875, 1.240491050662389e-24, nan 
36.625, 68.875, 1.4937107035810933e-24, nan 
36.875, 68.875, 9.82930985013773e-25, nan 
37.125, 68.875, 1.3526242174079178e-24, nan 
37.375, 68.875, 1.4947070527398337e-24, nan 
37.625, 68.875, 1.2527487507136481e-24, nan 
37.875, 68.875, 1.7606104475253674e-24, nan 
38.125, 68.875, 2.3904424029738405e-24, nan 
38.375, 68.875, 2.2516343015219726e-24, nan 
38.625, 68.875, 1.856128711741743e-24, nan 
38.875, 68.875, 1.64605020096886e-24, nan 
39.125, 68.875, 1.154166438879644e-24, nan 
39.375, 68.875, 1.5204666140044366e-24, nan 
39.625, 68.875, 2.6077772979188233e-24, nan 
39.875, 68.875, 4.363205857339915e-24, nan 
40.125, 68.875, 4.415889717003424e-24, nan 
40.375, 68.875, 3.4494500730049306e-24, nan 
40.625, 68.875, 5.545680108501087e-24, nan 
40.875, 68.875, 4.128926515076567e-24, nan 
41.125, 68.875, 3.595908676185495e-24, nan 
41.375, 68.875, 5.547466049861477e-24, nan 
41.625, 68.875, 3.521287263236081e-24, nan 
41.875, 68.875, 2.5706645373709066e-24, nan 
42.125, 68.875, 3.3517037729956445e-24, nan 
42.375, 68.875, 4.2362549838051925e-24, nan 
42.625, 68.875, 3.649871357961221e-24, nan 
42.875, 68.875, 2.5999657696234537e-24, nan 
43.125, 68.875, 4.7821924333709216e-24, nan 
43.375, 68.875, 2.0264613741418635e-24, nan 
43.625, 68.875, 2.3624793065531232e-24, nan 
43.875, 68.875, 2.842147052757484e-24, nan 
44.125, 68.875, 7.597344269143223e-25, nan 
44.375, 68.875, 1.9057259896386087e-24, nan 
44.625, 68.875, 2.5876559778405093e-24, nan 
44.875, 68.875, 2.2955722476645718e-24, nan 
45.125, 68.875, 3.1593355610881277e-24, nan 
45.375, 68.875, 3.06037854767908e-24, nan 
45.625, 68.875, 3.2759696781478426e-24, nan 
45.875, 68.875, 3.1384817057227904e-24, nan 
46.125, 68.875, 1.7218152170876988e-24, nan 
46.375, 68.875, 4.1915692974181084e-24, nan 
46.625, 68.875, 3.923702031372269e-24, nan 
46.875, 68.875, 4.3628337421728874e-24, nan 
47.125, 68.875, 3.840775371948628e-24, nan 
47.375, 68.875, 3.92418685810046e-24, nan 
47.625, 68.875, 4.7884089606400564e-24, nan 
47.875, 68.875, 2.9247596558975747e-24, nan 
48.125, 68.875, 1.4559098480539052e-24, nan 
48.375, 68.875, 2.1620425879684365e-24, nan 
48.625, 68.875, 2.7305903491576855e-24, nan 
48.875, 68.875, 2.4912989437726384e-24, nan 
49.125, 68.875, 3.679700595996398e-24, nan 
49.375, 68.875, 4.593240799114046e-24, nan 
49.625, 68.875, 4.847078602029737e-24, nan 
49.875, 68.875, 4.830866649020274e-24, nan 
50.125, 68.875, 4.259400728551938e-24, nan 
50.375, 68.875, 4.44180100881486e-24, nan 
50.625, 68.875, 3.927250482362833e-24, nan 
50.875, 68.875, 2.643022500280432e-24, nan 
51.125, 68.875, 3.0767616124386453e-24, nan 
51.375, 68.875, 4.2834812623951026e-24, nan 
51.625, 68.875, 5.327065043140735e-24, nan 
51.875, 68.875, 5.8845790926292725e-24, nan 
52.125, 68.875, 5.96440401374168e-24, nan 
52.375, 68.875, 6.588505946866916e-24, nan 
52.625, 68.875, 6.345152633180811e-24, nan 
52.875, 68.875, 5.505060155431749e-24, nan 
53.125, 68.875, 6.092941126033693e-24, nan 
53.375, 68.875, 1.0893328633393292e-23, nan 
53.625, 68.875, 1.3801204795039513e-23, nan 
53.875, 68.875, 1.3427912413383266e-23, nan 
54.125, 68.875, 1.4756604839421347e-23, nan 
54.375, 68.875, 1.5180423086477262e-23, nan 
54.625, 68.875, 1.5306644296874122e-23, nan 
54.875, 68.875, 1.4635870139013892e-23, nan 
55.125, 68.875, 1.1156746858191646e-23, nan 
55.375, 68.875, 9.734264592080207e-24, nan 
55.625, 68.875, 7.286177053285392e-24, nan 
55.875, 68.875, 9.532934520042107e-24, nan 
56.125, 68.875, 8.417029124629071e-24, nan 
56.375, 68.875, 1.6303641488087686e-23, nan 
56.625, 68.875, 1.392933306429161e-23, nan 
56.875, 68.875, 1.9384787675098625e-23, nan 
57.125, 68.875, 1.7511316292877393e-23, nan 
57.375, 68.875, 1.5716622217216128e-23, nan 
57.625, 68.875, 1.5050085267368062e-23, nan 
57.875, 68.875, 1.6027221711532404e-23, nan 
58.125, 68.875, 1.43677805334884e-23, nan 
58.375, 68.875, 1.3902766226850732e-23, nan 
58.625, 68.875, 1.3040392291626825e-23, nan 
58.875, 68.875, 1.2861217383866722e-23, nan 
59.125, 68.875, 1.524227769442095e-23, nan 
59.375, 68.875, 1.234961530793239e-23, nan 
59.625, 68.875, 1.6604319157267303e-23, nan 
59.875, 68.875, 1.7078025588417442e-23, nan 
60.125, 68.875, 1.768485695821158e-23, nan 
60.375, 68.875, 2.8059355394764865e-23, nan 
60.625, 68.875, 3.612783541166974e-23, nan 
60.875, 68.875, 2.6291629933280118e-23, nan 
61.125, 68.875, 3.161513000924537e-23, nan 
61.375, 68.875, 3.51587938745975e-23, nan 
61.625, 68.875, 2.9633014724202273e-23, nan 
61.875, 68.875, 2.0280368008765903e-23, nan 
62.125, 68.875, 1.4255748943286804e-23, nan 
62.375, 68.875, 2.0233575496782904e-23, nan 
62.625, 68.875, 2.0653055478687702e-23, nan 
62.875, 68.875, 1.3811797242802522e-23, nan 
63.125, 68.875, 4.901513027540995e-24, nan 
63.375, 68.875, 2.7581753682031523e-24, nan 
63.625, 68.875, 1.0419014653046212e-23, nan 
63.875, 68.875, 1.87094400679466e-23, nan 
64.125, 68.875, 1.719567629634217e-23, nan 
64.375, 68.875, 2.1808307838338142e-23, nan 
64.625, 68.875, 2.2136852868680717e-23, nan 
64.875, 68.875, 3.0521728150165726e-23, nan 
65.125, 68.875, 3.1032401761031383e-23, nan 
65.375, 68.875, 1.1137274076067087e-23, nan 
65.625, 68.875, 4.521554468375047e-23, nan 
65.875, 68.875, 2.771855146361329e-23, nan 
66.125, 68.875, 2.8352142788713557e-23, nan 
66.375, 68.875, 4.98043027751872e-23, nan 
66.625, 68.875, 3.541269694828753e-23, nan 
66.875, 68.875, 2.7165536446467245e-23, nan 
67.125, 68.875, 3.52193575340174e-23, nan 
67.375, 68.875, 5.371018809492062e-23, nan 
67.625, 68.875, 3.854451552693836e-23, nan 
67.875, 68.875, 5.324636088452407e-23, nan 
68.125, 68.875, 6.409318275122902e-23, nan 
68.375, 68.875, 5.615946863711061e-23, nan 
68.625, 68.875, 5.096740928000848e-23, nan 
68.875, 68.875, 3.97622500246315e-23, nan 
69.125, 68.875, 7.848254662365655e-23, nan 
69.375, 68.875, 8.058945115645708e-23, nan 
69.625, 68.875, 8.306308741545342e-23, nan 
69.875, 68.875, 9.09501496550628e-23, nan 
70.125, 68.875, 1.0909807642111481e-22, nan 
70.375, 68.875, 1.2885893465524305e-22, nan 
70.625, 68.875, 1.2064054170980813e-22, nan 
70.875, 68.875, 1.2306887624507443e-22, nan 
71.125, 68.875, 9.999600774714862e-23, nan 
71.375, 68.875, 1.312347367984332e-22, nan 
71.625, 68.875, 1.433991856390071e-22, nan 
71.875, 68.875, 6.530052331382068e-23, nan 
72.125, 68.875, 4.450150556016002e-23, nan 
72.375, 68.875, 7.567364958080923e-23, nan 
72.625, 68.875, 8.259685379822408e-23, nan 
72.875, 68.875, 6.920914967529103e-23, nan 
73.125, 68.875, 4.712736566473862e-23, nan 
73.375, 68.875, 8.390940820580726e-23, nan 
73.625, 68.875, 8.745765328852548e-23, nan 
73.875, 68.875, 1.9152260611917058e-22, nan 
74.125, 68.875, 3.663949788717619e-22, nan 
74.375, 68.875, 3.614934280285633e-22, nan 
74.625, 68.875, 2.175978802860552e-22, nan 
74.875, 68.875, 1.525047457248635e-22, nan 
75.125, 68.875, 1.2617102255018755e-22, nan 
75.375, 68.875, 7.147639236360881e-23, nan 
75.625, 68.875, 1.3223800336725608e-22, nan 
75.875, 68.875, 1.6090376860526527e-22, nan 
76.125, 68.875, 1.5772394533251816e-22, nan 
76.375, 68.875, 2.789410688428739e-22, nan 
76.625, 68.875, 2.607689242039203e-22, nan 
76.875, 68.875, 1.9064799520114024e-22, nan 
77.125, 68.875, 3.673017120850844e-22, nan 
77.375, 68.875, 1.1645216433388218e-22, nan 
77.625, 68.875, 1.5624748479682164e-22, nan 
77.875, 68.875, 2.0601263001407704e-22, nan 
78.125, 68.875, 2.253478981811619e-22, nan 
78.375, 68.875, 2.126022455728896e-22, nan 
78.625, 68.875, 1.6052257287309819e-22, nan 
78.875, 68.875, 1.992086045354714e-22, nan 
79.125, 68.875, 1.9096802127517868e-22, nan 
79.375, 68.875, 2.752616384583033e-22, nan 
79.625, 68.875, 2.7343411456964173e-22, nan 
79.875, 68.875, 1.5404290863532148e-22, nan 
80.125, 68.875, 3.2269874191741684e-22, nan 
80.375, 68.875, 2.701847289327439e-22, nan 
80.625, 68.875, 3.7872622701555243e-22, nan 
80.875, 68.875, 4.995903860759826e-22, nan 
81.125, 68.875, 5.134028396321711e-22, nan 
81.375, 68.875, 7.082927622556969e-22, nan 
81.625, 68.875, 7.235200700679069e-22, nan 
81.875, 68.875, 1.6282787414193187e-21, nan 
82.125, 68.875, 1.5817428506378254e-21, nan 
82.375, 68.875, 1.0357740968561219e-21, nan 
82.625, 68.875, 2.29265710981732e-21, nan 
82.875, 68.875, 1.7311893199704156e-21, nan 
83.125, 68.875, 1.2123021948802813e-21, nan 
83.375, 68.875, 1.2556467942692799e-21, nan 
83.625, 68.875, 2.17245637252586e-21, nan 
83.875, 68.875, 1.8356672161011724e-21, nan 
84.125, 68.875, 4.835706030221813e-22, nan 
84.375, 68.875, 1.4221292991655942e-21, nan 
84.625, 68.875, 1.3029455827747933e-21, nan 
84.875, 68.875, 1.818657297856687e-21, nan 
85.125, 68.875, 1.770052166711097e-21, nan 
85.375, 68.875, 1.8432903810256973e-21, nan 
85.625, 68.875, 2.400945464193302e-21, nan 
85.875, 68.875, 2.575685136310015e-21, nan 
86.125, 68.875, 2.965036019088343e-21, nan 
86.375, 68.875, 2.8800951827404945e-21, nan 
86.625, 68.875, 2.2778640319453156e-21, nan 
86.875, 68.875, 1.6053746209288992e-21, nan 
87.125, 68.875, 1.8047877573279936e-21, nan 
87.375, 68.875, 3.651417272091933e-21, nan 
87.625, 68.875, 5.888761432475887e-21, nan 
87.875, 68.875, 4.529238247617422e-21, nan 
88.125, 68.875, 4.839669888622274e-21, nan 
88.375, 68.875, 7.61459653923038e-21, nan 
88.625, 68.875, 5.811723594047056e-21, nan 
88.875, 68.875, 5.9696188452574326e-21, nan 
89.125, 68.875, 4.590425028692703e-21, nan 
89.375, 68.875, 3.4487607950178614e-21, nan 
89.625, 68.875, 9.41943441893509e-21, nan 
89.875, 68.875, 5.3148843704447166e-21, nan 
90.125, 68.875, 2.0643350164925824e-21, nan 
90.375, 68.875, 5.317108680335888e-21, nan 
90.625, 68.875, 5.530345696799369e-21, nan 
90.875, 68.875, 6.952117276286925e-21, nan 
91.125, 68.875, 6.572525519885013e-21, nan 
91.375, 68.875, 8.822320329378515e-21, nan 
91.625, 68.875, 1.0998549934238524e-20, nan 
91.875, 68.875, 1.6781850330958974e-20, nan 
92.125, 68.875, 1.77436202069732e-20, nan 
92.375, 68.875, 1.84791931073489e-20, nan 
92.625, 68.875, 2.023295277076209e-20, nan 
92.875, 68.875, 2.2816483305273362e-20, nan 
93.125, 68.875, 1.4594446023705807e-20, nan 
93.375, 68.875, 1.2424112774506792e-20, nan 
93.625, 68.875, 2.2984403038300882e-20, nan 
93.875, 68.875, 1.1098638307806243e-20, nan 
94.125, 68.875, 1.482154187692143e-20, nan 
94.375, 68.875, 1.9376408038139842e-20, nan 
94.625, 68.875, 2.0024354969574692e-20, nan 
94.875, 68.875, 2.5627460262272053e-20, nan 
95.125, 68.875, 3.227532060212852e-20, nan 
95.375, 68.875, 3.983047600012566e-20, nan 
95.625, 68.875, 3.727423329388579e-20, nan 
95.875, 68.875, 4.7698842028572663e-20, nan 
96.125, 68.875, 4.000156592384605e-20, nan 
96.375, 68.875, 3.100025591643527e-20, nan 
96.625, 68.875, 5.750466798634872e-20, nan 
96.875, 68.875, 4.8213660664793263e-20, nan 
97.125, 68.875, 4.6714801799533554e-20, nan 
97.375, 68.875, 1.4802620377663788e-19, nan 
97.625, 68.875, 1.358535148872395e-19, nan 
97.875, 68.875, 1.9599760105763926e-19, nan 
98.125, 68.875, 3.8425382641039313e-19, nan 
98.375, 68.875, 5.265096269542277e-19, nan 
98.625, 68.875, 4.9693326268105e-19, nan 
98.875, 68.875, 6.920807225751446e-19, nan 
99.125, 68.875, 1.565027380363097e-18, nan 
99.375, 68.875, 2.4391919093151478e-18, nan 
99.625, 68.875, 1.689184783243318e-18, nan 
99.875, 68.875, 2.3285582597979237e-18, nan 
100.125, 68.875, 4.304874355489554e-18, nan 
100.375, 68.875, 3.771167329969476e-18, nan 
100.625, 68.875, 6.435824642983479e-18, nan 
100.875, 68.875, 1.1635538904692273e-17, nan 
101.125, 68.875, 3.274865101041862e-17, nan 
101.375, 68.875, 5.2562705695511245e-17, nan 
101.625, 68.875, 6.38354532971588e-17, nan 
101.875, 68.875, 1.4519603187839316e-16, nan 
102.125, 68.875, 9.832642584081567e-17, nan 
102.375, 68.875, 4.632472868249295e-17, nan 
102.625, 68.875, 1.916853115820114e-17, nan 
102.875, 68.875, 1.159848566578719e-17, nan 
103.125, 68.875, 6.42532691831526e-18, nan 
103.375, 68.875, 2.1033624292128025e-18, nan 
103.625, 68.875, 1.5151110877926687e-18, nan 
103.875, 68.875, 1.3320765595645163e-18, nan 
104.125, 68.875, 8.719162368083368e-19, nan 
104.375, 68.875, 6.437617368847941e-19, nan 
104.625, 68.875, 4.1882115483935845e-19, nan 
104.875, 68.875, 3.5017048088842683e-19, nan 
105.125, 68.875, 3.470036376118056e-19, nan 
105.375, 68.875, 4.523524079507501e-19, nan 
105.625, 68.875, 3.018911390113e-19, nan 
105.875, 68.875, 2.175664795844824e-19, nan 
106.125, 68.875, 2.458795902488136e-19, nan 
106.375, 68.875, 2.6678409749377334e-19, nan 
106.625, 68.875, 1.4267755349089576e-19, nan 
106.875, 68.875, 1.59111884234868e-19, nan 
107.125, 68.875, 1.1053083245960516e-19, nan 
107.375, 68.875, 1.0213353122271044e-19, nan 
107.625, 68.875, 1.2765543660871876e-19, nan 
107.875, 68.875, 8.358957537856966e-20, nan 
108.125, 68.875, 5.939843773505777e-20, nan 
108.375, 68.875, 5.848368145262284e-20, nan 
108.625, 68.875, 5.731736929132927e-20, nan 
108.875, 68.875, 5.2869548533728025e-20, nan 
109.125, 68.875, 4.073941602658602e-20, nan 
109.375, 68.875, 4.854154652739657e-20, nan 
109.625, 68.875, 2.4114520344642743e-20, nan 
109.875, 68.875, 2.2020974372544087e-20, nan 
110.125, 68.875, 2.7402204951062e-20, nan 
110.375, 68.875, 2.3985645134074106e-20, nan 
110.625, 68.875, 2.6176657699867552e-20, nan 
110.875, 68.875, 1.708379523310275e-20, nan 
111.125, 68.875, 1.5786946234737793e-20, nan 
111.375, 68.875, 1.5561368200410828e-20, nan 
111.625, 68.875, 9.62313536109124e-21, nan 
111.875, 68.875, 7.161354730205903e-21, nan 
112.125, 68.875, 1.0026887136763906e-20, nan 
112.375, 68.875, 1.1770722045147976e-20, nan 
112.625, 68.875, 1.1614869563410202e-20, nan 
112.875, 68.875, 1.0331038064088432e-20, nan 
113.125, 68.875, 1.3275450656060999e-20, nan 
113.375, 68.875, 1.0484596100222217e-20, nan 
113.625, 68.875, 8.664410561599605e-21, nan 
113.875, 68.875, 5.2359259246262765e-21, nan 
114.125, 68.875, 4.678988741686283e-21, nan 
114.375, 68.875, 5.066389231586863e-21, nan 
114.625, 68.875, 3.7109896075986515e-21, nan 
114.875, 68.875, 2.6263346730102568e-21, nan 
115.125, 68.875, 2.1384607297001153e-21, nan 
115.375, 68.875, 1.2263354365599749e-21, nan 
115.625, 68.875, 1.6685840446762289e-21, nan 
115.875, 68.875, 1.5137920599972641e-21, nan 
116.125, 68.875, 1.0706987386849745e-21, nan 
116.375, 68.875, 1.2498465993535972e-21, nan 
116.625, 68.875, 2.23277546981662e-21, nan 
116.875, 68.875, 1.804354999161121e-21, nan 
117.125, 68.875, 2.1852420899161545e-21, nan 
117.375, 68.875, 2.07470564351958e-21, nan 
117.625, 68.875, 1.8445373119589445e-21, nan 
117.875, 68.875, 8.608477753497421e-22, nan 
118.125, 68.875, 1.4709296398366002e-21, nan 
118.375, 68.875, 2.1645677826746196e-21, nan 
118.625, 68.875, 1.002168971662715e-21, nan 
118.875, 68.875, 1.1656490424894313e-21, nan 
119.125, 68.875, 1.6090216612839572e-21, nan 
119.375, 68.875, 1.9550275572552366e-21, nan 
119.625, 68.875, 1.8323126884239424e-21, nan 
119.875, 68.875, 1.766760490178463e-21, nan 
120.125, 68.875, 1.8050370451862867e-21, nan 
120.375, 68.875, 1.5702220128731693e-21, nan 
120.625, 68.875, 1.2046758014434878e-21, nan 
120.875, 68.875, 9.65801331165225e-22, nan 
121.125, 68.875, 8.652085830524114e-22, nan 
121.375, 68.875, 5.458542095887302e-22, nan 
121.625, 68.875, 3.2815701178921146e-22, nan 
121.875, 68.875, 1.4615145144269057e-22, nan 
122.125, 68.875, 4.368940673495235e-22, nan 
122.375, 68.875, 6.335140913501713e-22, nan 
122.625, 68.875, 4.0148346009895993e-22, nan 
122.875, 68.875, 8.885713503505542e-22, nan 
123.125, 68.875, 7.80615575764426e-22, nan 
123.375, 68.875, 4.12015634213198e-22, nan 
123.625, 68.875, 1.054394943538288e-21, nan 
123.875, 68.875, 6.286937260334353e-22, nan 
124.125, 68.875, 5.3086304390023035e-22, nan 
124.375, 68.875, 9.942714479878014e-22, nan 
124.625, 68.875, 8.402149638218529e-22, nan 
124.875, 68.875, 3.651180702576946e-22, nan 
125.125, 68.875, 9.484545277792184e-22, nan 
125.375, 68.875, 8.097114758913781e-22, nan 
125.625, 68.875, 1.7336265697661977e-22, nan 
125.875, 68.875, 4.483860159761138e-22, nan 
126.125, 68.875, 3.720044417203981e-22, nan 
126.375, 68.875, 2.354182747946366e-22, nan 
126.625, 68.875, 1.9057151033884013e-22, nan 
126.875, 68.875, 1.3539158846410405e-22, nan 
127.125, 68.875, 1.5073172632302815e-22, nan 
127.375, 68.875, 7.532586353553635e-23, nan 
127.625, 68.875, 1.670005286779118e-22, nan 
127.875, 68.875, 1.3813236428755613e-22, nan 
128.125, 68.875, 1.142044538776309e-22, nan 
128.375, 68.875, 1.559832920614485e-22, nan 
128.625, 68.875, 1.169708230137037e-22, nan 
128.875, 68.875, 1.3152216609163846e-22, nan 
129.125, 68.875, 7.241302469327323e-23, nan 
129.375, 68.875, 9.768647952405097e-23, nan 
129.625, 68.875, 1.0707547535472405e-22, nan 
129.875, 68.875, 7.787428438407873e-23, nan 
130.125, 68.875, 7.482001955213484e-23, nan 
130.375, 68.875, 6.472191160630308e-23, nan 
130.625, 68.875, 8.535231755297478e-23, nan 
130.875, 68.875, 6.59640482556226e-23, nan 
131.125, 68.875, 3.2814528088231686e-23, nan 
131.375, 68.875, 8.621371682310956e-23, nan 
131.625, 68.875, 5.806123014345122e-23, nan 
131.875, 68.875, 6.30256980455862e-23, nan 
132.125, 68.875, 7.765418342640758e-23, nan 
132.375, 68.875, 5.921756901889959e-23, nan 
132.625, 68.875, 9.108350445974827e-23, nan 
132.875, 68.875, 8.689189954230338e-23, nan 
133.125, 68.875, 1.0274318187349974e-22, nan 
133.375, 68.875, 1.2443434039449037e-22, nan 
133.625, 68.875, 5.308392510549951e-23, nan 
133.875, 68.875, 1.1609812656954988e-22, nan 
134.125, 68.875, 1.2618980778079153e-22, nan 
134.375, 68.875, 8.309035964704572e-23, nan 
134.625, 68.875, 8.568446772693101e-23, nan 
134.875, 68.875, 7.729990741848813e-23, nan 
135.125, 68.875, 8.045919070241474e-23, nan 
135.375, 68.875, 8.924079990036203e-23, nan 
135.625, 68.875, 8.085934306250995e-23, nan 
135.875, 68.875, 5.816187883041235e-23, nan 
136.125, 68.875, 1.0446440613698524e-22, nan 
136.375, 68.875, 1.4130848569165337e-22, nan 
136.625, 68.875, 1.7465547200444873e-22, nan 
136.875, 68.875, 1.4877801136830553e-22, nan 
137.125, 68.875, 1.638379890439274e-22, nan 
137.375, 68.875, 1.7243123529513064e-22, nan 
137.625, 68.875, 1.1942024664245666e-22, nan 
137.875, 68.875, 8.100221396342645e-23, nan 
138.125, 68.875, 1.1867966819936283e-22, nan 
138.375, 68.875, 1.274609745446969e-22, nan 
138.625, 68.875, 1.4931410752971412e-22, nan 
138.875, 68.875, 9.618070013235288e-23, nan 
139.125, 68.875, 9.761672930457854e-23, nan 
139.375, 68.875, 9.995251846597118e-23, nan 
139.625, 68.875, 4.935767740824634e-23, nan 
139.875, 68.875, 1.3941889821229148e-23, nan 
140.125, 68.875, 1.9263169046380037e-23, nan 
140.375, 68.875, 3.136151270719388e-23, nan 
140.625, 68.875, 1.9877554878339512e-23, nan 
140.875, 68.875, 1.029590518226638e-23, nan 
141.125, 68.875, 1.4383237104871475e-23, nan 
141.375, 68.875, 1.898596096875865e-23, nan 
141.625, 68.875, 9.820301725554691e-24, nan 
141.875, 68.875, 1.2919185055520606e-23, nan 
142.125, 68.875, 2.135969789245424e-23, nan 
142.375, 68.875, 1.325965151330789e-23, nan 
142.625, 68.875, 2.2565777768111834e-23, nan 
142.875, 68.875, 2.3512518810178927e-23, nan 
143.125, 68.875, 1.4703726720372047e-23, nan 
143.375, 68.875, 2.6535675114136464e-23, nan 
143.625, 68.875, 2.3909106286288348e-23, nan 
143.875, 68.875, 1.7456099390527662e-23, nan 
144.125, 68.875, 1.1671505757400432e-23, nan 
144.375, 68.875, 1.3046742063305414e-23, nan 
144.625, 68.875, 1.513389650150806e-23, nan 
144.875, 68.875, 1.821696571652051e-23, nan 
145.125, 68.875, 1.5193420036130086e-23, nan 
145.375, 68.875, 1.1867123063118466e-23, nan 
145.625, 68.875, 1.7132853760880686e-23, nan 
145.875, 68.875, 1.5543222488879901e-23, nan 
146.125, 68.875, 9.298399233973655e-24, nan 
146.375, 68.875, 7.179615999354227e-24, nan 
146.625, 68.875, 3.898597547906883e-24, nan 
146.875, 68.875, 3.568328248174806e-24, nan 
147.125, 68.875, 4.628141409977876e-24, nan 
147.375, 68.875, 3.899040436320884e-24, nan 
147.625, 68.875, 4.241689741208124e-24, nan 
147.875, 68.875, 3.233052376062864e-24, nan 
148.125, 68.875, 7.056340733934502e-24, nan 
148.375, 68.875, 1.2312382322231633e-23, nan 
148.625, 68.875, 1.345074462746925e-23, nan 
148.875, 68.875, 7.07634550188906e-24, nan 
149.125, 68.875, 7.287940449009235e-24, nan 
149.375, 68.875, 1.4250425494615196e-23, nan 
149.625, 68.875, 8.962391900549432e-24, nan 
149.875, 68.875, 1.2282008202344446e-23, nan 
150.125, 68.875, 5.683595070545277e-24, nan 
150.375, 68.875, 5.11474622241272e-24, nan 
150.625, 68.875, 4.949761530010223e-24, nan 
150.875, 68.875, 4.057381272753199e-24, nan 
151.125, 68.875, 5.162292016169114e-24, nan 
151.375, 68.875, 6.4463220994556835e-24, nan 
151.625, 68.875, 8.460446988085924e-24, nan 
151.875, 68.875, 9.627596215697379e-24, nan 
152.125, 68.875, 4.449734368197892e-24, nan 
152.375, 68.875, 1.337391096594621e-23, nan 
152.625, 68.875, 1.44830499500172e-23, nan 
152.875, 68.875, 4.212583353462351e-24, nan 
153.125, 68.875, 9.502034782204321e-24, nan 
153.375, 68.875, 9.511808897051654e-24, nan 
153.625, 68.875, 2.7969012483130717e-24, nan 
153.875, 68.875, 4.991140966214728e-24, nan 
154.125, 68.875, 3.154241491515629e-24, nan 
154.375, 68.875, 2.8257065269318545e-24, nan 
154.625, 68.875, 6.236189282021983e-24, nan 
154.875, 68.875, 4.820765014342611e-24, nan 
155.125, 68.875, 5.796634780888324e-24, nan 
155.375, 68.875, 5.410333864566247e-24, nan 
155.625, 68.875, 3.382978650927625e-24, nan 
155.875, 68.875, 4.36967780687808e-24, nan 
156.125, 68.875, 2.7687139193101928e-24, nan 
156.375, 68.875, 2.680444184755023e-24, nan 
156.625, 68.875, 3.632563836390427e-24, nan 
156.875, 68.875, 4.3153803516193475e-24, nan 
157.125, 68.875, 3.961141015093577e-24, nan 
157.375, 68.875, 3.2061722700590427e-24, nan 
157.625, 68.875, 4.8794102455241045e-24, nan 
157.875, 68.875, 5.2695392611126295e-24, nan 
158.125, 68.875, 3.887267578537327e-24, nan 
158.375, 68.875, 2.6209959233011285e-24, nan 
158.625, 68.875, 3.0492720931099488e-24, nan 
158.875, 68.875, 3.3405739124022555e-24, nan 
159.125, 68.875, 1.3026573135039134e-24, nan 
159.375, 68.875, 8.98094595219463e-25, nan 
159.625, 68.875, 1.7263184874318268e-24, nan 
159.875, 68.875, 2.4136275892538945e-24, nan 
160.125, 68.875, 4.538863582069322e-24, nan 
160.375, 68.875, 2.0980744664730567e-24, nan 
160.625, 68.875, 5.170457183339638e-24, nan 
160.875, 68.875, 1.088515955513403e-23, nan 
161.125, 68.875, 8.259835441300963e-24, nan 
161.375, 68.875, 5.695824129077302e-24, nan 
161.625, 68.875, 8.879902419838743e-24, nan 
161.875, 68.875, 6.782626416067567e-24, nan 
162.125, 68.875, 2.9077039710775317e-24, nan 
162.375, 68.875, 2.7181736478718393e-24, nan 
162.625, 68.875, 2.0223709588721167e-24, nan 
162.875, 68.875, 3.560128850834834e-24, nan 
163.125, 68.875, 2.0385761815156957e-24, nan 
163.375, 68.875, 1.2312407611737006e-24, nan 
163.625, 68.875, 1.6500891258082496e-24, nan 
163.875, 68.875, 1.2967983227698618e-24, nan 
164.125, 68.875, 1.2271707356357199e-24, nan 
164.375, 68.875, 1.3362060545006463e-24, nan 
164.625, 68.875, 1.2231329671679519e-24, nan 
164.875, 68.875, 8.699003324527222e-25, nan 
165.125, 68.875, 1.77616339800979e-24, nan 
165.375, 68.875, 2.095939690754975e-24, nan 
165.625, 68.875, 2.6530859684841657e-24, nan 
165.875, 68.875, 2.548330958296454e-24, nan 
166.125, 68.875, 2.8734005492623526e-24, nan 
166.375, 68.875, 3.2895949515748124e-24, nan 
166.625, 68.875, 3.5436370498467105e-24, nan 
166.875, 68.875, 2.0752138231629483e-24, nan 
167.125, 68.875, 2.986988659256395e-24, nan 
167.375, 68.875, 3.355114023377596e-24, nan 
167.625, 68.875, 3.3618092514537884e-24, nan 
167.875, 68.875, 4.832357566777016e-24, nan 
168.125, 68.875, 3.522701578017339e-24, nan 
168.375, 68.875, 3.619241026323753e-24, nan 
168.625, 68.875, 5.181756563918448e-24, nan 
168.875, 68.875, 5.509432693159072e-24, nan 
169.125, 68.875, 6.067497044079699e-24, nan 
169.375, 68.875, 5.856821284084425e-24, nan 
169.625, 68.875, 6.765524838096687e-24, nan 
169.875, 68.875, 8.340205150321258e-24, nan 
170.125, 68.875, 7.246690400062384e-24, nan 
170.375, 68.875, 5.9120559110314544e-24, nan 
170.625, 68.875, 5.2799072382022636e-24, nan 
170.875, 68.875, 3.961345888383847e-24, nan 
171.125, 68.875, 3.574417599298373e-24, nan 
171.375, 68.875, 3.509502202916832e-24, nan 
171.625, 68.875, 2.9902077262198868e-24, nan 
30.875, 69.125, 1.0813577937880199e-24, nan 
31.125, 69.125, 1.1468570493921195e-24, nan 
31.375, 69.125, 1.4701451858979356e-24, nan 
31.625, 69.125, 1.345455065396803e-24, nan 
31.875, 69.125, 1.2100013128834947e-24, nan 
32.125, 69.125, 2.2781728271011648e-24, nan 
32.375, 69.125, 1.7390807387205407e-24, nan 
32.625, 69.125, 1.1201300594266572e-24, nan 
32.875, 69.125, 1.3575805687479834e-24, nan 
33.125, 69.125, 1.7052107450561263e-24, nan 
33.375, 69.125, 1.0668772795644987e-24, nan 
33.625, 69.125, 1.4332117234381555e-24, nan 
33.875, 69.125, 1.1681688230582898e-24, nan 
34.125, 69.125, 1.3138199459172472e-24, nan 
34.375, 69.125, 1.3875502618111673e-24, nan 
34.625, 69.125, 1.0837566860610319e-24, nan 
34.875, 69.125, 1.0616319095798955e-24, nan 
35.125, 69.125, 1.0979629093348926e-24, nan 
35.375, 69.125, 6.840009957946723e-25, nan 
35.625, 69.125, 1.4815470378014932e-24, nan 
35.875, 69.125, 7.90748361574706e-25, nan 
36.125, 69.125, 1.1908329636724117e-24, nan 
36.375, 69.125, 8.1636091572013945e-25, nan 
36.625, 69.125, 1.6634227090576688e-24, nan 
36.875, 69.125, 1.4502857828103363e-24, nan 
37.125, 69.125, 3.4758631590787595e-24, nan 
37.375, 69.125, 2.4701468170908345e-24, nan 
37.625, 69.125, 1.4758569356905043e-24, nan 
37.875, 69.125, 2.9727747331065318e-24, nan 
38.125, 69.125, 3.9273080541577725e-24, nan 
38.375, 69.125, 3.0171883772934102e-24, nan 
38.625, 69.125, 1.8284797111015333e-24, nan 
38.875, 69.125, 9.810514519036474e-25, nan 
39.125, 69.125, 1.839105399689532e-24, nan 
39.375, 69.125, 2.4701240223662774e-24, nan 
39.625, 69.125, 4.0975380071565585e-24, nan 
39.875, 69.125, 6.519131889217839e-24, nan 
40.125, 69.125, 5.518085173385269e-24, nan 
40.375, 69.125, 5.67224443847837e-24, nan 
40.625, 69.125, 7.504108769827068e-24, nan 
40.875, 69.125, 6.290825092875935e-24, nan 
41.125, 69.125, 1.6451853294743632e-23, nan 
41.375, 69.125, 4.072920094845221e-23, nan 
41.625, 69.125, 3.755215176826588e-23, nan 
41.875, 69.125, 6.528648628973653e-24, nan 
42.125, 69.125, 6.377998607881078e-24, nan 
42.375, 69.125, 4.051425246104137e-24, nan 
42.625, 69.125, 6.316807044785943e-24, nan 
42.875, 69.125, 7.327243495249349e-24, nan 
43.125, 69.125, 7.144413092703907e-24, nan 
43.375, 69.125, 5.408499974709368e-24, nan 
43.625, 69.125, 3.4581000061594536e-24, nan 
43.875, 69.125, 5.93288636162101e-24, nan 
44.125, 69.125, 2.9258816785237977e-24, nan 
44.375, 69.125, 3.351459407285273e-24, nan 
44.625, 69.125, 1.751823469908422e-24, nan 
44.875, 69.125, 2.4957827195876397e-24, nan 
45.125, 69.125, 3.0478455285362435e-24, nan 
45.375, 69.125, 3.675597164781633e-24, nan 
45.625, 69.125, 3.2182060816680848e-24, nan 
45.875, 69.125, 2.8688583028555774e-24, nan 
46.125, 69.125, 4.328868952089582e-24, nan 
46.375, 69.125, 4.117483595084285e-24, nan 
46.625, 69.125, 4.301766835171194e-24, nan 
46.875, 69.125, 3.4793288582916055e-24, nan 
47.125, 69.125, 3.7722452034337714e-24, nan 
47.375, 69.125, 4.2984874745697535e-24, nan 
47.625, 69.125, 2.4363374948203244e-24, nan 
47.875, 69.125, 2.9614761364292536e-24, nan 
48.125, 69.125, 1.8910866135427915e-24, nan 
48.375, 69.125, 1.8476332680345184e-24, nan 
48.625, 69.125, 2.0892373292061195e-24, nan 
48.875, 69.125, 2.470596545994184e-24, nan 
49.125, 69.125, 4.554421372692784e-25, nan 
49.375, 69.125, 2.7508082356379364e-24, nan 
49.625, 69.125, 4.3551116298686895e-24, nan 
49.875, 69.125, 5.4821094847385774e-24, nan 
50.125, 69.125, 4.0163140090272124e-24, nan 
50.375, 69.125, 4.773313374079256e-24, nan 
50.625, 69.125, 5.2342329945564076e-24, nan 
50.875, 69.125, 4.6553588894939054e-24, nan 
51.125, 69.125, 5.705709203273127e-24, nan 
51.375, 69.125, 4.777526769047886e-24, nan 
51.625, 69.125, 4.1571686796405216e-24, nan 
51.875, 69.125, 8.34498927519812e-24, nan 
52.125, 69.125, 7.709877974029407e-24, nan 
52.375, 69.125, 5.827247667637815e-24, nan 
52.625, 69.125, 1.6673583108149583e-23, nan 
52.875, 69.125, 1.6707318606822417e-23, nan 
53.125, 69.125, 1.477876330270912e-23, nan 
53.375, 69.125, 1.2851773304608653e-23, nan 
53.625, 69.125, 1.586299523086677e-23, nan 
53.875, 69.125, 1.2925395536629828e-23, nan 
54.125, 69.125, 9.566851369646156e-24, nan 
54.375, 69.125, 9.193083426063391e-24, nan 
54.625, 69.125, 1.2047675790429474e-23, nan 
54.875, 69.125, 9.614584706984507e-24, nan 
55.125, 69.125, 8.690935702266119e-24, nan 
55.375, 69.125, 7.292020621075387e-24, nan 
55.625, 69.125, 4.2285149915050686e-24, nan 
55.875, 69.125, 5.396199667798474e-24, nan 
56.125, 69.125, 4.896842850541463e-24, nan 
56.375, 69.125, 4.114326931228614e-24, nan 
56.625, 69.125, 6.5966117717462495e-24, nan 
56.875, 69.125, 1.3392929204841153e-23, nan 
57.125, 69.125, 1.6422914728357182e-23, nan 
57.375, 69.125, 1.565660138393062e-23, nan 
57.625, 69.125, 1.9786006651446168e-23, nan 
57.875, 69.125, 1.8162795906348126e-23, nan 
58.125, 69.125, 1.952862308508602e-23, nan 
58.375, 69.125, 1.9446341982579954e-23, nan 
58.625, 69.125, 2.089398655683552e-23, nan 
58.875, 69.125, 1.95933589336859e-23, nan 
59.125, 69.125, 2.2511472677030978e-23, nan 
59.375, 69.125, 2.5018727122618663e-23, nan 
59.625, 69.125, 1.7872612852973064e-23, nan 
59.875, 69.125, 2.4281753110186423e-23, nan 
60.125, 69.125, 3.14370736634449e-23, nan 
60.375, 69.125, 1.570371946222269e-23, nan 
60.625, 69.125, 3.5281277895851195e-23, nan 
60.875, 69.125, 4.529499775182321e-23, nan 
61.125, 69.125, 3.624782971987126e-23, nan 
61.375, 69.125, 3.9265580340302526e-23, nan 
61.625, 69.125, 4.884865424299872e-23, nan 
61.875, 69.125, 3.7307740937156727e-23, nan 
62.125, 69.125, 1.6522570220422305e-23, nan 
62.375, 69.125, 2.1668981594049856e-23, nan 
62.625, 69.125, 2.032881879656398e-23, nan 
62.875, 69.125, 1.5638199504242537e-23, nan 
63.125, 69.125, 1.5608449335677305e-23, nan 
63.375, 69.125, 2.1419316920084058e-23, nan 
63.625, 69.125, 2.808965321293888e-23, nan 
63.875, 69.125, 2.3955319427847845e-23, nan 
64.125, 69.125, 1.963713773054253e-23, nan 
64.375, 69.125, 2.7465200026201366e-23, nan 
64.625, 69.125, 4.513290572629208e-23, nan 
64.875, 69.125, 4.570470882977906e-23, nan 
65.125, 69.125, 2.4373157352138923e-23, nan 
65.375, 69.125, 5.15370726364489e-23, nan 
65.625, 69.125, 5.517540698867679e-23, nan 
65.875, 69.125, 3.5096317297872354e-23, nan 
66.125, 69.125, 7.592507520997898e-23, nan 
66.375, 69.125, 8.353176344360865e-23, nan 
66.625, 69.125, 3.9687848185422174e-23, nan 
66.875, 69.125, 5.727471532785938e-23, nan 
67.125, 69.125, 6.069797046189866e-23, nan 
67.375, 69.125, 6.919341449761694e-23, nan 
67.625, 69.125, 7.396835544336091e-23, nan 
67.875, 69.125, 8.875994124009227e-23, nan 
68.125, 69.125, 9.009729057597784e-23, nan 
68.375, 69.125, 7.316080028835441e-23, nan 
68.625, 69.125, 5.774203114968213e-23, nan 
68.875, 69.125, 3.7799185300890474e-23, nan 
69.125, 69.125, 6.161198001389792e-23, nan 
69.375, 69.125, 6.947645381224065e-23, nan 
69.625, 69.125, 8.056273980110468e-23, nan 
69.875, 69.125, 1.059422094315693e-22, nan 
70.125, 69.125, 1.2036336085273412e-22, nan 
70.375, 69.125, 1.1356929917632116e-22, nan 
70.625, 69.125, 9.511003883777807e-23, nan 
70.875, 69.125, 1.3291723682473014e-22, nan 
71.125, 69.125, 1.351893333509119e-22, nan 
71.375, 69.125, 9.592197021241303e-23, nan 
71.625, 69.125, 9.929060589865149e-23, nan 
71.875, 69.125, 1.0441591539691028e-22, nan 
72.125, 69.125, 7.798764454728746e-23, nan 
72.375, 69.125, 8.606058110764225e-23, nan 
72.625, 69.125, 6.668855240242016e-23, nan 
72.875, 69.125, 3.968641809691486e-23, nan 
73.125, 69.125, 1.1654854757557431e-22, nan 
73.375, 69.125, 2.20759718367229e-22, nan 
73.625, 69.125, 1.923382617491421e-22, nan 
73.875, 69.125, 2.236797612913517e-22, nan 
74.125, 69.125, 5.685234171813345e-22, nan 
74.375, 69.125, 5.462075395358543e-22, nan 
74.625, 69.125, 2.882786005131436e-22, nan 
74.875, 69.125, 6.370705546517811e-22, nan 
75.125, 69.125, 5.3587937635904085e-22, nan 
75.375, 69.125, 1.7796751691918436e-22, nan 
75.625, 69.125, 1.581100081392638e-22, nan 
75.875, 69.125, 1.3480626350866536e-22, nan 
76.125, 69.125, 1.134080506429329e-22, nan 
76.375, 69.125, 1.2808312362286795e-22, nan 
76.625, 69.125, 1.4719720171949658e-22, nan 
76.875, 69.125, 2.4143991615332226e-22, nan 
77.125, 69.125, 2.7505786125670574e-22, nan 
77.375, 69.125, 1.4933014158757265e-22, nan 
77.625, 69.125, 2.9070843537269825e-22, nan 
77.875, 69.125, 1.708509485260884e-22, nan 
78.125, 69.125, 1.7717135159242442e-22, nan 
78.375, 69.125, 1.9565970326473577e-22, nan 
78.625, 69.125, 4.920689420275767e-22, nan 
78.875, 69.125, 2.307198175151608e-22, nan 
79.125, 69.125, 3.100405662952522e-22, nan 
79.375, 69.125, 3.759679845659991e-22, nan 
79.625, 69.125, 3.6312918651865125e-22, nan 
79.875, 69.125, 4.239507238636394e-22, nan 
80.125, 69.125, 5.1500694246737135e-22, nan 
80.375, 69.125, 4.594398658617192e-22, nan 
80.625, 69.125, 3.2380986625809653e-22, nan 
80.875, 69.125, 2.686357672481749e-22, nan 
81.125, 69.125, 7.804827319707443e-22, nan 
81.375, 69.125, 1.0133509552469501e-21, nan 
81.625, 69.125, 3.6837299604375875e-22, nan 
81.875, 69.125, 1.6241964636582341e-21, nan 
82.125, 69.125, 2.162089767879353e-21, nan 
82.375, 69.125, 6.840834962912204e-22, nan 
82.625, 69.125, 1.801787416058832e-21, nan 
82.875, 69.125, 1.5797023129561436e-21, nan 
83.125, 69.125, 1.047337549449296e-21, nan 
83.375, 69.125, 1.4194138679402899e-21, nan 
83.625, 69.125, 1.634147525276111e-21, nan 
83.875, 69.125, 1.3990096338793603e-21, nan 
84.125, 69.125, 1.1952972157625146e-21, nan 
84.375, 69.125, 7.75981855590326e-22, nan 
84.625, 69.125, 5.91018874891521e-22, nan 
84.875, 69.125, 1.2900589608695896e-21, nan 
85.125, 69.125, 1.2948272547102646e-21, nan 
85.375, 69.125, 1.0202687165658681e-21, nan 
85.625, 69.125, 2.138511798457478e-21, nan 
85.875, 69.125, 1.7406508049302253e-21, nan 
86.125, 69.125, 1.28684570144838e-21, nan 
86.375, 69.125, 1.7409028103404027e-21, nan 
86.625, 69.125, 2.1266663919740505e-21, nan 
86.875, 69.125, 2.218061770039992e-21, nan 
87.125, 69.125, 2.248302538014944e-21, nan 
87.375, 69.125, 2.448024153122994e-21, nan 
87.625, 69.125, 2.1756066935250613e-21, nan 
87.875, 69.125, 3.106094353071111e-21, nan 
88.125, 69.125, 4.280431498283815e-21, nan 
88.375, 69.125, 6.793052968307864e-21, nan 
88.625, 69.125, 7.155011256788068e-21, nan 
88.875, 69.125, 7.477139945555787e-21, nan 
89.125, 69.125, 1.0212397886431254e-20, nan 
89.375, 69.125, 1.0651367396005028e-20, nan 
89.625, 69.125, 1.1601881182768656e-20, nan 
89.875, 69.125, 6.114632828130578e-21, nan 
90.125, 69.125, 6.517125461845927e-21, nan 
90.375, 69.125, 3.2258187460791432e-21, nan 
90.625, 69.125, 8.504813014549808e-21, nan 
90.875, 69.125, 1.3001944999386442e-20, nan 
91.125, 69.125, 1.123248994438022e-20, nan 
91.375, 69.125, 1.8234619894685177e-20, nan 
91.625, 69.125, 1.783166434071038e-20, nan 
91.875, 69.125, 9.97944562748114e-21, nan 
92.125, 69.125, 8.638577677985305e-21, nan 
92.375, 69.125, 1.9467952821684065e-20, nan 
92.625, 69.125, 2.2079403695871405e-20, nan 
92.875, 69.125, 1.9620622229874536e-20, nan 
93.125, 69.125, 2.494734072456346e-20, nan 
93.375, 69.125, 2.776197405087344e-20, nan 
93.625, 69.125, 2.2935193608735794e-20, nan 
93.875, 69.125, 1.1586966957662243e-20, nan 
94.125, 69.125, 1.3709995589525367e-20, nan 
94.375, 69.125, 1.289016213037596e-20, nan 
94.625, 69.125, 1.7227419588078977e-20, nan 
94.875, 69.125, 2.4452470312412738e-20, nan 
95.125, 69.125, 2.2789573615513683e-20, nan 
95.375, 69.125, 3.6632428123366813e-20, nan 
95.625, 69.125, 4.379576828537938e-20, nan 
95.875, 69.125, 3.861321097855747e-20, nan 
96.125, 69.125, 5.05769945379533e-20, nan 
96.375, 69.125, 5.884740895804893e-20, nan 
96.625, 69.125, 5.664095158519484e-20, nan 
96.875, 69.125, 3.4184321106377113e-20, nan 
97.125, 69.125, 4.2494486316566316e-20, nan 
97.375, 69.125, 8.571023793919067e-20, nan 
97.625, 69.125, 6.656929387159281e-20, nan 
97.875, 69.125, 1.33820828322174e-19, nan 
98.125, 69.125, 3.0262613419435406e-19, nan 
98.375, 69.125, 2.612300377477563e-19, nan 
98.625, 69.125, 3.8149667235737445e-19, nan 
98.875, 69.125, 7.289009658127959e-19, nan 
99.125, 69.125, 1.0536683667650323e-18, nan 
99.375, 69.125, 1.2181059578233004e-18, nan 
99.625, 69.125, 8.084199234417298e-19, nan 
99.875, 69.125, 1.2097279355747749e-18, nan 
100.125, 69.125, 2.1558745256699552e-18, nan 
100.375, 69.125, 4.049215848951667e-18, nan 
100.625, 69.125, 6.2082533343675664e-18, nan 
100.875, 69.125, 1.6807797024425757e-17, nan 
101.125, 69.125, 4.8575076544375573e-17, nan 
101.375, 69.125, 9.17616896321233e-17, nan 
101.625, 69.125, 1.5494872013160889e-16, nan 
101.875, 69.125, 1.2266296009748675e-15, nan 
102.125, 69.125, 7.940819053214241e-16, nan 
102.375, 69.125, 1.4003017030574345e-16, nan 
102.625, 69.125, 3.107552729131434e-17, nan 
102.875, 69.125, 8.90127201071108e-18, nan 
103.125, 69.125, 4.8498767335575766e-18, nan 
103.375, 69.125, 2.4778756875748127e-18, nan 
103.625, 69.125, 1.2144696947038769e-18, nan 
103.875, 69.125, 1.4211701430410131e-18, nan 
104.125, 69.125, 1.037979342721382e-18, nan 
104.375, 69.125, 7.227720908322302e-19, nan 
104.625, 69.125, 4.0868330859738425e-19, nan 
104.875, 69.125, 3.496187757010441e-19, nan 
105.125, 69.125, 2.7409039946397334e-19, nan 
105.375, 69.125, 3.1661557778855135e-19, nan 
105.625, 69.125, 3.569336924265342e-19, nan 
105.875, 69.125, 2.88239055520276e-19, nan 
106.125, 69.125, 1.5952089866450264e-19, nan 
106.375, 69.125, 9.844839967141621e-20, nan 
106.625, 69.125, 5.664722888988105e-20, nan 
106.875, 69.125, 5.442042434496924e-20, nan 
107.125, 69.125, 7.540310501077096e-20, nan 
107.375, 69.125, 6.208496439329461e-20, nan 
107.625, 69.125, 5.445835336136405e-20, nan 
107.875, 69.125, 5.4083396056735194e-20, nan 
108.125, 69.125, 3.747292169700049e-20, nan 
108.375, 69.125, 3.309416264661687e-20, nan 
108.625, 69.125, 3.313695620003785e-20, nan 
108.875, 69.125, 1.6192735533923118e-20, nan 
109.125, 69.125, 1.5002226221103472e-20, nan 
109.375, 69.125, 2.5884344929585236e-20, nan 
109.625, 69.125, 2.388358930826354e-20, nan 
109.875, 69.125, 2.4323157207285566e-20, nan 
110.125, 69.125, 2.4043304451935156e-20, nan 
110.375, 69.125, 2.449975791029181e-20, nan 
110.625, 69.125, 2.5406403682390245e-20, nan 
110.875, 69.125, 1.789569210976762e-20, nan 
111.125, 69.125, 1.4505121963940652e-20, nan 
111.375, 69.125, 1.4043816749865544e-20, nan 
111.625, 69.125, 6.915950062778996e-21, nan 
111.875, 69.125, 6.121013244962647e-21, nan 
112.125, 69.125, 6.5807678479984834e-21, nan 
112.375, 69.125, 3.3358124513655326e-21, nan 
112.625, 69.125, 4.754005607470196e-21, nan 
112.875, 69.125, 4.098001169967916e-21, nan 
113.125, 69.125, 3.1284242005610337e-21, nan 
113.375, 69.125, 5.342393980654703e-21, nan 
113.625, 69.125, 5.255791762250233e-21, nan 
113.875, 69.125, 3.417843911713425e-21, nan 
114.125, 69.125, 3.028032387333642e-21, nan 
114.375, 69.125, 2.683511862440919e-21, nan 
114.625, 69.125, 2.6894283115850773e-21, nan 
114.875, 69.125, 2.6509767458943248e-21, nan 
115.125, 69.125, 2.478030447293356e-21, nan 
115.375, 69.125, 1.4848646836371483e-21, nan 
115.625, 69.125, 3.762723453420115e-21, nan 
115.875, 69.125, 7.509873149520709e-21, nan 
116.125, 69.125, 4.8297695441645135e-21, nan 
116.375, 69.125, 1.2883936635025465e-21, nan 
116.625, 69.125, 2.3278188882608386e-21, nan 
116.875, 69.125, 3.192442170712649e-21, nan 
117.125, 69.125, 1.9335686501707984e-21, nan 
117.375, 69.125, 1.6020514504197024e-21, nan 
117.625, 69.125, 1.5082485305471339e-21, nan 
117.875, 69.125, 8.300588838213779e-22, nan 
118.125, 69.125, 2.1508150029441737e-21, nan 
118.375, 69.125, 1.7100254751743755e-21, nan 
118.625, 69.125, 1.386448317054601e-21, nan 
118.875, 69.125, 1.6000950038678594e-21, nan 
119.125, 69.125, 1.877374362045758e-21, nan 
119.375, 69.125, 1.706371125608989e-21, nan 
119.625, 69.125, 1.4688752109915544e-21, nan 
119.875, 69.125, 1.1456676700042668e-21, nan 
120.125, 69.125, 8.1749095945775615e-22, nan 
120.375, 69.125, 6.089789251784123e-22, nan 
120.625, 69.125, 1.6801611940927338e-22, nan 
120.875, 69.125, 8.829536564639962e-22, nan 
121.125, 69.125, 3.795985126002406e-22, nan 
121.375, 69.125, 4.91314958580956e-22, nan 
121.625, 69.125, 4.499398758974088e-22, nan 
121.875, 69.125, 4.644590492166595e-22, nan 
122.125, 69.125, 1.1051746670257057e-21, nan 
122.375, 69.125, 7.596657014136849e-22, nan 
122.625, 69.125, 1.0261809675739594e-21, nan 
122.875, 69.125, 1.4698242320598972e-21, nan 
123.125, 69.125, 9.054227153811217e-22, nan 
123.375, 69.125, 7.932141207282776e-22, nan 
123.625, 69.125, 1.194720224294595e-21, nan 
123.875, 69.125, 4.48917248600277e-22, nan 
124.125, 69.125, 5.433441448759452e-22, nan 
124.375, 69.125, 1.0225485618775464e-21, nan 
124.625, 69.125, 8.014558797163797e-22, nan 
124.875, 69.125, 4.241893161440948e-22, nan 
125.125, 69.125, 6.54116188347995e-22, nan 
125.375, 69.125, 5.9831199760081e-22, nan 
125.625, 69.125, 3.507583395705025e-22, nan 
125.875, 69.125, 2.549818912802361e-22, nan 
126.125, 69.125, 1.6436095956657578e-22, nan 
126.375, 69.125, 2.761505378242456e-22, nan 
126.625, 69.125, 2.1159983289754406e-22, nan 
126.875, 69.125, 1.2094516541171303e-22, nan 
127.125, 69.125, 1.0589774879878888e-22, nan 
127.375, 69.125, 5.1321975104442265e-23, nan 
127.625, 69.125, 8.928211752990216e-23, nan 
127.875, 69.125, 1.096802994517508e-22, nan 
128.125, 69.125, 1.170342786577663e-22, nan 
128.375, 69.125, 1.143042335266402e-22, nan 
128.625, 69.125, 1.6493081257280669e-22, nan 
128.875, 69.125, 1.5839078587410057e-22, nan 
129.125, 69.125, 1.256873774217905e-22, nan 
129.375, 69.125, 1.0088141580857077e-22, nan 
129.625, 69.125, 9.550980161345645e-23, nan 
129.875, 69.125, 7.617041043665655e-23, nan 
130.125, 69.125, 5.880511482307636e-23, nan 
130.375, 69.125, 7.670920230147547e-23, nan 
130.625, 69.125, 6.093438483381475e-23, nan 
130.875, 69.125, 2.6205490446728423e-23, nan 
131.125, 69.125, 4.053681564376957e-23, nan 
131.375, 69.125, 6.524167356937828e-23, nan 
131.625, 69.125, 3.779230645546359e-23, nan 
131.875, 69.125, 7.112343837565866e-23, nan 
132.125, 69.125, 7.107844693436188e-23, nan 
132.375, 69.125, 5.435010519887663e-23, nan 
132.625, 69.125, 7.426129612294277e-23, nan 
132.875, 69.125, 6.873401804003351e-23, nan 
133.125, 69.125, 6.25124561332358e-23, nan 
133.375, 69.125, 9.127769890734189e-23, nan 
133.625, 69.125, 6.396168955517318e-23, nan 
133.875, 69.125, 4.890734522228819e-23, nan 
134.125, 69.125, 4.1340333018039216e-23, nan 
134.375, 69.125, 3.903074373901003e-23, nan 
134.625, 69.125, 3.121890660623601e-23, nan 
134.875, 69.125, 2.3338449624179162e-23, nan 
135.125, 69.125, 3.471797753726728e-23, nan 
135.375, 69.125, 1.8110211939624944e-23, nan 
135.625, 69.125, 2.3116683769079864e-23, nan 
135.875, 69.125, 3.0365306999457406e-23, nan 
136.125, 69.125, 2.2446735493683378e-23, nan 
136.375, 69.125, 5.583346153961879e-23, nan 
136.625, 69.125, 7.934432076015302e-23, nan 
136.875, 69.125, 9.469134005467954e-23, nan 
137.125, 69.125, 1.181773571425036e-22, nan 
137.375, 69.125, 1.3538683413377296e-22, nan 
137.625, 69.125, 1.104739734548785e-22, nan 
137.875, 69.125, 8.902748855286118e-23, nan 
138.125, 69.125, 9.471213168000959e-23, nan 
138.375, 69.125, 8.156928118333291e-23, nan 
138.625, 69.125, 1.1783086819311244e-22, nan 
138.875, 69.125, 4.397429281713754e-23, nan 
139.125, 69.125, 3.2610462588478166e-23, nan 
139.375, 69.125, 3.773219882016729e-23, nan 
139.625, 69.125, 3.2734774112528815e-23, nan 
139.875, 69.125, 1.2625118488094659e-23, nan 
140.125, 69.125, 1.833842862228029e-23, nan 
140.375, 69.125, 2.0559382140157713e-23, nan 
140.625, 69.125, 1.1651885271101718e-23, nan 
140.875, 69.125, 9.643967019126484e-24, nan 
141.125, 69.125, 9.004382596591506e-24, nan 
141.375, 69.125, 8.63444129548951e-24, nan 
141.625, 69.125, 1.2802429345956879e-23, nan 
141.875, 69.125, 1.9159518781176096e-23, nan 
142.125, 69.125, 1.2400669501948714e-23, nan 
142.375, 69.125, 3.4898372436211745e-24, nan 
142.625, 69.125, 1.2018430062093313e-23, nan 
142.875, 69.125, 2.14854194344274e-23, nan 
143.125, 69.125, 1.6708157464776765e-23, nan 
143.375, 69.125, 1.531076445672262e-23, nan 
143.625, 69.125, 1.961281276404589e-23, nan 
143.875, 69.125, 2.390597418586275e-23, nan 
144.125, 69.125, 1.985966336770105e-23, nan 
144.375, 69.125, 9.79918674370628e-24, nan 
144.625, 69.125, 1.8328555474166376e-23, nan 
144.875, 69.125, 2.7825340183233403e-23, nan 
145.125, 69.125, 1.7876600806940583e-23, nan 
145.375, 69.125, 1.4004474837045283e-23, nan 
145.625, 69.125, 2.2852561382109234e-23, nan 
145.875, 69.125, 1.758053659925802e-23, nan 
146.125, 69.125, 1.042555610760349e-23, nan 
146.375, 69.125, 6.601218656816722e-24, nan 
146.625, 69.125, 2.699402896478529e-24, nan 
146.875, 69.125, 4.4459031658165384e-24, nan 
147.125, 69.125, 1.874125076705783e-24, nan 
147.375, 69.125, 3.70235699409449e-24, nan 
147.625, 69.125, 4.547120677112563e-24, nan 
147.875, 69.125, 3.7882218959944915e-24, nan 
148.125, 69.125, 5.479760263049991e-24, nan 
148.375, 69.125, 2.6888414400346185e-24, nan 
148.625, 69.125, 3.3964016582035486e-24, nan 
148.875, 69.125, 5.720735105054881e-24, nan 
149.125, 69.125, 5.301228893612814e-24, nan 
149.375, 69.125, 3.746572858683235e-24, nan 
149.625, 69.125, 3.7653763728032415e-24, nan 
149.875, 69.125, 5.032978304561155e-24, nan 
150.125, 69.125, 5.887920441393354e-24, nan 
150.375, 69.125, 6.762706217437564e-24, nan 
150.625, 69.125, 7.20238355158498e-24, nan 
150.875, 69.125, 6.1317300844807586e-24, nan 
151.125, 69.125, 6.373452732652371e-24, nan 
151.375, 69.125, 6.964083608550336e-24, nan 
151.625, 69.125, 5.414490739069395e-24, nan 
151.875, 69.125, 2.2280707731453032e-24, nan 
152.125, 69.125, 7.015759773741076e-24, nan 
152.375, 69.125, 9.99256323222776e-24, nan 
152.625, 69.125, 8.834298043712482e-24, nan 
152.875, 69.125, 6.722318431366781e-24, nan 
153.125, 69.125, 6.6110972533702716e-24, nan 
153.375, 69.125, 3.4427932341297295e-24, nan 
153.625, 69.125, 2.554926100753927e-24, nan 
153.875, 69.125, 3.84968289727368e-24, nan 
154.125, 69.125, 3.274561165964829e-24, nan 
154.375, 69.125, 4.4306395173261716e-24, nan 
154.625, 69.125, 3.2875646503069487e-24, nan 
154.875, 69.125, 4.966040418509156e-24, nan 
155.125, 69.125, 4.4001528448263684e-24, nan 
155.375, 69.125, 2.337601802000262e-24, nan 
155.625, 69.125, 5.678421269835526e-24, nan 
155.875, 69.125, 5.2207411015382045e-24, nan 
156.125, 69.125, 1.6758564975179045e-24, nan 
156.375, 69.125, 3.38701528035879e-24, nan 
156.625, 69.125, 3.7033139101460896e-24, nan 
156.875, 69.125, 2.6749403178399045e-24, nan 
157.125, 69.125, 2.583949634738306e-24, nan 
157.375, 69.125, 1.772333027711422e-24, nan 
157.625, 69.125, 5.001776632232776e-24, nan 
157.875, 69.125, 4.9119012901257016e-24, nan 
158.125, 69.125, 4.76913092941616e-24, nan 
158.375, 69.125, 3.2862660342943743e-24, nan 
158.625, 69.125, 3.7650689599412505e-24, nan 
158.875, 69.125, 3.631226769641706e-24, nan 
159.125, 69.125, 2.4866490037226537e-24, nan 
159.375, 69.125, 1.81501329724286e-24, nan 
159.625, 69.125, 1.3627076456768164e-24, nan 
159.875, 69.125, 3.1877904959751907e-24, nan 
160.125, 69.125, 2.1733762124361713e-24, nan 
160.375, 69.125, 4.302350812564426e-24, nan 
160.625, 69.125, 9.030152669836368e-24, nan 
160.875, 69.125, 8.340015308179536e-24, nan 
161.125, 69.125, 5.973272939041629e-24, nan 
161.375, 69.125, 7.124621018093105e-24, nan 
161.625, 69.125, 5.6833115085032854e-24, nan 
161.875, 69.125, 2.609111867313617e-24, nan 
162.125, 69.125, 1.8872527361219e-24, nan 
162.375, 69.125, 3.606368311681118e-24, nan 
162.625, 69.125, 9.139520882750425e-24, nan 
162.875, 69.125, 5.0512256159970784e-24, nan 
163.125, 69.125, 2.903603498563115e-24, nan 
163.375, 69.125, 3.0620316517462494e-24, nan 
163.625, 69.125, 3.7107472004300876e-24, nan 
163.875, 69.125, 2.0564139064168156e-24, nan 
164.125, 69.125, 7.136745704758681e-25, nan 
164.375, 69.125, 8.34777338703665e-25, nan 
164.625, 69.125, 1.6459678203049425e-24, nan 
164.875, 69.125, 2.1236105613957843e-24, nan 
165.125, 69.125, 1.7474135155304935e-24, nan 
165.375, 69.125, 2.0026974953523568e-24, nan 
165.625, 69.125, 2.9115573758174937e-24, nan 
165.875, 69.125, 1.63089243640251e-24, nan 
166.125, 69.125, 1.853053270072804e-24, nan 
166.375, 69.125, 2.8756131159071417e-24, nan 
166.625, 69.125, 1.0903026149763993e-24, nan 
166.875, 69.125, 1.5138179248257768e-24, nan 
167.125, 69.125, 2.2865653847825507e-24, nan 
167.375, 69.125, 2.8838747710029303e-24, nan 
167.625, 69.125, 3.1836506769015523e-24, nan 
167.875, 69.125, 5.031017950962565e-24, nan 
168.125, 69.125, 4.816079726277705e-24, nan 
168.375, 69.125, 5.196932217070597e-24, nan 
168.625, 69.125, 5.878389627047704e-24, nan 
168.875, 69.125, 5.193183953152237e-24, nan 
169.125, 69.125, 5.4954856844628745e-24, nan 
169.375, 69.125, 5.5416141478665945e-24, nan 
169.625, 69.125, 6.817115370380904e-24, nan 
169.875, 69.125, 8.192874890608232e-24, nan 
170.125, 69.125, 7.645436447786782e-24, nan 
170.375, 69.125, 6.984973941803239e-24, nan 
170.625, 69.125, 6.920460587696086e-24, nan 
170.875, 69.125, 6.256317274655915e-24, nan 
171.125, 69.125, 4.511552708295863e-24, nan 
171.375, 69.125, 3.2501404571073403e-24, nan 
171.625, 69.125, 2.8105485925060133e-24, nan 
171.875, 69.125, 3.337846548987496e-24, nan 
30.625, 69.375, 5.565632386650777e-25, nan 
30.875, 69.375, 4.4067221628194135e-25, nan 
31.125, 69.375, 4.450305498148805e-25, nan 
31.375, 69.375, 9.688466831190635e-25, nan 
31.625, 69.375, 4.800873201695027e-25, nan 
31.875, 69.375, 8.563818562555981e-25, nan 
32.125, 69.375, 1.856634781394379e-24, nan 
32.375, 69.375, 1.4449466265280977e-24, nan 
32.625, 69.375, 1.1999862812894139e-24, nan 
32.875, 69.375, 1.1699141908161185e-24, nan 
33.125, 69.375, 1.939317391270206e-24, nan 
33.375, 69.375, 2.1732981596820863e-24, nan 
33.625, 69.375, 1.685222591618489e-24, nan 
33.875, 69.375, 2.124707930168416e-24, nan 
34.125, 69.375, 2.6751007650030323e-24, nan 
34.375, 69.375, 1.939430057401667e-24, nan 
34.625, 69.375, 9.571412744852343e-25, nan 
34.875, 69.375, 1.3111294138536826e-24, nan 
35.125, 69.375, 2.689462502075633e-24, nan 
35.375, 69.375, 1.2782339551836793e-24, nan 
35.625, 69.375, 1.3506001109011623e-24, nan 
35.875, 69.375, 1.4964756573352223e-24, nan 
36.125, 69.375, 2.02935076074874e-24, nan 
36.375, 69.375, 3.630657259835483e-24, nan 
36.625, 69.375, 2.3983545554168752e-24, nan 
36.875, 69.375, 3.243952287132763e-24, nan 
37.125, 69.375, 8.166618318182233e-24, nan 
37.375, 69.375, 5.884678894434637e-24, nan 
37.625, 69.375, 3.831657062855102e-24, nan 
37.875, 69.375, 8.646692172537385e-24, nan 
38.125, 69.375, 8.020640394800297e-24, nan 
38.375, 69.375, 3.6314102792391925e-24, nan 
38.625, 69.375, 2.6399482546410875e-24, nan 
38.875, 69.375, 3.662854533280611e-24, nan 
39.125, 69.375, 3.210205662336597e-24, nan 
39.375, 69.375, 4.61343350320484e-24, nan 
39.625, 69.375, 5.711229619582281e-24, nan 
39.875, 69.375, 4.992702425301165e-24, nan 
40.125, 69.375, 8.436423687973606e-24, nan 
40.375, 69.375, 1.488107578768684e-23, nan 
40.625, 69.375, 3.477200800781259e-23, nan 
40.875, 69.375, 3.8408380409102496e-23, nan 
41.125, 69.375, 2.7772208178626656e-23, nan 
41.375, 69.375, 8.082473944759198e-23, nan 
41.625, 69.375, 7.722258357939761e-23, nan 
41.875, 69.375, 1.693583387828284e-23, nan 
42.125, 69.375, 4.58312835925614e-23, nan 
42.375, 69.375, 3.9697776154829037e-23, nan 
42.625, 69.375, 1.3153424251968976e-23, nan 
42.875, 69.375, 1.382606378397321e-23, nan 
43.125, 69.375, 1.0763980282815904e-23, nan 
43.375, 69.375, 1.0277623664424838e-23, nan 
43.625, 69.375, 9.099167321565085e-24, nan 
43.875, 69.375, 7.88164532838255e-24, nan 
44.125, 69.375, 7.453737722793874e-24, nan 
44.375, 69.375, 4.365842405192244e-24, nan 
44.625, 69.375, 1.6034433630343767e-24, nan 
44.875, 69.375, 1.6481434961771778e-24, nan 
45.125, 69.375, 1.6534175051422457e-24, nan 
45.375, 69.375, 1.6725568635087233e-24, nan 
45.625, 69.375, 2.126795645783789e-24, nan 
45.875, 69.375, 2.7390627440098623e-24, nan 
46.125, 69.375, 3.666798987047839e-24, nan 
46.375, 69.375, 4.736001030450682e-24, nan 
46.625, 69.375, 4.622348403564425e-24, nan 
46.875, 69.375, 3.0015904146315947e-24, nan 
47.125, 69.375, 3.297381191215219e-24, nan 
47.375, 69.375, 3.306033231544233e-24, nan 
47.625, 69.375, 1.9005221922292276e-24, nan 
47.875, 69.375, 3.508309439081927e-24, nan 
48.125, 69.375, 3.1198250932938693e-24, nan 
48.375, 69.375, 1.9826365085365073e-24, nan 
48.625, 69.375, 2.3301773357588347e-24, nan 
48.875, 69.375, 4.87315518724844e-24, nan 
49.125, 69.375, 4.258316006236683e-24, nan 
49.375, 69.375, 3.294347207512394e-24, nan 
49.625, 69.375, 6.050277666333036e-24, nan 
49.875, 69.375, 5.9267012182608895e-24, nan 
50.125, 69.375, 2.5989925035089527e-24, nan 
50.375, 69.375, 4.221561334370752e-24, nan 
50.625, 69.375, 2.7533671624183367e-24, nan 
50.875, 69.375, 4.385759757343114e-24, nan 
51.125, 69.375, 3.494772807235977e-24, nan 
51.375, 69.375, 2.5542496042601593e-24, nan 
51.625, 69.375, 3.7422512980040225e-24, nan 
51.875, 69.375, 5.297225928788748e-24, nan 
52.125, 69.375, 5.9861920555894534e-24, nan 
52.375, 69.375, 6.3634152171982765e-24, nan 
52.625, 69.375, 1.2324600017109331e-23, nan 
52.875, 69.375, 1.1985340915207941e-23, nan 
53.125, 69.375, 1.2644326844204201e-23, nan 
53.375, 69.375, 5.628317771836372e-24, nan 
53.625, 69.375, 6.485502110353392e-24, nan 
53.875, 69.375, 6.171990802607277e-24, nan 
54.125, 69.375, 4.5182348396469125e-24, nan 
54.375, 69.375, 4.225176652476586e-24, nan 
54.625, 69.375, 4.931312838640201e-24, nan 
54.875, 69.375, 7.422851778643846e-24, nan 
55.125, 69.375, 1.2277001334277855e-23, nan 
55.375, 69.375, 8.970223404283023e-24, nan 
55.625, 69.375, 7.622198975502682e-24, nan 
55.875, 69.375, 1.5565931140435897e-23, nan 
56.125, 69.375, 1.208964558320413e-23, nan 
56.375, 69.375, 1.0903188100361964e-23, nan 
56.625, 69.375, 8.22029400260577e-24, nan 
56.875, 69.375, 1.1817690113547418e-23, nan 
57.125, 69.375, 1.673708728642922e-23, nan 
57.375, 69.375, 1.5154536911517393e-23, nan 
57.625, 69.375, 1.6344763593346805e-23, nan 
57.875, 69.375, 1.56152199196082e-23, nan 
58.125, 69.375, 1.9133197916595864e-23, nan 
58.375, 69.375, 2.0961567839738545e-23, nan 
58.625, 69.375, 2.498919873527127e-23, nan 
58.875, 69.375, 2.3209518812043632e-23, nan 
59.125, 69.375, 2.1154520542725503e-23, nan 
59.375, 69.375, 2.607171214692921e-23, nan 
59.625, 69.375, 2.4019883487719347e-23, nan 
59.875, 69.375, 2.4151906707379565e-23, nan 
60.125, 69.375, 2.5071002083721158e-23, nan 
60.375, 69.375, 1.7481146788463418e-23, nan 
60.625, 69.375, 2.742414469430171e-23, nan 
60.875, 69.375, 4.1646542365495006e-23, nan 
61.125, 69.375, 4.3590155163260407e-23, nan 
61.375, 69.375, 3.12980860730979e-23, nan 
61.625, 69.375, 4.2220406560768364e-23, nan 
61.875, 69.375, 4.407725520277275e-23, nan 
62.125, 69.375, 2.940151013217957e-23, nan 
62.375, 69.375, 2.841476470774679e-23, nan 
62.625, 69.375, 3.1445881348294094e-23, nan 
62.875, 69.375, 3.318152326654342e-23, nan 
63.125, 69.375, 3.372888083388433e-23, nan 
63.375, 69.375, 3.4948034358161736e-23, nan 
63.625, 69.375, 3.474065785066063e-23, nan 
63.875, 69.375, 3.168496083241041e-23, nan 
64.125, 69.375, 2.790693671849493e-23, nan 
64.375, 69.375, 1.7696626880278018e-23, nan 
64.625, 69.375, 4.779092261368559e-23, nan 
64.875, 69.375, 5.484821946955049e-23, nan 
65.125, 69.375, 2.718280126986543e-23, nan 
65.375, 69.375, 5.753927431345708e-23, nan 
65.625, 69.375, 8.169553631560294e-23, nan 
65.875, 69.375, 6.6091102888889e-23, nan 
66.125, 69.375, 9.843032998900887e-23, nan 
66.375, 69.375, 1.1566568736588699e-22, nan 
66.625, 69.375, 5.481860995004764e-23, nan 
66.875, 69.375, 7.461280295553345e-23, nan 
67.125, 69.375, 7.516912138616915e-23, nan 
67.375, 69.375, 5.690322424913419e-23, nan 
67.625, 69.375, 5.754076967774142e-23, nan 
67.875, 69.375, 6.151715855945379e-23, nan 
68.125, 69.375, 7.493616376463192e-23, nan 
68.375, 69.375, 7.236981106057487e-23, nan 
68.625, 69.375, 6.109667963063153e-23, nan 
68.875, 69.375, 3.309343792771455e-23, nan 
69.125, 69.375, 3.914335988937366e-23, nan 
69.375, 69.375, 4.485428128043951e-23, nan 
69.625, 69.375, 4.0978172725891845e-23, nan 
69.875, 69.375, 5.478075074534031e-23, nan 
70.125, 69.375, 5.49365463388069e-23, nan 
70.375, 69.375, 7.602583872617666e-23, nan 
70.625, 69.375, 7.331377842054932e-23, nan 
70.875, 69.375, 9.306398273837616e-23, nan 
71.125, 69.375, 9.585119456839015e-23, nan 
71.375, 69.375, 5.668082918302619e-23, nan 
71.625, 69.375, 5.897109154655668e-23, nan 
71.875, 69.375, 7.394319649765617e-23, nan 
72.125, 69.375, 4.8553416538605275e-23, nan 
72.375, 69.375, 6.360166204133852e-23, nan 
72.625, 69.375, 5.765418080924636e-23, nan 
72.875, 69.375, 7.960241502377138e-23, nan 
73.125, 69.375, 8.284662400748586e-23, nan 
73.375, 69.375, 1.1316481640134307e-22, nan 
73.625, 69.375, 7.061186187016096e-23, nan 
73.875, 69.375, 1.524719990610749e-22, nan 
74.125, 69.375, 5.777511388415362e-22, nan 
74.375, 69.375, 4.837486975606532e-22, nan 
74.625, 69.375, 2.0946348433783173e-22, nan 
74.875, 69.375, 1.0820789704698254e-21, nan 
75.125, 69.375, 8.627141762671228e-22, nan 
75.375, 69.375, 5.621931044778213e-23, nan 
75.625, 69.375, 6.156999750696156e-22, nan 
75.875, 69.375, 4.52458314578394e-22, nan 
76.125, 69.375, 1.3516232236270985e-22, nan 
76.375, 69.375, 1.6385067289082587e-22, nan 
76.625, 69.375, 1.3504430070800217e-22, nan 
76.875, 69.375, 2.0118551151172397e-22, nan 
77.125, 69.375, 1.754038001334174e-22, nan 
77.375, 69.375, 2.0080498467204293e-22, nan 
77.625, 69.375, 2.777409678204418e-22, nan 
77.875, 69.375, 5.742110320872227e-22, nan 
78.125, 69.375, 2.5935075606964377e-22, nan 
78.375, 69.375, 2.8581023811556366e-22, nan 
78.625, 69.375, 1.1566686529828432e-21, nan 
78.875, 69.375, 1.648478259041544e-22, nan 
79.125, 69.375, 1.9715154429351537e-22, nan 
79.375, 69.375, 6.999932733247627e-22, nan 
79.625, 69.375, 3.329474600425255e-22, nan 
79.875, 69.375, 4.0756237856317635e-22, nan 
80.125, 69.375, 4.700942915067943e-22, nan 
80.375, 69.375, 4.922691606554827e-22, nan 
80.625, 69.375, 4.280626707778268e-22, nan 
80.875, 69.375, 3.697599786641947e-22, nan 
81.125, 69.375, 3.596790564146239e-22, nan 
81.375, 69.375, 4.517617814036861e-22, nan 
81.625, 69.375, 5.569682495807513e-22, nan 
81.875, 69.375, 1.2122740273946477e-21, nan 
82.125, 69.375, 1.4474444204326974e-21, nan 
82.375, 69.375, 6.371006805070045e-22, nan 
82.625, 69.375, 8.0843052183075235e-22, nan 
82.875, 69.375, 8.032196895309105e-22, nan 
83.125, 69.375, 1.0302979926649954e-21, nan 
83.375, 69.375, 7.805544337178401e-22, nan 
83.625, 69.375, 9.591081369965154e-22, nan 
83.875, 69.375, 5.717328554182303e-22, nan 
84.125, 69.375, 8.142388221549359e-22, nan 
84.375, 69.375, 6.85610183005665e-22, nan 
84.625, 69.375, 7.23872141209944e-22, nan 
84.875, 69.375, 1.9280404189378203e-21, nan 
85.125, 69.375, 1.788441574637972e-21, nan 
85.375, 69.375, 9.316000848871478e-22, nan 
85.625, 69.375, 3.932338886745084e-21, nan 
85.875, 69.375, 4.036055486731945e-21, nan 
86.125, 69.375, 1.0991296469431331e-21, nan 
86.375, 69.375, 2.7801961775443504e-21, nan 
86.625, 69.375, 3.289375790530214e-21, nan 
86.875, 69.375, 2.456807291406175e-21, nan 
87.125, 69.375, 2.4988108842926083e-21, nan 
87.375, 69.375, 2.7274363687356373e-21, nan 
87.625, 69.375, 2.8102446993238194e-21, nan 
87.875, 69.375, 2.9222029695987474e-21, nan 
88.125, 69.375, 3.774709491943766e-21, nan 
88.375, 69.375, 4.51124038876976e-21, nan 
88.625, 69.375, 4.768807107753249e-21, nan 
88.875, 69.375, 6.7569605274200875e-21, nan 
89.125, 69.375, 1.413379666813971e-20, nan 
89.375, 69.375, 1.2736133534281893e-20, nan 
89.625, 69.375, 1.2202091046499961e-20, nan 
89.875, 69.375, 1.8564941139962725e-20, nan 
90.125, 69.375, 1.496491923617332e-20, nan 
90.375, 69.375, 1.1463505456264155e-20, nan 
90.625, 69.375, 9.030533221668678e-21, nan 
90.875, 69.375, 1.086846259986493e-20, nan 
91.125, 69.375, 1.8753172635332684e-20, nan 
91.375, 69.375, 2.4886656355707438e-20, nan 
91.625, 69.375, 2.0465726949733295e-20, nan 
91.875, 69.375, 2.0613472556879155e-20, nan 
92.125, 69.375, 2.8002964355126e-20, nan 
92.375, 69.375, 2.5388526010656875e-20, nan 
92.625, 69.375, 1.906273178916898e-20, nan 
92.875, 69.375, 1.983908052331632e-20, nan 
93.125, 69.375, 2.2793688743425793e-20, nan 
93.375, 69.375, 2.4384925555699053e-20, nan 
93.625, 69.375, 1.711481059242461e-20, nan 
93.875, 69.375, 1.4113871707964927e-20, nan 
94.125, 69.375, 1.2286799517960857e-20, nan 
94.375, 69.375, 1.7838799321115688e-20, nan 
94.625, 69.375, 2.778115046858916e-20, nan 
94.875, 69.375, 3.6089893452946806e-20, nan 
95.125, 69.375, 3.588964627774216e-20, nan 
95.375, 69.375, 6.931188763649991e-20, nan 
95.625, 69.375, 6.238806060232077e-20, nan 
95.875, 69.375, 4.050378471626685e-20, nan 
96.125, 69.375, 4.592000457482613e-20, nan 
96.375, 69.375, 3.77260619545935e-20, nan 
96.625, 69.375, 5.1026172421903795e-20, nan 
96.875, 69.375, 6.231099961343511e-20, nan 
97.125, 69.375, 5.165149433824444e-20, nan 
97.375, 69.375, 6.876612840951504e-20, nan 
97.625, 69.375, 9.713358504537079e-20, nan 
97.875, 69.375, 1.3330070785046452e-19, nan 
98.125, 69.375, 1.510118164590988e-19, nan 
98.375, 69.375, 1.2391888100106049e-19, nan 
98.625, 69.375, 2.540563063194533e-19, nan 
98.875, 69.375, 3.158608365994569e-19, nan 
99.125, 69.375, 3.525271923986905e-19, nan 
99.375, 69.375, 2.9351710839210374e-19, nan 
99.625, 69.375, 4.135717573113419e-19, nan 
99.875, 69.375, 1.1425774913528428e-18, nan 
100.125, 69.375, 1.9456308940140165e-18, nan 
100.375, 69.375, 2.4133846703522345e-18, nan 
100.625, 69.375, 7.4417726986054e-18, nan 
100.875, 69.375, 1.1596209802800464e-17, nan 
101.125, 69.375, 1.8228006083778636e-17, nan 
101.375, 69.375, 6.109497369489433e-17, nan 
101.625, 69.375, 2.0302010680699755e-16, nan 
101.875, 69.375, 1.4245581447399157e-15, nan 
102.125, 69.375, 1.3223339746157388e-15, nan 
102.375, 69.375, 3.6475214117068296e-16, nan 
102.625, 69.375, 7.027023241307579e-17, nan 
102.875, 69.375, 6.3781131327021975e-18, nan 
103.125, 69.375, 2.4660779704526812e-17, nan 
103.375, 69.375, 1.234370092514771e-17, nan 
103.625, 69.375, 5.731925315991307e-18, nan 
103.875, 69.375, 4.537909681755561e-18, nan 
104.125, 69.375, 1.5005405349584171e-18, nan 
104.375, 69.375, 6.964608262352876e-19, nan 
104.625, 69.375, 3.2039745001408567e-19, nan 
104.875, 69.375, 4.150509130696738e-19, nan 
105.125, 69.375, 3.773248572894942e-19, nan 
105.375, 69.375, 1.7092769269677096e-19, nan 
105.625, 69.375, 3.4833505109446095e-19, nan 
105.875, 69.375, 3.978737031088208e-19, nan 
106.125, 69.375, 2.880414296517106e-19, nan 
106.375, 69.375, 1.4650090701734672e-19, nan 
106.625, 69.375, 1.3539520590012407e-19, nan 
106.875, 69.375, 1.299488524969338e-19, nan 
107.125, 69.375, 1.0452653721180415e-19, nan 
107.375, 69.375, 7.127374285500892e-20, nan 
107.625, 69.375, 4.450405493099386e-20, nan 
107.875, 69.375, 3.9540824301297834e-20, nan 
108.125, 69.375, 2.840633664721843e-20, nan 
108.375, 69.375, 2.58076999810037e-20, nan 
108.625, 69.375, 1.469447706489827e-20, nan 
108.875, 69.375, 2.9499416988952087e-20, nan 
109.125, 69.375, 3.1897841673184325e-20, nan 
109.375, 69.375, 2.5709798979028177e-20, nan 
109.625, 69.375, 2.181401602471702e-20, nan 
109.875, 69.375, 3.285477835576211e-20, nan 
110.125, 69.375, 2.3582262176363723e-20, nan 
110.375, 69.375, 1.2741272229043013e-20, nan 
110.625, 69.375, 1.8675612793470772e-20, nan 
110.875, 69.375, 1.793631606569305e-20, nan 
111.125, 69.375, 5.2404010355957595e-21, nan 
111.375, 69.375, 6.857948554066979e-21, nan 
111.625, 69.375, 6.249295631199643e-21, nan 
111.875, 69.375, 5.718041357720733e-21, nan 
112.125, 69.375, 3.773517289664902e-21, nan 
112.375, 69.375, 3.0100146692167612e-21, nan 
112.625, 69.375, 3.800397021937602e-21, nan 
112.875, 69.375, 2.6450293431051066e-21, nan 
113.125, 69.375, 2.9352295252298882e-21, nan 
113.375, 69.375, 3.322973683229345e-21, nan 
113.625, 69.375, 2.438346189640443e-21, nan 
113.875, 69.375, 1.9048284516407066e-21, nan 
114.125, 69.375, 1.9151660594565233e-21, nan 
114.375, 69.375, 1.4755375390978289e-21, nan 
114.625, 69.375, 2.3290515632361226e-21, nan 
114.875, 69.375, 6.6467971783508836e-21, nan 
115.125, 69.375, 1.1810140345051364e-20, nan 
115.375, 69.375, 6.88272615925294e-21, nan 
115.625, 69.375, 7.020262507169975e-21, nan 
115.875, 69.375, 1.495118412150289e-20, nan 
116.125, 69.375, 7.606522076922107e-21, nan 
116.375, 69.375, 2.7339059775892173e-21, nan 
116.625, 69.375, 6.3813327449658346e-21, nan 
116.875, 69.375, 3.7826211429129204e-21, nan 
117.125, 69.375, 1.4699581157970718e-21, nan 
117.375, 69.375, 1.3185620228206396e-21, nan 
117.625, 69.375, 1.0734332874928557e-21, nan 
117.875, 69.375, 8.664207883260037e-22, nan 
118.125, 69.375, 1.828285185282763e-21, nan 
118.375, 69.375, 1.3732485218262669e-21, nan 
118.625, 69.375, 1.0547408517673897e-21, nan 
118.875, 69.375, 8.545419030742487e-22, nan 
119.125, 69.375, 1.1310814510091186e-21, nan 
119.375, 69.375, 1.0016460891495026e-21, nan 
119.625, 69.375, 6.680380524252093e-22, nan 
119.875, 69.375, 6.715152180205179e-22, nan 
120.125, 69.375, 6.96560917323455e-22, nan 
120.375, 69.375, 9.598328344951035e-22, nan 
120.625, 69.375, 4.673936749770188e-22, nan 
120.875, 69.375, 1.2520516346003665e-21, nan 
121.125, 69.375, 1.2582989025608633e-21, nan 
121.375, 69.375, 9.562514822056912e-22, nan 
121.625, 69.375, 4.788820179386789e-22, nan 
121.875, 69.375, 3.430352510028286e-22, nan 
122.125, 69.375, 2.16267292455088e-22, nan 
122.375, 69.375, 4.809386893051772e-22, nan 
122.625, 69.375, 7.830263579139425e-22, nan 
122.875, 69.375, 1.1341273580878954e-21, nan 
123.125, 69.375, 8.871422854975618e-22, nan 
123.375, 69.375, 8.86297989478939e-22, nan 
123.625, 69.375, 9.429476143181341e-22, nan 
123.875, 69.375, 3.914974392070935e-22, nan 
124.125, 69.375, 3.525890667887057e-22, nan 
124.375, 69.375, 5.686275165363069e-22, nan 
124.625, 69.375, 5.33713586105489e-22, nan 
124.875, 69.375, 4.15183589903608e-22, nan 
125.125, 69.375, 4.688323933457725e-22, nan 
125.375, 69.375, 4.101151543538841e-22, nan 
125.625, 69.375, 2.346606187023338e-22, nan 
125.875, 69.375, 2.359628615883623e-22, nan 
126.125, 69.375, 2.280193432400386e-22, nan 
126.375, 69.375, 1.670165935531585e-22, nan 
126.625, 69.375, 1.4444558643304155e-22, nan 
126.875, 69.375, 1.1438695286343624e-22, nan 
127.125, 69.375, 1.5452164753182432e-22, nan 
127.375, 69.375, 7.043729222181301e-23, nan 
127.625, 69.375, 7.222239635902196e-23, nan 
127.875, 69.375, 6.977774419503706e-23, nan 
128.125, 69.375, 5.512511879242891e-23, nan 
128.375, 69.375, 6.298732473973028e-23, nan 
128.625, 69.375, 2.1149803930095255e-22, nan 
128.875, 69.375, 1.9913710898576954e-22, nan 
129.125, 69.375, 1.6860051379383005e-22, nan 
129.375, 69.375, 1.4548239835783784e-22, nan 
129.625, 69.375, 1.2459450355188776e-22, nan 
129.875, 69.375, 9.971547051502925e-23, nan 
130.125, 69.375, 8.346578023021663e-23, nan 
130.375, 69.375, 4.9009125306294795e-23, nan 
130.625, 69.375, 6.277653119325621e-23, nan 
130.875, 69.375, 3.364696230597007e-23, nan 
131.125, 69.375, 5.086771272400657e-23, nan 
131.375, 69.375, 6.098721675526225e-23, nan 
131.625, 69.375, 6.019659589291693e-23, nan 
131.875, 69.375, 6.656706718896428e-23, nan 
132.125, 69.375, 7.479964434736823e-23, nan 
132.375, 69.375, 1.0491051078835357e-22, nan 
132.625, 69.375, 1.1160445060060338e-22, nan 
132.875, 69.375, 1.0889909080085117e-22, nan 
133.125, 69.375, 7.634663908549055e-23, nan 
133.375, 69.375, 9.471947911648673e-23, nan 
133.625, 69.375, 9.433187663487113e-23, nan 
133.875, 69.375, 1.900145503299808e-23, nan 
134.125, 69.375, 4.4778964368098215e-23, nan 
134.375, 69.375, 3.750525183801854e-23, nan 
134.625, 69.375, 2.0694346390068122e-23, nan 
134.875, 69.375, 3.389524458889337e-23, nan 
135.125, 69.375, 4.581984551985465e-23, nan 
135.375, 69.375, 2.0949711384104012e-23, nan 
135.625, 69.375, 3.117006079158349e-23, nan 
135.875, 69.375, 3.935186638823004e-23, nan 
136.125, 69.375, 2.767404611760734e-23, nan 
136.375, 69.375, 4.612638275539972e-23, nan 
136.625, 69.375, 4.811323139744018e-23, nan 
136.875, 69.375, 3.311408573491607e-23, nan 
137.125, 69.375, 1.2679523457340696e-23, nan 
137.375, 69.375, 3.32759154178973e-23, nan 
137.625, 69.375, 2.5326086205356995e-23, nan 
137.875, 69.375, 2.4404777136539376e-23, nan 
138.125, 69.375, 2.2348271917892974e-23, nan 
138.375, 69.375, 2.883519801370943e-23, nan 
138.625, 69.375, 4.2636435024513286e-23, nan 
138.875, 69.375, 2.369428501819436e-23, nan 
139.125, 69.375, 3.176993435150313e-23, nan 
139.375, 69.375, 3.292626440843281e-23, nan 
139.625, 69.375, 2.763066959981966e-23, nan 
139.875, 69.375, 1.892233424784235e-23, nan 
140.125, 69.375, 1.1807660236212853e-23, nan 
140.375, 69.375, 2.2307096815894928e-23, nan 
140.625, 69.375, 1.7289400855288522e-23, nan 
140.875, 69.375, 1.639053332395135e-23, nan 
141.125, 69.375, 3.129354418365959e-23, nan 
141.375, 69.375, 1.4157856263024366e-23, nan 
141.625, 69.375, 1.5045128062794382e-23, nan 
141.875, 69.375, 2.2901631545515082e-23, nan 
142.125, 69.375, 1.1238254648732822e-23, nan 
142.375, 69.375, 1.4322069295863373e-23, nan 
142.625, 69.375, 1.9350172895641552e-23, nan 
142.875, 69.375, 1.616907544575984e-23, nan 
143.125, 69.375, 2.2027585461330745e-23, nan 
143.375, 69.375, 3.1793437112211824e-23, nan 
143.625, 69.375, 1.1792152883144667e-23, nan 
143.875, 69.375, 2.56535445959452e-23, nan 
144.125, 69.375, 3.165030032080921e-23, nan 
144.375, 69.375, 1.2004242580100828e-23, nan 
144.625, 69.375, 1.6342813104011037e-23, nan 
144.875, 69.375, 2.4572635483918417e-23, nan 
145.125, 69.375, 2.4573624507052564e-23, nan 
145.375, 69.375, 1.5832227284176024e-23, nan 
145.625, 69.375, 2.032485833913331e-23, nan 
145.875, 69.375, 2.2983338476515973e-23, nan 
146.125, 69.375, 1.350020024690601e-23, nan 
146.375, 69.375, 9.521468841341974e-24, nan 
146.625, 69.375, 1.1883276792520042e-23, nan 
146.875, 69.375, 8.005423407816677e-24, nan 
147.125, 69.375, 8.871894763787895e-24, nan 
147.375, 69.375, 4.14740342691922e-24, nan 
147.625, 69.375, 4.979362680719278e-24, nan 
147.875, 69.375, 8.491960665888396e-24, nan 
148.125, 69.375, 7.049777482713771e-24, nan 
148.375, 69.375, 5.355935504495443e-24, nan 
148.625, 69.375, 4.842295959170304e-24, nan 
148.875, 69.375, 2.7761426961354803e-24, nan 
149.125, 69.375, 4.787092907930439e-24, nan 
149.375, 69.375, 7.776349543613427e-24, nan 
149.625, 69.375, 5.2208589991246795e-24, nan 
149.875, 69.375, 6.038137750331106e-24, nan 
150.125, 69.375, 8.76380733242088e-24, nan 
150.375, 69.375, 8.461383481425432e-24, nan 
150.625, 69.375, 7.08140608739755e-24, nan 
150.875, 69.375, 8.198928375725101e-24, nan 
151.125, 69.375, 8.156878347871645e-24, nan 
151.375, 69.375, 5.0589482020366176e-24, nan 
151.625, 69.375, 7.337036171191328e-24, nan 
151.875, 69.375, 1.0049535305473516e-23, nan 
152.125, 69.375, 8.59992905606748e-24, nan 
152.375, 69.375, 7.992389817576575e-24, nan 
152.625, 69.375, 5.256299695451194e-24, nan 
152.875, 69.375, 7.285214119891513e-24, nan 
153.125, 69.375, 6.735513495095851e-24, nan 
153.375, 69.375, 3.988578500481601e-24, nan 
153.625, 69.375, 4.8396792372427014e-24, nan 
153.875, 69.375, 4.063283488105746e-24, nan 
154.125, 69.375, 4.236830373503525e-24, nan 
154.375, 69.375, 6.06556406245235e-24, nan 
154.625, 69.375, 3.753976251802119e-24, nan 
154.875, 69.375, 3.818227669223587e-24, nan 
155.125, 69.375, 4.160895909492306e-24, nan 
155.375, 69.375, 2.235028730342762e-24, nan 
155.625, 69.375, 4.339937253684057e-24, nan 
155.875, 69.375, 6.21133269640881e-24, nan 
156.125, 69.375, 4.7942875441428375e-24, nan 
156.375, 69.375, 5.492701934784103e-24, nan 
156.625, 69.375, 5.139235403587366e-24, nan 
156.875, 69.375, 5.646449179488614e-24, nan 
157.125, 69.375, 5.88529188459518e-24, nan 
157.375, 69.375, 1.3741167370568618e-24, nan 
157.625, 69.375, 5.7701812547233145e-24, nan 
157.875, 69.375, 4.839959102914554e-24, nan 
158.125, 69.375, 2.189799432323681e-24, nan 
158.375, 69.375, 3.749693034197611e-24, nan 
158.625, 69.375, 4.2466228954262036e-24, nan 
158.875, 69.375, 3.370039023547527e-24, nan 
159.125, 69.375, 2.6484841183236545e-24, nan 
159.375, 69.375, 4.366341147663632e-24, nan 
159.625, 69.375, 2.4112318092865493e-24, nan 
159.875, 69.375, 6.70210373823503e-24, nan 
160.125, 69.375, 9.278872301657588e-24, nan 
160.375, 69.375, 1.1916171048560115e-23, nan 
160.625, 69.375, 1.3295927966014882e-23, nan 
160.875, 69.375, 1.348529459249407e-23, nan 
161.125, 69.375, 9.485695039347024e-24, nan 
161.375, 69.375, 8.177740069889708e-24, nan 
161.625, 69.375, 5.956900848102774e-24, nan 
161.875, 69.375, 1.0319828687741209e-23, nan 
162.125, 69.375, 3.1932056643095064e-24, nan 
162.375, 69.375, 3.526598933091899e-24, nan 
162.625, 69.375, 1.741102949945316e-23, nan 
162.875, 69.375, 3.470811565320697e-24, nan 
163.125, 69.375, 3.357804033566097e-24, nan 
163.375, 69.375, 8.514955460953717e-24, nan 
163.625, 69.375, 3.1190630085696254e-24, nan 
163.875, 69.375, 2.3740856961079818e-24, nan 
164.125, 69.375, 2.366304973269825e-24, nan 
164.375, 69.375, 9.46384832667209e-25, nan 
164.625, 69.375, 1.9387296689245756e-24, nan 
164.875, 69.375, 2.7708091714829454e-24, nan 
165.125, 69.375, 1.3557477372127017e-24, nan 
165.375, 69.375, 2.296962929745635e-24, nan 
165.625, 69.375, 2.529871072021602e-24, nan 
165.875, 69.375, 1.4848719937821121e-24, nan 
166.125, 69.375, 2.397937805549587e-24, nan 
166.375, 69.375, 2.2790204098781615e-24, nan 
166.625, 69.375, 2.1274091344080514e-24, nan 
166.875, 69.375, 1.844374772142718e-24, nan 
167.125, 69.375, 2.171448955450993e-24, nan 
167.375, 69.375, 2.7384211406768027e-24, nan 
167.625, 69.375, 3.8444523034871994e-24, nan 
167.875, 69.375, 5.710593025973163e-24, nan 
168.125, 69.375, 4.680274469894362e-24, nan 
168.375, 69.375, 5.0644025274186936e-24, nan 
168.625, 69.375, 6.358007477218881e-24, nan 
168.875, 69.375, 3.979415901480046e-24, nan 
169.125, 69.375, 1.8356516610092764e-24, nan 
169.375, 69.375, 1.5176380701652585e-24, nan 
169.625, 69.375, 1.065564039360915e-24, nan 
169.875, 69.375, 1.6262276814321452e-24, nan 
170.125, 69.375, 1.0388585173185261e-24, nan 
170.375, 69.375, 3.544168845546069e-24, nan 
170.625, 69.375, 6.683285804376448e-24, nan 
170.875, 69.375, 5.29831910686348e-24, nan 
171.125, 69.375, 3.9929292077535195e-24, nan 
171.375, 69.375, 5.6117728367590404e-24, nan 
171.625, 69.375, 3.541462514649666e-24, nan 
171.875, 69.375, 1.993150676782443e-24, nan 
172.125, 69.375, 1.1385348368842351e-24, nan 
30.375, 69.625, 6.927502852706033e-25, nan 
30.625, 69.625, 4.867544171355921e-25, nan 
30.875, 69.625, 8.583487476794608e-25, nan 
31.125, 69.625, 6.005232102555034e-25, nan 
31.375, 69.625, 6.930818826681012e-25, nan 
31.625, 69.625, 6.872361223397916e-25, nan 
31.875, 69.625, 7.899335793797432e-25, nan 
32.125, 69.625, 1.20573936120974e-24, nan 
32.375, 69.625, 1.0384388359036982e-24, nan 
32.625, 69.625, 1.4668898452429196e-24, nan 
32.875, 69.625, 5.403188005091172e-25, nan 
33.125, 69.625, 9.678493636879469e-25, nan 
33.375, 69.625, 1.3476001311599993e-24, nan 
33.625, 69.625, 1.750293972874739e-24, nan 
33.875, 69.625, 1.9268661187820287e-24, nan 
34.125, 69.625, 2.164898463301704e-24, nan 
34.375, 69.625, 2.0533544655282347e-24, nan 
34.625, 69.625, 1.53537382669391e-24, nan 
34.875, 69.625, 1.291950221380624e-24, nan 
35.125, 69.625, 2.3322822843495732e-24, nan 
35.375, 69.625, 1.713958974147532e-24, nan 
35.625, 69.625, 1.850352367410629e-24, nan 
35.875, 69.625, 2.648093098265508e-24, nan 
36.125, 69.625, 2.0228058279320576e-24, nan 
36.375, 69.625, 2.5635782100405913e-24, nan 
36.625, 69.625, 3.1830369447778392e-24, nan 
36.875, 69.625, 2.0397864571208414e-24, nan 
37.125, 69.625, 2.7382092859977734e-24, nan 
37.375, 69.625, 4.032443486623624e-24, nan 
37.625, 69.625, 4.3021605282476874e-24, nan 
37.875, 69.625, 4.9342460809043386e-24, nan 
38.125, 69.625, 4.677501380612309e-24, nan 
38.375, 69.625, 3.398010338148598e-24, nan 
38.625, 69.625, 1.824251689353262e-24, nan 
38.875, 69.625, 1.0855654494255506e-24, nan 
39.125, 69.625, 1.243649261323566e-24, nan 
39.375, 69.625, 1.743330418578726e-24, nan 
39.625, 69.625, 3.108788689750471e-24, nan 
39.875, 69.625, 5.106401341135926e-24, nan 
40.125, 69.625, 7.298731370358363e-24, nan 
40.375, 69.625, 7.659807378797605e-24, nan 
40.625, 69.625, 6.798508276975696e-24, nan 
40.875, 69.625, 8.920252688482054e-24, nan 
41.125, 69.625, 1.7915804890004783e-23, nan 
41.375, 69.625, 4.2327926243473906e-23, nan 
41.625, 69.625, 4.0074311860316326e-23, nan 
41.875, 69.625, 9.488943237430237e-24, nan 
42.125, 69.625, 7.90097293676475e-24, nan 
42.375, 69.625, 6.615688060171804e-24, nan 
42.625, 69.625, 7.193798395738624e-24, nan 
42.875, 69.625, 1.0834907919476562e-23, nan 
43.125, 69.625, 9.632117889016793e-24, nan 
43.375, 69.625, 7.842282771458321e-24, nan 
43.625, 69.625, 2.0534137200828248e-24, nan 
43.875, 69.625, 3.5860588597883095e-24, nan 
44.125, 69.625, 3.2945659556699222e-24, nan 
44.375, 69.625, 3.381928659713935e-24, nan 
44.625, 69.625, 4.0601070851488774e-24, nan 
44.875, 69.625, 3.2164667038200228e-24, nan 
45.125, 69.625, 1.6097275466013602e-24, nan 
45.375, 69.625, 1.0780219675808612e-24, nan 
45.625, 69.625, 1.781934589260981e-24, nan 
45.875, 69.625, 2.4955292194802324e-24, nan 
46.125, 69.625, 2.9789055331085084e-24, nan 
46.375, 69.625, 3.522134046942644e-24, nan 
46.625, 69.625, 3.608564532315446e-24, nan 
46.875, 69.625, 2.5287240484078604e-24, nan 
47.125, 69.625, 2.1147262146478696e-24, nan 
47.375, 69.625, 2.202325255854633e-24, nan 
47.625, 69.625, 1.5299649394571265e-24, nan 
47.875, 69.625, 2.995071924775212e-24, nan 
48.125, 69.625, 2.733473053942118e-24, nan 
48.375, 69.625, 1.6276754308279771e-24, nan 
48.625, 69.625, 3.633803609374374e-24, nan 
48.875, 69.625, 3.1130584469766044e-24, nan 
49.125, 69.625, 4.1558530233106264e-24, nan 
49.375, 69.625, 5.3659690082641316e-24, nan 
49.625, 69.625, 4.177828203883002e-24, nan 
49.875, 69.625, 3.643918575508678e-24, nan 
50.125, 69.625, 2.7572201895793617e-24, nan 
50.375, 69.625, 4.092486445515852e-24, nan 
50.625, 69.625, 2.5310264016131773e-24, nan 
50.875, 69.625, 3.175818495152824e-24, nan 
51.125, 69.625, 4.493659835290143e-24, nan 
51.375, 69.625, 4.029683057090255e-24, nan 
51.625, 69.625, 3.624123045302622e-24, nan 
51.875, 69.625, 5.621758888127318e-24, nan 
52.125, 69.625, 7.749852881467515e-24, nan 
52.375, 69.625, 5.3732979082883156e-24, nan 
52.625, 69.625, 5.525895525731386e-24, nan 
52.875, 69.625, 7.051839319602322e-24, nan 
53.125, 69.625, 2.884307658444293e-24, nan 
53.375, 69.625, 4.15834266404544e-24, nan 
53.625, 69.625, 3.911318346670612e-24, nan 
53.875, 69.625, 3.4459540564976665e-24, nan 
54.125, 69.625, 9.848960924951581e-24, nan 
54.375, 69.625, 4.591702043794117e-24, nan 
54.625, 69.625, 6.534998745853273e-24, nan 
54.875, 69.625, 6.854335199812488e-24, nan 
55.125, 69.625, 6.716521875504008e-24, nan 
55.375, 69.625, 8.437008632844847e-24, nan 
55.625, 69.625, 7.600104935450305e-24, nan 
55.875, 69.625, 9.849629096282067e-24, nan 
56.125, 69.625, 7.897133836485966e-24, nan 
56.375, 69.625, 9.33417154202969e-24, nan 
56.625, 69.625, 5.1270871500778136e-24, nan 
56.875, 69.625, 7.911544548804049e-24, nan 
57.125, 69.625, 1.3058950150828965e-23, nan 
57.375, 69.625, 1.0611400261303337e-23, nan 
57.625, 69.625, 1.3132350098272466e-23, nan 
57.875, 69.625, 1.530480317870332e-23, nan 
58.125, 69.625, 1.450791248081696e-23, nan 
58.375, 69.625, 1.666042694077356e-23, nan 
58.625, 69.625, 1.8031554756202015e-23, nan 
58.875, 69.625, 1.922978013560942e-23, nan 
59.125, 69.625, 2.057424561821905e-23, nan 
59.375, 69.625, 2.3423592159927523e-23, nan 
59.625, 69.625, 1.974369138402667e-23, nan 
59.875, 69.625, 2.0466123419518015e-23, nan 
60.125, 69.625, 2.074114567740429e-23, nan 
60.375, 69.625, 1.7398005702412282e-23, nan 
60.625, 69.625, 2.571787067348762e-23, nan 
60.875, 69.625, 3.5918391740407375e-23, nan 
61.125, 69.625, 3.582641990453958e-23, nan 
61.375, 69.625, 2.776632582406096e-23, nan 
61.625, 69.625, 3.4489024263183926e-23, nan 
61.875, 69.625, 3.451981247823813e-23, nan 
62.125, 69.625, 2.8167160072358404e-23, nan 
62.375, 69.625, 3.1103672416303023e-23, nan 
62.625, 69.625, 3.405135105206728e-23, nan 
62.875, 69.625, 3.862999286152672e-23, nan 
63.125, 69.625, 5.446978210359752e-23, nan 
63.375, 69.625, 4.753026420720488e-23, nan 
63.625, 69.625, 3.808170742137828e-23, nan 
63.875, 69.625, 3.9133352974037485e-23, nan 
64.125, 69.625, 3.8792816804081005e-23, nan 
64.375, 69.625, 3.2235992974506766e-23, nan 
64.625, 69.625, 4.2846780077363874e-23, nan 
64.875, 69.625, 1.315421736906818e-22, nan 
65.125, 69.625, 5.77213165336954e-23, nan 
65.375, 69.625, 2.1115216195154327e-23, nan 
65.625, 69.625, 1.560638873681276e-22, nan 
65.875, 69.625, 1.3197460500795633e-22, nan 
66.125, 69.625, 9.175647964942296e-23, nan 
66.375, 69.625, 1.1501315271843924e-22, nan 
66.625, 69.625, 1.1005833126723075e-22, nan 
66.875, 69.625, 8.307415604927647e-23, nan 
67.125, 69.625, 6.14962529464418e-23, nan 
67.375, 69.625, 4.2027308123102175e-23, nan 
67.625, 69.625, 4.183894216397154e-23, nan 
67.875, 69.625, 3.338209350323697e-23, nan 
68.125, 69.625, 6.697068676383599e-23, nan 
68.375, 69.625, 7.378180470855749e-23, nan 
68.625, 69.625, 6.666188391263205e-23, nan 
68.875, 69.625, 5.761198800332554e-23, nan 
69.125, 69.625, 7.149306739108272e-23, nan 
69.375, 69.625, 9.006484052452948e-23, nan 
69.625, 69.625, 2.696931282995597e-23, nan 
69.875, 69.625, 6.71197622999805e-23, nan 
70.125, 69.625, 5.647553423889929e-23, nan 
70.375, 69.625, 5.691108287321428e-23, nan 
70.625, 69.625, 7.343982367664515e-23, nan 
70.875, 69.625, 6.631957359108841e-23, nan 
71.125, 69.625, 4.9624998055154214e-23, nan 
71.375, 69.625, 5.331396081905212e-23, nan 
71.625, 69.625, 5.72458694711792e-23, nan 
71.875, 69.625, 5.062826207292356e-23, nan 
72.125, 69.625, 7.698913401519281e-23, nan 
72.375, 69.625, 8.874015322687255e-23, nan 
72.625, 69.625, 4.7845619781802935e-23, nan 
72.875, 69.625, 1.0526731594173927e-22, nan 
73.125, 69.625, 1.4095987268428133e-22, nan 
73.375, 69.625, 1.1232534782577952e-22, nan 
73.625, 69.625, 1.0094168356910812e-22, nan 
73.875, 69.625, 1.4420132778878138e-22, nan 
74.125, 69.625, 1.4779833645210727e-22, nan 
74.375, 69.625, 9.921057459294639e-23, nan 
74.625, 69.625, 1.3578601011297508e-22, nan 
74.875, 69.625, 5.438062974319804e-22, nan 
75.125, 69.625, 4.506135115010846e-22, nan 
75.375, 69.625, 1.0514304427558194e-22, nan 
75.625, 69.625, 1.1086563288301292e-22, nan 
75.875, 69.625, 9.315019234836096e-23, nan 
76.125, 69.625, 1.318239396338662e-22, nan 
76.375, 69.625, 2.0373858051423517e-22, nan 
76.625, 69.625, 1.1660991177748613e-22, nan 
76.875, 69.625, 1.8933342026863317e-22, nan 
77.125, 69.625, 1.9520366203460522e-22, nan 
77.375, 69.625, 6.102607550107521e-23, nan 
77.625, 69.625, 1.2992505480266203e-22, nan 
77.875, 69.625, 2.380887900938873e-22, nan 
78.125, 69.625, 3.719846437865526e-22, nan 
78.375, 69.625, 2.8242221894226003e-22, nan 
78.625, 69.625, 6.569074207500689e-22, nan 
78.875, 69.625, 5.6058667071403625e-22, nan 
79.125, 69.625, 2.701470238979858e-22, nan 
79.375, 69.625, 2.849080706774123e-22, nan 
79.625, 69.625, 3.6577883750313077e-22, nan 
79.875, 69.625, 3.201765516297888e-22, nan 
80.125, 69.625, 3.992649290183637e-22, nan 
80.375, 69.625, 3.8396640383067634e-22, nan 
80.625, 69.625, 2.7584399640456413e-22, nan 
80.875, 69.625, 3.197239905259482e-22, nan 
81.125, 69.625, 3.458151977253075e-22, nan 
81.375, 69.625, 3.6013306761448745e-22, nan 
81.625, 69.625, 5.323241173846562e-22, nan 
81.875, 69.625, 4.959117223208056e-22, nan 
82.125, 69.625, 5.659553470786119e-22, nan 
82.375, 69.625, 5.5159813460383e-22, nan 
82.625, 69.625, 7.751370172924385e-22, nan 
82.875, 69.625, 8.070543672349745e-22, nan 
83.125, 69.625, 1.393315881090035e-21, nan 
83.375, 69.625, 1.1104117457818103e-21, nan 
83.625, 69.625, 1.1716096804272661e-21, nan 
83.875, 69.625, 1.4590242273443298e-21, nan 
84.125, 69.625, 1.2767406621216851e-21, nan 
84.375, 69.625, 1.1231870298011369e-21, nan 
84.625, 69.625, 1.2554012989557012e-21, nan 
84.875, 69.625, 1.198951370894574e-21, nan 
85.125, 69.625, 1.1885618888322516e-21, nan 
85.375, 69.625, 1.5727156201172642e-21, nan 
85.625, 69.625, 2.820876930168837e-21, nan 
85.875, 69.625, 2.7177392914755924e-21, nan 
86.125, 69.625, 7.461463724212678e-22, nan 
86.375, 69.625, 1.0467025709002603e-21, nan 
86.625, 69.625, 9.62855961445802e-22, nan 
86.875, 69.625, 1.197312572478989e-21, nan 
87.125, 69.625, 1.7549081626647235e-21, nan 
87.375, 69.625, 1.984672875734166e-21, nan 
87.625, 69.625, 2.381681355407898e-21, nan 
87.875, 69.625, 2.679794928685986e-21, nan 
88.125, 69.625, 2.4184598040256187e-21, nan 
88.375, 69.625, 1.9642155549978716e-21, nan 
88.625, 69.625, 2.5159349346042285e-21, nan 
88.875, 69.625, 4.9348440288969866e-21, nan 
89.125, 69.625, 2.893381360203496e-21, nan 
89.375, 69.625, 7.143515326719753e-21, nan 
89.625, 69.625, 1.1571028600107629e-20, nan 
89.875, 69.625, 1.7452241829749963e-20, nan 
90.125, 69.625, 1.794111270236762e-20, nan 
90.375, 69.625, 2.082973185775557e-20, nan 
90.625, 69.625, 2.3697298724637904e-20, nan 
90.875, 69.625, 2.7846519320439435e-20, nan 
91.125, 69.625, 3.533563067388578e-20, nan 
91.375, 69.625, 2.835922217910584e-20, nan 
91.625, 69.625, 2.6364564515680983e-20, nan 
91.875, 69.625, 3.0517527294372277e-20, nan 
92.125, 69.625, 3.490821331561847e-20, nan 
92.375, 69.625, 2.7721453529757696e-20, nan 
92.625, 69.625, 2.4034796018412455e-20, nan 
92.875, 69.625, 2.966929385337811e-20, nan 
93.125, 69.625, 2.7382398790634837e-20, nan 
93.375, 69.625, 3.0222631642872764e-20, nan 
93.625, 69.625, 2.084222056244873e-20, nan 
93.875, 69.625, 1.952918404010702e-20, nan 
94.125, 69.625, 1.3376884312968408e-20, nan 
94.375, 69.625, 4.0022327282569934e-20, nan 
94.625, 69.625, 4.50789775571817e-20, nan 
94.875, 69.625, 3.509375683754959e-20, nan 
95.125, 69.625, 5.20877191864133e-20, nan 
95.375, 69.625, 9.231040792005671e-20, nan 
95.625, 69.625, 6.678989358044054e-20, nan 
95.875, 69.625, 7.207976630371957e-20, nan 
96.125, 69.625, 1.0805763253914446e-19, nan 
96.375, 69.625, 9.114999994872371e-20, nan 
96.625, 69.625, 7.871807997514183e-20, nan 
96.875, 69.625, 6.916689971227538e-20, nan 
97.125, 69.625, 8.317798029784978e-20, nan 
97.375, 69.625, 7.997833594142777e-20, nan 
97.625, 69.625, 1.1026049299792176e-19, nan 
97.875, 69.625, 1.658273800908491e-19, nan 
98.125, 69.625, 3.211841143835111e-19, nan 
98.375, 69.625, 3.2908938331352633e-19, nan 
98.625, 69.625, 3.191852176944288e-19, nan 
98.875, 69.625, 4.188394009074245e-19, nan 
99.125, 69.625, 4.783410709971321e-19, nan 
99.375, 69.625, 4.922848562230681e-19, nan 
99.625, 69.625, 5.31163698683532e-19, nan 
99.875, 69.625, 6.406440588668758e-19, nan 
100.125, 69.625, 2.2414239231570073e-18, nan 
100.375, 69.625, 3.795517721922504e-18, nan 
100.625, 69.625, 5.869684791272192e-18, nan 
100.875, 69.625, 9.679572507956791e-18, nan 
101.125, 69.625, 1.2761841759223675e-17, nan 
101.375, 69.625, 3.762574323259203e-17, nan 
101.625, 69.625, 1.9428603883984285e-16, nan 
101.875, 69.625, 3.8938098824873416e-16, nan 
102.125, 69.625, 2.5527163083779607e-16, nan 
102.375, 69.625, 1.810288762352759e-16, nan 
102.625, 69.625, 9.371100572508313e-17, nan 
102.875, 69.625, 6.000749142606834e-17, nan 
103.125, 69.625, 2.146946212727273e-17, nan 
103.375, 69.625, 1.3957831778921218e-17, nan 
103.625, 69.625, 1.0722610641093328e-17, nan 
103.875, 69.625, 7.948295357366443e-18, nan 
104.125, 69.625, 4.017891300545296e-18, nan 
104.375, 69.625, 3.321513318994773e-18, nan 
104.625, 69.625, 2.9772358525814962e-18, nan 
104.875, 69.625, 7.882339246378203e-19, nan 
105.125, 69.625, 2.9005607238621795e-19, nan 
105.375, 69.625, 8.465075513489757e-20, nan 
105.625, 69.625, 2.007208633988686e-19, nan 
105.875, 69.625, 1.9233476776148751e-19, nan 
106.125, 69.625, 1.2753297458490365e-19, nan 
106.375, 69.625, 9.842712601018097e-20, nan 
106.625, 69.625, 1.0114527516082895e-19, nan 
106.875, 69.625, 1.134472723654372e-19, nan 
107.125, 69.625, 9.57858128357592e-20, nan 
107.375, 69.625, 8.989303933412498e-20, nan 
107.625, 69.625, 7.850328170439195e-20, nan 
107.875, 69.625, 7.441261553938826e-20, nan 
108.125, 69.625, 5.062092427310705e-20, nan 
108.375, 69.625, 1.9048212838871943e-20, nan 
108.625, 69.625, 2.023719275909854e-20, nan 
108.875, 69.625, 4.9002429953405836e-20, nan 
109.125, 69.625, 1.626718160362273e-20, nan 
109.375, 69.625, 1.6835656027349853e-20, nan 
109.625, 69.625, 2.708230015400456e-20, nan 
109.875, 69.625, 2.0655189552350526e-20, nan 
110.125, 69.625, 1.2505033272005571e-20, nan 
110.375, 69.625, 1.224539721411961e-20, nan 
110.625, 69.625, 1.3529136165877944e-20, nan 
110.875, 69.625, 1.2810507618624427e-20, nan 
111.125, 69.625, 3.853340157796043e-21, nan 
111.375, 69.625, 6.2871696814229546e-21, nan 
111.625, 69.625, 4.368983023706459e-21, nan 
111.875, 69.625, 5.008732355675518e-21, nan 
112.125, 69.625, 5.117918218056492e-21, nan 
112.375, 69.625, 2.849919011958722e-21, nan 
112.625, 69.625, 4.677771188087305e-21, nan 
112.875, 69.625, 4.572555773098607e-21, nan 
113.125, 69.625, 2.761522622884832e-21, nan 
113.375, 69.625, 3.1995160566164517e-21, nan 
113.625, 69.625, 2.9136314208169626e-21, nan 
113.875, 69.625, 2.5721493916682552e-21, nan 
114.125, 69.625, 4.924802202882203e-21, nan 
114.375, 69.625, 6.410379220867293e-21, nan 
114.625, 69.625, 3.31748939572111e-21, nan 
114.875, 69.625, 7.803712140613432e-21, nan 
115.125, 69.625, 1.3562752384460176e-20, nan 
115.375, 69.625, 9.636854946409647e-21, nan 
115.625, 69.625, 5.545902505411832e-21, nan 
115.875, 69.625, 9.571136219915812e-21, nan 
116.125, 69.625, 6.840346012946172e-21, nan 
116.375, 69.625, 3.2585401035332875e-21, nan 
116.625, 69.625, 3.1787644206995447e-21, nan 
116.875, 69.625, 2.0626915963299213e-21, nan 
117.125, 69.625, 1.923126218135616e-21, nan 
117.375, 69.625, 1.4358044368835689e-21, nan 
117.625, 69.625, 7.868836487815778e-22, nan 
117.875, 69.625, 8.001968571110296e-22, nan 
118.125, 69.625, 1.427030434808044e-21, nan 
118.375, 69.625, 1.5241862771401627e-21, nan 
118.625, 69.625, 9.17440881070103e-22, nan 
118.875, 69.625, 1.0008480472985876e-21, nan 
119.125, 69.625, 8.894982115388594e-22, nan 
119.375, 69.625, 8.217853280621163e-22, nan 
119.625, 69.625, 7.138033882263593e-22, nan 
119.875, 69.625, 6.87310086644652e-22, nan 
120.125, 69.625, 1.2123836643450607e-21, nan 
120.375, 69.625, 1.5047297057689315e-21, nan 
120.625, 69.625, 1.047777425808325e-21, nan 
120.875, 69.625, 1.7568131651167973e-21, nan 
121.125, 69.625, 2.0388888953707695e-21, nan 
121.375, 69.625, 1.5081221308299426e-21, nan 
121.625, 69.625, 9.103397315235603e-22, nan 
121.875, 69.625, 1.1151779797695128e-21, nan 
122.125, 69.625, 7.088107992399143e-22, nan 
122.375, 69.625, 4.784550782938828e-22, nan 
122.625, 69.625, 5.1702311064171405e-22, nan 
122.875, 69.625, 6.147506780291525e-22, nan 
123.125, 69.625, 8.88900055962026e-22, nan 
123.375, 69.625, 9.04765326479707e-22, nan 
123.625, 69.625, 8.146648220308896e-22, nan 
123.875, 69.625, 5.3607109169994e-22, nan 
124.125, 69.625, 6.016803837970069e-22, nan 
124.375, 69.625, 5.221594284029028e-22, nan 
124.625, 69.625, 4.1211260756592064e-22, nan 
124.875, 69.625, 3.9255048092340534e-22, nan 
125.125, 69.625, 3.3095135200123604e-22, nan 
125.375, 69.625, 1.9902404012472454e-22, nan 
125.625, 69.625, 2.925259775451494e-22, nan 
125.875, 69.625, 2.884169407153192e-22, nan 
126.125, 69.625, 3.9435613677570847e-22, nan 
126.375, 69.625, 2.1893480351653224e-22, nan 
126.625, 69.625, 1.7873738402702634e-22, nan 
126.875, 69.625, 1.8268379744786825e-22, nan 
127.125, 69.625, 1.6963180391119637e-22, nan 
127.375, 69.625, 1.3769127447119352e-22, nan 
127.625, 69.625, 1.2193722514191502e-22, nan 
127.875, 69.625, 1.3013907915078925e-22, nan 
128.125, 69.625, 8.981934360305641e-23, nan 
128.375, 69.625, 1.2074640896807112e-22, nan 
128.625, 69.625, 1.504429795520425e-22, nan 
128.875, 69.625, 1.1154875819362641e-22, nan 
129.125, 69.625, 1.4664431296750338e-22, nan 
129.375, 69.625, 1.0054663832541791e-22, nan 
129.625, 69.625, 8.590107191479114e-23, nan 
129.875, 69.625, 8.838710056644734e-23, nan 
130.125, 69.625, 6.950935619358571e-23, nan 
130.375, 69.625, 7.339520846370442e-23, nan 
130.625, 69.625, 7.556993140738389e-23, nan 
130.875, 69.625, 6.055030167647228e-23, nan 
131.125, 69.625, 1.2023667511538907e-22, nan 
131.375, 69.625, 1.0410231764109122e-22, nan 
131.625, 69.625, 1.2261061937512501e-22, nan 
131.875, 69.625, 7.839513544434503e-23, nan 
132.125, 69.625, 1.032333515488386e-22, nan 
132.375, 69.625, 1.6512258124440416e-22, nan 
132.625, 69.625, 1.4200310588680745e-22, nan 
132.875, 69.625, 8.752580413625443e-23, nan 
133.125, 69.625, 1.1248683684629345e-22, nan 
133.375, 69.625, 9.86261807047174e-23, nan 
133.625, 69.625, 5.188465654038061e-23, nan 
133.875, 69.625, 3.143844610509978e-23, nan 
134.125, 69.625, 5.998421680162801e-23, nan 
134.375, 69.625, 6.175517348897714e-23, nan 
134.625, 69.625, 5.566592328819096e-23, nan 
134.875, 69.625, 3.353140223358547e-23, nan 
135.125, 69.625, 4.7778184355800395e-23, nan 
135.375, 69.625, 4.703795980476999e-23, nan 
135.625, 69.625, 5.401171276620418e-23, nan 
135.875, 69.625, 4.4227237195919415e-23, nan 
136.125, 69.625, 4.597306258689521e-23, nan 
136.375, 69.625, 5.473907971707809e-23, nan 
136.625, 69.625, 4.648542524400386e-23, nan 
136.875, 69.625, 3.731631219867197e-23, nan 
137.125, 69.625, 4.628223951775739e-23, nan 
137.375, 69.625, 2.4731245660530036e-23, nan 
137.625, 69.625, 3.0166247132653447e-23, nan 
137.875, 69.625, 3.4217242155992995e-23, nan 
138.125, 69.625, 2.0833177707381073e-23, nan 
138.375, 69.625, 3.753145540750106e-23, nan 
138.625, 69.625, 2.5049537876524563e-23, nan 
138.875, 69.625, 1.5300285046901114e-23, nan 
139.125, 69.625, 2.880406789915959e-23, nan 
139.375, 69.625, 3.458326209528147e-23, nan 
139.625, 69.625, 1.881737837755261e-23, nan 
139.875, 69.625, 1.68677116798006e-23, nan 
140.125, 69.625, 8.712196571918155e-24, nan 
140.375, 69.625, 8.923556535892975e-24, nan 
140.625, 69.625, 1.4214995321969355e-23, nan 
140.875, 69.625, 1.7897527528905992e-23, nan 
141.125, 69.625, 3.015320892369824e-23, nan 
141.375, 69.625, 1.7113086051755176e-23, nan 
141.625, 69.625, 1.2027987014012246e-23, nan 
141.875, 69.625, 6.137193887672309e-24, nan 
142.125, 69.625, 1.1122543437142927e-23, nan 
142.375, 69.625, 1.138118960134661e-23, nan 
142.625, 69.625, 1.0338031152415363e-23, nan 
142.875, 69.625, 1.628157856924837e-23, nan 
143.125, 69.625, 1.0844331219038239e-23, nan 
143.375, 69.625, 8.521688537058524e-24, nan 
143.625, 69.625, 1.1515325495842817e-23, nan 
143.875, 69.625, 2.2433523268084255e-23, nan 
144.125, 69.625, 1.8488318414274225e-23, nan 
144.375, 69.625, 1.12050406313827e-23, nan 
144.625, 69.625, 1.5065793978153657e-23, nan 
144.875, 69.625, 1.889583676891895e-23, nan 
145.125, 69.625, 1.9621023148763563e-23, nan 
145.375, 69.625, 2.0289335640983504e-23, nan 
145.625, 69.625, 1.969911267554213e-23, nan 
145.875, 69.625, 1.6850150817134735e-23, nan 
146.125, 69.625, 1.1509266965850878e-23, nan 
146.375, 69.625, 1.169269660226908e-23, nan 
146.625, 69.625, 1.382250425993651e-23, nan 
146.875, 69.625, 7.482025689724255e-24, nan 
147.125, 69.625, 1.1735764931530132e-23, nan 
147.375, 69.625, 9.833851989337739e-24, nan 
147.625, 69.625, 5.4177374326362954e-24, nan 
147.875, 69.625, 9.502095561424956e-24, nan 
148.125, 69.625, 1.0276814326887528e-23, nan 
148.375, 69.625, 6.743465620764642e-24, nan 
148.625, 69.625, 4.7702085199223136e-24, nan 
148.875, 69.625, 5.8362971694482824e-24, nan 
149.125, 69.625, 7.909021073329033e-24, nan 
149.375, 69.625, 1.1743083213125289e-23, nan 
149.625, 69.625, 1.2327030029641255e-23, nan 
149.875, 69.625, 6.907015934855152e-24, nan 
150.125, 69.625, 9.257523839551348e-24, nan 
150.375, 69.625, 1.0095125677748068e-23, nan 
150.625, 69.625, 4.711533372393461e-24, nan 
150.875, 69.625, 2.482141591307328e-24, nan 
151.125, 69.625, 1.5743672216901315e-24, nan 
151.375, 69.625, 2.8189630157001404e-24, nan 
151.625, 69.625, 7.472114150135382e-24, nan 
151.875, 69.625, 8.046770412414347e-24, nan 
152.125, 69.625, 5.632664416298169e-24, nan 
152.375, 69.625, 4.535637634042706e-24, nan 
152.625, 69.625, 4.7932606523745846e-24, nan 
152.875, 69.625, 2.919378156366973e-24, nan 
153.125, 69.625, 2.1355691452972606e-24, nan 
153.375, 69.625, 4.6171752389814125e-24, nan 
153.625, 69.625, 5.0902041441913705e-24, nan 
153.875, 69.625, 5.19693207805402e-24, nan 
154.125, 69.625, 6.13800605759655e-24, nan 
154.375, 69.625, 6.518756729325497e-24, nan 
154.625, 69.625, 5.0447057333970406e-24, nan 
154.875, 69.625, 3.839011334237929e-24, nan 
155.125, 69.625, 4.059513310642566e-24, nan 
155.375, 69.625, 2.483947440748286e-24, nan 
155.625, 69.625, 4.3630619506422724e-24, nan 
155.875, 69.625, 6.788386092404351e-24, nan 
156.125, 69.625, 8.003608582979044e-24, nan 
156.375, 69.625, 6.696944614518635e-24, nan 
156.625, 69.625, 6.1302236941406206e-24, nan 
156.875, 69.625, 9.24292559611126e-24, nan 
157.125, 69.625, 6.157141950969237e-24, nan 
157.375, 69.625, 1.0969083780657652e-24, nan 
157.625, 69.625, 5.503887013188073e-24, nan 
157.875, 69.625, 2.940605060104894e-24, nan 
158.125, 69.625, 3.682630839777947e-24, nan 
158.375, 69.625, 5.093469728671505e-24, nan 
158.625, 69.625, 2.599146365679085e-24, nan 
158.875, 69.625, 3.2663031756051055e-24, nan 
159.125, 69.625, 7.123903540970685e-24, nan 
159.375, 69.625, 1.4249924056308847e-23, nan 
159.625, 69.625, 1.9815531059378435e-23, nan 
159.875, 69.625, 1.4826545022174168e-23, nan 
160.125, 69.625, 1.5281768317286838e-23, nan 
160.375, 69.625, 1.6564614358659086e-23, nan 
160.625, 69.625, 1.3672397752863106e-23, nan 
160.875, 69.625, 1.5811544814263414e-23, nan 
161.125, 69.625, 1.3513059492466376e-23, nan 
161.375, 69.625, 1.2504750520222487e-23, nan 
161.625, 69.625, 1.384592148905225e-23, nan 
161.875, 69.625, 1.432771054432716e-23, nan 
162.125, 69.625, 1.0877493284140249e-23, nan 
162.375, 69.625, 9.572371498759664e-24, nan 
162.625, 69.625, 8.601282402256725e-24, nan 
162.875, 69.625, 3.1824590924495552e-24, nan 
163.125, 69.625, 3.5587460325032245e-24, nan 
163.375, 69.625, 3.7689374404496736e-24, nan 
163.625, 69.625, 4.7871507132385176e-24, nan 
163.875, 69.625, 2.590228824943841e-24, nan 
164.125, 69.625, 2.693601656235357e-24, nan 
164.375, 69.625, 2.4459745100025852e-24, nan 
164.625, 69.625, 1.6677549792306132e-24, nan 
164.875, 69.625, 2.6800018201916798e-24, nan 
165.125, 69.625, 2.039374089131483e-24, nan 
165.375, 69.625, 2.9016395184637563e-24, nan 
165.625, 69.625, 2.8000684670530462e-24, nan 
165.875, 69.625, 2.625511061952327e-24, nan 
166.125, 69.625, 3.31349106904139e-24, nan 
166.375, 69.625, 2.9319212892332196e-24, nan 
166.625, 69.625, 2.3287354181807282e-24, nan 
166.875, 69.625, 2.764889182674592e-24, nan 
167.125, 69.625, 2.9251395833937405e-24, nan 
167.375, 69.625, 3.0067414221337723e-24, nan 
167.625, 69.625, 5.332682561470522e-24, nan 
167.875, 69.625, 4.5650701357364594e-24, nan 
168.125, 69.625, 4.184610542360667e-24, nan 
168.375, 69.625, 6.518126198854972e-24, nan 
168.625, 69.625, 5.196178483826419e-24, nan 
168.875, 69.625, 3.1318277762381906e-24, nan 
169.125, 69.625, 1.3031420281002394e-24, nan 
169.375, 69.625, 1.3188990548657181e-24, nan 
169.625, 69.625, 1.3567363978344453e-24, nan 
169.875, 69.625, 1.1751307467863936e-24, nan 
170.125, 69.625, 1.1243964527096583e-24, nan 
170.375, 69.625, 2.3655223664723978e-24, nan 
170.625, 69.625, 4.333569193442401e-24, nan 
170.875, 69.625, 5.8958227033506325e-24, nan 
171.125, 69.625, 2.693080501250995e-24, nan 
171.375, 69.625, 3.77157972982188e-24, nan 
171.625, 69.625, 3.632366848883706e-24, nan 
171.875, 69.625, 2.2738862689671206e-24, nan 
172.125, 69.625, 1.795590183827267e-24, nan 
172.375, 69.625, 2.004386307642785e-24, nan 
29.875, 69.875, 1.0712932908810478e-24, nan 
30.125, 69.875, 1.1168846076651457e-24, nan 
30.375, 69.875, 8.292090743262539e-25, nan 
30.625, 69.875, 1.5763682206392211e-24, nan 
30.875, 69.875, 8.425075970793586e-25, nan 
31.125, 69.875, 1.204610397952005e-24, nan 
31.375, 69.875, 1.8198649608789634e-24, nan 
31.625, 69.875, 1.5660418058000063e-24, nan 
31.875, 69.875, 1.77401923821724e-24, nan 
32.125, 69.875, 2.9444803458084055e-24, nan 
32.375, 69.875, 2.425954386481808e-24, nan 
32.625, 69.875, 2.0176436297327607e-24, nan 
32.875, 69.875, 1.7888405506840793e-24, nan 
33.125, 69.875, 8.478971543234927e-25, nan 
33.375, 69.875, 1.3593794534645478e-24, nan 
33.625, 69.875, 1.552457293679382e-24, nan 
33.875, 69.875, 1.287753801156372e-24, nan 
34.125, 69.875, 1.4731927370414719e-24, nan 
34.375, 69.875, 1.9657945466549105e-24, nan 
34.625, 69.875, 1.4176563511524995e-24, nan 
34.875, 69.875, 1.388816091477907e-24, nan 
35.125, 69.875, 2.336703193472285e-24, nan 
35.375, 69.875, 2.154731279201694e-24, nan 
35.625, 69.875, 1.541959398073438e-24, nan 
35.875, 69.875, 2.896181372242003e-24, nan 
36.125, 69.875, 2.4902257264272713e-24, nan 
36.375, 69.875, 1.4440386455739508e-24, nan 
36.625, 69.875, 1.4063930744042071e-24, nan 
36.875, 69.875, 1.4433093212986863e-24, nan 
37.125, 69.875, 1.933163234583513e-24, nan 
37.375, 69.875, 2.891484843270016e-24, nan 
37.625, 69.875, 2.5967248294179424e-24, nan 
37.875, 69.875, 1.9592638276553227e-24, nan 
38.125, 69.875, 1.8664056300224587e-24, nan 
38.375, 69.875, 1.567630537308507e-24, nan 
38.625, 69.875, 1.5573651674777224e-24, nan 
38.875, 69.875, 1.3437274642199282e-24, nan 
39.125, 69.875, 1.5625920849143681e-24, nan 
39.375, 69.875, 1.7618146379267116e-24, nan 
39.625, 69.875, 3.012373365929516e-24, nan 
39.875, 69.875, 3.321766151733499e-24, nan 
40.125, 69.875, 3.805081312962049e-24, nan 
40.375, 69.875, 3.211610089274806e-24, nan 
40.625, 69.875, 4.231487081831346e-24, nan 
40.875, 69.875, 6.301805163987487e-24, nan 
41.125, 69.875, 5.709054407864424e-24, nan 
41.375, 69.875, 5.993991127111156e-24, nan 
41.625, 69.875, 5.211006374688487e-24, nan 
41.875, 69.875, 6.357931167848639e-24, nan 
42.125, 69.875, 6.1511429034052536e-24, nan 
42.375, 69.875, 6.29798181784831e-24, nan 
42.625, 69.875, 6.5741765611172845e-24, nan 
42.875, 69.875, 3.113269734468167e-24, nan 
43.125, 69.875, 3.367376565516523e-24, nan 
43.375, 69.875, 4.8317842575678364e-24, nan 
43.625, 69.875, 2.5766371315279867e-24, nan 
43.875, 69.875, 4.227283137830209e-24, nan 
44.125, 69.875, 4.735457246168232e-24, nan 
44.375, 69.875, 4.25642143455937e-24, nan 
44.625, 69.875, 5.0777143885580395e-24, nan 
44.875, 69.875, 5.006477263179613e-24, nan 
45.125, 69.875, 4.013243584035091e-24, nan 
45.375, 69.875, 4.517355459785055e-24, nan 
45.625, 69.875, 4.565399139446305e-24, nan 
45.875, 69.875, 3.475854207187668e-24, nan 
46.125, 69.875, 1.8339322601148038e-24, nan 
46.375, 69.875, 1.720948060835235e-24, nan 
46.625, 69.875, 1.4327061626358223e-24, nan 
46.875, 69.875, 1.3276907073490718e-24, nan 
47.125, 69.875, 2.431062809255644e-24, nan 
47.375, 69.875, 2.219932845838163e-24, nan 
47.625, 69.875, 2.5465261469971342e-24, nan 
47.875, 69.875, 3.563421831296954e-24, nan 
48.125, 69.875, 3.1325360547483624e-24, nan 
48.375, 69.875, 2.44840786050969e-24, nan 
48.625, 69.875, 3.4705576038582705e-24, nan 
48.875, 69.875, 3.0391495705334523e-24, nan 
49.125, 69.875, 3.9108396818401216e-24, nan 
49.375, 69.875, 5.654088479893408e-24, nan 
49.625, 69.875, 7.353095852443331e-24, nan 
49.875, 69.875, 5.957536852023923e-24, nan 
50.125, 69.875, 6.950480505806478e-24, nan 
50.375, 69.875, 7.781399301403663e-24, nan 
50.625, 69.875, 6.341973133767609e-24, nan 
50.875, 69.875, 7.05294338443985e-24, nan 
51.125, 69.875, 7.216807747937572e-24, nan 
51.375, 69.875, 7.024651761907728e-24, nan 
51.625, 69.875, 6.084950629204545e-24, nan 
51.875, 69.875, 4.665451884251962e-24, nan 
52.125, 69.875, 5.853177553958211e-24, nan 
52.375, 69.875, 5.0105981419643325e-24, nan 
52.625, 69.875, 4.1570931903276395e-24, nan 
52.875, 69.875, 4.6972903360101796e-24, nan 
53.125, 69.875, 4.562374018622611e-24, nan 
53.375, 69.875, 1.1264790768521412e-23, nan 
53.625, 69.875, 5.962848728160266e-24, nan 
53.875, 69.875, 8.018756569839683e-24, nan 
54.125, 69.875, 2.2480088467955233e-23, nan 
54.375, 69.875, 1.1136221966552762e-23, nan 
54.625, 69.875, 3.6191502031021874e-24, nan 
54.875, 69.875, 1.2303251643450812e-23, nan 
55.125, 69.875, 1.0926918574409071e-23, nan 
55.375, 69.875, 5.441538164271714e-24, nan 
55.625, 69.875, 9.174199625214351e-24, nan 
55.875, 69.875, 1.459138763951901e-23, nan 
56.125, 69.875, 9.747357320124191e-24, nan 
56.375, 69.875, 7.351812084830772e-24, nan 
56.625, 69.875, 5.6256671905367804e-24, nan 
56.875, 69.875, 9.342082335571659e-24, nan 
57.125, 69.875, 8.473946338193747e-24, nan 
57.375, 69.875, 9.945078080796016e-24, nan 
57.625, 69.875, 1.4120124511285637e-23, nan 
57.875, 69.875, 1.84193113076415e-23, nan 
58.125, 69.875, 1.330749037196748e-23, nan 
58.375, 69.875, 1.6285481604845035e-23, nan 
58.625, 69.875, 1.9127728227184136e-23, nan 
58.875, 69.875, 2.2224291385078797e-23, nan 
59.125, 69.875, 2.0667947922744398e-23, nan 
59.375, 69.875, 1.9482901878130935e-23, nan 
59.625, 69.875, 2.3049450302418038e-23, nan 
59.875, 69.875, 2.2006673007867256e-23, nan 
60.125, 69.875, 1.916711521294474e-23, nan 
60.375, 69.875, 1.3773886201741692e-23, nan 
60.625, 69.875, 3.353019004131259e-23, nan 
60.875, 69.875, 3.9850412407079897e-23, nan 
61.125, 69.875, 3.0681783356818965e-23, nan 
61.375, 69.875, 3.189606443654388e-23, nan 
61.625, 69.875, 3.872458525188361e-23, nan 
61.875, 69.875, 3.511989293732156e-23, nan 
62.125, 69.875, 1.5452496708370152e-23, nan 
62.375, 69.875, 1.6445160021407858e-23, nan 
62.625, 69.875, 1.8162184551697662e-23, nan 
62.875, 69.875, 6.598750152638679e-23, nan 
63.125, 69.875, 7.973539615797993e-23, nan 
63.375, 69.875, 4.205626041357404e-23, nan 
63.625, 69.875, 8.758113373888428e-23, nan 
63.875, 69.875, 9.808387320430486e-23, nan 
64.125, 69.875, 7.455896456092265e-23, nan 
64.375, 69.875, 5.382449022237285e-23, nan 
64.625, 69.875, 7.29963274944831e-23, nan 
64.875, 69.875, 1.787968109155382e-22, nan 
65.125, 69.875, 4.3093971410160285e-23, nan 
65.375, 69.875, 6.634494510834051e-23, nan 
65.625, 69.875, 1.4406908261892313e-22, nan 
65.875, 69.875, 8.253204971840322e-23, nan 
66.125, 69.875, 9.863793750435132e-23, nan 
66.375, 69.875, 4.587680988320709e-23, nan 
66.625, 69.875, 5.55333665929199e-23, nan 
66.875, 69.875, 8.874846597423737e-23, nan 
67.125, 69.875, 4.329484926784087e-23, nan 
67.375, 69.875, 6.281024764375732e-23, nan 
67.625, 69.875, 8.049281355454104e-23, nan 
67.875, 69.875, 4.713385604028093e-23, nan 
68.125, 69.875, 6.998526303479778e-23, nan 
68.375, 69.875, 9.837119685992729e-23, nan 
68.625, 69.875, 7.453203215453491e-23, nan 
68.875, 69.875, 7.842544062397619e-23, nan 
69.125, 69.875, 6.104606072873853e-23, nan 
69.375, 69.875, 6.15915522083275e-23, nan 
69.625, 69.875, 3.738533790396923e-23, nan 
69.875, 69.875, 4.0197377596906197e-23, nan 
70.125, 69.875, 4.82157437924487e-23, nan 
70.375, 69.875, 5.1609552266140104e-23, nan 
70.625, 69.875, 6.152036770865981e-23, nan 
70.875, 69.875, 7.03558090731525e-23, nan 
71.125, 69.875, 6.750713527345822e-23, nan 
71.375, 69.875, 6.608443760348865e-23, nan 
71.625, 69.875, 6.187013583437601e-23, nan 
71.875, 69.875, 4.9599962027361786e-23, nan 
72.125, 69.875, 8.030641649386363e-23, nan 
72.375, 69.875, 1.1297036610834078e-22, nan 
72.625, 69.875, 1.2518234428173726e-22, nan 
72.875, 69.875, 1.5139688923174413e-22, nan 
73.125, 69.875, 1.9648315541411975e-22, nan 
73.375, 69.875, 2.5259058642334207e-22, nan 
73.625, 69.875, 2.0598193658932833e-22, nan 
73.875, 69.875, 2.121217960304983e-22, nan 
74.125, 69.875, 1.6627864802706161e-22, nan 
74.375, 69.875, 1.8226249493821014e-22, nan 
74.625, 69.875, 2.3816653650202842e-22, nan 
74.875, 69.875, 1.8825157366319818e-22, nan 
75.125, 69.875, 2.5677540379957736e-22, nan 
75.375, 69.875, 2.2735697150730966e-22, nan 
75.625, 69.875, 2.5678492916773774e-22, nan 
75.875, 69.875, 1.4975086169600821e-22, nan 
76.125, 69.875, 1.4281284069133795e-22, nan 
76.375, 69.875, 2.9617351977272013e-22, nan 
76.625, 69.875, 1.5046414341298062e-22, nan 
76.875, 69.875, 1.6915528511581008e-22, nan 
77.125, 69.875, 2.257399783314943e-22, nan 
77.375, 69.875, 2.068073945225614e-22, nan 
77.625, 69.875, 2.0332915202552392e-22, nan 
77.875, 69.875, 2.707939013129149e-22, nan 
78.125, 69.875, 2.501057950509616e-22, nan 
78.375, 69.875, 1.7460277009653707e-22, nan 
78.625, 69.875, 2.0844818124413731e-22, nan 
78.875, 69.875, 3.846972057784824e-22, nan 
79.125, 69.875, 1.7095379611403086e-22, nan 
79.375, 69.875, 2.925320189600512e-22, nan 
79.625, 69.875, 2.7389888397772746e-22, nan 
79.875, 69.875, 4.298255846806396e-22, nan 
80.125, 69.875, 4.348910812810756e-22, nan 
80.375, 69.875, 4.181887939122927e-22, nan 
80.625, 69.875, 4.313668789037801e-22, nan 
80.875, 69.875, 3.7659192684394967e-22, nan 
81.125, 69.875, 3.858136867698364e-22, nan 
81.375, 69.875, 3.42068363059806e-22, nan 
81.625, 69.875, 4.993855373058413e-22, nan 
81.875, 69.875, 3.5809272788498966e-22, nan 
82.125, 69.875, 3.2131016603347616e-22, nan 
82.375, 69.875, 7.213513496369158e-22, nan 
82.625, 69.875, 6.319333158230417e-22, nan 
82.875, 69.875, 6.593479543831893e-22, nan 
83.125, 69.875, 8.432605951811364e-22, nan 
83.375, 69.875, 9.002989326775393e-22, nan 
83.625, 69.875, 8.894614150521554e-22, nan 
83.875, 69.875, 1.413635276986303e-21, nan 
84.125, 69.875, 1.0204822026788386e-21, nan 
84.375, 69.875, 1.0870173711437699e-21, nan 
84.625, 69.875, 1.2827048525812002e-21, nan 
84.875, 69.875, 1.0767824499578914e-21, nan 
85.125, 69.875, 1.236429669944816e-21, nan 
85.375, 69.875, 1.739253307637042e-21, nan 
85.625, 69.875, 1.9666370807170303e-21, nan 
85.875, 69.875, 1.9307311854224304e-21, nan 
86.125, 69.875, 1.416512671601878e-21, nan 
86.375, 69.875, 1.2173910244515616e-21, nan 
86.625, 69.875, 1.8605481043231874e-21, nan 
86.875, 69.875, 9.089134988275769e-22, nan 
87.125, 69.875, 1.1163493616764088e-21, nan 
87.375, 69.875, 1.3664331636656783e-21, nan 
87.625, 69.875, 1.6805171694528931e-21, nan 
87.875, 69.875, 1.9583959307265365e-21, nan 
88.125, 69.875, 2.7553622334834062e-21, nan 
88.375, 69.875, 1.9515315627354884e-21, nan 
88.625, 69.875, 2.644930478564195e-21, nan 
88.875, 69.875, 6.242996196046713e-21, nan 
89.125, 69.875, 4.073407407223226e-21, nan 
89.375, 69.875, 3.805945723702445e-21, nan 
89.625, 69.875, 5.025499680844194e-21, nan 
89.875, 69.875, 2.288287815599563e-21, nan 
90.125, 69.875, 7.057947111023885e-21, nan 
90.375, 69.875, 9.370855049527033e-21, nan 
90.625, 69.875, 1.5787498514111504e-20, nan 
90.875, 69.875, 2.217704584936483e-20, nan 
91.125, 69.875, 2.8968749993063864e-20, nan 
91.375, 69.875, 2.6606067237951548e-20, nan 
91.625, 69.875, 2.651206164863184e-20, nan 
91.875, 69.875, 2.5756729973585446e-20, nan 
92.125, 69.875, 3.088448505254206e-20, nan 
92.375, 69.875, 2.4733227096990353e-20, nan 
92.625, 69.875, 2.891663407590825e-20, nan 
92.875, 69.875, 4.7314345594494996e-20, nan 
93.125, 69.875, 3.019950474136668e-20, nan 
93.375, 69.875, 4.4639032211836215e-20, nan 
93.625, 69.875, 4.556700242959213e-20, nan 
93.875, 69.875, 3.8575379826759676e-20, nan 
94.125, 69.875, 3.439332304791801e-20, nan 
94.375, 69.875, 5.356103843076908e-20, nan 
94.625, 69.875, 7.087674870293949e-20, nan 
94.875, 69.875, 6.400154133890219e-20, nan 
95.125, 69.875, 6.695781073658381e-20, nan 
95.375, 69.875, 6.974003321454786e-20, nan 
95.625, 69.875, 5.506162519007243e-20, nan 
95.875, 69.875, 7.520410701575466e-20, nan 
96.125, 69.875, 8.262836622224275e-20, nan 
96.375, 69.875, 7.992366946782541e-20, nan 
96.625, 69.875, 7.580470425438145e-20, nan 
96.875, 69.875, 1.0588391673362778e-19, nan 
97.125, 69.875, 8.22472039668549e-20, nan 
97.375, 69.875, 1.1185947013384813e-19, nan 
97.625, 69.875, 9.424727401984496e-20, nan 
97.875, 69.875, 2.4394253084793347e-19, nan 
98.125, 69.875, 2.680563082016813e-19, nan 
98.375, 69.875, 2.628629789321586e-19, nan 
98.625, 69.875, 3.2947643196559947e-19, nan 
98.875, 69.875, 4.623315668018545e-19, nan 
99.125, 69.875, 4.524392585274404e-19, nan 
99.375, 69.875, 7.312072325432856e-19, nan 
99.625, 69.875, 1.0776419812899473e-18, nan 
99.875, 69.875, 1.3160327414242987e-18, nan 
100.125, 69.875, 1.0201782436927684e-18, nan 
100.375, 69.875, 4.177960000562954e-18, nan 
100.625, 69.875, 3.068365873493062e-18, nan 
100.875, 69.875, 5.2000801055277894e-18, nan 
101.125, 69.875, 3.5583063662028586e-17, nan 
101.375, 69.875, 8.408411808789132e-17, nan 
101.625, 69.875, 1.2459067904782878e-16, nan 
101.875, 69.875, 1.5912980792350384e-16, nan 
102.125, 69.875, 1.3088396306154087e-16, nan 
102.375, 69.875, 9.343081044850254e-17, nan 
102.625, 69.875, 8.511644359346758e-17, nan 
102.875, 69.875, 2.604783001773199e-16, nan 
103.125, 69.875, 2.2275697580060073e-16, nan 
103.375, 69.875, 1.344376732668697e-16, nan 
103.625, 69.875, 9.023175441041068e-17, nan 
103.875, 69.875, 2.211178025642129e-17, nan 
104.125, 69.875, 7.212715900812773e-18, nan 
104.375, 69.875, 4.136617018580371e-18, nan 
104.625, 69.875, 3.4493204707362154e-18, nan 
104.875, 69.875, 1.7646510488678804e-18, nan 
105.125, 69.875, 1.6884409299311361e-18, nan 
105.375, 69.875, 1.2154679004110385e-18, nan 
105.625, 69.875, 3.707114182220727e-19, nan 
105.875, 69.875, 9.923248676664035e-20, nan 
106.125, 69.875, 7.239165049567071e-20, nan 
106.375, 69.875, 8.692213428301349e-20, nan 
106.625, 69.875, 9.555413947166187e-20, nan 
106.875, 69.875, 1.0693832537562624e-19, nan 
107.125, 69.875, 1.0269258682530474e-19, nan 
107.375, 69.875, 9.409614960155529e-20, nan 
107.625, 69.875, 9.73951772675814e-20, nan 
107.875, 69.875, 6.728038682428005e-20, nan 
108.125, 69.875, 5.632466199638405e-20, nan 
108.375, 69.875, 5.657822218766876e-20, nan 
108.625, 69.875, 3.7518262219870487e-20, nan 
108.875, 69.875, 3.3492651904907794e-20, nan 
109.125, 69.875, 1.7497896232511088e-20, nan 
109.375, 69.875, 1.5721013916167553e-20, nan 
109.625, 69.875, 1.6473376002170416e-20, nan 
109.875, 69.875, 8.841336446005935e-21, nan 
110.125, 69.875, 5.812315340073006e-21, nan 
110.375, 69.875, 1.1307907396616456e-20, nan 
110.625, 69.875, 8.687128037782944e-21, nan 
110.875, 69.875, 9.227199294691632e-21, nan 
111.125, 69.875, 5.741575771980199e-21, nan 
111.375, 69.875, 6.6770698118136264e-21, nan 
111.625, 69.875, 1.14866825820993e-20, nan 
111.875, 69.875, 7.54811882104258e-21, nan 
112.125, 69.875, 3.499063948045816e-21, nan 
112.375, 69.875, 3.11376885882764e-21, nan 
112.625, 69.875, 5.7921020678443296e-21, nan 
112.875, 69.875, 4.3868936207642945e-21, nan 
113.125, 69.875, 2.7722219094887958e-21, nan 
113.375, 69.875, 2.0888543127654354e-21, nan 
113.625, 69.875, 3.3561694026029217e-21, nan 
113.875, 69.875, 2.283544778009422e-21, nan 
114.125, 69.875, 2.3106271815271552e-21, nan 
114.375, 69.875, 2.3584172666095036e-21, nan 
114.625, 69.875, 1.5122830749306358e-21, nan 
114.875, 69.875, 5.7874774645209215e-21, nan 
115.125, 69.875, 7.636496626607722e-21, nan 
115.375, 69.875, 5.373795269083268e-21, nan 
115.625, 69.875, 3.632723351310465e-21, nan 
115.875, 69.875, 2.2052471982114475e-21, nan 
116.125, 69.875, 2.9522897637866707e-21, nan 
116.375, 69.875, 2.215971597073965e-21, nan 
116.625, 69.875, 2.580073389338081e-21, nan 
116.875, 69.875, 1.0313641186788296e-21, nan 
117.125, 69.875, 1.0923065695310801e-21, nan 
117.375, 69.875, 9.037370016809945e-22, nan 
117.625, 69.875, 1.0101858855839064e-21, nan 
117.875, 69.875, 7.496809536077466e-22, nan 
118.125, 69.875, 1.3800235384814498e-21, nan 
118.375, 69.875, 1.4307587028234086e-21, nan 
118.625, 69.875, 4.576779628545859e-22, nan 
118.875, 69.875, 5.823393071633343e-22, nan 
119.125, 69.875, 5.18988364973915e-22, nan 
119.375, 69.875, 4.89410294405396e-22, nan 
119.625, 69.875, 4.809200209062152e-22, nan 
119.875, 69.875, 8.533243438290362e-22, nan 
120.125, 69.875, 2.305676495592816e-21, nan 
120.375, 69.875, 2.3061817023028787e-21, nan 
120.625, 69.875, 1.8823306611747696e-21, nan 
120.875, 69.875, 3.2604866396253024e-21, nan 
121.125, 69.875, 3.4455296872379776e-21, nan 
121.375, 69.875, 2.6192598740505637e-21, nan 
121.625, 69.875, 9.807134284015051e-22, nan 
121.875, 69.875, 1.7199849133254732e-21, nan 
122.125, 69.875, 1.0883785065047663e-21, nan 
122.375, 69.875, 3.0217088911284673e-22, nan 
122.625, 69.875, 5.507994064356472e-22, nan 
122.875, 69.875, 4.917771648619864e-22, nan 
123.125, 69.875, 4.34557789601756e-22, nan 
123.375, 69.875, 3.1049826727214975e-22, nan 
123.625, 69.875, 5.568226040020633e-22, nan 
123.875, 69.875, 3.654969748026096e-22, nan 
124.125, 69.875, 2.5992117475364313e-22, nan 
124.375, 69.875, 3.2471283797356816e-22, nan 
124.625, 69.875, 2.718871344066934e-22, nan 
124.875, 69.875, 3.146686602064508e-22, nan 
125.125, 69.875, 2.305473346215141e-22, nan 
125.375, 69.875, 2.4695191741574845e-22, nan 
125.625, 69.875, 3.9092130755451163e-22, nan 
125.875, 69.875, 4.356167564737393e-22, nan 
126.125, 69.875, 5.49111908228487e-22, nan 
126.375, 69.875, 2.537663987404964e-22, nan 
126.625, 69.875, 2.867393973430638e-22, nan 
126.875, 69.875, 2.8875759995845954e-22, nan 
127.125, 69.875, 1.7178393627686984e-22, nan 
127.375, 69.875, 1.6102765227002796e-22, nan 
127.625, 69.875, 1.793390359717328e-22, nan 
127.875, 69.875, 1.8350627947817453e-22, nan 
128.125, 69.875, 1.3733696041083429e-22, nan 
128.375, 69.875, 2.4966065865552904e-22, nan 
128.625, 69.875, 1.7067988084491834e-22, nan 
128.875, 69.875, 1.5053558563187434e-22, nan 
129.125, 69.875, 2.0078711522550666e-22, nan 
129.375, 69.875, 1.4728703269152608e-22, nan 
129.625, 69.875, 1.3930490566366957e-22, nan 
129.875, 69.875, 1.7753443820019005e-22, nan 
130.125, 69.875, 1.0902688668403072e-22, nan 
130.375, 69.875, 5.473272665540458e-23, nan 
130.625, 69.875, 6.671688264152233e-23, nan 
130.875, 69.875, 4.017479916906222e-23, nan 
131.125, 69.875, 1.0535219231147238e-22, nan 
131.375, 69.875, 5.79006076022527e-23, nan 
131.625, 69.875, 5.243722434184246e-23, nan 
131.875, 69.875, 3.287148774338871e-23, nan 
132.125, 69.875, 7.950742232907144e-23, nan 
132.375, 69.875, 1.0173156694911229e-22, nan 
132.625, 69.875, 9.210751940366664e-23, nan 
132.875, 69.875, 5.963504755074782e-23, nan 
133.125, 69.875, 5.1431667385479673e-23, nan 
133.375, 69.875, 4.284940860760041e-23, nan 
133.625, 69.875, 6.334802529582404e-23, nan 
133.875, 69.875, 5.766089972066201e-23, nan 
134.125, 69.875, 7.163907556649392e-23, nan 
134.375, 69.875, 9.30129328700689e-23, nan 
134.625, 69.875, 7.97439823552126e-23, nan 
134.875, 69.875, 4.7791717432672974e-23, nan 
135.125, 69.875, 6.52930781271633e-23, nan 
135.375, 69.875, 8.808299601705445e-23, nan 
135.625, 69.875, 8.472592722979094e-23, nan 
135.875, 69.875, 8.777331051870431e-23, nan 
136.125, 69.875, 7.137886500940002e-23, nan 
136.375, 69.875, 6.418304569554286e-23, nan 
136.625, 69.875, 6.440638806471288e-23, nan 
136.875, 69.875, 3.941768357950707e-23, nan 
137.125, 69.875, 4.6250431507303463e-23, nan 
137.375, 69.875, 2.776061405195358e-23, nan 
137.625, 69.875, 2.4853482305772454e-23, nan 
137.875, 69.875, 3.184368572611657e-23, nan 
138.125, 69.875, 3.1690032214757636e-23, nan 
138.375, 69.875, 2.390246467427645e-23, nan 
138.625, 69.875, 2.1027366076770872e-23, nan 
138.875, 69.875, 4.79805960552659e-23, nan 
139.125, 69.875, 6.790755753824845e-23, nan 
139.375, 69.875, 9.742292703222244e-23, nan 
139.625, 69.875, 1.0338235471656428e-22, nan 
139.875, 69.875, 1.0122468267064054e-22, nan 
140.125, 69.875, 9.191698626866726e-23, nan 
140.375, 69.875, 7.85908200777045e-23, nan 
140.625, 69.875, 5.532832587842666e-23, nan 
140.875, 69.875, 2.8183069775983476e-23, nan 
141.125, 69.875, 3.490402292659664e-23, nan 
141.375, 69.875, 1.9006877897195246e-23, nan 
141.625, 69.875, 1.8722172275114134e-23, nan 
141.875, 69.875, 2.4543176628531987e-23, nan 
142.125, 69.875, 1.1887750585562945e-23, nan 
142.375, 69.875, 1.2851411679019402e-23, nan 
142.625, 69.875, 8.915298753940336e-24, nan 
142.875, 69.875, 1.1131244760886894e-23, nan 
143.125, 69.875, 1.8704187075282163e-23, nan 
143.375, 69.875, 1.1687500589330327e-23, nan 
143.625, 69.875, 1.416369570219121e-23, nan 
143.875, 69.875, 2.4077268023274097e-23, nan 
144.125, 69.875, 1.389283694384289e-23, nan 
144.375, 69.875, 1.6361036154621402e-23, nan 
144.625, 69.875, 2.582948419544184e-23, nan 
144.875, 69.875, 2.2773502410767235e-23, nan 
145.125, 69.875, 2.110033166330668e-23, nan 
145.375, 69.875, 2.2025598685072814e-23, nan 
145.625, 69.875, 1.9010760186319616e-23, nan 
145.875, 69.875, 1.3619357782036935e-23, nan 
146.125, 69.875, 5.3497283827495475e-24, nan 
146.375, 69.875, 3.993871167532759e-24, nan 
146.625, 69.875, 5.8712760183425126e-24, nan 
146.875, 69.875, 6.3614812300716826e-24, nan 
147.125, 69.875, 9.423550110937269e-24, nan 
147.375, 69.875, 1.25978668314744e-23, nan 
147.625, 69.875, 8.132136832477074e-24, nan 
147.875, 69.875, 6.821178057509928e-24, nan 
148.125, 69.875, 8.54900978546886e-24, nan 
148.375, 69.875, 3.519728323797519e-24, nan 
148.625, 69.875, 6.4393661226995915e-24, nan 
148.875, 69.875, 6.059482885671576e-24, nan 
149.125, 69.875, 5.991394499579957e-24, nan 
149.375, 69.875, 9.794270598525643e-24, nan 
149.625, 69.875, 9.513765124412926e-24, nan 
149.875, 69.875, 6.234495346443887e-24, nan 
150.125, 69.875, 5.6892078862349346e-24, nan 
150.375, 69.875, 5.378718648350646e-24, nan 
150.625, 69.875, 4.3842438730231386e-24, nan 
150.875, 69.875, 4.228822962000196e-24, nan 
151.125, 69.875, 2.869104962398518e-24, nan 
151.375, 69.875, 5.3991774516047566e-24, nan 
151.625, 69.875, 6.702073409916182e-24, nan 
151.875, 69.875, 5.487064868754418e-24, nan 
152.125, 69.875, 3.261085659820191e-24, nan 
152.375, 69.875, 4.409962419262421e-24, nan 
152.625, 69.875, 1.2746392419189716e-23, nan 
152.875, 69.875, 1.3057536960903485e-23, nan 
153.125, 69.875, 2.3689771365414914e-23, nan 
153.375, 69.875, 9.70013765755536e-24, nan 
153.625, 69.875, 8.054289887708716e-24, nan 
153.875, 69.875, 7.531070702197514e-24, nan 
154.125, 69.875, 9.510828852278644e-24, nan 
154.375, 69.875, 9.403489729608784e-24, nan 
154.625, 69.875, 6.026753621634865e-24, nan 
154.875, 69.875, 3.291652669567146e-24, nan 
155.125, 69.875, 4.339732162393885e-24, nan 
155.375, 69.875, 3.902885277160609e-24, nan 
155.625, 69.875, 4.596549194427586e-24, nan 
155.875, 69.875, 4.060718901619733e-24, nan 
156.125, 69.875, 3.800145277216588e-24, nan 
156.375, 69.875, 5.972819586153809e-24, nan 
156.625, 69.875, 5.3962142650359135e-24, nan 
156.875, 69.875, 6.701750703390863e-24, nan 
157.125, 69.875, 4.966255553699704e-24, nan 
157.375, 69.875, 5.325894651459517e-24, nan 
157.625, 69.875, 7.88078481074071e-24, nan 
157.875, 69.875, 3.187538488031885e-24, nan 
158.125, 69.875, 5.63773836482511e-24, nan 
158.375, 69.875, 7.415966945003569e-24, nan 
158.625, 69.875, 1.0007131015080883e-23, nan 
158.875, 69.875, 1.3279807527449323e-23, nan 
159.125, 69.875, 1.537115049418053e-23, nan 
159.375, 69.875, 1.679302207256151e-23, nan 
159.625, 69.875, 2.0605030010553372e-23, nan 
159.875, 69.875, 1.533530971797976e-23, nan 
160.125, 69.875, 9.472486353227615e-24, nan 
160.375, 69.875, 5.401135707602633e-24, nan 
160.625, 69.875, 6.062779981281453e-24, nan 
160.875, 69.875, 2.3138491105857036e-24, nan 
161.125, 69.875, 5.822055121640078e-24, nan 
161.375, 69.875, 1.0326984171156513e-23, nan 
161.625, 69.875, 1.2576789271773836e-23, nan 
161.875, 69.875, 1.4077826569461216e-23, nan 
162.125, 69.875, 1.144201928482565e-23, nan 
162.375, 69.875, 1.2074432049121298e-23, nan 
162.625, 69.875, 8.634888138831854e-24, nan 
162.875, 69.875, 5.172013771246847e-24, nan 
163.125, 69.875, 8.273618081610298e-24, nan 
163.375, 69.875, 4.595546543039252e-24, nan 
163.625, 69.875, 5.002376703322127e-24, nan 
163.875, 69.875, 5.0059283099187685e-24, nan 
164.125, 69.875, 3.526949258292087e-24, nan 
164.375, 69.875, 2.8326045195172648e-24, nan 
164.625, 69.875, 2.3974604933088328e-24, nan 
164.875, 69.875, 3.7969887364434226e-24, nan 
165.125, 69.875, 1.813637347534474e-24, nan 
165.375, 69.875, 3.442325104286142e-24, nan 
165.625, 69.875, 3.9843677825473594e-24, nan 
165.875, 69.875, 4.565540866736086e-24, nan 
166.125, 69.875, 3.1454582595267264e-24, nan 
166.375, 69.875, 4.027199989621926e-24, nan 
166.625, 69.875, 3.614179504644572e-24, nan 
166.875, 69.875, 3.579629721843608e-24, nan 
167.125, 69.875, 4.155920283710486e-24, nan 
167.375, 69.875, 3.016176975195135e-24, nan 
167.625, 69.875, 3.1815139002760316e-24, nan 
167.875, 69.875, 3.1958578422188206e-24, nan 
168.125, 69.875, 2.7492129773933603e-24, nan 
168.375, 69.875, 4.33644706677186e-24, nan 
168.625, 69.875, 4.018965512967e-24, nan 
168.875, 69.875, 3.6118552775781255e-24, nan 
169.125, 69.875, 4.063214519939274e-24, nan 
169.375, 69.875, 4.894190292908382e-24, nan 
169.625, 69.875, 4.729436824355084e-24, nan 
169.875, 69.875, 4.309587266725026e-24, nan 
170.125, 69.875, 5.0067343455582496e-24, nan 
170.375, 69.875, 4.6139746053293526e-24, nan 
170.625, 69.875, 5.2522648953784884e-24, nan 
170.875, 69.875, 5.699918452206347e-24, nan 
171.125, 69.875, 2.095409425179416e-24, nan 
171.375, 69.875, 8.909493503679742e-25, nan 
171.625, 69.875, 1.4530206684580874e-24, nan 
171.875, 69.875, 2.1804512575116527e-24, nan 
172.125, 69.875, 2.3550118623156904e-24, nan 
172.375, 69.875, 4.146141871074997e-24, nan 
172.625, 69.875, 2.221525480587806e-24, nan 
29.625, 70.125, 9.704838299445884e-25, nan 
29.875, 70.125, 8.882291545412132e-25, nan 
30.125, 70.125, 6.906335553493092e-25, nan 
30.375, 70.125, 1.0333316022069762e-24, nan 
30.625, 70.125, 1.2231849312773072e-24, nan 
30.875, 70.125, 8.804276567628704e-25, nan 
31.125, 70.125, 7.288791523650279e-25, nan 
31.375, 70.125, 1.1905356926730629e-24, nan 
31.625, 70.125, 1.142930685414239e-24, nan 
31.875, 70.125, 1.5681148589951954e-24, nan 
32.125, 70.125, 2.18468652290949e-24, nan 
32.375, 70.125, 2.017232899515944e-24, nan 
32.625, 70.125, 1.696770754804893e-24, nan 
32.875, 70.125, 1.7567368318219382e-24, nan 
33.125, 70.125, 1.2975093142919651e-24, nan 
33.375, 70.125, 1.3358563366367441e-24, nan 
33.625, 70.125, 1.3306442337287814e-24, nan 
33.875, 70.125, 1.4577958317320243e-24, nan 
34.125, 70.125, 1.2104251080450525e-24, nan 
34.375, 70.125, 1.1510347844173344e-24, nan 
34.625, 70.125, 1.3326124090456049e-24, nan 
34.875, 70.125, 1.280570730162617e-24, nan 
35.125, 70.125, 1.4718201551906721e-24, nan 
35.375, 70.125, 1.5003201007547422e-24, nan 
35.625, 70.125, 2.4818939638537775e-24, nan 
35.875, 70.125, 3.422343345732173e-24, nan 
36.125, 70.125, 2.7380503251474156e-24, nan 
36.375, 70.125, 3.0261151770284432e-24, nan 
36.625, 70.125, 4.150446250633248e-24, nan 
36.875, 70.125, 2.6530355071762294e-24, nan 
37.125, 70.125, 9.486290944357874e-25, nan 
37.375, 70.125, 2.131983187599144e-24, nan 
37.625, 70.125, 1.7160185563202642e-24, nan 
37.875, 70.125, 1.358745666888742e-24, nan 
38.125, 70.125, 1.3853989592549546e-24, nan 
38.375, 70.125, 1.3506113396159557e-24, nan 
38.625, 70.125, 1.3554042930594846e-24, nan 
38.875, 70.125, 6.607470277408391e-25, nan 
39.125, 70.125, 1.0354270442957883e-24, nan 
39.375, 70.125, 1.7387444082971784e-24, nan 
39.625, 70.125, 3.2410876462838717e-24, nan 
39.875, 70.125, 3.8941044958356875e-24, nan 
40.125, 70.125, 2.311601145679954e-24, nan 
40.375, 70.125, 3.688538038624954e-24, nan 
40.625, 70.125, 5.3311862552882105e-24, nan 
40.875, 70.125, 2.389850250260772e-24, nan 
41.125, 70.125, 2.663227984052693e-24, nan 
41.375, 70.125, 5.484787039626486e-24, nan 
41.625, 70.125, 2.4165279254504577e-24, nan 
41.875, 70.125, 3.482449782049516e-24, nan 
42.125, 70.125, 4.635306190746639e-24, nan 
42.375, 70.125, 4.8510658836704665e-24, nan 
42.625, 70.125, 4.541466478627218e-24, nan 
42.875, 70.125, 2.99684501429338e-24, nan 
43.125, 70.125, 2.9769682078797685e-24, nan 
43.375, 70.125, 3.818991358321442e-24, nan 
43.625, 70.125, 3.5959236041296646e-24, nan 
43.875, 70.125, 5.025999286665077e-24, nan 
44.125, 70.125, 5.098738101956158e-24, nan 
44.375, 70.125, 4.813510196401967e-24, nan 
44.625, 70.125, 5.364423065455525e-24, nan 
44.875, 70.125, 4.7378791138201036e-24, nan 
45.125, 70.125, 4.674698154000181e-24, nan 
45.375, 70.125, 4.527667618064136e-24, nan 
45.625, 70.125, 5.1311882303719535e-24, nan 
45.875, 70.125, 4.47931650779677e-24, nan 
46.125, 70.125, 1.877238142727633e-24, nan 
46.375, 70.125, 1.5726677254885586e-24, nan 
46.625, 70.125, 1.7028929504021386e-24, nan 
46.875, 70.125, 1.7312128568117176e-24, nan 
47.125, 70.125, 1.1500114587268407e-24, nan 
47.375, 70.125, 1.3525826598731979e-24, nan 
47.625, 70.125, 2.0966321700788336e-24, nan 
47.875, 70.125, 3.40530119270983e-24, nan 
48.125, 70.125, 3.2445882926275412e-24, nan 
48.375, 70.125, 3.1713264837120103e-24, nan 
48.625, 70.125, 3.610559458412584e-24, nan 
48.875, 70.125, 5.5281804163165166e-24, nan 
49.125, 70.125, 4.3001259677350055e-24, nan 
49.375, 70.125, 5.4674869461052434e-24, nan 
49.625, 70.125, 9.945706806645092e-24, nan 
49.875, 70.125, 4.730898110677557e-24, nan 
50.125, 70.125, 4.9540414132287565e-24, nan 
50.375, 70.125, 6.464568798960791e-24, nan 
50.625, 70.125, 6.196367956170014e-24, nan 
50.875, 70.125, 5.401834384940849e-24, nan 
51.125, 70.125, 6.4772116428363655e-24, nan 
51.375, 70.125, 6.5140785620930824e-24, nan 
51.625, 70.125, 2.90713013407492e-24, nan 
51.875, 70.125, 1.6449536184051044e-24, nan 
52.125, 70.125, 6.077058429825754e-24, nan 
52.375, 70.125, 5.7783412593467825e-24, nan 
52.625, 70.125, 1.6339279878608011e-24, nan 
52.875, 70.125, 4.848547973827652e-24, nan 
53.125, 70.125, 5.036100660752583e-24, nan 
53.375, 70.125, 3.794733822341254e-24, nan 
53.625, 70.125, 3.35754405754292e-24, nan 
53.875, 70.125, 7.271441687067223e-24, nan 
54.125, 70.125, 1.3869008776561808e-23, nan 
54.375, 70.125, 8.174520888442176e-24, nan 
54.625, 70.125, 3.615728659162331e-24, nan 
54.875, 70.125, 4.891649619415083e-24, nan 
55.125, 70.125, 4.2672969447054615e-24, nan 
55.375, 70.125, 4.213284780045915e-24, nan 
55.625, 70.125, 8.563284407966689e-24, nan 
55.875, 70.125, 1.4092575633026132e-23, nan 
56.125, 70.125, 1.0445757137206236e-23, nan 
56.375, 70.125, 8.786751457515073e-24, nan 
56.625, 70.125, 1.0802275746872031e-23, nan 
56.875, 70.125, 1.1721688995419852e-23, nan 
57.125, 70.125, 8.344967223039936e-24, nan 
57.375, 70.125, 8.563324975166e-24, nan 
57.625, 70.125, 9.315120117971034e-24, nan 
57.875, 70.125, 9.217607628417588e-24, nan 
58.125, 70.125, 9.792421166068444e-24, nan 
58.375, 70.125, 1.0442177645270565e-23, nan 
58.625, 70.125, 1.4010607914605223e-23, nan 
58.875, 70.125, 1.4086269448068242e-23, nan 
59.125, 70.125, 2.0692943162980652e-23, nan 
59.375, 70.125, 2.144366817047913e-23, nan 
59.625, 70.125, 2.0915003500123582e-23, nan 
59.875, 70.125, 2.0190079050591107e-23, nan 
60.125, 70.125, 1.92483543079092e-23, nan 
60.375, 70.125, 1.730894685278496e-23, nan 
60.625, 70.125, 2.1189778932708122e-23, nan 
60.875, 70.125, 2.5818832272095576e-23, nan 
61.125, 70.125, 2.6563558582336474e-23, nan 
61.375, 70.125, 2.7056558702029133e-23, nan 
61.625, 70.125, 3.192495919518892e-23, nan 
61.875, 70.125, 3.126637419188907e-23, nan 
62.125, 70.125, 2.2569474670449907e-23, nan 
62.375, 70.125, 1.2207296345579404e-23, nan 
62.625, 70.125, 2.175708460037649e-23, nan 
62.875, 70.125, 3.0041644404773223e-23, nan 
63.125, 70.125, 3.7516062850169135e-23, nan 
63.375, 70.125, 4.04011818100124e-23, nan 
63.625, 70.125, 6.907055324933324e-23, nan 
63.875, 70.125, 6.624919948056625e-23, nan 
64.125, 70.125, 5.446310606205287e-23, nan 
64.375, 70.125, 6.244207100102322e-23, nan 
64.625, 70.125, 3.199021582103512e-23, nan 
64.875, 70.125, 7.369678721929146e-23, nan 
65.125, 70.125, 2.5777111675056398e-23, nan 
65.375, 70.125, 3.6574537811579085e-23, nan 
65.625, 70.125, 2.8008751086736266e-23, nan 
65.875, 70.125, 6.295553399768598e-23, nan 
66.125, 70.125, 6.698742630612157e-23, nan 
66.375, 70.125, 1.8279736797754175e-23, nan 
66.625, 70.125, 3.889533179551933e-23, nan 
66.875, 70.125, 8.602003132019034e-23, nan 
67.125, 70.125, 3.2335365760660345e-23, nan 
67.375, 70.125, 2.5111644559984726e-23, nan 
67.625, 70.125, 4.055964572581647e-23, nan 
67.875, 70.125, 3.644534508381968e-23, nan 
68.125, 70.125, 4.651070957361363e-23, nan 
68.375, 70.125, 7.411317701639808e-23, nan 
68.625, 70.125, 6.597489330570794e-23, nan 
68.875, 70.125, 7.531998719913574e-23, nan 
69.125, 70.125, 6.620048230841877e-23, nan 
69.375, 70.125, 5.1516279462353147e-23, nan 
69.625, 70.125, 5.339222615397639e-23, nan 
69.875, 70.125, 2.9418651227466435e-23, nan 
70.125, 70.125, 3.7119894470781026e-23, nan 
70.375, 70.125, 3.792513919598893e-23, nan 
70.625, 70.125, 4.1580883901806656e-23, nan 
70.875, 70.125, 2.6872100324028737e-23, nan 
71.125, 70.125, 6.216366675258188e-23, nan 
71.375, 70.125, 7.531157808487074e-23, nan 
71.625, 70.125, 7.666652158589411e-23, nan 
71.875, 70.125, 5.261718569095742e-23, nan 
72.125, 70.125, 7.88533109344218e-23, nan 
72.375, 70.125, 7.716226771821582e-23, nan 
72.625, 70.125, 6.915160718975744e-23, nan 
72.875, 70.125, 1.4030869771706036e-22, nan 
73.125, 70.125, 1.6499747844026587e-22, nan 
73.375, 70.125, 2.0291536817918086e-22, nan 
73.625, 70.125, 1.8253923134057325e-22, nan 
73.875, 70.125, 1.5402015650401458e-22, nan 
74.125, 70.125, 1.1678405639766985e-22, nan 
74.375, 70.125, 1.3074365001731175e-22, nan 
74.625, 70.125, 1.9521668155875863e-22, nan 
74.875, 70.125, 1.4453860217534672e-22, nan 
75.125, 70.125, 3.0734368425467813e-22, nan 
75.375, 70.125, 2.784233736745712e-22, nan 
75.625, 70.125, 3.335500324134495e-22, nan 
75.875, 70.125, 3.9832776011599972e-22, nan 
76.125, 70.125, 4.1147904094905663e-22, nan 
76.375, 70.125, 4.784727719761547e-22, nan 
76.625, 70.125, 4.021489140683466e-22, nan 
76.875, 70.125, 3.7225310498986717e-22, nan 
77.125, 70.125, 1.9998091822285982e-22, nan 
77.375, 70.125, 2.6079057115375627e-22, nan 
77.625, 70.125, 2.621190242533194e-22, nan 
77.875, 70.125, 1.9933115830853417e-22, nan 
78.125, 70.125, 2.7993740998234543e-22, nan 
78.375, 70.125, 2.9988245875131395e-22, nan 
78.625, 70.125, 2.326760210416695e-22, nan 
78.875, 70.125, 2.8740124032774355e-22, nan 
79.125, 70.125, 2.9505017957049967e-22, nan 
79.375, 70.125, 2.7853088129374483e-22, nan 
79.625, 70.125, 2.48008990575812e-22, nan 
79.875, 70.125, 3.813823758785499e-22, nan 
80.125, 70.125, 4.555725866114414e-22, nan 
80.375, 70.125, 3.957993494343376e-22, nan 
80.625, 70.125, 5.074411103288466e-22, nan 
80.875, 70.125, 4.988069647567721e-22, nan 
81.125, 70.125, 5.31574258778753e-22, nan 
81.375, 70.125, 5.283144063242375e-22, nan 
81.625, 70.125, 3.4261284990500434e-22, nan 
81.875, 70.125, 4.9886834785008135e-22, nan 
82.125, 70.125, 7.358310773021031e-22, nan 
82.375, 70.125, 6.533494893387632e-22, nan 
82.625, 70.125, 6.040268150829218e-22, nan 
82.875, 70.125, 7.371058688889352e-22, nan 
83.125, 70.125, 6.09900070095273e-22, nan 
83.375, 70.125, 1.3318260551297423e-21, nan 
83.625, 70.125, 9.292639889215877e-22, nan 
83.875, 70.125, 1.3107750373880697e-21, nan 
84.125, 70.125, 1.9294450824353157e-21, nan 
84.375, 70.125, 1.1136733994697908e-21, nan 
84.625, 70.125, 1.2332858076018848e-21, nan 
84.875, 70.125, 9.217014822161885e-22, nan 
85.125, 70.125, 1.8715582916416827e-21, nan 
85.375, 70.125, 1.9557398974575293e-21, nan 
85.625, 70.125, 1.0652190223087977e-21, nan 
85.875, 70.125, 3.2678759600092114e-21, nan 
86.125, 70.125, 3.742502704450838e-21, nan 
86.375, 70.125, 2.070703295593451e-21, nan 
86.625, 70.125, 2.6833344071843997e-21, nan 
86.875, 70.125, 1.8427885926932697e-21, nan 
87.125, 70.125, 1.9102736082025254e-21, nan 
87.375, 70.125, 2.372745445364765e-21, nan 
87.625, 70.125, 2.3217285361060154e-21, nan 
87.875, 70.125, 2.5850484181913224e-21, nan 
88.125, 70.125, 3.1631504798220782e-21, nan 
88.375, 70.125, 3.9086061558958995e-21, nan 
88.625, 70.125, 1.5272049141344607e-21, nan 
88.875, 70.125, 4.596466237849513e-21, nan 
89.125, 70.125, 3.6405016799428336e-21, nan 
89.375, 70.125, 3.0016248309525105e-21, nan 
89.625, 70.125, 2.2233595050046695e-21, nan 
89.875, 70.125, 3.3985498849016765e-21, nan 
90.125, 70.125, 4.691675037210468e-21, nan 
90.375, 70.125, 5.878115244191883e-21, nan 
90.625, 70.125, 7.776881328045888e-21, nan 
90.875, 70.125, 8.502538962717786e-21, nan 
91.125, 70.125, 6.6727615430402e-21, nan 
91.375, 70.125, 1.1530624725930419e-20, nan 
91.625, 70.125, 1.3392893843215245e-20, nan 
91.875, 70.125, 1.0344183587258291e-20, nan 
92.125, 70.125, 1.1129660924000237e-20, nan 
92.375, 70.125, 1.8903646292565982e-20, nan 
92.625, 70.125, 2.839944790268021e-20, nan 
92.875, 70.125, 3.7660192121885014e-20, nan 
93.125, 70.125, 2.7030781108262116e-20, nan 
93.375, 70.125, 3.309731824866206e-20, nan 
93.625, 70.125, 6.394748990878679e-20, nan 
93.875, 70.125, 7.84156919448338e-20, nan 
94.125, 70.125, 4.30673796628945e-20, nan 
94.375, 70.125, 6.971579907137148e-20, nan 
94.625, 70.125, 1.4749063853109507e-19, nan 
94.875, 70.125, 1.283105481268154e-19, nan 
95.125, 70.125, 7.28607993534698e-20, nan 
95.375, 70.125, 9.884941068449659e-20, nan 
95.625, 70.125, 1.0220533524126486e-19, nan 
95.875, 70.125, 7.928524058040137e-20, nan 
96.125, 70.125, 5.991283776151774e-20, nan 
96.375, 70.125, 6.574338412209371e-20, nan 
96.625, 70.125, 6.20879986958232e-20, nan 
96.875, 70.125, 1.1045392935305878e-19, nan 
97.125, 70.125, 1.6904355262343553e-19, nan 
97.375, 70.125, 9.339296803500606e-20, nan 
97.625, 70.125, 1.1796209253141158e-19, nan 
97.875, 70.125, 2.312345794003987e-19, nan 
98.125, 70.125, 1.5350471217166053e-19, nan 
98.375, 70.125, 1.9527647226666393e-19, nan 
98.625, 70.125, 3.443856384808911e-19, nan 
98.875, 70.125, 5.805633228474274e-19, nan 
99.125, 70.125, 8.029884570485183e-19, nan 
99.375, 70.125, 8.043954932384989e-19, nan 
99.625, 70.125, 9.396138428762338e-19, nan 
99.875, 70.125, 1.3156161630476233e-18, nan 
100.125, 70.125, 1.026145186378122e-18, nan 
100.375, 70.125, 1.7030990430704714e-18, nan 
100.625, 70.125, 9.799471478096587e-18, nan 
100.875, 70.125, 1.6354644820237522e-17, nan 
101.125, 70.125, 1.8513078696070536e-17, nan 
101.375, 70.125, 3.90217557928046e-17, nan 
101.625, 70.125, 7.36626359289141e-17, nan 
101.875, 70.125, 3.784196438982999e-17, nan 
102.125, 70.125, 4.5051120524894606e-17, nan 
102.375, 70.125, 4.68929253226402e-17, nan 
102.625, 70.125, 3.603191580565678e-17, nan 
102.875, 70.125, 5.872874916106441e-17, nan 
103.125, 70.125, 7.439761951546737e-17, nan 
103.375, 70.125, 1.1258202314376562e-16, nan 
103.625, 70.125, 1.0810663620693604e-16, nan 
103.875, 70.125, 3.843909911562033e-17, nan 
104.125, 70.125, 3.3713896612838334e-17, nan 
104.375, 70.125, 1.9737181263386566e-17, nan 
104.625, 70.125, 5.4328224786799184e-18, nan 
104.875, 70.125, 3.4851089767079545e-18, nan 
105.125, 70.125, 1.4110394643448037e-18, nan 
105.375, 70.125, 1.1949966774758362e-18, nan 
105.625, 70.125, 8.392099708185033e-19, nan 
105.875, 70.125, 3.8661126063596283e-19, nan 
106.125, 70.125, 1.704511183107482e-19, nan 
106.375, 70.125, 1.663775090477514e-19, nan 
106.625, 70.125, 6.877877282272792e-20, nan 
106.875, 70.125, 1.2452397580183326e-19, nan 
107.125, 70.125, 1.5095090536845954e-19, nan 
107.375, 70.125, 6.241121889328422e-20, nan 
107.625, 70.125, 7.016135506409873e-20, nan 
107.875, 70.125, 7.581223145245774e-20, nan 
108.125, 70.125, 4.532413315564141e-20, nan 
108.375, 70.125, 4.430280112487912e-20, nan 
108.625, 70.125, 4.558982435045849e-20, nan 
108.875, 70.125, 3.667049413225988e-20, nan 
109.125, 70.125, 2.980276702752908e-20, nan 
109.375, 70.125, 4.674817640231089e-20, nan 
109.625, 70.125, 2.7406466550132686e-20, nan 
109.875, 70.125, 2.880771060549426e-20, nan 
110.125, 70.125, 1.5507173891336414e-20, nan 
110.375, 70.125, 1.4289992701486777e-20, nan 
110.625, 70.125, 1.1252331999328547e-20, nan 
110.875, 70.125, 1.2282860500885642e-20, nan 
111.125, 70.125, 1.1759599799655715e-20, nan 
111.375, 70.125, 1.0032304376110185e-20, nan 
111.625, 70.125, 1.4543850107668288e-20, nan 
111.875, 70.125, 1.0009280689781245e-20, nan 
112.125, 70.125, 8.124487383113341e-21, nan 
112.375, 70.125, 8.275049475605867e-21, nan 
112.625, 70.125, 6.739337547279663e-21, nan 
112.875, 70.125, 6.807109816522627e-21, nan 
113.125, 70.125, 3.787070107501329e-21, nan 
113.375, 70.125, 3.1671461936291777e-21, nan 
113.625, 70.125, 2.5118519111829597e-21, nan 
113.875, 70.125, 3.0115862712785124e-21, nan 
114.125, 70.125, 4.0150031625580774e-21, nan 
114.375, 70.125, 4.184743325916072e-21, nan 
114.625, 70.125, 4.324013729230479e-21, nan 
114.875, 70.125, 5.027819277824253e-21, nan 
115.125, 70.125, 3.957594858659104e-21, nan 
115.375, 70.125, 3.9184221160730656e-21, nan 
115.625, 70.125, 2.0046837257974283e-21, nan 
115.875, 70.125, 3.1003758769333953e-21, nan 
116.125, 70.125, 2.5457538336225637e-21, nan 
116.375, 70.125, 1.9723470035784783e-21, nan 
116.625, 70.125, 6.692054377258776e-22, nan 
116.875, 70.125, 5.7620379113902145e-22, nan 
117.125, 70.125, 5.987927848638508e-22, nan 
117.375, 70.125, 1.3006038256244949e-21, nan 
117.625, 70.125, 1.4011392151118303e-21, nan 
117.875, 70.125, 9.441944184420326e-22, nan 
118.125, 70.125, 1.3681375933472832e-21, nan 
118.375, 70.125, 3.806064928289648e-22, nan 
118.625, 70.125, 4.7945106112112185e-22, nan 
118.875, 70.125, 6.881473203965079e-22, nan 
119.125, 70.125, 8.4040173536903565e-22, nan 
119.375, 70.125, 4.404558951582138e-22, nan 
119.625, 70.125, 4.360838006159408e-22, nan 
119.875, 70.125, 3.671705199537193e-22, nan 
120.125, 70.125, 7.047574888569833e-22, nan 
120.375, 70.125, 5.5437411967218645e-22, nan 
120.625, 70.125, 1.1430655416077582e-21, nan 
120.875, 70.125, 2.7473332740088543e-21, nan 
121.125, 70.125, 2.337816753363666e-21, nan 
121.375, 70.125, 1.7867359264405367e-21, nan 
121.625, 70.125, 1.025179765024024e-21, nan 
121.875, 70.125, 8.515861328595863e-22, nan 
122.125, 70.125, 6.466845119444502e-22, nan 
122.375, 70.125, 6.290386079368895e-22, nan 
122.625, 70.125, 7.3448079061009e-22, nan 
122.875, 70.125, 7.445810910746266e-22, nan 
123.125, 70.125, 5.428868469571229e-22, nan 
123.375, 70.125, 2.596908505025319e-22, nan 
123.625, 70.125, 5.148247072072591e-22, nan 
123.875, 70.125, 4.162377676175068e-22, nan 
124.125, 70.125, 1.4240418434333606e-22, nan 
124.375, 70.125, 2.559781650641366e-22, nan 
124.625, 70.125, 2.4552171373059606e-22, nan 
124.875, 70.125, 1.4139789625822025e-22, nan 
125.125, 70.125, 1.5674584028560828e-22, nan 
125.375, 70.125, 1.549833517279867e-22, nan 
125.625, 70.125, 1.2192661001213247e-22, nan 
125.875, 70.125, 2.6038528966349878e-22, nan 
126.125, 70.125, 2.27639566855579e-22, nan 
126.375, 70.125, 1.5351939081764666e-22, nan 
126.625, 70.125, 2.469838396582528e-22, nan 
126.875, 70.125, 2.685574635065108e-22, nan 
127.125, 70.125, 2.658348506177077e-22, nan 
127.375, 70.125, 1.885655952577402e-22, nan 
127.625, 70.125, 3.220388078484792e-22, nan 
127.875, 70.125, 3.223723542648239e-22, nan 
128.125, 70.125, 1.504011204528818e-22, nan 
128.375, 70.125, 3.673480456415354e-22, nan 
128.625, 70.125, 3.169955618696663e-22, nan 
128.875, 70.125, 1.7144925340648446e-22, nan 
129.125, 70.125, 2.004271941047434e-22, nan 
129.375, 70.125, 1.856281059597716e-22, nan 
129.625, 70.125, 1.365280413886461e-22, nan 
129.875, 70.125, 1.4415584265752501e-22, nan 
130.125, 70.125, 6.059206661462278e-23, nan 
130.375, 70.125, 6.248825558079509e-23, nan 
130.625, 70.125, 1.0242961175751584e-22, nan 
130.875, 70.125, 5.243094258610844e-23, nan 
131.125, 70.125, 6.371986983611418e-23, nan 
131.375, 70.125, 3.611030564789741e-23, nan 
131.625, 70.125, 9.621640959529027e-23, nan 
131.875, 70.125, 8.263715409668659e-23, nan 
132.125, 70.125, 7.041720456033218e-23, nan 
132.375, 70.125, 1.0677864568582608e-22, nan 
132.625, 70.125, 7.067340937484748e-23, nan 
132.875, 70.125, 3.7340502003165135e-23, nan 
133.125, 70.125, 6.68238402194429e-23, nan 
133.375, 70.125, 4.751111210331838e-23, nan 
133.625, 70.125, 7.746227968410779e-23, nan 
133.875, 70.125, 8.71861252577115e-23, nan 
134.125, 70.125, 3.4884062657526764e-23, nan 
134.375, 70.125, 7.692847976125015e-23, nan 
134.625, 70.125, 5.775694287221562e-23, nan 
134.875, 70.125, 9.060223779514645e-23, nan 
135.125, 70.125, 1.2219207728033794e-22, nan 
135.375, 70.125, 9.882602941927317e-23, nan 
135.625, 70.125, 9.533240895140924e-23, nan 
135.875, 70.125, 1.0933703920147459e-22, nan 
136.125, 70.125, 8.41980035786981e-23, nan 
136.375, 70.125, 5.556941641483937e-23, nan 
136.625, 70.125, 3.1548342123423775e-23, nan 
136.875, 70.125, 4.377277104431294e-23, nan 
137.125, 70.125, 4.9682040226176863e-23, nan 
137.375, 70.125, 2.610877307810298e-23, nan 
137.625, 70.125, 2.4383366284358908e-23, nan 
137.875, 70.125, 3.7907461017684734e-23, nan 
138.125, 70.125, 4.03942216902807e-23, nan 
138.375, 70.125, 5.579136953176348e-23, nan 
138.625, 70.125, 1.097088797465231e-22, nan 
138.875, 70.125, 1.0548141777629458e-22, nan 
139.125, 70.125, 1.059955628813342e-22, nan 
139.375, 70.125, 1.323712758292615e-22, nan 
139.625, 70.125, 1.2953208679600644e-22, nan 
139.875, 70.125, 1.206447380127183e-22, nan 
140.125, 70.125, 1.1044305074541219e-22, nan 
140.375, 70.125, 1.0994375792187862e-22, nan 
140.625, 70.125, 9.404226608297705e-23, nan 
140.875, 70.125, 5.638261885097888e-23, nan 
141.125, 70.125, 5.922330975975457e-23, nan 
141.375, 70.125, 3.418312996710093e-23, nan 
141.625, 70.125, 2.692710674224342e-23, nan 
141.875, 70.125, 2.5771034040881964e-23, nan 
142.125, 70.125, 1.558475174004532e-23, nan 
142.375, 70.125, 1.891586847180718e-23, nan 
142.625, 70.125, 2.7752458728749803e-23, nan 
142.875, 70.125, 2.5631376354779288e-23, nan 
143.125, 70.125, 1.7306217240460468e-23, nan 
143.375, 70.125, 1.758592526332059e-23, nan 
143.625, 70.125, 1.7877807212922552e-23, nan 
143.875, 70.125, 9.352778228570881e-24, nan 
144.125, 70.125, 8.48424382868847e-24, nan 
144.375, 70.125, 1.5691938964592576e-23, nan 
144.625, 70.125, 1.8346622619140113e-23, nan 
144.875, 70.125, 1.8615494946949354e-23, nan 
145.125, 70.125, 1.577945488647256e-23, nan 
145.375, 70.125, 1.4042849095472876e-23, nan 
145.625, 70.125, 1.2785583602877392e-23, nan 
145.875, 70.125, 1.0754449692636468e-23, nan 
146.125, 70.125, 1.6137537906972475e-23, nan 
146.375, 70.125, 9.46942296309305e-24, nan 
146.625, 70.125, 8.402275402048459e-24, nan 
146.875, 70.125, 1.1059325327338101e-23, nan 
147.125, 70.125, 8.398841784629874e-24, nan 
147.375, 70.125, 1.097177340198985e-23, nan 
147.625, 70.125, 1.0353459107005259e-23, nan 
147.875, 70.125, 6.587263211622338e-24, nan 
148.125, 70.125, 6.766673977960435e-24, nan 
148.375, 70.125, 1.0291463875476379e-23, nan 
148.625, 70.125, 7.65701040032182e-24, nan 
148.875, 70.125, 5.7706330920500925e-24, nan 
149.125, 70.125, 8.155328467468869e-24, nan 
149.375, 70.125, 7.544324123620503e-24, nan 
149.625, 70.125, 7.180040015702398e-24, nan 
149.875, 70.125, 7.308972147882548e-24, nan 
150.125, 70.125, 5.3848846544593075e-24, nan 
150.375, 70.125, 5.822475003931396e-24, nan 
150.625, 70.125, 5.684129802711563e-24, nan 
150.875, 70.125, 6.0707442064865445e-24, nan 
151.125, 70.125, 8.291618453481578e-24, nan 
151.375, 70.125, 7.563711515378198e-24, nan 
151.625, 70.125, 1.0350652668755419e-23, nan 
151.875, 70.125, 1.8658948644681107e-23, nan 
152.125, 70.125, 1.5922899712930652e-23, nan 
152.375, 70.125, 2.5109987301779537e-23, nan 
152.625, 70.125, 2.7356393891155755e-23, nan 
152.875, 70.125, 2.802414797227274e-23, nan 
153.125, 70.125, 5.102178709899943e-23, nan 
153.375, 70.125, 1.8195607117821094e-23, nan 
153.625, 70.125, 1.766218445471416e-23, nan 
153.875, 70.125, 2.971356551176082e-23, nan 
154.125, 70.125, 1.3975060210714153e-23, nan 
154.375, 70.125, 8.198633096041371e-24, nan 
154.625, 70.125, 3.861979097979908e-24, nan 
154.875, 70.125, 3.570478266934112e-24, nan 
155.125, 70.125, 3.1812924789253383e-24, nan 
155.375, 70.125, 3.59339694106719e-24, nan 
155.625, 70.125, 3.919332305509948e-24, nan 
155.875, 70.125, 5.151587711412841e-24, nan 
156.125, 70.125, 5.537815185961962e-24, nan 
156.375, 70.125, 6.282971855912276e-24, nan 
156.625, 70.125, 6.348798272660695e-24, nan 
156.875, 70.125, 5.2342799697391666e-24, nan 
157.125, 70.125, 4.706843414179667e-24, nan 
157.375, 70.125, 6.62508823862315e-24, nan 
157.625, 70.125, 5.5825612424828e-24, nan 
157.875, 70.125, 5.618957532259628e-24, nan 
158.125, 70.125, 5.318465680688294e-24, nan 
158.375, 70.125, 1.1490513939981629e-23, nan 
158.625, 70.125, 1.515023112356919e-23, nan 
158.875, 70.125, 1.57747670937807e-23, nan 
159.125, 70.125, 1.545910637083669e-23, nan 
159.375, 70.125, 1.516867157470384e-23, nan 
159.625, 70.125, 1.5430798769748562e-23, nan 
159.875, 70.125, 6.816423505820301e-24, nan 
160.125, 70.125, 4.24563362697233e-24, nan 
160.375, 70.125, 3.918408280249479e-24, nan 
160.625, 70.125, 4.6991495652681226e-24, nan 
160.875, 70.125, 3.2547787925223137e-24, nan 
161.125, 70.125, 3.5257220944167304e-24, nan 
161.375, 70.125, 5.8149021078806336e-24, nan 
161.625, 70.125, 5.7799212024470414e-24, nan 
161.875, 70.125, 1.1858430229443246e-23, nan 
162.125, 70.125, 9.361643766096992e-24, nan 
162.375, 70.125, 7.604013586434939e-24, nan 
162.625, 70.125, 1.2716417120871047e-23, nan 
162.875, 70.125, 6.76953195100072e-24, nan 
163.125, 70.125, 5.964298033011886e-24, nan 
163.375, 70.125, 7.594876523182684e-24, nan 
163.625, 70.125, 5.644649020191685e-24, nan 
163.875, 70.125, 3.920100126307204e-24, nan 
164.125, 70.125, 5.768827191182845e-24, nan 
164.375, 70.125, 5.3557942528279516e-24, nan 
164.625, 70.125, 2.6167314975284965e-24, nan 
164.875, 70.125, 3.685990145979084e-24, nan 
165.125, 70.125, 3.712911732447339e-24, nan 
165.375, 70.125, 3.496391876333464e-24, nan 
165.625, 70.125, 3.963517489180905e-24, nan 
165.875, 70.125, 5.083935858735568e-24, nan 
166.125, 70.125, 2.826920552320846e-24, nan 
166.375, 70.125, 4.908832256978218e-24, nan 
166.625, 70.125, 3.869907442096859e-24, nan 
166.875, 70.125, 3.57074733273987e-24, nan 
167.125, 70.125, 4.2774515852170946e-24, nan 
167.375, 70.125, 4.2113806231411044e-24, nan 
167.625, 70.125, 4.0304052106701845e-24, nan 
167.875, 70.125, 1.3206497054730905e-24, nan 
168.125, 70.125, 1.5678343984111709e-24, nan 
168.375, 70.125, 2.065353681916083e-24, nan 
168.625, 70.125, 2.614954351232542e-24, nan 
168.875, 70.125, 3.437931579349767e-24, nan 
169.125, 70.125, 3.9105927128489234e-24, nan 
169.375, 70.125, 5.231140250406115e-24, nan 
169.625, 70.125, 5.081729967131761e-24, nan 
169.875, 70.125, 4.481563866181505e-24, nan 
170.125, 70.125, 3.8786108772809595e-24, nan 
170.375, 70.125, 4.659392455629715e-24, nan 
170.625, 70.125, 5.6400038602172556e-24, nan 
170.875, 70.125, 3.0488226714204676e-24, nan 
171.125, 70.125, 2.080822728667434e-24, nan 
171.375, 70.125, 3.4665831022234775e-24, nan 
171.625, 70.125, 3.8085415236144014e-24, nan 
171.875, 70.125, 2.691548720176247e-24, nan 
172.125, 70.125, 3.2308138583913602e-24, nan 
172.375, 70.125, 4.070131939141193e-24, nan 
172.625, 70.125, 2.3733744583920874e-24, nan 
172.875, 70.125, 2.3917313251275075e-24, nan 
173.125, 70.125, 4.618118633677497e-24, nan 
29.375, 70.375, 7.945502153750755e-25, nan 
29.625, 70.375, 6.7852300305327295e-25, nan 
29.875, 70.375, 9.604867388474615e-25, nan 
30.125, 70.375, 6.245116448840775e-25, nan 
30.375, 70.375, 1.2040198705693619e-24, nan 
30.625, 70.375, 1.0252664963853198e-24, nan 
30.875, 70.375, 1.6787936767255255e-24, nan 
31.125, 70.375, 3.771419001401708e-25, nan 
31.375, 70.375, 1.0575958468502383e-24, nan 
31.625, 70.375, 7.946737673532696e-25, nan 
31.875, 70.375, 6.979519818075983e-25, nan 
32.125, 70.375, 4.636495154598357e-25, nan 
32.375, 70.375, 9.64215058586465e-25, nan 
32.625, 70.375, 1.9541503431729163e-24, nan 
32.875, 70.375, 1.711002276484259e-24, nan 
33.125, 70.375, 1.0682807128231035e-24, nan 
33.375, 70.375, 2.7554785745503513e-24, nan 
33.625, 70.375, 2.0240416817918576e-24, nan 
33.875, 70.375, 5.895788948047072e-25, nan 
34.125, 70.375, 1.5200670396312909e-24, nan 
34.375, 70.375, 9.121917871180476e-25, nan 
34.625, 70.375, 6.575850466679712e-25, nan 
34.875, 70.375, 1.0039519299726848e-24, nan 
35.125, 70.375, 8.109184755771402e-25, nan 
35.375, 70.375, 1.0786654543261841e-24, nan 
35.625, 70.375, 1.2228867479294626e-24, nan 
35.875, 70.375, 1.7422972226280897e-24, nan 
36.125, 70.375, 2.561793110235004e-24, nan 
36.375, 70.375, 2.9298974508406424e-24, nan 
36.625, 70.375, 3.2613218575907725e-24, nan 
36.875, 70.375, 2.6172971198862055e-24, nan 
37.125, 70.375, 2.3096276602151874e-24, nan 
37.375, 70.375, 2.4026682087662274e-24, nan 
37.625, 70.375, 1.5660677927682965e-24, nan 
37.875, 70.375, 1.1361514788834786e-24, nan 
38.125, 70.375, 1.5380061189039761e-24, nan 
38.375, 70.375, 1.2310004520255114e-24, nan 
38.625, 70.375, 1.1134065745769436e-24, nan 
38.875, 70.375, 5.225345708919609e-25, nan 
39.125, 70.375, 1.7230373137679434e-24, nan 
39.375, 70.375, 1.532194398768002e-24, nan 
39.625, 70.375, 3.7473584417235875e-24, nan 
39.875, 70.375, 6.115965556835749e-24, nan 
40.125, 70.375, 2.5875478878774356e-24, nan 
40.375, 70.375, 6.339243073040273e-24, nan 
40.625, 70.375, 1.2067989371568937e-23, nan 
40.875, 70.375, 9.710753572816987e-24, nan 
41.125, 70.375, 1.252881544665273e-23, nan 
41.375, 70.375, 1.3070960899004725e-23, nan 
41.625, 70.375, 1.301947586373223e-23, nan 
41.875, 70.375, 1.1858763852944321e-23, nan 
42.125, 70.375, 8.551638165686643e-24, nan 
42.375, 70.375, 4.8206873381044894e-24, nan 
42.625, 70.375, 4.696778029263232e-24, nan 
42.875, 70.375, 5.2960865007959426e-24, nan 
43.125, 70.375, 3.6955920296627806e-24, nan 
43.375, 70.375, 2.9885634466991127e-24, nan 
43.625, 70.375, 2.9935056684214695e-24, nan 
43.875, 70.375, 5.133035749660876e-24, nan 
44.125, 70.375, 5.233545382841005e-24, nan 
44.375, 70.375, 3.51483062446235e-24, nan 
44.625, 70.375, 5.8358754980744706e-24, nan 
44.875, 70.375, 6.640626585077459e-24, nan 
45.125, 70.375, 3.8453216339009826e-24, nan 
45.375, 70.375, 3.80075185364294e-24, nan 
45.625, 70.375, 5.691873990954355e-24, nan 
45.875, 70.375, 3.967862875445918e-24, nan 
46.125, 70.375, 2.463161968378063e-24, nan 
46.375, 70.375, 1.4062491547667458e-24, nan 
46.625, 70.375, 1.655804330942788e-24, nan 
46.875, 70.375, 2.6132537780869578e-24, nan 
47.125, 70.375, 2.4071218001643676e-24, nan 
47.375, 70.375, 2.8507574741256076e-24, nan 
47.625, 70.375, 3.4148481037163024e-24, nan 
47.875, 70.375, 5.490247127033475e-24, nan 
48.125, 70.375, 4.9394630030778895e-24, nan 
48.375, 70.375, 5.297615158710103e-24, nan 
48.625, 70.375, 7.036764841609123e-24, nan 
48.875, 70.375, 6.051085427202545e-24, nan 
49.125, 70.375, 7.706345861815853e-24, nan 
49.375, 70.375, 9.78724405095677e-24, nan 
49.625, 70.375, 9.662322947088247e-24, nan 
49.875, 70.375, 5.1111583808709086e-24, nan 
50.125, 70.375, 3.774810287101743e-24, nan 
50.375, 70.375, 5.369324197639533e-24, nan 
50.625, 70.375, 5.5102432095360485e-24, nan 
50.875, 70.375, 3.655326962611872e-24, nan 
51.125, 70.375, 5.745666999416145e-24, nan 
51.375, 70.375, 5.489926961091969e-24, nan 
51.625, 70.375, 1.4556469079714803e-24, nan 
51.875, 70.375, 2.3973453022394132e-24, nan 
52.125, 70.375, 2.7813392847851633e-24, nan 
52.375, 70.375, 4.104326122985548e-24, nan 
52.625, 70.375, 1.5022866367966922e-24, nan 
52.875, 70.375, 3.1407728068459457e-24, nan 
53.125, 70.375, 4.241336853675811e-24, nan 
53.375, 70.375, 4.7686063732731466e-24, nan 
53.625, 70.375, 2.3613926033168605e-24, nan 
53.875, 70.375, 3.675187722314838e-24, nan 
54.125, 70.375, 6.42317775400134e-24, nan 
54.375, 70.375, 5.040744855310987e-24, nan 
54.625, 70.375, 7.30093146217652e-24, nan 
54.875, 70.375, 9.233565261991087e-24, nan 
55.125, 70.375, 1.0037664238148751e-23, nan 
55.375, 70.375, 7.232173620554189e-24, nan 
55.625, 70.375, 8.212953131295775e-24, nan 
55.875, 70.375, 1.3176099366145069e-23, nan 
56.125, 70.375, 1.2940401791728563e-23, nan 
56.375, 70.375, 1.484171733882087e-23, nan 
56.625, 70.375, 1.1828129589159473e-23, nan 
56.875, 70.375, 1.9961383553063488e-23, nan 
57.125, 70.375, 2.1260708267854747e-23, nan 
57.375, 70.375, 1.7060386909678703e-23, nan 
57.625, 70.375, 2.5404472053644545e-23, nan 
57.875, 70.375, 1.9008049463126867e-23, nan 
58.125, 70.375, 1.3348243477463367e-23, nan 
58.375, 70.375, 2.1072156238070564e-23, nan 
58.625, 70.375, 2.193640920687836e-23, nan 
58.875, 70.375, 2.050188550415353e-23, nan 
59.125, 70.375, 2.6108677538168636e-23, nan 
59.375, 70.375, 3.671890467208372e-23, nan 
59.625, 70.375, 4.066790695700614e-23, nan 
59.875, 70.375, 1.3699284512525762e-23, nan 
60.125, 70.375, 1.7693372045391112e-23, nan 
60.375, 70.375, 1.9128062681245726e-23, nan 
60.625, 70.375, 1.8753289953576513e-23, nan 
60.875, 70.375, 1.9498477723867013e-23, nan 
61.125, 70.375, 2.950189357023744e-23, nan 
61.375, 70.375, 3.523386135400469e-23, nan 
61.625, 70.375, 3.9524356266362336e-23, nan 
61.875, 70.375, 3.0757130074948926e-23, nan 
62.125, 70.375, 3.1437219134346544e-23, nan 
62.375, 70.375, 3.219378780481514e-23, nan 
62.625, 70.375, 2.474569694786594e-23, nan 
62.875, 70.375, 2.3266478512016168e-23, nan 
63.125, 70.375, 1.7712629625361042e-23, nan 
63.375, 70.375, 2.1664511912683488e-23, nan 
63.625, 70.375, 3.451833883736564e-23, nan 
63.875, 70.375, 4.257474105152137e-23, nan 
64.125, 70.375, 5.389210552665587e-23, nan 
64.375, 70.375, 4.742841740080184e-23, nan 
64.625, 70.375, 4.4958289188303664e-23, nan 
64.875, 70.375, 4.305832550895811e-23, nan 
65.125, 70.375, 3.282559805575875e-23, nan 
65.375, 70.375, 4.307253371946179e-23, nan 
65.625, 70.375, 1.7099671969991088e-23, nan 
65.875, 70.375, 4.0288082343341533e-23, nan 
66.125, 70.375, 4.911969442744359e-23, nan 
66.375, 70.375, 1.333244937609526e-23, nan 
66.625, 70.375, 3.3393493948794146e-23, nan 
66.875, 70.375, 6.148475640031569e-23, nan 
67.125, 70.375, 3.40277928266376e-23, nan 
67.375, 70.375, 4.849685156049555e-23, nan 
67.625, 70.375, 1.9498996920665562e-23, nan 
67.875, 70.375, 3.687075230409199e-23, nan 
68.125, 70.375, 5.44498344888781e-23, nan 
68.375, 70.375, 4.1473138781606124e-23, nan 
68.625, 70.375, 3.634038326399726e-23, nan 
68.875, 70.375, 4.20501248179675e-23, nan 
69.125, 70.375, 4.031532380871814e-23, nan 
69.375, 70.375, 4.36594913601994e-23, nan 
69.625, 70.375, 7.791447949793862e-23, nan 
69.875, 70.375, 5.631038270035059e-23, nan 
70.125, 70.375, 3.3439143185786303e-23, nan 
70.375, 70.375, 3.281065600434741e-23, nan 
70.625, 70.375, 8.484394120573218e-23, nan 
70.875, 70.375, 4.574109052137149e-23, nan 
71.125, 70.375, 6.611957034583906e-23, nan 
71.375, 70.375, 6.686673773660051e-23, nan 
71.625, 70.375, 5.862546218750566e-23, nan 
71.875, 70.375, 6.817829908153237e-23, nan 
72.125, 70.375, 7.451986176528432e-23, nan 
72.375, 70.375, 4.2746836883787924e-23, nan 
72.625, 70.375, 1.1454781975839243e-22, nan 
72.875, 70.375, 1.4753891642063512e-22, nan 
73.125, 70.375, 5.227746835866015e-23, nan 
73.375, 70.375, 1.552753625346889e-22, nan 
73.625, 70.375, 2.1959719220418253e-22, nan 
73.875, 70.375, 7.375409716629469e-23, nan 
74.125, 70.375, 1.0103214354495102e-22, nan 
74.375, 70.375, 1.7613353129137013e-22, nan 
74.625, 70.375, 1.6567320375384497e-22, nan 
74.875, 70.375, 9.680640085295857e-23, nan 
75.125, 70.375, 1.2862262657492282e-22, nan 
75.375, 70.375, 1.2789848165261597e-22, nan 
75.625, 70.375, 1.619621601329781e-22, nan 
75.875, 70.375, 2.8991945711609974e-22, nan 
76.125, 70.375, 4.238255190968538e-22, nan 
76.375, 70.375, 4.84786107447772e-22, nan 
76.625, 70.375, 4.704605477346176e-22, nan 
76.875, 70.375, 4.954417906283272e-22, nan 
77.125, 70.375, 4.690996942224625e-22, nan 
77.375, 70.375, 4.443065409274148e-22, nan 
77.625, 70.375, 5.151563823290769e-22, nan 
77.875, 70.375, 7.9788155433933315e-22, nan 
78.125, 70.375, 6.509917278622388e-22, nan 
78.375, 70.375, 6.848532988942051e-22, nan 
78.625, 70.375, 3.5673986803979443e-22, nan 
78.875, 70.375, 4.026593946643922e-22, nan 
79.125, 70.375, 4.302835909078362e-22, nan 
79.375, 70.375, 4.492099359942504e-22, nan 
79.625, 70.375, 4.721985024523337e-22, nan 
79.875, 70.375, 2.9206528661373886e-22, nan 
80.125, 70.375, 4.4349377054514495e-22, nan 
80.375, 70.375, 2.6292026726959557e-22, nan 
80.625, 70.375, 3.660117739812921e-22, nan 
80.875, 70.375, 5.242189227812958e-22, nan 
81.125, 70.375, 6.231373542022988e-22, nan 
81.375, 70.375, 5.021202657114378e-22, nan 
81.625, 70.375, 4.088204103890163e-22, nan 
81.875, 70.375, 6.068625481768298e-22, nan 
82.125, 70.375, 6.444573896237502e-22, nan 
82.375, 70.375, 4.153701593955423e-22, nan 
82.625, 70.375, 5.865830738605513e-22, nan 
82.875, 70.375, 6.432928756187843e-22, nan 
83.125, 70.375, 6.96539034073514e-22, nan 
83.375, 70.375, 7.409649047364048e-22, nan 
83.625, 70.375, 9.992259575890094e-22, nan 
83.875, 70.375, 1.006909400460368e-21, nan 
84.125, 70.375, 1.629527962473635e-21, nan 
84.375, 70.375, 1.2242556305306646e-21, nan 
84.625, 70.375, 1.4032652432458525e-21, nan 
84.875, 70.375, 1.6522448989342455e-21, nan 
85.125, 70.375, 1.2190710113763356e-21, nan 
85.375, 70.375, 1.0691846695783279e-21, nan 
85.625, 70.375, 1.908973602396386e-21, nan 
85.875, 70.375, 1.9428563269588286e-21, nan 
86.125, 70.375, 2.6812625152340047e-21, nan 
86.375, 70.375, 2.3148666085093803e-21, nan 
86.625, 70.375, 2.2783246223595594e-21, nan 
86.875, 70.375, 1.916116102029357e-21, nan 
87.125, 70.375, 2.5950856314744425e-21, nan 
87.375, 70.375, 3.1982309175411377e-21, nan 
87.625, 70.375, 2.7043428695464722e-21, nan 
87.875, 70.375, 4.045142926153935e-21, nan 
88.125, 70.375, 4.490988821114796e-21, nan 
88.375, 70.375, 5.009113848975879e-21, nan 
88.625, 70.375, 5.236871622576851e-21, nan 
88.875, 70.375, 7.785319002336633e-21, nan 
89.125, 70.375, 6.713132490318944e-21, nan 
89.375, 70.375, 3.4321933767085435e-21, nan 
89.625, 70.375, 3.445212185778125e-21, nan 
89.875, 70.375, 6.090736025086327e-21, nan 
90.125, 70.375, 6.054686288292946e-21, nan 
90.375, 70.375, 4.489728136198178e-21, nan 
90.625, 70.375, 9.687919819875897e-21, nan 
90.875, 70.375, 1.0387756710384935e-20, nan 
91.125, 70.375, 1.0223581204344246e-20, nan 
91.375, 70.375, 1.7914026634844753e-20, nan 
91.625, 70.375, 1.3710180124363825e-20, nan 
91.875, 70.375, 1.1117343156228007e-20, nan 
92.125, 70.375, 7.325641054955864e-21, nan 
92.375, 70.375, 7.967318649125253e-21, nan 
92.625, 70.375, 1.1640086590518123e-20, nan 
92.875, 70.375, 1.5938985466547813e-20, nan 
93.125, 70.375, 1.2071535910393168e-20, nan 
93.375, 70.375, 1.469562440728081e-20, nan 
93.625, 70.375, 4.374373902929573e-20, nan 
93.875, 70.375, 2.778781438075151e-20, nan 
94.125, 70.375, 1.2931696032635323e-20, nan 
94.375, 70.375, 4.676446658376326e-20, nan 
94.625, 70.375, 8.459934326146147e-20, nan 
94.875, 70.375, 7.748796992023486e-20, nan 
95.125, 70.375, 5.292366177459564e-20, nan 
95.375, 70.375, 2.3581491684713547e-20, nan 
95.625, 70.375, 2.1576278712067602e-20, nan 
95.875, 70.375, 4.1557622799711974e-20, nan 
96.125, 70.375, 5.3796720203082997e-20, nan 
96.375, 70.375, 7.12880163092297e-20, nan 
96.625, 70.375, 6.486460795936305e-20, nan 
96.875, 70.375, 8.093593691146658e-20, nan 
97.125, 70.375, 1.520797407301454e-19, nan 
97.375, 70.375, 7.300059729136777e-20, nan 
97.625, 70.375, 9.892956764844597e-20, nan 
97.875, 70.375, 1.522035645079745e-19, nan 
98.125, 70.375, 2.2868840505253684e-19, nan 
98.375, 70.375, 3.0892711950954476e-19, nan 
98.625, 70.375, 3.0875453979739058e-19, nan 
98.875, 70.375, 4.9178353240183375e-19, nan 
99.125, 70.375, 7.936163393426758e-19, nan 
99.375, 70.375, 5.77264731408363e-19, nan 
99.625, 70.375, 7.754941010118699e-19, nan 
99.875, 70.375, 8.054084168187646e-19, nan 
100.125, 70.375, 8.760822381441897e-19, nan 
100.375, 70.375, 1.1404031112851928e-18, nan 
100.625, 70.375, 1.5559572179228384e-18, nan 
100.875, 70.375, 4.926481857145642e-18, nan 
101.125, 70.375, 5.580868463518301e-18, nan 
101.375, 70.375, 9.259182914733866e-18, nan 
101.625, 70.375, 1.624008686081613e-17, nan 
101.875, 70.375, 1.2062828389579091e-17, nan 
102.125, 70.375, 2.4758414692922888e-17, nan 
102.375, 70.375, 2.973800692192898e-17, nan 
102.625, 70.375, 2.3548621674788727e-17, nan 
102.875, 70.375, 2.088456364504649e-17, nan 
103.125, 70.375, 2.995655388204021e-17, nan 
103.375, 70.375, 2.25483612327015e-17, nan 
103.625, 70.375, 1.824712086315074e-17, nan 
103.875, 70.375, 2.263189432027313e-17, nan 
104.125, 70.375, 1.93123274027642e-17, nan 
104.375, 70.375, 9.830752120678421e-18, nan 
104.625, 70.375, 2.591349522975758e-18, nan 
104.875, 70.375, 1.9176210006878303e-18, nan 
105.125, 70.375, 1.5093302404000581e-18, nan 
105.375, 70.375, 1.3703473655082691e-18, nan 
105.625, 70.375, 8.079019514383927e-19, nan 
105.875, 70.375, 2.8629193883423767e-19, nan 
106.125, 70.375, 1.5393731996645608e-19, nan 
106.375, 70.375, 8.836121160291491e-20, nan 
106.625, 70.375, 9.667624326851117e-20, nan 
106.875, 70.375, 8.708668961774763e-20, nan 
107.125, 70.375, 5.639493846757113e-20, nan 
107.375, 70.375, 4.902887714040532e-20, nan 
107.625, 70.375, 5.585149342533223e-20, nan 
107.875, 70.375, 6.68758856880398e-20, nan 
108.125, 70.375, 5.369795652275383e-20, nan 
108.375, 70.375, 3.9564665948945767e-20, nan 
108.625, 70.375, 3.063339799158026e-20, nan 
108.875, 70.375, 2.7973427919166704e-20, nan 
109.125, 70.375, 2.7669514910765465e-20, nan 
109.375, 70.375, 4.213733918183036e-20, nan 
109.625, 70.375, 1.6593596365507104e-20, nan 
109.875, 70.375, 2.886902640541523e-20, nan 
110.125, 70.375, 1.8584506423703294e-20, nan 
110.375, 70.375, 1.5358502129529193e-20, nan 
110.625, 70.375, 1.3413075728426552e-20, nan 
110.875, 70.375, 1.5857792189577764e-20, nan 
111.125, 70.375, 1.2657745969694525e-20, nan 
111.375, 70.375, 9.607595454494095e-21, nan 
111.625, 70.375, 9.903425123074565e-21, nan 
111.875, 70.375, 9.855902004074598e-21, nan 
112.125, 70.375, 7.831931021319063e-21, nan 
112.375, 70.375, 6.3537871497848844e-21, nan 
112.625, 70.375, 7.668960964887426e-21, nan 
112.875, 70.375, 7.16227408781334e-21, nan 
113.125, 70.375, 5.723301164408502e-21, nan 
113.375, 70.375, 3.7076536677758384e-21, nan 
113.625, 70.375, 5.060652422298493e-21, nan 
113.875, 70.375, 5.127215688739066e-21, nan 
114.125, 70.375, 5.6112367903671854e-21, nan 
114.375, 70.375, 4.627076760351737e-21, nan 
114.625, 70.375, 3.85716413872538e-21, nan 
114.875, 70.375, 5.233536110912837e-21, nan 
115.125, 70.375, 3.690546199223277e-21, nan 
115.375, 70.375, 2.818635475049427e-21, nan 
115.625, 70.375, 2.2719589038446695e-21, nan 
115.875, 70.375, 2.9895019541228926e-21, nan 
116.125, 70.375, 3.1469241642542796e-21, nan 
116.375, 70.375, 2.734745910156055e-21, nan 
116.625, 70.375, 1.796568846650017e-21, nan 
116.875, 70.375, 2.2113386634612926e-21, nan 
117.125, 70.375, 1.5906116531805689e-21, nan 
117.375, 70.375, 9.446073273184577e-22, nan 
117.625, 70.375, 1.9079628698137088e-21, nan 
117.875, 70.375, 1.4058196456493482e-21, nan 
118.125, 70.375, 1.5939972108536871e-21, nan 
118.375, 70.375, 1.4227451984152365e-21, nan 
118.625, 70.375, 1.3638077519458506e-21, nan 
118.875, 70.375, 1.2091938803000062e-21, nan 
119.125, 70.375, 1.3307969337920963e-21, nan 
119.375, 70.375, 9.943776280608094e-22, nan 
119.625, 70.375, 1.1760661563071424e-21, nan 
119.875, 70.375, 1.4636639177811743e-21, nan 
120.125, 70.375, 1.2098059648433648e-21, nan 
120.375, 70.375, 6.667788819081262e-22, nan 
120.625, 70.375, 2.1791546746061712e-21, nan 
120.875, 70.375, 1.802988382293876e-21, nan 
121.125, 70.375, 7.296082274064004e-22, nan 
121.375, 70.375, 1.1016162080173085e-21, nan 
121.625, 70.375, 1.0717735940409282e-21, nan 
121.875, 70.375, 6.029473320029685e-22, nan 
122.125, 70.375, 4.216661645027552e-22, nan 
122.375, 70.375, 4.799362138016506e-22, nan 
122.625, 70.375, 7.180421327083295e-22, nan 
122.875, 70.375, 5.613989876446887e-22, nan 
123.125, 70.375, 4.3083234967456945e-22, nan 
123.375, 70.375, 2.6101043041037433e-22, nan 
123.625, 70.375, 2.2548899760117915e-22, nan 
123.875, 70.375, 2.4156335077068125e-22, nan 
124.125, 70.375, 5.153532970001691e-22, nan 
124.375, 70.375, 3.11427203904296e-22, nan 
124.625, 70.375, 2.456121846597692e-22, nan 
124.875, 70.375, 1.8977808257544284e-22, nan 
125.125, 70.375, 3.0025043777062258e-22, nan 
125.375, 70.375, 2.9720700067213954e-22, nan 
125.625, 70.375, 1.7262350805858082e-22, nan 
125.875, 70.375, 3.041026179425797e-22, nan 
126.125, 70.375, 2.0589594645371267e-22, nan 
126.375, 70.375, 1.5976395546557803e-22, nan 
126.625, 70.375, 1.966039354945624e-22, nan 
126.875, 70.375, 1.6228589829239234e-22, nan 
127.125, 70.375, 1.4084790403123043e-22, nan 
127.375, 70.375, 1.9342093944469132e-22, nan 
127.625, 70.375, 1.9485272872597152e-22, nan 
127.875, 70.375, 2.387708183810682e-22, nan 
128.125, 70.375, 2.491707848266891e-22, nan 
128.375, 70.375, 1.8669195209393735e-22, nan 
128.625, 70.375, 2.0736973812831568e-22, nan 
128.875, 70.375, 1.959446001678876e-22, nan 
129.125, 70.375, 1.6668048063501425e-22, nan 
129.375, 70.375, 1.0136857640944863e-22, nan 
129.625, 70.375, 1.1347961643424196e-22, nan 
129.875, 70.375, 1.3344890780822146e-22, nan 
130.125, 70.375, 8.298652784480892e-23, nan 
130.375, 70.375, 1.3815024140882122e-22, nan 
130.625, 70.375, 7.274777062239323e-23, nan 
130.875, 70.375, 6.018845732893233e-23, nan 
131.125, 70.375, 1.1332219902723252e-22, nan 
131.375, 70.375, 7.58688958695424e-23, nan 
131.625, 70.375, 5.684386213482072e-23, nan 
131.875, 70.375, 8.299874269923594e-23, nan 
132.125, 70.375, 7.253259800956961e-23, nan 
132.375, 70.375, 4.971114948771218e-23, nan 
132.625, 70.375, 3.092555156030123e-23, nan 
132.875, 70.375, 4.7314524026913287e-23, nan 
133.125, 70.375, 6.283399265129003e-23, nan 
133.375, 70.375, 7.201358083896604e-23, nan 
133.625, 70.375, 1.4520023728911558e-22, nan 
133.875, 70.375, 1.1559594475274742e-22, nan 
134.125, 70.375, 9.066725250847116e-23, nan 
134.375, 70.375, 2.0816599902113507e-22, nan 
134.625, 70.375, 1.8635318718584412e-22, nan 
134.875, 70.375, 1.1497021567757564e-22, nan 
135.125, 70.375, 1.4634747096815315e-22, nan 
135.375, 70.375, 1.4094461871646937e-22, nan 
135.625, 70.375, 9.271817162712898e-23, nan 
135.875, 70.375, 6.075232088894673e-23, nan 
136.125, 70.375, 6.664127933470272e-23, nan 
136.375, 70.375, 5.0299840498257515e-23, nan 
136.625, 70.375, 3.550431005632523e-23, nan 
136.875, 70.375, 2.8237464785252994e-23, nan 
137.125, 70.375, 3.490471489197622e-23, nan 
137.375, 70.375, 3.90396429278013e-23, nan 
137.625, 70.375, 2.843426254444899e-23, nan 
137.875, 70.375, 2.122341971658505e-23, nan 
138.125, 70.375, 7.804457133494927e-23, nan 
138.375, 70.375, 1.1189753887662315e-22, nan 
138.625, 70.375, 1.0570388415936836e-22, nan 
138.875, 70.375, 1.3044972201768002e-22, nan 
139.125, 70.375, 1.6071651318034004e-22, nan 
139.375, 70.375, 1.4468492082963256e-22, nan 
139.625, 70.375, 8.647498558460721e-23, nan 
139.875, 70.375, 3.531624092282494e-23, nan 
140.125, 70.375, 7.759169709546208e-23, nan 
140.375, 70.375, 1.0581748434634909e-22, nan 
140.625, 70.375, 1.2540391191321617e-22, nan 
140.875, 70.375, 7.692347072366715e-23, nan 
141.125, 70.375, 8.657140388377463e-23, nan 
141.375, 70.375, 9.284350297002413e-23, nan 
141.625, 70.375, 3.898636807416724e-23, nan 
141.875, 70.375, 1.4905669813923894e-23, nan 
142.125, 70.375, 2.070620251775787e-23, nan 
142.375, 70.375, 3.1882978183670614e-23, nan 
142.625, 70.375, 2.3738958809640103e-23, nan 
142.875, 70.375, 2.248903909055889e-23, nan 
143.125, 70.375, 1.9362425301432593e-23, nan 
143.375, 70.375, 7.065989862313847e-24, nan 
143.625, 70.375, 8.256963468852787e-24, nan 
143.875, 70.375, 1.980971358697814e-23, nan 
144.125, 70.375, 1.8591645703731995e-23, nan 
144.375, 70.375, 1.740829598564545e-23, nan 
144.625, 70.375, 2.2129174928302937e-23, nan 
144.875, 70.375, 2.2071933845243436e-23, nan 
145.125, 70.375, 1.9678710467893175e-23, nan 
145.375, 70.375, 1.8170640698359447e-23, nan 
145.625, 70.375, 1.3945667443221035e-23, nan 
145.875, 70.375, 1.2334563077631811e-23, nan 
146.125, 70.375, 1.4298699298831468e-23, nan 
146.375, 70.375, 7.69093657468669e-24, nan 
146.625, 70.375, 5.67285431602667e-24, nan 
146.875, 70.375, 6.110679510423073e-24, nan 
147.125, 70.375, 6.759960119331831e-24, nan 
147.375, 70.375, 5.4058959538077136e-24, nan 
147.625, 70.375, 3.558723997945081e-24, nan 
147.875, 70.375, 7.20799558908228e-24, nan 
148.125, 70.375, 2.8928674801990098e-24, nan 
148.375, 70.375, 8.275167383373105e-24, nan 
148.625, 70.375, 5.659078490210342e-24, nan 
148.875, 70.375, 4.5443991915151496e-24, nan 
149.125, 70.375, 7.086965911618786e-24, nan 
149.375, 70.375, 4.9617690287765575e-24, nan 
149.625, 70.375, 5.4377252019053074e-24, nan 
149.875, 70.375, 3.880455589731077e-24, nan 
150.125, 70.375, 1.1247021495318036e-24, nan 
150.375, 70.375, 3.764580836473567e-24, nan 
150.625, 70.375, 1.1767907859659257e-23, nan 
150.875, 70.375, 1.1022845739572681e-23, nan 
151.125, 70.375, 1.0652486463725077e-23, nan 
151.375, 70.375, 1.0634252227525118e-23, nan 
151.625, 70.375, 8.948850720045317e-24, nan 
151.875, 70.375, 4.0725562816299994e-24, nan 
152.125, 70.375, 8.065678451423464e-24, nan 
152.375, 70.375, 1.075797026170632e-23, nan 
152.625, 70.375, 1.789398142397067e-23, nan 
152.875, 70.375, 1.810550913027493e-23, nan 
153.125, 70.375, 2.810725236371098e-23, nan 
153.375, 70.375, 1.2154430544846902e-23, nan 
153.625, 70.375, 1.1550551896989747e-23, nan 
153.875, 70.375, 9.754042289515886e-24, nan 
154.125, 70.375, 8.028713570629525e-24, nan 
154.375, 70.375, 4.785320978672042e-24, nan 
154.625, 70.375, 4.211075283564991e-24, nan 
154.875, 70.375, 4.335982965956179e-24, nan 
155.125, 70.375, 3.698227484796505e-24, nan 
155.375, 70.375, 4.918907782311178e-24, nan 
155.625, 70.375, 5.730703857390672e-24, nan 
155.875, 70.375, 6.663925511863651e-24, nan 
156.125, 70.375, 6.08121597451194e-24, nan 
156.375, 70.375, 6.46198253202303e-24, nan 
156.625, 70.375, 6.392098170465249e-24, nan 
156.875, 70.375, 4.737137496254024e-24, nan 
157.125, 70.375, 4.883553442416184e-24, nan 
157.375, 70.375, 5.1322719949388005e-24, nan 
157.625, 70.375, 3.305594518404245e-24, nan 
157.875, 70.375, 4.1176088121929066e-24, nan 
158.125, 70.375, 5.504621440902746e-24, nan 
158.375, 70.375, 6.995045071680182e-24, nan 
158.625, 70.375, 1.2759904392214332e-23, nan 
158.875, 70.375, 1.757821961539282e-23, nan 
159.125, 70.375, 1.8107157475027152e-23, nan 
159.375, 70.375, 1.6758566033073057e-23, nan 
159.625, 70.375, 1.9730287727139913e-23, nan 
159.875, 70.375, 1.887719733547431e-23, nan 
160.125, 70.375, 8.654537746856826e-24, nan 
160.375, 70.375, 5.9585692184494705e-24, nan 
160.625, 70.375, 2.864692140181657e-24, nan 
160.875, 70.375, 5.321991042116029e-24, nan 
161.125, 70.375, 6.75563896681971e-24, nan 
161.375, 70.375, 1.0531232054256725e-23, nan 
161.625, 70.375, 1.2321030182472914e-23, nan 
161.875, 70.375, 1.0840722018423294e-23, nan 
162.125, 70.375, 9.701905039211997e-24, nan 
162.375, 70.375, 1.1369224904132621e-23, nan 
162.625, 70.375, 9.152828640209815e-24, nan 
162.875, 70.375, 4.139142380988345e-24, nan 
163.125, 70.375, 2.422773176517921e-24, nan 
163.375, 70.375, 6.53677459670482e-24, nan 
163.625, 70.375, 3.1075842770109243e-24, nan 
163.875, 70.375, 2.2123190643499538e-24, nan 
164.125, 70.375, 3.780057149049149e-24, nan 
164.375, 70.375, 2.430024032683628e-24, nan 
164.625, 70.375, 4.1743316454784236e-24, nan 
164.875, 70.375, 3.886242256872321e-24, nan 
165.125, 70.375, 1.360282548673615e-24, nan 
165.375, 70.375, 6.696406698959107e-24, nan 
165.625, 70.375, 8.330248479707183e-24, nan 
165.875, 70.375, 4.936207639848311e-24, nan 
166.125, 70.375, 4.886815377382542e-24, nan 
166.375, 70.375, 8.280317919769061e-24, nan 
166.625, 70.375, 5.365899621874775e-24, nan 
166.875, 70.375, 3.3899803343443485e-24, nan 
167.125, 70.375, 7.520044564655387e-24, nan 
167.375, 70.375, 5.153238736089242e-24, nan 
167.625, 70.375, 3.676402686014071e-24, nan 
167.875, 70.375, 4.783814523780057e-24, nan 
168.125, 70.375, 4.24455678381044e-24, nan 
168.375, 70.375, 2.5271935655742693e-24, nan 
168.625, 70.375, 3.020997415942509e-24, nan 
168.875, 70.375, 1.2837944765087305e-24, nan 
169.125, 70.375, 1.0534839014903052e-24, nan 
169.375, 70.375, 2.907553991501936e-24, nan 
169.625, 70.375, 1.777087403839659e-24, nan 
169.875, 70.375, 1.1663968057914422e-24, nan 
170.125, 70.375, 1.683419707261435e-24, nan 
170.375, 70.375, 1.775783451330136e-24, nan 
170.625, 70.375, 3.057901899589057e-24, nan 
170.875, 70.375, 3.2995715894876036e-24, nan 
171.125, 70.375, 2.5896314600591154e-24, nan 
171.375, 70.375, 4.322263596784922e-24, nan 
171.625, 70.375, 3.790477850059355e-24, nan 
171.875, 70.375, 2.9895184473801185e-24, nan 
172.125, 70.375, 3.8503502066068144e-24, nan 
172.375, 70.375, 2.6237274820912115e-24, nan 
172.625, 70.375, 2.9153472171598498e-24, nan 
172.875, 70.375, 2.2330326510698947e-24, nan 
173.125, 70.375, 3.782261308055233e-24, nan 
173.375, 70.375, 4.058791510568018e-24, nan 
29.125, 70.625, 6.333021959355466e-25, nan 
29.375, 70.625, 6.623252658467828e-25, nan 
29.625, 70.625, 1.4959944854185568e-24, nan 
29.875, 70.625, 1.3539451098367385e-24, nan 
30.125, 70.625, 1.6946631775361506e-24, nan 
30.375, 70.625, 2.154291025452061e-24, nan 
30.625, 70.625, 2.2324579295757336e-24, nan 
30.875, 70.625, 3.3654887410793444e-24, nan 
31.125, 70.625, 9.596698511785821e-25, nan 
31.375, 70.625, 1.4380054695448069e-24, nan 
31.625, 70.625, 1.4817202901468366e-24, nan 
31.875, 70.625, 6.737545528237296e-25, nan 
32.125, 70.625, 1.1022601888747085e-24, nan 
32.375, 70.625, 5.7800087291530755e-25, nan 
32.625, 70.625, 8.102559845252171e-25, nan 
32.875, 70.625, 1.2307876165084609e-24, nan 
33.125, 70.625, 7.397581448350086e-25, nan 
33.375, 70.625, 1.5804484877248797e-24, nan 
33.625, 70.625, 1.3091558247408873e-24, nan 
33.875, 70.625, 8.85644441124934e-25, nan 
34.125, 70.625, 8.655377075905355e-25, nan 
34.375, 70.625, 3.090796156938842e-25, nan 
34.625, 70.625, 1.1757315000814972e-24, nan 
34.875, 70.625, 1.2450959855043112e-24, nan 
35.125, 70.625, 1.6004567728534049e-24, nan 
35.375, 70.625, 1.2302458543830096e-24, nan 
35.625, 70.625, 1.3805246499244522e-24, nan 
35.875, 70.625, 2.0460859068094195e-24, nan 
36.125, 70.625, 1.4710999589793125e-24, nan 
36.375, 70.625, 1.3292267058831933e-24, nan 
36.625, 70.625, 8.000679868962407e-25, nan 
36.875, 70.625, 2.1667294583412974e-24, nan 
37.125, 70.625, 1.7408158228325597e-24, nan 
37.375, 70.625, 2.070155920064701e-24, nan 
37.625, 70.625, 1.932790729348915e-24, nan 
37.875, 70.625, 1.6451089672688922e-24, nan 
38.125, 70.625, 2.2264870168704036e-24, nan 
38.375, 70.625, 2.1369491526658046e-24, nan 
38.625, 70.625, 2.5105193313569474e-24, nan 
38.875, 70.625, 2.110780934646294e-24, nan 
39.125, 70.625, 2.107206492267361e-24, nan 
39.375, 70.625, 2.6386382102461653e-24, nan 
39.625, 70.625, 2.0210542984643678e-24, nan 
39.875, 70.625, 2.330209867013611e-24, nan 
40.125, 70.625, 5.8918484123432036e-24, nan 
40.375, 70.625, 8.867769280321448e-24, nan 
40.625, 70.625, 1.1118893009288356e-23, nan 
40.875, 70.625, 1.2219128958952797e-23, nan 
41.125, 70.625, 1.683896194980391e-23, nan 
41.375, 70.625, 1.7051865320127172e-23, nan 
41.625, 70.625, 1.7285714502297376e-23, nan 
41.875, 70.625, 1.3122823344103289e-23, nan 
42.125, 70.625, 1.1434994160301115e-23, nan 
42.375, 70.625, 1.0429360285739282e-23, nan 
42.625, 70.625, 5.717910456816944e-24, nan 
42.875, 70.625, 3.508056226226895e-24, nan 
43.125, 70.625, 4.631216270795528e-24, nan 
43.375, 70.625, 2.3740732364161236e-24, nan 
43.625, 70.625, 2.8216057879242818e-24, nan 
43.875, 70.625, 4.961173098856413e-24, nan 
44.125, 70.625, 2.211126233251401e-24, nan 
44.375, 70.625, 1.4769559687470187e-24, nan 
44.625, 70.625, 2.763537579811315e-24, nan 
44.875, 70.625, 3.403606691940497e-24, nan 
45.125, 70.625, 2.302939163061766e-24, nan 
45.375, 70.625, 2.1100370956288973e-24, nan 
45.625, 70.625, 2.0326211296263612e-24, nan 
45.875, 70.625, 2.553167152583297e-24, nan 
46.125, 70.625, 1.872932056770512e-24, nan 
46.375, 70.625, 1.0327957459064086e-24, nan 
46.625, 70.625, 2.5242747415812606e-24, nan 
46.875, 70.625, 3.883358803185859e-24, nan 
47.125, 70.625, 5.927632021461829e-24, nan 
47.375, 70.625, 5.090181981387318e-24, nan 
47.625, 70.625, 5.206967504219211e-24, nan 
47.875, 70.625, 7.127135545278236e-24, nan 
48.125, 70.625, 5.4193457235797486e-24, nan 
48.375, 70.625, 6.580615332162412e-24, nan 
48.625, 70.625, 8.236153590718428e-24, nan 
48.875, 70.625, 6.795811866599564e-24, nan 
49.125, 70.625, 8.990152141625777e-24, nan 
49.375, 70.625, 9.4794076108081e-24, nan 
49.625, 70.625, 6.791122581071777e-24, nan 
49.875, 70.625, 6.429243520517182e-24, nan 
50.125, 70.625, 4.465424304749156e-24, nan 
50.375, 70.625, 4.40864008996078e-24, nan 
50.625, 70.625, 4.782694169448684e-24, nan 
50.875, 70.625, 5.683610577188279e-24, nan 
51.125, 70.625, 5.6119679648751365e-24, nan 
51.375, 70.625, 6.177547837639395e-24, nan 
51.625, 70.625, 5.499806357160594e-24, nan 
51.875, 70.625, 5.440498918940338e-24, nan 
52.125, 70.625, 8.033757767930403e-24, nan 
52.375, 70.625, 7.426848133264973e-24, nan 
52.625, 70.625, 8.757338175080919e-24, nan 
52.875, 70.625, 9.683534778798956e-24, nan 
53.125, 70.625, 1.035778766645912e-23, nan 
53.375, 70.625, 1.0670388634063759e-23, nan 
53.625, 70.625, 6.648773240265405e-24, nan 
53.875, 70.625, 1.0555523317614823e-23, nan 
54.125, 70.625, 9.809047734176915e-24, nan 
54.375, 70.625, 1.0990997334941602e-23, nan 
54.625, 70.625, 1.2632350773887721e-23, nan 
54.875, 70.625, 1.2202620783242722e-23, nan 
55.125, 70.625, 1.4356792859782576e-23, nan 
55.375, 70.625, 7.779953291925144e-24, nan 
55.625, 70.625, 1.3654747675160216e-23, nan 
55.875, 70.625, 1.0134807938463229e-23, nan 
56.125, 70.625, 2.0739808135081625e-23, nan 
56.375, 70.625, 2.1939210859081096e-23, nan 
56.625, 70.625, 1.3851582378368302e-23, nan 
56.875, 70.625, 5.188902437438667e-23, nan 
57.125, 70.625, 2.6872498920378613e-23, nan 
57.375, 70.625, 2.591017499009694e-23, nan 
57.625, 70.625, 7.185708856928401e-23, nan 
57.875, 70.625, 2.2200301846156025e-23, nan 
58.125, 70.625, 2.869774580134346e-23, nan 
58.375, 70.625, 4.983746910451941e-23, nan 
58.625, 70.625, 4.636444658977444e-23, nan 
58.875, 70.625, 5.460217038194099e-23, nan 
59.125, 70.625, 4.776202703164005e-23, nan 
59.375, 70.625, 6.810246992775101e-23, nan 
59.625, 70.625, 8.451252329146372e-23, nan 
59.875, 70.625, 4.6464778623125814e-23, nan 
60.125, 70.625, 3.4799701928485927e-23, nan 
60.375, 70.625, 2.941750194244416e-23, nan 
60.625, 70.625, 8.74064217674721e-24, nan 
60.875, 70.625, 2.1624156561842827e-23, nan 
61.125, 70.625, 2.4484892071899095e-23, nan 
61.375, 70.625, 2.277950460967532e-23, nan 
61.625, 70.625, 3.060128983178457e-23, nan 
61.875, 70.625, 2.832759307650993e-23, nan 
62.125, 70.625, 2.6869913121192397e-23, nan 
62.375, 70.625, 2.3089791292879932e-23, nan 
62.625, 70.625, 2.1157601073626282e-23, nan 
62.875, 70.625, 1.0984352255378692e-23, nan 
63.125, 70.625, 1.7518844768969174e-23, nan 
63.375, 70.625, 9.361085939830427e-24, nan 
63.625, 70.625, 1.7344689968000522e-23, nan 
63.875, 70.625, 2.5830710158492243e-23, nan 
64.125, 70.625, 2.5547163876186074e-23, nan 
64.375, 70.625, 2.6145592389786655e-23, nan 
64.625, 70.625, 3.516623801263744e-23, nan 
64.875, 70.625, 4.27675482534162e-23, nan 
65.125, 70.625, 3.029130655422604e-23, nan 
65.375, 70.625, 3.5563023452547064e-23, nan 
65.625, 70.625, 2.993685827692956e-23, nan 
65.875, 70.625, 4.8168672400133355e-23, nan 
66.125, 70.625, 4.3883891757562207e-23, nan 
66.375, 70.625, 1.853022465484809e-23, nan 
66.625, 70.625, 4.880609187383729e-23, nan 
66.875, 70.625, 4.302518217032742e-23, nan 
67.125, 70.625, 3.5042546256020094e-23, nan 
67.375, 70.625, 4.019643643586193e-23, nan 
67.625, 70.625, 3.9993381719033564e-23, nan 
67.875, 70.625, 3.938721142535507e-23, nan 
68.125, 70.625, 4.7613276033071895e-23, nan 
68.375, 70.625, 7.037541487256515e-23, nan 
68.625, 70.625, 6.034961771999797e-23, nan 
68.875, 70.625, 4.730690144351531e-23, nan 
69.125, 70.625, 4.32770195670728e-23, nan 
69.375, 70.625, 6.174742691989408e-23, nan 
69.625, 70.625, 7.668127436483024e-23, nan 
69.875, 70.625, 5.669269490380861e-23, nan 
70.125, 70.625, 4.426263143949344e-23, nan 
70.375, 70.625, 5.450514643475262e-23, nan 
70.625, 70.625, 7.757116494709737e-23, nan 
70.875, 70.625, 4.288051185896554e-23, nan 
71.125, 70.625, 5.941067437693596e-23, nan 
71.375, 70.625, 7.528342692136521e-23, nan 
71.625, 70.625, 9.71642981659193e-23, nan 
71.875, 70.625, 9.278051929198676e-23, nan 
72.125, 70.625, 8.860867800914649e-23, nan 
72.375, 70.625, 1.0328229762171336e-22, nan 
72.625, 70.625, 1.1691079705560194e-22, nan 
72.875, 70.625, 5.2418612824225377e-23, nan 
73.125, 70.625, 4.275927962743792e-23, nan 
73.375, 70.625, 1.0032899135343366e-22, nan 
73.625, 70.625, 1.2727603087682072e-22, nan 
73.875, 70.625, 7.93774674089327e-23, nan 
74.125, 70.625, 9.417994604715965e-23, nan 
74.375, 70.625, 1.3459914557065544e-22, nan 
74.625, 70.625, 2.150476765774872e-22, nan 
74.875, 70.625, 1.4471124212299373e-22, nan 
75.125, 70.625, 2.091387232233163e-22, nan 
75.375, 70.625, 2.28323440915131e-22, nan 
75.625, 70.625, 2.1100771675195651e-22, nan 
75.875, 70.625, 8.308852129823708e-23, nan 
76.125, 70.625, 1.254207518247213e-22, nan 
76.375, 70.625, 1.9060122263591968e-22, nan 
76.625, 70.625, 2.375061636517756e-22, nan 
76.875, 70.625, 2.8246018822932565e-22, nan 
77.125, 70.625, 3.4692185255792303e-22, nan 
77.375, 70.625, 3.4991565830597135e-22, nan 
77.625, 70.625, 4.24271314587437e-22, nan 
77.875, 70.625, 1.1860649108867742e-21, nan 
78.125, 70.625, 1.0083091789667621e-21, nan 
78.375, 70.625, 6.888026750300073e-22, nan 
78.625, 70.625, 1.2621267123652205e-21, nan 
78.875, 70.625, 1.2462438596558884e-21, nan 
79.125, 70.625, 7.00807655363529e-22, nan 
79.375, 70.625, 4.842414438705142e-22, nan 
79.625, 70.625, 4.497935923611166e-22, nan 
79.875, 70.625, 3.5559901539491477e-22, nan 
80.125, 70.625, 3.0926240843831716e-22, nan 
80.375, 70.625, 5.159461811994474e-22, nan 
80.625, 70.625, 6.765840137012897e-22, nan 
80.875, 70.625, 5.269793639423618e-22, nan 
81.125, 70.625, 7.497276550398772e-22, nan 
81.375, 70.625, 8.292729225055685e-22, nan 
81.625, 70.625, 6.384749263361789e-22, nan 
81.875, 70.625, 7.164127298549301e-22, nan 
82.125, 70.625, 4.376650142257846e-22, nan 
82.375, 70.625, 5.813568214878568e-22, nan 
82.625, 70.625, 6.068205150123069e-22, nan 
82.875, 70.625, 5.664313558207735e-22, nan 
83.125, 70.625, 7.49900315222504e-22, nan 
83.375, 70.625, 8.055217996638247e-22, nan 
83.625, 70.625, 1.4412550690488924e-21, nan 
83.875, 70.625, 1.2040165260977558e-21, nan 
84.125, 70.625, 1.2245002287581844e-21, nan 
84.375, 70.625, 2.0315085124255705e-21, nan 
84.625, 70.625, 1.928425350500236e-21, nan 
84.875, 70.625, 1.5517288943161842e-21, nan 
85.125, 70.625, 1.6228159629221122e-21, nan 
85.375, 70.625, 2.2128750456944625e-21, nan 
85.625, 70.625, 2.275838841791815e-21, nan 
85.875, 70.625, 2.5162788888996536e-21, nan 
86.125, 70.625, 1.9730755068716373e-21, nan 
86.375, 70.625, 2.0074321884008936e-21, nan 
86.625, 70.625, 2.808206888591751e-21, nan 
86.875, 70.625, 2.1810895044317816e-21, nan 
87.125, 70.625, 2.2859588350007548e-21, nan 
87.375, 70.625, 4.397520326850714e-21, nan 
87.625, 70.625, 3.663199991107073e-21, nan 
87.875, 70.625, 3.698249551860887e-21, nan 
88.125, 70.625, 5.3742660906244186e-21, nan 
88.375, 70.625, 3.0207656436901997e-21, nan 
88.625, 70.625, 5.724323793104726e-21, nan 
88.875, 70.625, 7.594316767035102e-21, nan 
89.125, 70.625, 5.980893067002757e-21, nan 
89.375, 70.625, 6.4166585391990235e-21, nan 
89.625, 70.625, 7.574368449237093e-21, nan 
89.875, 70.625, 6.615113705677054e-21, nan 
90.125, 70.625, 7.225970523319024e-21, nan 
90.375, 70.625, 8.205011685888476e-21, nan 
90.625, 70.625, 8.788728580817676e-21, nan 
90.875, 70.625, 1.0906835325129066e-20, nan 
91.125, 70.625, 1.078104773442633e-20, nan 
91.375, 70.625, 1.9579738404732275e-20, nan 
91.625, 70.625, 1.5730738426360424e-20, nan 
91.875, 70.625, 1.6787478452121377e-20, nan 
92.125, 70.625, 2.566907136902968e-20, nan 
92.375, 70.625, 1.9078417493507906e-20, nan 
92.625, 70.625, 2.3387609114572332e-20, nan 
92.875, 70.625, 8.543205149713711e-21, nan 
93.125, 70.625, 1.2425233592283932e-20, nan 
93.375, 70.625, 1.2758097145424805e-20, nan 
93.625, 70.625, 1.0606322265540567e-20, nan 
93.875, 70.625, 1.904246039372213e-20, nan 
94.125, 70.625, 1.943893881755487e-20, nan 
94.375, 70.625, 1.321930021020115e-20, nan 
94.625, 70.625, 2.908609771001306e-20, nan 
94.875, 70.625, 3.105716337742861e-20, nan 
95.125, 70.625, 2.732173112876917e-20, nan 
95.375, 70.625, 2.996350786365052e-20, nan 
95.625, 70.625, 3.961906054583564e-20, nan 
95.875, 70.625, 2.657656153821974e-20, nan 
96.125, 70.625, 5.2218303761840063e-20, nan 
96.375, 70.625, 6.333768647558628e-20, nan 
96.625, 70.625, 3.342347966074602e-20, nan 
96.875, 70.625, 4.9854136039217544e-20, nan 
97.125, 70.625, 7.320430368780179e-20, nan 
97.375, 70.625, 2.8951727015546754e-20, nan 
97.625, 70.625, 5.0370546068313747e-20, nan 
97.875, 70.625, 9.692919116899417e-20, nan 
98.125, 70.625, 1.3972486524912932e-19, nan 
98.375, 70.625, 1.4412839078624535e-19, nan 
98.625, 70.625, 1.700371173676904e-19, nan 
98.875, 70.625, 2.96746937589215e-19, nan 
99.125, 70.625, 2.4276826956997627e-19, nan 
99.375, 70.625, 2.6833355729040523e-19, nan 
99.625, 70.625, 3.7407431263457163e-19, nan 
99.875, 70.625, 2.802406167145005e-19, nan 
100.125, 70.625, 5.3898412064140255e-19, nan 
100.375, 70.625, 3.5987067356739052e-19, nan 
100.625, 70.625, 1.3914064671208894e-18, nan 
100.875, 70.625, 1.5848521636056502e-18, nan 
101.125, 70.625, 1.1580038843936299e-18, nan 
101.375, 70.625, 3.054074342073031e-18, nan 
101.625, 70.625, 2.5245664554390677e-18, nan 
101.875, 70.625, 3.1232614029212833e-18, nan 
102.125, 70.625, 4.218425545051477e-18, nan 
102.375, 70.625, 8.349812892021517e-18, nan 
102.625, 70.625, 3.863391766645661e-18, nan 
102.875, 70.625, 1.6021987339337207e-17, nan 
103.125, 70.625, 1.526409532317951e-17, nan 
103.375, 70.625, 1.1262559304008504e-17, nan 
103.625, 70.625, 8.825877971147665e-18, nan 
103.875, 70.625, 2.3969791162138656e-18, nan 
104.125, 70.625, 2.2208964538873053e-18, nan 
104.375, 70.625, 1.8839530830643847e-18, nan 
104.625, 70.625, 1.9335359218499436e-18, nan 
104.875, 70.625, 1.0570443247422315e-18, nan 
105.125, 70.625, 9.96008846943603e-19, nan 
105.375, 70.625, 9.280595769971564e-19, nan 
105.625, 70.625, 3.919029282220039e-19, nan 
105.875, 70.625, 2.77860176663269e-19, nan 
106.125, 70.625, 3.008988085832251e-19, nan 
106.375, 70.625, 2.6097552021148683e-19, nan 
106.625, 70.625, 2.646114395253443e-19, nan 
106.875, 70.625, 1.5490141578924359e-19, nan 
107.125, 70.625, 1.3223040792837386e-19, nan 
107.375, 70.625, 1.150029703768386e-19, nan 
107.625, 70.625, 8.271173427401602e-20, nan 
107.875, 70.625, 1.1520270401666996e-19, nan 
108.125, 70.625, 6.400175847281386e-20, nan 
108.375, 70.625, 3.3106459931431e-20, nan 
108.625, 70.625, 2.6724113099077258e-20, nan 
108.875, 70.625, 2.766897441650201e-20, nan 
109.125, 70.625, 2.9923126532538454e-20, nan 
109.375, 70.625, 1.6014718623752282e-20, nan 
109.625, 70.625, 1.6376218208118145e-20, nan 
109.875, 70.625, 2.181158156276181e-20, nan 
110.125, 70.625, 1.5873333628272547e-20, nan 
110.375, 70.625, 1.4371490954510368e-20, nan 
110.625, 70.625, 1.754819627349497e-20, nan 
110.875, 70.625, 2.2160605170385098e-20, nan 
111.125, 70.625, 1.68544376984157e-20, nan 
111.375, 70.625, 6.3505105739235965e-21, nan 
111.625, 70.625, 1.8262972697575993e-20, nan 
111.875, 70.625, 1.9835407501257866e-20, nan 
112.125, 70.625, 1.2896053718290297e-20, nan 
112.375, 70.625, 1.2098932825303063e-20, nan 
112.625, 70.625, 1.006096862351098e-20, nan 
112.875, 70.625, 8.053961763543292e-21, nan 
113.125, 70.625, 8.736366052038165e-21, nan 
113.375, 70.625, 9.02764748222614e-21, nan 
113.625, 70.625, 8.115604939826631e-21, nan 
113.875, 70.625, 6.020281384690647e-21, nan 
114.125, 70.625, 5.687149495186685e-21, nan 
114.375, 70.625, 6.228455906990921e-21, nan 
114.625, 70.625, 4.519572994912169e-21, nan 
114.875, 70.625, 5.86441159974915e-21, nan 
115.125, 70.625, 5.301296209675291e-21, nan 
115.375, 70.625, 3.897161738132719e-21, nan 
115.625, 70.625, 4.6901773393666076e-21, nan 
115.875, 70.625, 3.2892149653267632e-21, nan 
116.125, 70.625, 4.4776115039103865e-21, nan 
116.375, 70.625, 3.924094557989342e-21, nan 
116.625, 70.625, 4.148089329334427e-21, nan 
116.875, 70.625, 3.7965971114434824e-21, nan 
117.125, 70.625, 3.0407664837605377e-21, nan 
117.375, 70.625, 1.9003916847880836e-21, nan 
117.625, 70.625, 1.7055449320851486e-21, nan 
117.875, 70.625, 1.8857057731122155e-21, nan 
118.125, 70.625, 2.0790385755668892e-21, nan 
118.375, 70.625, 2.302904070771413e-21, nan 
118.625, 70.625, 1.3283664227985206e-21, nan 
118.875, 70.625, 1.278832449530453e-21, nan 
119.125, 70.625, 1.2175155297335221e-21, nan 
119.375, 70.625, 1.1867674562562916e-21, nan 
119.625, 70.625, 2.1104780178030653e-21, nan 
119.875, 70.625, 1.864322569353076e-21, nan 
120.125, 70.625, 1.6089718169491273e-21, nan 
120.375, 70.625, 1.2479263849844076e-21, nan 
120.625, 70.625, 1.6978970606276895e-21, nan 
120.875, 70.625, 1.5971688600250007e-21, nan 
121.125, 70.625, 9.172233689730364e-22, nan 
121.375, 70.625, 5.247042156964025e-22, nan 
121.625, 70.625, 6.716105338241055e-22, nan 
121.875, 70.625, 6.641325261421712e-22, nan 
122.125, 70.625, 2.4256082053115983e-22, nan 
122.375, 70.625, 3.646654411775669e-22, nan 
122.625, 70.625, 5.650513063810666e-22, nan 
122.875, 70.625, 5.560347731446868e-22, nan 
123.125, 70.625, 5.552151666815406e-22, nan 
123.375, 70.625, 6.335382954010484e-22, nan 
123.625, 70.625, 5.474882512672992e-22, nan 
123.875, 70.625, 4.888921530119751e-22, nan 
124.125, 70.625, 7.015288836916429e-22, nan 
124.375, 70.625, 4.864009785926188e-22, nan 
124.625, 70.625, 3.1337083304766154e-22, nan 
124.875, 70.625, 3.272626755789478e-22, nan 
125.125, 70.625, 2.3241250404066915e-22, nan 
125.375, 70.625, 3.808029762459762e-22, nan 
125.625, 70.625, 4.446722519459221e-22, nan 
125.875, 70.625, 1.1433479542955827e-22, nan 
126.125, 70.625, 2.414518922195233e-22, nan 
126.375, 70.625, 3.413203373499552e-22, nan 
126.625, 70.625, 2.279005830453706e-22, nan 
126.875, 70.625, 1.2265168226338188e-22, nan 
127.125, 70.625, 1.850102836818076e-22, nan 
127.375, 70.625, 3.300091641631765e-22, nan 
127.625, 70.625, 2.422069887077019e-22, nan 
127.875, 70.625, 2.027195108897629e-22, nan 
128.125, 70.625, 2.866165267156555e-22, nan 
128.375, 70.625, 2.219003765283228e-22, nan 
128.625, 70.625, 1.9503052144743292e-22, nan 
128.875, 70.625, 1.444565510022504e-22, nan 
129.125, 70.625, 2.0174620273960567e-22, nan 
129.375, 70.625, 1.4856042617008459e-22, nan 
129.625, 70.625, 1.539821928130033e-22, nan 
129.875, 70.625, 5.662011145901131e-23, nan 
130.125, 70.625, 5.452570453397936e-23, nan 
130.375, 70.625, 8.695710185956626e-23, nan 
130.625, 70.625, 6.163967818947839e-23, nan 
130.875, 70.625, 8.788455945205513e-23, nan 
131.125, 70.625, 8.94283958433273e-23, nan 
131.375, 70.625, 6.046289716663823e-23, nan 
131.625, 70.625, 8.818899015278068e-23, nan 
131.875, 70.625, 8.185214010190051e-23, nan 
132.125, 70.625, 5.455211375065665e-23, nan 
132.375, 70.625, 6.057475522005468e-23, nan 
132.625, 70.625, 6.240964706016032e-23, nan 
132.875, 70.625, 5.220238265206269e-23, nan 
133.125, 70.625, 3.8004668338293837e-23, nan 
133.375, 70.625, 3.0481363630108854e-23, nan 
133.625, 70.625, 7.540781817391783e-23, nan 
133.875, 70.625, 4.453581674145681e-23, nan 
134.125, 70.625, 8.325245745702367e-23, nan 
134.375, 70.625, 1.4921705252951052e-22, nan 
134.625, 70.625, 1.4478888608351003e-22, nan 
134.875, 70.625, 1.0940173400939418e-22, nan 
135.125, 70.625, 8.396924786441711e-23, nan 
135.375, 70.625, 7.636887101080712e-23, nan 
135.625, 70.625, 6.069259900130638e-23, nan 
135.875, 70.625, 1.93633987740313e-23, nan 
136.125, 70.625, 4.361343399963471e-23, nan 
136.375, 70.625, 3.2012691808669823e-23, nan 
136.625, 70.625, 2.781507637174816e-23, nan 
136.875, 70.625, 4.100555767945799e-23, nan 
137.125, 70.625, 3.2590706360788725e-23, nan 
137.375, 70.625, 3.995006563514744e-23, nan 
137.625, 70.625, 3.798059958667984e-23, nan 
137.875, 70.625, 3.609302151749065e-23, nan 
138.125, 70.625, 3.339314761103755e-23, nan 
138.375, 70.625, 2.256824353323662e-23, nan 
138.625, 70.625, 2.5636675591069105e-23, nan 
138.875, 70.625, 1.052535590343354e-22, nan 
139.125, 70.625, 1.527990619721783e-22, nan 
139.375, 70.625, 1.4954415026932105e-22, nan 
139.625, 70.625, 9.698802885644116e-23, nan 
139.875, 70.625, 1.4047027785782048e-22, nan 
140.125, 70.625, 1.3287067778175468e-22, nan 
140.375, 70.625, 7.742974071858358e-23, nan 
140.625, 70.625, 8.566925754375238e-23, nan 
140.875, 70.625, 6.958499592718804e-23, nan 
141.125, 70.625, 4.88633864803932e-23, nan 
141.375, 70.625, 3.784911397097878e-23, nan 
141.625, 70.625, 1.6169199410584368e-23, nan 
141.875, 70.625, 1.1099948961331401e-23, nan 
142.125, 70.625, 1.574902670903906e-23, nan 
142.375, 70.625, 2.738677427477894e-23, nan 
142.625, 70.625, 1.870703586390949e-23, nan 
142.875, 70.625, 1.0382834893463714e-23, nan 
143.125, 70.625, 1.3612679797137368e-23, nan 
143.375, 70.625, 1.1823993387339101e-23, nan 
143.625, 70.625, 1.62954798580737e-23, nan 
143.875, 70.625, 2.47483549661447e-23, nan 
144.125, 70.625, 2.856974610717626e-23, nan 
144.375, 70.625, 2.6603932362581784e-23, nan 
144.625, 70.625, 2.776973171699286e-23, nan 
144.875, 70.625, 2.8315532247890146e-23, nan 
145.125, 70.625, 2.4793654689113766e-23, nan 
145.375, 70.625, 1.9397625479414586e-23, nan 
145.625, 70.625, 2.3905245835137553e-23, nan 
145.875, 70.625, 8.976770818793894e-24, nan 
146.125, 70.625, 5.714459185257276e-24, nan 
146.375, 70.625, 6.706976484659854e-24, nan 
146.625, 70.625, 6.71632173288731e-24, nan 
146.875, 70.625, 5.116083374013366e-24, nan 
147.125, 70.625, 7.37930896259926e-24, nan 
147.375, 70.625, 7.392409342903624e-24, nan 
147.625, 70.625, 5.911315593017836e-24, nan 
147.875, 70.625, 7.423357508590942e-24, nan 
148.125, 70.625, 4.773007678240878e-24, nan 
148.375, 70.625, 6.040058378419027e-24, nan 
148.625, 70.625, 6.729406010329851e-24, nan 
148.875, 70.625, 4.8668917016715964e-24, nan 
149.125, 70.625, 5.7674782068042985e-24, nan 
149.375, 70.625, 5.4346190855294556e-24, nan 
149.625, 70.625, 4.4124702125911315e-24, nan 
149.875, 70.625, 2.6376294054410015e-24, nan 
150.125, 70.625, 9.292134904242581e-24, nan 
150.375, 70.625, 1.0848478713693547e-23, nan 
150.625, 70.625, 1.2583312820523307e-23, nan 
150.875, 70.625, 1.1641529825685805e-23, nan 
151.125, 70.625, 1.338155882773215e-23, nan 
151.375, 70.625, 1.0049300298602947e-23, nan 
151.625, 70.625, 3.9704076946229116e-24, nan 
151.875, 70.625, 3.9343421306348475e-24, nan 
152.125, 70.625, 4.523897178887053e-24, nan 
152.375, 70.625, 4.9705426037230236e-24, nan 
152.625, 70.625, 3.0759160797179204e-24, nan 
152.875, 70.625, 6.2346840798121475e-24, nan 
153.125, 70.625, 8.646549840145179e-24, nan 
153.375, 70.625, 8.982097940717689e-24, nan 
153.625, 70.625, 5.852742991343228e-24, nan 
153.875, 70.625, 7.408291845351255e-24, nan 
154.125, 70.625, 8.492288208539523e-24, nan 
154.375, 70.625, 5.480040991921472e-24, nan 
154.625, 70.625, 3.729337980298515e-24, nan 
154.875, 70.625, 4.0304032220490296e-24, nan 
155.125, 70.625, 5.696825672651538e-24, nan 
155.375, 70.625, 5.250706029754777e-24, nan 
155.625, 70.625, 4.682840305611354e-24, nan 
155.875, 70.625, 6.013771119356663e-24, nan 
156.125, 70.625, 5.381966624277286e-24, nan 
156.375, 70.625, 6.82347084454592e-24, nan 
156.625, 70.625, 5.104708223397993e-24, nan 
156.875, 70.625, 2.934953619259695e-24, nan 
157.125, 70.625, 7.834437775991178e-24, nan 
157.375, 70.625, 9.228494306019126e-24, nan 
157.625, 70.625, 6.4626296273558084e-24, nan 
157.875, 70.625, 5.78301612140705e-24, nan 
158.125, 70.625, 7.819610827121612e-24, nan 
158.375, 70.625, 7.046521231219155e-24, nan 
158.625, 70.625, 5.134009960683449e-24, nan 
158.875, 70.625, 8.906311250273527e-24, nan 
159.125, 70.625, 8.279404599371432e-24, nan 
159.375, 70.625, 1.6236984298071648e-23, nan 
159.625, 70.625, 1.4197610077063784e-23, nan 
159.875, 70.625, 1.383778090521343e-23, nan 
160.125, 70.625, 1.4033932573221125e-23, nan 
160.375, 70.625, 9.70427451063425e-24, nan 
160.625, 70.625, 1.2648325043555159e-23, nan 
160.875, 70.625, 1.1609028828410579e-23, nan 
161.125, 70.625, 1.0192289661529641e-23, nan 
161.375, 70.625, 9.20302230780486e-24, nan 
161.625, 70.625, 9.346731847998689e-24, nan 
161.875, 70.625, 8.053603070883037e-24, nan 
162.125, 70.625, 4.029889869371348e-24, nan 
162.375, 70.625, 4.113713437613572e-24, nan 
162.625, 70.625, 4.232033056189744e-24, nan 
162.875, 70.625, 3.1871467314363055e-24, nan 
163.125, 70.625, 3.8264179439473504e-24, nan 
163.375, 70.625, 5.537256574015072e-24, nan 
163.625, 70.625, 4.348130425609389e-24, nan 
163.875, 70.625, 5.55213592846911e-24, nan 
164.125, 70.625, 3.3054337141000548e-24, nan 
164.375, 70.625, 2.2135634144029368e-24, nan 
164.625, 70.625, 5.050047158286694e-24, nan 
164.875, 70.625, 4.489377211285101e-24, nan 
165.125, 70.625, 2.257079226226797e-24, nan 
165.375, 70.625, 5.995840512719319e-24, nan 
165.625, 70.625, 6.61252293855851e-24, nan 
165.875, 70.625, 3.1752852574498165e-24, nan 
166.125, 70.625, 7.489582506518367e-24, nan 
166.375, 70.625, 6.2813672960313186e-24, nan 
166.625, 70.625, 4.0203490282527796e-24, nan 
166.875, 70.625, 1.0037815627322068e-23, nan 
167.125, 70.625, 1.2122992742465922e-23, nan 
167.375, 70.625, 8.848915193886553e-24, nan 
167.625, 70.625, 8.477137321071726e-24, nan 
167.875, 70.625, 7.487920516855675e-24, nan 
168.125, 70.625, 8.276532437491436e-24, nan 
168.375, 70.625, 5.910055438590538e-24, nan 
168.625, 70.625, 3.51302485586132e-24, nan 
168.875, 70.625, 4.276996281520737e-24, nan 
169.125, 70.625, 3.4477328847166236e-24, nan 
169.375, 70.625, 3.0421669034754907e-24, nan 
169.625, 70.625, 3.1562289451140755e-24, nan 
169.875, 70.625, 2.6469703923487947e-24, nan 
170.125, 70.625, 2.5168706481994585e-24, nan 
170.375, 70.625, 3.401696005207514e-24, nan 
170.625, 70.625, 4.2787370543135035e-24, nan 
170.875, 70.625, 3.88325944807498e-24, nan 
171.125, 70.625, 3.558157201189959e-24, nan 
171.375, 70.625, 4.1430072659766985e-24, nan 
171.625, 70.625, 2.6716902133820555e-24, nan 
171.875, 70.625, 1.706896151827056e-24, nan 
172.125, 70.625, 1.6850814136360293e-24, nan 
172.375, 70.625, 1.6255289091028316e-24, nan 
172.625, 70.625, 2.3429905173292554e-24, nan 
172.875, 70.625, 1.6384317205354755e-24, nan 
173.125, 70.625, 2.521183373154105e-24, nan 
173.375, 70.625, 2.825465343509733e-24, nan 
173.625, 70.625, 2.548969707777917e-24, nan 
28.875, 70.875, 4.7499732344106525e-25, nan 
29.125, 70.875, 9.222455637487525e-25, nan 
29.375, 70.875, 1.2405409205146832e-24, nan 
29.625, 70.875, 9.248386437959234e-25, nan 
29.875, 70.875, 5.255325905893211e-25, nan 
30.125, 70.875, 5.148093960789967e-25, nan 
30.375, 70.875, 1.7242413332314734e-24, nan 
30.625, 70.875, 2.295001778812798e-24, nan 
30.875, 70.875, 2.2799322778794477e-24, nan 
31.125, 70.875, 1.6468746767372694e-24, nan 
31.375, 70.875, 2.0510956825016528e-24, nan 
31.625, 70.875, 9.155625202962576e-25, nan 
31.875, 70.875, 1.105794605552341e-24, nan 
32.125, 70.875, 1.0618752188506464e-24, nan 
32.375, 70.875, 9.049135915290555e-25, nan 
32.625, 70.875, 8.87999916803187e-25, nan 
32.875, 70.875, 9.042758220081888e-25, nan 
33.125, 70.875, 1.0195500030184537e-24, nan 
33.375, 70.875, 6.336032417165252e-25, nan 
33.625, 70.875, 9.166602115207558e-25, nan 
33.875, 70.875, 8.224451136861251e-25, nan 
34.125, 70.875, 8.381712282857318e-25, nan 
34.375, 70.875, 6.102417043085187e-25, nan 
34.625, 70.875, 6.5056486725438295e-25, nan 
34.875, 70.875, 7.661036855460947e-25, nan 
35.125, 70.875, 1.0844484694138211e-24, nan 
35.375, 70.875, 9.236389179119973e-25, nan 
35.625, 70.875, 1.0386184435254807e-24, nan 
35.875, 70.875, 1.4469506907874585e-24, nan 
36.125, 70.875, 8.958389344470423e-25, nan 
36.375, 70.875, 1.2542013746497667e-24, nan 
36.625, 70.875, 1.0736463640036104e-24, nan 
36.875, 70.875, 1.920393555720766e-24, nan 
37.125, 70.875, 2.0456812952976177e-24, nan 
37.375, 70.875, 1.4968976709001108e-24, nan 
37.625, 70.875, 1.225099120709868e-24, nan 
37.875, 70.875, 1.6709387309938296e-24, nan 
38.125, 70.875, 2.150945899325585e-24, nan 
38.375, 70.875, 2.9944429722992354e-24, nan 
38.625, 70.875, 2.0695804473802927e-24, nan 
38.875, 70.875, 1.9796817553450615e-24, nan 
39.125, 70.875, 2.0984987766675897e-24, nan 
39.375, 70.875, 1.1136258005838293e-24, nan 
39.625, 70.875, 7.502563913828135e-25, nan 
39.875, 70.875, 3.027202267605832e-24, nan 
40.125, 70.875, 2.87069366336703e-24, nan 
40.375, 70.875, 8.571007488701314e-25, nan 
40.625, 70.875, 2.2463185199290506e-24, nan 
40.875, 70.875, 6.1440600096897985e-24, nan 
41.125, 70.875, 7.751693021724293e-24, nan 
41.375, 70.875, 7.68311856677856e-24, nan 
41.625, 70.875, 7.06567226263646e-24, nan 
41.875, 70.875, 2.8764919331524097e-24, nan 
42.125, 70.875, 2.3438074228186984e-24, nan 
42.375, 70.875, 1.67984735814061e-24, nan 
42.625, 70.875, 3.097901656756461e-24, nan 
42.875, 70.875, 3.9597718635269666e-24, nan 
43.125, 70.875, 4.8044641043853826e-24, nan 
43.375, 70.875, 5.053732214941349e-24, nan 
43.625, 70.875, 4.976286546124349e-24, nan 
43.875, 70.875, 5.701429835427082e-24, nan 
44.125, 70.875, 5.511196702923101e-24, nan 
44.375, 70.875, 3.6962654662050294e-24, nan 
44.625, 70.875, 3.606013539128191e-24, nan 
44.875, 70.875, 3.0635687936092662e-24, nan 
45.125, 70.875, 4.4372754085534105e-24, nan 
45.375, 70.875, 4.386728036548524e-24, nan 
45.625, 70.875, 2.6531886017655847e-24, nan 
45.875, 70.875, 6.561297498548415e-24, nan 
46.125, 70.875, 6.787197029210005e-24, nan 
46.375, 70.875, 2.4358148555920417e-24, nan 
46.625, 70.875, 3.7893091036905994e-24, nan 
46.875, 70.875, 2.1273437082551913e-24, nan 
47.125, 70.875, 8.174517577554202e-24, nan 
47.375, 70.875, 6.0748157067605174e-24, nan 
47.625, 70.875, 4.254030206181744e-24, nan 
47.875, 70.875, 9.764533242110462e-24, nan 
48.125, 70.875, 6.4279870976772785e-24, nan 
48.375, 70.875, 3.952713768606713e-24, nan 
48.625, 70.875, 5.2648018175000486e-24, nan 
48.875, 70.875, 4.046825770900664e-24, nan 
49.125, 70.875, 3.940761116162665e-24, nan 
49.375, 70.875, 4.634270917858745e-24, nan 
49.625, 70.875, 3.400380912733665e-24, nan 
49.875, 70.875, 4.610234184598767e-24, nan 
50.125, 70.875, 5.221430081369895e-24, nan 
50.375, 70.875, 1.2624702006661949e-23, nan 
50.625, 70.875, 1.7755048283214688e-23, nan 
50.875, 70.875, 1.378584461401675e-23, nan 
51.125, 70.875, 3.3473639968082264e-24, nan 
51.375, 70.875, 5.225312378138575e-24, nan 
51.625, 70.875, 6.393649601243426e-24, nan 
51.875, 70.875, 6.924747080834603e-24, nan 
52.125, 70.875, 8.46075852521231e-24, nan 
52.375, 70.875, 9.343437368242402e-24, nan 
52.625, 70.875, 9.877818823218892e-24, nan 
52.875, 70.875, 1.558280321614637e-23, nan 
53.125, 70.875, 1.5703719837427613e-23, nan 
53.375, 70.875, 1.376029906172741e-23, nan 
53.625, 70.875, 2.5438829900320436e-23, nan 
53.875, 70.875, 2.5601181518615382e-23, nan 
54.125, 70.875, 1.8993271876270054e-23, nan 
54.375, 70.875, 1.3307470195847312e-23, nan 
54.625, 70.875, 9.408700031263356e-24, nan 
54.875, 70.875, 1.2415979156296216e-23, nan 
55.125, 70.875, 1.2766538595050303e-23, nan 
55.375, 70.875, 1.4367547303910156e-23, nan 
55.625, 70.875, 1.257395524357978e-23, nan 
55.875, 70.875, 1.2169410856342798e-23, nan 
56.125, 70.875, 1.7884785802588183e-23, nan 
56.375, 70.875, 1.2713398226024268e-23, nan 
56.625, 70.875, 1.072492400256302e-23, nan 
56.875, 70.875, 2.234680925222165e-23, nan 
57.125, 70.875, 1.4837338954190215e-23, nan 
57.375, 70.875, 2.6528224747164035e-23, nan 
57.625, 70.875, 4.1780888081313344e-23, nan 
57.875, 70.875, 2.4846379223822532e-23, nan 
58.125, 70.875, 2.922965619485497e-23, nan 
58.375, 70.875, 3.09811405833232e-23, nan 
58.625, 70.875, 4.3986223769827217e-23, nan 
58.875, 70.875, 4.188839653459959e-23, nan 
59.125, 70.875, 4.165304382691357e-23, nan 
59.375, 70.875, 5.711986534765973e-23, nan 
59.625, 70.875, 7.331574338108662e-23, nan 
59.875, 70.875, 6.521049575338104e-23, nan 
60.125, 70.875, 5.931504282423103e-23, nan 
60.375, 70.875, 5.645741053267972e-23, nan 
60.625, 70.875, 5.2851814532899554e-23, nan 
60.875, 70.875, 4.958885528312738e-23, nan 
61.125, 70.875, 3.607190933789107e-23, nan 
61.375, 70.875, 3.3357362029131596e-23, nan 
61.625, 70.875, 2.975309948558057e-23, nan 
61.875, 70.875, 2.976002603582593e-23, nan 
62.125, 70.875, 3.7244140004169816e-23, nan 
62.375, 70.875, 3.4941931181165784e-23, nan 
62.625, 70.875, 2.829832963332074e-23, nan 
62.875, 70.875, 3.187008008950543e-23, nan 
63.125, 70.875, 3.260149330202457e-23, nan 
63.375, 70.875, 2.1811213272647466e-23, nan 
63.625, 70.875, 1.6206973799399933e-23, nan 
63.875, 70.875, 2.6989006997489565e-23, nan 
64.125, 70.875, 1.5736452878724134e-23, nan 
64.375, 70.875, 1.797312649738971e-23, nan 
64.625, 70.875, 3.4739102566016254e-23, nan 
64.875, 70.875, 2.944760600410821e-23, nan 
65.125, 70.875, 2.1708565876681593e-23, nan 
65.375, 70.875, 2.871939505403129e-23, nan 
65.625, 70.875, 5.185998097675732e-23, nan 
65.875, 70.875, 4.222316349483811e-23, nan 
66.125, 70.875, 5.496957426731642e-23, nan 
66.375, 70.875, 6.011377432776348e-23, nan 
66.625, 70.875, 6.044925205454701e-23, nan 
66.875, 70.875, 9.429716187065988e-23, nan 
67.125, 70.875, 8.23492863991734e-23, nan 
67.375, 70.875, 4.445979105901071e-23, nan 
67.625, 70.875, 5.942091938484858e-23, nan 
67.875, 70.875, 3.71301334502621e-23, nan 
68.125, 70.875, 3.224870901029007e-23, nan 
68.375, 70.875, 6.279239800092709e-23, nan 
68.625, 70.875, 5.492016803083336e-23, nan 
68.875, 70.875, 4.3009230920086194e-23, nan 
69.125, 70.875, 4.398996384354853e-23, nan 
69.375, 70.875, 6.748506838409783e-23, nan 
69.625, 70.875, 4.444702701424343e-23, nan 
69.875, 70.875, 2.3398539231413068e-23, nan 
70.125, 70.875, 6.009750045043116e-23, nan 
70.375, 70.875, 5.835771934533108e-23, nan 
70.625, 70.875, 3.699471767764029e-23, nan 
70.875, 70.875, 4.707791136502177e-23, nan 
71.125, 70.875, 6.107090790072334e-23, nan 
71.375, 70.875, 6.517746612066615e-23, nan 
71.625, 70.875, 7.715315326443814e-23, nan 
71.875, 70.875, 8.60378274048711e-23, nan 
72.125, 70.875, 1.125505273404074e-22, nan 
72.375, 70.875, 1.3058060212153166e-22, nan 
72.625, 70.875, 1.1437259175465247e-22, nan 
72.875, 70.875, 1.2475003950851366e-22, nan 
73.125, 70.875, 1.4130172376942239e-22, nan 
73.375, 70.875, 1.4437550976183185e-22, nan 
73.625, 70.875, 2.355110526393043e-22, nan 
73.875, 70.875, 2.1741811248776593e-22, nan 
74.125, 70.875, 5.053704667843873e-23, nan 
74.375, 70.875, 1.2205330828388987e-22, nan 
74.625, 70.875, 1.5268345359604763e-22, nan 
74.875, 70.875, 7.255864129130357e-23, nan 
75.125, 70.875, 2.3255287048631845e-22, nan 
75.375, 70.875, 1.6245366040034777e-22, nan 
75.625, 70.875, 1.895695969244656e-22, nan 
75.875, 70.875, 1.4352051743260136e-22, nan 
76.125, 70.875, 1.293259161838575e-22, nan 
76.375, 70.875, 1.3887644208590135e-22, nan 
76.625, 70.875, 1.3231132243980073e-22, nan 
76.875, 70.875, 1.6772173146482882e-22, nan 
77.125, 70.875, 1.5170716400904378e-22, nan 
77.375, 70.875, 1.917470668329498e-22, nan 
77.625, 70.875, 2.578682365433994e-22, nan 
77.875, 70.875, 2.9459907263777593e-22, nan 
78.125, 70.875, 1.5769626755917295e-22, nan 
78.375, 70.875, 1.8573257287501393e-22, nan 
78.625, 70.875, 8.093488018586569e-22, nan 
78.875, 70.875, 1.0031977240544102e-21, nan 
79.125, 70.875, 5.024583205533697e-22, nan 
79.375, 70.875, 5.192923367747343e-22, nan 
79.625, 70.875, 6.263396767079331e-22, nan 
79.875, 70.875, 5.540179242654484e-22, nan 
80.125, 70.875, 5.570795641240258e-22, nan 
80.375, 70.875, 5.1265650387751e-22, nan 
80.625, 70.875, 4.448170522711374e-22, nan 
80.875, 70.875, 5.10951814980819e-22, nan 
81.125, 70.875, 4.872809023239471e-22, nan 
81.375, 70.875, 7.5327485902951085e-22, nan 
81.625, 70.875, 7.302893922627426e-22, nan 
81.875, 70.875, 8.83212810135096e-22, nan 
82.125, 70.875, 5.85048905712102e-22, nan 
82.375, 70.875, 8.539257011481337e-22, nan 
82.625, 70.875, 3.021789912973205e-22, nan 
82.875, 70.875, 6.290744408576116e-22, nan 
83.125, 70.875, 5.980685973274507e-22, nan 
83.375, 70.875, 5.704089164906894e-22, nan 
83.625, 70.875, 6.595520929245186e-22, nan 
83.875, 70.875, 6.56374047510419e-22, nan 
84.125, 70.875, 9.618842529637653e-22, nan 
84.375, 70.875, 1.5587949930636759e-21, nan 
84.625, 70.875, 1.4764856166605525e-21, nan 
84.875, 70.875, 1.2551910191792712e-21, nan 
85.125, 70.875, 1.5069595939424978e-21, nan 
85.375, 70.875, 2.1514057509532486e-21, nan 
85.625, 70.875, 1.7764147731571297e-21, nan 
85.875, 70.875, 2.1301110273700777e-21, nan 
86.125, 70.875, 1.9848959184084083e-21, nan 
86.375, 70.875, 1.552630369364154e-21, nan 
86.625, 70.875, 1.468847473890303e-21, nan 
86.875, 70.875, 1.6177872713340997e-21, nan 
87.125, 70.875, 1.3029442556051504e-21, nan 
87.375, 70.875, 1.929694968795517e-21, nan 
87.625, 70.875, 4.884850311150324e-21, nan 
87.875, 70.875, 3.7299011963171204e-21, nan 
88.125, 70.875, 3.79900017721854e-21, nan 
88.375, 70.875, 4.5659789744293014e-21, nan 
88.625, 70.875, 3.970777269778262e-21, nan 
88.875, 70.875, 3.1517172431239587e-21, nan 
89.125, 70.875, 4.5418636612598504e-21, nan 
89.375, 70.875, 4.9430298794923164e-21, nan 
89.625, 70.875, 5.748225322657115e-21, nan 
89.875, 70.875, 3.508911933314494e-21, nan 
90.125, 70.875, 4.193560267895022e-21, nan 
90.375, 70.875, 8.10414030618436e-21, nan 
90.625, 70.875, 3.828249411942286e-21, nan 
90.875, 70.875, 4.295941485729106e-21, nan 
91.125, 70.875, 6.164516741712477e-21, nan 
91.375, 70.875, 4.25707970122011e-21, nan 
91.625, 70.875, 8.616828566809471e-21, nan 
91.875, 70.875, 1.1873106026840121e-20, nan 
92.125, 70.875, 2.753725876358061e-20, nan 
92.375, 70.875, 3.0719942184870506e-20, nan 
92.625, 70.875, 3.851577226010104e-20, nan 
92.875, 70.875, 3.14404337102081e-20, nan 
93.125, 70.875, 4.717163788187899e-20, nan 
93.375, 70.875, 5.976218822524382e-20, nan 
93.625, 70.875, 2.7383883414442365e-20, nan 
93.875, 70.875, 2.2360245929715472e-20, nan 
94.125, 70.875, 3.7062726923348963e-20, nan 
94.375, 70.875, 3.868392287572693e-20, nan 
94.625, 70.875, 5.969635101651869e-20, nan 
94.875, 70.875, 6.002784383993426e-20, nan 
95.125, 70.875, 5.584433183422559e-20, nan 
95.375, 70.875, 4.244200623436849e-20, nan 
95.625, 70.875, 4.752425742933225e-20, nan 
95.875, 70.875, 4.2642666358500816e-20, nan 
96.125, 70.875, 3.98006062114393e-20, nan 
96.375, 70.875, 5.4062103751441934e-20, nan 
96.625, 70.875, 3.500277188314441e-20, nan 
96.875, 70.875, 3.564947617475156e-20, nan 
97.125, 70.875, 4.6631137935325414e-20, nan 
97.375, 70.875, 5.590261858118834e-20, nan 
97.625, 70.875, 4.642566013563438e-20, nan 
97.875, 70.875, 7.60096259066325e-20, nan 
98.125, 70.875, 9.115591384394722e-20, nan 
98.375, 70.875, 1.5719510302950392e-19, nan 
98.625, 70.875, 1.9044831457960589e-19, nan 
98.875, 70.875, 2.925686063119432e-19, nan 
99.125, 70.875, 2.9699404720104625e-19, nan 
99.375, 70.875, 3.3414151122025695e-19, nan 
99.625, 70.875, 3.7350819099854286e-19, nan 
99.875, 70.875, 2.8541353643072986e-19, nan 
100.125, 70.875, 6.177186666434646e-19, nan 
100.375, 70.875, 2.7965073905868024e-19, nan 
100.625, 70.875, 3.2938133611050716e-19, nan 
100.875, 70.875, 1.1510646812963491e-18, nan 
101.125, 70.875, 8.363465726949954e-19, nan 
101.375, 70.875, 1.6582700761259549e-18, nan 
101.625, 70.875, 1.7062538296935048e-18, nan 
101.875, 70.875, 1.7085774784553417e-18, nan 
102.125, 70.875, 2.671817927283662e-18, nan 
102.375, 70.875, 2.10045299119652e-18, nan 
102.625, 70.875, 1.6193120122596352e-18, nan 
102.875, 70.875, 1.641448173415923e-18, nan 
103.125, 70.875, 1.902839362850841e-18, nan 
103.375, 70.875, 1.4893525657416917e-18, nan 
103.625, 70.875, 1.7093354784254347e-18, nan 
103.875, 70.875, 1.3530222408363342e-18, nan 
104.125, 70.875, 1.0285236113521465e-18, nan 
104.375, 70.875, 1.0322960546979832e-18, nan 
104.625, 70.875, 9.78761396460436e-19, nan 
104.875, 70.875, 4.653375841223484e-19, nan 
105.125, 70.875, 4.800236288071391e-19, nan 
105.375, 70.875, 3.851057248526317e-19, nan 
105.625, 70.875, 2.938831468038084e-19, nan 
105.875, 70.875, 2.471621432724999e-19, nan 
106.125, 70.875, 3.237813160091484e-19, nan 
106.375, 70.875, 2.996868768725882e-19, nan 
106.625, 70.875, 3.3664216809886484e-19, nan 
106.875, 70.875, 1.7436734656085777e-19, nan 
107.125, 70.875, 1.2662155599621196e-19, nan 
107.375, 70.875, 1.7012431465636396e-19, nan 
107.625, 70.875, 1.1195694970131332e-19, nan 
107.875, 70.875, 9.2997975882302e-20, nan 
108.125, 70.875, 8.370796325211782e-20, nan 
108.375, 70.875, 4.415911360744285e-20, nan 
108.625, 70.875, 4.99910623669011e-20, nan 
108.875, 70.875, 3.7552735088762543e-20, nan 
109.125, 70.875, 3.5549761970045263e-20, nan 
109.375, 70.875, 2.8870571516648226e-20, nan 
109.625, 70.875, 2.548467050672955e-20, nan 
109.875, 70.875, 2.868382322299854e-20, nan 
110.125, 70.875, 2.4074454859350553e-20, nan 
110.375, 70.875, 2.145436611369196e-20, nan 
110.625, 70.875, 2.5387925184460878e-20, nan 
110.875, 70.875, 2.3503759776234513e-20, nan 
111.125, 70.875, 1.9236936247047764e-20, nan 
111.375, 70.875, 1.7272086607317274e-20, nan 
111.625, 70.875, 1.7228293286971558e-20, nan 
111.875, 70.875, 2.5610952699697256e-20, nan 
112.125, 70.875, 1.6498859908072718e-20, nan 
112.375, 70.875, 1.1003384292210447e-20, nan 
112.625, 70.875, 1.3724897419570922e-20, nan 
112.875, 70.875, 1.0177067175480873e-20, nan 
113.125, 70.875, 1.512736246359648e-20, nan 
113.375, 70.875, 1.0074680762770043e-20, nan 
113.625, 70.875, 8.37522142672411e-21, nan 
113.875, 70.875, 9.778817558950868e-21, nan 
114.125, 70.875, 9.820752246294415e-21, nan 
114.375, 70.875, 8.826905198841651e-21, nan 
114.625, 70.875, 7.402239638390349e-21, nan 
114.875, 70.875, 7.326511473803674e-21, nan 
115.125, 70.875, 8.248681492178848e-21, nan 
115.375, 70.875, 6.257367200990803e-21, nan 
115.625, 70.875, 5.641741079402949e-21, nan 
115.875, 70.875, 3.306425833976887e-21, nan 
116.125, 70.875, 4.7309898463183406e-21, nan 
116.375, 70.875, 3.741148973157546e-21, nan 
116.625, 70.875, 5.303704759491708e-21, nan 
116.875, 70.875, 5.9269248849487394e-21, nan 
117.125, 70.875, 3.670297952593541e-21, nan 
117.375, 70.875, 3.3398291210537325e-21, nan 
117.625, 70.875, 3.478725722436116e-21, nan 
117.875, 70.875, 3.0190114490660848e-21, nan 
118.125, 70.875, 3.352388412335162e-21, nan 
118.375, 70.875, 3.809751069044935e-21, nan 
118.625, 70.875, 2.842714877591789e-21, nan 
118.875, 70.875, 4.119751803408089e-21, nan 
119.125, 70.875, 2.455146590831114e-21, nan 
119.375, 70.875, 1.4865105364643052e-21, nan 
119.625, 70.875, 2.9249852743736492e-21, nan 
119.875, 70.875, 1.8663878559546833e-21, nan 
120.125, 70.875, 1.4103706540969455e-21, nan 
120.375, 70.875, 1.0334559337072864e-21, nan 
120.625, 70.875, 1.138325937517103e-21, nan 
120.875, 70.875, 1.21559387678926e-21, nan 
121.125, 70.875, 7.4356848874886625e-22, nan 
121.375, 70.875, 3.3603809223860886e-22, nan 
121.625, 70.875, 5.739581722785405e-22, nan 
121.875, 70.875, 3.645269729614429e-22, nan 
122.125, 70.875, 2.8685775586333125e-22, nan 
122.375, 70.875, 3.7295948983563387e-22, nan 
122.625, 70.875, 4.655338125783686e-22, nan 
122.875, 70.875, 5.190594135973441e-22, nan 
123.125, 70.875, 4.632149048264097e-22, nan 
123.375, 70.875, 7.057084963388328e-22, nan 
123.625, 70.875, 5.643211501914906e-22, nan 
123.875, 70.875, 5.962432829615494e-22, nan 
124.125, 70.875, 5.589254998498077e-22, nan 
124.375, 70.875, 3.81804730449704e-22, nan 
124.625, 70.875, 7.091310101510153e-22, nan 
124.875, 70.875, 4.246840885542239e-22, nan 
125.125, 70.875, 2.5100623681066583e-22, nan 
125.375, 70.875, 8.366683380956317e-22, nan 
125.625, 70.875, 6.888187209760663e-22, nan 
125.875, 70.875, 2.1567374954710234e-22, nan 
126.125, 70.875, 4.808891383550648e-22, nan 
126.375, 70.875, 4.872093516472154e-22, nan 
126.625, 70.875, 2.380885824029072e-22, nan 
126.875, 70.875, 2.7777359585274047e-22, nan 
127.125, 70.875, 2.5415651494554995e-22, nan 
127.375, 70.875, 3.5165729820224152e-22, nan 
127.625, 70.875, 2.2466121805580133e-22, nan 
127.875, 70.875, 1.7614813542869352e-22, nan 
128.125, 70.875, 2.688554367452019e-22, nan 
128.375, 70.875, 2.2085993742044623e-22, nan 
128.625, 70.875, 1.2893491066939926e-22, nan 
128.875, 70.875, 1.0752740311971356e-22, nan 
129.125, 70.875, 3.296937271990659e-22, nan 
129.375, 70.875, 1.590901939806568e-22, nan 
129.625, 70.875, 1.2646734390867093e-22, nan 
129.875, 70.875, 1.9519416010559004e-22, nan 
130.125, 70.875, 7.632088706293661e-23, nan 
130.375, 70.875, 5.815450308807484e-23, nan 
130.625, 70.875, 5.00037610206386e-23, nan 
130.875, 70.875, 8.834393590126119e-23, nan 
131.125, 70.875, 2.0913946910118574e-22, nan 
131.375, 70.875, 9.6061040450457e-23, nan 
131.625, 70.875, 1.3528070452621648e-22, nan 
131.875, 70.875, 1.5825431141463874e-22, nan 
132.125, 70.875, 8.703971757570882e-23, nan 
132.375, 70.875, 1.2025387279727105e-22, nan 
132.625, 70.875, 1.2778984653262426e-22, nan 
132.875, 70.875, 1.2085283366388647e-22, nan 
133.125, 70.875, 6.552138995602209e-23, nan 
133.375, 70.875, 3.449729985433657e-23, nan 
133.625, 70.875, 1.42599006112939e-22, nan 
133.875, 70.875, 1.5523511791646207e-22, nan 
134.125, 70.875, 1.182736633807089e-22, nan 
134.375, 70.875, 1.3074235981163616e-22, nan 
134.625, 70.875, 1.317012258154703e-22, nan 
134.875, 70.875, 1.0475726075549671e-22, nan 
135.125, 70.875, 7.917656888650095e-23, nan 
135.375, 70.875, 4.41447273356767e-23, nan 
135.625, 70.875, 1.3543237107709416e-23, nan 
135.875, 70.875, 2.0026999109467695e-23, nan 
136.125, 70.875, 3.0541107278991846e-23, nan 
136.375, 70.875, 2.5705604630752794e-23, nan 
136.625, 70.875, 3.0176524216100884e-23, nan 
136.875, 70.875, 4.377550971179587e-23, nan 
137.125, 70.875, 4.643034011645188e-23, nan 
137.375, 70.875, 3.719393282082023e-23, nan 
137.625, 70.875, 4.410403525001844e-23, nan 
137.875, 70.875, 4.6903572048587127e-23, nan 
138.125, 70.875, 2.9348413510761616e-23, nan 
138.375, 70.875, 8.42383297886366e-24, nan 
138.625, 70.875, 1.3506846328149833e-23, nan 
138.875, 70.875, 2.5566554244735303e-23, nan 
139.125, 70.875, 2.7355004980585564e-23, nan 
139.375, 70.875, 2.3659021684845138e-23, nan 
139.625, 70.875, 3.811669046835177e-23, nan 
139.875, 70.875, 9.313864037833671e-23, nan 
140.125, 70.875, 7.36977846341082e-23, nan 
140.375, 70.875, 4.880127207994904e-23, nan 
140.625, 70.875, 3.661995068481733e-23, nan 
140.875, 70.875, 1.5725942291441135e-23, nan 
141.125, 70.875, 2.096113306359283e-23, nan 
141.375, 70.875, 2.2573699854025153e-23, nan 
141.625, 70.875, 1.4574004908857285e-23, nan 
141.875, 70.875, 2.1608075478210285e-23, nan 
142.125, 70.875, 2.0305314631911898e-23, nan 
142.375, 70.875, 1.3609107343277746e-23, nan 
142.625, 70.875, 3.031329389045618e-23, nan 
142.875, 70.875, 3.6569886402513967e-23, nan 
143.125, 70.875, 4.0272990002504586e-23, nan 
143.375, 70.875, 1.464426132419211e-23, nan 
143.625, 70.875, 1.2241957124791694e-23, nan 
143.875, 70.875, 2.2786410811309152e-23, nan 
144.125, 70.875, 2.8596415982210235e-23, nan 
144.375, 70.875, 2.3224814935235353e-23, nan 
144.625, 70.875, 2.037952391927137e-23, nan 
144.875, 70.875, 2.8955220563821816e-23, nan 
145.125, 70.875, 2.0668514694071564e-23, nan 
145.375, 70.875, 1.0706409520853652e-23, nan 
145.625, 70.875, 3.534088298308384e-23, nan 
145.875, 70.875, 9.277157818338287e-24, nan 
146.125, 70.875, 7.882625851970354e-24, nan 
146.375, 70.875, 1.8006869977856322e-23, nan 
146.625, 70.875, 8.432196926864894e-24, nan 
146.875, 70.875, 6.514180054693859e-24, nan 
147.125, 70.875, 1.0430862599518492e-23, nan 
147.375, 70.875, 7.370146999486712e-24, nan 
147.625, 70.875, 5.171613603655412e-24, nan 
147.875, 70.875, 2.361978123346066e-24, nan 
148.125, 70.875, 4.324729415666333e-24, nan 
148.375, 70.875, 4.4359813236071324e-24, nan 
148.625, 70.875, 7.598450027080678e-24, nan 
148.875, 70.875, 7.342569336030563e-24, nan 
149.125, 70.875, 1.4440691067243359e-24, nan 
149.375, 70.875, 4.2673391278088555e-24, nan 
149.625, 70.875, 4.492523149106401e-24, nan 
149.875, 70.875, 9.894213389252755e-24, nan 
150.125, 70.875, 1.1289272265157823e-23, nan 
150.375, 70.875, 8.5601397280944e-24, nan 
150.625, 70.875, 9.649203171226389e-24, nan 
150.875, 70.875, 1.0268644302931313e-23, nan 
151.125, 70.875, 7.610086602602666e-24, nan 
151.375, 70.875, 6.129885603716379e-24, nan 
151.625, 70.875, 2.7600610738977515e-24, nan 
151.875, 70.875, 3.020194187857689e-24, nan 
152.125, 70.875, 6.9714595097116e-24, nan 
152.375, 70.875, 9.445608782518617e-24, nan 
152.625, 70.875, 5.041244551195142e-24, nan 
152.875, 70.875, 1.943801436958672e-24, nan 
153.125, 70.875, 1.522084300585922e-23, nan 
153.375, 70.875, 1.3577924602189406e-23, nan 
153.625, 70.875, 1.0260587753539367e-23, nan 
153.875, 70.875, 1.0761580706077913e-23, nan 
154.125, 70.875, 1.0071756405319238e-23, nan 
154.375, 70.875, 8.442381677788271e-24, nan 
154.625, 70.875, 3.46574724385877e-24, nan 
154.875, 70.875, 3.8436023845060325e-24, nan 
155.125, 70.875, 5.1704861168242104e-24, nan 
155.375, 70.875, 4.6206896087343914e-24, nan 
155.625, 70.875, 4.4779875768019456e-24, nan 
155.875, 70.875, 5.2082388871119514e-24, nan 
156.125, 70.875, 7.155318017144708e-24, nan 
156.375, 70.875, 1.0228593502250742e-23, nan 
156.625, 70.875, 1.1736112158585305e-23, nan 
156.875, 70.875, 8.42770238183289e-24, nan 
157.125, 70.875, 1.0348511345040318e-23, nan 
157.375, 70.875, 6.790614738320643e-23, nan 
157.625, 70.875, 6.884531340986905e-23, nan 
157.875, 70.875, 9.625564395079559e-24, nan 
158.125, 70.875, 1.2794476203110155e-23, nan 
158.375, 70.875, 1.614453768693321e-23, nan 
158.625, 70.875, 1.043950726864164e-23, nan 
158.875, 70.875, 8.49973430898525e-24, nan 
159.125, 70.875, 5.78801418044628e-24, nan 
159.375, 70.875, 6.800479154564013e-24, nan 
159.625, 70.875, 1.965760536651326e-24, nan 
159.875, 70.875, 2.2102878960622323e-24, nan 
160.125, 70.875, 7.453775905803939e-24, nan 
160.375, 70.875, 6.088816487496783e-24, nan 
160.625, 70.875, 8.632391637302444e-24, nan 
160.875, 70.875, 8.791137926834475e-24, nan 
161.125, 70.875, 7.175332579353876e-24, nan 
161.375, 70.875, 2.305509484096819e-24, nan 
161.625, 70.875, 2.7228871322209546e-24, nan 
161.875, 70.875, 5.731421181004725e-24, nan 
162.125, 70.875, 4.548888371268588e-24, nan 
162.375, 70.875, 2.846947572864383e-24, nan 
162.625, 70.875, 7.007153759258283e-24, nan 
162.875, 70.875, 6.301365402669865e-24, nan 
163.125, 70.875, 4.093078158254676e-24, nan 
163.375, 70.875, 7.855383528669647e-24, nan 
163.625, 70.875, 7.452099311058166e-24, nan 
163.875, 70.875, 4.801731260528906e-24, nan 
164.125, 70.875, 1.1971244798862202e-23, nan 
164.375, 70.875, 6.0256719817425344e-24, nan 
164.625, 70.875, 4.345991453108717e-24, nan 
164.875, 70.875, 4.533059378842366e-24, nan 
165.125, 70.875, 3.0981808878880563e-24, nan 
165.375, 70.875, 9.991846727880411e-24, nan 
165.625, 70.875, 1.1189307213753165e-23, nan 
165.875, 70.875, 3.451165458361613e-24, nan 
166.125, 70.875, 7.036523104606063e-24, nan 
166.375, 70.875, 7.971657859261595e-24, nan 
166.625, 70.875, 3.924685916482609e-24, nan 
166.875, 70.875, 7.560728313826788e-24, nan 
167.125, 70.875, 7.607490068974771e-24, nan 
167.375, 70.875, 5.784688784625475e-24, nan 
167.625, 70.875, 6.894652825087395e-24, nan 
167.875, 70.875, 2.645762960501664e-24, nan 
168.125, 70.875, 2.7041228483993133e-24, nan 
168.375, 70.875, 1.1508777465242968e-24, nan 
168.625, 70.875, 4.4244471616000576e-24, nan 
168.875, 70.875, 3.628414629367838e-24, nan 
169.125, 70.875, 3.1860159491112728e-24, nan 
169.375, 70.875, 4.901628686082107e-24, nan 
169.625, 70.875, 3.69189177756902e-24, nan 
169.875, 70.875, 2.5756785798007886e-24, nan 
170.125, 70.875, 3.2424615331760626e-24, nan 
170.375, 70.875, 3.7079902675850955e-24, nan 
170.625, 70.875, 4.223803686502285e-24, nan 
170.875, 70.875, 3.540664235491827e-24, nan 
171.125, 70.875, 3.567261893819297e-24, nan 
171.375, 70.875, 3.896825649857487e-24, nan 
171.625, 70.875, 2.4287654734890147e-24, nan 
171.875, 70.875, 2.9992126538290665e-24, nan 
172.125, 70.875, 2.5681377064825255e-24, nan 
172.375, 70.875, 1.6466560768327757e-24, nan 
172.625, 70.875, 1.654899723584595e-24, nan 
172.875, 70.875, 1.6314931649431808e-24, nan 
173.125, 70.875, 1.6430385441824006e-24, nan 
173.375, 70.875, 2.0799404913826083e-24, nan 
173.625, 70.875, 3.1687218554330917e-24, nan 
173.875, 70.875, 3.436539062938737e-24, nan 
28.625, 71.125, 3.2546663401347933e-24, nan 
28.875, 71.125, 3.0069590765273335e-24, nan 
29.125, 71.125, 1.9791923518965317e-24, nan 
29.375, 71.125, 1.8564847970054882e-24, nan 
29.625, 71.125, 1.184868535617945e-24, nan 
29.875, 71.125, 1.3011426312893977e-24, nan 
30.125, 71.125, 1.1066314152912797e-24, nan 
30.375, 71.125, 8.771937291538446e-25, nan 
30.625, 71.125, 8.819064505260531e-25, nan 
30.875, 71.125, 1.0905998065252706e-24, nan 
31.125, 71.125, 1.5150423892100184e-24, nan 
31.375, 71.125, 1.1807418529820042e-24, nan 
31.625, 71.125, 6.625872150728519e-25, nan 
31.875, 71.125, 7.2740042055863635e-25, nan 
32.125, 71.125, 8.654278352025358e-25, nan 
32.375, 71.125, 1.047005261543302e-24, nan 
32.625, 71.125, 8.234768151226403e-25, nan 
32.875, 71.125, 1.0566706613788796e-24, nan 
33.125, 71.125, 1.2257283729384945e-24, nan 
33.375, 71.125, 1.0148141075303693e-24, nan 
33.625, 71.125, 1.334791988578348e-24, nan 
33.875, 71.125, 9.955507555148897e-25, nan 
34.125, 71.125, 9.281158529817424e-25, nan 
34.375, 71.125, 1.5312888024413446e-24, nan 
34.625, 71.125, 1.3534674935112975e-24, nan 
34.875, 71.125, 9.14072018532761e-25, nan 
35.125, 71.125, 8.288916395024134e-25, nan 
35.375, 71.125, 1.5850536400328823e-24, nan 
35.625, 71.125, 6.7480119708651075e-25, nan 
35.875, 71.125, 1.105654787027532e-24, nan 
36.125, 71.125, 1.0501117421321462e-24, nan 
36.375, 71.125, 1.3401337861821589e-24, nan 
36.625, 71.125, 1.020700454251351e-24, nan 
36.875, 71.125, 1.73285031653342e-24, nan 
37.125, 71.125, 1.9899996825078386e-24, nan 
37.375, 71.125, 2.5986792324427464e-24, nan 
37.625, 71.125, 3.642258491584889e-24, nan 
37.875, 71.125, 2.3550361100225784e-24, nan 
38.125, 71.125, 4.039420464991011e-24, nan 
38.375, 71.125, 5.693974782741388e-24, nan 
38.625, 71.125, 3.3206523267098296e-24, nan 
38.875, 71.125, 3.614739517532463e-24, nan 
39.125, 71.125, 3.192309296217355e-24, nan 
39.375, 71.125, 3.227571909138859e-24, nan 
39.625, 71.125, 2.757857197827307e-24, nan 
39.875, 71.125, 2.4601060805017532e-24, nan 
40.125, 71.125, 4.823556011667329e-24, nan 
40.375, 71.125, 3.0001277313352515e-24, nan 
40.625, 71.125, 2.3111182188851783e-24, nan 
40.875, 71.125, 6.386427792548315e-24, nan 
41.125, 71.125, 5.048589782959809e-24, nan 
41.375, 71.125, 3.766748912574477e-24, nan 
41.625, 71.125, 2.9539078358073954e-24, nan 
41.875, 71.125, 3.0005650152181336e-24, nan 
42.125, 71.125, 2.3728163439668963e-24, nan 
42.375, 71.125, 1.4203393819709077e-24, nan 
42.625, 71.125, 1.848796083776011e-24, nan 
42.875, 71.125, 1.4562798480053608e-24, nan 
43.125, 71.125, 2.574672539103507e-24, nan 
43.375, 71.125, 3.1887472606187305e-24, nan 
43.625, 71.125, 3.605475296578197e-24, nan 
43.875, 71.125, 5.012958905473389e-24, nan 
44.125, 71.125, 4.68986641875821e-24, nan 
44.375, 71.125, 4.876221490687601e-24, nan 
44.625, 71.125, 7.832202172810697e-24, nan 
44.875, 71.125, 3.778849472508948e-24, nan 
45.125, 71.125, 9.109048902817058e-24, nan 
45.375, 71.125, 1.2208006301915548e-23, nan 
45.625, 71.125, 1.588200779083406e-24, nan 
45.875, 71.125, 1.486375859058988e-23, nan 
46.125, 71.125, 1.645150489030505e-23, nan 
46.375, 71.125, 3.786072989193712e-24, nan 
46.625, 71.125, 9.177522721421102e-24, nan 
46.875, 71.125, 8.217354584325106e-24, nan 
47.125, 71.125, 8.185208444314134e-24, nan 
47.375, 71.125, 5.792267406111903e-24, nan 
47.625, 71.125, 5.634706074239326e-24, nan 
47.875, 71.125, 1.0087859227970098e-23, nan 
48.125, 71.125, 6.869416944354171e-24, nan 
48.375, 71.125, 8.329768301126978e-24, nan 
48.625, 71.125, 8.033716924151531e-24, nan 
48.875, 71.125, 4.133732061867349e-24, nan 
49.125, 71.125, 2.9326517135715438e-24, nan 
49.375, 71.125, 6.211226097204643e-24, nan 
49.625, 71.125, 1.0711257007244632e-23, nan 
49.875, 71.125, 1.4613192857078258e-23, nan 
50.125, 71.125, 9.205501179711369e-24, nan 
50.375, 71.125, 2.2012300203161883e-23, nan 
50.625, 71.125, 3.148111188728779e-23, nan 
50.875, 71.125, 2.3056320947302874e-23, nan 
51.125, 71.125, 1.4954471786363008e-23, nan 
51.375, 71.125, 2.3079916594182974e-23, nan 
51.625, 71.125, 1.8773158724858455e-23, nan 
51.875, 71.125, 1.1062775254997281e-23, nan 
52.125, 71.125, 1.070240063300759e-23, nan 
52.375, 71.125, 1.4896369519158135e-23, nan 
52.625, 71.125, 8.181270932482552e-24, nan 
52.875, 71.125, 8.887595196648961e-24, nan 
53.125, 71.125, 1.2171576469248008e-23, nan 
53.375, 71.125, 1.1246125004322497e-23, nan 
53.625, 71.125, 2.3583259578297755e-23, nan 
53.875, 71.125, 2.708375939785549e-23, nan 
54.125, 71.125, 1.8908896557579892e-23, nan 
54.375, 71.125, 1.2872062354143464e-23, nan 
54.625, 71.125, 1.9102555700519003e-23, nan 
54.875, 71.125, 1.9796282990048578e-23, nan 
55.125, 71.125, 1.8632714725064817e-23, nan 
55.375, 71.125, 1.4554257190411262e-23, nan 
55.625, 71.125, 9.052042829262822e-24, nan 
55.875, 71.125, 1.0997218651283325e-23, nan 
56.125, 71.125, 8.805945273729273e-24, nan 
56.375, 71.125, 1.378598146303543e-23, nan 
56.625, 71.125, 1.474377133223474e-23, nan 
56.875, 71.125, 1.4273756487191472e-23, nan 
57.125, 71.125, 2.9176298598968506e-23, nan 
57.375, 71.125, 3.497296355671366e-23, nan 
57.625, 71.125, 3.1586371676715606e-23, nan 
57.875, 71.125, 3.018615619195188e-23, nan 
58.125, 71.125, 3.6617705824944776e-23, nan 
58.375, 71.125, 4.020982116573307e-23, nan 
58.625, 71.125, 2.7567540056729745e-23, nan 
58.875, 71.125, 1.9130244237752336e-23, nan 
59.125, 71.125, 1.1543942832420119e-23, nan 
59.375, 71.125, 5.941291044830858e-24, nan 
59.625, 71.125, 1.8011771332271188e-23, nan 
59.875, 71.125, 4.41589271516987e-23, nan 
60.125, 71.125, 8.057211906836065e-23, nan 
60.375, 71.125, 8.977608195867486e-23, nan 
60.625, 71.125, 8.158983999840223e-23, nan 
60.875, 71.125, 1.0729493088948973e-22, nan 
61.125, 71.125, 9.63416679234247e-23, nan 
61.375, 71.125, 7.098307952185327e-23, nan 
61.625, 71.125, 4.560747516491164e-23, nan 
61.875, 71.125, 3.420984379418017e-23, nan 
62.125, 71.125, 4.681535346828723e-23, nan 
62.375, 71.125, 4.394592773071112e-23, nan 
62.625, 71.125, 2.954735649586801e-23, nan 
62.875, 71.125, 3.6622043395097334e-23, nan 
63.125, 71.125, 3.050587814933578e-23, nan 
63.375, 71.125, 3.710848660597987e-23, nan 
63.625, 71.125, 3.727645094910173e-23, nan 
63.875, 71.125, 3.1512538840126094e-23, nan 
64.125, 71.125, 3.505467148810153e-23, nan 
64.375, 71.125, 3.7328248475246526e-23, nan 
64.625, 71.125, 1.5846933462493065e-23, nan 
64.875, 71.125, 3.380252148376116e-23, nan 
65.125, 71.125, 3.556045524531127e-23, nan 
65.375, 71.125, 1.712469577006193e-23, nan 
65.625, 71.125, 3.0121602652011646e-23, nan 
65.875, 71.125, 2.4660761810945478e-23, nan 
66.125, 71.125, 3.110473079954884e-23, nan 
66.375, 71.125, 6.015861085051943e-23, nan 
66.625, 71.125, 6.403977255246394e-23, nan 
66.875, 71.125, 6.46974480613163e-23, nan 
67.125, 71.125, 8.92625165934147e-23, nan 
67.375, 71.125, 6.929908967697763e-23, nan 
67.625, 71.125, 5.2810321347473415e-23, nan 
67.875, 71.125, 4.8518799806266544e-23, nan 
68.125, 71.125, 5.716476764094111e-23, nan 
68.375, 71.125, 5.527286563675085e-23, nan 
68.625, 71.125, 3.552356854919645e-23, nan 
68.875, 71.125, 1.3368557849236763e-23, nan 
69.125, 71.125, 1.8741235729640966e-23, nan 
69.375, 71.125, 5.368658845489322e-23, nan 
69.625, 71.125, 4.3926359986532236e-23, nan 
69.875, 71.125, 3.538004444989961e-23, nan 
70.125, 71.125, 5.214058983990772e-23, nan 
70.375, 71.125, 4.0376580947545115e-23, nan 
70.625, 71.125, 1.5545982522134464e-23, nan 
70.875, 71.125, 2.641567082871462e-23, nan 
71.125, 71.125, 4.061922338842245e-23, nan 
71.375, 71.125, 2.69748331858225e-23, nan 
71.625, 71.125, 4.369046651063849e-23, nan 
71.875, 71.125, 7.855829176925932e-23, nan 
72.125, 71.125, 8.671525574399191e-23, nan 
72.375, 71.125, 1.094157201180602e-22, nan 
72.625, 71.125, 9.816102060508624e-23, nan 
72.875, 71.125, 1.0347309568473127e-22, nan 
73.125, 71.125, 1.366506387035367e-22, nan 
73.375, 71.125, 2.889282882856404e-22, nan 
73.625, 71.125, 2.962995714043214e-22, nan 
73.875, 71.125, 2.3024739996522237e-22, nan 
74.125, 71.125, 2.589153221151803e-22, nan 
74.375, 71.125, 2.931248901409685e-22, nan 
74.625, 71.125, 1.559528470378359e-22, nan 
74.875, 71.125, 8.625517451091005e-23, nan 
75.125, 71.125, 1.3287665999159166e-22, nan 
75.375, 71.125, 8.519028991605314e-23, nan 
75.625, 71.125, 1.2091773013837254e-22, nan 
75.875, 71.125, 1.207206992728479e-22, nan 
76.125, 71.125, 1.3305368801824536e-22, nan 
76.375, 71.125, 7.701397030848565e-23, nan 
76.625, 71.125, 1.1416270237001785e-22, nan 
76.875, 71.125, 2.9752056786540315e-22, nan 
77.125, 71.125, 1.9233972510566996e-22, nan 
77.375, 71.125, 3.312001889444091e-22, nan 
77.625, 71.125, 5.242757903940386e-22, nan 
77.875, 71.125, 6.629760796716217e-22, nan 
78.125, 71.125, 7.302813888511556e-22, nan 
78.375, 71.125, 7.99976076776492e-22, nan 
78.625, 71.125, 6.292333937256018e-22, nan 
78.875, 71.125, 4.0239945324323493e-22, nan 
79.125, 71.125, 5.216715034398127e-22, nan 
79.375, 71.125, 5.232815846351211e-22, nan 
79.625, 71.125, 4.007204365055182e-22, nan 
79.875, 71.125, 7.904249986208858e-22, nan 
80.125, 71.125, 7.257437338383707e-22, nan 
80.375, 71.125, 9.647760405291424e-22, nan 
80.625, 71.125, 1.205842130903926e-21, nan 
80.875, 71.125, 1.0857042548910618e-21, nan 
81.125, 71.125, 1.315577061124842e-21, nan 
81.375, 71.125, 2.1844822333804873e-21, nan 
81.625, 71.125, 1.7111562854105463e-21, nan 
81.875, 71.125, 1.549205415423376e-21, nan 
82.125, 71.125, 1.2573597016470795e-21, nan 
82.375, 71.125, 9.851408332830498e-22, nan 
82.625, 71.125, 9.869471606361027e-22, nan 
82.875, 71.125, 3.052360463318356e-22, nan 
83.125, 71.125, 5.114492511874144e-22, nan 
83.375, 71.125, 5.071496873868158e-22, nan 
83.625, 71.125, 7.145076724595625e-22, nan 
83.875, 71.125, 4.415241718836798e-22, nan 
84.125, 71.125, 6.607921463610335e-22, nan 
84.375, 71.125, 7.625719965280764e-22, nan 
84.625, 71.125, 5.561200291755158e-22, nan 
84.875, 71.125, 7.570484644372581e-22, nan 
85.125, 71.125, 7.1905287601539765e-22, nan 
85.375, 71.125, 8.11641900962902e-22, nan 
85.625, 71.125, 3.0368760780106964e-22, nan 
85.875, 71.125, 1.4556715551417222e-21, nan 
86.125, 71.125, 2.0243373930153265e-21, nan 
86.375, 71.125, 1.840806522954665e-21, nan 
86.625, 71.125, 1.3053335500680171e-21, nan 
86.875, 71.125, 3.0038043634102483e-21, nan 
87.125, 71.125, 1.875821172319632e-21, nan 
87.375, 71.125, 1.8838017712398994e-21, nan 
87.625, 71.125, 6.352676676869367e-21, nan 
87.875, 71.125, 3.937466231900137e-21, nan 
88.125, 71.125, 2.695754740246251e-21, nan 
88.375, 71.125, 4.3614379186420605e-21, nan 
88.625, 71.125, 3.232293960868952e-21, nan 
88.875, 71.125, 3.758750817153986e-21, nan 
89.125, 71.125, 3.556636660407598e-21, nan 
89.375, 71.125, 4.271256442463319e-21, nan 
89.625, 71.125, 2.371913820371721e-21, nan 
89.875, 71.125, 1.9554643110982627e-21, nan 
90.125, 71.125, 2.4989458656847633e-21, nan 
90.375, 71.125, 3.288168535461231e-21, nan 
90.625, 71.125, 4.949953053464506e-21, nan 
90.875, 71.125, 5.180033018460113e-21, nan 
91.125, 71.125, 8.871954836048688e-21, nan 
91.375, 71.125, 1.1028502066783638e-20, nan 
91.625, 71.125, 9.567095922785938e-21, nan 
91.875, 71.125, 7.94061893398623e-21, nan 
92.125, 71.125, 6.0371282328473245e-21, nan 
92.375, 71.125, 1.0639853841089198e-20, nan 
92.625, 71.125, 1.6597318783563475e-20, nan 
92.875, 71.125, 2.6737257342241133e-20, nan 
93.125, 71.125, 3.883253755066186e-20, nan 
93.375, 71.125, 4.1161438606989794e-20, nan 
93.625, 71.125, 3.280775454979746e-20, nan 
93.875, 71.125, 3.4724396541510577e-20, nan 
94.125, 71.125, 1.8865735762903408e-20, nan 
94.375, 71.125, 3.6787698892750196e-20, nan 
94.625, 71.125, 6.315239349329633e-20, nan 
94.875, 71.125, 5.996951036285274e-20, nan 
95.125, 71.125, 5.334613083217695e-20, nan 
95.375, 71.125, 6.47341310470434e-20, nan 
95.625, 71.125, 8.583321771674327e-20, nan 
95.875, 71.125, 8.678735234125104e-20, nan 
96.125, 71.125, 1.270382272357374e-19, nan 
96.375, 71.125, 1.549264299766869e-19, nan 
96.625, 71.125, 1.4764556327670108e-19, nan 
96.875, 71.125, 1.4032864844250595e-19, nan 
97.125, 71.125, 1.7717034310583418e-19, nan 
97.375, 71.125, 1.7515049185286594e-19, nan 
97.625, 71.125, 1.0461845831218026e-19, nan 
97.875, 71.125, 1.4906103026334045e-19, nan 
98.125, 71.125, 1.6428276483374767e-19, nan 
98.375, 71.125, 1.6227898462739095e-19, nan 
98.625, 71.125, 2.241458960419934e-19, nan 
98.875, 71.125, 3.1691427010458947e-19, nan 
99.125, 71.125, 3.1757542238138836e-19, nan 
99.375, 71.125, 3.8545220689281264e-19, nan 
99.625, 71.125, 4.092834685433357e-19, nan 
99.875, 71.125, 3.5941656072131837e-19, nan 
100.125, 71.125, 4.874414365790759e-19, nan 
100.375, 71.125, 5.359090702921035e-19, nan 
100.625, 71.125, 3.2597851717401626e-19, nan 
100.875, 71.125, 4.22516538712239e-19, nan 
101.125, 71.125, 4.105542730692674e-19, nan 
101.375, 71.125, 3.577852268671414e-19, nan 
101.625, 71.125, 1.0142767144023278e-18, nan 
101.875, 71.125, 9.444084745453746e-19, nan 
102.125, 71.125, 1.29260381548807e-18, nan 
102.375, 71.125, 1.3718519574935422e-18, nan 
102.625, 71.125, 9.918295782021487e-19, nan 
102.875, 71.125, 9.256064130489519e-19, nan 
103.125, 71.125, 9.615938071526965e-19, nan 
103.375, 71.125, 6.845896979129531e-19, nan 
103.625, 71.125, 7.960042161381451e-19, nan 
103.875, 71.125, 6.366704387488638e-19, nan 
104.125, 71.125, 5.2777979255543285e-19, nan 
104.375, 71.125, 6.738329309289183e-19, nan 
104.625, 71.125, 4.526391561844293e-19, nan 
104.875, 71.125, 2.5923726944093265e-19, nan 
105.125, 71.125, 2.792343209608547e-19, nan 
105.375, 71.125, 2.666704312408979e-19, nan 
105.625, 71.125, 1.7119885217894559e-19, nan 
105.875, 71.125, 1.2204805184697094e-19, nan 
106.125, 71.125, 2.957954183282043e-19, nan 
106.375, 71.125, 2.6361374148976144e-19, nan 
106.625, 71.125, 2.1032500043906918e-19, nan 
106.875, 71.125, 1.6658656361326944e-19, nan 
107.125, 71.125, 1.3099105551578415e-19, nan 
107.375, 71.125, 1.034512023144109e-19, nan 
107.625, 71.125, 8.793064648969076e-20, nan 
107.875, 71.125, 4.202170560449798e-20, nan 
108.125, 71.125, 5.652776635064892e-20, nan 
108.375, 71.125, 4.835634419021421e-20, nan 
108.625, 71.125, 3.439580086326744e-20, nan 
108.875, 71.125, 5.657292191097568e-20, nan 
109.125, 71.125, 5.1470863166058207e-20, nan 
109.375, 71.125, 3.6445166833985005e-20, nan 
109.625, 71.125, 2.767716303919549e-20, nan 
109.875, 71.125, 4.5486116979206945e-20, nan 
110.125, 71.125, 4.106633490598492e-20, nan 
110.375, 71.125, 4.4242787922839754e-20, nan 
110.625, 71.125, 3.4004299296640334e-20, nan 
110.875, 71.125, 3.8936872570084255e-20, nan 
111.125, 71.125, 2.8245366064982364e-20, nan 
111.375, 71.125, 2.4719533972264487e-20, nan 
111.625, 71.125, 1.917919479028481e-20, nan 
111.875, 71.125, 1.856162979779763e-20, nan 
112.125, 71.125, 1.6276536443016312e-20, nan 
112.375, 71.125, 1.908892189016108e-20, nan 
112.625, 71.125, 1.0102834262577201e-20, nan 
112.875, 71.125, 1.3789303386001304e-20, nan 
113.125, 71.125, 2.780568764828363e-20, nan 
113.375, 71.125, 1.396309829203605e-20, nan 
113.625, 71.125, 1.3629827654822864e-20, nan 
113.875, 71.125, 1.6250095633820257e-20, nan 
114.125, 71.125, 1.731105184318079e-20, nan 
114.375, 71.125, 1.2400295679775204e-20, nan 
114.625, 71.125, 1.3411058232506124e-20, nan 
114.875, 71.125, 1.1302054899086545e-20, nan 
115.125, 71.125, 1.7112334353051778e-20, nan 
115.375, 71.125, 1.3507291406370249e-20, nan 
115.625, 71.125, 9.16142037096449e-21, nan 
115.875, 71.125, 8.48699423960971e-21, nan 
116.125, 71.125, 9.303740770915122e-21, nan 
116.375, 71.125, 7.96696882122251e-21, nan 
116.625, 71.125, 5.030177177651027e-21, nan 
116.875, 71.125, 6.24787464893988e-21, nan 
117.125, 71.125, 4.199374445693126e-21, nan 
117.375, 71.125, 3.0284586496859692e-21, nan 
117.625, 71.125, 3.0350455731227554e-21, nan 
117.875, 71.125, 3.209022292469609e-21, nan 
118.125, 71.125, 3.1918046389629962e-21, nan 
118.375, 71.125, 3.0492209166672092e-21, nan 
118.625, 71.125, 2.938629364618502e-21, nan 
118.875, 71.125, 3.3493449932221044e-21, nan 
119.125, 71.125, 1.8178124783141034e-21, nan 
119.375, 71.125, 6.980313049118579e-22, nan 
119.625, 71.125, 1.1604791150199671e-21, nan 
119.875, 71.125, 7.830388111875069e-22, nan 
120.125, 71.125, 4.802781312168821e-22, nan 
120.375, 71.125, 7.840146412583293e-22, nan 
120.625, 71.125, 7.79408317784663e-22, nan 
120.875, 71.125, 7.573220692648103e-22, nan 
121.125, 71.125, 4.678977980909553e-22, nan 
121.375, 71.125, 4.884034571773906e-22, nan 
121.625, 71.125, 5.02603171697581e-22, nan 
121.875, 71.125, 3.9286919166333057e-22, nan 
122.125, 71.125, 7.373682918018615e-22, nan 
122.375, 71.125, 5.6113375416031165e-22, nan 
122.625, 71.125, 6.798586659057545e-22, nan 
122.875, 71.125, 6.279894020446489e-22, nan 
123.125, 71.125, 8.038220789267268e-22, nan 
123.375, 71.125, 7.227604206733384e-22, nan 
123.625, 71.125, 6.5172706046555135e-22, nan 
123.875, 71.125, 7.632334618547817e-22, nan 
124.125, 71.125, 4.682436930305836e-22, nan 
124.375, 71.125, 5.835613011064601e-22, nan 
124.625, 71.125, 4.1037431260392353e-22, nan 
124.875, 71.125, 2.0058376416319235e-22, nan 
125.125, 71.125, 6.073881520976728e-22, nan 
125.375, 71.125, 6.41100282413183e-22, nan 
125.625, 71.125, 5.028861343068299e-22, nan 
125.875, 71.125, 5.22300401629379e-22, nan 
126.125, 71.125, 6.721081428732774e-22, nan 
126.375, 71.125, 3.6994166096368872e-22, nan 
126.625, 71.125, 3.359499632785089e-22, nan 
126.875, 71.125, 5.284832820213541e-22, nan 
127.125, 71.125, 3.885099793428642e-22, nan 
127.375, 71.125, 5.154057307245312e-22, nan 
127.625, 71.125, 3.9084606125109027e-22, nan 
127.875, 71.125, 3.01058737040106e-22, nan 
128.125, 71.125, 3.81834750059251e-22, nan 
128.375, 71.125, 2.6576389607687243e-22, nan 
128.625, 71.125, 1.6753240343229645e-22, nan 
128.875, 71.125, 1.2849912032052069e-22, nan 
129.125, 71.125, 2.8756425850016846e-22, nan 
129.375, 71.125, 1.5282978436481528e-22, nan 
129.625, 71.125, 9.69793049591639e-23, nan 
129.875, 71.125, 1.6477910500357224e-22, nan 
130.125, 71.125, 7.540145779663684e-23, nan 
130.375, 71.125, 1.9634972489802832e-22, nan 
130.625, 71.125, 7.942604590532018e-23, nan 
130.875, 71.125, 1.608701333473841e-22, nan 
131.125, 71.125, 2.8879030431170964e-22, nan 
131.375, 71.125, 1.2798114287393616e-22, nan 
131.625, 71.125, 1.4720795425849998e-22, nan 
131.875, 71.125, 3.019891066387468e-22, nan 
132.125, 71.125, 1.3033988125694924e-22, nan 
132.375, 71.125, 1.3332169592536364e-22, nan 
132.625, 71.125, 2.2303068518524797e-22, nan 
132.875, 71.125, 8.142596450020597e-23, nan 
133.125, 71.125, 5.641632112846525e-23, nan 
133.375, 71.125, 9.273772782654927e-23, nan 
133.625, 71.125, 1.3230016873836049e-22, nan 
133.875, 71.125, 1.3161109277138547e-22, nan 
134.125, 71.125, 1.1956877176902897e-22, nan 
134.375, 71.125, 1.1610259573638742e-22, nan 
134.625, 71.125, 9.133599874876419e-23, nan 
134.875, 71.125, 5.187711281233345e-23, nan 
135.125, 71.125, 2.7076040934812856e-23, nan 
135.375, 71.125, 3.657611795140476e-23, nan 
135.625, 71.125, 3.6301069463606236e-23, nan 
135.875, 71.125, 2.682082795882118e-23, nan 
136.125, 71.125, 3.178892055621371e-23, nan 
136.375, 71.125, 2.4682781982947937e-23, nan 
136.625, 71.125, 2.4996071027773166e-23, nan 
136.875, 71.125, 3.896238634619436e-23, nan 
137.125, 71.125, 4.633220666416061e-23, nan 
137.375, 71.125, 5.043255066680198e-23, nan 
137.625, 71.125, 3.869928630611276e-23, nan 
137.875, 71.125, 4.101084219619039e-23, nan 
138.125, 71.125, 4.421146232639226e-23, nan 
138.375, 71.125, 3.764635462327247e-23, nan 
138.625, 71.125, 6.943206314921767e-23, nan 
138.875, 71.125, 6.112616772376593e-23, nan 
139.125, 71.125, 5.940229279041683e-23, nan 
139.375, 71.125, 5.77492205575997e-23, nan 
139.625, 71.125, 2.751813618329548e-23, nan 
139.875, 71.125, 1.8591075157028483e-23, nan 
140.125, 71.125, 1.7910269491519225e-23, nan 
140.375, 71.125, 2.4146504713703545e-23, nan 
140.625, 71.125, 4.842642907618024e-24, nan 
140.875, 71.125, 2.99268983598851e-23, nan 
141.125, 71.125, 4.331341621266245e-23, nan 
141.375, 71.125, 2.3982721452168663e-23, nan 
141.625, 71.125, 2.394810942576284e-23, nan 
141.875, 71.125, 4.44861895350239e-23, nan 
142.125, 71.125, 5.794499460508688e-23, nan 
142.375, 71.125, 6.450161477839216e-23, nan 
142.625, 71.125, 4.6841231266632754e-23, nan 
142.875, 71.125, 7.831341763467913e-23, nan 
143.125, 71.125, 1.0219497231095737e-22, nan 
143.375, 71.125, 3.000751091045588e-23, nan 
143.625, 71.125, 3.5869204183325657e-23, nan 
143.875, 71.125, 4.8168668005267234e-23, nan 
144.125, 71.125, 2.733923109109596e-23, nan 
144.375, 71.125, 2.6069049574694013e-23, nan 
144.625, 71.125, 1.9980714868133011e-23, nan 
144.875, 71.125, 2.171391573903104e-23, nan 
145.125, 71.125, 2.2535630282459427e-23, nan 
145.375, 71.125, 1.5361422045199905e-23, nan 
145.625, 71.125, 2.3223237154865582e-23, nan 
145.875, 71.125, 1.2380685688250107e-23, nan 
146.125, 71.125, 1.2570036300419494e-23, nan 
146.375, 71.125, 1.3971110316074775e-23, nan 
146.625, 71.125, 1.0281834801040878e-23, nan 
146.875, 71.125, 1.6922440294845572e-23, nan 
147.125, 71.125, 1.8673411608089016e-23, nan 
147.375, 71.125, 9.28338436337604e-24, nan 
147.625, 71.125, 5.853078967532307e-24, nan 
147.875, 71.125, 7.296274064643416e-24, nan 
148.125, 71.125, 5.115722401415853e-24, nan 
148.375, 71.125, 6.0533377830040094e-24, nan 
148.625, 71.125, 8.690302405689892e-24, nan 
148.875, 71.125, 7.503612161667186e-24, nan 
149.125, 71.125, 9.997580175475267e-24, nan 
149.375, 71.125, 7.703194670858414e-24, nan 
149.625, 71.125, 6.418345014955862e-24, nan 
149.875, 71.125, 1.2019149341925444e-23, nan 
150.125, 71.125, 1.0008559455871324e-23, nan 
150.375, 71.125, 8.75299567470318e-24, nan 
150.625, 71.125, 7.355532626109021e-24, nan 
150.875, 71.125, 4.8720234268502845e-24, nan 
151.125, 71.125, 7.740304854072089e-24, nan 
151.375, 71.125, 7.241805164370519e-24, nan 
151.625, 71.125, 3.8778240439532016e-24, nan 
151.875, 71.125, 5.695970842177123e-24, nan 
152.125, 71.125, 9.766401050160337e-24, nan 
152.375, 71.125, 8.223497839186538e-24, nan 
152.625, 71.125, 5.951378761262257e-24, nan 
152.875, 71.125, 9.623907238046688e-24, nan 
153.125, 71.125, 1.1782944865134536e-23, nan 
153.375, 71.125, 1.0384781648190935e-23, nan 
153.625, 71.125, 9.466205190501494e-24, nan 
153.875, 71.125, 6.3068566932705906e-24, nan 
154.125, 71.125, 4.21232446412694e-24, nan 
154.375, 71.125, 5.436653320268182e-24, nan 
154.625, 71.125, 3.631828652738272e-24, nan 
154.875, 71.125, 3.463078200944146e-24, nan 
155.125, 71.125, 4.6888993785325625e-24, nan 
155.375, 71.125, 3.975756118060419e-24, nan 
155.625, 71.125, 3.744359090104217e-24, nan 
155.875, 71.125, 9.211519708769351e-24, nan 
156.125, 71.125, 1.0676384853357622e-23, nan 
156.375, 71.125, 1.3199473651126613e-23, nan 
156.625, 71.125, 6.767461207937669e-23, nan 
156.875, 71.125, 7.171410631013665e-23, nan 
157.125, 71.125, 1.4012339381567635e-23, nan 
157.375, 71.125, 1.2547833181818864e-22, nan 
157.625, 71.125, 1.2695403524946057e-22, nan 
157.875, 71.125, 1.511038678873416e-23, nan 
158.125, 71.125, 6.003824892757053e-23, nan 
158.375, 71.125, 6.142966157528281e-23, nan 
158.625, 71.125, 1.3067639647760044e-23, nan 
158.875, 71.125, 1.1283313833316128e-23, nan 
159.125, 71.125, 1.0532699876563463e-23, nan 
159.375, 71.125, 4.657898762703285e-24, nan 
159.625, 71.125, 4.900704017448633e-24, nan 
159.875, 71.125, 1.070850544304214e-24, nan 
160.125, 71.125, 4.581040833140977e-24, nan 
160.375, 71.125, 4.9926501579300246e-24, nan 
160.625, 71.125, 1.824833711579388e-24, nan 
160.875, 71.125, 3.0479836348253288e-24, nan 
161.125, 71.125, 3.744786901705975e-24, nan 
161.375, 71.125, 2.113151775392744e-24, nan 
161.625, 71.125, 1.773788697319928e-24, nan 
161.875, 71.125, 5.288499359358612e-24, nan 
162.125, 71.125, 9.569914787370978e-24, nan 
162.375, 71.125, 4.995726939764856e-24, nan 
162.625, 71.125, 4.7205374187205686e-24, nan 
162.875, 71.125, 1.0450361701366976e-23, nan 
163.125, 71.125, 7.027035969226611e-24, nan 
163.375, 71.125, 1.6905096850270543e-23, nan 
163.625, 71.125, 1.4584315049424366e-23, nan 
163.875, 71.125, 6.570237280336818e-24, nan 
164.125, 71.125, 2.299927003667562e-23, nan 
164.375, 71.125, 1.228028199689691e-23, nan 
164.625, 71.125, 6.697511031074644e-24, nan 
164.875, 71.125, 1.707548119103852e-23, nan 
165.125, 71.125, 1.4567173601855906e-23, nan 
165.375, 71.125, 7.365457038887117e-24, nan 
165.625, 71.125, 8.152543019826999e-24, nan 
165.875, 71.125, 4.209062563863403e-24, nan 
166.125, 71.125, 4.314674350861364e-24, nan 
166.375, 71.125, 7.038684661917139e-24, nan 
166.625, 71.125, 3.0572807253382433e-24, nan 
166.875, 71.125, 4.3109041980828916e-24, nan 
167.125, 71.125, 3.423572221152702e-24, nan 
167.375, 71.125, 2.734408062336061e-24, nan 
167.625, 71.125, 5.015477186349314e-24, nan 
167.875, 71.125, 4.285796557487374e-24, nan 
168.125, 71.125, 3.888175825866549e-24, nan 
168.375, 71.125, 2.5647068865585597e-24, nan 
168.625, 71.125, 3.068872225453527e-24, nan 
168.875, 71.125, 4.748083481951525e-24, nan 
169.125, 71.125, 3.0489232508595158e-24, nan 
169.375, 71.125, 6.646001240345131e-24, nan 
169.625, 71.125, 6.062691215624241e-24, nan 
169.875, 71.125, 6.051060260255682e-24, nan 
170.125, 71.125, 5.097264858618547e-24, nan 
170.375, 71.125, 1.0289541918097428e-23, nan 
170.625, 71.125, 3.85046380688568e-24, nan 
170.875, 71.125, 3.823594505588037e-24, nan 
171.125, 71.125, 4.008412420946744e-24, nan 
171.375, 71.125, 3.779930809352677e-24, nan 
171.625, 71.125, 3.528379597129608e-24, nan 
171.875, 71.125, 3.940806053299203e-24, nan 
172.125, 71.125, 3.2162429255934763e-24, nan 
172.375, 71.125, 1.56810011735436e-24, nan 
172.625, 71.125, 1.7440668241973213e-24, nan 
172.875, 71.125, 1.765802768552204e-24, nan 
173.125, 71.125, 2.0945475164857107e-24, nan 
173.375, 71.125, 1.657611376980995e-24, nan 
173.625, 71.125, 2.6460105523734717e-24, nan 
173.875, 71.125, 3.519809584766503e-24, nan 
174.125, 71.125, 3.817659014502009e-24, nan 
28.375, 71.375, 3.4818132808436516e-24, nan 
28.625, 71.375, 4.394505182403732e-24, nan 
28.875, 71.375, 4.7329823565680215e-24, nan 
29.125, 71.375, 3.745746073680936e-24, nan 
29.375, 71.375, 3.1248364189190958e-24, nan 
29.625, 71.375, 4.146910331401316e-24, nan 
29.875, 71.375, 3.5315606503042585e-24, nan 
30.125, 71.375, 1.7411443715457204e-24, nan 
30.375, 71.375, 1.928305144295836e-24, nan 
30.625, 71.375, 2.2028866192639688e-24, nan 
30.875, 71.375, 1.7532925651605855e-24, nan 
31.125, 71.375, 1.200130743177355e-24, nan 
31.375, 71.375, 2.3785549486250663e-24, nan 
31.625, 71.375, 3.3498073116500624e-24, nan 
31.875, 71.375, 2.4582631429158363e-24, nan 
32.125, 71.375, 1.2845232233133046e-24, nan 
32.375, 71.375, 9.66804259728929e-25, nan 
32.625, 71.375, 5.417417933861509e-25, nan 
32.875, 71.375, 7.920652204729367e-25, nan 
33.125, 71.375, 9.523277169951826e-25, nan 
33.375, 71.375, 1.0325533585666384e-24, nan 
33.625, 71.375, 1.0014420798586758e-24, nan 
33.875, 71.375, 1.0041329832170807e-24, nan 
34.125, 71.375, 1.5751764828788644e-24, nan 
34.375, 71.375, 1.8268620819994392e-24, nan 
34.625, 71.375, 2.8850446438885076e-24, nan 
34.875, 71.375, 1.3716304451733328e-24, nan 
35.125, 71.375, 1.9085476729303655e-24, nan 
35.375, 71.375, 5.00735492549648e-24, nan 
35.625, 71.375, 2.3915992305583553e-24, nan 
35.875, 71.375, 1.9508808833480582e-24, nan 
36.125, 71.375, 2.655436664455295e-24, nan 
36.375, 71.375, 2.0968122507443412e-24, nan 
36.625, 71.375, 1.5054091169925884e-24, nan 
36.875, 71.375, 1.0218248911337956e-24, nan 
37.125, 71.375, 9.791963337080989e-25, nan 
37.375, 71.375, 6.900521712171034e-25, nan 
37.625, 71.375, 2.3051873415374823e-24, nan 
37.875, 71.375, 2.106314512269056e-24, nan 
38.125, 71.375, 3.0820164573619035e-24, nan 
38.375, 71.375, 3.857723227140034e-24, nan 
38.625, 71.375, 2.9701348350924845e-24, nan 
38.875, 71.375, 3.94378869389095e-24, nan 
39.125, 71.375, 2.106855753429456e-24, nan 
39.375, 71.375, 3.1974262632224907e-24, nan 
39.625, 71.375, 2.0578545918225283e-24, nan 
39.875, 71.375, 3.096459612524009e-24, nan 
40.125, 71.375, 2.1151085521713464e-24, nan 
40.375, 71.375, 7.182781427545619e-24, nan 
40.625, 71.375, 4.789537297733128e-24, nan 
40.875, 71.375, 4.065125499286045e-24, nan 
41.125, 71.375, 2.8762638230494076e-24, nan 
41.375, 71.375, 2.5668663162087183e-24, nan 
41.625, 71.375, 2.154974313123264e-24, nan 
41.875, 71.375, 2.296971688110071e-24, nan 
42.125, 71.375, 2.13269739798573e-24, nan 
42.375, 71.375, 1.7263477432096355e-24, nan 
42.625, 71.375, 2.0268290888554764e-24, nan 
42.875, 71.375, 1.259960927121174e-24, nan 
43.125, 71.375, 1.6746439403537678e-24, nan 
43.375, 71.375, 1.420914844133753e-24, nan 
43.625, 71.375, 1.2612111298475691e-24, nan 
43.875, 71.375, 1.5008199870103758e-24, nan 
44.125, 71.375, 3.1302744675683913e-24, nan 
44.375, 71.375, 3.5800496640580534e-24, nan 
44.625, 71.375, 5.873968282952944e-24, nan 
44.875, 71.375, 4.430718187774195e-24, nan 
45.125, 71.375, 4.170730093432276e-24, nan 
45.375, 71.375, 5.9766514289017e-24, nan 
45.625, 71.375, 4.585917310347403e-24, nan 
45.875, 71.375, 8.933587051215352e-24, nan 
46.125, 71.375, 1.1064842334871514e-23, nan 
46.375, 71.375, 4.8401102182027e-24, nan 
46.625, 71.375, 3.9656659193791656e-24, nan 
46.875, 71.375, 6.191075996586632e-24, nan 
47.125, 71.375, 4.859069513058127e-24, nan 
47.375, 71.375, 4.355410713432195e-24, nan 
47.625, 71.375, 3.93874408412891e-24, nan 
47.875, 71.375, 2.628590171530317e-24, nan 
48.125, 71.375, 7.449928560716315e-24, nan 
48.375, 71.375, 9.334681501653423e-24, nan 
48.625, 71.375, 9.746389885823185e-24, nan 
48.875, 71.375, 7.413229035554529e-24, nan 
49.125, 71.375, 1.0424520694546202e-23, nan 
49.375, 71.375, 1.550312769210088e-23, nan 
49.625, 71.375, 1.0053174057846657e-23, nan 
49.875, 71.375, 9.47565228192807e-24, nan 
50.125, 71.375, 7.260265366872046e-24, nan 
50.375, 71.375, 9.278344756949759e-24, nan 
50.625, 71.375, 1.5302742732719487e-23, nan 
50.875, 71.375, 9.580048332189532e-24, nan 
51.125, 71.375, 4.6511685453307856e-24, nan 
51.375, 71.375, 1.1513052039370182e-23, nan 
51.625, 71.375, 6.710182012427517e-24, nan 
51.875, 71.375, 1.0122230084825315e-23, nan 
52.125, 71.375, 9.653428354396956e-24, nan 
52.375, 71.375, 1.1084539656783989e-23, nan 
52.625, 71.375, 1.0727323594600763e-23, nan 
52.875, 71.375, 1.1644058153845439e-23, nan 
53.125, 71.375, 1.4185401020891046e-23, nan 
53.375, 71.375, 1.3334522094472538e-23, nan 
53.625, 71.375, 1.4339655130137434e-23, nan 
53.875, 71.375, 1.716187953744573e-23, nan 
54.125, 71.375, 1.5450019022263123e-23, nan 
54.375, 71.375, 1.4941878305552614e-23, nan 
54.625, 71.375, 1.5636168880304308e-23, nan 
54.875, 71.375, 2.3852791364543204e-23, nan 
55.125, 71.375, 2.3645414555034434e-23, nan 
55.375, 71.375, 9.597526969914545e-24, nan 
55.625, 71.375, 1.2441875223162597e-23, nan 
55.875, 71.375, 1.3812436433478595e-23, nan 
56.125, 71.375, 7.729387376121756e-24, nan 
56.375, 71.375, 6.788192021540696e-24, nan 
56.625, 71.375, 1.0202450714453232e-23, nan 
56.875, 71.375, 1.4422661014630087e-23, nan 
57.125, 71.375, 1.843892407434741e-23, nan 
57.375, 71.375, 1.869509119563162e-23, nan 
57.625, 71.375, 1.6175697002353764e-23, nan 
57.875, 71.375, 2.0220321479584044e-23, nan 
58.125, 71.375, 2.988813256802246e-23, nan 
58.375, 71.375, 3.644033364270227e-23, nan 
58.625, 71.375, 3.526000562404684e-23, nan 
58.875, 71.375, 3.2436106630442707e-23, nan 
59.125, 71.375, 3.594722629315743e-23, nan 
59.375, 71.375, 3.265702288386274e-23, nan 
59.625, 71.375, 2.3817014250222418e-23, nan 
59.875, 71.375, 2.28422425186082e-23, nan 
60.125, 71.375, 2.5328926112249025e-23, nan 
60.375, 71.375, 7.001199415399978e-23, nan 
60.625, 71.375, 9.163323359160814e-23, nan 
60.875, 71.375, 8.964921341254716e-23, nan 
61.125, 71.375, 1.0445763343462335e-22, nan 
61.375, 71.375, 1.2221312592902263e-22, nan 
61.625, 71.375, 8.273091341340802e-23, nan 
61.875, 71.375, 3.2779854085385e-23, nan 
62.125, 71.375, 3.7603339524247713e-23, nan 
62.375, 71.375, 2.335080923090608e-23, nan 
62.625, 71.375, 2.2876146573135922e-23, nan 
62.875, 71.375, 2.2487158174108097e-23, nan 
63.125, 71.375, 2.9914260752782466e-23, nan 
63.375, 71.375, 3.560815282573569e-23, nan 
63.625, 71.375, 2.08659125380214e-23, nan 
63.875, 71.375, 5.05838638618809e-23, nan 
64.125, 71.375, 5.281306779940867e-23, nan 
64.375, 71.375, 4.32610921071006e-23, nan 
64.625, 71.375, 2.803165030614971e-23, nan 
64.875, 71.375, 4.208104529617172e-23, nan 
65.125, 71.375, 7.01440921096275e-23, nan 
65.375, 71.375, 3.726467864417627e-23, nan 
65.625, 71.375, 4.5598648293655455e-23, nan 
65.875, 71.375, 5.226818156774724e-23, nan 
66.125, 71.375, 4.9923717015361574e-23, nan 
66.375, 71.375, 9.008927966129211e-23, nan 
66.625, 71.375, 1.0464897654393938e-22, nan 
66.875, 71.375, 3.3178733732843835e-23, nan 
67.125, 71.375, 7.368656196362443e-23, nan 
67.375, 71.375, 7.863657760820795e-23, nan 
67.625, 71.375, 6.577234279813385e-23, nan 
67.875, 71.375, 4.7299586731207574e-23, nan 
68.125, 71.375, 4.572163993325514e-23, nan 
68.375, 71.375, 9.317124521332665e-23, nan 
68.625, 71.375, 5.140651699851538e-23, nan 
68.875, 71.375, 5.034725744630274e-23, nan 
69.125, 71.375, 5.851380052923108e-23, nan 
69.375, 71.375, 4.236979554471617e-23, nan 
69.625, 71.375, 6.680683646787991e-23, nan 
69.875, 71.375, 6.407816140068493e-23, nan 
70.125, 71.375, 2.817180522646369e-23, nan 
70.375, 71.375, 3.641122465954113e-23, nan 
70.625, 71.375, 4.693825683739403e-23, nan 
70.875, 71.375, 7.212554147936732e-23, nan 
71.125, 71.375, 5.352651281047536e-23, nan 
71.375, 71.375, 4.116841357475377e-23, nan 
71.625, 71.375, 4.0603989665522974e-23, nan 
71.875, 71.375, 3.479220574140378e-23, nan 
72.125, 71.375, 4.5618734404945794e-23, nan 
72.375, 71.375, 6.350201464177523e-23, nan 
72.625, 71.375, 2.490501182493356e-22, nan 
72.875, 71.375, 1.1726624841826234e-22, nan 
73.125, 71.375, 1.0159187440628208e-22, nan 
73.375, 71.375, 5.243850560923315e-22, nan 
73.625, 71.375, 2.2220075905224364e-22, nan 
73.875, 71.375, 1.8514432615411723e-22, nan 
74.125, 71.375, 4.097012961323444e-22, nan 
74.375, 71.375, 2.4904084784159795e-22, nan 
74.625, 71.375, 2.2702436252204073e-22, nan 
74.875, 71.375, 2.198547262505055e-22, nan 
75.125, 71.375, 1.2888168758525106e-22, nan 
75.375, 71.375, 8.879204003916491e-23, nan 
75.625, 71.375, 1.5211075105979873e-22, nan 
75.875, 71.375, 2.8486326966590905e-22, nan 
76.125, 71.375, 4.561473205128705e-22, nan 
76.375, 71.375, 2.635288665010623e-22, nan 
76.625, 71.375, 5.171279588538849e-22, nan 
76.875, 71.375, 1.0390477139962473e-21, nan 
77.125, 71.375, 5.022386291599351e-22, nan 
77.375, 71.375, 4.871882882898516e-22, nan 
77.625, 71.375, 7.403162353704876e-22, nan 
77.875, 71.375, 8.095906378466378e-22, nan 
78.125, 71.375, 9.322628809255041e-22, nan 
78.375, 71.375, 7.453771701862812e-22, nan 
78.625, 71.375, 7.664158114863876e-22, nan 
78.875, 71.375, 9.220527876640765e-22, nan 
79.125, 71.375, 6.739540690261595e-22, nan 
79.375, 71.375, 4.516433417166094e-22, nan 
79.625, 71.375, 4.9356934321168015e-22, nan 
79.875, 71.375, 3.334969556155239e-22, nan 
80.125, 71.375, 5.000784944960958e-22, nan 
80.375, 71.375, 4.0308278658443842e-22, nan 
80.625, 71.375, 5.450304138243388e-22, nan 
80.875, 71.375, 4.705825818487348e-22, nan 
81.125, 71.375, 9.723028876445743e-22, nan 
81.375, 71.375, 1.5008445684278377e-21, nan 
81.625, 71.375, 1.1957466759731362e-21, nan 
81.875, 71.375, 1.269693596169204e-21, nan 
82.125, 71.375, 7.38167626181517e-22, nan 
82.375, 71.375, 8.450420139832002e-22, nan 
82.625, 71.375, 1.0940608068037625e-21, nan 
82.875, 71.375, 1.0892249843611274e-21, nan 
83.125, 71.375, 1.2117177658559343e-21, nan 
83.375, 71.375, 7.725109287284362e-22, nan 
83.625, 71.375, 1.2325067131158783e-21, nan 
83.875, 71.375, 7.356326210948638e-22, nan 
84.125, 71.375, 9.649929681661252e-22, nan 
84.375, 71.375, 5.891600693274827e-22, nan 
84.625, 71.375, 5.734949685999979e-22, nan 
84.875, 71.375, 7.1321827841151e-22, nan 
85.125, 71.375, 1.675730417378414e-21, nan 
85.375, 71.375, 1.3977246164341265e-21, nan 
85.625, 71.375, 1.6397211890228682e-21, nan 
85.875, 71.375, 2.0123889318797698e-21, nan 
86.125, 71.375, 2.6586971327274317e-21, nan 
86.375, 71.375, 3.5203650576543226e-21, nan 
86.625, 71.375, 1.803872877742776e-21, nan 
86.875, 71.375, 2.50305122445491e-21, nan 
87.125, 71.375, 2.0956199710469735e-21, nan 
87.375, 71.375, 2.5208044940028776e-21, nan 
87.625, 71.375, 4.196464235388135e-21, nan 
87.875, 71.375, 3.9096358653166094e-21, nan 
88.125, 71.375, 2.871910184482629e-21, nan 
88.375, 71.375, 4.085440353962476e-21, nan 
88.625, 71.375, 4.565411294240998e-21, nan 
88.875, 71.375, 4.3459102571582455e-21, nan 
89.125, 71.375, 6.109456454610143e-21, nan 
89.375, 71.375, 4.867373452641995e-21, nan 
89.625, 71.375, 4.3847190218716485e-21, nan 
89.875, 71.375, 8.138293995972203e-21, nan 
90.125, 71.375, 6.4260920122597406e-21, nan 
90.375, 71.375, 4.875408004235145e-21, nan 
90.625, 71.375, 7.183363418825161e-21, nan 
90.875, 71.375, 7.733955730353676e-21, nan 
91.125, 71.375, 9.195570024338856e-21, nan 
91.375, 71.375, 1.1141300664354905e-20, nan 
91.625, 71.375, 9.833018120379725e-21, nan 
91.875, 71.375, 6.377557843279517e-21, nan 
92.125, 71.375, 1.3748141750409012e-20, nan 
92.375, 71.375, 1.615847420184331e-20, nan 
92.625, 71.375, 1.5030917373981043e-20, nan 
92.875, 71.375, 2.2094918695026973e-20, nan 
93.125, 71.375, 2.946998580210272e-20, nan 
93.375, 71.375, 3.235130985513663e-20, nan 
93.625, 71.375, 3.315298450299401e-20, nan 
93.875, 71.375, 3.757280537442066e-20, nan 
94.125, 71.375, 4.442514626795747e-20, nan 
94.375, 71.375, 4.1058868335456497e-20, nan 
94.625, 71.375, 1.5417166324274395e-20, nan 
94.875, 71.375, 2.4943352554212217e-20, nan 
95.125, 71.375, 3.5787841409160886e-20, nan 
95.375, 71.375, 5.2774592653602756e-20, nan 
95.625, 71.375, 7.266632081071e-20, nan 
95.875, 71.375, 7.540118694951072e-20, nan 
96.125, 71.375, 1.1369920410124118e-19, nan 
96.375, 71.375, 1.4254116506648375e-19, nan 
96.625, 71.375, 1.3251707163921002e-19, nan 
96.875, 71.375, 1.4103781753429687e-19, nan 
97.125, 71.375, 2.389447576857434e-19, nan 
97.375, 71.375, 2.3193833844860917e-19, nan 
97.625, 71.375, 2.1908470477400653e-19, nan 
97.875, 71.375, 3.904387940532854e-19, nan 
98.125, 71.375, 4.168755048404504e-19, nan 
98.375, 71.375, 4.077246404936178e-19, nan 
98.625, 71.375, 4.1554561554985956e-19, nan 
98.875, 71.375, 5.200183686594555e-19, nan 
99.125, 71.375, 4.919803947182759e-19, nan 
99.375, 71.375, 3.8386972020581756e-19, nan 
99.625, 71.375, 2.1906093922364115e-19, nan 
99.875, 71.375, 2.1600853771779737e-19, nan 
100.125, 71.375, 4.0301342826987407e-19, nan 
100.375, 71.375, 6.528368443107113e-19, nan 
100.625, 71.375, 7.918899135296781e-19, nan 
100.875, 71.375, 8.005732413275917e-19, nan 
101.125, 71.375, 8.352667764103399e-19, nan 
101.375, 71.375, 7.84372561811762e-19, nan 
101.625, 71.375, 8.527196950695678e-19, nan 
101.875, 71.375, 7.476387522988964e-19, nan 
102.125, 71.375, 8.574779404678303e-19, nan 
102.375, 71.375, 1.0698205123585739e-18, nan 
102.625, 71.375, 9.440222588678143e-19, nan 
102.875, 71.375, 2.9351993931209584e-19, nan 
103.125, 71.375, 2.349342437444832e-19, nan 
103.375, 71.375, 4.0368535589541646e-19, nan 
103.625, 71.375, 1.3395252782563263e-19, nan 
103.875, 71.375, 1.6989670509027032e-19, nan 
104.125, 71.375, 1.8034618093683625e-19, nan 
104.375, 71.375, 4.571431669421296e-19, nan 
104.625, 71.375, 3.9707345015457014e-19, nan 
104.875, 71.375, 3.5169786082406775e-19, nan 
105.125, 71.375, 5.799514628307763e-19, nan 
105.375, 71.375, 4.0798021492371164e-19, nan 
105.625, 71.375, 3.0275821565573766e-19, nan 
105.875, 71.375, 2.7496837270607816e-19, nan 
106.125, 71.375, 2.7108838507274885e-19, nan 
106.375, 71.375, 2.7189830831977544e-19, nan 
106.625, 71.375, 1.863133249018836e-19, nan 
106.875, 71.375, 1.4999731927594793e-19, nan 
107.125, 71.375, 1.2805329834747662e-19, nan 
107.375, 71.375, 1.0534589826717638e-19, nan 
107.625, 71.375, 1.0810914000406851e-19, nan 
107.875, 71.375, 1.0099994712012778e-19, nan 
108.125, 71.375, 8.309426331644329e-20, nan 
108.375, 71.375, 7.785546406316138e-20, nan 
108.625, 71.375, 6.474362678815295e-20, nan 
108.875, 71.375, 6.047673568560065e-20, nan 
109.125, 71.375, 5.88760563242787e-20, nan 
109.375, 71.375, 5.891484101948273e-20, nan 
109.625, 71.375, 5.075166269274363e-20, nan 
109.875, 71.375, 4.371102955944149e-20, nan 
110.125, 71.375, 4.30645151184685e-20, nan 
110.375, 71.375, 4.6505374814723466e-20, nan 
110.625, 71.375, 3.034100757087799e-20, nan 
110.875, 71.375, 3.393961597301447e-20, nan 
111.125, 71.375, 2.44554280815788e-20, nan 
111.375, 71.375, 2.1642492655730267e-20, nan 
111.625, 71.375, 1.7570119643658593e-20, nan 
111.875, 71.375, 1.402975184399924e-20, nan 
112.125, 71.375, 1.581571490155918e-20, nan 
112.375, 71.375, 1.964900359527129e-20, nan 
112.625, 71.375, 1.0977120729793287e-20, nan 
112.875, 71.375, 1.3771608914631472e-20, nan 
113.125, 71.375, 2.3218138320461816e-20, nan 
113.375, 71.375, 1.3437530021514938e-20, nan 
113.625, 71.375, 1.2965141233487693e-20, nan 
113.875, 71.375, 1.3494482513623444e-20, nan 
114.125, 71.375, 1.4163177736296522e-20, nan 
114.375, 71.375, 1.0799246299395357e-20, nan 
114.625, 71.375, 1.2345765786594654e-20, nan 
114.875, 71.375, 9.602315391597029e-21, nan 
115.125, 71.375, 1.3437593293272214e-20, nan 
115.375, 71.375, 1.0276864143878184e-20, nan 
115.625, 71.375, 8.949646876289737e-21, nan 
115.875, 71.375, 4.8498839735797395e-21, nan 
116.125, 71.375, 5.192554324550573e-21, nan 
116.375, 71.375, 7.057829835010235e-21, nan 
116.625, 71.375, 3.760779555076918e-21, nan 
116.875, 71.375, 1.738226755770951e-21, nan 
117.125, 71.375, 1.900923189850651e-21, nan 
117.375, 71.375, 1.7469684869280678e-21, nan 
117.625, 71.375, 1.1946518695410107e-21, nan 
117.875, 71.375, 1.967479205806197e-21, nan 
118.125, 71.375, 6.216134533176656e-22, nan 
118.375, 71.375, 5.443287187424965e-22, nan 
118.625, 71.375, 1.3342662787079612e-21, nan 
118.875, 71.375, 1.0165521656706964e-21, nan 
119.125, 71.375, 9.088687853560327e-22, nan 
119.375, 71.375, 3.8687699632678716e-22, nan 
119.625, 71.375, 7.434336350122564e-22, nan 
119.875, 71.375, 1.4466778814506862e-21, nan 
120.125, 71.375, 7.226590216872701e-22, nan 
120.375, 71.375, 1.092293366920083e-21, nan 
120.625, 71.375, 1.1165662609903602e-21, nan 
120.875, 71.375, 7.915829307621319e-22, nan 
121.125, 71.375, 6.948367048251382e-22, nan 
121.375, 71.375, 8.722473352348176e-22, nan 
121.625, 71.375, 4.498367449067861e-22, nan 
121.875, 71.375, 6.646148255154157e-22, nan 
122.125, 71.375, 9.793502678614956e-22, nan 
122.375, 71.375, 6.010656799123306e-22, nan 
122.625, 71.375, 1.8331756655885914e-21, nan 
122.875, 71.375, 1.3841414038674446e-21, nan 
123.125, 71.375, 9.042834139337397e-22, nan 
123.375, 71.375, 1.3036109451912319e-21, nan 
123.625, 71.375, 1.0473821104150804e-21, nan 
123.875, 71.375, 5.512390099195253e-22, nan 
124.125, 71.375, 3.496342816857209e-22, nan 
124.375, 71.375, 4.642212528580616e-22, nan 
124.625, 71.375, 7.211161477702173e-22, nan 
124.875, 71.375, 4.810411091311966e-22, nan 
125.125, 71.375, 4.0563223715396823e-22, nan 
125.375, 71.375, 7.911958547998035e-22, nan 
125.625, 71.375, 5.942492862245245e-22, nan 
125.875, 71.375, 3.917620470253178e-22, nan 
126.125, 71.375, 4.61433307741466e-22, nan 
126.375, 71.375, 3.206780144490498e-22, nan 
126.625, 71.375, 4.158986514172483e-22, nan 
126.875, 71.375, 5.047123876345575e-22, nan 
127.125, 71.375, 3.1688588309546164e-22, nan 
127.375, 71.375, 4.5036425477503895e-22, nan 
127.625, 71.375, 4.406735383982858e-22, nan 
127.875, 71.375, 2.8449185069357323e-22, nan 
128.125, 71.375, 2.8281159484433307e-22, nan 
128.375, 71.375, 2.2067950377277674e-22, nan 
128.625, 71.375, 1.2513818475245006e-22, nan 
128.875, 71.375, 1.328816717799857e-22, nan 
129.125, 71.375, 2.346017125298395e-22, nan 
129.375, 71.375, 1.3736844840700328e-22, nan 
129.625, 71.375, 1.4957667036691363e-22, nan 
129.875, 71.375, 1.675248669032004e-22, nan 
130.125, 71.375, 1.126227254114956e-22, nan 
130.375, 71.375, 1.7617631740990101e-22, nan 
130.625, 71.375, 1.2622243218475617e-22, nan 
130.875, 71.375, 3.136636796842173e-22, nan 
131.125, 71.375, 4.341761734984228e-22, nan 
131.375, 71.375, 1.4458050551984674e-22, nan 
131.625, 71.375, 1.9007790436295818e-22, nan 
131.875, 71.375, 2.616772542279151e-22, nan 
132.125, 71.375, 1.9109990110110996e-22, nan 
132.375, 71.375, 2.5685768555292786e-22, nan 
132.625, 71.375, 1.1714166941403475e-22, nan 
132.875, 71.375, 1.2237588934145707e-22, nan 
133.125, 71.375, 1.6761754150758742e-22, nan 
133.375, 71.375, 1.4048590069209507e-22, nan 
133.625, 71.375, 1.340287489375152e-22, nan 
133.875, 71.375, 1.339957898489076e-22, nan 
134.125, 71.375, 1.4406165083162043e-22, nan 
134.375, 71.375, 1.065816825268569e-22, nan 
134.625, 71.375, 7.88020076927424e-23, nan 
134.875, 71.375, 5.314812930701081e-23, nan 
135.125, 71.375, 2.6531971211091477e-23, nan 
135.375, 71.375, 6.320941065673638e-23, nan 
135.625, 71.375, 6.797488433899794e-23, nan 
135.875, 71.375, 4.529501806495744e-23, nan 
136.125, 71.375, 5.0184217734519136e-23, nan 
136.375, 71.375, 5.162902393729648e-23, nan 
136.625, 71.375, 4.577375031432853e-23, nan 
136.875, 71.375, 3.809837365263914e-23, nan 
137.125, 71.375, 2.924314548661189e-23, nan 
137.375, 71.375, 3.6366268395777625e-23, nan 
137.625, 71.375, 2.5896361932454432e-23, nan 
137.875, 71.375, 5.841562966476127e-23, nan 
138.125, 71.375, 9.411641775383541e-23, nan 
138.375, 71.375, 9.170456532616307e-23, nan 
138.625, 71.375, 8.305033884781574e-23, nan 
138.875, 71.375, 9.679812536164275e-23, nan 
139.125, 71.375, 1.0390008785608994e-22, nan 
139.375, 71.375, 8.477679758397445e-23, nan 
139.625, 71.375, 4.941142189309706e-23, nan 
139.875, 71.375, 5.2126662763195614e-23, nan 
140.125, 71.375, 5.619688883641966e-23, nan 
140.375, 71.375, 3.6991533975283026e-23, nan 
140.625, 71.375, 2.711924130061644e-23, nan 
140.875, 71.375, 2.7689253740113595e-23, nan 
141.125, 71.375, 2.974695295605095e-23, nan 
141.375, 71.375, 3.3950313370405796e-23, nan 
141.625, 71.375, 2.101419317610416e-23, nan 
141.875, 71.375, 2.775815043691148e-23, nan 
142.125, 71.375, 2.0547137869917574e-23, nan 
142.375, 71.375, 2.0226481166619273e-23, nan 
142.625, 71.375, 3.1130434002205985e-23, nan 
142.875, 71.375, 3.795345891648586e-23, nan 
143.125, 71.375, 5.837787152291931e-23, nan 
143.375, 71.375, 2.715985514670347e-23, nan 
143.625, 71.375, 2.187522087272337e-23, nan 
143.875, 71.375, 2.6189247950309462e-23, nan 
144.125, 71.375, 3.223440684699016e-23, nan 
144.375, 71.375, 2.0238769801553644e-23, nan 
144.625, 71.375, 2.526261817508714e-23, nan 
144.875, 71.375, 3.306489482470315e-23, nan 
145.125, 71.375, 1.009470005944368e-23, nan 
145.375, 71.375, 1.6497471548026132e-23, nan 
145.625, 71.375, 2.3361264178233092e-23, nan 
145.875, 71.375, 9.558945081787516e-24, nan 
146.125, 71.375, 1.416795606814305e-23, nan 
146.375, 71.375, 1.3551227216881093e-23, nan 
146.625, 71.375, 1.4022428747130432e-23, nan 
146.875, 71.375, 2.783308884204502e-23, nan 
147.125, 71.375, 2.6151118533884877e-23, nan 
147.375, 71.375, 1.390503972961277e-23, nan 
147.625, 71.375, 2.3285301171866997e-23, nan 
147.875, 71.375, 1.9890315889007675e-23, nan 
148.125, 71.375, 1.0633559692123127e-23, nan 
148.375, 71.375, 8.422956015345554e-24, nan 
148.625, 71.375, 5.298585221535675e-24, nan 
148.875, 71.375, 7.107387124221698e-24, nan 
149.125, 71.375, 1.099695953482849e-23, nan 
149.375, 71.375, 1.0373417064125303e-23, nan 
149.625, 71.375, 7.98296948006909e-24, nan 
149.875, 71.375, 1.2333503624553685e-23, nan 
150.125, 71.375, 8.898975916949453e-24, nan 
150.375, 71.375, 7.63630152825685e-24, nan 
150.625, 71.375, 1.340256389405464e-23, nan 
150.875, 71.375, 3.950483200069713e-24, nan 
151.125, 71.375, 6.880122688074409e-24, nan 
151.375, 71.375, 1.1892077869614438e-23, nan 
151.625, 71.375, 1.0409953130025403e-23, nan 
151.875, 71.375, 8.088652553807726e-24, nan 
152.125, 71.375, 6.308776747036452e-24, nan 
152.375, 71.375, 1.5238685855586995e-23, nan 
152.625, 71.375, 1.2407223730429572e-23, nan 
152.875, 71.375, 7.841364877440381e-24, nan 
153.125, 71.375, 1.2246166025389155e-23, nan 
153.375, 71.375, 1.0650448462034468e-23, nan 
153.625, 71.375, 6.867104222431787e-24, nan 
153.875, 71.375, 3.548600286984319e-24, nan 
154.125, 71.375, 3.43595348419748e-24, nan 
154.375, 71.375, 5.5167552621583325e-24, nan 
154.625, 71.375, 5.936343511975388e-24, nan 
154.875, 71.375, 6.228227355850117e-24, nan 
155.125, 71.375, 6.803732458915457e-24, nan 
155.375, 71.375, 5.252871019175584e-24, nan 
155.625, 71.375, 5.181338744742785e-24, nan 
155.875, 71.375, 3.954838726019334e-24, nan 
156.125, 71.375, 6.3481900072491654e-24, nan 
156.375, 71.375, 9.383934482818038e-24, nan 
156.625, 71.375, 1.0478910695177154e-23, nan 
156.875, 71.375, 1.1575025674567977e-23, nan 
157.125, 71.375, 1.944643474559036e-23, nan 
157.375, 71.375, 6.374535021703439e-23, nan 
157.625, 71.375, 5.883672271703726e-23, nan 
157.875, 71.375, 1.7969676230105926e-23, nan 
158.125, 71.375, 1.705231738671051e-23, nan 
158.375, 71.375, 1.5659288085703725e-23, nan 
158.625, 71.375, 9.840702283306835e-24, nan 
158.875, 71.375, 4.965070954758799e-24, nan 
159.125, 71.375, 1.4176544168839172e-24, nan 
159.375, 71.375, 2.8944509612406003e-24, nan 
159.625, 71.375, 3.420243759035795e-24, nan 
159.875, 71.375, 1.3862417141432492e-24, nan 
160.125, 71.375, 2.0723753252248887e-24, nan 
160.375, 71.375, 4.4746591390549086e-24, nan 
160.625, 71.375, 3.5198504484832145e-24, nan 
160.875, 71.375, 1.628821353672081e-24, nan 
161.125, 71.375, 4.0268297655209316e-24, nan 
161.375, 71.375, 3.5843311444727754e-24, nan 
161.625, 71.375, 3.409432954024936e-24, nan 
161.875, 71.375, 8.175856847964931e-24, nan 
162.125, 71.375, 9.900155162389535e-24, nan 
162.375, 71.375, 1.5274286017231476e-23, nan 
162.625, 71.375, 8.741463614408097e-24, nan 
162.875, 71.375, 1.673765423494188e-23, nan 
163.125, 71.375, 1.418280618566167e-23, nan 
163.375, 71.375, 1.3054305074024248e-23, nan 
163.625, 71.375, 1.4874176958630602e-23, nan 
163.875, 71.375, 5.989545632524164e-24, nan 
164.125, 71.375, 8.462079624624858e-24, nan 
164.375, 71.375, 7.407266470034888e-24, nan 
164.625, 71.375, 1.1084473299268562e-23, nan 
164.875, 71.375, 1.6082223185977933e-23, nan 
165.125, 71.375, 2.1544754229905187e-23, nan 
165.375, 71.375, 7.530976674441831e-24, nan 
165.625, 71.375, 1.1475531053597703e-23, nan 
165.875, 71.375, 1.47293446305772e-23, nan 
166.125, 71.375, 9.581332627288527e-24, nan 
166.375, 71.375, 1.3792661941821182e-23, nan 
166.625, 71.375, 2.5941601459843997e-23, nan 
166.875, 71.375, 2.170657875097543e-23, nan 
167.125, 71.375, 4.673447381803943e-24, nan 
167.375, 71.375, 2.974700330333774e-24, nan 
167.625, 71.375, 7.030735977806856e-24, nan 
167.875, 71.375, 6.23351057016045e-24, nan 
168.125, 71.375, 4.547957502702247e-24, nan 
168.375, 71.375, 2.4726790423072184e-24, nan 
168.625, 71.375, 6.1605394375416115e-24, nan 
168.875, 71.375, 5.8514851022546054e-24, nan 
169.125, 71.375, 1.2458768489281844e-23, nan 
169.375, 71.375, 1.0806225640665165e-23, nan 
169.625, 71.375, 1.7134592282327221e-23, nan 
169.875, 71.375, 1.3308056774013563e-23, nan 
170.125, 71.375, 9.938923626876524e-24, nan 
170.375, 71.375, 2.0399495682785857e-23, nan 
170.625, 71.375, 7.865475855827558e-24, nan 
170.875, 71.375, 5.005473393886288e-24, nan 
171.125, 71.375, 7.636982864091558e-24, nan 
171.375, 71.375, 5.465837360807029e-24, nan 
171.625, 71.375, 3.634371078932108e-24, nan 
171.875, 71.375, 2.9689013623113945e-24, nan 
172.125, 71.375, 2.0900762534921796e-24, nan 
172.375, 71.375, 2.4963281870235254e-24, nan 
172.625, 71.375, 2.3872571518036206e-24, nan 
172.875, 71.375, 1.680111617924391e-24, nan 
173.125, 71.375, 2.520513218457461e-24, nan 
173.375, 71.375, 1.6038604029174377e-24, nan 
173.625, 71.375, 2.649748663827234e-24, nan 
173.875, 71.375, 2.6509759285102454e-24, nan 
174.125, 71.375, 2.0870129780776393e-24, nan 
174.375, 71.375, 2.8686706959757505e-24, nan 
27.875, 71.625, 1.863089680006844e-24, nan 
28.125, 71.625, 2.800434475447752e-24, nan 
28.375, 71.625, 2.4136054480238535e-24, nan 
28.625, 71.625, 2.020144829558635e-24, nan 
28.875, 71.625, 1.8632449845387592e-24, nan 
29.125, 71.625, 2.1974396663996337e-24, nan 
29.375, 71.625, 1.2388355098411388e-24, nan 
29.625, 71.625, 2.1451369546746337e-24, nan 
29.875, 71.625, 4.57833479735131e-24, nan 
30.125, 71.625, 2.3510987530370905e-24, nan 
30.375, 71.625, 1.6528832333332294e-24, nan 
30.625, 71.625, 2.8611310213255093e-24, nan 
30.875, 71.625, 2.6699832826828185e-24, nan 
31.125, 71.625, 1.4818137719888878e-24, nan 
31.375, 71.625, 3.19388451786645e-24, nan 
31.625, 71.625, 5.591654291541138e-24, nan 
31.875, 71.625, 3.548511495525238e-24, nan 
32.125, 71.625, 2.5048820885202805e-24, nan 
32.375, 71.625, 3.6827145953250836e-24, nan 
32.625, 71.625, 3.0053150196339712e-24, nan 
32.875, 71.625, 2.5493040114527614e-24, nan 
33.125, 71.625, 9.720605107718162e-25, nan 
33.375, 71.625, 6.920912362762229e-25, nan 
33.625, 71.625, 7.891946776152317e-25, nan 
33.875, 71.625, 1.3788407777244827e-24, nan 
34.125, 71.625, 2.100623248448211e-24, nan 
34.375, 71.625, 1.9569742829155195e-24, nan 
34.625, 71.625, 9.069548468517353e-25, nan 
34.875, 71.625, 1.8222651995933533e-24, nan 
35.125, 71.625, 1.7445237837505825e-24, nan 
35.375, 71.625, 3.449958296823983e-24, nan 
35.625, 71.625, 1.9819233508052036e-24, nan 
35.875, 71.625, 1.848807858495253e-24, nan 
36.125, 71.625, 1.2612287182136288e-24, nan 
36.375, 71.625, 5.147955067570431e-25, nan 
36.625, 71.625, 1.4704312351836102e-24, nan 
36.875, 71.625, 1.1335810731143181e-24, nan 
37.125, 71.625, 8.828119907477032e-25, nan 
37.375, 71.625, 6.9518781384250425e-25, nan 
37.625, 71.625, 1.5401727337383913e-24, nan 
37.875, 71.625, 3.0400317399247845e-24, nan 
38.125, 71.625, 3.951735445299222e-24, nan 
38.375, 71.625, 2.475848478861916e-24, nan 
38.625, 71.625, 2.773995480661098e-24, nan 
38.875, 71.625, 6.408164257097771e-24, nan 
39.125, 71.625, 3.077028592214119e-24, nan 
39.375, 71.625, 2.345984022902319e-24, nan 
39.625, 71.625, 9.835482928971785e-24, nan 
39.875, 71.625, 4.873006170464537e-24, nan 
40.125, 71.625, 3.0042574958916787e-24, nan 
40.375, 71.625, 1.2998440009054684e-23, nan 
40.625, 71.625, 6.2943944817319575e-24, nan 
40.875, 71.625, 2.9211674417558488e-24, nan 
41.125, 71.625, 5.998897820804652e-24, nan 
41.375, 71.625, 3.956881319922431e-24, nan 
41.625, 71.625, 2.5958319135070047e-24, nan 
41.875, 71.625, 2.9276478179411786e-24, nan 
42.125, 71.625, 2.290959142532554e-24, nan 
42.375, 71.625, 2.0734951067741877e-24, nan 
42.625, 71.625, 2.5503696880999384e-24, nan 
42.875, 71.625, 1.4127649788822568e-24, nan 
43.125, 71.625, 1.8264947160860277e-24, nan 
43.375, 71.625, 9.200828030897726e-25, nan 
43.625, 71.625, 1.313989611619243e-24, nan 
43.875, 71.625, 1.9811605447016723e-24, nan 
44.125, 71.625, 1.59860669135217e-24, nan 
44.375, 71.625, 2.3137795167993188e-24, nan 
44.625, 71.625, 3.1647416154660894e-24, nan 
44.875, 71.625, 7.751771579423215e-25, nan 
45.125, 71.625, 1.5163149625795553e-24, nan 
45.375, 71.625, 3.4978256021993687e-25, nan 
45.625, 71.625, 3.757129547886694e-24, nan 
45.875, 71.625, 2.8876400005393143e-24, nan 
46.125, 71.625, 5.552946984541895e-24, nan 
46.375, 71.625, 7.09145510414519e-24, nan 
46.625, 71.625, 5.36712550527031e-24, nan 
46.875, 71.625, 2.511620178665184e-24, nan 
47.125, 71.625, 7.512220856788376e-24, nan 
47.375, 71.625, 5.38173030814208e-24, nan 
47.625, 71.625, 6.95373461841511e-24, nan 
47.875, 71.625, 7.460749855875576e-24, nan 
48.125, 71.625, 2.6357493614007507e-24, nan 
48.375, 71.625, 1.5919348596375817e-24, nan 
48.625, 71.625, 4.1963759194495345e-24, nan 
48.875, 71.625, 3.686419972043001e-24, nan 
49.125, 71.625, 7.506782964131622e-24, nan 
49.375, 71.625, 1.0544403890959382e-23, nan 
49.625, 71.625, 8.228777684572264e-24, nan 
49.875, 71.625, 5.550039966529278e-24, nan 
50.125, 71.625, 1.3161539463414934e-23, nan 
50.375, 71.625, 1.1004945271998186e-23, nan 
50.625, 71.625, 1.278441411992276e-23, nan 
50.875, 71.625, 3.916220800129503e-24, nan 
51.125, 71.625, 7.657276488315889e-24, nan 
51.375, 71.625, 4.459622413871077e-24, nan 
51.625, 71.625, 4.8811471445769426e-24, nan 
51.875, 71.625, 3.0707154830060574e-24, nan 
52.125, 71.625, 5.277785585875606e-24, nan 
52.375, 71.625, 5.631234651698392e-24, nan 
52.625, 71.625, 5.655337404932257e-24, nan 
52.875, 71.625, 9.052601491454978e-24, nan 
53.125, 71.625, 1.1997153081375114e-23, nan 
53.375, 71.625, 1.9574939679888396e-23, nan 
53.625, 71.625, 2.3491696257725055e-23, nan 
53.875, 71.625, 1.96397446850902e-23, nan 
54.125, 71.625, 2.7897435697833935e-23, nan 
54.375, 71.625, 2.99601492088906e-23, nan 
54.625, 71.625, 1.8696483924952143e-23, nan 
54.875, 71.625, 1.4480427485671962e-23, nan 
55.125, 71.625, 2.023493815285613e-23, nan 
55.375, 71.625, 2.2861232201032803e-23, nan 
55.625, 71.625, 1.5942949961071398e-23, nan 
55.875, 71.625, 1.3830656990522827e-23, nan 
56.125, 71.625, 1.6359059861017557e-23, nan 
56.375, 71.625, 1.485028698652174e-23, nan 
56.625, 71.625, 1.3161043788398477e-23, nan 
56.875, 71.625, 4.764642545955323e-24, nan 
57.125, 71.625, 7.042254451784018e-24, nan 
57.375, 71.625, 1.1284305655006301e-23, nan 
57.625, 71.625, 1.1566346848164798e-23, nan 
57.875, 71.625, 9.941470633304681e-24, nan 
58.125, 71.625, 1.3575865920911376e-23, nan 
58.375, 71.625, 1.3074717889134768e-23, nan 
58.625, 71.625, 1.729953131058847e-23, nan 
58.875, 71.625, 2.6312605944489995e-23, nan 
59.125, 71.625, 3.51767163196884e-23, nan 
59.375, 71.625, 3.128605854027076e-23, nan 
59.625, 71.625, 3.351821240119684e-23, nan 
59.875, 71.625, 3.745961133697953e-23, nan 
60.125, 71.625, 2.6243109669854834e-23, nan 
60.375, 71.625, 1.7352891789956672e-23, nan 
60.625, 71.625, 1.9962152676028477e-23, nan 
60.875, 71.625, 3.229019319979059e-23, nan 
61.125, 71.625, 8.128104278870149e-23, nan 
61.375, 71.625, 9.829083106332152e-23, nan 
61.625, 71.625, 7.846447916915489e-23, nan 
61.875, 71.625, 7.265252348363909e-23, nan 
62.125, 71.625, 8.225034614500694e-23, nan 
62.375, 71.625, 6.488024087070181e-23, nan 
62.625, 71.625, 2.5533653540848112e-23, nan 
62.875, 71.625, 2.658381242801319e-23, nan 
63.125, 71.625, 4.1133666387536557e-23, nan 
63.375, 71.625, 2.852665373657867e-23, nan 
63.625, 71.625, 4.227642223116547e-23, nan 
63.875, 71.625, 7.339270956315705e-23, nan 
64.125, 71.625, 4.704161230764664e-23, nan 
64.375, 71.625, 3.7364518727223284e-23, nan 
64.625, 71.625, 2.95578971901457e-23, nan 
64.875, 71.625, 3.9133228653210976e-23, nan 
65.125, 71.625, 6.404192359080461e-23, nan 
65.375, 71.625, 3.2062073791479154e-23, nan 
65.625, 71.625, 2.7023591409593894e-23, nan 
65.875, 71.625, 4.6948840156348347e-23, nan 
66.125, 71.625, 3.62280870603608e-23, nan 
66.375, 71.625, 5.94681448428332e-23, nan 
66.625, 71.625, 5.654311030232104e-23, nan 
66.875, 71.625, 1.0138737164775187e-22, nan 
67.125, 71.625, 6.629725452450825e-23, nan 
67.375, 71.625, 6.099065545682027e-23, nan 
67.625, 71.625, 3.7272277835380725e-23, nan 
67.875, 71.625, 1.1543323714710608e-22, nan 
68.125, 71.625, 6.396997748530878e-23, nan 
68.375, 71.625, 8.019907599869225e-23, nan 
68.625, 71.625, 4.030325948883004e-23, nan 
68.875, 71.625, 6.184350996784137e-23, nan 
69.125, 71.625, 7.483408617452796e-23, nan 
69.375, 71.625, 6.199085823188431e-23, nan 
69.625, 71.625, 1.2036359510323245e-22, nan 
69.875, 71.625, 1.1850069423755216e-22, nan 
70.125, 71.625, 1.3101911638478054e-22, nan 
70.375, 71.625, 2.558517454568046e-22, nan 
70.625, 71.625, 3.2615661918091546e-22, nan 
70.875, 71.625, 1.1466914932036912e-22, nan 
71.125, 71.625, 8.027587939030658e-23, nan 
71.375, 71.625, 3.6612245884932493e-23, nan 
71.625, 71.625, 3.757177909250001e-23, nan 
71.875, 71.625, 5.335251071495429e-23, nan 
72.125, 71.625, 7.721040213787523e-23, nan 
72.375, 71.625, 5.0256410578311103e-23, nan 
72.625, 71.625, 2.5490027358104147e-23, nan 
72.875, 71.625, 4.310541466418052e-23, nan 
73.125, 71.625, 6.338321780850017e-23, nan 
73.375, 71.625, 2.6792276220471473e-22, nan 
73.625, 71.625, 1.4814675966897785e-22, nan 
73.875, 71.625, 1.0929924800296763e-22, nan 
74.125, 71.625, 4.7795153245337024e-23, nan 
74.375, 71.625, 1.7146888979052845e-22, nan 
74.625, 71.625, 2.4253282732448893e-22, nan 
74.875, 71.625, 2.4953565528766e-22, nan 
75.125, 71.625, 1.5772120661021872e-22, nan 
75.375, 71.625, 2.186263926909261e-22, nan 
75.625, 71.625, 2.3274998402869336e-22, nan 
75.875, 71.625, 1.3963807732216872e-22, nan 
76.125, 71.625, 1.3591041441696359e-22, nan 
76.375, 71.625, 2.4826500577752e-22, nan 
76.625, 71.625, 4.2855749938333795e-22, nan 
76.875, 71.625, 6.711239173899585e-22, nan 
77.125, 71.625, 3.7693936287513885e-22, nan 
77.375, 71.625, 4.367463323804417e-22, nan 
77.625, 71.625, 3.032397747934595e-22, nan 
77.875, 71.625, 1.541529321857074e-22, nan 
78.125, 71.625, 2.566824219929239e-22, nan 
78.375, 71.625, 2.879508014471326e-22, nan 
78.625, 71.625, 3.8708657318690758e-22, nan 
78.875, 71.625, 5.871887152570393e-22, nan 
79.125, 71.625, 4.38815141172181e-22, nan 
79.375, 71.625, 3.849153079952584e-22, nan 
79.625, 71.625, 5.174849364033441e-22, nan 
79.875, 71.625, 4.6879601434400975e-22, nan 
80.125, 71.625, 6.716047596547839e-22, nan 
80.375, 71.625, 5.47138285728299e-22, nan 
80.625, 71.625, 6.674072687971372e-22, nan 
80.875, 71.625, 7.74929517672683e-22, nan 
81.125, 71.625, 6.93684200795254e-22, nan 
81.375, 71.625, 4.479087720989127e-22, nan 
81.625, 71.625, 4.309876879892321e-22, nan 
81.875, 71.625, 7.9836561542788e-22, nan 
82.125, 71.625, 4.426888825014124e-22, nan 
82.375, 71.625, 5.617086825393427e-22, nan 
82.625, 71.625, 9.906820421638465e-22, nan 
82.875, 71.625, 7.790133397395986e-22, nan 
83.125, 71.625, 1.0405368625688931e-21, nan 
83.375, 71.625, 1.0716513836111954e-21, nan 
83.625, 71.625, 1.1834572290506567e-21, nan 
83.875, 71.625, 1.103471886965541e-21, nan 
84.125, 71.625, 1.2277164009555617e-21, nan 
84.375, 71.625, 1.636702907732234e-21, nan 
84.625, 71.625, 1.6732790403994277e-21, nan 
84.875, 71.625, 1.103374622763205e-21, nan 
85.125, 71.625, 2.0079861970154332e-21, nan 
85.375, 71.625, 1.6106432784970524e-21, nan 
85.625, 71.625, 1.755884179288711e-21, nan 
85.875, 71.625, 2.926505814700552e-21, nan 
86.125, 71.625, 2.4475689106758486e-21, nan 
86.375, 71.625, 2.5394868703676482e-21, nan 
86.625, 71.625, 1.923040369788622e-21, nan 
86.875, 71.625, 2.5527561299443977e-21, nan 
87.125, 71.625, 1.9988413483873218e-21, nan 
87.375, 71.625, 1.9226185445496536e-21, nan 
87.625, 71.625, 2.30298718072943e-21, nan 
87.875, 71.625, 1.942093408421959e-21, nan 
88.125, 71.625, 3.0158951452401603e-21, nan 
88.375, 71.625, 3.522145253401831e-21, nan 
88.625, 71.625, 4.123531354912362e-21, nan 
88.875, 71.625, 4.5904323963559944e-21, nan 
89.125, 71.625, 4.8575293293012544e-21, nan 
89.375, 71.625, 5.247638185826363e-21, nan 
89.625, 71.625, 6.473349057956213e-21, nan 
89.875, 71.625, 6.7373689957648425e-21, nan 
90.125, 71.625, 6.115465455888812e-21, nan 
90.375, 71.625, 5.0814078748134185e-21, nan 
90.625, 71.625, 2.4372244952498076e-21, nan 
90.875, 71.625, 3.4475587242306475e-21, nan 
91.125, 71.625, 2.938620239355296e-21, nan 
91.375, 71.625, 3.1517031808619158e-21, nan 
91.625, 71.625, 6.007639686799622e-21, nan 
91.875, 71.625, 4.517156589172094e-21, nan 
92.125, 71.625, 9.639856955981064e-21, nan 
92.375, 71.625, 1.1710752934482998e-20, nan 
92.625, 71.625, 7.259697207029168e-21, nan 
92.875, 71.625, 4.094457941495906e-21, nan 
93.125, 71.625, 1.3005842040559245e-20, nan 
93.375, 71.625, 1.921233947956256e-20, nan 
93.625, 71.625, 1.9989935393245748e-20, nan 
93.875, 71.625, 2.999305543267242e-20, nan 
94.125, 71.625, 3.7015394507784255e-20, nan 
94.375, 71.625, 3.285909777701056e-20, nan 
94.625, 71.625, 3.365693867857971e-20, nan 
94.875, 71.625, 3.654702856112983e-20, nan 
95.125, 71.625, 3.391288806550271e-20, nan 
95.375, 71.625, 3.6818931670806145e-20, nan 
95.625, 71.625, 3.620989615786516e-20, nan 
95.875, 71.625, 2.9142355170219766e-20, nan 
96.125, 71.625, 2.896384808015556e-20, nan 
96.375, 71.625, 2.8839910184272164e-20, nan 
96.625, 71.625, 3.9013643560122403e-20, nan 
96.875, 71.625, 5.3898920622562514e-20, nan 
97.125, 71.625, 4.512817166057734e-20, nan 
97.375, 71.625, 6.85763897043701e-20, nan 
97.625, 71.625, 1.284981533778589e-19, nan 
97.875, 71.625, 2.447367835964575e-19, nan 
98.125, 71.625, 2.7606495034516704e-19, nan 
98.375, 71.625, 3.103675037763346e-19, nan 
98.625, 71.625, 3.911579473550422e-19, nan 
98.875, 71.625, 4.994268343043538e-19, nan 
99.125, 71.625, 5.287113054305685e-19, nan 
99.375, 71.625, 4.0808884942251053e-19, nan 
99.625, 71.625, 4.9029836276353e-19, nan 
99.875, 71.625, 7.35693561433508e-19, nan 
100.125, 71.625, 3.8839361725783695e-19, nan 
100.375, 71.625, 6.3808700093362e-19, nan 
100.625, 71.625, 8.111816846847003e-19, nan 
100.875, 71.625, 6.521099050167563e-19, nan 
101.125, 71.625, 6.357832214824887e-19, nan 
101.375, 71.625, 6.116404302181193e-19, nan 
101.625, 71.625, 6.167643113875742e-19, nan 
101.875, 71.625, 6.108270784462511e-19, nan 
102.125, 71.625, 6.899235759128045e-19, nan 
102.375, 71.625, 1.0211574981384461e-18, nan 
102.625, 71.625, 7.042793941229931e-19, nan 
102.875, 71.625, 5.330364419614799e-19, nan 
103.125, 71.625, 9.251676141868793e-19, nan 
103.375, 71.625, 4.1979792104436187e-19, nan 
103.625, 71.625, 4.642520803294896e-19, nan 
103.875, 71.625, 4.673143340772157e-19, nan 
104.125, 71.625, 4.315515048429107e-19, nan 
104.375, 71.625, 3.784679851273523e-19, nan 
104.625, 71.625, 3.679216549259432e-19, nan 
104.875, 71.625, 3.120193306517402e-19, nan 
105.125, 71.625, 3.7002523902126053e-19, nan 
105.375, 71.625, 2.9103592968063334e-19, nan 
105.625, 71.625, 2.381044164777801e-19, nan 
105.875, 71.625, 2.0131871512983252e-19, nan 
106.125, 71.625, 1.7222713367098218e-19, nan 
106.375, 71.625, 1.3388208392041489e-19, nan 
106.625, 71.625, 9.917508983567512e-20, nan 
106.875, 71.625, 9.244935087607351e-20, nan 
107.125, 71.625, 6.840911020576798e-20, nan 
107.375, 71.625, 6.975842293490628e-20, nan 
107.625, 71.625, 8.353192186897659e-20, nan 
107.875, 71.625, 8.728790794906836e-20, nan 
108.125, 71.625, 7.305742623477902e-20, nan 
108.375, 71.625, 6.824623672031295e-20, nan 
108.625, 71.625, 5.892218090179923e-20, nan 
108.875, 71.625, 2.6550058583560156e-20, nan 
109.125, 71.625, 3.556840518814501e-20, nan 
109.375, 71.625, 4.396115802210616e-20, nan 
109.625, 71.625, 3.812198520329822e-20, nan 
109.875, 71.625, 2.252223578591246e-20, nan 
110.125, 71.625, 2.130901071910803e-20, nan 
110.375, 71.625, 1.2129064204392652e-20, nan 
110.625, 71.625, 1.2085495047808587e-20, nan 
110.875, 71.625, 1.3541928825568692e-20, nan 
111.125, 71.625, 1.1391147417753856e-20, nan 
111.375, 71.625, 1.5074793243702704e-20, nan 
111.625, 71.625, 1.2448319313699766e-20, nan 
111.875, 71.625, 9.012212121583888e-21, nan 
112.125, 71.625, 7.336840979403196e-21, nan 
112.375, 71.625, 1.2441654642179333e-20, nan 
112.625, 71.625, 8.913678687029587e-21, nan 
112.875, 71.625, 9.053373056447107e-21, nan 
113.125, 71.625, 1.1058757613179594e-20, nan 
113.375, 71.625, 1.039700452388904e-20, nan 
113.625, 71.625, 1.0611048174857835e-20, nan 
113.875, 71.625, 8.070433921632028e-21, nan 
114.125, 71.625, 4.701042892934111e-21, nan 
114.375, 71.625, 1.424370810504279e-21, nan 
114.625, 71.625, 3.799983890018728e-21, nan 
114.875, 71.625, 2.140992728775039e-21, nan 
115.125, 71.625, 2.8151980218159612e-21, nan 
115.375, 71.625, 3.69027872927218e-21, nan 
115.625, 71.625, 4.663642824726227e-21, nan 
115.875, 71.625, 4.183880865974717e-21, nan 
116.125, 71.625, 2.3508051896203203e-21, nan 
116.375, 71.625, 3.964882229825426e-21, nan 
116.625, 71.625, 2.91024899727387e-21, nan 
116.875, 71.625, 1.3799517339456665e-21, nan 
117.125, 71.625, 9.57798504290196e-22, nan 
117.375, 71.625, 1.3395826104275607e-21, nan 
117.625, 71.625, 1.4805201156083092e-21, nan 
117.875, 71.625, 1.1883086355594178e-21, nan 
118.125, 71.625, 8.118826614563042e-22, nan 
118.375, 71.625, 1.026025199987981e-21, nan 
118.625, 71.625, 5.008504915933683e-22, nan 
118.875, 71.625, 7.854092612238232e-22, nan 
119.125, 71.625, 8.052811949517522e-22, nan 
119.375, 71.625, 1.265367698764682e-21, nan 
119.625, 71.625, 1.883798720664557e-21, nan 
119.875, 71.625, 1.197932770925101e-21, nan 
120.125, 71.625, 1.3266711178894878e-21, nan 
120.375, 71.625, 1.5321688006488688e-21, nan 
120.625, 71.625, 9.933529703055718e-22, nan 
120.875, 71.625, 7.984204418893119e-22, nan 
121.125, 71.625, 3.971851657638523e-22, nan 
121.375, 71.625, 7.36272039812519e-22, nan 
121.625, 71.625, 6.725355034392037e-22, nan 
121.875, 71.625, 7.537873540238445e-22, nan 
122.125, 71.625, 1.44255930421771e-21, nan 
122.375, 71.625, 1.726881456568021e-21, nan 
122.625, 71.625, 1.2971843376507075e-21, nan 
122.875, 71.625, 1.167295886457944e-21, nan 
123.125, 71.625, 1.210765370657464e-21, nan 
123.375, 71.625, 6.409661977507526e-22, nan 
123.625, 71.625, 4.546969683118255e-22, nan 
123.875, 71.625, 1.2262030096389122e-22, nan 
124.125, 71.625, 2.8347330786982517e-22, nan 
124.375, 71.625, 4.187772148800063e-22, nan 
124.625, 71.625, 4.945287728963938e-22, nan 
124.875, 71.625, 4.346598695303486e-22, nan 
125.125, 71.625, 3.8062752587442094e-22, nan 
125.375, 71.625, 5.198363792570279e-22, nan 
125.625, 71.625, 3.450487132484975e-22, nan 
125.875, 71.625, 3.569008118746837e-22, nan 
126.125, 71.625, 2.6711859790440357e-22, nan 
126.375, 71.625, 2.2467072730712655e-22, nan 
126.625, 71.625, 4.0920324134039064e-22, nan 
126.875, 71.625, 3.661195480178739e-22, nan 
127.125, 71.625, 3.0556594467117815e-22, nan 
127.375, 71.625, 2.625113897670874e-22, nan 
127.625, 71.625, 2.013225564567502e-22, nan 
127.875, 71.625, 3.5086963961927228e-22, nan 
128.125, 71.625, 2.4284400023787987e-22, nan 
128.375, 71.625, 2.8868240819554363e-22, nan 
128.625, 71.625, 2.203462438952421e-22, nan 
128.875, 71.625, 2.3970599279694463e-22, nan 
129.125, 71.625, 4.1278315237393197e-22, nan 
129.375, 71.625, 2.8269283964237835e-22, nan 
129.625, 71.625, 2.7465469728767344e-22, nan 
129.875, 71.625, 2.89344598825585e-22, nan 
130.125, 71.625, 2.508125707106e-22, nan 
130.375, 71.625, 2.9405389118614467e-22, nan 
130.625, 71.625, 1.7899533685085045e-22, nan 
130.875, 71.625, 2.7771750579329014e-22, nan 
131.125, 71.625, 4.0997189841103293e-22, nan 
131.375, 71.625, 2.1147146099275663e-22, nan 
131.625, 71.625, 1.9062873524962377e-22, nan 
131.875, 71.625, 1.6197307486037232e-22, nan 
132.125, 71.625, 1.9986257701073507e-22, nan 
132.375, 71.625, 2.4779086354524644e-22, nan 
132.625, 71.625, 1.4209506788514024e-22, nan 
132.875, 71.625, 7.410625355940803e-23, nan 
133.125, 71.625, 9.875538498086098e-23, nan 
133.375, 71.625, 8.651357711305221e-23, nan 
133.625, 71.625, 8.08730643327815e-23, nan 
133.875, 71.625, 9.56435409835973e-23, nan 
134.125, 71.625, 8.510148371176253e-23, nan 
134.375, 71.625, 7.649801655979689e-23, nan 
134.625, 71.625, 6.333341076714086e-23, nan 
134.875, 71.625, 5.642975845488134e-23, nan 
135.125, 71.625, 6.599376199867802e-23, nan 
135.375, 71.625, 3.691983492579107e-23, nan 
135.625, 71.625, 7.972949667809432e-23, nan 
135.875, 71.625, 9.490679333352764e-23, nan 
136.125, 71.625, 6.859715184584666e-23, nan 
136.375, 71.625, 6.566867912818518e-23, nan 
136.625, 71.625, 7.307808240125146e-23, nan 
136.875, 71.625, 4.707971634527979e-23, nan 
137.125, 71.625, 2.9584117614316153e-23, nan 
137.375, 71.625, 3.320047899241748e-23, nan 
137.625, 71.625, 3.7462051096508146e-23, nan 
137.875, 71.625, 6.671634871475135e-23, nan 
138.125, 71.625, 6.271105626044916e-23, nan 
138.375, 71.625, 4.6619787377922636e-23, nan 
138.625, 71.625, 8.418880845997085e-23, nan 
138.875, 71.625, 5.313113632504085e-23, nan 
139.125, 71.625, 4.5753609463365584e-23, nan 
139.375, 71.625, 6.907795754372967e-23, nan 
139.625, 71.625, 8.275399263086477e-23, nan 
139.875, 71.625, 8.19835631396371e-23, nan 
140.125, 71.625, 4.352522749163504e-23, nan 
140.375, 71.625, 5.763346759997468e-23, nan 
140.625, 71.625, 5.063385577052459e-23, nan 
140.875, 71.625, 1.5648026941182307e-23, nan 
141.125, 71.625, 9.805105746799883e-24, nan 
141.375, 71.625, 2.5636239000763814e-23, nan 
141.625, 71.625, 1.6012426880266573e-23, nan 
141.875, 71.625, 1.7054695339063453e-23, nan 
142.125, 71.625, 1.5443750806835894e-23, nan 
142.375, 71.625, 1.4053352877134735e-23, nan 
142.625, 71.625, 2.7459043530171283e-23, nan 
142.875, 71.625, 2.111122937905866e-23, nan 
143.125, 71.625, 6.943567723244731e-24, nan 
143.375, 71.625, 4.209955499702743e-23, nan 
143.625, 71.625, 2.7318116677720554e-23, nan 
143.875, 71.625, 1.950264444619562e-23, nan 
144.125, 71.625, 2.8986269494342823e-23, nan 
144.375, 71.625, 2.2278749921607093e-23, nan 
144.625, 71.625, 1.817261957684319e-23, nan 
144.875, 71.625, 4.2655832226385176e-23, nan 
145.125, 71.625, 4.143399196062358e-23, nan 
145.375, 71.625, 2.6500954826995535e-23, nan 
145.625, 71.625, 2.7416446807809975e-23, nan 
145.875, 71.625, 1.8345679773625098e-23, nan 
146.125, 71.625, 9.870570214203873e-24, nan 
146.375, 71.625, 1.8575113294122287e-23, nan 
146.625, 71.625, 2.059013431907114e-23, nan 
146.875, 71.625, 2.4684916753527856e-23, nan 
147.125, 71.625, 2.173591068935723e-23, nan 
147.375, 71.625, 3.5245147212805986e-23, nan 
147.625, 71.625, 2.39670438926008e-23, nan 
147.875, 71.625, 2.190380541041824e-23, nan 
148.125, 71.625, 1.7156075998992712e-23, nan 
148.375, 71.625, 1.5024389691509535e-23, nan 
148.625, 71.625, 1.408685260007806e-23, nan 
148.875, 71.625, 1.0976461408344101e-23, nan 
149.125, 71.625, 9.428565734633758e-24, nan 
149.375, 71.625, 1.021326982101095e-23, nan 
149.625, 71.625, 1.3036790677806196e-23, nan 
149.875, 71.625, 1.9681683944161324e-23, nan 
150.125, 71.625, 1.1080838095528215e-23, nan 
150.375, 71.625, 9.550338641582767e-24, nan 
150.625, 71.625, 1.6519025705805395e-23, nan 
150.875, 71.625, 1.0723287324592178e-23, nan 
151.125, 71.625, 8.955457261489937e-24, nan 
151.375, 71.625, 1.4372802427092694e-23, nan 
151.625, 71.625, 1.3629594756640727e-23, nan 
151.875, 71.625, 5.506656679745295e-24, nan 
152.125, 71.625, 9.000080988405727e-24, nan 
152.375, 71.625, 1.6512903012492644e-23, nan 
152.625, 71.625, 1.0490924606738365e-23, nan 
152.875, 71.625, 7.059788072921465e-24, nan 
153.125, 71.625, 1.1646140752943625e-23, nan 
153.375, 71.625, 8.568008044889086e-24, nan 
153.625, 71.625, 5.545384753054939e-24, nan 
153.875, 71.625, 4.768484899602778e-24, nan 
154.125, 71.625, 2.614498860142613e-24, nan 
154.375, 71.625, 4.2068057799501804e-24, nan 
154.625, 71.625, 7.626570393375838e-24, nan 
154.875, 71.625, 7.13771440340805e-24, nan 
155.125, 71.625, 7.482358142193331e-24, nan 
155.375, 71.625, 7.825199872821101e-24, nan 
155.625, 71.625, 7.691329352903794e-24, nan 
155.875, 71.625, 7.348608676596408e-24, nan 
156.125, 71.625, 5.848929632373691e-24, nan 
156.375, 71.625, 8.393925734507546e-24, nan 
156.625, 71.625, 1.063726006194703e-23, nan 
156.875, 71.625, 1.2103597833508821e-23, nan 
157.125, 71.625, 1.77498606847331e-23, nan 
157.375, 71.625, 1.8445615183982436e-23, nan 
157.625, 71.625, 1.2940617340069971e-23, nan 
157.875, 71.625, 1.3209291034960838e-23, nan 
158.125, 71.625, 6.607484718063689e-24, nan 
158.375, 71.625, 3.303633711855648e-24, nan 
158.625, 71.625, 2.7714419057385685e-24, nan 
158.875, 71.625, 4.0585978076300086e-24, nan 
159.125, 71.625, 4.85891494840056e-24, nan 
159.375, 71.625, 4.1737734956664966e-24, nan 
159.625, 71.625, 4.8118478832348014e-24, nan 
159.875, 71.625, 3.523179112531786e-24, nan 
160.125, 71.625, 3.342584357570334e-24, nan 
160.375, 71.625, 6.1396851848462264e-24, nan 
160.625, 71.625, 4.077566261222966e-24, nan 
160.875, 71.625, 4.679101604148218e-24, nan 
161.125, 71.625, 9.336830795442288e-24, nan 
161.375, 71.625, 6.769862590120004e-24, nan 
161.625, 71.625, 1.363178374370276e-23, nan 
161.875, 71.625, 1.0945463498720709e-23, nan 
162.125, 71.625, 1.8253493739247127e-23, nan 
162.375, 71.625, 1.9271089736890707e-23, nan 
162.625, 71.625, 2.0506805712316268e-23, nan 
162.875, 71.625, 2.0558553788446002e-23, nan 
163.125, 71.625, 1.8820917339480328e-23, nan 
163.375, 71.625, 2.1144779075460515e-23, nan 
163.625, 71.625, 1.4296022712932614e-23, nan 
163.875, 71.625, 1.4833720498298458e-23, nan 
164.125, 71.625, 1.2176240104218146e-23, nan 
164.375, 71.625, 1.660333365423957e-23, nan 
164.625, 71.625, 2.1586882021574515e-23, nan 
164.875, 71.625, 1.9767582067914484e-23, nan 
165.125, 71.625, 2.4326576811621766e-23, nan 
165.375, 71.625, 2.616352117219724e-23, nan 
165.625, 71.625, 2.3466261989702125e-23, nan 
165.875, 71.625, 3.0477670509283737e-23, nan 
166.125, 71.625, 3.306273451441168e-23, nan 
166.375, 71.625, 2.7506105912642635e-23, nan 
166.625, 71.625, 4.5347300143132386e-23, nan 
166.875, 71.625, 4.1139679853716576e-23, nan 
167.125, 71.625, 1.349585882033645e-23, nan 
167.375, 71.625, 2.788846776307193e-23, nan 
167.625, 71.625, 2.4375437511950634e-23, nan 
167.875, 71.625, 4.508825564691148e-24, nan 
168.125, 71.625, 2.994718087095124e-24, nan 
168.375, 71.625, 7.909936172145114e-24, nan 
168.625, 71.625, 9.835693461237286e-24, nan 
168.875, 71.625, 1.9358475883336844e-24, nan 
169.125, 71.625, 1.129044579403752e-23, nan 
169.375, 71.625, 1.3008492020362692e-23, nan 
169.625, 71.625, 6.1797108114607836e-24, nan 
169.875, 71.625, 9.0293274483352e-24, nan 
170.125, 71.625, 8.768867991456024e-24, nan 
170.375, 71.625, 9.719895925560603e-24, nan 
170.625, 71.625, 6.864954620448152e-24, nan 
170.875, 71.625, 5.274887778901679e-24, nan 
171.125, 71.625, 4.238990654902105e-24, nan 
171.375, 71.625, 3.908875932335217e-24, nan 
171.625, 71.625, 3.4320037833634956e-24, nan 
171.875, 71.625, 2.0849792990827877e-24, nan 
172.125, 71.625, 2.054137908582583e-24, nan 
172.375, 71.625, 2.7733454329924057e-24, nan 
172.625, 71.625, 2.871679599528297e-24, nan 
172.875, 71.625, 1.932724109705341e-24, nan 
173.125, 71.625, 1.6659734982597517e-24, nan 
173.375, 71.625, 2.0928429285063745e-24, nan 
173.625, 71.625, 2.4745504280459337e-24, nan 
173.875, 71.625, 2.5026552852123932e-24, nan 
174.125, 71.625, 2.906237645269244e-24, nan 
174.375, 71.625, 3.5072828300413724e-24, nan 
174.625, 71.625, 3.155441335015744e-24, nan 
174.875, 71.625, 2.95367114114214e-24, nan 
27.625, 71.875, 1.4023248431735895e-24, nan 
27.875, 71.875, 1.3822929422042193e-24, nan 
28.125, 71.875, 1.786403834557002e-24, nan 
28.375, 71.875, 1.834045296791768e-24, nan 
28.625, 71.875, 1.5792961326531778e-24, nan 
28.875, 71.875, 2.0987327774924745e-24, nan 
29.125, 71.875, 3.324606303949663e-24, nan 
29.375, 71.875, 1.907994861719972e-24, nan 
29.625, 71.875, 2.8163978447655065e-24, nan 
29.875, 71.875, 5.607989320686754e-24, nan 
30.125, 71.875, 3.2072136920147518e-24, nan 
30.375, 71.875, 7.51616163388304e-25, nan 
30.625, 71.875, 1.909601927642962e-24, nan 
30.875, 71.875, 1.952166590338083e-24, nan 
31.125, 71.875, 1.3880718980706238e-24, nan 
31.375, 71.875, 1.9727201557324194e-24, nan 
31.625, 71.875, 2.3756013934227437e-24, nan 
31.875, 71.875, 2.041951755362809e-24, nan 
32.125, 71.875, 2.3852794308228e-24, nan 
32.375, 71.875, 1.990672477230353e-24, nan 
32.625, 71.875, 2.3438181699774848e-24, nan 
32.875, 71.875, 2.6157201109069515e-24, nan 
33.125, 71.875, 1.535503649325134e-24, nan 
33.375, 71.875, 2.155394739933297e-24, nan 
33.625, 71.875, 1.8602973569369283e-24, nan 
33.875, 71.875, 2.4081447011420963e-24, nan 
34.125, 71.875, 3.054618328690116e-24, nan 
34.375, 71.875, 2.7155052541166184e-24, nan 
34.625, 71.875, 1.2395037565498107e-24, nan 
34.875, 71.875, 1.5591111125588537e-24, nan 
35.125, 71.875, 1.4163331437866968e-24, nan 
35.375, 71.875, 1.1213207588651538e-24, nan 
35.625, 71.875, 1.3136074013722496e-24, nan 
35.875, 71.875, 1.6679685571987985e-24, nan 
36.125, 71.875, 2.283952122567455e-24, nan 
36.375, 71.875, 2.923412585501168e-24, nan 
36.625, 71.875, 7.885070034823078e-24, nan 
36.875, 71.875, 6.574899067038559e-24, nan 
37.125, 71.875, 4.3144285173707975e-24, nan 
37.375, 71.875, 1.6391487224756234e-24, nan 
37.625, 71.875, 3.614157948622348e-24, nan 
37.875, 71.875, 5.389892900773033e-24, nan 
38.125, 71.875, 5.040206353986113e-24, nan 
38.375, 71.875, 4.606769704761467e-24, nan 
38.625, 71.875, 4.424298772274811e-24, nan 
38.875, 71.875, 6.84562724384461e-24, nan 
39.125, 71.875, 6.640330134260842e-24, nan 
39.375, 71.875, 4.8716768764314e-24, nan 
39.625, 71.875, 6.501531353059031e-24, nan 
39.875, 71.875, 2.7175371644263176e-24, nan 
40.125, 71.875, 2.164581663888053e-24, nan 
40.375, 71.875, 6.0069343277511775e-24, nan 
40.625, 71.875, 4.117666979757432e-24, nan 
40.875, 71.875, 1.8809320153257383e-24, nan 
41.125, 71.875, 4.4667753934256895e-24, nan 
41.375, 71.875, 4.7101488244902684e-24, nan 
41.625, 71.875, 2.867747718945378e-24, nan 
41.875, 71.875, 2.069777307166313e-24, nan 
42.125, 71.875, 2.065411558757578e-24, nan 
42.375, 71.875, 2.0513679889333395e-24, nan 
42.625, 71.875, 2.070865549737729e-24, nan 
42.875, 71.875, 1.7525012969889755e-24, nan 
43.125, 71.875, 2.2211465477410783e-24, nan 
43.375, 71.875, 9.606634520259416e-25, nan 
43.625, 71.875, 1.8738665349496107e-24, nan 
43.875, 71.875, 1.8308090940293656e-24, nan 
44.125, 71.875, 9.96013712674515e-25, nan 
44.375, 71.875, 2.4409130671356344e-24, nan 
44.625, 71.875, 1.1313732014184887e-24, nan 
44.875, 71.875, 1.0857611055641983e-24, nan 
45.125, 71.875, 1.922592084084372e-24, nan 
45.375, 71.875, 2.8797736510890133e-24, nan 
45.625, 71.875, 1.6092526567767354e-24, nan 
45.875, 71.875, 2.3691965838638998e-24, nan 
46.125, 71.875, 4.040638519608616e-24, nan 
46.375, 71.875, 5.0278790687004305e-24, nan 
46.625, 71.875, 6.528678848861971e-24, nan 
46.875, 71.875, 9.775228029285048e-24, nan 
47.125, 71.875, 6.257145890788119e-24, nan 
47.375, 71.875, 7.497780280682134e-24, nan 
47.625, 71.875, 1.2654016549570626e-23, nan 
47.875, 71.875, 9.22996875973946e-24, nan 
48.125, 71.875, 3.2463596443195228e-24, nan 
48.375, 71.875, 7.593704693495426e-24, nan 
48.625, 71.875, 5.433912953978984e-24, nan 
48.875, 71.875, 6.653204720285928e-24, nan 
49.125, 71.875, 4.736113781158868e-24, nan 
49.375, 71.875, 1.0703149748066637e-23, nan 
49.625, 71.875, 7.91478827537363e-24, nan 
49.875, 71.875, 9.57044683362386e-24, nan 
50.125, 71.875, 2.1237346995065405e-23, nan 
50.375, 71.875, 1.9934063666969557e-23, nan 
50.625, 71.875, 2.0540127168082747e-23, nan 
50.875, 71.875, 1.4387976425058576e-23, nan 
51.125, 71.875, 1.2895300714010076e-23, nan 
51.375, 71.875, 1.6796729012717568e-23, nan 
51.625, 71.875, 4.899114688232586e-24, nan 
51.875, 71.875, 3.910380544076802e-24, nan 
52.125, 71.875, 5.4808163915109625e-24, nan 
52.375, 71.875, 4.650413192491453e-24, nan 
52.625, 71.875, 5.903618245735645e-24, nan 
52.875, 71.875, 6.558258166273244e-24, nan 
53.125, 71.875, 6.886918049889968e-24, nan 
53.375, 71.875, 5.601082978366195e-24, nan 
53.625, 71.875, 1.2094449491331575e-23, nan 
53.875, 71.875, 1.6982848443987546e-23, nan 
54.125, 71.875, 2.670726803935835e-23, nan 
54.375, 71.875, 2.6239892401913865e-23, nan 
54.625, 71.875, 1.856620967652206e-23, nan 
54.875, 71.875, 2.3239570234642864e-23, nan 
55.125, 71.875, 2.2016271956960536e-23, nan 
55.375, 71.875, 1.635987030571011e-23, nan 
55.625, 71.875, 1.3653530157842408e-23, nan 
55.875, 71.875, 5.181219177656566e-24, nan 
56.125, 71.875, 4.718779552743781e-24, nan 
56.375, 71.875, 7.956755376139525e-24, nan 
56.625, 71.875, 8.035350062422061e-24, nan 
56.875, 71.875, 7.789423939522296e-24, nan 
57.125, 71.875, 5.5048862916252285e-24, nan 
57.375, 71.875, 6.365461650904371e-24, nan 
57.625, 71.875, 1.053251008048933e-23, nan 
57.875, 71.875, 6.363388835502857e-24, nan 
58.125, 71.875, 7.315169649389879e-24, nan 
58.375, 71.875, 1.3989687803064648e-23, nan 
58.625, 71.875, 1.4314916687537786e-23, nan 
58.875, 71.875, 5.9027259013792164e-24, nan 
59.125, 71.875, 1.8122501522264898e-23, nan 
59.375, 71.875, 2.6249481731654366e-23, nan 
59.625, 71.875, 2.7801057418836417e-23, nan 
59.875, 71.875, 2.8061510040061224e-23, nan 
60.125, 71.875, 3.3955894881006694e-23, nan 
60.375, 71.875, 2.847994433312827e-23, nan 
60.625, 71.875, 2.3371703454715815e-23, nan 
60.875, 71.875, 2.487115980717014e-23, nan 
61.125, 71.875, 1.584521611495058e-23, nan 
61.375, 71.875, 2.4810158928419892e-23, nan 
61.625, 71.875, 3.7953407548739305e-23, nan 
61.875, 71.875, 6.40576643478653e-23, nan 
62.125, 71.875, 8.480337322876261e-23, nan 
62.375, 71.875, 8.89677712515889e-23, nan 
62.625, 71.875, 7.969894962601889e-23, nan 
62.875, 71.875, 8.433166986307212e-23, nan 
63.125, 71.875, 1.0549363923887866e-22, nan 
63.375, 71.875, 8.349332830920439e-23, nan 
63.625, 71.875, 5.979801601334704e-23, nan 
63.875, 71.875, 6.308186309253734e-23, nan 
64.125, 71.875, 4.2804359957222246e-23, nan 
64.375, 71.875, 4.2100755969756354e-23, nan 
64.625, 71.875, 3.1743287618716515e-23, nan 
64.875, 71.875, 6.124527736843836e-23, nan 
65.125, 71.875, 6.312800052654967e-23, nan 
65.375, 71.875, 3.353962861588051e-23, nan 
65.625, 71.875, 1.952598271183998e-23, nan 
65.875, 71.875, 2.9627840373435114e-23, nan 
66.125, 71.875, 1.1092034038661494e-22, nan 
66.375, 71.875, 1.0354602153539339e-22, nan 
66.625, 71.875, 8.508088903181968e-23, nan 
66.875, 71.875, 1.7720698467994508e-22, nan 
67.125, 71.875, 1.803275958788611e-22, nan 
67.375, 71.875, 1.1216768742211942e-22, nan 
67.625, 71.875, 9.611390040466026e-23, nan 
67.875, 71.875, 2.1737185849992264e-22, nan 
68.125, 71.875, 1.0722255893717893e-22, nan 
68.375, 71.875, 9.437237224081294e-23, nan 
68.625, 71.875, 1.2010875216028535e-22, nan 
68.875, 71.875, 9.179486003195265e-23, nan 
69.125, 71.875, 6.753323484875714e-23, nan 
69.375, 71.875, 1.2602136377303846e-22, nan 
69.625, 71.875, 2.5023677268097045e-22, nan 
69.875, 71.875, 3.0562246213806027e-22, nan 
70.125, 71.875, 2.533486648338722e-22, nan 
70.375, 71.875, 4.973352053495824e-22, nan 
70.625, 71.875, 6.516365532002591e-22, nan 
70.875, 71.875, 1.561942303341835e-22, nan 
71.125, 71.875, 2.781492450039113e-22, nan 
71.375, 71.875, 3.6939873620605297e-22, nan 
71.625, 71.875, 1.0386177637006633e-22, nan 
71.875, 71.875, 1.2430364883494592e-22, nan 
72.125, 71.875, 9.679395719022684e-23, nan 
72.375, 71.875, 4.991607664685104e-23, nan 
72.625, 71.875, 9.126513150393404e-23, nan 
72.875, 71.875, 1.1731342503254437e-22, nan 
73.125, 71.875, 6.357859950430593e-23, nan 
73.375, 71.875, 4.438956401262993e-23, nan 
73.625, 71.875, 1.1928407744458408e-22, nan 
73.875, 71.875, 1.322216527019634e-22, nan 
74.125, 71.875, 1.403282879777237e-22, nan 
74.375, 71.875, 1.6768718526411416e-22, nan 
74.625, 71.875, 2.261649807024597e-22, nan 
74.875, 71.875, 2.3864800308115263e-22, nan 
75.125, 71.875, 1.1206780163545244e-22, nan 
75.375, 71.875, 2.97954949389873e-22, nan 
75.625, 71.875, 3.1315520016807915e-22, nan 
75.875, 71.875, 1.4394407738556179e-22, nan 
76.125, 71.875, 1.6239451539013518e-22, nan 
76.375, 71.875, 2.0960713694882774e-22, nan 
76.625, 71.875, 2.2830840291344036e-22, nan 
76.875, 71.875, 1.059607376528172e-22, nan 
77.125, 71.875, 1.0577837016887719e-22, nan 
77.375, 71.875, 2.4886895482457126e-22, nan 
77.625, 71.875, 2.145410610533224e-22, nan 
77.875, 71.875, 1.7007516271516018e-22, nan 
78.125, 71.875, 2.0277716676622733e-22, nan 
78.375, 71.875, 2.4748360835059564e-22, nan 
78.625, 71.875, 1.6139561698594772e-22, nan 
78.875, 71.875, 2.207143025668313e-22, nan 
79.125, 71.875, 2.459095219440874e-22, nan 
79.375, 71.875, 2.8525946176807737e-22, nan 
79.625, 71.875, 2.342713135893617e-22, nan 
79.875, 71.875, 2.023698561283482e-22, nan 
80.125, 71.875, 3.2932210407288497e-22, nan 
80.375, 71.875, 5.719534435576734e-22, nan 
80.625, 71.875, 7.387400933858099e-22, nan 
80.875, 71.875, 6.525578311618173e-22, nan 
81.125, 71.875, 7.057476087571352e-22, nan 
81.375, 71.875, 7.756050557175628e-22, nan 
81.625, 71.875, 6.937092464523473e-22, nan 
81.875, 71.875, 8.235667373059518e-22, nan 
82.125, 71.875, 7.189277042437864e-22, nan 
82.375, 71.875, 6.026498424715233e-22, nan 
82.625, 71.875, 6.09081922351525e-22, nan 
82.875, 71.875, 7.433090958421938e-22, nan 
83.125, 71.875, 7.541425378475214e-22, nan 
83.375, 71.875, 7.236948700972498e-22, nan 
83.625, 71.875, 4.887143714392923e-22, nan 
83.875, 71.875, 7.914660737910008e-22, nan 
84.125, 71.875, 9.399304952549802e-22, nan 
84.375, 71.875, 1.5830994388040683e-21, nan 
84.625, 71.875, 1.7818549823631722e-21, nan 
84.875, 71.875, 1.3066043220928909e-21, nan 
85.125, 71.875, 8.996361149264932e-22, nan 
85.375, 71.875, 1.69947101242468e-21, nan 
85.625, 71.875, 1.7613945273762963e-21, nan 
85.875, 71.875, 2.4496297646671162e-21, nan 
86.125, 71.875, 2.022249450291889e-21, nan 
86.375, 71.875, 1.6997238666444196e-21, nan 
86.625, 71.875, 2.448935005812501e-21, nan 
86.875, 71.875, 1.6944180436541328e-21, nan 
87.125, 71.875, 1.6559345084910371e-21, nan 
87.375, 71.875, 2.3257610054498245e-21, nan 
87.625, 71.875, 8.931149010936483e-22, nan 
87.875, 71.875, 1.9721973648980177e-21, nan 
88.125, 71.875, 2.7420351030614546e-21, nan 
88.375, 71.875, 3.209994052740105e-21, nan 
88.625, 71.875, 2.6070103221627594e-21, nan 
88.875, 71.875, 3.656328930065931e-21, nan 
89.125, 71.875, 3.8844308497017185e-21, nan 
89.375, 71.875, 4.029089967496166e-21, nan 
89.625, 71.875, 5.681097815747824e-21, nan 
89.875, 71.875, 4.267503819050103e-21, nan 
90.125, 71.875, 5.411250436871336e-21, nan 
90.375, 71.875, 5.510254606415262e-21, nan 
90.625, 71.875, 4.169995871649031e-21, nan 
90.875, 71.875, 6.3276940673560765e-21, nan 
91.125, 71.875, 5.233729642438535e-21, nan 
91.375, 71.875, 3.712213131241691e-21, nan 
91.625, 71.875, 3.7128674829395264e-21, nan 
91.875, 71.875, 3.2406005858068248e-21, nan 
92.125, 71.875, 3.707974355606063e-21, nan 
92.375, 71.875, 6.3671703418862675e-21, nan 
92.625, 71.875, 9.738435036865205e-21, nan 
92.875, 71.875, 1.0503786310971936e-20, nan 
93.125, 71.875, 1.036145386777689e-20, nan 
93.375, 71.875, 1.637030810626699e-20, nan 
93.625, 71.875, 2.1391216827205306e-20, nan 
93.875, 71.875, 2.393213545916974e-20, nan 
94.125, 71.875, 2.2364481375488114e-20, nan 
94.375, 71.875, 2.1083786367431773e-20, nan 
94.625, 71.875, 2.857751539285152e-20, nan 
94.875, 71.875, 3.1258310018907804e-20, nan 
95.125, 71.875, 2.830144057272904e-20, nan 
95.375, 71.875, 2.691597341031362e-20, nan 
95.625, 71.875, 2.600753495553782e-20, nan 
95.875, 71.875, 1.8912066130864043e-20, nan 
96.125, 71.875, 2.7310693570961285e-20, nan 
96.375, 71.875, 1.7936313119327956e-20, nan 
96.625, 71.875, 2.1378662779129162e-20, nan 
96.875, 71.875, 3.717301950346058e-20, nan 
97.125, 71.875, 4.502468181709143e-20, nan 
97.375, 71.875, 5.894072864273268e-20, nan 
97.625, 71.875, 7.110349317411929e-20, nan 
97.875, 71.875, 3.745454826643336e-20, nan 
98.125, 71.875, 8.721573694110842e-20, nan 
98.375, 71.875, 1.168346310593787e-19, nan 
98.625, 71.875, 1.2264509999919156e-19, nan 
98.875, 71.875, 2.6709106877901107e-19, nan 
99.125, 71.875, 1.5692200285631062e-19, nan 
99.375, 71.875, 2.252974483899667e-19, nan 
99.625, 71.875, 4.908593490282307e-19, nan 
99.875, 71.875, 4.083812772942091e-19, nan 
100.125, 71.875, 2.922591340488489e-19, nan 
100.375, 71.875, 4.232758727963172e-19, nan 
100.625, 71.875, 3.2020063260398325e-19, nan 
100.875, 71.875, 2.721922599427607e-19, nan 
101.125, 71.875, 1.866839474905764e-19, nan 
101.375, 71.875, 2.2142116101777185e-19, nan 
101.625, 71.875, 1.955977937101484e-19, nan 
101.875, 71.875, 2.7922211698600685e-19, nan 
102.125, 71.875, 1.7011019624684617e-19, nan 
102.375, 71.875, 1.5489593783422092e-19, nan 
102.625, 71.875, 1.6523666985439917e-19, nan 
102.875, 71.875, 2.8535235725470204e-19, nan 
103.125, 71.875, 4.692849772289011e-19, nan 
103.375, 71.875, 2.651364530374152e-19, nan 
103.625, 71.875, 3.511362383950054e-19, nan 
103.875, 71.875, 3.062960598425494e-19, nan 
104.125, 71.875, 3.2110565930727854e-19, nan 
104.375, 71.875, 2.258920792096415e-19, nan 
104.625, 71.875, 1.7706276492319516e-19, nan 
104.875, 71.875, 1.2656141513553487e-19, nan 
105.125, 71.875, 1.493046010399616e-19, nan 
105.375, 71.875, 1.6135627934424906e-19, nan 
105.625, 71.875, 1.1386357910264142e-19, nan 
105.875, 71.875, 1.5277961796891795e-19, nan 
106.125, 71.875, 1.3849057854882118e-19, nan 
106.375, 71.875, 4.8815294648905546e-20, nan 
106.625, 71.875, 9.831030414726061e-20, nan 
106.875, 71.875, 6.064474517249628e-20, nan 
107.125, 71.875, 3.297870365136472e-20, nan 
107.375, 71.875, 3.7244871443228763e-20, nan 
107.625, 71.875, 1.9783601715639166e-20, nan 
107.875, 71.875, 1.7135946313328316e-20, nan 
108.125, 71.875, 2.8603777258513386e-20, nan 
108.375, 71.875, 2.4027700446209137e-20, nan 
108.625, 71.875, 1.8950318932968674e-20, nan 
108.875, 71.875, 1.4409265139184122e-20, nan 
109.125, 71.875, 2.2169806300654105e-20, nan 
109.375, 71.875, 1.7127841501152242e-20, nan 
109.625, 71.875, 2.792391774158476e-20, nan 
109.875, 71.875, 1.896114032544477e-20, nan 
110.125, 71.875, 2.182904434236185e-20, nan 
110.375, 71.875, 1.9299904471492885e-20, nan 
110.625, 71.875, 1.5306479561341033e-20, nan 
110.875, 71.875, 1.9688563654823034e-20, nan 
111.125, 71.875, 1.860333225225789e-20, nan 
111.375, 71.875, 1.692632386618142e-20, nan 
111.625, 71.875, 1.8012544340199377e-20, nan 
111.875, 71.875, 1.6253181790128243e-20, nan 
112.125, 71.875, 7.950705763542278e-21, nan 
112.375, 71.875, 1.5213919877826335e-20, nan 
112.625, 71.875, 1.5110192035021795e-20, nan 
112.875, 71.875, 1.6517473563473397e-20, nan 
113.125, 71.875, 1.7296117062784492e-20, nan 
113.375, 71.875, 1.5508576835484426e-20, nan 
113.625, 71.875, 1.933772848313812e-20, nan 
113.875, 71.875, 1.383515483215689e-20, nan 
114.125, 71.875, 8.971475744071782e-21, nan 
114.375, 71.875, 7.072308619697089e-21, nan 
114.625, 71.875, 6.282471499017525e-21, nan 
114.875, 71.875, 4.905678419760611e-21, nan 
115.125, 71.875, 4.87922414310222e-21, nan 
115.375, 71.875, 5.605759876805034e-21, nan 
115.625, 71.875, 3.937862840484957e-21, nan 
115.875, 71.875, 5.8369169847265805e-21, nan 
116.125, 71.875, 3.12839506584151e-21, nan 
116.375, 71.875, 2.8212037813541584e-21, nan 
116.625, 71.875, 1.40301903244098e-21, nan 
116.875, 71.875, 1.3683593886194386e-21, nan 
117.125, 71.875, 2.5934026783390645e-21, nan 
117.375, 71.875, 1.5604442457955336e-21, nan 
117.625, 71.875, 1.6068390253641058e-21, nan 
117.875, 71.875, 3.4425628804861424e-21, nan 
118.125, 71.875, 1.4839905788187718e-21, nan 
118.375, 71.875, 3.123423863995544e-21, nan 
118.625, 71.875, 5.2303598851771915e-21, nan 
118.875, 71.875, 5.781313657776056e-21, nan 
119.125, 71.875, 5.670693494844878e-21, nan 
119.375, 71.875, 5.716474329839463e-21, nan 
119.625, 71.875, 4.999974479998877e-21, nan 
119.875, 71.875, 3.594817342534456e-21, nan 
120.125, 71.875, 2.6216393022224248e-21, nan 
120.375, 71.875, 1.082345028565266e-21, nan 
120.625, 71.875, 1.3933889501666482e-21, nan 
120.875, 71.875, 7.832355200775102e-22, nan 
121.125, 71.875, 5.958821324712694e-22, nan 
121.375, 71.875, 6.182661313990412e-22, nan 
121.625, 71.875, 7.178559889155797e-22, nan 
121.875, 71.875, 9.465225877231303e-22, nan 
122.125, 71.875, 1.1047517294813156e-21, nan 
122.375, 71.875, 1.1922441500162684e-21, nan 
122.625, 71.875, 6.016244721159823e-22, nan 
122.875, 71.875, 4.822650949203694e-22, nan 
123.125, 71.875, 3.3647297912818054e-22, nan 
123.375, 71.875, 3.5046315958549047e-22, nan 
123.625, 71.875, 4.566059044967341e-22, nan 
123.875, 71.875, 6.1317888485634055e-22, nan 
124.125, 71.875, 6.1930006396756745e-22, nan 
124.375, 71.875, 7.07883989742095e-22, nan 
124.625, 71.875, 7.816040496563113e-22, nan 
124.875, 71.875, 6.156462107252308e-22, nan 
125.125, 71.875, 5.142839293566132e-22, nan 
125.375, 71.875, 6.481532197763998e-22, nan 
125.625, 71.875, 5.5070746745284645e-22, nan 
125.875, 71.875, 4.503330367717095e-22, nan 
126.125, 71.875, 4.1479901003678397e-22, nan 
126.375, 71.875, 3.938092070385277e-22, nan 
126.625, 71.875, 3.627498217298805e-22, nan 
126.875, 71.875, 2.8129003115958513e-22, nan 
127.125, 71.875, 1.2091131989206245e-22, nan 
127.375, 71.875, 2.723752480047393e-22, nan 
127.625, 71.875, 2.306438544156217e-22, nan 
127.875, 71.875, 3.755181861700259e-22, nan 
128.125, 71.875, 3.420946712196607e-22, nan 
128.375, 71.875, 7.213194027431153e-22, nan 
128.625, 71.875, 7.242367117886019e-22, nan 
128.875, 71.875, 4.1792650397946157e-22, nan 
129.125, 71.875, 5.572657010873603e-22, nan 
129.375, 71.875, 5.730582735899811e-22, nan 
129.625, 71.875, 3.853715440650586e-22, nan 
129.875, 71.875, 1.7774347329758787e-22, nan 
130.125, 71.875, 1.75337100577191e-22, nan 
130.375, 71.875, 2.1412057425308693e-22, nan 
130.625, 71.875, 1.6987271422547e-22, nan 
130.875, 71.875, 1.0877866647365356e-22, nan 
131.125, 71.875, 5.2321228183254305e-23, nan 
131.375, 71.875, 9.915481631555356e-23, nan 
131.625, 71.875, 1.3897703121638867e-22, nan 
131.875, 71.875, 1.0338260369038733e-22, nan 
132.125, 71.875, 8.216536967643587e-23, nan 
132.375, 71.875, 3.4952377947491334e-23, nan 
132.625, 71.875, 8.36974975775814e-23, nan 
132.875, 71.875, 9.13042626069838e-23, nan 
133.125, 71.875, 3.762363664366066e-23, nan 
133.375, 71.875, 4.5625700096027027e-23, nan 
133.625, 71.875, 7.673656911621834e-23, nan 
133.875, 71.875, 8.360460391450579e-23, nan 
134.125, 71.875, 6.738146093383046e-23, nan 
134.375, 71.875, 8.612396957958973e-23, nan 
134.625, 71.875, 6.946341385329553e-23, nan 
134.875, 71.875, 4.6397268718092276e-23, nan 
135.125, 71.875, 9.302078699204041e-23, nan 
135.375, 71.875, 1.0459061023307929e-22, nan 
135.625, 71.875, 7.57993300953834e-23, nan 
135.875, 71.875, 6.554232916200939e-23, nan 
136.125, 71.875, 9.653405669685345e-23, nan 
136.375, 71.875, 7.41752640172507e-23, nan 
136.625, 71.875, 6.640140540460136e-23, nan 
136.875, 71.875, 4.0320077240863037e-23, nan 
137.125, 71.875, 3.7724848780544084e-23, nan 
137.375, 71.875, 5.82757443632047e-23, nan 
137.625, 71.875, 5.922080520041589e-23, nan 
137.875, 71.875, 4.709226070362509e-23, nan 
138.125, 71.875, 3.7932802338024955e-23, nan 
138.375, 71.875, 3.5902401692369064e-23, nan 
138.625, 71.875, 6.527785742030658e-23, nan 
138.875, 71.875, 6.233547920104437e-23, nan 
139.125, 71.875, 5.81416964012216e-23, nan 
139.375, 71.875, 6.13348201546749e-23, nan 
139.625, 71.875, 6.277716493082244e-23, nan 
139.875, 71.875, 7.21202824438138e-23, nan 
140.125, 71.875, 5.2703991201613713e-23, nan 
140.375, 71.875, 2.121632648286118e-23, nan 
140.625, 71.875, 1.5455435189929578e-23, nan 
140.875, 71.875, 2.441303457359579e-23, nan 
141.125, 71.875, 1.5232117670340516e-23, nan 
141.375, 71.875, 1.3572653934298382e-23, nan 
141.625, 71.875, 2.0812131563319272e-23, nan 
141.875, 71.875, 6.258524607253587e-24, nan 
142.125, 71.875, 1.549811119771247e-23, nan 
142.375, 71.875, 2.67789799639247e-23, nan 
142.625, 71.875, 1.0690390012163274e-23, nan 
142.875, 71.875, 1.511137569205252e-23, nan 
143.125, 71.875, 2.803357673472579e-23, nan 
143.375, 71.875, 2.8128718358190225e-23, nan 
143.625, 71.875, 2.987696547207588e-23, nan 
143.875, 71.875, 2.2424801032691186e-23, nan 
144.125, 71.875, 3.9291405981283476e-23, nan 
144.375, 71.875, 5.154180773823544e-23, nan 
144.625, 71.875, 3.350420064571963e-23, nan 
144.875, 71.875, 4.914258237789765e-23, nan 
145.125, 71.875, 6.133205397889472e-23, nan 
145.375, 71.875, 9.277040621317202e-23, nan 
145.625, 71.875, 2.2241635506061114e-22, nan 
145.875, 71.875, 3.1091617830692325e-22, nan 
146.125, 71.875, 2.1471245870598137e-22, nan 
146.375, 71.875, 5.954549002600868e-23, nan 
146.625, 71.875, 4.014376682942015e-23, nan 
146.875, 71.875, 2.5656331588972255e-23, nan 
147.125, 71.875, 3.493080138492985e-23, nan 
147.375, 71.875, 6.715486652371413e-23, nan 
147.625, 71.875, 1.9219116837007408e-23, nan 
147.875, 71.875, 3.158843463003905e-23, nan 
148.125, 71.875, 5.1424863809645684e-23, nan 
148.375, 71.875, 1.6709068939251412e-23, nan 
148.625, 71.875, 1.613856209511908e-23, nan 
148.875, 71.875, 9.403238090336259e-24, nan 
149.125, 71.875, 1.3011059959108964e-23, nan 
149.375, 71.875, 1.8683097551851605e-23, nan 
149.625, 71.875, 1.8573204809340835e-23, nan 
149.875, 71.875, 2.7447909894457176e-23, nan 
150.125, 71.875, 2.276023936027477e-23, nan 
150.375, 71.875, 1.9638112376629866e-23, nan 
150.625, 71.875, 2.0485640418458542e-23, nan 
150.875, 71.875, 1.8089971084394863e-23, nan 
151.125, 71.875, 1.7246141849276705e-23, nan 
151.375, 71.875, 1.521815376801721e-23, nan 
151.625, 71.875, 1.2622340545533285e-23, nan 
151.875, 71.875, 6.956409663805337e-24, nan 
152.125, 71.875, 1.5016264505621862e-23, nan 
152.375, 71.875, 1.6372989057939587e-23, nan 
152.625, 71.875, 9.956016287025916e-24, nan 
152.875, 71.875, 8.962683128267528e-24, nan 
153.125, 71.875, 1.0420886148549521e-23, nan 
153.375, 71.875, 7.395470201062717e-24, nan 
153.625, 71.875, 4.7838272076919665e-24, nan 
153.875, 71.875, 4.839545426669449e-24, nan 
154.125, 71.875, 3.830488075400638e-24, nan 
154.375, 71.875, 1.7809406748767485e-24, nan 
154.625, 71.875, 8.057304965530197e-25, nan 
154.875, 71.875, 4.3494225607480134e-24, nan 
155.125, 71.875, 3.147610762972536e-24, nan 
155.375, 71.875, 6.026504239417269e-24, nan 
155.625, 71.875, 6.2230544338364335e-24, nan 
155.875, 71.875, 5.868412076470192e-24, nan 
156.125, 71.875, 7.616960224231162e-24, nan 
156.375, 71.875, 1.089943018623065e-23, nan 
156.625, 71.875, 1.1523379324629141e-23, nan 
156.875, 71.875, 9.963571020472748e-24, nan 
157.125, 71.875, 7.791150706990533e-24, nan 
157.375, 71.875, 8.385610893286536e-24, nan 
157.625, 71.875, 7.348975625778705e-24, nan 
157.875, 71.875, 4.633899641398475e-24, nan 
158.125, 71.875, 1.9842818598337943e-24, nan 
158.375, 71.875, 3.515679830851539e-24, nan 
158.625, 71.875, 3.045699640294202e-24, nan 
158.875, 71.875, 3.46671162586557e-24, nan 
159.125, 71.875, 4.762858306001954e-24, nan 
159.375, 71.875, 4.421231082561282e-24, nan 
159.625, 71.875, 4.495562294125297e-24, nan 
159.875, 71.875, 3.7600985684211134e-24, nan 
160.125, 71.875, 2.9452408970512106e-24, nan 
160.375, 71.875, 4.317702038648258e-24, nan 
160.625, 71.875, 5.915480983472328e-24, nan 
160.875, 71.875, 1.3713749700309038e-23, nan 
161.125, 71.875, 1.1733147129204995e-23, nan 
161.375, 71.875, 1.335047331781879e-23, nan 
161.625, 71.875, 1.979896020856969e-23, nan 
161.875, 71.875, 2.3293904080553936e-23, nan 
162.125, 71.875, 2.2554503152549564e-23, nan 
162.375, 71.875, 2.3919550545776212e-23, nan 
162.625, 71.875, 2.845781832351468e-23, nan 
162.875, 71.875, 1.6998662845252964e-23, nan 
163.125, 71.875, 2.0877441889919723e-23, nan 
163.375, 71.875, 2.5779289601684863e-23, nan 
163.625, 71.875, 2.6720379542101863e-23, nan 
163.875, 71.875, 2.052686017368923e-23, nan 
164.125, 71.875, 1.7795072780026747e-23, nan 
164.375, 71.875, 3.3529880948501337e-23, nan 
164.625, 71.875, 3.965398294589904e-23, nan 
164.875, 71.875, 4.35388286649898e-23, nan 
165.125, 71.875, 2.1105363644138206e-23, nan 
165.375, 71.875, 5.0907910163926853e-23, nan 
165.625, 71.875, 6.541850923849263e-23, nan 
165.875, 71.875, 5.2069485263924614e-23, nan 
166.125, 71.875, 5.2672892500928706e-23, nan 
166.375, 71.875, 3.75553705928866e-23, nan 
166.625, 71.875, 2.379611112438434e-23, nan 
166.875, 71.875, 4.3024409214471727e-23, nan 
167.125, 71.875, 2.977566918451053e-23, nan 
167.375, 71.875, 1.4313087253283737e-23, nan 
167.625, 71.875, 5.9044957006986106e-24, nan 
167.875, 71.875, 1.4096688969253302e-23, nan 
168.125, 71.875, 1.2299647026254876e-23, nan 
168.375, 71.875, 8.225929859219341e-24, nan 
168.625, 71.875, 9.240717793773387e-24, nan 
168.875, 71.875, 6.947943574847593e-24, nan 
169.125, 71.875, 7.241992453045507e-24, nan 
169.375, 71.875, 1.0370379795572762e-23, nan 
169.625, 71.875, 7.433672571727844e-24, nan 
169.875, 71.875, 7.783964124678751e-24, nan 
170.125, 71.875, 5.8978083231325245e-24, nan 
170.375, 71.875, 5.413262894506188e-24, nan 
170.625, 71.875, 4.202993125698175e-24, nan 
170.875, 71.875, 3.782781973516902e-24, nan 
171.125, 71.875, 2.20171429895296e-24, nan 
171.375, 71.875, 1.9864177905422396e-24, nan 
171.625, 71.875, 2.3054912992427677e-24, nan 
171.875, 71.875, 2.3757867574713902e-24, nan 
172.125, 71.875, 2.3089791103563223e-24, nan 
172.375, 71.875, 2.74721208492159e-24, nan 
172.625, 71.875, 2.3164709417574016e-24, nan 
172.875, 71.875, 1.8270616529347488e-24, nan 
173.125, 71.875, 1.6796538648105222e-24, nan 
173.375, 71.875, 1.6887897869219622e-24, nan 
173.625, 71.875, 1.3411817254464217e-24, nan 
173.875, 71.875, 1.6305291614595378e-24, nan 
174.125, 71.875, 1.3087805699657261e-24, nan 
174.375, 71.875, 2.4984703857081064e-24, nan 
174.625, 71.875, 2.7598787603853064e-24, nan 
174.875, 71.875, 2.8173755996957085e-24, nan 
175.125, 71.875, 2.9854786931945306e-24, nan 
27.375, 72.125, 1.2488621002101845e-24, nan 
27.625, 72.125, 1.0203868052571244e-24, nan 
27.875, 72.125, 1.0082551577998415e-24, nan 
28.125, 72.125, 1.0683518612084109e-24, nan 
28.375, 72.125, 1.5820815583648977e-24, nan 
28.625, 72.125, 1.4715203971836883e-24, nan 
28.875, 72.125, 1.0066752062568868e-24, nan 
29.125, 72.125, 1.3168380755679137e-24, nan 
29.375, 72.125, 1.6280906450356188e-24, nan 
29.625, 72.125, 2.426644872217819e-24, nan 
29.875, 72.125, 2.8727051873964997e-24, nan 
30.125, 72.125, 2.229840438648958e-24, nan 
30.375, 72.125, 1.8315990827840693e-24, nan 
30.625, 72.125, 1.044318766974578e-24, nan 
30.875, 72.125, 4.332533981948844e-25, nan 
31.125, 72.125, 5.243398260781694e-25, nan 
31.375, 72.125, 6.527566321418782e-25, nan 
31.625, 72.125, 9.829788983129455e-25, nan 
31.875, 72.125, 2.0328713520119632e-24, nan 
32.125, 72.125, 1.8125229053512218e-24, nan 
32.375, 72.125, 1.2014764335161352e-24, nan 
32.625, 72.125, 1.9560451589484537e-24, nan 
32.875, 72.125, 1.4973161180006399e-24, nan 
33.125, 72.125, 2.075329763365475e-24, nan 
33.375, 72.125, 1.573162713259795e-24, nan 
33.625, 72.125, 1.5209834241685256e-24, nan 
33.875, 72.125, 3.2622329460320046e-24, nan 
34.125, 72.125, 1.8477983578808935e-24, nan 
34.375, 72.125, 1.6757648633588963e-24, nan 
34.625, 72.125, 1.6078591629625047e-24, nan 
34.875, 72.125, 1.17200557027777e-24, nan 
35.125, 72.125, 1.0761517638193266e-24, nan 
35.375, 72.125, 2.3145188568506697e-24, nan 
35.625, 72.125, 2.8829627985314766e-24, nan 
35.875, 72.125, 8.642591829797173e-24, nan 
36.125, 72.125, 5.760211832064521e-24, nan 
36.375, 72.125, 4.126697718418731e-24, nan 
36.625, 72.125, 1.5456014082593793e-23, nan 
36.875, 72.125, 1.1465832632443002e-23, nan 
37.125, 72.125, 6.055371855673797e-24, nan 
37.375, 72.125, 8.260638024423059e-24, nan 
37.625, 72.125, 6.924363468785875e-24, nan 
37.875, 72.125, 5.61607233831601e-24, nan 
38.125, 72.125, 9.316744074186457e-24, nan 
38.375, 72.125, 8.517555868405751e-24, nan 
38.625, 72.125, 5.2764635954674506e-24, nan 
38.875, 72.125, 1.2292609733800599e-23, nan 
39.125, 72.125, 1.2564144920007025e-23, nan 
39.375, 72.125, 8.992596627054208e-24, nan 
39.625, 72.125, 8.998581963466058e-24, nan 
39.875, 72.125, 6.598245111832811e-24, nan 
40.125, 72.125, 5.202922592606397e-24, nan 
40.375, 72.125, 6.5269448638932106e-24, nan 
40.625, 72.125, 3.45548819565066e-24, nan 
40.875, 72.125, 2.000912030604668e-24, nan 
41.125, 72.125, 3.0768266636831957e-24, nan 
41.375, 72.125, 2.7031614270465577e-24, nan 
41.625, 72.125, 3.614432655435131e-24, nan 
41.875, 72.125, 3.412330969060449e-24, nan 
42.125, 72.125, 2.5716168983345983e-24, nan 
42.375, 72.125, 2.5462962284950118e-24, nan 
42.625, 72.125, 3.589276686271102e-24, nan 
42.875, 72.125, 1.993827022424845e-24, nan 
43.125, 72.125, 2.2111966945215787e-24, nan 
43.375, 72.125, 1.2523700808520773e-24, nan 
43.625, 72.125, 1.0654471785618027e-24, nan 
43.875, 72.125, 1.1309921552164352e-24, nan 
44.125, 72.125, 1.9713194226621873e-24, nan 
44.375, 72.125, 1.2323285851930567e-24, nan 
44.625, 72.125, 2.2383866926853013e-24, nan 
44.875, 72.125, 1.9880070095416005e-24, nan 
45.125, 72.125, 1.937573063897658e-24, nan 
45.375, 72.125, 3.661738891255939e-24, nan 
45.625, 72.125, 2.5882943501580326e-24, nan 
45.875, 72.125, 3.2337053501464126e-24, nan 
46.125, 72.125, 2.5161602678717073e-24, nan 
46.375, 72.125, 4.019656692300702e-24, nan 
46.625, 72.125, 5.3190110914889624e-24, nan 
46.875, 72.125, 8.112485257207969e-24, nan 
47.125, 72.125, 1.058964795909578e-23, nan 
47.375, 72.125, 5.220926668933749e-24, nan 
47.625, 72.125, 1.9773291800708404e-23, nan 
47.875, 72.125, 2.2823185446382296e-23, nan 
48.125, 72.125, 6.903442982647549e-24, nan 
48.375, 72.125, 1.4172500796600183e-23, nan 
48.625, 72.125, 1.4675621759317556e-23, nan 
48.875, 72.125, 7.286495089255658e-24, nan 
49.125, 72.125, 5.860004778029473e-24, nan 
49.375, 72.125, 1.103302685954614e-23, nan 
49.625, 72.125, 1.535847164324586e-23, nan 
49.875, 72.125, 7.880531884468668e-24, nan 
50.125, 72.125, 2.035920999262697e-23, nan 
50.375, 72.125, 3.4190697049947125e-23, nan 
50.625, 72.125, 1.7621613034445663e-23, nan 
50.875, 72.125, 1.5565218541280178e-23, nan 
51.125, 72.125, 2.5464643407743678e-23, nan 
51.375, 72.125, 1.7235176439764654e-23, nan 
51.625, 72.125, 9.22809986736283e-24, nan 
51.875, 72.125, 6.512208749174999e-24, nan 
52.125, 72.125, 6.107187724260154e-24, nan 
52.375, 72.125, 5.63824566326157e-24, nan 
52.625, 72.125, 6.437203194796887e-24, nan 
52.875, 72.125, 4.1895780769902205e-24, nan 
53.125, 72.125, 5.598631129953281e-24, nan 
53.375, 72.125, 7.387250251195518e-24, nan 
53.625, 72.125, 7.820865501638516e-24, nan 
53.875, 72.125, 1.2825681543640857e-23, nan 
54.125, 72.125, 1.51166661794456e-23, nan 
54.375, 72.125, 1.8559830546344597e-23, nan 
54.625, 72.125, 1.9407940049820708e-23, nan 
54.875, 72.125, 1.960361992639051e-23, nan 
55.125, 72.125, 2.3527594806368914e-23, nan 
55.375, 72.125, 1.6563202341586687e-23, nan 
55.625, 72.125, 1.2756720449443215e-23, nan 
55.875, 72.125, 1.1230379114403964e-23, nan 
56.125, 72.125, 1.0358154943038374e-23, nan 
56.375, 72.125, 1.214609866853437e-23, nan 
56.625, 72.125, 8.293779832581284e-24, nan 
56.875, 72.125, 8.101894675664172e-24, nan 
57.125, 72.125, 1.0754261638620034e-23, nan 
57.375, 72.125, 1.3085726743027977e-23, nan 
57.625, 72.125, 1.30882885923081e-23, nan 
57.875, 72.125, 1.0162675263224498e-23, nan 
58.125, 72.125, 1.3583062403025643e-23, nan 
58.375, 72.125, 1.851911613539601e-23, nan 
58.625, 72.125, 1.339452792588363e-23, nan 
58.875, 72.125, 1.1259351169587775e-23, nan 
59.125, 72.125, 2.0068561386564533e-23, nan 
59.375, 72.125, 1.6270108108652147e-23, nan 
59.625, 72.125, 1.1630485502745147e-23, nan 
59.875, 72.125, 2.63119988620536e-23, nan 
60.125, 72.125, 3.009404999510812e-23, nan 
60.375, 72.125, 2.0403256112812036e-23, nan 
60.625, 72.125, 3.190056284519369e-23, nan 
60.875, 72.125, 3.624764586177602e-23, nan 
61.125, 72.125, 3.4360471447896575e-23, nan 
61.375, 72.125, 1.9833479432083877e-23, nan 
61.625, 72.125, 1.6981473695752694e-23, nan 
61.875, 72.125, 3.3983555566769724e-23, nan 
62.125, 72.125, 3.013170872304746e-23, nan 
62.375, 72.125, 3.9189875323893394e-23, nan 
62.625, 72.125, 6.030242794339041e-23, nan 
62.875, 72.125, 7.469005265056447e-23, nan 
63.125, 72.125, 9.09832542727189e-23, nan 
63.375, 72.125, 8.189381137774187e-23, nan 
63.625, 72.125, 7.211838516083484e-23, nan 
63.875, 72.125, 6.930796170263173e-23, nan 
64.125, 72.125, 6.611046986132253e-23, nan 
64.375, 72.125, 6.65370250553288e-23, nan 
64.625, 72.125, 4.510828231713679e-23, nan 
64.875, 72.125, 9.518429892196276e-23, nan 
65.125, 72.125, 1.0670203824649748e-22, nan 
65.375, 72.125, 5.631033141273244e-23, nan 
65.625, 72.125, 4.642932663040325e-23, nan 
65.875, 72.125, 4.637460462523651e-23, nan 
66.125, 72.125, 7.46183803411243e-23, nan 
66.375, 72.125, 4.0575867907935936e-23, nan 
66.625, 72.125, 4.848273972518458e-23, nan 
66.875, 72.125, 9.754231979540212e-23, nan 
67.125, 72.125, 7.04284634634039e-23, nan 
67.375, 72.125, 5.597869286046494e-23, nan 
67.625, 72.125, 1.116487866781236e-22, nan 
67.875, 72.125, 8.727791231212418e-23, nan 
68.125, 72.125, 4.5476242289724685e-23, nan 
68.375, 72.125, 1.7421390018792122e-22, nan 
68.625, 72.125, 1.0094737745683126e-22, nan 
68.875, 72.125, 1.2153740735832892e-22, nan 
69.125, 72.125, 1.605055716018403e-22, nan 
69.375, 72.125, 8.748097320023928e-23, nan 
69.625, 72.125, 1.093242214872268e-22, nan 
69.875, 72.125, 9.839404334993692e-23, nan 
70.125, 72.125, 1.602600047999045e-22, nan 
70.375, 72.125, 2.6694817536044283e-22, nan 
70.625, 72.125, 3.4951206575729715e-22, nan 
70.875, 72.125, 1.2381080693134532e-22, nan 
71.125, 72.125, 1.2223899197779656e-22, nan 
71.375, 72.125, 1.0507034741529011e-22, nan 
71.625, 72.125, 1.5389717869855256e-22, nan 
71.875, 72.125, 1.8258107189475669e-22, nan 
72.125, 72.125, 4.320156102935289e-23, nan 
72.375, 72.125, 1.0116073575719753e-22, nan 
72.625, 72.125, 1.4330604180592571e-22, nan 
72.875, 72.125, 1.3712195863616877e-22, nan 
73.125, 72.125, 1.6799723328807915e-22, nan 
73.375, 72.125, 1.7922834587843138e-22, nan 
73.625, 72.125, 1.9641249694003275e-22, nan 
73.875, 72.125, 2.067604012853741e-22, nan 
74.125, 72.125, 2.468741930296904e-22, nan 
74.375, 72.125, 2.3182517797147856e-22, nan 
74.625, 72.125, 1.3978360942242933e-22, nan 
74.875, 72.125, 2.2940516455208686e-22, nan 
75.125, 72.125, 2.0112632031866153e-22, nan 
75.375, 72.125, 1.8451603102014332e-22, nan 
75.625, 72.125, 2.56987731357452e-22, nan 
75.875, 72.125, 2.6684265327347216e-22, nan 
76.125, 72.125, 8.653885808486395e-23, nan 
76.375, 72.125, 3.2166282037599044e-23, nan 
76.625, 72.125, 2.401597846168421e-22, nan 
76.875, 72.125, 1.2585559295532715e-22, nan 
77.125, 72.125, 1.450429173983678e-22, nan 
77.375, 72.125, 2.7565821416724153e-22, nan 
77.625, 72.125, 2.653358199742886e-22, nan 
77.875, 72.125, 2.0244138534742182e-22, nan 
78.125, 72.125, 1.5994887986086295e-22, nan 
78.375, 72.125, 2.6410019347220043e-22, nan 
78.625, 72.125, 1.6917803276767054e-22, nan 
78.875, 72.125, 1.6416075004145037e-22, nan 
79.125, 72.125, 1.842024036762818e-22, nan 
79.375, 72.125, 2.615451318082671e-22, nan 
79.625, 72.125, 2.287808926337114e-22, nan 
79.875, 72.125, 1.8435425306736476e-22, nan 
80.125, 72.125, 4.3596341384516395e-22, nan 
80.375, 72.125, 5.736655381986457e-22, nan 
80.625, 72.125, 1.6391638491095323e-22, nan 
80.875, 72.125, 6.718805377142121e-22, nan 
81.125, 72.125, 9.118773896535977e-22, nan 
81.375, 72.125, 4.804704635098012e-22, nan 
81.625, 72.125, 9.010974103105964e-22, nan 
81.875, 72.125, 7.07825918909406e-22, nan 
82.125, 72.125, 6.42821371432679e-22, nan 
82.375, 72.125, 8.764355686961788e-22, nan 
82.625, 72.125, 6.578288462484749e-22, nan 
82.875, 72.125, 8.0057815295121925e-22, nan 
83.125, 72.125, 7.019487262955927e-22, nan 
83.375, 72.125, 7.2118868505259e-22, nan 
83.625, 72.125, 6.712880202122954e-22, nan 
83.875, 72.125, 5.490986483394661e-22, nan 
84.125, 72.125, 7.155676054554709e-22, nan 
84.375, 72.125, 5.80114102999795e-22, nan 
84.625, 72.125, 6.97939834273718e-22, nan 
84.875, 72.125, 9.63584962594551e-22, nan 
85.125, 72.125, 6.274950540557205e-22, nan 
85.375, 72.125, 9.940329434562191e-22, nan 
85.625, 72.125, 1.2417760582384872e-21, nan 
85.875, 72.125, 9.820769984044936e-22, nan 
86.125, 72.125, 7.834469476356161e-22, nan 
86.375, 72.125, 1.2843411829680609e-21, nan 
86.625, 72.125, 1.4700208457846267e-21, nan 
86.875, 72.125, 1.9097317673777155e-21, nan 
87.125, 72.125, 1.3933699468446002e-21, nan 
87.375, 72.125, 2.3626995231733843e-21, nan 
87.625, 72.125, 2.10526383649188e-21, nan 
87.875, 72.125, 2.1825591668822e-21, nan 
88.125, 72.125, 2.4209176021878563e-21, nan 
88.375, 72.125, 2.2668571116548797e-21, nan 
88.625, 72.125, 3.399557681893094e-21, nan 
88.875, 72.125, 2.687180059712353e-21, nan 
89.125, 72.125, 3.6405158059034254e-21, nan 
89.375, 72.125, 4.3640421713558365e-21, nan 
89.625, 72.125, 5.973356599293625e-21, nan 
89.875, 72.125, 6.0737539604448995e-21, nan 
90.125, 72.125, 4.855624255677437e-21, nan 
90.375, 72.125, 5.576373980194018e-21, nan 
90.625, 72.125, 5.8499521542469444e-21, nan 
90.875, 72.125, 5.7552553771242545e-21, nan 
91.125, 72.125, 5.892935273097255e-21, nan 
91.375, 72.125, 6.78132231262623e-21, nan 
91.625, 72.125, 7.511068373946216e-21, nan 
91.875, 72.125, 1.0149689635772808e-20, nan 
92.125, 72.125, 1.0959854836286458e-20, nan 
92.375, 72.125, 1.571670173711766e-20, nan 
92.625, 72.125, 1.388150786163327e-20, nan 
92.875, 72.125, 1.2547898269683327e-20, nan 
93.125, 72.125, 1.1818772843004231e-20, nan 
93.375, 72.125, 1.9866561930209684e-20, nan 
93.625, 72.125, 2.016125661886087e-20, nan 
93.875, 72.125, 1.9899578244753063e-20, nan 
94.125, 72.125, 1.9736082102902297e-20, nan 
94.375, 72.125, 1.926277396884131e-20, nan 
94.625, 72.125, 1.5831496314476924e-20, nan 
94.875, 72.125, 8.950788782816814e-21, nan 
95.125, 72.125, 1.679833189856536e-20, nan 
95.375, 72.125, 2.700427676949824e-20, nan 
95.625, 72.125, 1.0757921232855115e-20, nan 
95.875, 72.125, 1.3562057315918e-20, nan 
96.125, 72.125, 1.773193686551002e-20, nan 
96.375, 72.125, 1.4474386577602233e-20, nan 
96.625, 72.125, 1.659891594476717e-20, nan 
96.875, 72.125, 1.5666159200650157e-20, nan 
97.125, 72.125, 3.760887556104654e-20, nan 
97.375, 72.125, 2.8192644667760554e-20, nan 
97.625, 72.125, 3.1720458593023386e-20, nan 
97.875, 72.125, 4.1602110130535675e-20, nan 
98.125, 72.125, 5.344271843942974e-20, nan 
98.375, 72.125, 7.489937856544176e-20, nan 
98.625, 72.125, 7.583114785647647e-20, nan 
98.875, 72.125, 6.927136797299987e-20, nan 
99.125, 72.125, 1.0296674000091166e-19, nan 
99.375, 72.125, 1.3632812504428993e-19, nan 
99.625, 72.125, 2.2299590039856883e-19, nan 
99.875, 72.125, 1.8316554293913688e-19, nan 
100.125, 72.125, 1.633469337205231e-19, nan 
100.375, 72.125, 1.1474240334839157e-19, nan 
100.625, 72.125, 1.503277021464355e-19, nan 
100.875, 72.125, 8.239284864446803e-20, nan 
101.125, 72.125, 7.941665854148764e-20, nan 
101.375, 72.125, 8.989523848588861e-20, nan 
101.625, 72.125, 5.3132231084864634e-20, nan 
101.875, 72.125, 6.381219228206945e-20, nan 
102.125, 72.125, 1.0562050475408108e-19, nan 
102.375, 72.125, 1.1300673733760274e-19, nan 
102.625, 72.125, 1.691246019210567e-19, nan 
102.875, 72.125, 1.7066583863226565e-19, nan 
103.125, 72.125, 1.7078620026905116e-19, nan 
103.375, 72.125, 1.606455660032795e-19, nan 
103.625, 72.125, 1.7724244109544484e-19, nan 
103.875, 72.125, 1.301641147234418e-19, nan 
104.125, 72.125, 1.1853846312249891e-19, nan 
104.375, 72.125, 1.171138180438789e-19, nan 
104.625, 72.125, 7.836889612700762e-20, nan 
104.875, 72.125, 1.1438773052420555e-19, nan 
105.125, 72.125, 1.1092597701255036e-19, nan 
105.375, 72.125, 1.0347585192933275e-19, nan 
105.625, 72.125, 8.94406287610852e-20, nan 
105.875, 72.125, 6.730170378160257e-20, nan 
106.125, 72.125, 5.4198826109906114e-20, nan 
106.375, 72.125, 6.020604321266825e-20, nan 
106.625, 72.125, 8.504768855740094e-20, nan 
106.875, 72.125, 7.172750244525503e-20, nan 
107.125, 72.125, 5.359853695895942e-20, nan 
107.375, 72.125, 5.730856291572413e-20, nan 
107.625, 72.125, 5.83649710949973e-20, nan 
107.875, 72.125, 3.614837788235534e-20, nan 
108.125, 72.125, 2.5872919159855383e-20, nan 
108.375, 72.125, 4.1820140058152155e-20, nan 
108.625, 72.125, 4.029438251606143e-20, nan 
108.875, 72.125, 4.072194837123541e-20, nan 
109.125, 72.125, 3.0817901069364207e-20, nan 
109.375, 72.125, 3.154220520380167e-20, nan 
109.625, 72.125, 3.1133605058468504e-20, nan 
109.875, 72.125, 1.540531613538932e-20, nan 
110.125, 72.125, 1.6885330962874148e-20, nan 
110.375, 72.125, 1.7748917132248113e-20, nan 
110.625, 72.125, 1.4986546007768124e-20, nan 
110.875, 72.125, 1.7231150854966127e-20, nan 
111.125, 72.125, 1.667332126861328e-20, nan 
111.375, 72.125, 1.4559534083749804e-20, nan 
111.625, 72.125, 1.7278837365682334e-20, nan 
111.875, 72.125, 1.7947817925068706e-20, nan 
112.125, 72.125, 1.687308135472201e-20, nan 
112.375, 72.125, 1.7858203112916403e-20, nan 
112.625, 72.125, 1.637388234843867e-20, nan 
112.875, 72.125, 1.831563104582265e-20, nan 
113.125, 72.125, 1.674894200730133e-20, nan 
113.375, 72.125, 1.3765954289365436e-20, nan 
113.625, 72.125, 1.623989663786763e-20, nan 
113.875, 72.125, 1.2200912304386192e-20, nan 
114.125, 72.125, 7.186965398370424e-21, nan 
114.375, 72.125, 1.042006520336115e-20, nan 
114.625, 72.125, 9.89761200109433e-21, nan 
114.875, 72.125, 4.42392642180805e-21, nan 
115.125, 72.125, 5.31225855341948e-21, nan 
115.375, 72.125, 8.185352193345453e-21, nan 
115.625, 72.125, 5.172336037723748e-21, nan 
115.875, 72.125, 8.88099144297476e-21, nan 
116.125, 72.125, 5.6102724115225456e-21, nan 
116.375, 72.125, 2.583038309134156e-21, nan 
116.625, 72.125, 5.218101599349639e-21, nan 
116.875, 72.125, 4.1789970712635584e-21, nan 
117.125, 72.125, 5.553268929711929e-21, nan 
117.375, 72.125, 4.318945487422153e-21, nan 
117.625, 72.125, 6.946450400103282e-21, nan 
117.875, 72.125, 1.2215665866709822e-20, nan 
118.125, 72.125, 9.873921258805798e-21, nan 
118.375, 72.125, 7.27301003909496e-21, nan 
118.625, 72.125, 1.0455435545644204e-20, nan 
118.875, 72.125, 9.514295138345894e-21, nan 
119.125, 72.125, 6.943797248019891e-21, nan 
119.375, 72.125, 6.2004444349121015e-21, nan 
119.625, 72.125, 6.944692157275707e-21, nan 
119.875, 72.125, 5.670215291469213e-21, nan 
120.125, 72.125, 3.5290156343416636e-21, nan 
120.375, 72.125, 4.4694325750260296e-21, nan 
120.625, 72.125, 4.184512943461799e-21, nan 
120.875, 72.125, 1.9658754617801212e-21, nan 
121.125, 72.125, 1.2233333859740538e-21, nan 
121.375, 72.125, 1.7160524018213427e-21, nan 
121.625, 72.125, 7.489374046466325e-22, nan 
121.875, 72.125, 9.581682124815962e-22, nan 
122.125, 72.125, 4.543250355435497e-22, nan 
122.375, 72.125, 6.448856081904042e-22, nan 
122.625, 72.125, 8.099344655774102e-22, nan 
122.875, 72.125, 4.832465471063634e-22, nan 
123.125, 72.125, 6.003762001966274e-22, nan 
123.375, 72.125, 5.7041817899551e-22, nan 
123.625, 72.125, 7.062808228069175e-22, nan 
123.875, 72.125, 7.994003169313054e-22, nan 
124.125, 72.125, 7.689892135080995e-22, nan 
124.375, 72.125, 6.184191368592119e-22, nan 
124.625, 72.125, 8.860315252632213e-22, nan 
124.875, 72.125, 1.0172507378561659e-21, nan 
125.125, 72.125, 7.156427445070519e-22, nan 
125.375, 72.125, 6.24595343409008e-22, nan 
125.625, 72.125, 6.627260689695073e-22, nan 
125.875, 72.125, 4.372039734484558e-22, nan 
126.125, 72.125, 2.133868884599292e-22, nan 
126.375, 72.125, 2.9073729088992964e-22, nan 
126.625, 72.125, 3.033921764453624e-22, nan 
126.875, 72.125, 3.47936697640101e-22, nan 
127.125, 72.125, 3.5661161996754416e-22, nan 
127.375, 72.125, 4.186093890684135e-22, nan 
127.625, 72.125, 5.412652959102558e-22, nan 
127.875, 72.125, 5.433100937980525e-22, nan 
128.125, 72.125, 3.7137435004273425e-22, nan 
128.375, 72.125, 5.373729548501419e-22, nan 
128.625, 72.125, 4.855017698940703e-22, nan 
128.875, 72.125, 4.2649302094038445e-22, nan 
129.125, 72.125, 2.527994503828584e-22, nan 
129.375, 72.125, 2.444772845528588e-22, nan 
129.625, 72.125, 2.8425934314991567e-22, nan 
129.875, 72.125, 1.6664021461371624e-22, nan 
130.125, 72.125, 1.7761695494066866e-22, nan 
130.375, 72.125, 2.395957659324524e-22, nan 
130.625, 72.125, 1.118455161534505e-22, nan 
130.875, 72.125, 6.094431863872279e-23, nan 
131.125, 72.125, 9.548988085924061e-23, nan 
131.375, 72.125, 8.27303748142226e-23, nan 
131.625, 72.125, 7.890865047987281e-23, nan 
131.875, 72.125, 9.201814797567957e-23, nan 
132.125, 72.125, 1.015943767915464e-22, nan 
132.375, 72.125, 1.0386002459553136e-22, nan 
132.625, 72.125, 5.0060943703952415e-23, nan 
132.875, 72.125, 9.080802105193817e-23, nan 
133.125, 72.125, 4.319261731056587e-23, nan 
133.375, 72.125, 1.0422792354201572e-22, nan 
133.625, 72.125, 1.1069341304140887e-22, nan 
133.875, 72.125, 6.332967384006869e-23, nan 
134.125, 72.125, 9.876133051330408e-23, nan 
134.375, 72.125, 1.1369601269578745e-22, nan 
134.625, 72.125, 6.119257606204869e-23, nan 
134.875, 72.125, 3.121945108197854e-23, nan 
135.125, 72.125, 7.063904757804019e-23, nan 
135.375, 72.125, 6.296873204306815e-23, nan 
135.625, 72.125, 9.195898440830772e-23, nan 
135.875, 72.125, 6.553812659012574e-23, nan 
136.125, 72.125, 4.788270249561875e-23, nan 
136.375, 72.125, 8.065899819951404e-23, nan 
136.625, 72.125, 6.865992947262906e-23, nan 
136.875, 72.125, 2.94848281990437e-23, nan 
137.125, 72.125, 2.767779146537046e-23, nan 
137.375, 72.125, 4.688675016791176e-23, nan 
137.625, 72.125, 3.280645643706606e-23, nan 
137.875, 72.125, 3.4672793434704345e-23, nan 
138.125, 72.125, 6.97722311726575e-23, nan 
138.375, 72.125, 4.3410992247787584e-23, nan 
138.625, 72.125, 5.592496032220203e-23, nan 
138.875, 72.125, 7.757160938257533e-23, nan 
139.125, 72.125, 5.1293950386017376e-23, nan 
139.375, 72.125, 5.0917118490324624e-23, nan 
139.625, 72.125, 1.54063596002006e-23, nan 
139.875, 72.125, 2.0080116283134438e-23, nan 
140.125, 72.125, 2.675370023400678e-23, nan 
140.375, 72.125, 3.0247346516551537e-23, nan 
140.625, 72.125, 3.021717460044272e-23, nan 
140.875, 72.125, 3.243528418684217e-23, nan 
141.125, 72.125, 2.76715463103157e-23, nan 
141.375, 72.125, 2.6025899600440706e-23, nan 
141.625, 72.125, 4.0484799752481346e-23, nan 
141.875, 72.125, 1.210428718107825e-23, nan 
142.125, 72.125, 1.4969194430678403e-23, nan 
142.375, 72.125, 4.69864028169353e-23, nan 
142.625, 72.125, 3.931369258496349e-23, nan 
142.875, 72.125, 2.2099149519962337e-23, nan 
143.125, 72.125, 4.2172923590388585e-23, nan 
143.375, 72.125, 4.207830509162701e-23, nan 
143.625, 72.125, 4.393158246648794e-23, nan 
143.875, 72.125, 2.6490388164626626e-22, nan 
144.125, 72.125, 3.165018085487201e-22, nan 
144.375, 72.125, 3.2880839833792674e-22, nan 
144.625, 72.125, 1.561602322633494e-22, nan 
144.875, 72.125, 2.8443305027791977e-22, nan 
145.125, 72.125, 4.0763716230434428e-22, nan 
145.375, 72.125, 3.9706897728014674e-22, nan 
145.625, 72.125, 5.198975073206856e-22, nan 
145.875, 72.125, 6.687364056819799e-22, nan 
146.125, 72.125, 4.91206620462158e-22, nan 
146.375, 72.125, 3.2641885395504975e-22, nan 
146.625, 72.125, 3.21433377361196e-22, nan 
146.875, 72.125, 1.9209235365559235e-22, nan 
147.125, 72.125, 9.177570535294924e-23, nan 
147.375, 72.125, 6.83582759464101e-23, nan 
147.625, 72.125, 2.3991170722901095e-23, nan 
147.875, 72.125, 2.857771089149412e-23, nan 
148.125, 72.125, 5.308670381964656e-23, nan 
148.375, 72.125, 2.251624840563533e-23, nan 
148.625, 72.125, 2.638999570075057e-23, nan 
148.875, 72.125, 2.6121972212400895e-23, nan 
149.125, 72.125, 1.607160211685662e-23, nan 
149.375, 72.125, 3.134953843965058e-23, nan 
149.625, 72.125, 4.382158628513909e-23, nan 
149.875, 72.125, 3.581653413063242e-23, nan 
150.125, 72.125, 4.0638676559862834e-23, nan 
150.375, 72.125, 2.959827527586225e-23, nan 
150.625, 72.125, 2.4102281381338935e-23, nan 
150.875, 72.125, 2.696274463887427e-23, nan 
151.125, 72.125, 1.2777528870507973e-23, nan 
151.375, 72.125, 1.0379510858489714e-23, nan 
151.625, 72.125, 7.49640396871555e-24, nan 
151.875, 72.125, 8.310616039178544e-24, nan 
152.125, 72.125, 1.0730433977400074e-23, nan 
152.375, 72.125, 1.0256824744531038e-23, nan 
152.625, 72.125, 8.446464492551935e-24, nan 
152.875, 72.125, 6.660770375000836e-24, nan 
153.125, 72.125, 5.2419543651390816e-24, nan 
153.375, 72.125, 3.877442471804146e-24, nan 
153.625, 72.125, 2.992885550193697e-24, nan 
153.875, 72.125, 4.411135210947023e-24, nan 
154.125, 72.125, 3.6980203311875764e-24, nan 
154.375, 72.125, 3.666075887494288e-24, nan 
154.625, 72.125, 3.409773674901917e-24, nan 
154.875, 72.125, 2.8824689506614445e-24, nan 
155.125, 72.125, 3.2757574533750438e-24, nan 
155.375, 72.125, 3.2431959895282663e-24, nan 
155.625, 72.125, 4.744640005590371e-24, nan 
155.875, 72.125, 4.6944061215761614e-24, nan 
156.125, 72.125, 8.066741673081572e-24, nan 
156.375, 72.125, 1.0894804438549462e-23, nan 
156.625, 72.125, 1.035729359064933e-23, nan 
156.875, 72.125, 8.121709985549686e-24, nan 
157.125, 72.125, 6.4084333147537434e-24, nan 
157.375, 72.125, 4.713438923637195e-24, nan 
157.625, 72.125, 3.659466364823565e-24, nan 
157.875, 72.125, 4.733197416551667e-24, nan 
158.125, 72.125, 4.156137841343798e-24, nan 
158.375, 72.125, 3.1254613376938733e-24, nan 
158.625, 72.125, 3.933608637260583e-24, nan 
158.875, 72.125, 3.575526182668545e-24, nan 
159.125, 72.125, 2.3396647851132325e-24, nan 
159.375, 72.125, 3.750691942641843e-24, nan 
159.625, 72.125, 3.2539340529953295e-24, nan 
159.875, 72.125, 2.384296351801304e-24, nan 
160.125, 72.125, 3.384484627167882e-24, nan 
160.375, 72.125, 4.95743780456461e-24, nan 
160.625, 72.125, 8.11046302269051e-24, nan 
160.875, 72.125, 1.022975273439886e-23, nan 
161.125, 72.125, 1.8517518698607517e-23, nan 
161.375, 72.125, 2.570164181165038e-23, nan 
161.625, 72.125, 4.063884859453116e-23, nan 
161.875, 72.125, 3.091930473757579e-23, nan 
162.125, 72.125, 2.9344280562282735e-23, nan 
162.375, 72.125, 3.861110515872022e-23, nan 
162.625, 72.125, 2.911581973306754e-23, nan 
162.875, 72.125, 8.499098755696611e-23, nan 
163.125, 72.125, 1.680891649898057e-22, nan 
163.375, 72.125, 2.127560765124386e-22, nan 
163.625, 72.125, 2.05081855736892e-22, nan 
163.875, 72.125, 1.1488471723901837e-22, nan 
164.125, 72.125, 1.0787061239320967e-22, nan 
164.375, 72.125, 1.140744310158538e-22, nan 
164.625, 72.125, 1.1187150759770634e-22, nan 
164.875, 72.125, 1.4587430752814804e-22, nan 
165.125, 72.125, 1.4304968174321844e-22, nan 
165.375, 72.125, 2.0422709600488374e-22, nan 
165.625, 72.125, 2.3280727664719038e-22, nan 
165.875, 72.125, 1.8334782872020897e-22, nan 
166.125, 72.125, 7.315892223037411e-23, nan 
166.375, 72.125, 6.205199218026686e-23, nan 
166.625, 72.125, 7.072600445718894e-23, nan 
166.875, 72.125, 5.392942775682739e-23, nan 
167.125, 72.125, 3.957003766374087e-23, nan 
167.375, 72.125, 2.5696145823089957e-23, nan 
167.625, 72.125, 1.2466800788994717e-23, nan 
167.875, 72.125, 2.539122917942652e-23, nan 
168.125, 72.125, 2.0350818154985474e-23, nan 
168.375, 72.125, 1.4882539286313694e-23, nan 
168.625, 72.125, 1.576052347720762e-23, nan 
168.875, 72.125, 1.360897073776405e-23, nan 
169.125, 72.125, 1.304423731116234e-23, nan 
169.375, 72.125, 6.559252011117213e-24, nan 
169.625, 72.125, 7.488051976696726e-24, nan 
169.875, 72.125, 8.611073252137632e-24, nan 
170.125, 72.125, 1.1114468764451281e-23, nan 
170.375, 72.125, 4.941529673155852e-24, nan 
170.625, 72.125, 4.254419264461809e-24, nan 
170.875, 72.125, 3.388525500082502e-24, nan 
171.125, 72.125, 2.32033087552977e-24, nan 
171.375, 72.125, 2.348373838389681e-24, nan 
171.625, 72.125, 2.439911521269526e-24, nan 
171.875, 72.125, 2.498283356541728e-24, nan 
172.125, 72.125, 2.9465087179221415e-24, nan 
172.375, 72.125, 2.638308719508379e-24, nan 
172.625, 72.125, 1.9938205308185867e-24, nan 
172.875, 72.125, 1.713684315049169e-24, nan 
173.125, 72.125, 1.404216334055555e-24, nan 
173.375, 72.125, 1.0965494357824219e-24, nan 
173.625, 72.125, 1.468068223962052e-24, nan 
173.875, 72.125, 1.460426218083026e-24, nan 
174.125, 72.125, 9.164574771053332e-25, nan 
174.375, 72.125, 1.635025185274521e-24, nan 
174.625, 72.125, 1.703957567644927e-24, nan 
174.875, 72.125, 2.10462801959428e-24, nan 
175.125, 72.125, 2.413147921482786e-24, nan 
175.375, 72.125, 2.456319711809164e-24, nan 
27.125, 72.375, 2.499025504562809e-24, nan 
27.375, 72.375, 1.5295565107735757e-24, nan 
27.625, 72.375, 7.533469967196147e-25, nan 
27.875, 72.375, 1.2633752276051052e-24, nan 
28.125, 72.375, 1.390712337796504e-24, nan 
28.375, 72.375, 1.3208877104880475e-24, nan 
28.625, 72.375, 1.0695003315395245e-24, nan 
28.875, 72.375, 1.6485974786790325e-24, nan 
29.125, 72.375, 7.629326814598194e-25, nan 
29.375, 72.375, 4.731580658266313e-25, nan 
29.625, 72.375, 1.1120653427988655e-24, nan 
29.875, 72.375, 1.3185481762127576e-24, nan 
30.125, 72.375, 1.7574359886456458e-24, nan 
30.375, 72.375, 1.8529875547961152e-24, nan 
30.625, 72.375, 1.8205076181732075e-24, nan 
30.875, 72.375, 1.6331487716435017e-24, nan 
31.125, 72.375, 1.888547620638057e-24, nan 
31.375, 72.375, 1.0430891339362397e-24, nan 
31.625, 72.375, 5.759478558047156e-25, nan 
31.875, 72.375, 5.640305963316242e-25, nan 
32.125, 72.375, 1.3173162044243692e-24, nan 
32.375, 72.375, 1.4260198737836347e-24, nan 
32.625, 72.375, 1.5173670970704565e-24, nan 
32.875, 72.375, 1.3759447333529456e-24, nan 
33.125, 72.375, 1.2718580517252687e-24, nan 
33.375, 72.375, 2.106801904801264e-24, nan 
33.625, 72.375, 1.834330384249168e-24, nan 
33.875, 72.375, 1.5984044799077456e-24, nan 
34.125, 72.375, 1.6219201710404598e-24, nan 
34.375, 72.375, 1.4779416976281489e-24, nan 
34.625, 72.375, 5.586391447964239e-25, nan 
34.875, 72.375, 1.19546956617644e-24, nan 
35.125, 72.375, 1.0489482468752793e-24, nan 
35.375, 72.375, 1.163327229624309e-24, nan 
35.625, 72.375, 2.30109709651961e-24, nan 
35.875, 72.375, 2.675524906270038e-24, nan 
36.125, 72.375, 2.3182543830268797e-24, nan 
36.375, 72.375, 2.6162491954581647e-24, nan 
36.625, 72.375, 6.934823927472928e-24, nan 
36.875, 72.375, 5.564061729266398e-24, nan 
37.125, 72.375, 3.3413271074300926e-24, nan 
37.375, 72.375, 1.3505136278165688e-24, nan 
37.625, 72.375, 3.579949733773412e-24, nan 
37.875, 72.375, 4.8623289758804655e-24, nan 
38.125, 72.375, 3.382494296567409e-24, nan 
38.375, 72.375, 3.91331107991235e-24, nan 
38.625, 72.375, 3.0968417098499474e-24, nan 
38.875, 72.375, 7.844720728980168e-24, nan 
39.125, 72.375, 7.16285148795223e-24, nan 
39.375, 72.375, 4.079863643601068e-24, nan 
39.625, 72.375, 5.1025162176604945e-24, nan 
39.875, 72.375, 2.561779806787992e-24, nan 
40.125, 72.375, 1.5147393020480817e-24, nan 
40.375, 72.375, 2.8846073445106913e-24, nan 
40.625, 72.375, 1.43900740462716e-24, nan 
40.875, 72.375, 1.2704771780044582e-24, nan 
41.125, 72.375, 2.7091224307845295e-24, nan 
41.375, 72.375, 2.4582760461892464e-24, nan 
41.625, 72.375, 2.035520077784166e-24, nan 
41.875, 72.375, 3.530940603261145e-24, nan 
42.125, 72.375, 1.9847969281181692e-24, nan 
42.375, 72.375, 3.361602807466409e-24, nan 
42.625, 72.375, 4.119412059333855e-24, nan 
42.875, 72.375, 1.5112392947396504e-24, nan 
43.125, 72.375, 3.6517706692359175e-24, nan 
43.375, 72.375, 2.8082532681765327e-24, nan 
43.625, 72.375, 1.46761602913812e-24, nan 
43.875, 72.375, 2.095861300516601e-24, nan 
44.125, 72.375, 4.180708417427443e-24, nan 
44.375, 72.375, 1.0584545150469365e-24, nan 
44.625, 72.375, 4.97805413272865e-25, nan 
44.875, 72.375, 2.410639543116429e-24, nan 
45.125, 72.375, 3.488978782920371e-24, nan 
45.375, 72.375, 3.44398821078122e-24, nan 
45.625, 72.375, 3.0293736414352553e-24, nan 
45.875, 72.375, 5.369885883501471e-24, nan 
46.125, 72.375, 3.959555655571058e-24, nan 
46.375, 72.375, 3.5511220624458486e-24, nan 
46.625, 72.375, 5.28355970797329e-24, nan 
46.875, 72.375, 6.183686583781753e-24, nan 
47.125, 72.375, 5.2617602001384665e-24, nan 
47.375, 72.375, 6.111477228758627e-24, nan 
47.625, 72.375, 1.4700650046515675e-23, nan 
47.875, 72.375, 1.4938294073144197e-23, nan 
48.125, 72.375, 6.537737296510117e-24, nan 
48.375, 72.375, 6.2766528787739825e-24, nan 
48.625, 72.375, 3.8979460225336716e-24, nan 
48.875, 72.375, 2.646674029983322e-24, nan 
49.125, 72.375, 7.799387381793242e-24, nan 
49.375, 72.375, 3.921705315821421e-24, nan 
49.625, 72.375, 3.512966095091658e-24, nan 
49.875, 72.375, 5.475513197524731e-24, nan 
50.125, 72.375, 1.1446525106395161e-23, nan 
50.375, 72.375, 1.6170873756773336e-23, nan 
50.625, 72.375, 8.985183409064275e-24, nan 
50.875, 72.375, 2.8233236014647283e-24, nan 
51.125, 72.375, 6.300053614123102e-24, nan 
51.375, 72.375, 5.8667700192647386e-24, nan 
51.625, 72.375, 7.142561359543543e-24, nan 
51.875, 72.375, 7.563059834258678e-24, nan 
52.125, 72.375, 7.724425987924554e-24, nan 
52.375, 72.375, 7.59825227402177e-24, nan 
52.625, 72.375, 7.337332356183297e-24, nan 
52.875, 72.375, 7.389415440251153e-24, nan 
53.125, 72.375, 7.316251622982813e-24, nan 
53.375, 72.375, 5.805909489823378e-24, nan 
53.625, 72.375, 8.272275299945474e-24, nan 
53.875, 72.375, 8.368878910758937e-24, nan 
54.125, 72.375, 1.0583484181675063e-23, nan 
54.375, 72.375, 1.0497150336178646e-23, nan 
54.625, 72.375, 1.603019536861559e-23, nan 
54.875, 72.375, 1.8126770463807742e-23, nan 
55.125, 72.375, 2.0984211971085998e-23, nan 
55.375, 72.375, 1.946066564797613e-23, nan 
55.625, 72.375, 1.9264107773325242e-23, nan 
55.875, 72.375, 2.1764890033553248e-23, nan 
56.125, 72.375, 1.9059346609431614e-23, nan 
56.375, 72.375, 1.9874913336057816e-23, nan 
56.625, 72.375, 1.9957131227683165e-23, nan 
56.875, 72.375, 1.518695395921502e-23, nan 
57.125, 72.375, 1.431442304146296e-23, nan 
57.375, 72.375, 2.564992828430856e-23, nan 
57.625, 72.375, 2.624493195487044e-23, nan 
57.875, 72.375, 9.89194236627178e-24, nan 
58.125, 72.375, 2.3682327382592088e-23, nan 
58.375, 72.375, 2.4260384137616544e-23, nan 
58.625, 72.375, 1.895459651180784e-23, nan 
58.875, 72.375, 1.2774704380207045e-23, nan 
59.125, 72.375, 2.1454530112006242e-23, nan 
59.375, 72.375, 2.4671953516779245e-23, nan 
59.625, 72.375, 1.3837141309121103e-23, nan 
59.875, 72.375, 2.4142800387431576e-23, nan 
60.125, 72.375, 4.671852319651616e-23, nan 
60.375, 72.375, 5.02588710647726e-23, nan 
60.625, 72.375, 4.187585736605818e-23, nan 
60.875, 72.375, 5.146873217455555e-23, nan 
61.125, 72.375, 5.696406030283251e-23, nan 
61.375, 72.375, 4.1561892365686486e-23, nan 
61.625, 72.375, 1.0905555319983044e-23, nan 
61.875, 72.375, 1.3807197924731308e-23, nan 
62.125, 72.375, 2.0817477957856725e-23, nan 
62.375, 72.375, 2.0250443069935852e-23, nan 
62.625, 72.375, 2.510906508206426e-23, nan 
62.875, 72.375, 4.3265043193275404e-23, nan 
63.125, 72.375, 4.5814469302596265e-23, nan 
63.375, 72.375, 6.298212823209512e-23, nan 
63.625, 72.375, 6.718534609732292e-23, nan 
63.875, 72.375, 7.414395567279313e-23, nan 
64.125, 72.375, 8.101925952326269e-23, nan 
64.375, 72.375, 7.106379935656028e-23, nan 
64.625, 72.375, 7.959942773799991e-23, nan 
64.875, 72.375, 8.352322178500779e-23, nan 
65.125, 72.375, 7.229694041464989e-23, nan 
65.375, 72.375, 4.7516017644347024e-23, nan 
65.625, 72.375, 4.141944290751472e-23, nan 
65.875, 72.375, 2.763298295300915e-23, nan 
66.125, 72.375, 6.064738885849807e-23, nan 
66.375, 72.375, 5.180467906085871e-23, nan 
66.625, 72.375, 2.955896926941609e-23, nan 
66.875, 72.375, 8.071704104914082e-23, nan 
67.125, 72.375, 3.988483481632182e-23, nan 
67.375, 72.375, 5.92891502279245e-23, nan 
67.625, 72.375, 4.462324417695701e-23, nan 
67.875, 72.375, 4.0639058891552704e-23, nan 
68.125, 72.375, 9.745761567913154e-23, nan 
68.375, 72.375, 1.4120739082437278e-22, nan 
68.625, 72.375, 9.092304053829421e-23, nan 
68.875, 72.375, 1.117720544819909e-22, nan 
69.125, 72.375, 1.4610801330893638e-22, nan 
69.375, 72.375, 1.304772861875964e-22, nan 
69.625, 72.375, 8.121763708398707e-23, nan 
69.875, 72.375, 8.257931393264397e-23, nan 
70.125, 72.375, 1.1097058819147735e-22, nan 
70.375, 72.375, 1.0676539367508572e-22, nan 
70.625, 72.375, 7.42953624397893e-23, nan 
70.875, 72.375, 1.363480853965065e-22, nan 
71.125, 72.375, 1.0879961831436942e-22, nan 
71.375, 72.375, 9.740573780961198e-23, nan 
71.625, 72.375, 1.9076326595145347e-22, nan 
71.875, 72.375, 1.0907883639585906e-22, nan 
72.125, 72.375, 1.1518526265621213e-22, nan 
72.375, 72.375, 1.5132378071628656e-22, nan 
72.625, 72.375, 1.25086820067431e-22, nan 
72.875, 72.375, 3.8501763499038534e-23, nan 
73.125, 72.375, 1.8307010393425995e-22, nan 
73.375, 72.375, 1.722837804625165e-22, nan 
73.625, 72.375, 2.1106964509188343e-22, nan 
73.875, 72.375, 2.5845308739828377e-22, nan 
74.125, 72.375, 2.135883910089671e-22, nan 
74.375, 72.375, 2.0331446699560099e-22, nan 
74.625, 72.375, 3.089280112776879e-22, nan 
74.875, 72.375, 4.1648697498138065e-22, nan 
75.125, 72.375, 3.305834649382025e-22, nan 
75.375, 72.375, 2.927434486709338e-22, nan 
75.625, 72.375, 5.842883948396634e-22, nan 
75.875, 72.375, 6.034350122496143e-22, nan 
76.125, 72.375, 1.265698744481836e-22, nan 
76.375, 72.375, 3.1948083484687783e-22, nan 
76.625, 72.375, 4.575776631649866e-22, nan 
76.875, 72.375, 1.725534912512335e-22, nan 
77.125, 72.375, 2.0439829162913597e-22, nan 
77.375, 72.375, 3.26179260771906e-22, nan 
77.625, 72.375, 2.160183916708516e-22, nan 
77.875, 72.375, 1.769855191087794e-22, nan 
78.125, 72.375, 1.7283055575750258e-22, nan 
78.375, 72.375, 1.6532324047949603e-22, nan 
78.625, 72.375, 2.0897314722843614e-22, nan 
78.875, 72.375, 1.4591373994603508e-22, nan 
79.125, 72.375, 1.5859068090597985e-22, nan 
79.375, 72.375, 2.0758347339181464e-22, nan 
79.625, 72.375, 1.091368635903323e-22, nan 
79.875, 72.375, 2.9738165637582234e-22, nan 
80.125, 72.375, 2.3322535884858072e-22, nan 
80.375, 72.375, 2.832166205616926e-22, nan 
80.625, 72.375, 4.597259737498835e-22, nan 
80.875, 72.375, 3.408611700462296e-22, nan 
81.125, 72.375, 5.303265538244992e-22, nan 
81.375, 72.375, 3.029168212523995e-22, nan 
81.625, 72.375, 4.0312834805659006e-22, nan 
81.875, 72.375, 7.757810296276463e-22, nan 
82.125, 72.375, 4.425843333232158e-22, nan 
82.375, 72.375, 5.782407628043288e-22, nan 
82.625, 72.375, 9.700764307421344e-22, nan 
82.875, 72.375, 4.974092484335657e-22, nan 
83.125, 72.375, 7.138019693848491e-22, nan 
83.375, 72.375, 7.2220517264645385e-22, nan 
83.625, 72.375, 8.240607441303974e-22, nan 
83.875, 72.375, 1.1261680757522197e-21, nan 
84.125, 72.375, 1.0798872796232992e-21, nan 
84.375, 72.375, 1.0328915029697457e-21, nan 
84.625, 72.375, 1.3016856322209837e-21, nan 
84.875, 72.375, 1.5057761847293029e-21, nan 
85.125, 72.375, 6.320806239078226e-22, nan 
85.375, 72.375, 1.285993835675807e-21, nan 
85.625, 72.375, 1.706297404046572e-21, nan 
85.875, 72.375, 1.4730602910388072e-21, nan 
86.125, 72.375, 1.6802137985296772e-21, nan 
86.375, 72.375, 2.2400157884781196e-21, nan 
86.625, 72.375, 1.8963345800981177e-21, nan 
86.875, 72.375, 1.3263738840671074e-21, nan 
87.125, 72.375, 1.591492788660017e-21, nan 
87.375, 72.375, 1.5996697772201213e-21, nan 
87.625, 72.375, 2.103496087437123e-21, nan 
87.875, 72.375, 1.00676171505909e-21, nan 
88.125, 72.375, 1.4389309650309203e-21, nan 
88.375, 72.375, 2.2032772675713095e-21, nan 
88.625, 72.375, 3.0447172303199837e-21, nan 
88.875, 72.375, 2.542294633774477e-21, nan 
89.125, 72.375, 2.871408306056768e-21, nan 
89.375, 72.375, 4.112185437666858e-21, nan 
89.625, 72.375, 6.385057134470226e-21, nan 
89.875, 72.375, 6.474277183266478e-21, nan 
90.125, 72.375, 5.8439920993385005e-21, nan 
90.375, 72.375, 7.53566251745398e-21, nan 
90.625, 72.375, 8.281371319095015e-21, nan 
90.875, 72.375, 7.947396363885865e-21, nan 
91.125, 72.375, 8.649401752830959e-21, nan 
91.375, 72.375, 7.273296921280396e-21, nan 
91.625, 72.375, 5.2443617640539644e-21, nan 
91.875, 72.375, 8.726968378859937e-21, nan 
92.125, 72.375, 9.214498842471755e-21, nan 
92.375, 72.375, 1.381679719002019e-20, nan 
92.625, 72.375, 1.2551553304861256e-20, nan 
92.875, 72.375, 1.1834820813734501e-20, nan 
93.125, 72.375, 1.0866351246013809e-20, nan 
93.375, 72.375, 1.936024136394666e-20, nan 
93.625, 72.375, 1.6281400097997556e-20, nan 
93.875, 72.375, 6.135950167076341e-21, nan 
94.125, 72.375, 1.5209966924422018e-20, nan 
94.375, 72.375, 9.244483035944825e-21, nan 
94.625, 72.375, 1.3397247557717979e-20, nan 
94.875, 72.375, 1.9796484292469378e-20, nan 
95.125, 72.375, 8.017681620266141e-21, nan 
95.375, 72.375, 1.5657590931250945e-20, nan 
95.625, 72.375, 2.5805806810295443e-20, nan 
95.875, 72.375, 1.726693957925554e-20, nan 
96.125, 72.375, 9.640467418986918e-21, nan 
96.375, 72.375, 1.7235941302722003e-20, nan 
96.625, 72.375, 4.352536516339425e-20, nan 
96.875, 72.375, 2.4457069361421644e-20, nan 
97.125, 72.375, 1.3699585142383558e-20, nan 
97.375, 72.375, 3.4032726674531946e-20, nan 
97.625, 72.375, 2.919752121417706e-20, nan 
97.875, 72.375, 1.4741554492151694e-20, nan 
98.125, 72.375, 2.6478947024037797e-20, nan 
98.375, 72.375, 2.5571618398270914e-20, nan 
98.625, 72.375, 1.902690638060894e-20, nan 
98.875, 72.375, 4.368002225690715e-20, nan 
99.125, 72.375, 4.197355737602261e-20, nan 
99.375, 72.375, 5.129504809399087e-20, nan 
99.625, 72.375, 7.53556830279881e-20, nan 
99.875, 72.375, 8.451873411262553e-20, nan 
100.125, 72.375, 6.558008560307221e-20, nan 
100.375, 72.375, 6.455932099014635e-20, nan 
100.625, 72.375, 6.858636188668841e-20, nan 
100.875, 72.375, 6.068339333324335e-20, nan 
101.125, 72.375, 6.525769093153146e-20, nan 
101.375, 72.375, 4.9974136343151824e-20, nan 
101.625, 72.375, 8.709692084862034e-20, nan 
101.875, 72.375, 8.259175829986544e-20, nan 
102.125, 72.375, 7.84927235110742e-20, nan 
102.375, 72.375, 1.0631163305370069e-19, nan 
102.625, 72.375, 1.2580710748040887e-19, nan 
102.875, 72.375, 1.1315607162954966e-19, nan 
103.125, 72.375, 1.0610059025837016e-19, nan 
103.375, 72.375, 7.460646962358336e-20, nan 
103.625, 72.375, 8.703391824340943e-20, nan 
103.875, 72.375, 5.704940881856458e-20, nan 
104.125, 72.375, 6.143860396780482e-20, nan 
104.375, 72.375, 6.916781144894479e-20, nan 
104.625, 72.375, 6.20845735484209e-20, nan 
104.875, 72.375, 6.892308687791146e-20, nan 
105.125, 72.375, 6.209599776273518e-20, nan 
105.375, 72.375, 4.2496625174714106e-20, nan 
105.625, 72.375, 3.2913011504831274e-20, nan 
105.875, 72.375, 3.736382331808812e-20, nan 
106.125, 72.375, 3.9432318493234777e-20, nan 
106.375, 72.375, 4.2046979955934246e-20, nan 
106.625, 72.375, 3.6213680809188894e-20, nan 
106.875, 72.375, 4.107802993756607e-20, nan 
107.125, 72.375, 4.6014120370698905e-20, nan 
107.375, 72.375, 6.382472230662038e-20, nan 
107.625, 72.375, 6.679289974870655e-20, nan 
107.875, 72.375, 3.564410203872493e-20, nan 
108.125, 72.375, 5.215278013372835e-20, nan 
108.375, 72.375, 5.8863635822381e-20, nan 
108.625, 72.375, 4.6025260723868803e-20, nan 
108.875, 72.375, 3.808392491746645e-20, nan 
109.125, 72.375, 3.7468948864519414e-20, nan 
109.375, 72.375, 3.5557331872269005e-20, nan 
109.625, 72.375, 1.8238311483617592e-20, nan 
109.875, 72.375, 2.010146574520882e-20, nan 
110.125, 72.375, 1.5403764745242932e-20, nan 
110.375, 72.375, 1.403868160300211e-20, nan 
110.625, 72.375, 1.5498522295145925e-20, nan 
110.875, 72.375, 1.3606313854476762e-20, nan 
111.125, 72.375, 1.259510213708625e-20, nan 
111.375, 72.375, 1.3067018162158401e-20, nan 
111.625, 72.375, 1.179730573861016e-20, nan 
111.875, 72.375, 1.177048131785125e-20, nan 
112.125, 72.375, 1.3122326691464442e-20, nan 
112.375, 72.375, 9.212300789805155e-21, nan 
112.625, 72.375, 8.261001806776556e-21, nan 
112.875, 72.375, 8.50045362454548e-21, nan 
113.125, 72.375, 4.364827839021802e-21, nan 
113.375, 72.375, 6.93067096357311e-21, nan 
113.625, 72.375, 5.2994405827910516e-21, nan 
113.875, 72.375, 5.095290486047061e-21, nan 
114.125, 72.375, 4.541600350314358e-21, nan 
114.375, 72.375, 9.415052490214832e-21, nan 
114.625, 72.375, 1.0031560219926917e-20, nan 
114.875, 72.375, 4.2318285487925016e-21, nan 
115.125, 72.375, 4.811316411478395e-21, nan 
115.375, 72.375, 8.924940018514096e-21, nan 
115.625, 72.375, 4.0899163602084e-21, nan 
115.875, 72.375, 5.247739212132754e-21, nan 
116.125, 72.375, 6.162868395672068e-21, nan 
116.375, 72.375, 6.133933622731668e-21, nan 
116.625, 72.375, 4.33678580342309e-21, nan 
116.875, 72.375, 5.507114503175278e-21, nan 
117.125, 72.375, 6.1551870133649826e-21, nan 
117.375, 72.375, 4.827910641798741e-21, nan 
117.625, 72.375, 5.556687214944171e-21, nan 
117.875, 72.375, 8.748923769961111e-21, nan 
118.125, 72.375, 7.453555852063436e-21, nan 
118.375, 72.375, 6.014347403257098e-21, nan 
118.625, 72.375, 7.967396309889557e-21, nan 
118.875, 72.375, 6.855774232421996e-21, nan 
119.125, 72.375, 4.887531717536621e-21, nan 
119.375, 72.375, 4.689666105440936e-21, nan 
119.625, 72.375, 4.3008331250972244e-21, nan 
119.875, 72.375, 4.997972828355581e-21, nan 
120.125, 72.375, 4.176474217540977e-21, nan 
120.375, 72.375, 3.417527896674289e-21, nan 
120.625, 72.375, 3.521846099848642e-21, nan 
120.875, 72.375, 2.8655839925344223e-21, nan 
121.125, 72.375, 1.7153338458780382e-21, nan 
121.375, 72.375, 1.3622479994051357e-21, nan 
121.625, 72.375, 1.6035326809782813e-21, nan 
121.875, 72.375, 1.4044278770998062e-21, nan 
122.125, 72.375, 9.211953844759293e-22, nan 
122.375, 72.375, 8.926405664507403e-22, nan 
122.625, 72.375, 6.062284622713857e-22, nan 
122.875, 72.375, 5.032710616030999e-22, nan 
123.125, 72.375, 5.276645333514972e-22, nan 
123.375, 72.375, 6.975095863711213e-22, nan 
123.625, 72.375, 7.273304682132815e-22, nan 
123.875, 72.375, 9.738688821073864e-22, nan 
124.125, 72.375, 1.4660095171154563e-21, nan 
124.375, 72.375, 9.99885030943403e-22, nan 
124.625, 72.375, 9.449260196636989e-22, nan 
124.875, 72.375, 9.827658093327471e-22, nan 
125.125, 72.375, 8.205467843075353e-22, nan 
125.375, 72.375, 7.763258566325615e-22, nan 
125.625, 72.375, 4.388520258628585e-22, nan 
125.875, 72.375, 4.008239277829844e-22, nan 
126.125, 72.375, 7.457113345308384e-22, nan 
126.375, 72.375, 5.345899610542031e-22, nan 
126.625, 72.375, 7.27041121651916e-22, nan 
126.875, 72.375, 7.466098521654484e-22, nan 
127.125, 72.375, 6.6238558121343955e-22, nan 
127.375, 72.375, 6.000569515246816e-22, nan 
127.625, 72.375, 6.12403802119675e-22, nan 
127.875, 72.375, 5.596494913280549e-22, nan 
128.125, 72.375, 3.681519994342038e-22, nan 
128.375, 72.375, 2.610745169382608e-22, nan 
128.625, 72.375, 2.1231173177910223e-22, nan 
128.875, 72.375, 3.9082436725291275e-22, nan 
129.125, 72.375, 3.2750909125765468e-22, nan 
129.375, 72.375, 1.6531119319576767e-22, nan 
129.625, 72.375, 1.4401787762736028e-22, nan 
129.875, 72.375, 1.8664112075957064e-22, nan 
130.125, 72.375, 1.38299818533005e-22, nan 
130.375, 72.375, 1.494191866470731e-22, nan 
130.625, 72.375, 1.0712286890946486e-22, nan 
130.875, 72.375, 1.0426403728134882e-22, nan 
131.125, 72.375, 6.641734455948272e-23, nan 
131.375, 72.375, 8.098051594491222e-23, nan 
131.625, 72.375, 6.360256344769257e-23, nan 
131.875, 72.375, 1.0362608951296592e-22, nan 
132.125, 72.375, 9.435316266569051e-23, nan 
132.375, 72.375, 9.075176525068845e-23, nan 
132.625, 72.375, 5.0732442949993906e-23, nan 
132.875, 72.375, 6.033761019537908e-23, nan 
133.125, 72.375, 6.120657563533204e-23, nan 
133.375, 72.375, 6.857357251251786e-23, nan 
133.625, 72.375, 6.328484282563764e-23, nan 
133.875, 72.375, 6.85468977190255e-23, nan 
134.125, 72.375, 6.379602778532442e-23, nan 
134.375, 72.375, 6.857606496258039e-23, nan 
134.625, 72.375, 5.795113712096643e-23, nan 
134.875, 72.375, 5.318890316203959e-23, nan 
135.125, 72.375, 5.34567113605502e-23, nan 
135.375, 72.375, 3.964078922746288e-23, nan 
135.625, 72.375, 5.741016929965741e-23, nan 
135.875, 72.375, 6.725528113931775e-23, nan 
136.125, 72.375, 5.267314711634006e-23, nan 
136.375, 72.375, 4.3632589056373666e-23, nan 
136.625, 72.375, 5.923897158936504e-23, nan 
136.875, 72.375, 4.8006570229456366e-23, nan 
137.125, 72.375, 2.2388767824890193e-23, nan 
137.375, 72.375, 2.3440532033012417e-23, nan 
137.625, 72.375, 4.601823401122429e-23, nan 
137.875, 72.375, 5.658147058918907e-23, nan 
138.125, 72.375, 3.19464376715385e-23, nan 
138.375, 72.375, 4.29200189543222e-23, nan 
138.625, 72.375, 7.806848246400312e-23, nan 
138.875, 72.375, 7.063932052401839e-23, nan 
139.125, 72.375, 4.415501134727266e-23, nan 
139.375, 72.375, 5.555212187140961e-23, nan 
139.625, 72.375, 4.3598313049665385e-23, nan 
139.875, 72.375, 3.1660190995052275e-23, nan 
140.125, 72.375, 7.334931256663374e-23, nan 
140.375, 72.375, 9.956508984708942e-23, nan 
140.625, 72.375, 1.1738629988566905e-22, nan 
140.875, 72.375, 1.1060424767850003e-22, nan 
141.125, 72.375, 8.666595920287476e-23, nan 
141.375, 72.375, 3.301455874978728e-23, nan 
141.625, 72.375, 3.187330500191871e-23, nan 
141.875, 72.375, 2.81808485218727e-23, nan 
142.125, 72.375, 2.5550765271662724e-23, nan 
142.375, 72.375, 3.7269179078488944e-23, nan 
142.625, 72.375, 5.708188627694951e-23, nan 
142.875, 72.375, 8.278789901074017e-23, nan 
143.125, 72.375, 3.2757915983098777e-22, nan 
143.375, 72.375, 4.0435763734145804e-22, nan 
143.625, 72.375, 4.612949713756564e-22, nan 
143.875, 72.375, 6.037726444330757e-22, nan 
144.125, 72.375, 7.102688820898541e-22, nan 
144.375, 72.375, 7.29859651452349e-22, nan 
144.625, 72.375, 3.6930041874253215e-22, nan 
144.875, 72.375, 3.9808086531914763e-22, nan 
145.125, 72.375, 3.7090119606857495e-22, nan 
145.375, 72.375, 1.0551500296756768e-22, nan 
145.625, 72.375, 2.3937970389764775e-22, nan 
145.875, 72.375, 3.0744505013566987e-22, nan 
146.125, 72.375, 2.0744281885146636e-22, nan 
146.375, 72.375, 1.0064764768502736e-22, nan 
146.625, 72.375, 4.259924282704163e-23, nan 
146.875, 72.375, 3.441980551040699e-23, nan 
147.125, 72.375, 3.19374067569606e-23, nan 
147.375, 72.375, 4.558134314759159e-23, nan 
147.625, 72.375, 3.252962979769114e-23, nan 
147.875, 72.375, 2.5453210540302836e-23, nan 
148.125, 72.375, 1.7935172951765177e-23, nan 
148.375, 72.375, 2.063703966037766e-23, nan 
148.625, 72.375, 1.916791213721177e-23, nan 
148.875, 72.375, 5.3487515864309486e-24, nan 
149.125, 72.375, 2.386756527571394e-23, nan 
149.375, 72.375, 3.523318751131962e-23, nan 
149.625, 72.375, 3.0593890544967815e-23, nan 
149.875, 72.375, 2.802211180384746e-23, nan 
150.125, 72.375, 3.558190453682638e-23, nan 
150.375, 72.375, 1.8850193346121185e-23, nan 
150.625, 72.375, 9.580115379388945e-24, nan 
150.875, 72.375, 5.334097176404285e-24, nan 
151.125, 72.375, 1.8910402092694904e-23, nan 
151.375, 72.375, 1.3959699237737682e-23, nan 
151.625, 72.375, 6.1390343070372406e-24, nan 
151.875, 72.375, 2.1656840903878437e-23, nan 
152.125, 72.375, 1.2532989429801722e-23, nan 
152.375, 72.375, 6.569736500573959e-24, nan 
152.625, 72.375, 1.317416525068451e-23, nan 
152.875, 72.375, 6.890193900079054e-24, nan 
153.125, 72.375, 3.868303164951323e-24, nan 
153.375, 72.375, 4.085603156798992e-24, nan 
153.625, 72.375, 3.434215940205626e-24, nan 
153.875, 72.375, 4.5253647163145146e-24, nan 
154.125, 72.375, 4.277859003209687e-24, nan 
154.375, 72.375, 3.8657140637367504e-24, nan 
154.625, 72.375, 1.4397913933636153e-24, nan 
154.875, 72.375, 1.9190609132171177e-24, nan 
155.125, 72.375, 3.36519367951658e-24, nan 
155.375, 72.375, 1.0517330579642331e-23, nan 
155.625, 72.375, 1.3011867819524494e-23, nan 
155.875, 72.375, 1.2304032181419467e-23, nan 
156.125, 72.375, 1.049293275469e-23, nan 
156.375, 72.375, 1.3746493120117514e-23, nan 
156.625, 72.375, 1.2582723117581211e-23, nan 
156.875, 72.375, 5.632359318196767e-24, nan 
157.125, 72.375, 5.592424653728141e-24, nan 
157.375, 72.375, 4.053169606499098e-24, nan 
157.625, 72.375, 4.2899322991473546e-24, nan 
157.875, 72.375, 3.831709609019633e-24, nan 
158.125, 72.375, 4.441209851452455e-24, nan 
158.375, 72.375, 3.6470617361292065e-24, nan 
158.625, 72.375, 3.6531612475837406e-24, nan 
158.875, 72.375, 4.353265486086908e-24, nan 
159.125, 72.375, 4.17535783905221e-24, nan 
159.375, 72.375, 5.45784351446779e-24, nan 
159.625, 72.375, 6.286773738444296e-24, nan 
159.875, 72.375, 6.273023218649495e-24, nan 
160.125, 72.375, 9.635805091807896e-24, nan 
160.375, 72.375, 1.0494794133559211e-23, nan 
160.625, 72.375, 1.6985526623913942e-23, nan 
160.875, 72.375, 2.3122444589976888e-23, nan 
161.125, 72.375, 3.445883689191354e-23, nan 
161.375, 72.375, 4.0257140472153596e-23, nan 
161.625, 72.375, 4.031409702140627e-23, nan 
161.875, 72.375, 3.6789801370508464e-23, nan 
162.125, 72.375, 1.0656896680140933e-22, nan 
162.375, 72.375, 1.941200476488158e-22, nan 
162.625, 72.375, 2.857959654801717e-22, nan 
162.875, 72.375, 2.1939098240652813e-22, nan 
163.125, 72.375, 2.5347685290106683e-22, nan 
163.375, 72.375, 3.284014387528336e-22, nan 
163.625, 72.375, 2.418241490643533e-22, nan 
163.875, 72.375, 1.2232321178276815e-22, nan 
164.125, 72.375, 1.345842382154345e-22, nan 
164.375, 72.375, 1.1495808380770927e-22, nan 
164.625, 72.375, 1.0198912425304822e-22, nan 
164.875, 72.375, 1.3476275291276619e-22, nan 
165.125, 72.375, 1.5581368135826314e-22, nan 
165.375, 72.375, 2.5418260226471055e-22, nan 
165.625, 72.375, 2.699921649708724e-22, nan 
165.875, 72.375, 2.2010003369432433e-22, nan 
166.125, 72.375, 1.5643508340615232e-22, nan 
166.375, 72.375, 1.6705853235385315e-22, nan 
166.625, 72.375, 1.4123673440211066e-22, nan 
166.875, 72.375, 7.66147980900644e-23, nan 
167.125, 72.375, 3.920516533733014e-23, nan 
167.375, 72.375, 3.7103340470149666e-23, nan 
167.625, 72.375, 2.4350767467367062e-23, nan 
167.875, 72.375, 1.637004567226403e-23, nan 
168.125, 72.375, 1.7182094866415496e-23, nan 
168.375, 72.375, 1.623420789175508e-23, nan 
168.625, 72.375, 1.1177961760736354e-23, nan 
168.875, 72.375, 6.0611281756146774e-24, nan 
169.125, 72.375, 5.422425018260916e-24, nan 
169.375, 72.375, 9.311045290786112e-24, nan 
169.625, 72.375, 8.42664532516388e-24, nan 
169.875, 72.375, 1.163671949835826e-23, nan 
170.125, 72.375, 1.568392221306901e-23, nan 
170.375, 72.375, 6.5735209742456444e-24, nan 
170.625, 72.375, 7.86139243013277e-24, nan 
170.875, 72.375, 9.614945463973954e-24, nan 
171.125, 72.375, 6.940349838771777e-24, nan 
171.375, 72.375, 6.21889914059829e-24, nan 
171.625, 72.375, 5.882445226068164e-24, nan 
171.875, 72.375, 5.134144725411063e-24, nan 
172.125, 72.375, 4.6260426099712134e-24, nan 
172.375, 72.375, 3.67535420663061e-24, nan 
172.625, 72.375, 2.126375016532387e-24, nan 
172.875, 72.375, 1.0203230362789528e-24, nan 
173.125, 72.375, 1.4620639278001719e-24, nan 
173.375, 72.375, 1.3095418842851835e-24, nan 
173.625, 72.375, 1.1240925274937846e-24, nan 
173.875, 72.375, 4.883809990060465e-25, nan 
174.125, 72.375, 6.364859705248295e-25, nan 
174.375, 72.375, 5.173315307733752e-25, nan 
174.625, 72.375, 9.680588110927348e-25, nan 
174.875, 72.375, 1.1029990104991043e-24, nan 
175.125, 72.375, 1.3634265922698837e-24, nan 
175.375, 72.375, 1.9773729684957034e-24, nan 
175.625, 72.375, 2.1384699997540134e-24, nan 
26.875, 72.625, 4.002546674347915e-24, nan 
27.125, 72.625, 2.581154922222688e-24, nan 
27.375, 72.625, 2.5839343410934123e-24, nan 
27.625, 72.625, 2.299101225161787e-24, nan 
27.875, 72.625, 3.9626247857914225e-24, nan 
28.125, 72.625, 3.27488638544592e-24, nan 
28.375, 72.625, 4.5646696337654275e-24, nan 
28.625, 72.625, 7.293090783742373e-25, nan 
28.875, 72.625, 9.579359546903765e-25, nan 
29.125, 72.625, 1.3859408323855918e-24, nan 
29.375, 72.625, 1.3703317586465534e-24, nan 
29.625, 72.625, 8.637175549926318e-25, nan 
29.875, 72.625, 1.1046992768715727e-24, nan 
30.125, 72.625, 1.0173323137321818e-24, nan 
30.375, 72.625, 8.364890890368968e-25, nan 
30.625, 72.625, 1.8525005036938978e-24, nan 
30.875, 72.625, 2.089252565183976e-24, nan 
31.125, 72.625, 2.230280829721739e-24, nan 
31.375, 72.625, 1.4369619593916937e-24, nan 
31.625, 72.625, 1.7586216817568807e-24, nan 
31.875, 72.625, 1.8045587088209527e-24, nan 
32.125, 72.625, 1.40117703016779e-24, nan 
32.375, 72.625, 1.1093740314257951e-24, nan 
32.625, 72.625, 6.486322282703214e-25, nan 
32.875, 72.625, 1.3460116405512003e-24, nan 
33.125, 72.625, 1.17808512663836e-24, nan 
33.375, 72.625, 1.092918891570044e-24, nan 
33.625, 72.625, 9.028599203417435e-25, nan 
33.875, 72.625, 1.539215408234145e-24, nan 
34.125, 72.625, 2.233734238058569e-24, nan 
34.375, 72.625, 1.0270448861028815e-24, nan 
34.625, 72.625, 9.259875238055918e-25, nan 
34.875, 72.625, 7.6373137540844965e-25, nan 
35.125, 72.625, 1.6800124393151247e-24, nan 
35.375, 72.625, 7.643456651002465e-25, nan 
35.625, 72.625, 1.2759805041710747e-24, nan 
35.875, 72.625, 2.409223664660002e-24, nan 
36.125, 72.625, 2.4455398217660894e-24, nan 
36.375, 72.625, 2.1870192910247836e-24, nan 
36.625, 72.625, 2.051584693505996e-24, nan 
36.875, 72.625, 2.056518884880291e-24, nan 
37.125, 72.625, 3.538406668405341e-24, nan 
37.375, 72.625, 7.012253819844172e-24, nan 
37.625, 72.625, 4.7971641295129426e-24, nan 
37.875, 72.625, 3.808365925427262e-24, nan 
38.125, 72.625, 7.663800578011083e-24, nan 
38.375, 72.625, 6.183494669815191e-24, nan 
38.625, 72.625, 9.070162590475374e-24, nan 
38.875, 72.625, 1.2654805839575612e-23, nan 
39.125, 72.625, 8.487245211068076e-24, nan 
39.375, 72.625, 2.4330527875210623e-24, nan 
39.625, 72.625, 6.1618978136837755e-24, nan 
39.875, 72.625, 4.278629063473423e-24, nan 
40.125, 72.625, 2.129393339634315e-24, nan 
40.375, 72.625, 2.201204743237484e-24, nan 
40.625, 72.625, 1.5650557799527905e-24, nan 
40.875, 72.625, 1.5854996676960615e-24, nan 
41.125, 72.625, 1.812873028487224e-24, nan 
41.375, 72.625, 1.0173577636001866e-24, nan 
41.625, 72.625, 3.157141702647684e-24, nan 
41.875, 72.625, 2.824823755504438e-24, nan 
42.125, 72.625, 2.1729844322238062e-24, nan 
42.375, 72.625, 6.222300663220289e-24, nan 
42.625, 72.625, 5.2832515870030675e-24, nan 
42.875, 72.625, 2.9042983292467614e-24, nan 
43.125, 72.625, 3.649182676166745e-24, nan 
43.375, 72.625, 4.9323880295833436e-24, nan 
43.625, 72.625, 4.220686385834288e-24, nan 
43.875, 72.625, 3.492717249013998e-24, nan 
44.125, 72.625, 5.128279179778857e-24, nan 
44.375, 72.625, 5.0070891824619535e-24, nan 
44.625, 72.625, 3.0406135366783054e-24, nan 
44.875, 72.625, 3.664775337695259e-24, nan 
45.125, 72.625, 3.805387549162324e-24, nan 
45.375, 72.625, 3.575006474282608e-24, nan 
45.625, 72.625, 4.537837633658396e-24, nan 
45.875, 72.625, 5.27022850496936e-24, nan 
46.125, 72.625, 4.868900596427967e-24, nan 
46.375, 72.625, 4.181084820976806e-24, nan 
46.625, 72.625, 4.042682550101238e-24, nan 
46.875, 72.625, 4.512510295168681e-24, nan 
47.125, 72.625, 5.60244347087988e-24, nan 
47.375, 72.625, 3.3688431092742124e-24, nan 
47.625, 72.625, 1.852942807908784e-24, nan 
47.875, 72.625, 5.18844301164442e-24, nan 
48.125, 72.625, 3.437686722268666e-24, nan 
48.375, 72.625, 4.599346194330623e-24, nan 
48.625, 72.625, 6.3450452124846805e-24, nan 
48.875, 72.625, 6.989534157536866e-24, nan 
49.125, 72.625, 7.735279720528859e-24, nan 
49.375, 72.625, 1.1005832335680872e-23, nan 
49.625, 72.625, 5.463704421079121e-24, nan 
49.875, 72.625, 5.4541273959146286e-24, nan 
50.125, 72.625, 9.493424901439259e-24, nan 
50.375, 72.625, 4.3045031670467005e-24, nan 
50.625, 72.625, 3.890882496954862e-24, nan 
50.875, 72.625, 4.406501098897069e-24, nan 
51.125, 72.625, 4.3779896771819324e-24, nan 
51.375, 72.625, 4.26621910949397e-24, nan 
51.625, 72.625, 3.1998563019122882e-24, nan 
51.875, 72.625, 3.334614661218252e-24, nan 
52.125, 72.625, 4.903730876680294e-24, nan 
52.375, 72.625, 6.88352091626691e-24, nan 
52.625, 72.625, 8.484094477848801e-24, nan 
52.875, 72.625, 6.841384153803051e-24, nan 
53.125, 72.625, 8.196633845575069e-24, nan 
53.375, 72.625, 7.862803091999051e-24, nan 
53.625, 72.625, 8.633328686266891e-24, nan 
53.875, 72.625, 8.435621183257761e-24, nan 
54.125, 72.625, 9.91413593925762e-24, nan 
54.375, 72.625, 1.2169431979773646e-23, nan 
54.625, 72.625, 1.3562085591217488e-23, nan 
54.875, 72.625, 1.2880992336560741e-23, nan 
55.125, 72.625, 1.534072783152628e-23, nan 
55.375, 72.625, 1.5896365729793737e-23, nan 
55.625, 72.625, 1.6553636773158513e-23, nan 
55.875, 72.625, 1.699912980215253e-23, nan 
56.125, 72.625, 2.0424733464536336e-23, nan 
56.375, 72.625, 2.0133111888753233e-23, nan 
56.625, 72.625, 2.1450054146298633e-23, nan 
56.875, 72.625, 2.2082878330312215e-23, nan 
57.125, 72.625, 1.8472829114165946e-23, nan 
57.375, 72.625, 2.167619528295013e-23, nan 
57.625, 72.625, 1.568672406007313e-23, nan 
57.875, 72.625, 5.636333361258973e-24, nan 
58.125, 72.625, 1.2921698917063522e-23, nan 
58.375, 72.625, 1.383804204306947e-23, nan 
58.625, 72.625, 1.1045463664870338e-23, nan 
58.875, 72.625, 1.537388508926582e-23, nan 
59.125, 72.625, 1.1992393774835782e-23, nan 
59.375, 72.625, 1.9277700291346144e-23, nan 
59.625, 72.625, 2.0151052340766382e-23, nan 
59.875, 72.625, 2.535442446924606e-23, nan 
60.125, 72.625, 4.487934655716776e-23, nan 
60.375, 72.625, 4.89764394611846e-23, nan 
60.625, 72.625, 4.0148540660207613e-23, nan 
60.875, 72.625, 5.39219601258578e-23, nan 
61.125, 72.625, 5.382819342220726e-23, nan 
61.375, 72.625, 2.973062207989851e-23, nan 
61.625, 72.625, 1.3158509507478911e-23, nan 
61.875, 72.625, 1.0016070142736929e-23, nan 
62.125, 72.625, 1.633781709773985e-23, nan 
62.375, 72.625, 8.605789191037736e-24, nan 
62.625, 72.625, 1.2041601191001197e-23, nan 
62.875, 72.625, 1.2608993774943093e-23, nan 
63.125, 72.625, 1.4680225678490047e-23, nan 
63.375, 72.625, 2.9601537040132647e-23, nan 
63.625, 72.625, 3.7415733596614406e-23, nan 
63.875, 72.625, 4.617109738865128e-23, nan 
64.125, 72.625, 6.875334613942257e-23, nan 
64.375, 72.625, 7.985227337340495e-23, nan 
64.625, 72.625, 8.862304917314453e-23, nan 
64.875, 72.625, 9.178719847104642e-23, nan 
65.125, 72.625, 8.847412251560069e-23, nan 
65.375, 72.625, 7.639451411464043e-23, nan 
65.625, 72.625, 6.304888135077776e-23, nan 
65.875, 72.625, 7.043349350659293e-23, nan 
66.125, 72.625, 5.313388679649612e-23, nan 
66.375, 72.625, 5.900390810033367e-23, nan 
66.625, 72.625, 5.427501504997315e-23, nan 
66.875, 72.625, 7.489051628797903e-23, nan 
67.125, 72.625, 6.902335880860971e-23, nan 
67.375, 72.625, 5.169405367630891e-23, nan 
67.625, 72.625, 5.232048410523434e-23, nan 
67.875, 72.625, 5.602161717317041e-23, nan 
68.125, 72.625, 8.050798564103584e-23, nan 
68.375, 72.625, 9.331285171838049e-23, nan 
68.625, 72.625, 5.959490491745724e-23, nan 
68.875, 72.625, 4.564906567382904e-23, nan 
69.125, 72.625, 8.714462337871957e-23, nan 
69.375, 72.625, 1.1662972153094543e-22, nan 
69.625, 72.625, 9.390990780903066e-23, nan 
69.875, 72.625, 1.1572887020974892e-22, nan 
70.125, 72.625, 1.8939470591234684e-22, nan 
70.375, 72.625, 1.4013164517372983e-22, nan 
70.625, 72.625, 1.3097175278838416e-22, nan 
70.875, 72.625, 8.878356293661334e-23, nan 
71.125, 72.625, 1.1205637408674914e-22, nan 
71.375, 72.625, 2.2297283228462545e-22, nan 
71.625, 72.625, 2.383048891887774e-22, nan 
71.875, 72.625, 1.6913201974001665e-22, nan 
72.125, 72.625, 3.294153266486453e-22, nan 
72.375, 72.625, 3.4280850997868224e-22, nan 
72.625, 72.625, 2.0177669834541897e-22, nan 
72.875, 72.625, 1.3900141137543981e-22, nan 
73.125, 72.625, 1.9376325326010004e-22, nan 
73.375, 72.625, 1.4137012897107726e-22, nan 
73.625, 72.625, 1.3656021358616245e-22, nan 
73.875, 72.625, 1.4812916644512521e-22, nan 
74.125, 72.625, 2.5697744624197015e-22, nan 
74.375, 72.625, 1.958389625664916e-22, nan 
74.625, 72.625, 2.1508024676663307e-22, nan 
74.875, 72.625, 2.7855717621391166e-22, nan 
75.125, 72.625, 1.4910251805449235e-22, nan 
75.375, 72.625, 1.657298098004217e-22, nan 
75.625, 72.625, 3.08470962134393e-22, nan 
75.875, 72.625, 3.445511232736625e-22, nan 
76.125, 72.625, 1.3218123803335097e-22, nan 
76.375, 72.625, 1.340770747032519e-22, nan 
76.625, 72.625, 2.0944236931185765e-22, nan 
76.875, 72.625, 2.4216096041291976e-22, nan 
77.125, 72.625, 2.8007790708367714e-22, nan 
77.375, 72.625, 1.6192452259092678e-22, nan 
77.625, 72.625, 3.37637211095518e-22, nan 
77.875, 72.625, 1.9577714282029654e-22, nan 
78.125, 72.625, 1.1938070891930063e-22, nan 
78.375, 72.625, 2.311650468179207e-22, nan 
78.625, 72.625, 2.669860768603788e-22, nan 
78.875, 72.625, 1.922491780767833e-22, nan 
79.125, 72.625, 1.378967950732653e-22, nan 
79.375, 72.625, 2.087528939221821e-22, nan 
79.625, 72.625, 2.0130897815298777e-22, nan 
79.875, 72.625, 5.758940501064574e-22, nan 
80.125, 72.625, 4.42370571093534e-22, nan 
80.375, 72.625, 2.1299006863102647e-22, nan 
80.625, 72.625, 9.815588784581699e-22, nan 
80.875, 72.625, 6.17131522501536e-22, nan 
81.125, 72.625, 6.808029944016087e-23, nan 
81.375, 72.625, 6.770438106090511e-22, nan 
81.625, 72.625, 6.154307833201779e-22, nan 
81.875, 72.625, 9.092380347221463e-22, nan 
82.125, 72.625, 7.297553742375138e-22, nan 
82.375, 72.625, 5.6811042786477865e-22, nan 
82.625, 72.625, 1.1691827979366791e-21, nan 
82.875, 72.625, 7.0264835013847025e-22, nan 
83.125, 72.625, 3.6173547292786016e-22, nan 
83.375, 72.625, 6.869433798617322e-22, nan 
83.625, 72.625, 3.972709348433901e-22, nan 
83.875, 72.625, 6.831651119128872e-22, nan 
84.125, 72.625, 5.847880020452207e-22, nan 
84.375, 72.625, 1.25734465254848e-21, nan 
84.625, 72.625, 1.5959959899089141e-21, nan 
84.875, 72.625, 1.9464137351118485e-21, nan 
85.125, 72.625, 1.6888179762240783e-21, nan 
85.375, 72.625, 1.7866044993732823e-21, nan 
85.625, 72.625, 2.262060677042185e-21, nan 
85.875, 72.625, 1.560920465793396e-21, nan 
86.125, 72.625, 2.4765518353413747e-21, nan 
86.375, 72.625, 2.724034089464881e-21, nan 
86.625, 72.625, 1.4566160673556068e-21, nan 
86.875, 72.625, 1.3782465703899553e-21, nan 
87.125, 72.625, 1.870566488743446e-21, nan 
87.375, 72.625, 2.4103807825501116e-21, nan 
87.625, 72.625, 2.2869269916308772e-21, nan 
87.875, 72.625, 1.5185126027180545e-21, nan 
88.125, 72.625, 2.0967549576794783e-21, nan 
88.375, 72.625, 2.1693641566762884e-21, nan 
88.625, 72.625, 1.541967039028299e-21, nan 
88.875, 72.625, 1.728731352542876e-21, nan 
89.125, 72.625, 1.4299243953579575e-21, nan 
89.375, 72.625, 1.6935899247552863e-21, nan 
89.625, 72.625, 2.559107031905748e-21, nan 
89.875, 72.625, 1.975698275683166e-21, nan 
90.125, 72.625, 1.8511935630532043e-21, nan 
90.375, 72.625, 2.826116671825919e-21, nan 
90.625, 72.625, 5.090144513827683e-21, nan 
90.875, 72.625, 7.941534257807617e-21, nan 
91.125, 72.625, 8.945288334207687e-21, nan 
91.375, 72.625, 9.72348586612102e-21, nan 
91.625, 72.625, 9.85779597281734e-21, nan 
91.875, 72.625, 8.690195676546633e-21, nan 
92.125, 72.625, 9.938875480521887e-21, nan 
92.375, 72.625, 1.3561810249695368e-20, nan 
92.625, 72.625, 9.797413765514488e-21, nan 
92.875, 72.625, 1.1879774759389236e-20, nan 
93.125, 72.625, 1.75417802341334e-20, nan 
93.375, 72.625, 2.1361643901282084e-20, nan 
93.625, 72.625, 2.5305447774327796e-20, nan 
93.875, 72.625, 2.009493004636262e-20, nan 
94.125, 72.625, 1.7839923184315637e-20, nan 
94.375, 72.625, 1.2190218377342194e-20, nan 
94.625, 72.625, 1.7097458997183385e-20, nan 
94.875, 72.625, 5.936891629161782e-21, nan 
95.125, 72.625, 1.2561461451414191e-20, nan 
95.375, 72.625, 9.525216235801322e-21, nan 
95.625, 72.625, 1.4399306348183222e-20, nan 
95.875, 72.625, 1.733592208382905e-20, nan 
96.125, 72.625, 9.119174820731401e-21, nan 
96.375, 72.625, 2.733787568128428e-20, nan 
96.625, 72.625, 4.637844493071078e-20, nan 
96.875, 72.625, 2.2360524715161105e-20, nan 
97.125, 72.625, 2.2210330420134152e-20, nan 
97.375, 72.625, 2.948883625575171e-20, nan 
97.625, 72.625, 4.5826391383086753e-20, nan 
97.875, 72.625, 4.0130257665275577e-20, nan 
98.125, 72.625, 4.4699445263103126e-20, nan 
98.375, 72.625, 2.7756306473075396e-20, nan 
98.625, 72.625, 2.0754259031521367e-20, nan 
98.875, 72.625, 3.9845922388729153e-20, nan 
99.125, 72.625, 2.6943304318036294e-20, nan 
99.375, 72.625, 2.921746630603653e-20, nan 
99.625, 72.625, 2.3597563073538365e-20, nan 
99.875, 72.625, 4.188312905902267e-20, nan 
100.125, 72.625, 1.15271855855103e-20, nan 
100.375, 72.625, 1.2483090951007624e-20, nan 
100.625, 72.625, 3.076557505577289e-20, nan 
100.875, 72.625, 2.4701040551214663e-20, nan 
101.125, 72.625, 4.227751335616398e-20, nan 
101.375, 72.625, 3.9375571397330915e-20, nan 
101.625, 72.625, 6.032520909660582e-20, nan 
101.875, 72.625, 5.678080440602593e-20, nan 
102.125, 72.625, 5.841165182950011e-20, nan 
102.375, 72.625, 5.994493975818371e-20, nan 
102.625, 72.625, 3.4645935723044213e-20, nan 
102.875, 72.625, 5.73115999116986e-20, nan 
103.125, 72.625, 1.6499389246867407e-20, nan 
103.375, 72.625, 2.786929319280248e-20, nan 
103.625, 72.625, 1.0113933141306868e-19, nan 
103.875, 72.625, 4.0540812358047443e-20, nan 
104.125, 72.625, 3.450839964203102e-20, nan 
104.375, 72.625, 6.963134717969406e-20, nan 
104.625, 72.625, 4.027733854959585e-20, nan 
104.875, 72.625, 1.977997589309783e-20, nan 
105.125, 72.625, 3.464331003155715e-20, nan 
105.375, 72.625, 2.323605342334101e-20, nan 
105.625, 72.625, 1.892480914196818e-20, nan 
105.875, 72.625, 2.2416866886178058e-20, nan 
106.125, 72.625, 1.2316608134399165e-20, nan 
106.375, 72.625, 1.931559468058119e-20, nan 
106.625, 72.625, 2.0215853475075324e-20, nan 
106.875, 72.625, 3.134193916516429e-20, nan 
107.125, 72.625, 3.640303310928691e-20, nan 
107.375, 72.625, 5.002649056801601e-20, nan 
107.625, 72.625, 4.885139029106085e-20, nan 
107.875, 72.625, 2.1949841255754236e-20, nan 
108.125, 72.625, 4.787622181707428e-20, nan 
108.375, 72.625, 5.27686452622507e-20, nan 
108.625, 72.625, 3.4598013417994554e-20, nan 
108.875, 72.625, 3.665857201445971e-20, nan 
109.125, 72.625, 4.149338878176539e-20, nan 
109.375, 72.625, 2.5288893937066495e-20, nan 
109.625, 72.625, 1.9479118825616367e-20, nan 
109.875, 72.625, 1.8101184774223053e-20, nan 
110.125, 72.625, 1.1955693177284925e-20, nan 
110.375, 72.625, 1.1913153605755761e-20, nan 
110.625, 72.625, 1.2600760054470772e-20, nan 
110.875, 72.625, 9.216816450886131e-21, nan 
111.125, 72.625, 9.641101842189114e-21, nan 
111.375, 72.625, 9.382571436151384e-21, nan 
111.625, 72.625, 7.167710921396966e-21, nan 
111.875, 72.625, 6.734464689483642e-21, nan 
112.125, 72.625, 1.0984466592299233e-20, nan 
112.375, 72.625, 3.619047264808596e-21, nan 
112.625, 72.625, 6.180589083440088e-21, nan 
112.875, 72.625, 1.0084537639178465e-20, nan 
113.125, 72.625, 4.913135495528292e-21, nan 
113.375, 72.625, 5.658209136628919e-21, nan 
113.625, 72.625, 6.0330824243907644e-21, nan 
113.875, 72.625, 4.0220219102598544e-21, nan 
114.125, 72.625, 3.760928153988388e-21, nan 
114.375, 72.625, 6.4665230796338806e-21, nan 
114.625, 72.625, 3.9301250004618655e-21, nan 
114.875, 72.625, 5.765894067490862e-21, nan 
115.125, 72.625, 7.214613643706802e-21, nan 
115.375, 72.625, 5.3664582116928885e-21, nan 
115.625, 72.625, 9.386619704363033e-21, nan 
115.875, 72.625, 7.618588150291253e-21, nan 
116.125, 72.625, 6.005831528299104e-21, nan 
116.375, 72.625, 7.736569942744204e-21, nan 
116.625, 72.625, 6.143327985705769e-21, nan 
116.875, 72.625, 4.576567590651449e-21, nan 
117.125, 72.625, 3.076294012588725e-21, nan 
117.375, 72.625, 2.1597670910655173e-21, nan 
117.625, 72.625, 2.4706052151906587e-21, nan 
117.875, 72.625, 3.211919827069939e-21, nan 
118.125, 72.625, 1.8730005482399915e-21, nan 
118.375, 72.625, 5.232626907079961e-21, nan 
118.625, 72.625, 6.899751810956073e-21, nan 
118.875, 72.625, 4.9594858297489505e-21, nan 
119.125, 72.625, 4.333394902679726e-21, nan 
119.375, 72.625, 4.315423128829953e-21, nan 
119.625, 72.625, 2.7252257267337723e-21, nan 
119.875, 72.625, 2.975875841830253e-21, nan 
120.125, 72.625, 2.371037090760248e-21, nan 
120.375, 72.625, 2.0626960439229755e-21, nan 
120.625, 72.625, 2.156460375828049e-21, nan 
120.875, 72.625, 2.245499405943381e-21, nan 
121.125, 72.625, 2.8008185608251352e-21, nan 
121.375, 72.625, 2.7269234274936408e-21, nan 
121.625, 72.625, 2.7943685627870174e-21, nan 
121.875, 72.625, 2.2810014058107923e-21, nan 
122.125, 72.625, 2.006077461427123e-21, nan 
122.375, 72.625, 1.837054212181294e-21, nan 
122.625, 72.625, 1.5802171897346647e-21, nan 
122.875, 72.625, 1.3953350783012404e-21, nan 
123.125, 72.625, 1.4682109995657319e-21, nan 
123.375, 72.625, 1.0821746730467189e-21, nan 
123.625, 72.625, 1.0230245355558002e-21, nan 
123.875, 72.625, 1.1865950392832615e-21, nan 
124.125, 72.625, 1.2647637919565712e-21, nan 
124.375, 72.625, 9.034445568542777e-22, nan 
124.625, 72.625, 7.224609995172979e-22, nan 
124.875, 72.625, 4.998581526218792e-22, nan 
125.125, 72.625, 3.2496978489044e-22, nan 
125.375, 72.625, 2.224675668201023e-22, nan 
125.625, 72.625, 4.478231360524855e-22, nan 
125.875, 72.625, 4.284195186388381e-22, nan 
126.125, 72.625, 5.907470583733409e-22, nan 
126.375, 72.625, 5.122774938635805e-22, nan 
126.625, 72.625, 5.276912763827349e-22, nan 
126.875, 72.625, 5.252008994584589e-22, nan 
127.125, 72.625, 4.089426076153988e-22, nan 
127.375, 72.625, 2.4206970122539852e-22, nan 
127.625, 72.625, 2.625953372324737e-22, nan 
127.875, 72.625, 2.2283386331986606e-22, nan 
128.125, 72.625, 2.5744758063279007e-22, nan 
128.375, 72.625, 1.5685785432286576e-22, nan 
128.625, 72.625, 1.5724850676223863e-22, nan 
128.875, 72.625, 2.0715885264246598e-22, nan 
129.125, 72.625, 1.351216282222776e-22, nan 
129.375, 72.625, 1.096447507359429e-22, nan 
129.625, 72.625, 8.766900679724922e-23, nan 
129.875, 72.625, 1.2947886189251166e-22, nan 
130.125, 72.625, 1.8418189101890167e-22, nan 
130.375, 72.625, 6.419877889349502e-23, nan 
130.625, 72.625, 1.3789039372065615e-22, nan 
130.875, 72.625, 2.5168290611875794e-22, nan 
131.125, 72.625, 1.9347052996114857e-22, nan 
131.375, 72.625, 1.8085234641676377e-22, nan 
131.625, 72.625, 1.4116978892152802e-22, nan 
131.875, 72.625, 2.1731735759206543e-22, nan 
132.125, 72.625, 1.8906901910517939e-22, nan 
132.375, 72.625, 1.2709019988671085e-22, nan 
132.625, 72.625, 1.7791460793423112e-22, nan 
132.875, 72.625, 1.2778712131923133e-22, nan 
133.125, 72.625, 8.418146184374608e-23, nan 
133.375, 72.625, 7.458691997484744e-23, nan 
133.625, 72.625, 4.157839275884422e-23, nan 
133.875, 72.625, 8.59642854917653e-23, nan 
134.125, 72.625, 6.054712609556628e-23, nan 
134.375, 72.625, 8.666156263779889e-23, nan 
134.625, 72.625, 6.853010223185941e-23, nan 
134.875, 72.625, 5.967673350227357e-23, nan 
135.125, 72.625, 6.160117893839551e-23, nan 
135.375, 72.625, 4.123719364384205e-23, nan 
135.625, 72.625, 3.90712644918693e-23, nan 
135.875, 72.625, 4.8053344307550215e-23, nan 
136.125, 72.625, 4.483618249745912e-23, nan 
136.375, 72.625, 4.593089455281654e-23, nan 
136.625, 72.625, 3.830195304360987e-23, nan 
136.875, 72.625, 4.1731015255133676e-23, nan 
137.125, 72.625, 3.5391124587561155e-23, nan 
137.375, 72.625, 2.4190062164388452e-23, nan 
137.625, 72.625, 4.4485416794344443e-23, nan 
137.875, 72.625, 3.7230757226599e-23, nan 
138.125, 72.625, 6.479524480107233e-23, nan 
138.375, 72.625, 9.041509487916929e-23, nan 
138.625, 72.625, 8.092659072262318e-23, nan 
138.875, 72.625, 6.337435256976765e-23, nan 
139.125, 72.625, 7.933430778530673e-23, nan 
139.375, 72.625, 1.162137027325619e-22, nan 
139.625, 72.625, 1.4493952643958035e-22, nan 
139.875, 72.625, 1.1448797563518844e-22, nan 
140.125, 72.625, 1.2331476591684385e-22, nan 
140.375, 72.625, 1.6584688586634503e-22, nan 
140.625, 72.625, 1.7465428335989903e-22, nan 
140.875, 72.625, 1.4043481994289939e-22, nan 
141.125, 72.625, 1.0665776935931148e-22, nan 
141.375, 72.625, 8.669362562585108e-23, nan 
141.625, 72.625, 8.005772664681033e-23, nan 
141.875, 72.625, 5.870225478529455e-23, nan 
142.125, 72.625, 2.0268320619219522e-23, nan 
142.375, 72.625, 2.1636224517204946e-23, nan 
142.625, 72.625, 5.332103998426922e-23, nan 
142.875, 72.625, 4.134820113974377e-23, nan 
143.125, 72.625, 3.8273135804996775e-23, nan 
143.375, 72.625, 6.160324745366585e-23, nan 
143.625, 72.625, 7.399227753230183e-23, nan 
143.875, 72.625, 2.5070489296562744e-22, nan 
144.125, 72.625, 3.0495049663122946e-22, nan 
144.375, 72.625, 3.120177596350026e-22, nan 
144.625, 72.625, 7.719764690549199e-23, nan 
144.875, 72.625, 6.969553829911119e-23, nan 
145.125, 72.625, 4.644777405395672e-23, nan 
145.375, 72.625, 5.56768064816859e-23, nan 
145.625, 72.625, 6.128834228532495e-23, nan 
145.875, 72.625, 4.791785477630665e-23, nan 
146.125, 72.625, 3.889968998781544e-23, nan 
146.375, 72.625, 4.8308691183442483e-23, nan 
146.625, 72.625, 4.975228499850049e-23, nan 
146.875, 72.625, 3.949080644908572e-23, nan 
147.125, 72.625, 3.2151906194101956e-23, nan 
147.375, 72.625, 3.2363893749225246e-23, nan 
147.625, 72.625, 2.177418377920302e-23, nan 
147.875, 72.625, 1.8202971497171615e-23, nan 
148.125, 72.625, 8.684493930326453e-24, nan 
148.375, 72.625, 1.535210240419563e-23, nan 
148.625, 72.625, 2.0431367267394606e-23, nan 
148.875, 72.625, 2.6471545378029826e-23, nan 
149.125, 72.625, 2.1230019188126742e-23, nan 
149.375, 72.625, 2.6024150940523125e-23, nan 
149.625, 72.625, 2.3688261039566015e-23, nan 
149.875, 72.625, 1.108947043505251e-23, nan 
150.125, 72.625, 7.238044876738344e-24, nan 
150.375, 72.625, 5.6345648647784984e-24, nan 
150.625, 72.625, 6.2921359027105706e-24, nan 
150.875, 72.625, 7.685790093665479e-24, nan 
151.125, 72.625, 1.0234416589678027e-23, nan 
151.375, 72.625, 8.467860974357714e-24, nan 
151.625, 72.625, 5.067171934607688e-24, nan 
151.875, 72.625, 1.138405661236932e-23, nan 
152.125, 72.625, 6.428233984555101e-24, nan 
152.375, 72.625, 3.944344974673791e-24, nan 
152.625, 72.625, 5.575435061913674e-24, nan 
152.875, 72.625, 2.808415712443652e-24, nan 
153.125, 72.625, 4.111403143117823e-24, nan 
153.375, 72.625, 3.894929029218126e-24, nan 
153.625, 72.625, 4.144519264177825e-24, nan 
153.875, 72.625, 3.585210636307072e-24, nan 
154.125, 72.625, 2.9259970177529147e-24, nan 
154.375, 72.625, 3.402335583514624e-24, nan 
154.625, 72.625, 6.244759653082943e-24, nan 
154.875, 72.625, 5.891474077375447e-24, nan 
155.125, 72.625, 8.963198147847663e-24, nan 
155.375, 72.625, 9.264997508924338e-24, nan 
155.625, 72.625, 1.0208372750295083e-23, nan 
155.875, 72.625, 9.54656537927503e-24, nan 
156.125, 72.625, 5.58984308757991e-24, nan 
156.375, 72.625, 8.20716514618166e-24, nan 
156.625, 72.625, 6.56016894736609e-24, nan 
156.875, 72.625, 5.403688967823729e-24, nan 
157.125, 72.625, 3.9616437667242515e-24, nan 
157.375, 72.625, 2.817637728375213e-24, nan 
157.625, 72.625, 4.762312877272199e-24, nan 
157.875, 72.625, 4.590075958399911e-24, nan 
158.125, 72.625, 3.826206465814316e-24, nan 
158.375, 72.625, 5.0869899562177064e-24, nan 
158.625, 72.625, 4.908486698280227e-24, nan 
158.875, 72.625, 4.244095083862053e-24, nan 
159.125, 72.625, 6.512150153079341e-24, nan 
159.375, 72.625, 1.4223632585929553e-23, nan 
159.625, 72.625, 1.5794159043460267e-23, nan 
159.875, 72.625, 1.356594812100202e-23, nan 
160.125, 72.625, 1.5338540378900446e-23, nan 
160.375, 72.625, 1.768738742088707e-23, nan 
160.625, 72.625, 3.764640113285558e-23, nan 
160.875, 72.625, 3.601678775613201e-23, nan 
161.125, 72.625, 3.5074507801841065e-23, nan 
161.375, 72.625, 4.1018837425061235e-23, nan 
161.625, 72.625, 3.576688913634714e-23, nan 
161.875, 72.625, 1.843971823118007e-22, nan 
162.125, 72.625, 2.647599613972815e-22, nan 
162.375, 72.625, 2.0393460839830164e-22, nan 
162.625, 72.625, 2.4991064939278135e-22, nan 
162.875, 72.625, 3.2001088338923513e-22, nan 
163.125, 72.625, 2.0618381989762593e-22, nan 
163.375, 72.625, 1.1048435024864102e-22, nan 
163.625, 72.625, 1.5572153199094802e-22, nan 
163.875, 72.625, 1.0632845807607987e-22, nan 
164.125, 72.625, 7.113989075287305e-23, nan 
164.375, 72.625, 7.632919310611526e-23, nan 
164.625, 72.625, 7.339697650288413e-23, nan 
164.875, 72.625, 1.0211235317326412e-22, nan 
165.125, 72.625, 9.200398842525172e-23, nan 
165.375, 72.625, 1.3579584136317149e-22, nan 
165.625, 72.625, 9.965279732194564e-23, nan 
165.875, 72.625, 1.0208368481463678e-22, nan 
166.125, 72.625, 2.292433124842491e-22, nan 
166.375, 72.625, 1.2369051609605098e-22, nan 
166.625, 72.625, 8.020749363560772e-23, nan 
166.875, 72.625, 2.151552482373661e-22, nan 
167.125, 72.625, 1.0913244842746164e-22, nan 
167.375, 72.625, 2.8645836051628646e-23, nan 
167.625, 72.625, 9.013993598841788e-23, nan 
167.875, 72.625, 4.7729123756444594e-23, nan 
168.125, 72.625, 2.5450336460453288e-23, nan 
168.375, 72.625, 1.1398143385676057e-23, nan 
168.625, 72.625, 6.862422320319424e-24, nan 
168.875, 72.625, 9.629063175204524e-24, nan 
169.125, 72.625, 1.2546711395166473e-23, nan 
169.375, 72.625, 1.4284445803558035e-23, nan 
169.625, 72.625, 1.414861134193485e-23, nan 
169.875, 72.625, 1.1974089221950955e-23, nan 
170.125, 72.625, 1.1916062213728034e-23, nan 
170.375, 72.625, 9.911941867655912e-24, nan 
170.625, 72.625, 5.9000754468683806e-24, nan 
170.875, 72.625, 7.630708116587635e-24, nan 
171.125, 72.625, 8.71359893755346e-24, nan 
171.375, 72.625, 5.365013803890998e-24, nan 
171.625, 72.625, 6.4991219416381574e-24, nan 
171.875, 72.625, 7.874163653901878e-24, nan 
172.125, 72.625, 4.922195143684167e-24, nan 
172.375, 72.625, 3.1287808770063124e-24, nan 
172.625, 72.625, 3.359304725740464e-24, nan 
172.875, 72.625, 3.508752766404511e-24, nan 
173.125, 72.625, 2.1197944838771258e-24, nan 
173.375, 72.625, 2.1433190831426834e-24, nan 
173.625, 72.625, 2.2813458946240883e-24, nan 
173.875, 72.625, 1.946689311984666e-24, nan 
174.125, 72.625, 1.5747037512621692e-24, nan 
174.375, 72.625, 1.6360447471961992e-24, nan 
174.625, 72.625, 2.5518646682942716e-24, nan 
174.875, 72.625, 2.6242824016795853e-24, nan 
175.125, 72.625, 2.001241700538015e-24, nan 
175.375, 72.625, 2.5653853726112627e-24, nan 
175.625, 72.625, 2.6225075237513136e-24, nan 
175.875, 72.625, 2.5944339431166663e-24, nan 
26.625, 72.875, 9.212650295493436e-24, nan 
26.875, 72.875, 6.2645162675528586e-24, nan 
27.125, 72.875, 6.073080157417344e-24, nan 
27.375, 72.875, 7.262994188309647e-24, nan 
27.625, 72.875, 4.031222141991442e-24, nan 
27.875, 72.875, 6.81325082564579e-24, nan 
28.125, 72.875, 6.886650036168957e-24, nan 
28.375, 72.875, 8.75270682655317e-24, nan 
28.625, 72.875, 5.1679161044464784e-24, nan 
28.875, 72.875, 4.359083593471359e-24, nan 
29.125, 72.875, 7.105295428787731e-24, nan 
29.375, 72.875, 1.8182358052692986e-24, nan 
29.625, 72.875, 1.8660735437018123e-24, nan 
29.875, 72.875, 8.887654901836086e-25, nan 
30.125, 72.875, 1.1585861793712333e-24, nan 
30.375, 72.875, 1.3213035923275242e-24, nan 
30.625, 72.875, 1.4981785540677892e-24, nan 
30.875, 72.875, 1.6600725113618505e-24, nan 
31.125, 72.875, 8.987437482893944e-25, nan 
31.375, 72.875, 1.5818889258508471e-24, nan 
31.625, 72.875, 2.1530876827508624e-24, nan 
31.875, 72.875, 1.8517028462002752e-24, nan 
32.125, 72.875, 1.4734836524234343e-24, nan 
32.375, 72.875, 1.4017514598244781e-24, nan 
32.625, 72.875, 1.8138094350434144e-24, nan 
32.875, 72.875, 2.0215360677164995e-24, nan 
33.125, 72.875, 2.2083685292184234e-24, nan 
33.375, 72.875, 2.474668403272731e-24, nan 
33.625, 72.875, 2.0322211161340834e-24, nan 
33.875, 72.875, 3.1560245189710734e-24, nan 
34.125, 72.875, 3.869375517377234e-24, nan 
34.375, 72.875, 1.1576621937911482e-24, nan 
34.625, 72.875, 2.1431534081909995e-24, nan 
34.875, 72.875, 2.931332153758162e-24, nan 
35.125, 72.875, 2.0933791396165556e-24, nan 
35.375, 72.875, 2.416920372394574e-24, nan 
35.625, 72.875, 2.9404177348738168e-24, nan 
35.875, 72.875, 1.9954790563059998e-24, nan 
36.125, 72.875, 3.2542891823962035e-24, nan 
36.375, 72.875, 5.527749226135233e-24, nan 
36.625, 72.875, 8.230867899226035e-24, nan 
36.875, 72.875, 3.0430250087484076e-24, nan 
37.125, 72.875, 7.434895768634408e-24, nan 
37.375, 72.875, 1.7767956088196638e-23, nan 
37.625, 72.875, 1.1106800926927156e-23, nan 
37.875, 72.875, 1.1032998931506245e-23, nan 
38.125, 72.875, 1.5064774283315036e-23, nan 
38.375, 72.875, 1.1847801396227629e-23, nan 
38.625, 72.875, 1.54265976321244e-23, nan 
38.875, 72.875, 1.0512970785627864e-23, nan 
39.125, 72.875, 7.310641153416696e-24, nan 
39.375, 72.875, 8.347944954009945e-24, nan 
39.625, 72.875, 5.256860422994472e-24, nan 
39.875, 72.875, 3.6424623267917176e-24, nan 
40.125, 72.875, 1.821576729076107e-24, nan 
40.375, 72.875, 1.5279425441293816e-24, nan 
40.625, 72.875, 2.0975954484857332e-24, nan 
40.875, 72.875, 2.5431868688581596e-24, nan 
41.125, 72.875, 2.0488267192914422e-24, nan 
41.375, 72.875, 3.2831709393280865e-24, nan 
41.625, 72.875, 2.5101765620711502e-24, nan 
41.875, 72.875, 3.2663134978434972e-24, nan 
42.125, 72.875, 4.734577624331432e-24, nan 
42.375, 72.875, 5.378996384415788e-24, nan 
42.625, 72.875, 6.393148195705526e-24, nan 
42.875, 72.875, 5.723399798776665e-24, nan 
43.125, 72.875, 3.1120320471581125e-24, nan 
43.375, 72.875, 4.451591868393285e-24, nan 
43.625, 72.875, 5.533917253939603e-24, nan 
43.875, 72.875, 4.657523815004084e-24, nan 
44.125, 72.875, 5.773046745891274e-24, nan 
44.375, 72.875, 5.114282643430788e-24, nan 
44.625, 72.875, 4.400129365871215e-24, nan 
44.875, 72.875, 4.883972123890976e-24, nan 
45.125, 72.875, 4.426776737213696e-24, nan 
45.375, 72.875, 4.17170186897148e-24, nan 
45.625, 72.875, 4.397961116814148e-24, nan 
45.875, 72.875, 4.5180664196283664e-24, nan 
46.125, 72.875, 4.733571846375558e-24, nan 
46.375, 72.875, 3.2202756980049254e-24, nan 
46.625, 72.875, 1.7043013603701953e-24, nan 
46.875, 72.875, 2.4019017396797034e-24, nan 
47.125, 72.875, 3.250522320736375e-24, nan 
47.375, 72.875, 3.635901607170379e-25, nan 
47.625, 72.875, 3.0439651223351938e-24, nan 
47.875, 72.875, 3.591182262923787e-24, nan 
48.125, 72.875, 1.841779384269916e-24, nan 
48.375, 72.875, 2.64074929075934e-24, nan 
48.625, 72.875, 2.0053058094329394e-24, nan 
48.875, 72.875, 5.658071463743652e-24, nan 
49.125, 72.875, 5.255107381679353e-24, nan 
49.375, 72.875, 7.073192196442976e-24, nan 
49.625, 72.875, 3.409214869024498e-24, nan 
49.875, 72.875, 2.9505178895806735e-24, nan 
50.125, 72.875, 4.758509302299034e-24, nan 
50.375, 72.875, 4.5654539798959875e-24, nan 
50.625, 72.875, 5.307596418470332e-24, nan 
50.875, 72.875, 6.897390046733072e-24, nan 
51.125, 72.875, 9.378089418184796e-24, nan 
51.375, 72.875, 9.497351755454333e-24, nan 
51.625, 72.875, 7.879886320418579e-24, nan 
51.875, 72.875, 5.290382964608527e-24, nan 
52.125, 72.875, 5.444457357957673e-24, nan 
52.375, 72.875, 5.4113737432390995e-24, nan 
52.625, 72.875, 6.291410658864845e-24, nan 
52.875, 72.875, 6.015106532775997e-24, nan 
53.125, 72.875, 5.4799346825879515e-24, nan 
53.375, 72.875, 6.261487400148307e-24, nan 
53.625, 72.875, 9.722905429104766e-24, nan 
53.875, 72.875, 9.223272539281129e-24, nan 
54.125, 72.875, 1.0152280130573703e-23, nan 
54.375, 72.875, 1.3296187450709563e-23, nan 
54.625, 72.875, 1.2517238230239643e-23, nan 
54.875, 72.875, 1.4180372039511272e-23, nan 
55.125, 72.875, 1.3590113765053222e-23, nan 
55.375, 72.875, 1.5245820637507268e-23, nan 
55.625, 72.875, 1.648158806952779e-23, nan 
55.875, 72.875, 1.5918581344626754e-23, nan 
56.125, 72.875, 1.5344344553840386e-23, nan 
56.375, 72.875, 1.8465459555740987e-23, nan 
56.625, 72.875, 1.6275197286719118e-23, nan 
56.875, 72.875, 1.793224036772107e-23, nan 
57.125, 72.875, 1.6891919874762136e-23, nan 
57.375, 72.875, 2.2480411309358824e-23, nan 
57.625, 72.875, 2.119169573459194e-23, nan 
57.875, 72.875, 1.9000632198600897e-23, nan 
58.125, 72.875, 1.8531626577454188e-23, nan 
58.375, 72.875, 2.655522815401336e-23, nan 
58.625, 72.875, 2.942029706109318e-23, nan 
58.875, 72.875, 2.574869048138252e-23, nan 
59.125, 72.875, 2.779616985674584e-23, nan 
59.375, 72.875, 3.9895578159199444e-23, nan 
59.625, 72.875, 3.663226319450809e-23, nan 
59.875, 72.875, 2.873294342593752e-23, nan 
60.125, 72.875, 3.991294242252049e-23, nan 
60.375, 72.875, 5.0211314776077045e-23, nan 
60.625, 72.875, 4.882922485801834e-23, nan 
60.875, 72.875, 5.0272598621268786e-23, nan 
61.125, 72.875, 6.249350916183152e-23, nan 
61.375, 72.875, 6.584086408551122e-23, nan 
61.625, 72.875, 4.5908161584771443e-23, nan 
61.875, 72.875, 3.1316837058393946e-23, nan 
62.125, 72.875, 1.5970754540747336e-23, nan 
62.375, 72.875, 3.836103992025582e-24, nan 
62.625, 72.875, 1.2822067503882962e-23, nan 
62.875, 72.875, 1.1500358787198077e-23, nan 
63.125, 72.875, 1.5174930726583374e-23, nan 
63.375, 72.875, 1.0344185435329988e-23, nan 
63.625, 72.875, 1.543896988623094e-23, nan 
63.875, 72.875, 2.946575956940533e-23, nan 
64.125, 72.875, 3.630205161119168e-23, nan 
64.375, 72.875, 5.067874786490567e-23, nan 
64.625, 72.875, 5.739238803987095e-23, nan 
64.875, 72.875, 6.765373997218116e-23, nan 
65.125, 72.875, 7.418182241294835e-23, nan 
65.375, 72.875, 8.396928267665436e-23, nan 
65.625, 72.875, 8.781082035389732e-23, nan 
65.875, 72.875, 8.383253318121939e-23, nan 
66.125, 72.875, 6.935394142970164e-23, nan 
66.375, 72.875, 7.427322050341145e-23, nan 
66.625, 72.875, 6.764313488494126e-23, nan 
66.875, 72.875, 6.150889579130064e-23, nan 
67.125, 72.875, 6.188894012666088e-23, nan 
67.375, 72.875, 5.77210554610126e-23, nan 
67.625, 72.875, 5.859480530231788e-23, nan 
67.875, 72.875, 5.567462165014692e-23, nan 
68.125, 72.875, 4.8667781471716275e-23, nan 
68.375, 72.875, 3.04725760991139e-23, nan 
68.625, 72.875, 3.8780295852454264e-23, nan 
68.875, 72.875, 5.303862169542582e-23, nan 
69.125, 72.875, 8.51860721885516e-23, nan 
69.375, 72.875, 6.9214614234651e-23, nan 
69.625, 72.875, 7.66701776887235e-23, nan 
69.875, 72.875, 9.544855143779245e-23, nan 
70.125, 72.875, 1.7856308273854216e-22, nan 
70.375, 72.875, 1.942075512883701e-22, nan 
70.625, 72.875, 1.7925240330961413e-22, nan 
70.875, 72.875, 1.7360634361065878e-22, nan 
71.125, 72.875, 2.0787406871430858e-22, nan 
71.375, 72.875, 1.8666171593139798e-22, nan 
71.625, 72.875, 1.8139235571070713e-22, nan 
71.875, 72.875, 1.7820247364656944e-22, nan 
72.125, 72.875, 2.2117126703229558e-22, nan 
72.375, 72.875, 2.038347476312814e-22, nan 
72.625, 72.875, 2.567813033808024e-22, nan 
72.875, 72.875, 1.6395249163351273e-22, nan 
73.125, 72.875, 1.702903492817865e-22, nan 
73.375, 72.875, 1.762746334862647e-22, nan 
73.625, 72.875, 2.7186150110846392e-22, nan 
73.875, 72.875, 3.5227438636558917e-22, nan 
74.125, 72.875, 2.903484129408955e-22, nan 
74.375, 72.875, 3.365466102366573e-22, nan 
74.625, 72.875, 3.5727616737300493e-22, nan 
74.875, 72.875, 2.776649605877553e-22, nan 
75.125, 72.875, 2.5364123358479495e-22, nan 
75.375, 72.875, 3.5256097106682057e-22, nan 
75.625, 72.875, 3.4070627034598215e-22, nan 
75.875, 72.875, 3.468269639938366e-22, nan 
76.125, 72.875, 2.8111031427264585e-22, nan 
76.375, 72.875, 3.559320452652134e-22, nan 
76.625, 72.875, 3.4806633090049002e-22, nan 
76.875, 72.875, 3.8967100270785326e-22, nan 
77.125, 72.875, 6.547143057361916e-22, nan 
77.375, 72.875, 4.897591870110336e-22, nan 
77.625, 72.875, 1.6274734285143284e-22, nan 
77.875, 72.875, 3.2161919167254344e-22, nan 
78.125, 72.875, 2.1616886674026504e-22, nan 
78.375, 72.875, 4.6083508730325886e-23, nan 
78.625, 72.875, 2.3683954529981194e-22, nan 
78.875, 72.875, 2.259817946072534e-22, nan 
79.125, 72.875, 1.3737469989128886e-22, nan 
79.375, 72.875, 1.753967891547666e-22, nan 
79.625, 72.875, 2.567869023487549e-22, nan 
79.875, 72.875, 1.904982412917526e-22, nan 
80.125, 72.875, 1.8588311796210755e-22, nan 
80.375, 72.875, 1.086634854082842e-22, nan 
80.625, 72.875, 3.7161356810219467e-22, nan 
80.875, 72.875, 2.7535985963186073e-22, nan 
81.125, 72.875, 4.339494606136264e-22, nan 
81.375, 72.875, 4.295674888450733e-22, nan 
81.625, 72.875, 4.57207066089447e-22, nan 
81.875, 72.875, 5.045969791660137e-22, nan 
82.125, 72.875, 5.436622528588717e-22, nan 
82.375, 72.875, 4.237051441219043e-22, nan 
82.625, 72.875, 4.966673105676169e-22, nan 
82.875, 72.875, 3.0325591550757325e-22, nan 
83.125, 72.875, 5.472602305463688e-22, nan 
83.375, 72.875, 3.9335829303017874e-22, nan 
83.625, 72.875, 2.2277456513251816e-22, nan 
83.875, 72.875, 4.933730990460693e-22, nan 
84.125, 72.875, 5.930105216039994e-22, nan 
84.375, 72.875, 6.149398151521975e-22, nan 
84.625, 72.875, 1.351017112518276e-21, nan 
84.875, 72.875, 1.7901843159452784e-21, nan 
85.125, 72.875, 1.3542726313089493e-21, nan 
85.375, 72.875, 1.5189406178072054e-21, nan 
85.625, 72.875, 2.143476729518197e-21, nan 
85.875, 72.875, 3.0571162397847725e-21, nan 
86.125, 72.875, 2.886312506656082e-21, nan 
86.375, 72.875, 2.8643778724728712e-21, nan 
86.625, 72.875, 4.948046865814241e-21, nan 
86.875, 72.875, 3.91188969230483e-21, nan 
87.125, 72.875, 3.359130876210424e-21, nan 
87.375, 72.875, 3.2168134134731033e-21, nan 
87.625, 72.875, 2.5673602042133887e-21, nan 
87.875, 72.875, 2.5236577543940872e-21, nan 
88.125, 72.875, 2.8733209267635732e-21, nan 
88.375, 72.875, 3.2303848466201648e-21, nan 
88.625, 72.875, 2.1349576217345647e-21, nan 
88.875, 72.875, 3.2285510568057303e-21, nan 
89.125, 72.875, 3.4723073249526285e-21, nan 
89.375, 72.875, 2.023941195221627e-21, nan 
89.625, 72.875, 5.500560142365702e-21, nan 
89.875, 72.875, 3.800838831171866e-21, nan 
90.125, 72.875, 3.2672089493397555e-21, nan 
90.375, 72.875, 4.348262897146442e-21, nan 
90.625, 72.875, 5.913886803652677e-21, nan 
90.875, 72.875, 8.129324520971974e-21, nan 
91.125, 72.875, 1.118089498646002e-20, nan 
91.375, 72.875, 6.981380083822648e-21, nan 
91.625, 72.875, 1.5688993212560086e-20, nan 
91.875, 72.875, 1.3646653051168193e-20, nan 
92.125, 72.875, 1.0713586283392959e-20, nan 
92.375, 72.875, 2.3752747138823e-20, nan 
92.625, 72.875, 1.9035012486347485e-20, nan 
92.875, 72.875, 2.3008471941011935e-20, nan 
93.125, 72.875, 1.9882984950588446e-20, nan 
93.375, 72.875, 2.844406569657411e-20, nan 
93.625, 72.875, 3.919245070573939e-20, nan 
93.875, 72.875, 2.6104341386528754e-20, nan 
94.125, 72.875, 2.717122097185838e-20, nan 
94.375, 72.875, 2.2617515721828222e-20, nan 
94.625, 72.875, 2.243099292071876e-20, nan 
94.875, 72.875, 3.2521421315795556e-20, nan 
95.125, 72.875, 2.0342694531451923e-20, nan 
95.375, 72.875, 2.3857605933767685e-20, nan 
95.625, 72.875, 2.057493368974217e-20, nan 
95.875, 72.875, 2.5396521324316116e-20, nan 
96.125, 72.875, 1.3972319534846108e-20, nan 
96.375, 72.875, 2.86275206101389e-20, nan 
96.625, 72.875, 4.168412801789447e-20, nan 
96.875, 72.875, 3.983875012408242e-20, nan 
97.125, 72.875, 4.391146635411155e-20, nan 
97.375, 72.875, 2.964474826126613e-20, nan 
97.625, 72.875, 5.546801125410181e-20, nan 
97.875, 72.875, 5.641632463482839e-20, nan 
98.125, 72.875, 5.129871642005383e-20, nan 
98.375, 72.875, 4.293186863926445e-20, nan 
98.625, 72.875, 5.614395639802675e-20, nan 
98.875, 72.875, 6.263499008456049e-20, nan 
99.125, 72.875, 4.4788003435517087e-20, nan 
99.375, 72.875, 4.131823255651233e-20, nan 
99.625, 72.875, 2.804919952663979e-20, nan 
99.875, 72.875, 2.0514800344571346e-20, nan 
100.125, 72.875, 2.5279225576264817e-20, nan 
100.375, 72.875, 3.901730495080962e-20, nan 
100.625, 72.875, 2.1202851582701865e-20, nan 
100.875, 72.875, 2.2475412360813442e-20, nan 
101.125, 72.875, 3.808722861734015e-20, nan 
101.375, 72.875, 3.081519225584077e-20, nan 
101.625, 72.875, 4.248743961824617e-20, nan 
101.875, 72.875, 6.248216808629023e-20, nan 
102.125, 72.875, 4.396075414862708e-20, nan 
102.375, 72.875, 4.2814432721182355e-20, nan 
102.625, 72.875, 5.826871852419927e-20, nan 
102.875, 72.875, 2.4734102580643073e-20, nan 
103.125, 72.875, 2.0071302290970816e-20, nan 
103.375, 72.875, 3.129664085697458e-20, nan 
103.625, 72.875, 4.3286013604382385e-20, nan 
103.875, 72.875, 2.7036653621084528e-20, nan 
104.125, 72.875, 3.680825476314551e-20, nan 
104.375, 72.875, 4.1068462892037816e-20, nan 
104.625, 72.875, 3.0787012636296955e-20, nan 
104.875, 72.875, 2.803250239292384e-20, nan 
105.125, 72.875, 4.887275592906435e-20, nan 
105.375, 72.875, 3.1644584507626227e-20, nan 
105.625, 72.875, 2.2617089272899757e-20, nan 
105.875, 72.875, 1.773744285574594e-20, nan 
106.125, 72.875, 1.3138731102274936e-20, nan 
106.375, 72.875, 3.1946568458963165e-20, nan 
106.625, 72.875, 4.7780504231663484e-20, nan 
106.875, 72.875, 5.765862123635034e-20, nan 
107.125, 72.875, 5.43033098675703e-20, nan 
107.375, 72.875, 6.225078306554869e-20, nan 
107.625, 72.875, 7.203985581560817e-20, nan 
107.875, 72.875, 6.231218029471654e-20, nan 
108.125, 72.875, 6.70705307358038e-20, nan 
108.375, 72.875, 6.524550099958861e-20, nan 
108.625, 72.875, 4.1302967892548466e-20, nan 
108.875, 72.875, 4.092439723048897e-20, nan 
109.125, 72.875, 3.952486062808406e-20, nan 
109.375, 72.875, 1.9511577797260595e-20, nan 
109.625, 72.875, 1.446141861818716e-20, nan 
109.875, 72.875, 9.065712145786596e-21, nan 
110.125, 72.875, 6.5370123397382736e-21, nan 
110.375, 72.875, 1.3262147810994411e-20, nan 
110.625, 72.875, 1.4182718989811016e-20, nan 
110.875, 72.875, 1.3462942134335038e-20, nan 
111.125, 72.875, 1.0436904096466662e-20, nan 
111.375, 72.875, 1.0660986795881148e-20, nan 
111.625, 72.875, 1.0298447837655934e-20, nan 
111.875, 72.875, 8.973750396885585e-21, nan 
112.125, 72.875, 1.0525352798043818e-20, nan 
112.375, 72.875, 9.756322588626605e-21, nan 
112.625, 72.875, 9.167979316989961e-21, nan 
112.875, 72.875, 7.853758485852416e-21, nan 
113.125, 72.875, 6.808791398010975e-21, nan 
113.375, 72.875, 5.850783179479108e-21, nan 
113.625, 72.875, 4.635973467364953e-21, nan 
113.875, 72.875, 5.3735053612040005e-21, nan 
114.125, 72.875, 4.417179606193553e-21, nan 
114.375, 72.875, 2.263080544797754e-21, nan 
114.625, 72.875, 4.05105734098276e-21, nan 
114.875, 72.875, 4.9622702700380015e-21, nan 
115.125, 72.875, 6.360743885555334e-21, nan 
115.375, 72.875, 3.629225177224902e-21, nan 
115.625, 72.875, 6.893992799895142e-21, nan 
115.875, 72.875, 5.450999509044375e-21, nan 
116.125, 72.875, 4.340531831020649e-21, nan 
116.375, 72.875, 3.3159564030448623e-21, nan 
116.625, 72.875, 2.4506470812447677e-21, nan 
116.875, 72.875, 2.1110957467762642e-21, nan 
117.125, 72.875, 1.69859295902441e-21, nan 
117.375, 72.875, 9.85250884821017e-22, nan 
117.625, 72.875, 1.3135060001894624e-21, nan 
117.875, 72.875, 1.4906481501262991e-21, nan 
118.125, 72.875, 2.5222172209044052e-21, nan 
118.375, 72.875, 2.5101684755295693e-21, nan 
118.625, 72.875, 2.8053853105584216e-21, nan 
118.875, 72.875, 2.1643821780267286e-21, nan 
119.125, 72.875, 1.1666908811786998e-21, nan 
119.375, 72.875, 9.82740010532985e-22, nan 
119.625, 72.875, 1.1087725551945049e-21, nan 
119.875, 72.875, 1.4505868265267037e-21, nan 
120.125, 72.875, 1.8382737744394002e-21, nan 
120.375, 72.875, 1.2205673771813217e-21, nan 
120.625, 72.875, 1.6220435013594905e-21, nan 
120.875, 72.875, 2.091252273789984e-21, nan 
121.125, 72.875, 2.355954413090191e-21, nan 
121.375, 72.875, 2.353939788712714e-21, nan 
121.625, 72.875, 2.402306708297266e-21, nan 
121.875, 72.875, 1.921993882656752e-21, nan 
122.125, 72.875, 1.6891776244600125e-21, nan 
122.375, 72.875, 1.5758908431186508e-21, nan 
122.625, 72.875, 1.213225496430603e-21, nan 
122.875, 72.875, 1.139434364356481e-21, nan 
123.125, 72.875, 1.2030249775425536e-21, nan 
123.375, 72.875, 7.231666354203845e-22, nan 
123.625, 72.875, 6.538292057630822e-22, nan 
123.875, 72.875, 5.17042440963203e-22, nan 
124.125, 72.875, 2.6225654360555094e-22, nan 
124.375, 72.875, 4.971764425354647e-22, nan 
124.625, 72.875, 3.4149485369332775e-22, nan 
124.875, 72.875, 2.0155374465571053e-22, nan 
125.125, 72.875, 2.884750023573667e-22, nan 
125.375, 72.875, 2.1750848357811023e-22, nan 
125.625, 72.875, 1.2076256188174598e-22, nan 
125.875, 72.875, 3.4761051037387405e-22, nan 
126.125, 72.875, 4.161694466528096e-22, nan 
126.375, 72.875, 3.9730111659500365e-22, nan 
126.625, 72.875, 3.3004145351882116e-22, nan 
126.875, 72.875, 3.666195696436355e-22, nan 
127.125, 72.875, 2.9096563166772357e-22, nan 
127.375, 72.875, 2.317160204194909e-22, nan 
127.625, 72.875, 1.9254536707818987e-22, nan 
127.875, 72.875, 1.782269776838694e-22, nan 
128.125, 72.875, 1.9986174736878804e-22, nan 
128.375, 72.875, 1.7534060391507064e-22, nan 
128.625, 72.875, 1.1868247249e-22, nan 
128.875, 72.875, 1.351632142611104e-22, nan 
129.125, 72.875, 1.4706959532792288e-22, nan 
129.375, 72.875, 9.335657507677681e-23, nan 
129.625, 72.875, 1.5109625129917253e-22, nan 
129.875, 72.875, 9.767574165337091e-23, nan 
130.125, 72.875, 1.2240610103920333e-22, nan 
130.375, 72.875, 2.6869432372070597e-22, nan 
130.625, 72.875, 2.390154044994627e-22, nan 
130.875, 72.875, 1.9294310274365287e-22, nan 
131.125, 72.875, 2.7132682850020776e-22, nan 
131.375, 72.875, 2.494953506895764e-22, nan 
131.625, 72.875, 1.3523632553470966e-22, nan 
131.875, 72.875, 2.166909494178107e-22, nan 
132.125, 72.875, 3.115311919082364e-22, nan 
132.375, 72.875, 1.7016913858835793e-22, nan 
132.625, 72.875, 1.9638270049167462e-22, nan 
132.875, 72.875, 2.092190255207658e-22, nan 
133.125, 72.875, 1.8372704395143432e-22, nan 
133.375, 72.875, 1.7220280740777817e-22, nan 
133.625, 72.875, 1.657276133968096e-22, nan 
133.875, 72.875, 1.871366472215704e-22, nan 
134.125, 72.875, 1.1435372636766384e-22, nan 
134.375, 72.875, 1.2313050666338824e-22, nan 
134.625, 72.875, 1.4332488485547516e-22, nan 
134.875, 72.875, 6.346928053924188e-23, nan 
135.125, 72.875, 3.933948027497662e-23, nan 
135.375, 72.875, 5.203390222464715e-23, nan 
135.625, 72.875, 6.131928449120916e-23, nan 
135.875, 72.875, 8.150228882898568e-23, nan 
136.125, 72.875, 6.089797696679302e-23, nan 
136.375, 72.875, 7.32682582123967e-23, nan 
136.625, 72.875, 5.500215198162851e-23, nan 
136.875, 72.875, 4.6743465508647964e-23, nan 
137.125, 72.875, 5.286334518485162e-23, nan 
137.375, 72.875, 9.38974834997097e-23, nan 
137.625, 72.875, 1.5217588165260285e-22, nan 
137.875, 72.875, 1.0391089714839315e-22, nan 
138.125, 72.875, 1.2334635788024357e-22, nan 
138.375, 72.875, 1.9376218387046127e-22, nan 
138.625, 72.875, 1.6722836364792153e-22, nan 
138.875, 72.875, 1.353704842186038e-22, nan 
139.125, 72.875, 1.4014184760765863e-22, nan 
139.375, 72.875, 1.516791899315563e-22, nan 
139.625, 72.875, 1.464411378633699e-22, nan 
139.875, 72.875, 1.1709108477953445e-22, nan 
140.125, 72.875, 1.1577748737484888e-22, nan 
140.375, 72.875, 1.3741679787535958e-22, nan 
140.625, 72.875, 1.1137587546792586e-22, nan 
140.875, 72.875, 8.015370452204928e-23, nan 
141.125, 72.875, 6.055383901772602e-23, nan 
141.375, 72.875, 5.958191304217774e-23, nan 
141.625, 72.875, 5.247397862783304e-23, nan 
141.875, 72.875, 1.6697995594789495e-23, nan 
142.125, 72.875, 2.3767915479258644e-23, nan 
142.375, 72.875, 2.4825072480898813e-23, nan 
142.625, 72.875, 1.6894179175659595e-23, nan 
142.875, 72.875, 2.431553213615901e-23, nan 
143.125, 72.875, 3.1318197938921104e-23, nan 
143.375, 72.875, 4.975551728320185e-23, nan 
143.625, 72.875, 4.7467436517928243e-23, nan 
143.875, 72.875, 7.934362262620148e-23, nan 
144.125, 72.875, 7.309105593241054e-23, nan 
144.375, 72.875, 4.954097155340013e-23, nan 
144.625, 72.875, 1.194640584542913e-22, nan 
144.875, 72.875, 1.4352178028147198e-22, nan 
145.125, 72.875, 4.844757434013744e-23, nan 
145.375, 72.875, 7.499927967421352e-23, nan 
145.625, 72.875, 9.950417731669713e-23, nan 
145.875, 72.875, 5.390384587658013e-23, nan 
146.125, 72.875, 3.713476564346583e-23, nan 
146.375, 72.875, 3.377176868501655e-23, nan 
146.625, 72.875, 3.787729848282644e-23, nan 
146.875, 72.875, 3.4196961815456004e-23, nan 
147.125, 72.875, 1.850571466056124e-23, nan 
147.375, 72.875, 1.2993413118782519e-23, nan 
147.625, 72.875, 1.6172444493554552e-23, nan 
147.875, 72.875, 2.9723061175334257e-23, nan 
148.125, 72.875, 3.216721699382061e-23, nan 
148.375, 72.875, 2.07625312536033e-23, nan 
148.625, 72.875, 2.8114523182433903e-23, nan 
148.875, 72.875, 2.960707784260791e-23, nan 
149.125, 72.875, 1.5939142714158392e-23, nan 
149.375, 72.875, 1.3842520272040708e-23, nan 
149.625, 72.875, 8.037396798074894e-24, nan 
149.875, 72.875, 6.956482947190002e-24, nan 
150.125, 72.875, 8.384685163377555e-24, nan 
150.375, 72.875, 7.990408573110854e-24, nan 
150.625, 72.875, 5.882611203260267e-24, nan 
150.875, 72.875, 8.25250340835938e-24, nan 
151.125, 72.875, 1.574870468156217e-23, nan 
151.375, 72.875, 1.5290666961532675e-23, nan 
151.625, 72.875, 1.0539938740453336e-23, nan 
151.875, 72.875, 1.3947120441626959e-23, nan 
152.125, 72.875, 1.435719580775123e-23, nan 
152.375, 72.875, 1.1451683044133571e-23, nan 
152.625, 72.875, 4.32597696112066e-24, nan 
152.875, 72.875, 6.303374475442358e-24, nan 
153.125, 72.875, 7.276527876050048e-24, nan 
153.375, 72.875, 2.9873886417141162e-24, nan 
153.625, 72.875, 5.228938527472255e-24, nan 
153.875, 72.875, 6.313778285029089e-24, nan 
154.125, 72.875, 7.46692900447974e-24, nan 
154.375, 72.875, 9.47778732352799e-24, nan 
154.625, 72.875, 9.840900607512301e-24, nan 
154.875, 72.875, 8.981795719024342e-24, nan 
155.125, 72.875, 1.0859711115762116e-23, nan 
155.375, 72.875, 8.152420530185418e-24, nan 
155.625, 72.875, 6.394379318530896e-24, nan 
155.875, 72.875, 8.131051725783001e-24, nan 
156.125, 72.875, 8.491791931800945e-24, nan 
156.375, 72.875, 6.90603956334164e-24, nan 
156.625, 72.875, 8.014506587135875e-24, nan 
156.875, 72.875, 8.50353446266554e-24, nan 
157.125, 72.875, 6.669788771599541e-24, nan 
157.375, 72.875, 3.4857751832510234e-24, nan 
157.625, 72.875, 3.1747347180022387e-24, nan 
157.875, 72.875, 5.040194029464955e-24, nan 
158.125, 72.875, 4.2508614889801905e-24, nan 
158.375, 72.875, 4.3603786722671726e-24, nan 
158.625, 72.875, 6.3586875669328984e-24, nan 
158.875, 72.875, 6.6082643423714445e-24, nan 
159.125, 72.875, 1.7393276142346586e-23, nan 
159.375, 72.875, 2.099732210762764e-23, nan 
159.625, 72.875, 1.729671474258179e-23, nan 
159.875, 72.875, 2.1533627161649965e-23, nan 
160.125, 72.875, 2.3602260686427475e-23, nan 
160.375, 72.875, 3.618497509718425e-23, nan 
160.625, 72.875, 2.963891442359789e-23, nan 
160.875, 72.875, 2.7764385826659896e-23, nan 
161.125, 72.875, 3.961759097612385e-23, nan 
161.375, 72.875, 3.3135277700012995e-23, nan 
161.625, 72.875, 6.57153113906381e-23, nan 
161.875, 72.875, 1.987997386579738e-22, nan 
162.125, 72.875, 2.530084796445411e-22, nan 
162.375, 72.875, 1.3167486042790883e-22, nan 
162.625, 72.875, 2.176751575731423e-22, nan 
162.875, 72.875, 2.882437979973512e-22, nan 
163.125, 72.875, 1.173649458122717e-22, nan 
163.375, 72.875, 9.531512611198379e-23, nan 
163.625, 72.875, 1.5049744278761996e-22, nan 
163.875, 72.875, 8.518918391169132e-23, nan 
164.125, 72.875, 5.653309592466023e-23, nan 
164.375, 72.875, 6.154590119216753e-23, nan 
164.625, 72.875, 4.028398286823307e-23, nan 
164.875, 72.875, 3.129306241846778e-23, nan 
165.125, 72.875, 3.2886304961619877e-23, nan 
165.375, 72.875, 3.622191660031855e-23, nan 
165.625, 72.875, 8.253904999813519e-23, nan 
165.875, 72.875, 7.852287005236916e-23, nan 
166.125, 72.875, 1.5948428272581948e-22, nan 
166.375, 72.875, 2.0903367206484837e-22, nan 
166.625, 72.875, 7.477210603347167e-23, nan 
166.875, 72.875, 1.8067609197660674e-22, nan 
167.125, 72.875, 1.637783467980245e-22, nan 
167.375, 72.875, 3.4362559427856057e-23, nan 
167.625, 72.875, 9.13984975669371e-23, nan 
167.875, 72.875, 6.720951208044423e-23, nan 
168.125, 72.875, 4.315601831476151e-23, nan 
168.375, 72.875, 2.3380264623887886e-23, nan 
168.625, 72.875, 1.5518289597908947e-23, nan 
168.875, 72.875, 1.6510589749804352e-23, nan 
169.125, 72.875, 2.102997164319335e-23, nan 
169.375, 72.875, 1.2196210363045546e-23, nan 
169.625, 72.875, 1.1588101710513525e-23, nan 
169.875, 72.875, 5.985631285595448e-24, nan 
170.125, 72.875, 4.503139957618928e-24, nan 
170.375, 72.875, 8.116323945695663e-24, nan 
170.625, 72.875, 7.028472807294106e-24, nan 
170.875, 72.875, 5.3289629122671356e-24, nan 
171.125, 72.875, 9.404671735156551e-24, nan 
171.375, 72.875, 9.693753572136043e-24, nan 
171.625, 72.875, 7.39404085189652e-24, nan 
171.875, 72.875, 6.230787459014861e-24, nan 
172.125, 72.875, 5.827900522625686e-24, nan 
172.375, 72.875, 4.4232945150876124e-24, nan 
172.625, 72.875, 2.9555186348119288e-24, nan 
172.875, 72.875, 3.868204612092552e-24, nan 
173.125, 72.875, 3.310225572125214e-24, nan 
173.375, 72.875, 2.7573951178626647e-24, nan 
173.625, 72.875, 2.108511889679076e-24, nan 
173.875, 72.875, 2.6131795649339527e-24, nan 
174.125, 72.875, 2.71611788402876e-24, nan 
174.375, 72.875, 1.8066468627147878e-24, nan 
174.625, 72.875, 2.4847523120304173e-24, nan 
174.875, 72.875, 2.1799244966418975e-24, nan 
175.125, 72.875, 1.857513690153346e-24, nan 
175.375, 72.875, 1.776819884163154e-24, nan 
175.625, 72.875, 1.6921242496346544e-24, nan 
175.875, 72.875, 9.923797040529908e-25, nan 
176.125, 72.875, 2.450976591626768e-25, nan 
26.125, 73.125, 3.6246060796969695e-24, nan 
26.375, 73.125, 9.625343602840399e-24, nan 
26.625, 73.125, 8.822252289052357e-24, nan 
26.875, 73.125, 3.719693862298993e-24, nan 
27.125, 73.125, 1.1835624884255018e-23, nan 
27.375, 73.125, 1.0309639766970876e-23, nan 
27.625, 73.125, 3.879568746385336e-24, nan 
27.875, 73.125, 7.97271341989373e-24, nan 
28.125, 73.125, 7.578705035350302e-24, nan 
28.375, 73.125, 7.674743288009362e-24, nan 
28.625, 73.125, 4.560601628643915e-24, nan 
28.875, 73.125, 3.657497115933523e-24, nan 
29.125, 73.125, 6.178035617685805e-24, nan 
29.375, 73.125, 4.180091284302069e-24, nan 
29.625, 73.125, 2.4561447408496007e-24, nan 
29.875, 73.125, 1.1343127821731618e-24, nan 
30.125, 73.125, 1.625560591700517e-24, nan 
30.375, 73.125, 1.6768748059312964e-24, nan 
30.625, 73.125, 1.4717554485632644e-24, nan 
30.875, 73.125, 1.4765534147443358e-24, nan 
31.125, 73.125, 1.499593835454142e-24, nan 
31.375, 73.125, 1.7459822556949396e-24, nan 
31.625, 73.125, 1.7747126529462806e-24, nan 
31.875, 73.125, 1.6790371478940364e-24, nan 
32.125, 73.125, 1.7252937471319437e-24, nan 
32.375, 73.125, 2.947058912923824e-24, nan 
32.625, 73.125, 2.42181092241987e-24, nan 
32.875, 73.125, 2.1838895688306387e-24, nan 
33.125, 73.125, 2.6606777789886517e-24, nan 
33.375, 73.125, 1.9327410647098075e-24, nan 
33.625, 73.125, 1.8245221072556175e-24, nan 
33.875, 73.125, 2.9133194496071666e-24, nan 
34.125, 73.125, 2.91510916994249e-24, nan 
34.375, 73.125, 2.527822279496168e-24, nan 
34.625, 73.125, 3.061325257941062e-24, nan 
34.875, 73.125, 3.2885567397450276e-24, nan 
35.125, 73.125, 2.4334091637271733e-24, nan 
35.375, 73.125, 1.833267807125437e-24, nan 
35.625, 73.125, 2.9112173663522718e-24, nan 
35.875, 73.125, 2.5335557023555718e-24, nan 
36.125, 73.125, 2.237165981817506e-24, nan 
36.375, 73.125, 6.394899912816057e-24, nan 
36.625, 73.125, 8.254605212327288e-24, nan 
36.875, 73.125, 3.185031266361456e-24, nan 
37.125, 73.125, 8.046386192193039e-24, nan 
37.375, 73.125, 1.513652671269711e-23, nan 
37.625, 73.125, 9.634166157633816e-24, nan 
37.875, 73.125, 9.000931355081747e-24, nan 
38.125, 73.125, 1.4312377277724965e-23, nan 
38.375, 73.125, 1.2159707803622201e-23, nan 
38.625, 73.125, 1.0609699515374262e-23, nan 
38.875, 73.125, 5.557973226964898e-24, nan 
39.125, 73.125, 6.759435282997376e-24, nan 
39.375, 73.125, 7.946290464257388e-24, nan 
39.625, 73.125, 3.661427570958463e-24, nan 
39.875, 73.125, 2.156893402987298e-24, nan 
40.125, 73.125, 3.575596448856912e-24, nan 
40.375, 73.125, 2.6241184473128906e-24, nan 
40.625, 73.125, 3.312386243566961e-24, nan 
40.875, 73.125, 3.6159632417734956e-24, nan 
41.125, 73.125, 3.2115880516468014e-24, nan 
41.375, 73.125, 4.259843412289934e-24, nan 
41.625, 73.125, 2.7065389252286877e-24, nan 
41.875, 73.125, 4.303176310282024e-24, nan 
42.125, 73.125, 5.1591578481493325e-24, nan 
42.375, 73.125, 5.72177596771088e-24, nan 
42.625, 73.125, 6.02925093907819e-24, nan 
42.875, 73.125, 6.662440018328387e-24, nan 
43.125, 73.125, 6.814414811534619e-24, nan 
43.375, 73.125, 3.1897079586311946e-24, nan 
43.625, 73.125, 4.410586398316228e-24, nan 
43.875, 73.125, 5.0708750011834794e-24, nan 
44.125, 73.125, 4.894723103262182e-24, nan 
44.375, 73.125, 3.842763091040608e-24, nan 
44.625, 73.125, 4.394013872799126e-24, nan 
44.875, 73.125, 4.3343256764109524e-24, nan 
45.125, 73.125, 2.6791402536816437e-24, nan 
45.375, 73.125, 2.4294560571453105e-24, nan 
45.625, 73.125, 2.9436824907931666e-24, nan 
45.875, 73.125, 3.6577987508568375e-24, nan 
46.125, 73.125, 4.335439119337765e-24, nan 
46.375, 73.125, 3.075461584074035e-24, nan 
46.625, 73.125, 3.7616213882229154e-24, nan 
46.875, 73.125, 4.119711112388036e-24, nan 
47.125, 73.125, 3.258579686195941e-24, nan 
47.375, 73.125, 1.2842039961134763e-24, nan 
47.625, 73.125, 1.903106119121663e-24, nan 
47.875, 73.125, 1.9662933511806584e-24, nan 
48.125, 73.125, 2.7837620295439883e-24, nan 
48.375, 73.125, 4.13396698470172e-24, nan 
48.625, 73.125, 3.813810982759296e-24, nan 
48.875, 73.125, 4.3411857200648486e-24, nan 
49.125, 73.125, 5.0131506321301175e-24, nan 
49.375, 73.125, 3.5122270263440805e-24, nan 
49.625, 73.125, 3.8605032342314054e-24, nan 
49.875, 73.125, 3.2903087594840155e-24, nan 
50.125, 73.125, 7.774518892123236e-24, nan 
50.375, 73.125, 5.610840904559484e-24, nan 
50.625, 73.125, 6.0396431309877525e-24, nan 
50.875, 73.125, 9.90906455710801e-24, nan 
51.125, 73.125, 8.30576354005085e-24, nan 
51.375, 73.125, 8.904184838828837e-24, nan 
51.625, 73.125, 7.899967636750091e-24, nan 
51.875, 73.125, 5.9641753365493704e-24, nan 
52.125, 73.125, 6.146488628661275e-24, nan 
52.375, 73.125, 5.577422397268848e-24, nan 
52.625, 73.125, 1.0218827364216886e-23, nan 
52.875, 73.125, 4.5203522741760014e-24, nan 
53.125, 73.125, 5.441436118102112e-24, nan 
53.375, 73.125, 7.998563570026076e-24, nan 
53.625, 73.125, 5.527315499394441e-24, nan 
53.875, 73.125, 7.07571457140683e-24, nan 
54.125, 73.125, 7.013202619273449e-24, nan 
54.375, 73.125, 1.5066625851892918e-23, nan 
54.625, 73.125, 1.3200074724369671e-23, nan 
54.875, 73.125, 1.615520398110786e-23, nan 
55.125, 73.125, 1.6451345280286576e-23, nan 
55.375, 73.125, 1.773043709447211e-23, nan 
55.625, 73.125, 1.863504508515124e-23, nan 
55.875, 73.125, 1.6995506434540156e-23, nan 
56.125, 73.125, 1.7032319461407447e-23, nan 
56.375, 73.125, 1.78676102707781e-23, nan 
56.625, 73.125, 1.7989496626800187e-23, nan 
56.875, 73.125, 1.732226741358883e-23, nan 
57.125, 73.125, 1.9706445236850956e-23, nan 
57.375, 73.125, 2.1876752632520158e-23, nan 
57.625, 73.125, 2.349333583307826e-23, nan 
57.875, 73.125, 2.2670925012240015e-23, nan 
58.125, 73.125, 2.1540918739978687e-23, nan 
58.375, 73.125, 3.739101856867793e-23, nan 
58.625, 73.125, 4.426135679119732e-23, nan 
58.875, 73.125, 2.7448948132976494e-23, nan 
59.125, 73.125, 4.3689700850555706e-23, nan 
59.375, 73.125, 5.622613900927291e-23, nan 
59.625, 73.125, 4.8540823403146464e-23, nan 
59.875, 73.125, 3.2417058061982637e-23, nan 
60.125, 73.125, 3.5832843898398484e-23, nan 
60.375, 73.125, 4.439335897482912e-23, nan 
60.625, 73.125, 2.6149379250647907e-23, nan 
60.875, 73.125, 2.5204937412481135e-23, nan 
61.125, 73.125, 5.210823998935007e-23, nan 
61.375, 73.125, 6.128062495777461e-23, nan 
61.625, 73.125, 5.0349225976159174e-23, nan 
61.875, 73.125, 6.449527051087747e-23, nan 
62.125, 73.125, 6.429239066540309e-23, nan 
62.375, 73.125, 5.02896071527063e-23, nan 
62.625, 73.125, 2.5945021060964162e-23, nan 
62.875, 73.125, 2.968465613030318e-23, nan 
63.125, 73.125, 2.2818252604936318e-23, nan 
63.375, 73.125, 2.114650550709133e-23, nan 
63.625, 73.125, 1.7808079321933467e-23, nan 
63.875, 73.125, 2.842699280831953e-23, nan 
64.125, 73.125, 1.8012952743733247e-23, nan 
64.375, 73.125, 2.670790826818828e-23, nan 
64.625, 73.125, 4.112268167286592e-23, nan 
64.875, 73.125, 1.7518233376066858e-23, nan 
65.125, 73.125, 2.944827518642155e-23, nan 
65.375, 73.125, 5.634663356348718e-23, nan 
65.625, 73.125, 6.301589905998845e-23, nan 
65.875, 73.125, 7.5810631860206e-23, nan 
66.125, 73.125, 9.757885957188421e-23, nan 
66.375, 73.125, 9.970051125087514e-23, nan 
66.625, 73.125, 9.050502800751531e-23, nan 
66.875, 73.125, 1.0552644422457343e-22, nan 
67.125, 73.125, 8.600756951984252e-23, nan 
67.375, 73.125, 4.4297092648226636e-23, nan 
67.625, 73.125, 4.5125026626773164e-23, nan 
67.875, 73.125, 5.432663683115073e-23, nan 
68.125, 73.125, 3.013417516561164e-23, nan 
68.375, 73.125, 6.253885652635524e-23, nan 
68.625, 73.125, 3.8095703243484846e-23, nan 
68.875, 73.125, 4.043604539832596e-23, nan 
69.125, 73.125, 8.668229644659627e-23, nan 
69.375, 73.125, 2.775136777306564e-23, nan 
69.625, 73.125, 3.5102604793117517e-23, nan 
69.875, 73.125, 4.6406704915967636e-23, nan 
70.125, 73.125, 4.957408302128052e-23, nan 
70.375, 73.125, 6.582298910916727e-23, nan 
70.625, 73.125, 6.589819618258767e-23, nan 
70.875, 73.125, 1.0918669290218112e-22, nan 
71.125, 73.125, 1.5280606569426188e-22, nan 
71.375, 73.125, 1.668345124501687e-22, nan 
71.625, 73.125, 2.0102099132157144e-22, nan 
71.875, 73.125, 1.744030963012235e-22, nan 
72.125, 73.125, 1.754679752199527e-22, nan 
72.375, 73.125, 2.0831713244836269e-22, nan 
72.625, 73.125, 2.6733290366793027e-22, nan 
72.875, 73.125, 1.6441238887987065e-22, nan 
73.125, 73.125, 1.8785178356517235e-22, nan 
73.375, 73.125, 3.49223976603589e-22, nan 
73.625, 73.125, 2.900425315637436e-22, nan 
73.875, 73.125, 3.975109749990516e-22, nan 
74.125, 73.125, 5.856635713559563e-22, nan 
74.375, 73.125, 6.788303081980125e-22, nan 
74.625, 73.125, 3.6121543535958523e-22, nan 
74.875, 73.125, 2.513446848701266e-22, nan 
75.125, 73.125, 2.720866731298042e-22, nan 
75.375, 73.125, 4.262478886284055e-22, nan 
75.625, 73.125, 4.2050349999561752e-22, nan 
75.875, 73.125, 4.529678603957582e-22, nan 
76.125, 73.125, 4.635911992974431e-22, nan 
76.375, 73.125, 4.610410619029149e-22, nan 
76.625, 73.125, 6.119109945289247e-22, nan 
76.875, 73.125, 5.502307769036427e-22, nan 
77.125, 73.125, 6.15051713829194e-22, nan 
77.375, 73.125, 5.995901098026088e-22, nan 
77.625, 73.125, 6.557595767793272e-22, nan 
77.875, 73.125, 5.857347635803376e-22, nan 
78.125, 73.125, 6.49679323090052e-22, nan 
78.375, 73.125, 5.920234658594982e-22, nan 
78.625, 73.125, 6.188854041941756e-22, nan 
78.875, 73.125, 5.627556385864473e-22, nan 
79.125, 73.125, 5.83067775170314e-22, nan 
79.375, 73.125, 6.559449795681651e-22, nan 
79.625, 73.125, 5.685613869339415e-22, nan 
79.875, 73.125, 5.776018471704833e-22, nan 
80.125, 73.125, 5.531813510275133e-22, nan 
80.375, 73.125, 8.369690698922165e-22, nan 
80.625, 73.125, 6.442381348262444e-22, nan 
80.875, 73.125, 6.719944493770767e-22, nan 
81.125, 73.125, 6.652707427409747e-22, nan 
81.375, 73.125, 6.534371091933255e-22, nan 
81.625, 73.125, 5.204508340131016e-22, nan 
81.875, 73.125, 3.9733457437714605e-22, nan 
82.125, 73.125, 6.585902440688951e-22, nan 
82.375, 73.125, 7.78701884437757e-22, nan 
82.625, 73.125, 3.2644184783003173e-22, nan 
82.875, 73.125, 5.609052788250764e-22, nan 
83.125, 73.125, 1.3548468103293372e-21, nan 
83.375, 73.125, 2.4132613359342097e-22, nan 
83.625, 73.125, 3.3534690015216367e-22, nan 
83.875, 73.125, 7.088876670629677e-22, nan 
84.125, 73.125, 3.650377005534682e-22, nan 
84.375, 73.125, 3.767563456359042e-22, nan 
84.625, 73.125, 8.419531099481824e-22, nan 
84.875, 73.125, 1.5078116389922336e-21, nan 
85.125, 73.125, 1.165618547186676e-21, nan 
85.375, 73.125, 9.677115507174314e-22, nan 
85.625, 73.125, 1.2390574360042183e-21, nan 
85.875, 73.125, 1.8952642814364864e-21, nan 
86.125, 73.125, 1.7565404895141476e-21, nan 
86.375, 73.125, 1.7704527369589662e-21, nan 
86.625, 73.125, 3.858495174919658e-21, nan 
86.875, 73.125, 3.260981650470804e-21, nan 
87.125, 73.125, 3.2498356405203194e-21, nan 
87.375, 73.125, 2.9744606361875505e-21, nan 
87.625, 73.125, 2.589326726744291e-21, nan 
87.875, 73.125, 3.0461472158460774e-21, nan 
88.125, 73.125, 3.452030863125781e-21, nan 
88.375, 73.125, 3.0634414369122572e-21, nan 
88.625, 73.125, 2.568173078770081e-21, nan 
88.875, 73.125, 2.0133487631988932e-21, nan 
89.125, 73.125, 3.2757289321116174e-21, nan 
89.375, 73.125, 3.033338402775826e-21, nan 
89.625, 73.125, 4.364515272129999e-21, nan 
89.875, 73.125, 3.7294202779538486e-21, nan 
90.125, 73.125, 4.051632878087506e-21, nan 
90.375, 73.125, 3.681081110366725e-21, nan 
90.625, 73.125, 5.427561447257669e-21, nan 
90.875, 73.125, 7.225881301633e-21, nan 
91.125, 73.125, 8.454525314608631e-21, nan 
91.375, 73.125, 6.632172472336256e-21, nan 
91.625, 73.125, 6.157629482353351e-21, nan 
91.875, 73.125, 7.242740817898694e-21, nan 
92.125, 73.125, 7.546355897404858e-21, nan 
92.375, 73.125, 1.5038552176633082e-20, nan 
92.625, 73.125, 1.4615718706229192e-20, nan 
92.875, 73.125, 1.3889929236882852e-20, nan 
93.125, 73.125, 1.575733205458202e-20, nan 
93.375, 73.125, 2.1770444244004196e-20, nan 
93.625, 73.125, 2.8420802226587626e-20, nan 
93.875, 73.125, 2.560063442154943e-20, nan 
94.125, 73.125, 2.6616514146337954e-20, nan 
94.375, 73.125, 2.6276832715878754e-20, nan 
94.625, 73.125, 3.099702098154249e-20, nan 
94.875, 73.125, 3.8136752926478857e-20, nan 
95.125, 73.125, 2.2329228060216522e-20, nan 
95.375, 73.125, 1.6644202551632e-20, nan 
95.625, 73.125, 2.234787770534692e-20, nan 
95.875, 73.125, 2.118931835882667e-20, nan 
96.125, 73.125, 1.819154846032036e-20, nan 
96.375, 73.125, 2.111011655085953e-20, nan 
96.625, 73.125, 3.9229711068702035e-20, nan 
96.875, 73.125, 4.749079668222868e-20, nan 
97.125, 73.125, 5.949074521116767e-20, nan 
97.375, 73.125, 5.402853973393801e-20, nan 
97.625, 73.125, 6.323256439360433e-20, nan 
97.875, 73.125, 7.507920555325988e-20, nan 
98.125, 73.125, 5.923969357383677e-20, nan 
98.375, 73.125, 3.46278946702885e-20, nan 
98.625, 73.125, 3.9022428406047416e-20, nan 
98.875, 73.125, 3.898906032540434e-20, nan 
99.125, 73.125, 4.1584723823193003e-20, nan 
99.375, 73.125, 4.599913174218857e-20, nan 
99.625, 73.125, 4.346256559952259e-20, nan 
99.875, 73.125, 4.841014668233872e-20, nan 
100.125, 73.125, 4.958792523898707e-20, nan 
100.375, 73.125, 4.1757288819218624e-20, nan 
100.625, 73.125, 1.7665669085990555e-20, nan 
100.875, 73.125, 4.084576014890451e-20, nan 
101.125, 73.125, 3.9469370203462885e-20, nan 
101.375, 73.125, 1.2271303632243055e-20, nan 
101.625, 73.125, 1.399261438964673e-20, nan 
101.875, 73.125, 2.2935135033954993e-20, nan 
102.125, 73.125, 3.295327787051014e-20, nan 
102.375, 73.125, 3.7379442533049505e-20, nan 
102.625, 73.125, 4.4399980169728615e-20, nan 
102.875, 73.125, 3.8520387493644234e-20, nan 
103.125, 73.125, 3.384121998395213e-20, nan 
103.375, 73.125, 3.4469720833136634e-20, nan 
103.625, 73.125, 2.6371903353528577e-20, nan 
103.875, 73.125, 2.1807570570081263e-20, nan 
104.125, 73.125, 2.4111026646331722e-20, nan 
104.375, 73.125, 2.848830955309896e-20, nan 
104.625, 73.125, 1.677795934844172e-20, nan 
104.875, 73.125, 2.2023142732501415e-20, nan 
105.125, 73.125, 3.4955349267027545e-20, nan 
105.375, 73.125, 1.9977599307236623e-20, nan 
105.625, 73.125, 1.7899930851167055e-20, nan 
105.875, 73.125, 3.250413679285867e-20, nan 
106.125, 73.125, 3.332633240299909e-20, nan 
106.375, 73.125, 2.8069196770209494e-20, nan 
106.625, 73.125, 2.823254703423909e-20, nan 
106.875, 73.125, 4.041495406379733e-20, nan 
107.125, 73.125, 4.50013632884698e-20, nan 
107.375, 73.125, 4.400634035563071e-20, nan 
107.625, 73.125, 5.608216684218667e-20, nan 
107.875, 73.125, 5.19339639866995e-20, nan 
108.125, 73.125, 4.729892562557954e-20, nan 
108.375, 73.125, 4.214487362403523e-20, nan 
108.625, 73.125, 2.281452075837764e-20, nan 
108.875, 73.125, 1.2514058574146051e-20, nan 
109.125, 73.125, 1.0002788844763835e-20, nan 
109.375, 73.125, 7.535967641117059e-21, nan 
109.625, 73.125, 9.750709454787685e-21, nan 
109.875, 73.125, 7.460614093483387e-21, nan 
110.125, 73.125, 1.211691924773061e-20, nan 
110.375, 73.125, 1.4236578435157102e-20, nan 
110.625, 73.125, 1.2087575238490389e-20, nan 
110.875, 73.125, 1.199894339365378e-20, nan 
111.125, 73.125, 1.1960059773444338e-20, nan 
111.375, 73.125, 9.49569721918467e-21, nan 
111.625, 73.125, 6.088371059403823e-21, nan 
111.875, 73.125, 6.825774891089191e-21, nan 
112.125, 73.125, 6.096924055006934e-21, nan 
112.375, 73.125, 6.7605242121994995e-21, nan 
112.625, 73.125, 6.4768045387070036e-21, nan 
112.875, 73.125, 4.4898197999951056e-21, nan 
113.125, 73.125, 4.0620804399832465e-21, nan 
113.375, 73.125, 2.5643068275320186e-21, nan 
113.625, 73.125, 4.223976355147348e-21, nan 
113.875, 73.125, 5.407931873222848e-21, nan 
114.125, 73.125, 3.791912277644016e-21, nan 
114.375, 73.125, 4.004596960264575e-21, nan 
114.625, 73.125, 2.946188829047995e-21, nan 
114.875, 73.125, 2.67601527459545e-21, nan 
115.125, 73.125, 4.845312785249649e-21, nan 
115.375, 73.125, 3.60773328396695e-21, nan 
115.625, 73.125, 4.127607158349861e-21, nan 
115.875, 73.125, 2.474590229951655e-21, nan 
116.125, 73.125, 2.8915831883738816e-21, nan 
116.375, 73.125, 2.0382901693069335e-21, nan 
116.625, 73.125, 1.4370359609949309e-21, nan 
116.875, 73.125, 1.405909014052728e-21, nan 
117.125, 73.125, 1.5182409319715156e-21, nan 
117.375, 73.125, 9.577344335870941e-22, nan 
117.625, 73.125, 1.3957254787080535e-21, nan 
117.875, 73.125, 1.3809962668051803e-21, nan 
118.125, 73.125, 1.8709070326039656e-21, nan 
118.375, 73.125, 1.288246367182991e-21, nan 
118.625, 73.125, 1.2700660447894607e-21, nan 
118.875, 73.125, 1.2533677207016625e-21, nan 
119.125, 73.125, 1.0115362953473848e-21, nan 
119.375, 73.125, 1.237618144283244e-21, nan 
119.625, 73.125, 9.286868857663782e-22, nan 
119.875, 73.125, 1.3630261312785157e-21, nan 
120.125, 73.125, 1.544277099076108e-21, nan 
120.375, 73.125, 9.723432454944863e-22, nan 
120.625, 73.125, 8.766769902157427e-22, nan 
120.875, 73.125, 1.1099997878241995e-21, nan 
121.125, 73.125, 7.708156562290983e-22, nan 
121.375, 73.125, 5.866205202159536e-22, nan 
121.625, 73.125, 7.462486252710592e-22, nan 
121.875, 73.125, 6.337572375680417e-22, nan 
122.125, 73.125, 4.191312506537707e-22, nan 
122.375, 73.125, 4.658808812678331e-22, nan 
122.625, 73.125, 4.917858150982358e-22, nan 
122.875, 73.125, 4.009136015968573e-22, nan 
123.125, 73.125, 3.9453515886532945e-22, nan 
123.375, 73.125, 5.01145082102033e-22, nan 
123.625, 73.125, 2.5779284123308027e-22, nan 
123.875, 73.125, 2.843830071659129e-22, nan 
124.125, 73.125, 3.481372228385474e-22, nan 
124.375, 73.125, 2.564463920545452e-22, nan 
124.625, 73.125, 2.381847144572523e-22, nan 
124.875, 73.125, 3.595647378053391e-22, nan 
125.125, 73.125, 3.703661622903595e-22, nan 
125.375, 73.125, 4.298726361092959e-22, nan 
125.625, 73.125, 4.687733639403165e-22, nan 
125.875, 73.125, 4.321464011377923e-22, nan 
126.125, 73.125, 4.402257923751735e-22, nan 
126.375, 73.125, 4.815180281992935e-22, nan 
126.625, 73.125, 2.7633838984202677e-22, nan 
126.875, 73.125, 2.9230123597212413e-22, nan 
127.125, 73.125, 2.3805572175863007e-22, nan 
127.375, 73.125, 2.1027167363420312e-22, nan 
127.625, 73.125, 2.1327091937120686e-22, nan 
127.875, 73.125, 1.349066822793139e-22, nan 
128.125, 73.125, 1.1300874582579427e-22, nan 
128.375, 73.125, 2.428626784464376e-22, nan 
128.625, 73.125, 1.0880082857562093e-22, nan 
128.875, 73.125, 8.019364723818284e-23, nan 
129.125, 73.125, 2.2239290804304374e-22, nan 
129.375, 73.125, 2.232235077123189e-22, nan 
129.625, 73.125, 1.8255887458986937e-22, nan 
129.875, 73.125, 2.0233802339321504e-22, nan 
130.125, 73.125, 1.8109571436822895e-22, nan 
130.375, 73.125, 2.5837438756213346e-22, nan 
130.625, 73.125, 3.5013665079761556e-22, nan 
130.875, 73.125, 1.745151362520072e-22, nan 
131.125, 73.125, 1.9107435137629217e-22, nan 
131.375, 73.125, 2.634057437246311e-22, nan 
131.625, 73.125, 1.8451897639621013e-22, nan 
131.875, 73.125, 2.023800395551193e-22, nan 
132.125, 73.125, 2.443745407273038e-22, nan 
132.375, 73.125, 2.191117319090824e-22, nan 
132.625, 73.125, 1.8595242839488314e-22, nan 
132.875, 73.125, 1.5050472814056392e-22, nan 
133.125, 73.125, 2.0743051769665505e-22, nan 
133.375, 73.125, 1.3784210050471053e-22, nan 
133.625, 73.125, 1.2735516596058475e-22, nan 
133.875, 73.125, 1.1448318183937772e-22, nan 
134.125, 73.125, 8.631633209493133e-23, nan 
134.375, 73.125, 6.106116754602678e-23, nan 
134.625, 73.125, 7.945728191573871e-23, nan 
134.875, 73.125, 7.44319660572387e-23, nan 
135.125, 73.125, 6.166818237941859e-23, nan 
135.375, 73.125, 5.672169744515907e-23, nan 
135.625, 73.125, 6.90994234323854e-23, nan 
135.875, 73.125, 6.404612779542576e-23, nan 
136.125, 73.125, 4.106039769748199e-23, nan 
136.375, 73.125, 5.785324710983701e-23, nan 
136.625, 73.125, 1.8556577054716e-23, nan 
136.875, 73.125, 2.2114620223130918e-23, nan 
137.125, 73.125, 2.256243962508258e-23, nan 
137.375, 73.125, 3.2552797566347774e-23, nan 
137.625, 73.125, 5.339509138251233e-23, nan 
137.875, 73.125, 6.370464473781809e-23, nan 
138.125, 73.125, 8.111742510499187e-23, nan 
138.375, 73.125, 1.1879473914288066e-22, nan 
138.625, 73.125, 1.092942478588519e-22, nan 
138.875, 73.125, 9.969241664130552e-23, nan 
139.125, 73.125, 8.951299103484759e-23, nan 
139.375, 73.125, 6.645475409289614e-23, nan 
139.625, 73.125, 5.2661043413999994e-23, nan 
139.875, 73.125, 5.001577358765901e-23, nan 
140.125, 73.125, 6.525789165791835e-23, nan 
140.375, 73.125, 7.473551132678215e-23, nan 
140.625, 73.125, 7.39734779950504e-23, nan 
140.875, 73.125, 6.972073383178722e-23, nan 
141.125, 73.125, 2.797530781207773e-23, nan 
141.375, 73.125, 2.7091865825998544e-23, nan 
141.625, 73.125, 3.440565312599924e-23, nan 
141.875, 73.125, 2.5607057451481367e-23, nan 
142.125, 73.125, 3.026434748599956e-23, nan 
142.375, 73.125, 2.232183543098831e-23, nan 
142.625, 73.125, 3.4542372246164783e-23, nan 
142.875, 73.125, 2.809898791474305e-23, nan 
143.125, 73.125, 2.182185853210619e-23, nan 
143.375, 73.125, 3.192350353900994e-23, nan 
143.625, 73.125, 2.1906979896205634e-23, nan 
143.875, 73.125, 1.671087063212465e-23, nan 
144.125, 73.125, 3.63002805266141e-23, nan 
144.375, 73.125, 4.339593471837749e-23, nan 
144.625, 73.125, 7.890682456974054e-23, nan 
144.875, 73.125, 9.732683193624527e-23, nan 
145.125, 73.125, 4.0150356947796707e-23, nan 
145.375, 73.125, 3.1000873629758543e-23, nan 
145.625, 73.125, 2.1668057492107256e-23, nan 
145.875, 73.125, 2.236358253549785e-23, nan 
146.125, 73.125, 1.3937759977526055e-23, nan 
146.375, 73.125, 1.2047586400562726e-23, nan 
146.625, 73.125, 1.906209689136568e-23, nan 
146.875, 73.125, 2.051250206252493e-23, nan 
147.125, 73.125, 1.8335203265268433e-23, nan 
147.375, 73.125, 2.287214278115628e-23, nan 
147.625, 73.125, 3.305130552324482e-23, nan 
147.875, 73.125, 3.2053731841334586e-23, nan 
148.125, 73.125, 2.701576381756081e-23, nan 
148.375, 73.125, 2.3713190526371604e-23, nan 
148.625, 73.125, 2.4802419388355752e-23, nan 
148.875, 73.125, 1.5132204074178514e-23, nan 
149.125, 73.125, 8.791109014423848e-24, nan 
149.375, 73.125, 1.2841509671534774e-23, nan 
149.625, 73.125, 7.410144430724352e-24, nan 
149.875, 73.125, 7.68435581680228e-24, nan 
150.125, 73.125, 1.0710585919582032e-23, nan 
150.375, 73.125, 6.072984640195597e-24, nan 
150.625, 73.125, 5.5985689900044665e-24, nan 
150.875, 73.125, 7.161592827002738e-24, nan 
151.125, 73.125, 1.1997752977225014e-23, nan 
151.375, 73.125, 1.3386369079813415e-23, nan 
151.625, 73.125, 8.617089953037215e-24, nan 
151.875, 73.125, 1.1387126310701864e-23, nan 
152.125, 73.125, 1.2988940628821448e-23, nan 
152.375, 73.125, 6.91527290787884e-24, nan 
152.625, 73.125, 4.53059244501543e-24, nan 
152.875, 73.125, 5.679146256969718e-24, nan 
153.125, 73.125, 7.262853204111847e-24, nan 
153.375, 73.125, 7.249900286341009e-24, nan 
153.625, 73.125, 8.884351982517762e-24, nan 
153.875, 73.125, 8.141098730712111e-24, nan 
154.125, 73.125, 7.29985159104085e-24, nan 
154.375, 73.125, 9.9912550668174e-24, nan 
154.625, 73.125, 8.639753575613309e-24, nan 
154.875, 73.125, 8.190987150508494e-24, nan 
155.125, 73.125, 7.238858335293942e-24, nan 
155.375, 73.125, 6.3879197297400426e-24, nan 
155.625, 73.125, 7.340230559771851e-24, nan 
155.875, 73.125, 6.736161498862193e-24, nan 
156.125, 73.125, 6.317091111553977e-24, nan 
156.375, 73.125, 7.54225259079399e-24, nan 
156.625, 73.125, 6.6044722625744305e-24, nan 
156.875, 73.125, 5.745402413040078e-24, nan 
157.125, 73.125, 5.6271116041458985e-24, nan 
157.375, 73.125, 6.015728509823402e-24, nan 
157.625, 73.125, 3.460358548816177e-24, nan 
157.875, 73.125, 3.381892921235575e-24, nan 
158.125, 73.125, 4.526119477425998e-24, nan 
158.375, 73.125, 2.9490329422506767e-24, nan 
158.625, 73.125, 3.726899631898748e-24, nan 
158.875, 73.125, 6.943234470115105e-24, nan 
159.125, 73.125, 1.1471922689701628e-23, nan 
159.375, 73.125, 1.2185724503697368e-23, nan 
159.625, 73.125, 1.717572282149423e-23, nan 
159.875, 73.125, 2.733951434500408e-23, nan 
160.125, 73.125, 3.1265931230389756e-23, nan 
160.375, 73.125, 4.4979287294057166e-23, nan 
160.625, 73.125, 5.037149613450921e-23, nan 
160.875, 73.125, 4.571149659994234e-23, nan 
161.125, 73.125, 4.8288637119817936e-23, nan 
161.375, 73.125, 5.637891571667919e-23, nan 
161.625, 73.125, 3.945897161327301e-23, nan 
161.875, 73.125, 1.0338803944897854e-22, nan 
162.125, 73.125, 1.58752459323107e-22, nan 
162.375, 73.125, 1.7097842318238498e-22, nan 
162.625, 73.125, 1.5552960001769488e-22, nan 
162.875, 73.125, 2.4046271312618753e-22, nan 
163.125, 73.125, 2.268079682430855e-22, nan 
163.375, 73.125, 1.180821751111438e-22, nan 
163.625, 73.125, 1.1472520859255191e-22, nan 
163.875, 73.125, 8.612376403762806e-23, nan 
164.125, 73.125, 8.59135621895472e-23, nan 
164.375, 73.125, 3.171189232929281e-23, nan 
164.625, 73.125, 2.674557884969307e-23, nan 
164.875, 73.125, 4.9992644070810296e-23, nan 
165.125, 73.125, 6.579070593297588e-23, nan 
165.375, 73.125, 5.169364953638371e-23, nan 
165.625, 73.125, 9.494931076143152e-23, nan 
165.875, 73.125, 1.4777819766270436e-22, nan 
166.125, 73.125, 9.874618684639934e-23, nan 
166.375, 73.125, 1.432433762177195e-22, nan 
166.625, 73.125, 1.323839634225293e-22, nan 
166.875, 73.125, 9.265919881733063e-23, nan 
167.125, 73.125, 4.949398647900358e-23, nan 
167.375, 73.125, 5.790293734634672e-23, nan 
167.625, 73.125, 3.2304871624958694e-23, nan 
167.875, 73.125, 5.0723024355759263e-23, nan 
168.125, 73.125, 7.419040434822005e-23, nan 
168.375, 73.125, 3.496170181117638e-23, nan 
168.625, 73.125, 4.074326616646044e-23, nan 
168.875, 73.125, 5.365731679380084e-23, nan 
169.125, 73.125, 2.691702732170208e-23, nan 
169.375, 73.125, 1.267831807188448e-23, nan 
169.625, 73.125, 6.713355544094532e-24, nan 
169.875, 73.125, 5.6563491092301255e-24, nan 
170.125, 73.125, 4.551359451431559e-24, nan 
170.375, 73.125, 4.669913679056807e-24, nan 
170.625, 73.125, 5.357096727848373e-24, nan 
170.875, 73.125, 7.413956327164078e-24, nan 
171.125, 73.125, 7.449933947583257e-24, nan 
171.375, 73.125, 8.726344727427673e-24, nan 
171.625, 73.125, 8.212093916941952e-24, nan 
171.875, 73.125, 3.891215164331667e-24, nan 
172.125, 73.125, 3.640485633190318e-24, nan 
172.375, 73.125, 3.0454526732184555e-24, nan 
172.625, 73.125, 2.248116397319712e-24, nan 
172.875, 73.125, 3.7086330662519944e-24, nan 
173.125, 73.125, 2.895955155922223e-24, nan 
173.375, 73.125, 3.1185967874054217e-24, nan 
173.625, 73.125, 1.8281196176832888e-24, nan 
173.875, 73.125, 1.654596216317028e-24, nan 
174.125, 73.125, 2.9016904203320576e-24, nan 
174.375, 73.125, 2.142729838100663e-24, nan 
174.625, 73.125, 3.401130603210248e-24, nan 
174.875, 73.125, 2.0195897706473206e-24, nan 
175.125, 73.125, 2.0220225664499528e-24, nan 
175.375, 73.125, 3.2593015003633703e-24, nan 
175.625, 73.125, 1.9280647059469383e-24, nan 
175.875, 73.125, 9.890250799305409e-25, nan 
176.125, 73.125, 8.236993812551124e-25, nan 
176.375, 73.125, 7.210165940967212e-25, nan 
25.875, 73.375, 1.028151641621345e-24, nan 
26.125, 73.375, 2.9467391691802046e-24, nan 
26.375, 73.375, 4.253075936864746e-24, nan 
26.625, 73.375, 4.3364586143496544e-24, nan 
26.875, 73.375, 4.05220391679536e-24, nan 
27.125, 73.375, 3.3372388717996824e-24, nan 
27.375, 73.375, 4.586897515442191e-24, nan 
27.625, 73.375, 3.0119429966222698e-24, nan 
27.875, 73.375, 3.664513856954535e-24, nan 
28.125, 73.375, 3.475835345629579e-24, nan 
28.375, 73.375, 4.765066938341604e-24, nan 
28.625, 73.375, 4.430773026916315e-24, nan 
28.875, 73.375, 2.2085510912892235e-24, nan 
29.125, 73.375, 2.035793232985851e-24, nan 
29.375, 73.375, 3.3554427936103385e-24, nan 
29.625, 73.375, 7.475587193590086e-25, nan 
29.875, 73.375, 1.1465876710648756e-24, nan 
30.125, 73.375, 7.848340385624505e-25, nan 
30.375, 73.375, 8.32063000138617e-25, nan 
30.625, 73.375, 1.2435393862004103e-24, nan 
30.875, 73.375, 1.6031208331185522e-24, nan 
31.125, 73.375, 1.9901016035341224e-24, nan 
31.375, 73.375, 1.6355351155748774e-24, nan 
31.625, 73.375, 1.7284418359238043e-24, nan 
31.875, 73.375, 2.1316811771040097e-24, nan 
32.125, 73.375, 1.4066287369350067e-24, nan 
32.375, 73.375, 2.547882004881132e-24, nan 
32.625, 73.375, 2.3316793916056093e-24, nan 
32.875, 73.375, 2.5194409687655576e-24, nan 
33.125, 73.375, 3.261794671983102e-24, nan 
33.375, 73.375, 3.406916368388715e-24, nan 
33.625, 73.375, 3.9532507413812066e-24, nan 
33.875, 73.375, 4.564539739324481e-24, nan 
34.125, 73.375, 4.837849892221589e-24, nan 
34.375, 73.375, 4.7290532957030674e-24, nan 
34.625, 73.375, 6.0145253925831275e-24, nan 
34.875, 73.375, 6.540554931764442e-24, nan 
35.125, 73.375, 3.261216818481271e-24, nan 
35.375, 73.375, 2.858935581169708e-24, nan 
35.625, 73.375, 3.020940915990161e-24, nan 
35.875, 73.375, 2.3611687535438488e-24, nan 
36.125, 73.375, 2.8443159938337567e-24, nan 
36.375, 73.375, 3.864782638694712e-24, nan 
36.625, 73.375, 4.03420439529891e-24, nan 
36.875, 73.375, 2.8513044275537105e-24, nan 
37.125, 73.375, 3.0112747581434844e-24, nan 
37.375, 73.375, 4.942571041180532e-24, nan 
37.625, 73.375, 3.7506035898936066e-24, nan 
37.875, 73.375, 4.345300526455017e-24, nan 
38.125, 73.375, 6.057169988941259e-24, nan 
38.375, 73.375, 6.058135655356343e-24, nan 
38.625, 73.375, 7.08664749391858e-24, nan 
38.875, 73.375, 4.058140100521922e-24, nan 
39.125, 73.375, 4.892914668900173e-24, nan 
39.375, 73.375, 5.165228983023095e-24, nan 
39.625, 73.375, 4.212993670119368e-24, nan 
39.875, 73.375, 2.7005301454942505e-24, nan 
40.125, 73.375, 2.8397277768721318e-24, nan 
40.375, 73.375, 2.9833231402888222e-24, nan 
40.625, 73.375, 2.6456064423510155e-24, nan 
40.875, 73.375, 2.6549979616051986e-24, nan 
41.125, 73.375, 3.640275838762714e-24, nan 
41.375, 73.375, 4.411910325724595e-24, nan 
41.625, 73.375, 4.813850926556414e-24, nan 
41.875, 73.375, 4.03658334667194e-24, nan 
42.125, 73.375, 4.0911738053641014e-24, nan 
42.375, 73.375, 5.734745765389681e-24, nan 
42.625, 73.375, 5.063477215593944e-24, nan 
42.875, 73.375, 4.628562997031039e-24, nan 
43.125, 73.375, 5.180283500699112e-24, nan 
43.375, 73.375, 6.183858812811463e-24, nan 
43.625, 73.375, 4.046229877167398e-24, nan 
43.875, 73.375, 2.7248513540151467e-24, nan 
44.125, 73.375, 3.4346203396056704e-24, nan 
44.375, 73.375, 4.355282756172283e-24, nan 
44.625, 73.375, 6.0197025780064676e-24, nan 
44.875, 73.375, 4.140470823590901e-24, nan 
45.125, 73.375, 3.4201999405608755e-24, nan 
45.375, 73.375, 4.11403038863308e-24, nan 
45.625, 73.375, 4.8972081837906475e-24, nan 
45.875, 73.375, 1.98862046626389e-24, nan 
46.125, 73.375, 3.0710380406812564e-24, nan 
46.375, 73.375, 6.221152363591009e-24, nan 
46.625, 73.375, 3.65443649577405e-24, nan 
46.875, 73.375, 3.1351599565557942e-24, nan 
47.125, 73.375, 2.6060676741777042e-24, nan 
47.375, 73.375, 4.677847596011243e-24, nan 
47.625, 73.375, 4.496321546373219e-24, nan 
47.875, 73.375, 3.482453545991218e-24, nan 
48.125, 73.375, 4.9445728035345915e-24, nan 
48.375, 73.375, 5.502180330341885e-24, nan 
48.625, 73.375, 5.268137539749963e-24, nan 
48.875, 73.375, 5.3996512535542026e-24, nan 
49.125, 73.375, 6.874126515861723e-24, nan 
49.375, 73.375, 6.3591115619276935e-24, nan 
49.625, 73.375, 6.4037343930654114e-24, nan 
49.875, 73.375, 9.828306316185462e-24, nan 
50.125, 73.375, 7.360263390771852e-24, nan 
50.375, 73.375, 7.069059007457362e-24, nan 
50.625, 73.375, 9.177035022159002e-24, nan 
50.875, 73.375, 3.2006574817310407e-24, nan 
51.125, 73.375, 5.589735581929057e-24, nan 
51.375, 73.375, 6.781355581513283e-24, nan 
51.625, 73.375, 3.714495532410746e-24, nan 
51.875, 73.375, 8.212587246439533e-24, nan 
52.125, 73.375, 9.286378071647065e-24, nan 
52.375, 73.375, 8.011569638295767e-24, nan 
52.625, 73.375, 8.61687353696741e-24, nan 
52.875, 73.375, 7.781770986594139e-24, nan 
53.125, 73.375, 8.728569667824168e-24, nan 
53.375, 73.375, 5.272503676654405e-24, nan 
53.625, 73.375, 1.0276681882379139e-24, nan 
53.875, 73.375, 7.09420957128274e-24, nan 
54.125, 73.375, 8.77700063194129e-24, nan 
54.375, 73.375, 6.332848111370158e-24, nan 
54.625, 73.375, 7.607030001127434e-24, nan 
54.875, 73.375, 1.0914339344157307e-23, nan 
55.125, 73.375, 1.632880837522456e-23, nan 
55.375, 73.375, 1.588477363672348e-23, nan 
55.625, 73.375, 1.6846609043399695e-23, nan 
55.875, 73.375, 1.736763086355796e-23, nan 
56.125, 73.375, 2.3126382049200367e-23, nan 
56.375, 73.375, 2.0440882081824045e-23, nan 
56.625, 73.375, 1.9762078070998558e-23, nan 
56.875, 73.375, 2.2766353948344273e-23, nan 
57.125, 73.375, 2.5168892646744574e-23, nan 
57.375, 73.375, 2.4846963607363235e-23, nan 
57.625, 73.375, 2.379620186335392e-23, nan 
57.875, 73.375, 2.2332089773810505e-23, nan 
58.125, 73.375, 2.1630466581259249e-23, nan 
58.375, 73.375, 2.5130375336850373e-23, nan 
58.625, 73.375, 1.3672619384899378e-23, nan 
58.875, 73.375, 2.932393305046139e-23, nan 
59.125, 73.375, 3.5747474379598024e-23, nan 
59.375, 73.375, 2.6074701188855648e-23, nan 
59.625, 73.375, 3.9037829959194885e-23, nan 
59.875, 73.375, 3.5500685519223195e-23, nan 
60.125, 73.375, 2.6527553915104326e-23, nan 
60.375, 73.375, 2.778539508945037e-23, nan 
60.625, 73.375, 2.6655694850859117e-23, nan 
60.875, 73.375, 2.0036906497738658e-23, nan 
61.125, 73.375, 1.8524717699988397e-23, nan 
61.375, 73.375, 1.0846124549383469e-23, nan 
61.625, 73.375, 2.3551599523160104e-23, nan 
61.875, 73.375, 6.25779782970258e-23, nan 
62.125, 73.375, 6.068343805660562e-23, nan 
62.375, 73.375, 7.517141277540864e-23, nan 
62.625, 73.375, 7.394885702684017e-23, nan 
62.875, 73.375, 7.240725209251105e-23, nan 
63.125, 73.375, 7.812291203414922e-23, nan 
63.375, 73.375, 4.748026061828517e-23, nan 
63.625, 73.375, 3.371157641054698e-23, nan 
63.875, 73.375, 1.5830596213884836e-23, nan 
64.125, 73.375, 1.5167422389163173e-23, nan 
64.375, 73.375, 1.7168873578523402e-23, nan 
64.625, 73.375, 2.5216288972292316e-23, nan 
64.875, 73.375, 2.14235978240788e-23, nan 
65.125, 73.375, 1.381858619316085e-23, nan 
65.375, 73.375, 1.5487832253595652e-23, nan 
65.625, 73.375, 1.0668578237952867e-23, nan 
65.875, 73.375, 3.3059451558472646e-23, nan 
66.125, 73.375, 5.48542221149766e-23, nan 
66.375, 73.375, 8.161045870080202e-23, nan 
66.625, 73.375, 8.05606055158805e-23, nan 
66.875, 73.375, 1.0363394904273951e-22, nan 
67.125, 73.375, 1.020879782532944e-22, nan 
67.375, 73.375, 8.510728022230228e-23, nan 
67.625, 73.375, 8.309796236004907e-23, nan 
67.875, 73.375, 6.975870739529778e-23, nan 
68.125, 73.375, 8.1128812579687e-23, nan 
68.375, 73.375, 7.204665773447774e-23, nan 
68.625, 73.375, 5.508835630288102e-23, nan 
68.875, 73.375, 8.829143205904982e-23, nan 
69.125, 73.375, 9.436725591459054e-23, nan 
69.375, 73.375, 5.755459969907983e-23, nan 
69.625, 73.375, 3.423362822548263e-23, nan 
69.875, 73.375, 6.063805662121006e-23, nan 
70.125, 73.375, 7.401688750969748e-23, nan 
70.375, 73.375, 4.17472115163142e-23, nan 
70.625, 73.375, 5.46027569316735e-23, nan 
70.875, 73.375, 6.236443528169194e-23, nan 
71.125, 73.375, 1.105747717835768e-22, nan 
71.375, 73.375, 1.2708509766569444e-22, nan 
71.625, 73.375, 1.2809347727915795e-22, nan 
71.875, 73.375, 1.2189439349979398e-22, nan 
72.125, 73.375, 1.6206125337834073e-22, nan 
72.375, 73.375, 1.7833772597585571e-22, nan 
72.625, 73.375, 1.0023489623725342e-22, nan 
72.875, 73.375, 1.4916456874245207e-22, nan 
73.125, 73.375, 3.0738362348464985e-22, nan 
73.375, 73.375, 4.223765621843378e-22, nan 
73.625, 73.375, 4.287180910867112e-22, nan 
73.875, 73.375, 4.674103418404716e-22, nan 
74.125, 73.375, 8.738655915998845e-22, nan 
74.375, 73.375, 1.0651610605040017e-21, nan 
74.625, 73.375, 4.1995519086358625e-22, nan 
74.875, 73.375, 6.792264525348166e-22, nan 
75.125, 73.375, 8.264826226352644e-22, nan 
75.375, 73.375, 4.113461617486859e-22, nan 
75.625, 73.375, 1.6025304653184351e-22, nan 
75.875, 73.375, 1.4903973645203776e-22, nan 
76.125, 73.375, 3.175382091947461e-22, nan 
76.375, 73.375, 3.8078777243547904e-22, nan 
76.625, 73.375, 4.660270652526115e-22, nan 
76.875, 73.375, 4.4871934401143025e-22, nan 
77.125, 73.375, 4.407676233976144e-22, nan 
77.375, 73.375, 4.2676945108542e-22, nan 
77.625, 73.375, 6.447409635814887e-22, nan 
77.875, 73.375, 5.633042836831344e-22, nan 
78.125, 73.375, 6.4618594473633445e-22, nan 
78.375, 73.375, 6.413581701515011e-22, nan 
78.625, 73.375, 6.528860747609896e-22, nan 
78.875, 73.375, 6.394606521492822e-22, nan 
79.125, 73.375, 6.410758574359544e-22, nan 
79.375, 73.375, 7.289194209762838e-22, nan 
79.625, 73.375, 6.523587182501202e-22, nan 
79.875, 73.375, 6.524268971280286e-22, nan 
80.125, 73.375, 8.187891581606881e-22, nan 
80.375, 73.375, 1.0863247163318767e-21, nan 
80.625, 73.375, 8.489161721967684e-22, nan 
80.875, 73.375, 9.429103371644433e-22, nan 
81.125, 73.375, 1.3272980431369608e-21, nan 
81.375, 73.375, 1.085028668462791e-21, nan 
81.625, 73.375, 1.2090192405089799e-21, nan 
81.875, 73.375, 9.959500245430608e-22, nan 
82.125, 73.375, 1.2608408523797665e-21, nan 
82.375, 73.375, 1.1210096475037386e-21, nan 
82.625, 73.375, 1.157618562978907e-21, nan 
82.875, 73.375, 1.4448209674831802e-21, nan 
83.125, 73.375, 1.5638618855340784e-21, nan 
83.375, 73.375, 1.4245799531389527e-21, nan 
83.625, 73.375, 1.4156539907186558e-21, nan 
83.875, 73.375, 1.6100955736607247e-21, nan 
84.125, 73.375, 1.1338098781755196e-21, nan 
84.375, 73.375, 6.452020026623874e-22, nan 
84.625, 73.375, 1.0444122904089181e-21, nan 
84.875, 73.375, 1.173176961702197e-21, nan 
85.125, 73.375, 1.0299015193991076e-21, nan 
85.375, 73.375, 7.30907929786047e-22, nan 
85.625, 73.375, 7.081477348441856e-22, nan 
85.875, 73.375, 4.822275352927277e-22, nan 
86.125, 73.375, 3.482435055895856e-22, nan 
86.375, 73.375, 7.4683806098952e-22, nan 
86.625, 73.375, 6.691095816095281e-22, nan 
86.875, 73.375, 3.9321991148807132e-22, nan 
87.125, 73.375, 7.9996101976539305e-22, nan 
87.375, 73.375, 1.1763143166922176e-21, nan 
87.625, 73.375, 1.531761699656426e-21, nan 
87.875, 73.375, 1.8667407023330682e-21, nan 
88.125, 73.375, 2.91205349398192e-21, nan 
88.375, 73.375, 2.663740221513263e-21, nan 
88.625, 73.375, 3.2431099464929935e-21, nan 
88.875, 73.375, 3.522259470407407e-21, nan 
89.125, 73.375, 3.842052436153207e-21, nan 
89.375, 73.375, 4.3505550995392594e-21, nan 
89.625, 73.375, 5.061353305855338e-21, nan 
89.875, 73.375, 4.874573311552364e-21, nan 
90.125, 73.375, 3.961549090639313e-21, nan 
90.375, 73.375, 4.970294989515341e-21, nan 
90.625, 73.375, 7.042873441515582e-21, nan 
90.875, 73.375, 7.976010327251127e-21, nan 
91.125, 73.375, 6.921320440223176e-21, nan 
91.375, 73.375, 8.735311830976432e-21, nan 
91.625, 73.375, 1.0118437103653e-20, nan 
91.875, 73.375, 8.252842483766291e-21, nan 
92.125, 73.375, 7.628224650060977e-21, nan 
92.375, 73.375, 7.467928934762887e-21, nan 
92.625, 73.375, 7.534390943566568e-21, nan 
92.875, 73.375, 7.666952718280172e-21, nan 
93.125, 73.375, 9.030652823734417e-21, nan 
93.375, 73.375, 8.520748123374052e-21, nan 
93.625, 73.375, 1.212986936637379e-20, nan 
93.875, 73.375, 1.4452617621077205e-20, nan 
94.125, 73.375, 2.0560793644119362e-20, nan 
94.375, 73.375, 2.4435080916648715e-20, nan 
94.625, 73.375, 2.5004057046485557e-20, nan 
94.875, 73.375, 2.841897498920673e-20, nan 
95.125, 73.375, 2.0276995677600405e-20, nan 
95.375, 73.375, 1.9574323310289446e-20, nan 
95.625, 73.375, 3.648155587874025e-20, nan 
95.875, 73.375, 1.8186337894565396e-20, nan 
96.125, 73.375, 2.958271392006085e-20, nan 
96.375, 73.375, 3.48156299715278e-20, nan 
96.625, 73.375, 3.7010026989992995e-20, nan 
96.875, 73.375, 4.229734154953967e-20, nan 
97.125, 73.375, 5.179959172485768e-20, nan 
97.375, 73.375, 4.682620083593201e-20, nan 
97.625, 73.375, 6.245914678417398e-20, nan 
97.875, 73.375, 8.409020373425595e-20, nan 
98.125, 73.375, 7.0442872643732e-20, nan 
98.375, 73.375, 8.072495932983631e-20, nan 
98.625, 73.375, 9.733865561874462e-20, nan 
98.875, 73.375, 8.128923148754098e-20, nan 
99.125, 73.375, 9.026520993855597e-20, nan 
99.375, 73.375, 9.783575866757513e-20, nan 
99.625, 73.375, 1.087945163228832e-19, nan 
99.875, 73.375, 1.0046475754830782e-19, nan 
100.125, 73.375, 8.327841840252247e-20, nan 
100.375, 73.375, 7.242673335684261e-20, nan 
100.625, 73.375, 4.3894991983170294e-20, nan 
100.875, 73.375, 4.643550915282081e-20, nan 
101.125, 73.375, 3.866646832549333e-20, nan 
101.375, 73.375, 3.460464423680811e-20, nan 
101.625, 73.375, 4.237124095462802e-20, nan 
101.875, 73.375, 3.181208131174736e-20, nan 
102.125, 73.375, 1.311708257730597e-20, nan 
102.375, 73.375, 3.0029288055788334e-20, nan 
102.625, 73.375, 3.9654255545268796e-20, nan 
102.875, 73.375, 3.928911702145272e-20, nan 
103.125, 73.375, 3.756595752883571e-20, nan 
103.375, 73.375, 3.7519165744561174e-20, nan 
103.625, 73.375, 3.3311825042086975e-20, nan 
103.875, 73.375, 3.8591675141453666e-20, nan 
104.125, 73.375, 4.441858771523762e-20, nan 
104.375, 73.375, 1.7560410023164795e-20, nan 
104.625, 73.375, 2.0771705817394806e-20, nan 
104.875, 73.375, 1.8394327825205045e-20, nan 
105.125, 73.375, 2.3285738419321235e-20, nan 
105.375, 73.375, 2.1974030979708557e-20, nan 
105.625, 73.375, 2.816591551592946e-20, nan 
105.875, 73.375, 2.862581701785403e-20, nan 
106.125, 73.375, 2.9503561542874193e-20, nan 
106.375, 73.375, 2.865059806587162e-20, nan 
106.625, 73.375, 2.1170523225462732e-20, nan 
106.875, 73.375, 2.437379774609661e-20, nan 
107.125, 73.375, 2.4322455891425283e-20, nan 
107.375, 73.375, 2.134721441311735e-20, nan 
107.625, 73.375, 2.4860903104504255e-20, nan 
107.875, 73.375, 1.7866544834966222e-20, nan 
108.125, 73.375, 1.12182573758955e-20, nan 
108.375, 73.375, 8.500110773738963e-21, nan 
108.625, 73.375, 8.053577023189419e-21, nan 
108.875, 73.375, 5.218526318455159e-21, nan 
109.125, 73.375, 7.432849047445543e-21, nan 
109.375, 73.375, 8.955652156299272e-21, nan 
109.625, 73.375, 1.195727932320098e-20, nan 
109.875, 73.375, 1.2447634138979189e-20, nan 
110.125, 73.375, 1.0083604201898045e-20, nan 
110.375, 73.375, 1.1145654128387435e-20, nan 
110.625, 73.375, 8.18828807442068e-21, nan 
110.875, 73.375, 7.805986215624184e-21, nan 
111.125, 73.375, 7.149988636030362e-21, nan 
111.375, 73.375, 6.147796611476522e-21, nan 
111.625, 73.375, 4.992479644648743e-21, nan 
111.875, 73.375, 4.693035823214968e-21, nan 
112.125, 73.375, 3.748321522741517e-21, nan 
112.375, 73.375, 4.717769119444981e-21, nan 
112.625, 73.375, 5.177721847544658e-21, nan 
112.875, 73.375, 4.765573902299532e-21, nan 
113.125, 73.375, 3.4267521833645776e-21, nan 
113.375, 73.375, 3.313033555501083e-21, nan 
113.625, 73.375, 3.210202871142205e-21, nan 
113.875, 73.375, 2.854372237495742e-21, nan 
114.125, 73.375, 2.4543932229905234e-21, nan 
114.375, 73.375, 3.8627577782473195e-21, nan 
114.625, 73.375, 4.455691393264646e-21, nan 
114.875, 73.375, 2.4978791264297996e-21, nan 
115.125, 73.375, 2.4581777802088303e-21, nan 
115.375, 73.375, 3.818443427306488e-21, nan 
115.625, 73.375, 2.5004391292082794e-21, nan 
115.875, 73.375, 2.3074447228891643e-21, nan 
116.125, 73.375, 2.2749333283502675e-21, nan 
116.375, 73.375, 1.7227683081802963e-21, nan 
116.625, 73.375, 1.5008427722648944e-21, nan 
116.875, 73.375, 1.4406869712834743e-21, nan 
117.125, 73.375, 1.6397723709642947e-21, nan 
117.375, 73.375, 1.540172735339906e-21, nan 
117.625, 73.375, 1.1956277188752593e-21, nan 
117.875, 73.375, 1.237660409042153e-21, nan 
118.125, 73.375, 1.528665874393789e-21, nan 
118.375, 73.375, 1.086060111103233e-21, nan 
118.625, 73.375, 1.147078666879691e-21, nan 
118.875, 73.375, 1.2967726078823717e-21, nan 
119.125, 73.375, 1.1230529782152876e-21, nan 
119.375, 73.375, 6.991362091422329e-22, nan 
119.625, 73.375, 3.076829702620079e-22, nan 
119.875, 73.375, 5.168454873683517e-22, nan 
120.125, 73.375, 4.1161200124057016e-22, nan 
120.375, 73.375, 8.812380807533346e-22, nan 
120.625, 73.375, 6.81915916418524e-22, nan 
120.875, 73.375, 6.814493826122671e-22, nan 
121.125, 73.375, 1.1376027332544371e-21, nan 
121.375, 73.375, 4.509111275335332e-22, nan 
121.625, 73.375, 5.610511407537364e-22, nan 
121.875, 73.375, 5.75943458736312e-22, nan 
122.125, 73.375, 3.377079315569658e-22, nan 
122.375, 73.375, 5.023373655468821e-22, nan 
122.625, 73.375, 2.2721503808253785e-22, nan 
122.875, 73.375, 3.4562645147560793e-22, nan 
123.125, 73.375, 4.664608944934824e-22, nan 
123.375, 73.375, 3.8880871321376294e-22, nan 
123.625, 73.375, 2.5739714928596943e-22, nan 
123.875, 73.375, 2.162989787784233e-22, nan 
124.125, 73.375, 3.426494758031454e-22, nan 
124.375, 73.375, 2.408717951009744e-22, nan 
124.625, 73.375, 1.780741845743656e-22, nan 
124.875, 73.375, 3.5128712804608153e-22, nan 
125.125, 73.375, 4.455684351776744e-22, nan 
125.375, 73.375, 3.761343831966744e-22, nan 
125.625, 73.375, 3.9620366387530927e-22, nan 
125.875, 73.375, 3.8552450719806547e-22, nan 
126.125, 73.375, 4.0798170059107716e-22, nan 
126.375, 73.375, 3.623020141860497e-22, nan 
126.625, 73.375, 2.8333195788537546e-22, nan 
126.875, 73.375, 4.990868328110474e-22, nan 
127.125, 73.375, 2.120818566876391e-22, nan 
127.375, 73.375, 4.716390688346191e-22, nan 
127.625, 73.375, 5.169213277513734e-22, nan 
127.875, 73.375, 1.2644618301198575e-22, nan 
128.125, 73.375, 3.8423781754071205e-22, nan 
128.375, 73.375, 3.95104983643879e-22, nan 
128.625, 73.375, 2.515826361781368e-22, nan 
128.875, 73.375, 2.2054220415416416e-22, nan 
129.125, 73.375, 2.676495293392968e-22, nan 
129.375, 73.375, 2.8061548385782128e-22, nan 
129.625, 73.375, 1.582245702696737e-22, nan 
129.875, 73.375, 2.125844662491529e-22, nan 
130.125, 73.375, 3.516207429682382e-22, nan 
130.375, 73.375, 2.5675134566932184e-22, nan 
130.625, 73.375, 2.4289504410688106e-22, nan 
130.875, 73.375, 3.25221001908622e-22, nan 
131.125, 73.375, 2.2368215207247983e-22, nan 
131.375, 73.375, 2.139337888475753e-22, nan 
131.625, 73.375, 1.7527634799106212e-22, nan 
131.875, 73.375, 1.907221415332154e-22, nan 
132.125, 73.375, 1.8491284512772927e-22, nan 
132.375, 73.375, 1.619168243062785e-22, nan 
132.625, 73.375, 1.6951145062847513e-22, nan 
132.875, 73.375, 1.101058201977555e-22, nan 
133.125, 73.375, 7.486218410082283e-23, nan 
133.375, 73.375, 6.462480955248693e-23, nan 
133.625, 73.375, 7.119900509917335e-23, nan 
133.875, 73.375, 8.154344064284797e-23, nan 
134.125, 73.375, 7.355591649120445e-23, nan 
134.375, 73.375, 6.706580544881166e-23, nan 
134.625, 73.375, 7.306910547463202e-23, nan 
134.875, 73.375, 3.4168000664404814e-23, nan 
135.125, 73.375, 4.2094890408387787e-23, nan 
135.375, 73.375, 1.477745631939865e-23, nan 
135.625, 73.375, 5.488742139130036e-23, nan 
135.875, 73.375, 4.4533717355682853e-23, nan 
136.125, 73.375, 3.723766694495233e-23, nan 
136.375, 73.375, 4.1944171945070985e-23, nan 
136.625, 73.375, 4.0262275919345275e-23, nan 
136.875, 73.375, 6.308930266701067e-23, nan 
137.125, 73.375, 4.473959783980387e-23, nan 
137.375, 73.375, 4.330631140945935e-23, nan 
137.625, 73.375, 6.350345708633695e-23, nan 
137.875, 73.375, 6.855095230372519e-23, nan 
138.125, 73.375, 4.396615038689535e-23, nan 
138.375, 73.375, 6.251228627087554e-23, nan 
138.625, 73.375, 5.309619859601056e-23, nan 
138.875, 73.375, 3.8082898317323414e-23, nan 
139.125, 73.375, 6.460622702519895e-23, nan 
139.375, 73.375, 4.7959228778951136e-23, nan 
139.625, 73.375, 2.246577456330744e-23, nan 
139.875, 73.375, 6.316493036432512e-23, nan 
140.125, 73.375, 9.186189464899934e-23, nan 
140.375, 73.375, 4.430440423439414e-23, nan 
140.625, 73.375, 4.160430643218154e-23, nan 
140.875, 73.375, 7.101102737525019e-23, nan 
141.125, 73.375, 3.3239921068994184e-23, nan 
141.375, 73.375, 1.1157557787021072e-23, nan 
141.625, 73.375, 6.273320565914081e-23, nan 
141.875, 73.375, 6.142744615935088e-23, nan 
142.125, 73.375, 5.151827299246088e-23, nan 
142.375, 73.375, 5.054426294140067e-23, nan 
142.625, 73.375, 5.738876843435526e-23, nan 
142.875, 73.375, 4.833607293431601e-23, nan 
143.125, 73.375, 3.134156317327095e-23, nan 
143.375, 73.375, 2.3086417512677193e-23, nan 
143.625, 73.375, 2.2541808927925872e-23, nan 
143.875, 73.375, 2.1623422990174575e-23, nan 
144.125, 73.375, 2.6080688325317375e-23, nan 
144.375, 73.375, 2.8747825623207074e-23, nan 
144.625, 73.375, 2.561265736966175e-23, nan 
144.875, 73.375, 2.3511040975186217e-23, nan 
145.125, 73.375, 2.4527800450129614e-23, nan 
145.375, 73.375, 1.877812818172722e-23, nan 
145.625, 73.375, 1.1991022457066154e-23, nan 
145.875, 73.375, 1.0873509740015431e-23, nan 
146.125, 73.375, 1.0221195625784437e-23, nan 
146.375, 73.375, 1.0064370627516398e-23, nan 
146.625, 73.375, 4.214739102423836e-24, nan 
146.875, 73.375, 1.2818527701217735e-23, nan 
147.125, 73.375, 2.041279391084059e-23, nan 
147.375, 73.375, 1.924682422035838e-23, nan 
147.625, 73.375, 2.213434425138192e-23, nan 
147.875, 73.375, 2.3477999275387998e-23, nan 
148.125, 73.375, 1.6914474599553354e-23, nan 
148.375, 73.375, 1.062213107340375e-23, nan 
148.625, 73.375, 1.0348625753964754e-23, nan 
148.875, 73.375, 6.424102717240175e-24, nan 
149.125, 73.375, 7.227367766850312e-24, nan 
149.375, 73.375, 1.2825014539175992e-23, nan 
149.625, 73.375, 9.025236311101865e-24, nan 
149.875, 73.375, 6.482333764830334e-24, nan 
150.125, 73.375, 3.627744845638322e-24, nan 
150.375, 73.375, 5.455708687865774e-24, nan 
150.625, 73.375, 7.791264965182539e-24, nan 
150.875, 73.375, 7.879861796452694e-24, nan 
151.125, 73.375, 1.1398800391981535e-23, nan 
151.375, 73.375, 1.3186383839756645e-23, nan 
151.625, 73.375, 1.1495043125913391e-23, nan 
151.875, 73.375, 1.2436172328784676e-23, nan 
152.125, 73.375, 1.3454486401306096e-23, nan 
152.375, 73.375, 1.0448906137299634e-23, nan 
152.625, 73.375, 9.412373577565063e-24, nan 
152.875, 73.375, 9.382226640961796e-24, nan 
153.125, 73.375, 1.2966380223296542e-23, nan 
153.375, 73.375, 1.5441300913931206e-23, nan 
153.625, 73.375, 1.863149003902273e-23, nan 
153.875, 73.375, 1.4904359793669895e-23, nan 
154.125, 73.375, 1.3539238978939067e-23, nan 
154.375, 73.375, 1.6144953931740765e-23, nan 
154.625, 73.375, 1.3725970143181408e-23, nan 
154.875, 73.375, 1.2244368203477147e-23, nan 
155.125, 73.375, 8.54722407308281e-24, nan 
155.375, 73.375, 7.007571334827139e-24, nan 
155.625, 73.375, 1.001326353810477e-23, nan 
155.875, 73.375, 7.485701654229233e-24, nan 
156.125, 73.375, 4.3632064201688404e-24, nan 
156.375, 73.375, 5.3818869659946096e-24, nan 
156.625, 73.375, 2.4955691267900333e-24, nan 
156.875, 73.375, 3.8924896048849e-24, nan 
157.125, 73.375, 4.36304799254176e-24, nan 
157.375, 73.375, 3.3989467035312895e-24, nan 
157.625, 73.375, 4.1234883071885145e-24, nan 
157.875, 73.375, 4.722671157786944e-24, nan 
158.125, 73.375, 4.4773179844823134e-24, nan 
158.375, 73.375, 3.501997476122293e-24, nan 
158.625, 73.375, 3.872495111427424e-24, nan 
158.875, 73.375, 4.25288537899029e-24, nan 
159.125, 73.375, 1.2322044984103772e-23, nan 
159.375, 73.375, 3.208768381243651e-23, nan 
159.625, 73.375, 3.38082371275365e-23, nan 
159.875, 73.375, 3.097797620986649e-23, nan 
160.125, 73.375, 3.610375849896153e-23, nan 
160.375, 73.375, 3.76398574953555e-23, nan 
160.625, 73.375, 3.759976889168355e-23, nan 
160.875, 73.375, 4.5892925456609085e-23, nan 
161.125, 73.375, 5.374914685023776e-23, nan 
161.375, 73.375, 5.1633082130585446e-23, nan 
161.625, 73.375, 3.7430273209187595e-23, nan 
161.875, 73.375, 4.467447415595592e-23, nan 
162.125, 73.375, 4.6396832018201857e-23, nan 
162.375, 73.375, 4.2330573111099266e-23, nan 
162.625, 73.375, 1.0927166924837485e-22, nan 
162.875, 73.375, 1.7445999379599694e-22, nan 
163.125, 73.375, 1.8323131673403204e-22, nan 
163.375, 73.375, 1.3259802912006356e-22, nan 
163.625, 73.375, 1.1618651054278358e-22, nan 
163.875, 73.375, 7.177941404506974e-23, nan 
164.125, 73.375, 8.087895307104201e-23, nan 
164.375, 73.375, 1.2077965241164843e-22, nan 
164.625, 73.375, 9.314426260411213e-23, nan 
164.875, 73.375, 4.8503970369728545e-23, nan 
165.125, 73.375, 9.728146453268808e-23, nan 
165.375, 73.375, 9.156259110424181e-23, nan 
165.625, 73.375, 8.10470156123709e-23, nan 
165.875, 73.375, 1.2887011227045254e-22, nan 
166.125, 73.375, 1.290056191014955e-22, nan 
166.375, 73.375, 6.412580973376503e-23, nan 
166.625, 73.375, 8.808907693851347e-23, nan 
166.875, 73.375, 7.666653763339085e-23, nan 
167.125, 73.375, 4.6752975409414276e-23, nan 
167.375, 73.375, 3.7937542891416047e-23, nan 
167.625, 73.375, 2.802507127750418e-23, nan 
167.875, 73.375, 3.86547546868598e-23, nan 
168.125, 73.375, 4.1301776948000647e-23, nan 
168.375, 73.375, 2.4135365570366995e-23, nan 
168.625, 73.375, 2.8698270590582154e-23, nan 
168.875, 73.375, 1.7311064379097197e-23, nan 
169.125, 73.375, 1.000467030519549e-23, nan 
169.375, 73.375, 4.8821544775432314e-24, nan 
169.625, 73.375, 3.49062934842666e-24, nan 
169.875, 73.375, 3.900586766468919e-24, nan 
170.125, 73.375, 5.057985102855876e-24, nan 
170.375, 73.375, 2.993560109236443e-24, nan 
170.625, 73.375, 3.583483740294727e-24, nan 
170.875, 73.375, 5.743634704447638e-24, nan 
171.125, 73.375, 2.0463902684611777e-24, nan 
171.375, 73.375, 2.757099218730652e-24, nan 
171.625, 73.375, 3.5620638640144774e-24, nan 
171.875, 73.375, 2.1734419046746486e-24, nan 
172.125, 73.375, 3.177804060532838e-24, nan 
172.375, 73.375, 3.3785347587102755e-24, nan 
172.625, 73.375, 1.840691258645059e-24, nan 
172.875, 73.375, 4.711670151573251e-24, nan 
173.125, 73.375, 3.626491363141432e-24, nan 
173.375, 73.375, 1.8709536939767264e-24, nan 
173.625, 73.375, 3.3252214640762715e-24, nan 
173.875, 73.375, 2.9673704074179415e-24, nan 
174.125, 73.375, 2.4065754004551437e-24, nan 
174.375, 73.375, 2.4756488265654365e-24, nan 
174.625, 73.375, 3.457841354361018e-24, nan 
174.875, 73.375, 2.509172525435279e-24, nan 
175.125, 73.375, 2.7148289935137193e-24, nan 
175.375, 73.375, 3.377228941594768e-24, nan 
175.625, 73.375, 2.3769004513565304e-24, nan 
175.875, 73.375, 2.9064732485936297e-24, nan 
176.125, 73.375, 5.216113571840922e-24, nan 
176.375, 73.375, 4.569598544208404e-24, nan 
176.625, 73.375, 3.766945828774327e-24, nan 
176.875, 73.375, 7.983070177879798e-24, nan 
25.625, 73.625, 1.4700103039776719e-24, nan 
25.875, 73.625, 2.3839614726278736e-24, nan 
26.125, 73.625, 3.758368353860937e-24, nan 
26.375, 73.625, 1.5136057082740346e-24, nan 
26.625, 73.625, 6.984881945931036e-25, nan 
26.875, 73.625, 2.7423936134208975e-24, nan 
27.125, 73.625, 1.4334894175062774e-24, nan 
27.375, 73.625, 2.3952247316690976e-24, nan 
27.625, 73.625, 1.9531609491923902e-24, nan 
27.875, 73.625, 2.4227844000097316e-24, nan 
28.125, 73.625, 1.951715483948565e-24, nan 
28.375, 73.625, 2.5921714420524266e-24, nan 
28.625, 73.625, 3.2875852118954798e-24, nan 
28.875, 73.625, 6.852516637818892e-25, nan 
29.125, 73.625, 6.943704683343569e-25, nan 
29.375, 73.625, 1.7945988859819167e-24, nan 
29.625, 73.625, 7.590798006102108e-25, nan 
29.875, 73.625, 8.723328826069708e-25, nan 
30.125, 73.625, 1.3394379419977359e-24, nan 
30.375, 73.625, 1.022140548465898e-24, nan 
30.625, 73.625, 9.480681777943631e-25, nan 
30.875, 73.625, 6.477048318089527e-25, nan 
31.125, 73.625, 1.5670445060864e-24, nan 
31.375, 73.625, 1.8181738191096704e-24, nan 
31.625, 73.625, 2.2770229571587813e-24, nan 
31.875, 73.625, 3.2588549520554373e-24, nan 
32.125, 73.625, 2.9192457214291677e-24, nan 
32.375, 73.625, 1.630055444101275e-24, nan 
32.625, 73.625, 1.8820550279636615e-24, nan 
32.875, 73.625, 1.490001363434625e-24, nan 
33.125, 73.625, 1.5058441233182303e-24, nan 
33.375, 73.625, 2.6982927158584746e-24, nan 
33.625, 73.625, 2.3559147974990333e-24, nan 
33.875, 73.625, 2.2049090275639694e-24, nan 
34.125, 73.625, 3.06190261552685e-24, nan 
34.375, 73.625, 3.827651073009999e-24, nan 
34.625, 73.625, 4.867697385842647e-24, nan 
34.875, 73.625, 5.690774654862672e-24, nan 
35.125, 73.625, 3.506070884574436e-24, nan 
35.375, 73.625, 2.9424204020778563e-24, nan 
35.625, 73.625, 3.1782088522332053e-24, nan 
35.875, 73.625, 1.806771765179915e-24, nan 
36.125, 73.625, 2.459181186996304e-24, nan 
36.375, 73.625, 2.4057017923088125e-24, nan 
36.625, 73.625, 1.9866000119693196e-24, nan 
36.875, 73.625, 1.892275843335153e-24, nan 
37.125, 73.625, 2.377879430660871e-24, nan 
37.375, 73.625, 2.9616081389175303e-24, nan 
37.625, 73.625, 2.3991233115662547e-24, nan 
37.875, 73.625, 3.5368011546083e-24, nan 
38.125, 73.625, 3.979244928459787e-24, nan 
38.375, 73.625, 5.8359156952424425e-24, nan 
38.625, 73.625, 5.1769060975313016e-24, nan 
38.875, 73.625, 5.807618364016416e-24, nan 
39.125, 73.625, 6.819656323914933e-24, nan 
39.375, 73.625, 7.600523996841216e-24, nan 
39.625, 73.625, 6.325656882739236e-24, nan 
39.875, 73.625, 4.690757958894803e-24, nan 
40.125, 73.625, 8.700693129878889e-24, nan 
40.375, 73.625, 9.614917956716978e-24, nan 
40.625, 73.625, 5.471849677379655e-24, nan 
40.875, 73.625, 5.7069044116349346e-24, nan 
41.125, 73.625, 6.479230791331955e-24, nan 
41.375, 73.625, 4.621935951933002e-24, nan 
41.625, 73.625, 3.974479391008659e-24, nan 
41.875, 73.625, 3.3446437849767144e-24, nan 
42.125, 73.625, 2.30738546628116e-24, nan 
42.375, 73.625, 2.396123675805905e-24, nan 
42.625, 73.625, 3.888128517195625e-24, nan 
42.875, 73.625, 2.2415411472155397e-24, nan 
43.125, 73.625, 2.0504834790493883e-24, nan 
43.375, 73.625, 5.7919270475690374e-24, nan 
43.625, 73.625, 9.014993973359727e-24, nan 
43.875, 73.625, 8.399449800441067e-24, nan 
44.125, 73.625, 8.34935211632355e-24, nan 
44.375, 73.625, 7.797913715737479e-24, nan 
44.625, 73.625, 6.262904082256339e-24, nan 
44.875, 73.625, 4.565069864697753e-24, nan 
45.125, 73.625, 4.1577184813639164e-24, nan 
45.375, 73.625, 4.582978338354824e-24, nan 
45.625, 73.625, 5.038440641583124e-24, nan 
45.875, 73.625, 3.612616497970137e-24, nan 
46.125, 73.625, 4.294478570505289e-24, nan 
46.375, 73.625, 8.180193703039541e-24, nan 
46.625, 73.625, 4.459882642370498e-24, nan 
46.875, 73.625, 5.2700283182483506e-24, nan 
47.125, 73.625, 7.203996436896779e-24, nan 
47.375, 73.625, 5.485277828010186e-24, nan 
47.625, 73.625, 4.0720687315999554e-24, nan 
47.875, 73.625, 2.537137690772048e-24, nan 
48.125, 73.625, 3.827335209897929e-24, nan 
48.375, 73.625, 3.2042932725011445e-24, nan 
48.625, 73.625, 4.5810303663415185e-24, nan 
48.875, 73.625, 4.537911320851463e-24, nan 
49.125, 73.625, 6.5683212958994686e-24, nan 
49.375, 73.625, 5.148932100616464e-24, nan 
49.625, 73.625, 5.051426836554081e-24, nan 
49.875, 73.625, 7.221171472142794e-24, nan 
50.125, 73.625, 4.4221793878204584e-24, nan 
50.375, 73.625, 2.9851246204055386e-24, nan 
50.625, 73.625, 2.2888709223144213e-24, nan 
50.875, 73.625, 4.575381798078116e-24, nan 
51.125, 73.625, 1.7629300472517566e-24, nan 
51.375, 73.625, 3.547283956379368e-24, nan 
51.625, 73.625, 4.946038159819144e-24, nan 
51.875, 73.625, 6.473406137108821e-24, nan 
52.125, 73.625, 8.373446547269868e-24, nan 
52.375, 73.625, 7.671420494038926e-24, nan 
52.625, 73.625, 1.493302187124706e-23, nan 
52.875, 73.625, 1.3359706701048506e-23, nan 
53.125, 73.625, 1.0009123421020726e-23, nan 
53.375, 73.625, 6.942858910154449e-24, nan 
53.625, 73.625, 3.520826745087554e-24, nan 
53.875, 73.625, 7.664540663876497e-24, nan 
54.125, 73.625, 4.7235249239626826e-24, nan 
54.375, 73.625, 3.467927490524914e-24, nan 
54.625, 73.625, 9.85071933398862e-24, nan 
54.875, 73.625, 8.058988474770116e-24, nan 
55.125, 73.625, 9.206481408956874e-24, nan 
55.375, 73.625, 8.185140979159049e-24, nan 
55.625, 73.625, 1.5601527291340573e-23, nan 
55.875, 73.625, 2.4207660451203576e-23, nan 
56.125, 73.625, 1.6015982149264555e-23, nan 
56.375, 73.625, 1.8669605773126178e-23, nan 
56.625, 73.625, 2.4923126141756842e-23, nan 
56.875, 73.625, 2.629074568735263e-23, nan 
57.125, 73.625, 2.154320765156714e-23, nan 
57.375, 73.625, 2.1712690531291857e-23, nan 
57.625, 73.625, 2.677216582270271e-23, nan 
57.875, 73.625, 2.803912847859596e-23, nan 
58.125, 73.625, 2.6561339741833894e-23, nan 
58.375, 73.625, 2.1180759093529778e-23, nan 
58.625, 73.625, 2.2706930390740434e-23, nan 
58.875, 73.625, 1.6001679826281696e-23, nan 
59.125, 73.625, 2.0664361903876521e-23, nan 
59.375, 73.625, 2.1140375344713652e-23, nan 
59.625, 73.625, 2.9609349906833576e-23, nan 
59.875, 73.625, 2.920035536504519e-23, nan 
60.125, 73.625, 3.187024770971216e-23, nan 
60.375, 73.625, 2.5145876585722794e-23, nan 
60.625, 73.625, 4.4230387081934576e-23, nan 
60.875, 73.625, 4.3596173914056565e-23, nan 
61.125, 73.625, 3.6192874214211935e-23, nan 
61.375, 73.625, 4.196328235627362e-23, nan 
61.625, 73.625, 5.394709343884223e-23, nan 
61.875, 73.625, 6.991983906580934e-23, nan 
62.125, 73.625, 5.945818349951759e-23, nan 
62.375, 73.625, 9.201533111802288e-23, nan 
62.625, 73.625, 6.846436502203637e-23, nan 
62.875, 73.625, 8.653480279992891e-23, nan 
63.125, 73.625, 1.0399807931522517e-22, nan 
63.375, 73.625, 7.635392374701644e-23, nan 
63.625, 73.625, 8.48999629212423e-23, nan 
63.875, 73.625, 8.890825254701256e-23, nan 
64.125, 73.625, 7.813540210478609e-23, nan 
64.375, 73.625, 5.2475846147472364e-23, nan 
64.625, 73.625, 4.114902783915717e-23, nan 
64.875, 73.625, 2.6470093178689333e-23, nan 
65.125, 73.625, 9.630378826174427e-24, nan 
65.375, 73.625, 1.5906440911240152e-23, nan 
65.625, 73.625, 1.966087198486159e-23, nan 
65.875, 73.625, 2.2662658085490103e-23, nan 
66.125, 73.625, 2.8209875629295044e-23, nan 
66.375, 73.625, 2.9107736901106434e-23, nan 
66.625, 73.625, 4.116563159867144e-23, nan 
66.875, 73.625, 5.292683727554112e-23, nan 
67.125, 73.625, 5.75469996101358e-23, nan 
67.375, 73.625, 6.716622756508194e-23, nan 
67.625, 73.625, 7.145338388007264e-23, nan 
67.875, 73.625, 7.579690251671806e-23, nan 
68.125, 73.625, 8.48006633383296e-23, nan 
68.375, 73.625, 8.149820080968595e-23, nan 
68.625, 73.625, 9.641146983917343e-23, nan 
68.875, 73.625, 1.121898308105491e-22, nan 
69.125, 73.625, 1.0139699205022016e-22, nan 
69.375, 73.625, 6.770339860453091e-23, nan 
69.625, 73.625, 7.389416542740441e-23, nan 
69.875, 73.625, 5.130491679102503e-23, nan 
70.125, 73.625, 7.959155998295576e-23, nan 
70.375, 73.625, 1.1111784044812883e-22, nan 
70.625, 73.625, 9.13322831072568e-23, nan 
70.875, 73.625, 1.2769503781778325e-22, nan 
71.125, 73.625, 6.743901131280852e-23, nan 
71.375, 73.625, 1.616087235388034e-22, nan 
71.625, 73.625, 1.2923875233569306e-22, nan 
71.875, 73.625, 7.932862341220182e-23, nan 
72.125, 73.625, 1.9841823643990193e-22, nan 
72.375, 73.625, 1.4910019211324295e-22, nan 
72.625, 73.625, 1.0835567830365816e-22, nan 
72.875, 73.625, 8.822002406373906e-23, nan 
73.125, 73.625, 1.130800757405785e-22, nan 
73.375, 73.625, 2.4937332514507973e-22, nan 
73.625, 73.625, 1.9365544289283858e-22, nan 
73.875, 73.625, 2.30396475865815e-22, nan 
74.125, 73.625, 4.337753836342948e-22, nan 
74.375, 73.625, 4.284301026309833e-22, nan 
74.625, 73.625, 1.9215652735335016e-22, nan 
74.875, 73.625, 3.1512110297425975e-22, nan 
75.125, 73.625, 4.0209443715813286e-22, nan 
75.375, 73.625, 3.4079170599242885e-22, nan 
75.625, 73.625, 2.7808416596583216e-22, nan 
75.875, 73.625, 4.361435537216403e-22, nan 
76.125, 73.625, 3.459606455867069e-22, nan 
76.375, 73.625, 2.696048248806406e-22, nan 
76.625, 73.625, 2.6232709510164544e-22, nan 
76.875, 73.625, 2.1696368456760428e-22, nan 
77.125, 73.625, 2.592491501715709e-22, nan 
77.375, 73.625, 3.643617297220857e-22, nan 
77.625, 73.625, 2.8907940016217853e-22, nan 
77.875, 73.625, 2.682034486797287e-22, nan 
78.125, 73.625, 4.281238976451044e-22, nan 
78.375, 73.625, 2.495681964568862e-22, nan 
78.625, 73.625, 4.402441952019203e-22, nan 
78.875, 73.625, 3.7831622452887938e-22, nan 
79.125, 73.625, 2.291430189052875e-22, nan 
79.375, 73.625, 2.6382605800190526e-22, nan 
79.625, 73.625, 3.493287976133728e-22, nan 
79.875, 73.625, 2.9130316175190507e-22, nan 
80.125, 73.625, 5.648042946742414e-22, nan 
80.375, 73.625, 2.712129924433669e-22, nan 
80.625, 73.625, 4.884444581305057e-22, nan 
80.875, 73.625, 5.2273458145425765e-22, nan 
81.125, 73.625, 9.056008600376426e-22, nan 
81.375, 73.625, 8.007993571452465e-22, nan 
81.625, 73.625, 9.771184923807047e-22, nan 
81.875, 73.625, 9.998366817471696e-22, nan 
82.125, 73.625, 1.076389905911688e-21, nan 
82.375, 73.625, 9.737357484235012e-22, nan 
82.625, 73.625, 1.0868414814901876e-21, nan 
82.875, 73.625, 1.3872214228404999e-21, nan 
83.125, 73.625, 1.1608751156838953e-21, nan 
83.375, 73.625, 1.6532242717402495e-21, nan 
83.625, 73.625, 1.8286975517468407e-21, nan 
83.875, 73.625, 1.71029411855069e-21, nan 
84.125, 73.625, 1.6580763497778008e-21, nan 
84.375, 73.625, 1.4617136780209967e-21, nan 
84.625, 73.625, 1.3182968560917402e-21, nan 
84.875, 73.625, 6.757015001408067e-22, nan 
85.125, 73.625, 1.1841000475186686e-21, nan 
85.375, 73.625, 8.123630299776107e-22, nan 
85.625, 73.625, 9.252309070618965e-22, nan 
85.875, 73.625, 1.2360134288627319e-21, nan 
86.125, 73.625, 1.2100892471147662e-21, nan 
86.375, 73.625, 2.1187726863454156e-21, nan 
86.625, 73.625, 2.8339485953980177e-21, nan 
86.875, 73.625, 1.841578407293986e-21, nan 
87.125, 73.625, 1.8842247619628626e-21, nan 
87.375, 73.625, 2.246484594022178e-21, nan 
87.625, 73.625, 1.8572687884619393e-21, nan 
87.875, 73.625, 2.005792858602564e-21, nan 
88.125, 73.625, 1.4175137914390546e-21, nan 
88.375, 73.625, 2.3174351433633775e-21, nan 
88.625, 73.625, 2.447238099837069e-21, nan 
88.875, 73.625, 3.1397765613398054e-21, nan 
89.125, 73.625, 3.445266825484019e-21, nan 
89.375, 73.625, 5.336178847409393e-21, nan 
89.625, 73.625, 5.684732529932696e-21, nan 
89.875, 73.625, 4.2383013112177494e-21, nan 
90.125, 73.625, 7.172471296443042e-21, nan 
90.375, 73.625, 8.099596183509668e-21, nan 
90.625, 73.625, 6.603793211125403e-21, nan 
90.875, 73.625, 7.971700552336684e-21, nan 
91.125, 73.625, 6.935140440766981e-21, nan 
91.375, 73.625, 6.99034459571899e-21, nan 
91.625, 73.625, 8.515789479340439e-21, nan 
91.875, 73.625, 6.6099251693089076e-21, nan 
92.125, 73.625, 6.046114783562949e-21, nan 
92.375, 73.625, 6.092573802958362e-21, nan 
92.625, 73.625, 7.216581897725629e-21, nan 
92.875, 73.625, 5.391299768533165e-21, nan 
93.125, 73.625, 6.855645594955096e-21, nan 
93.375, 73.625, 9.662424728220803e-21, nan 
93.625, 73.625, 8.265700257673275e-21, nan 
93.875, 73.625, 1.0315699947561169e-20, nan 
94.125, 73.625, 1.3538436761240022e-20, nan 
94.375, 73.625, 1.622853662154609e-20, nan 
94.625, 73.625, 1.2765842004216294e-20, nan 
94.875, 73.625, 1.8096984510651416e-20, nan 
95.125, 73.625, 2.0017144876767403e-20, nan 
95.375, 73.625, 1.8440227983097618e-20, nan 
95.625, 73.625, 2.919821445288165e-20, nan 
95.875, 73.625, 1.9135707357918335e-20, nan 
96.125, 73.625, 2.4245009003138336e-20, nan 
96.375, 73.625, 2.6073737294621516e-20, nan 
96.625, 73.625, 4.512545210517753e-20, nan 
96.875, 73.625, 7.781022825045189e-20, nan 
97.125, 73.625, 7.410652154906524e-20, nan 
97.375, 73.625, 4.0920320675769913e-20, nan 
97.625, 73.625, 2.2380051374311982e-20, nan 
97.875, 73.625, 2.4646177534858032e-20, nan 
98.125, 73.625, 3.6199333016898514e-20, nan 
98.375, 73.625, 5.852109858960138e-20, nan 
98.625, 73.625, 6.30561693994773e-20, nan 
98.875, 73.625, 5.620561644143976e-20, nan 
99.125, 73.625, 7.219401459368454e-20, nan 
99.375, 73.625, 7.942350746989702e-20, nan 
99.625, 73.625, 8.834917405408901e-20, nan 
99.875, 73.625, 1.1531564159523663e-19, nan 
100.125, 73.625, 1.086459829320878e-19, nan 
100.375, 73.625, 9.875281654479824e-20, nan 
100.625, 73.625, 1.313806571068099e-19, nan 
100.875, 73.625, 1.3371025071705905e-19, nan 
101.125, 73.625, 1.2395518173939177e-19, nan 
101.375, 73.625, 8.284176635738165e-20, nan 
101.625, 73.625, 8.100140290927695e-20, nan 
101.875, 73.625, 7.480618086322064e-20, nan 
102.125, 73.625, 5.51934945819962e-20, nan 
102.375, 73.625, 5.058155261168764e-20, nan 
102.625, 73.625, 5.032718988744352e-20, nan 
102.875, 73.625, 4.822759062877052e-20, nan 
103.125, 73.625, 4.142005040733625e-20, nan 
103.375, 73.625, 3.5660383410934705e-20, nan 
103.625, 73.625, 3.031609085761264e-20, nan 
103.875, 73.625, 4.232742734586495e-20, nan 
104.125, 73.625, 4.721437875358822e-20, nan 
104.375, 73.625, 3.3849854971876285e-20, nan 
104.625, 73.625, 5.3745956188814126e-20, nan 
104.875, 73.625, 4.772890238741368e-20, nan 
105.125, 73.625, 6.77517034861167e-20, nan 
105.375, 73.625, 4.71914697503256e-20, nan 
105.625, 73.625, 3.705736922011264e-20, nan 
105.875, 73.625, 1.825687493411344e-20, nan 
106.125, 73.625, 1.9019944331450043e-20, nan 
106.375, 73.625, 1.5717481087206563e-20, nan 
106.625, 73.625, 1.9668178008100766e-20, nan 
106.875, 73.625, 1.5358382870904597e-20, nan 
107.125, 73.625, 1.2278244143401224e-20, nan 
107.375, 73.625, 1.911626603643231e-20, nan 
107.625, 73.625, 1.0754575039926517e-20, nan 
107.875, 73.625, 5.252193215233862e-21, nan 
108.125, 73.625, 6.2282915539722176e-21, nan 
108.375, 73.625, 6.317392569487589e-21, nan 
108.625, 73.625, 5.359773584149145e-21, nan 
108.875, 73.625, 1.1409241773120265e-20, nan 
109.125, 73.625, 8.464985914894982e-21, nan 
109.375, 73.625, 9.909901868440111e-21, nan 
109.625, 73.625, 1.1893655225035176e-20, nan 
109.875, 73.625, 1.0906676389799437e-20, nan 
110.125, 73.625, 9.24191367868245e-21, nan 
110.375, 73.625, 9.314903750144957e-21, nan 
110.625, 73.625, 7.3446007086714e-21, nan 
110.875, 73.625, 5.772564251003234e-21, nan 
111.125, 73.625, 5.725568103301674e-21, nan 
111.375, 73.625, 4.553583443133536e-21, nan 
111.625, 73.625, 5.0066362450937604e-21, nan 
111.875, 73.625, 4.926818858590933e-21, nan 
112.125, 73.625, 4.573094528982291e-21, nan 
112.375, 73.625, 5.555371519922431e-21, nan 
112.625, 73.625, 4.903687062771114e-21, nan 
112.875, 73.625, 4.3358960671318575e-21, nan 
113.125, 73.625, 1.6623750779693343e-21, nan 
113.375, 73.625, 1.9909579157745632e-21, nan 
113.625, 73.625, 2.359063019483858e-21, nan 
113.875, 73.625, 2.449461049266964e-21, nan 
114.125, 73.625, 4.532533468423151e-21, nan 
114.375, 73.625, 2.915671402582006e-21, nan 
114.625, 73.625, 3.549183183924849e-21, nan 
114.875, 73.625, 3.9358616149800454e-21, nan 
115.125, 73.625, 2.553877018606006e-21, nan 
115.375, 73.625, 2.7681489338210842e-21, nan 
115.625, 73.625, 2.5480647196655022e-21, nan 
115.875, 73.625, 2.6473983616066847e-21, nan 
116.125, 73.625, 1.9903518664706702e-21, nan 
116.375, 73.625, 1.5524366415961577e-21, nan 
116.625, 73.625, 1.7179423432487448e-21, nan 
116.875, 73.625, 1.2964224564145075e-21, nan 
117.125, 73.625, 1.3279423041498046e-21, nan 
117.375, 73.625, 1.620187757892514e-21, nan 
117.625, 73.625, 1.4187064140440843e-21, nan 
117.875, 73.625, 8.625548473641685e-22, nan 
118.125, 73.625, 6.527792157138952e-22, nan 
118.375, 73.625, 1.0628797486554809e-21, nan 
118.625, 73.625, 8.247557531089145e-22, nan 
118.875, 73.625, 9.10099519240401e-22, nan 
119.125, 73.625, 8.048214929123558e-22, nan 
119.375, 73.625, 6.68792288950602e-22, nan 
119.625, 73.625, 7.664930962719759e-22, nan 
119.875, 73.625, 2.7508800925596345e-22, nan 
120.125, 73.625, 3.3625831621402463e-22, nan 
120.375, 73.625, 3.716764365672901e-22, nan 
120.625, 73.625, 3.7579046769048364e-22, nan 
120.875, 73.625, 4.418303446204138e-22, nan 
121.125, 73.625, 1.2291698020039005e-21, nan 
121.375, 73.625, 1.5027899738011763e-21, nan 
121.625, 73.625, 6.189289542323673e-22, nan 
121.875, 73.625, 3.175418026190299e-22, nan 
122.125, 73.625, 9.091421324254888e-22, nan 
122.375, 73.625, 7.956396556484216e-22, nan 
122.625, 73.625, 4.218833960768527e-22, nan 
122.875, 73.625, 3.0692315692415192e-22, nan 
123.125, 73.625, 4.627675211765298e-22, nan 
123.375, 73.625, 4.2349967816454313e-22, nan 
123.625, 73.625, 2.630373417718062e-22, nan 
123.875, 73.625, 3.656912377450028e-22, nan 
124.125, 73.625, 4.2813344794172755e-22, nan 
124.375, 73.625, 4.0798963356817736e-22, nan 
124.625, 73.625, 3.1563041477455857e-22, nan 
124.875, 73.625, 4.535947248812081e-22, nan 
125.125, 73.625, 4.049780248331114e-22, nan 
125.375, 73.625, 2.7522840671733744e-22, nan 
125.625, 73.625, 5.14973539652835e-22, nan 
125.875, 73.625, 3.49949822718791e-22, nan 
126.125, 73.625, 4.0912545808728453e-22, nan 
126.375, 73.625, 3.952197763802352e-22, nan 
126.625, 73.625, 2.077849966236045e-22, nan 
126.875, 73.625, 3.0293054082880323e-22, nan 
127.125, 73.625, 1.9806115860272559e-22, nan 
127.375, 73.625, 2.2222990366549286e-22, nan 
127.625, 73.625, 2.2296301805051363e-22, nan 
127.875, 73.625, 1.178731969858122e-22, nan 
128.125, 73.625, 2.860792873563695e-22, nan 
128.375, 73.625, 2.930002203149367e-22, nan 
128.625, 73.625, 2.57950988364349e-22, nan 
128.875, 73.625, 2.660955887988988e-22, nan 
129.125, 73.625, 3.2976859776425847e-22, nan 
129.375, 73.625, 3.2516417631026114e-22, nan 
129.625, 73.625, 3.412078673645469e-22, nan 
129.875, 73.625, 2.6075198197358916e-22, nan 
130.125, 73.625, 3.6053400032811937e-22, nan 
130.375, 73.625, 3.267952740830214e-22, nan 
130.625, 73.625, 2.5975198463199153e-22, nan 
130.875, 73.625, 2.8641077450335905e-22, nan 
131.125, 73.625, 2.0435687748356064e-22, nan 
131.375, 73.625, 1.757127523388806e-22, nan 
131.625, 73.625, 1.0492203835680817e-22, nan 
131.875, 73.625, 1.410676718940971e-22, nan 
132.125, 73.625, 8.919781038843882e-23, nan 
132.375, 73.625, 9.751791911524154e-23, nan 
132.625, 73.625, 1.109378446028156e-22, nan 
132.875, 73.625, 7.504092303696679e-23, nan 
133.125, 73.625, 6.432718901049091e-23, nan 
133.375, 73.625, 9.51226549238988e-23, nan 
133.625, 73.625, 1.031241172736629e-22, nan 
133.875, 73.625, 9.006541548892908e-23, nan 
134.125, 73.625, 8.23930994936689e-23, nan 
134.375, 73.625, 7.686196766299975e-23, nan 
134.625, 73.625, 6.27225266016988e-23, nan 
134.875, 73.625, 5.499818734865492e-23, nan 
135.125, 73.625, 4.947485107606489e-23, nan 
135.375, 73.625, 3.367925709399182e-23, nan 
135.625, 73.625, 5.701859110168183e-23, nan 
135.875, 73.625, 4.7343849701196664e-23, nan 
136.125, 73.625, 4.8899756889552887e-23, nan 
136.375, 73.625, 1.8590178371293718e-23, nan 
136.625, 73.625, 3.621914369284197e-23, nan 
136.875, 73.625, 4.6039918057888003e-23, nan 
137.125, 73.625, 3.9470852929980766e-23, nan 
137.375, 73.625, 4.0111947923811345e-23, nan 
137.625, 73.625, 3.3776721751509145e-23, nan 
137.875, 73.625, 3.3225725325476923e-23, nan 
138.125, 73.625, 1.6373181778957923e-23, nan 
138.375, 73.625, 1.7832380336691256e-23, nan 
138.625, 73.625, 4.2153128353408336e-23, nan 
138.875, 73.625, 3.34510126234798e-23, nan 
139.125, 73.625, 3.0254654019719157e-23, nan 
139.375, 73.625, 3.4007353310792726e-23, nan 
139.625, 73.625, 3.2299245256894296e-23, nan 
139.875, 73.625, 6.487614723295125e-23, nan 
140.125, 73.625, 5.606787474793183e-23, nan 
140.375, 73.625, 4.1794031815737594e-23, nan 
140.625, 73.625, 5.453754941532398e-23, nan 
140.875, 73.625, 4.225393445004824e-23, nan 
141.125, 73.625, 2.5407833551775706e-23, nan 
141.375, 73.625, 2.6681474264325987e-23, nan 
141.625, 73.625, 3.8728914469867384e-23, nan 
141.875, 73.625, 5.316907131603016e-23, nan 
142.125, 73.625, 5.199187266698569e-23, nan 
142.375, 73.625, 6.419802515860858e-23, nan 
142.625, 73.625, 4.965292193441421e-23, nan 
142.875, 73.625, 4.5500941697640285e-23, nan 
143.125, 73.625, 4.7698040182302706e-23, nan 
143.375, 73.625, 2.5962956262363013e-23, nan 
143.625, 73.625, 2.166683509993346e-23, nan 
143.875, 73.625, 2.3201716071055396e-23, nan 
144.125, 73.625, 2.2356379366792275e-23, nan 
144.375, 73.625, 2.2374957717939104e-23, nan 
144.625, 73.625, 2.4050577666747495e-23, nan 
144.875, 73.625, 2.0335549632990462e-23, nan 
145.125, 73.625, 1.7836160008968373e-23, nan 
145.375, 73.625, 1.444359947430394e-23, nan 
145.625, 73.625, 1.2570032552584695e-23, nan 
145.875, 73.625, 1.4714870815664246e-23, nan 
146.125, 73.625, 7.188325711312777e-24, nan 
146.375, 73.625, 8.822934838638393e-24, nan 
146.625, 73.625, 1.207883319778799e-23, nan 
146.875, 73.625, 1.131291251574891e-23, nan 
147.125, 73.625, 1.7642916186158394e-23, nan 
147.375, 73.625, 1.3401391588512685e-23, nan 
147.625, 73.625, 1.4321338491238954e-23, nan 
147.875, 73.625, 1.6642595260951638e-23, nan 
148.125, 73.625, 1.1267012672011307e-23, nan 
148.375, 73.625, 9.491535780637709e-24, nan 
148.625, 73.625, 1.1851346921012302e-23, nan 
148.875, 73.625, 1.1744887723629495e-23, nan 
149.125, 73.625, 8.917247232466378e-24, nan 
149.375, 73.625, 1.392816177999342e-23, nan 
149.625, 73.625, 1.3786073982551762e-23, nan 
149.875, 73.625, 5.458454830566462e-24, nan 
150.125, 73.625, 6.856756152272945e-24, nan 
150.375, 73.625, 5.7420202446764475e-24, nan 
150.625, 73.625, 1.3495621149636527e-23, nan 
150.875, 73.625, 1.450279789439808e-23, nan 
151.125, 73.625, 1.393856206446888e-23, nan 
151.375, 73.625, 1.4172906923117882e-23, nan 
151.625, 73.625, 1.5811502843799987e-23, nan 
151.875, 73.625, 1.5495245893716065e-23, nan 
152.125, 73.625, 1.3345184919573082e-23, nan 
152.375, 73.625, 1.4451732745488018e-23, nan 
152.625, 73.625, 1.2767750853106445e-23, nan 
152.875, 73.625, 1.2118743809358572e-23, nan 
153.125, 73.625, 1.7091642854022687e-23, nan 
153.375, 73.625, 2.1773254585717026e-23, nan 
153.625, 73.625, 2.518347220090534e-23, nan 
153.875, 73.625, 1.8289993567958395e-23, nan 
154.125, 73.625, 1.8839619913411532e-23, nan 
154.375, 73.625, 2.2471570324526742e-23, nan 
154.625, 73.625, 1.6097609400132713e-23, nan 
154.875, 73.625, 1.2777771114688782e-23, nan 
155.125, 73.625, 1.1161636675362334e-23, nan 
155.375, 73.625, 1.1412213109917115e-23, nan 
155.625, 73.625, 1.1165720960477695e-23, nan 
155.875, 73.625, 8.588758063105854e-24, nan 
156.125, 73.625, 7.309973850789188e-24, nan 
156.375, 73.625, 3.623169953317661e-24, nan 
156.625, 73.625, 2.805135957893367e-24, nan 
156.875, 73.625, 6.851472759737884e-24, nan 
157.125, 73.625, 6.659735296739722e-24, nan 
157.375, 73.625, 5.501036043936031e-24, nan 
157.625, 73.625, 7.10749464842511e-24, nan 
157.875, 73.625, 6.89748521864512e-24, nan 
158.125, 73.625, 5.4380011441225464e-24, nan 
158.375, 73.625, 4.834121588073527e-24, nan 
158.625, 73.625, 3.585287805398348e-24, nan 
158.875, 73.625, 9.091630628614508e-24, nan 
159.125, 73.625, 9.4161105993539e-24, nan 
159.375, 73.625, 1.5639082035937953e-23, nan 
159.625, 73.625, 1.1736676084380979e-23, nan 
159.875, 73.625, 1.023469451861345e-23, nan 
160.125, 73.625, 2.2051552544222835e-23, nan 
160.375, 73.625, 2.496412107476456e-23, nan 
160.625, 73.625, 6.412082749823416e-23, nan 
160.875, 73.625, 6.822068435999587e-23, nan 
161.125, 73.625, 6.416321607145084e-23, nan 
161.375, 73.625, 6.885674133721148e-23, nan 
161.625, 73.625, 7.706662132868642e-23, nan 
161.875, 73.625, 8.707540651324073e-23, nan 
162.125, 73.625, 5.024230023817297e-23, nan 
162.375, 73.625, 4.348836592571981e-23, nan 
162.625, 73.625, 5.881195611664004e-23, nan 
162.875, 73.625, 7.447654519371075e-23, nan 
163.125, 73.625, 7.490281695062373e-23, nan 
163.375, 73.625, 7.688102690542328e-23, nan 
163.625, 73.625, 7.619084540011377e-23, nan 
163.875, 73.625, 4.943797831041717e-23, nan 
164.125, 73.625, 6.565681202271867e-23, nan 
164.375, 73.625, 1.0161526727665875e-22, nan 
164.625, 73.625, 8.245512883000693e-23, nan 
164.875, 73.625, 5.111664556791797e-23, nan 
165.125, 73.625, 8.328309924686016e-23, nan 
165.375, 73.625, 5.630141078606429e-23, nan 
165.625, 73.625, 6.226114812449788e-23, nan 
165.875, 73.625, 9.077330176525281e-23, nan 
166.125, 73.625, 8.606665914164305e-23, nan 
166.375, 73.625, 5.680856404920447e-23, nan 
166.625, 73.625, 3.6113702347010695e-23, nan 
166.875, 73.625, 2.906021677782232e-23, nan 
167.125, 73.625, 1.6693427008041413e-23, nan 
167.375, 73.625, 1.1842496550673274e-23, nan 
167.625, 73.625, 1.0102772339831853e-23, nan 
167.875, 73.625, 1.6489461170011402e-23, nan 
168.125, 73.625, 1.9204443474090786e-23, nan 
168.375, 73.625, 1.307740225513302e-23, nan 
168.625, 73.625, 1.120474983182325e-23, nan 
168.875, 73.625, 1.6850987633505993e-23, nan 
169.125, 73.625, 1.3401977773791394e-23, nan 
169.375, 73.625, 1.1378421458634006e-23, nan 
169.625, 73.625, 5.758616270962549e-24, nan 
169.875, 73.625, 5.022618284787369e-24, nan 
170.125, 73.625, 7.475498069188059e-24, nan 
170.375, 73.625, 2.9739987252808457e-24, nan 
170.625, 73.625, 2.9791129334307275e-24, nan 
170.875, 73.625, 2.0294485766982475e-24, nan 
171.125, 73.625, 3.25626853326114e-24, nan 
171.375, 73.625, 3.677696747032372e-24, nan 
171.625, 73.625, 2.5408301033288912e-24, nan 
171.875, 73.625, 1.7910798946329973e-24, nan 
172.125, 73.625, 3.1051844378914076e-24, nan 
172.375, 73.625, 2.86237194224373e-24, nan 
172.625, 73.625, 1.3566536036018742e-24, nan 
172.875, 73.625, 3.0598513852837776e-24, nan 
173.125, 73.625, 3.860726659294407e-24, nan 
173.375, 73.625, 2.76806374395725e-24, nan 
173.625, 73.625, 2.670707316297329e-24, nan 
173.875, 73.625, 2.5267641350131136e-24, nan 
174.125, 73.625, 6.2041706495106745e-25, nan 
174.375, 73.625, 1.0123915878440508e-24, nan 
174.625, 73.625, 7.61879067276433e-25, nan 
174.875, 73.625, 1.7541941173395062e-24, nan 
175.125, 73.625, 2.3424051265291265e-24, nan 
175.375, 73.625, 2.2794650960943317e-24, nan 
175.625, 73.625, 2.0701849715205406e-24, nan 
175.875, 73.625, 2.7433361668458088e-24, nan 
176.125, 73.625, 5.8513279445000495e-24, nan 
176.375, 73.625, 4.834958631384258e-24, nan 
176.625, 73.625, 5.824676193486956e-24, nan 
176.875, 73.625, 6.3953194759551184e-24, nan 
177.125, 73.625, 5.462804173170049e-24, nan 
25.375, 73.875, 2.3623319942370603e-24, nan 
25.625, 73.875, 5.505368333463239e-25, nan 
25.875, 73.875, 6.650617077409842e-25, nan 
26.125, 73.875, 1.590589783380113e-24, nan 
26.375, 73.875, 1.9184296923869306e-24, nan 
26.625, 73.875, 9.747618195695018e-25, nan 
26.875, 73.875, 2.6829489439057037e-24, nan 
27.125, 73.875, 3.1159668408205578e-24, nan 
27.375, 73.875, 1.3935538922277602e-24, nan 
27.625, 73.875, 2.2615633444573277e-24, nan 
27.875, 73.875, 2.409891330848318e-24, nan 
28.125, 73.875, 1.117210424827528e-24, nan 
28.375, 73.875, 2.549211546588908e-24, nan 
28.625, 73.875, 2.2933549014975034e-24, nan 
28.875, 73.875, 7.213567955083477e-25, nan 
29.125, 73.875, 1.5389047173725446e-24, nan 
29.375, 73.875, 1.6304173389330183e-24, nan 
29.625, 73.875, 1.466969395244823e-24, nan 
29.875, 73.875, 1.9384795464474928e-24, nan 
30.125, 73.875, 1.5648672425135404e-24, nan 
30.375, 73.875, 1.0519778796790967e-24, nan 
30.625, 73.875, 1.5866968299758014e-24, nan 
30.875, 73.875, 1.891368767107144e-24, nan 
31.125, 73.875, 3.348200259799796e-24, nan 
31.375, 73.875, 3.117710829520803e-24, nan 
31.625, 73.875, 3.040610335733355e-24, nan 
31.875, 73.875, 5.6508600716414955e-24, nan 
32.125, 73.875, 4.532273949835276e-24, nan 
32.375, 73.875, 1.244193661483059e-24, nan 
32.625, 73.875, 2.211408212419363e-24, nan 
32.875, 73.875, 1.774519267426278e-24, nan 
33.125, 73.875, 1.989923255038526e-24, nan 
33.375, 73.875, 3.303340056537548e-24, nan 
33.625, 73.875, 1.1331079194920819e-24, nan 
33.875, 73.875, 6.098474636726492e-25, nan 
34.125, 73.875, 2.6069963923081328e-24, nan 
34.375, 73.875, 1.8575756301402426e-24, nan 
34.625, 73.875, 3.288756512921375e-24, nan 
34.875, 73.875, 3.620387676307866e-24, nan 
35.125, 73.875, 1.719311971273546e-24, nan 
35.375, 73.875, 2.524609335401823e-24, nan 
35.625, 73.875, 3.6422173520523385e-24, nan 
35.875, 73.875, 1.5645030159710682e-24, nan 
36.125, 73.875, 1.6301128180121734e-24, nan 
36.375, 73.875, 4.833427789069953e-24, nan 
36.625, 73.875, 1.980901411506415e-24, nan 
36.875, 73.875, 2.399856941221666e-24, nan 
37.125, 73.875, 3.2045620646692115e-24, nan 
37.375, 73.875, 2.323394741023519e-24, nan 
37.625, 73.875, 2.8783703658074733e-24, nan 
37.875, 73.875, 2.8943044312597353e-24, nan 
38.125, 73.875, 4.44664450769202e-24, nan 
38.375, 73.875, 4.995176708185256e-24, nan 
38.625, 73.875, 5.418316258344392e-24, nan 
38.875, 73.875, 5.5378559481827834e-24, nan 
39.125, 73.875, 4.349232461219266e-24, nan 
39.375, 73.875, 6.009326138595358e-24, nan 
39.625, 73.875, 3.682102044197485e-24, nan 
39.875, 73.875, 3.9974486920929044e-24, nan 
40.125, 73.875, 6.101023273114716e-24, nan 
40.375, 73.875, 6.959628799099171e-24, nan 
40.625, 73.875, 4.9134856412466936e-24, nan 
40.875, 73.875, 2.810065903888511e-24, nan 
41.125, 73.875, 4.648394998276171e-24, nan 
41.375, 73.875, 2.025659253494895e-24, nan 
41.625, 73.875, 3.919924594772596e-24, nan 
41.875, 73.875, 7.422541602068911e-24, nan 
42.125, 73.875, 3.101262677083111e-24, nan 
42.375, 73.875, 2.4132998750316923e-24, nan 
42.625, 73.875, 6.301982087906697e-24, nan 
42.875, 73.875, 5.770464824301865e-24, nan 
43.125, 73.875, 8.307781203013807e-24, nan 
43.375, 73.875, 7.470376436610381e-24, nan 
43.625, 73.875, 9.444519788605487e-24, nan 
43.875, 73.875, 1.1557394251103643e-23, nan 
44.125, 73.875, 1.3188503590751033e-23, nan 
44.375, 73.875, 1.2048809276157525e-23, nan 
44.625, 73.875, 6.087131290986701e-24, nan 
44.875, 73.875, 8.199432875275635e-24, nan 
45.125, 73.875, 8.268719693567716e-24, nan 
45.375, 73.875, 5.5451775185616524e-24, nan 
45.625, 73.875, 5.4084311904248895e-24, nan 
45.875, 73.875, 5.579272982207808e-24, nan 
46.125, 73.875, 2.465102281555391e-24, nan 
46.375, 73.875, 3.1347694504221304e-24, nan 
46.625, 73.875, 8.616216818366869e-24, nan 
46.875, 73.875, 8.464862252760699e-24, nan 
47.125, 73.875, 7.445348630993701e-24, nan 
47.375, 73.875, 9.525676426935646e-24, nan 
47.625, 73.875, 9.407572763682888e-24, nan 
47.875, 73.875, 8.219975404945924e-24, nan 
48.125, 73.875, 2.4156232652825455e-24, nan 
48.375, 73.875, 4.409852769226568e-24, nan 
48.625, 73.875, 5.1762120288742974e-24, nan 
48.875, 73.875, 1.324894228390202e-24, nan 
49.125, 73.875, 2.6823163766949003e-24, nan 
49.375, 73.875, 5.247977718613784e-24, nan 
49.625, 73.875, 5.6333321642117424e-24, nan 
49.875, 73.875, 3.7674365687723964e-24, nan 
50.125, 73.875, 4.1800584127606995e-24, nan 
50.375, 73.875, 5.205694659504406e-24, nan 
50.625, 73.875, 3.4066820296345205e-24, nan 
50.875, 73.875, 5.2566079972663585e-24, nan 
51.125, 73.875, 9.245975143374411e-24, nan 
51.375, 73.875, 1.0800914584736364e-23, nan 
51.625, 73.875, 1.0768539560184277e-23, nan 
51.875, 73.875, 1.9031670444183713e-23, nan 
52.125, 73.875, 1.5990339081893417e-23, nan 
52.375, 73.875, 1.3675900998998064e-23, nan 
52.625, 73.875, 2.88587075950125e-23, nan 
52.875, 73.875, 2.2094823125360432e-23, nan 
53.125, 73.875, 1.4468821882939945e-23, nan 
53.375, 73.875, 1.461685793733098e-23, nan 
53.625, 73.875, 1.0511066275130404e-23, nan 
53.875, 73.875, 8.793929914286776e-24, nan 
54.125, 73.875, 5.495728023305244e-24, nan 
54.375, 73.875, 5.067992750932928e-24, nan 
54.625, 73.875, 8.520041444173215e-24, nan 
54.875, 73.875, 1.2065604651209004e-23, nan 
55.125, 73.875, 1.3297247905592104e-23, nan 
55.375, 73.875, 1.159695615109869e-23, nan 
55.625, 73.875, 1.4436287854375205e-23, nan 
55.875, 73.875, 1.8153669420355005e-23, nan 
56.125, 73.875, 1.6982930747189935e-23, nan 
56.375, 73.875, 1.4374320446553605e-23, nan 
56.625, 73.875, 1.6361277054343085e-23, nan 
56.875, 73.875, 1.740999431998026e-23, nan 
57.125, 73.875, 1.7128323425160292e-23, nan 
57.375, 73.875, 1.6660102185044755e-23, nan 
57.625, 73.875, 1.9929767675134192e-23, nan 
57.875, 73.875, 2.105441626610217e-23, nan 
58.125, 73.875, 2.376592933513407e-23, nan 
58.375, 73.875, 2.0874102104817807e-23, nan 
58.625, 73.875, 2.464247233581294e-23, nan 
58.875, 73.875, 2.648266539959696e-23, nan 
59.125, 73.875, 2.690634060169003e-23, nan 
59.375, 73.875, 3.469443604010599e-23, nan 
59.625, 73.875, 2.7672008430820547e-23, nan 
59.875, 73.875, 2.5848786540825122e-23, nan 
60.125, 73.875, 3.516056949520998e-23, nan 
60.375, 73.875, 3.527573140800357e-23, nan 
60.625, 73.875, 4.2446438594468e-23, nan 
60.875, 73.875, 4.16034337895777e-23, nan 
61.125, 73.875, 3.6776620023803496e-23, nan 
61.375, 73.875, 3.971262618024007e-23, nan 
61.625, 73.875, 4.8555467527767314e-23, nan 
61.875, 73.875, 6.565202621720987e-23, nan 
62.125, 73.875, 5.304555977949764e-23, nan 
62.375, 73.875, 6.632656655622148e-23, nan 
62.625, 73.875, 5.337339346445015e-23, nan 
62.875, 73.875, 4.407062693692869e-23, nan 
63.125, 73.875, 3.614216135617441e-23, nan 
63.375, 73.875, 5.335231019448101e-23, nan 
63.625, 73.875, 5.480145659215924e-23, nan 
63.875, 73.875, 5.2738391473586594e-23, nan 
64.125, 73.875, 8.932143311858255e-23, nan 
64.375, 73.875, 6.726769274486109e-23, nan 
64.625, 73.875, 5.950078896025894e-23, nan 
64.875, 73.875, 7.653404115921133e-23, nan 
65.125, 73.875, 5.0831467724888965e-23, nan 
65.375, 73.875, 3.959284327412697e-23, nan 
65.625, 73.875, 2.6248781233466014e-23, nan 
65.875, 73.875, 2.6329960717477862e-23, nan 
66.125, 73.875, 3.226070110098367e-23, nan 
66.375, 73.875, 3.4470147208814175e-23, nan 
66.625, 73.875, 5.623735026196604e-23, nan 
66.875, 73.875, 1.5391817725423087e-22, nan 
67.125, 73.875, 1.9084004110862773e-22, nan 
67.375, 73.875, 5.686169728515285e-23, nan 
67.625, 73.875, 6.64011493475367e-23, nan 
67.875, 73.875, 5.587734671427e-23, nan 
68.125, 73.875, 4.319374622418367e-23, nan 
68.375, 73.875, 5.35763221749445e-23, nan 
68.625, 73.875, 1.0558953257569324e-22, nan 
68.875, 73.875, 1.4225510904480216e-22, nan 
69.125, 73.875, 1.5831349464550843e-22, nan 
69.375, 73.875, 1.536164552062607e-22, nan 
69.625, 73.875, 1.7277891116351116e-22, nan 
69.875, 73.875, 1.664352663533332e-22, nan 
70.125, 73.875, 1.1274623100647634e-22, nan 
70.375, 73.875, 1.7022031062686783e-22, nan 
70.625, 73.875, 1.2922124136986071e-22, nan 
70.875, 73.875, 1.2886640264151034e-22, nan 
71.125, 73.875, 1.1011112099968265e-22, nan 
71.375, 73.875, 1.1574554495034215e-22, nan 
71.625, 73.875, 8.903124562349597e-23, nan 
71.875, 73.875, 6.953350540924843e-23, nan 
72.125, 73.875, 1.156410549900789e-22, nan 
72.375, 73.875, 8.271801979586889e-23, nan 
72.625, 73.875, 6.4695572620259e-23, nan 
72.875, 73.875, 1.1041139599076156e-22, nan 
73.125, 73.875, 1.4852805549920172e-22, nan 
73.375, 73.875, 1.1712404797624128e-22, nan 
73.625, 73.875, 8.965078556096382e-23, nan 
73.875, 73.875, 1.2568758372143722e-22, nan 
74.125, 73.875, 3.051699167936182e-22, nan 
74.375, 73.875, 2.48896880254258e-22, nan 
74.625, 73.875, 2.208080338242744e-22, nan 
74.875, 73.875, 2.0765251963826336e-22, nan 
75.125, 73.875, 2.0975291716698436e-22, nan 
75.375, 73.875, 2.0837310972493383e-22, nan 
75.625, 73.875, 3.095895525210386e-22, nan 
75.875, 73.875, 3.875391397923554e-22, nan 
76.125, 73.875, 3.1048818798218154e-22, nan 
76.375, 73.875, 3.9522667574251013e-22, nan 
76.625, 73.875, 3.9006924212464362e-22, nan 
76.875, 73.875, 3.748565378588547e-22, nan 
77.125, 73.875, 5.463553498381296e-22, nan 
77.375, 73.875, 5.886146372054766e-22, nan 
77.625, 73.875, 1.314438327159703e-21, nan 
77.875, 73.875, 1.1226116907372465e-21, nan 
78.125, 73.875, 1.222558691375838e-21, nan 
78.375, 73.875, 1.0843326379933304e-21, nan 
78.625, 73.875, 1.1051625672654917e-21, nan 
78.875, 73.875, 1.0837908462716784e-21, nan 
79.125, 73.875, 1.2064512700663405e-21, nan 
79.375, 73.875, 6.103305148085936e-22, nan 
79.625, 73.875, 2.79001199045749e-22, nan 
79.875, 73.875, 2.7653598968395816e-22, nan 
80.125, 73.875, 2.677681801458586e-22, nan 
80.375, 73.875, 3.614543028710405e-22, nan 
80.625, 73.875, 4.0751396086137884e-22, nan 
80.875, 73.875, 4.52361805354808e-22, nan 
81.125, 73.875, 9.418638711210445e-22, nan 
81.375, 73.875, 4.216980413346963e-22, nan 
81.625, 73.875, 4.362403401278292e-22, nan 
81.875, 73.875, 5.236693224188172e-22, nan 
82.125, 73.875, 4.279370390214814e-22, nan 
82.375, 73.875, 6.139706630550859e-22, nan 
82.625, 73.875, 7.37771340446549e-22, nan 
82.875, 73.875, 4.514942923717435e-22, nan 
83.125, 73.875, 5.047488515547047e-22, nan 
83.375, 73.875, 8.67102010519323e-22, nan 
83.625, 73.875, 1.2021168349319493e-21, nan 
83.875, 73.875, 1.042582325546472e-21, nan 
84.125, 73.875, 1.897059605584895e-21, nan 
84.375, 73.875, 1.7738082713908965e-21, nan 
84.625, 73.875, 1.4176534248545503e-21, nan 
84.875, 73.875, 1.8174673430648924e-21, nan 
85.125, 73.875, 1.3014505625257043e-21, nan 
85.375, 73.875, 1.3144349327330049e-21, nan 
85.625, 73.875, 9.777895972079406e-22, nan 
85.875, 73.875, 1.3440743593751452e-21, nan 
86.125, 73.875, 1.4000932091438656e-21, nan 
86.375, 73.875, 2.0907556148518883e-21, nan 
86.625, 73.875, 2.5265012947935046e-21, nan 
86.875, 73.875, 1.730519448961674e-21, nan 
87.125, 73.875, 1.5865563227260509e-21, nan 
87.375, 73.875, 1.3087948719051079e-21, nan 
87.625, 73.875, 1.3602840491661445e-21, nan 
87.875, 73.875, 2.4839313000794524e-21, nan 
88.125, 73.875, 1.194987029148371e-21, nan 
88.375, 73.875, 1.2604687962510948e-21, nan 
88.625, 73.875, 1.879118795504178e-21, nan 
88.875, 73.875, 3.947559832122861e-21, nan 
89.125, 73.875, 3.0511518773717792e-21, nan 
89.375, 73.875, 2.1264771168561326e-21, nan 
89.625, 73.875, 3.2307602189542623e-21, nan 
89.875, 73.875, 3.075629216562168e-21, nan 
90.125, 73.875, 4.825512840601099e-21, nan 
90.375, 73.875, 4.119075671693565e-21, nan 
90.625, 73.875, 3.431662715525199e-21, nan 
90.875, 73.875, 4.5768815819074846e-21, nan 
91.125, 73.875, 1.6964355709871705e-21, nan 
91.375, 73.875, 5.0986713406514794e-21, nan 
91.625, 73.875, 6.119832048819003e-21, nan 
91.875, 73.875, 3.4194270297766904e-21, nan 
92.125, 73.875, 8.867664126426508e-21, nan 
92.375, 73.875, 1.1411757271991263e-20, nan 
92.625, 73.875, 1.0534952169066422e-20, nan 
92.875, 73.875, 6.751350155012157e-21, nan 
93.125, 73.875, 8.856392209452124e-21, nan 
93.375, 73.875, 1.2372912927395256e-20, nan 
93.625, 73.875, 1.1602310931845949e-20, nan 
93.875, 73.875, 1.241992835523974e-20, nan 
94.125, 73.875, 1.180440180694436e-20, nan 
94.375, 73.875, 1.3094437973751313e-20, nan 
94.625, 73.875, 1.6372661295764565e-20, nan 
94.875, 73.875, 1.552852970995711e-20, nan 
95.125, 73.875, 4.3458641066184194e-20, nan 
95.375, 73.875, 4.4699954711615775e-20, nan 
95.625, 73.875, 1.8873510755780055e-20, nan 
95.875, 73.875, 4.1565022960557993e-20, nan 
96.125, 73.875, 7.409926966838889e-20, nan 
96.375, 73.875, 6.569555437547166e-20, nan 
96.625, 73.875, 7.3063281651806e-20, nan 
96.875, 73.875, 1.4399130284313866e-19, nan 
97.125, 73.875, 1.234500539148428e-19, nan 
97.375, 73.875, 6.299716660413784e-20, nan 
97.625, 73.875, 9.261016431379449e-20, nan 
97.875, 73.875, 8.980633788681929e-20, nan 
98.125, 73.875, 5.26694789266354e-20, nan 
98.375, 73.875, 1.9357278976071048e-20, nan 
98.625, 73.875, 1.0925747778598188e-20, nan 
98.875, 73.875, 1.9202224173056302e-20, nan 
99.125, 73.875, 1.7900606804825667e-20, nan 
99.375, 73.875, 1.7292275678135688e-20, nan 
99.625, 73.875, 1.751551410748936e-20, nan 
99.875, 73.875, 2.2586966181853147e-20, nan 
100.125, 73.875, 2.400937257735594e-20, nan 
100.375, 73.875, 3.068631245530407e-20, nan 
100.625, 73.875, 7.955164116109518e-20, nan 
100.875, 73.875, 8.286732668574716e-20, nan 
101.125, 73.875, 8.687468052678399e-20, nan 
101.375, 73.875, 7.403394198714479e-20, nan 
101.625, 73.875, 7.235975454303161e-20, nan 
101.875, 73.875, 7.116180210610339e-20, nan 
102.125, 73.875, 5.620729347982507e-20, nan 
102.375, 73.875, 4.566150019535114e-20, nan 
102.625, 73.875, 2.423484753835155e-20, nan 
102.875, 73.875, 2.1682065905782388e-20, nan 
103.125, 73.875, 2.475198781364712e-20, nan 
103.375, 73.875, 1.543615555750775e-20, nan 
103.625, 73.875, 1.1362614443662989e-20, nan 
103.875, 73.875, 1.6581332219457798e-20, nan 
104.125, 73.875, 1.1583834697805037e-20, nan 
104.375, 73.875, 8.876723136185111e-20, nan 
104.625, 73.875, 3.613236510737561e-20, nan 
104.875, 73.875, 1.7686575002954652e-20, nan 
105.125, 73.875, 1.3975236271676978e-19, nan 
105.375, 73.875, 6.511956763254403e-20, nan 
105.625, 73.875, 2.730734951128871e-20, nan 
105.875, 73.875, 7.136811902301378e-20, nan 
106.125, 73.875, 3.8661452447204936e-20, nan 
106.375, 73.875, 2.046036512206246e-20, nan 
106.625, 73.875, 9.684398085365194e-21, nan 
106.875, 73.875, 8.401413057093864e-21, nan 
107.125, 73.875, 7.442836618405302e-21, nan 
107.375, 73.875, 1.2862527758821321e-20, nan 
107.625, 73.875, 7.082647385544211e-21, nan 
107.875, 73.875, 6.081183481681698e-21, nan 
108.125, 73.875, 9.941055527385178e-21, nan 
108.375, 73.875, 7.710948350344507e-21, nan 
108.625, 73.875, 1.6484731115157265e-20, nan 
108.875, 73.875, 7.389078124496637e-21, nan 
109.125, 73.875, 6.4435444747092064e-21, nan 
109.375, 73.875, 1.2444411815777578e-20, nan 
109.625, 73.875, 4.094697694102925e-21, nan 
109.875, 73.875, 3.003751746654987e-21, nan 
110.125, 73.875, 6.01779593549038e-21, nan 
110.375, 73.875, 6.841235941361722e-21, nan 
110.625, 73.875, 4.133688658213252e-21, nan 
110.875, 73.875, 4.70786846664395e-21, nan 
111.125, 73.875, 4.192593390930304e-21, nan 
111.375, 73.875, 4.1416140110953136e-21, nan 
111.625, 73.875, 5.578252959954014e-21, nan 
111.875, 73.875, 4.265779130099035e-21, nan 
112.125, 73.875, 4.6334813611525914e-21, nan 
112.375, 73.875, 5.483134935996873e-21, nan 
112.625, 73.875, 3.539021712730666e-21, nan 
112.875, 73.875, 2.737999551355081e-21, nan 
113.125, 73.875, 3.0135253344972332e-21, nan 
113.375, 73.875, 2.792746712714208e-21, nan 
113.625, 73.875, 1.931437209511978e-21, nan 
113.875, 73.875, 1.2838826438184637e-21, nan 
114.125, 73.875, 2.770981637150486e-21, nan 
114.375, 73.875, 2.984794933557028e-21, nan 
114.625, 73.875, 3.2945746932979684e-21, nan 
114.875, 73.875, 2.308302045203867e-21, nan 
115.125, 73.875, 2.8526136190932006e-21, nan 
115.375, 73.875, 2.6066647711835263e-21, nan 
115.625, 73.875, 1.8576262987728916e-21, nan 
115.875, 73.875, 1.9188003850022856e-21, nan 
116.125, 73.875, 1.1616218095315182e-21, nan 
116.375, 73.875, 1.3051018671465457e-21, nan 
116.625, 73.875, 1.2925567296501438e-21, nan 
116.875, 73.875, 8.458850536925838e-22, nan 
117.125, 73.875, 8.83076855419747e-22, nan 
117.375, 73.875, 1.2037961106776634e-21, nan 
117.625, 73.875, 6.997570605119711e-22, nan 
117.875, 73.875, 5.692132090978658e-22, nan 
118.125, 73.875, 3.7940877556469886e-22, nan 
118.375, 73.875, 7.523352748353731e-22, nan 
118.625, 73.875, 7.827640833889314e-22, nan 
118.875, 73.875, 6.423175970830807e-22, nan 
119.125, 73.875, 6.489944092261493e-22, nan 
119.375, 73.875, 7.086576864042713e-22, nan 
119.625, 73.875, 4.862098232606727e-22, nan 
119.875, 73.875, 4.1370632838691343e-22, nan 
120.125, 73.875, 5.689608364340792e-22, nan 
120.375, 73.875, 1.8566837674204412e-21, nan 
120.625, 73.875, 2.516023967960652e-21, nan 
120.875, 73.875, 1.969514480804057e-21, nan 
121.125, 73.875, 2.046982483937064e-21, nan 
121.375, 73.875, 3.592344920169238e-21, nan 
121.625, 73.875, 1.8206682185310686e-21, nan 
121.875, 73.875, 1.1961347539374265e-21, nan 
122.125, 73.875, 2.5712345430378046e-21, nan 
122.375, 73.875, 2.27732163726904e-21, nan 
122.625, 73.875, 1.0028709797332087e-21, nan 
122.875, 73.875, 8.021658524334981e-22, nan 
123.125, 73.875, 1.6992647267934337e-21, nan 
123.375, 73.875, 6.78653038718875e-22, nan 
123.625, 73.875, 3.993075668458116e-22, nan 
123.875, 73.875, 6.417594259600635e-22, nan 
124.125, 73.875, 3.1470769751712863e-22, nan 
124.375, 73.875, 2.1735735208051094e-22, nan 
124.625, 73.875, 5.378407695950021e-22, nan 
124.875, 73.875, 8.672913986266628e-22, nan 
125.125, 73.875, 7.269279136168355e-22, nan 
125.375, 73.875, 6.771302633626283e-22, nan 
125.625, 73.875, 6.884003793766835e-22, nan 
125.875, 73.875, 5.1180073212182825e-22, nan 
126.125, 73.875, 4.661141059429264e-22, nan 
126.375, 73.875, 2.9289443690825022e-22, nan 
126.625, 73.875, 4.541361551973015e-23, nan 
126.875, 73.875, 2.8645083594504423e-22, nan 
127.125, 73.875, 2.594103396680753e-22, nan 
127.375, 73.875, 1.459514648339947e-22, nan 
127.625, 73.875, 1.9164143085860315e-22, nan 
127.875, 73.875, 1.4832526460741705e-22, nan 
128.125, 73.875, 2.476444694666117e-22, nan 
128.375, 73.875, 1.3653726428669425e-22, nan 
128.625, 73.875, 2.4001219653280455e-22, nan 
128.875, 73.875, 3.3503369362382823e-22, nan 
129.125, 73.875, 2.5728092380949453e-22, nan 
129.375, 73.875, 2.996578193761301e-22, nan 
129.625, 73.875, 3.6865616020149044e-22, nan 
129.875, 73.875, 3.1631569654557614e-22, nan 
130.125, 73.875, 2.795844345139638e-22, nan 
130.375, 73.875, 2.442701368014918e-22, nan 
130.625, 73.875, 2.6928454375483213e-22, nan 
130.875, 73.875, 2.1556212615275445e-22, nan 
131.125, 73.875, 1.5929802353943953e-22, nan 
131.375, 73.875, 6.165830160311169e-23, nan 
131.625, 73.875, 8.722688508810902e-23, nan 
131.875, 73.875, 1.293685285049456e-22, nan 
132.125, 73.875, 8.942417653930776e-23, nan 
132.375, 73.875, 1.0902227696858337e-22, nan 
132.625, 73.875, 1.2079963418373211e-22, nan 
132.875, 73.875, 9.645592874624004e-23, nan 
133.125, 73.875, 1.0301990376939144e-22, nan 
133.375, 73.875, 8.722447287749812e-23, nan 
133.625, 73.875, 8.42703887304839e-23, nan 
133.875, 73.875, 8.245013509784175e-23, nan 
134.125, 73.875, 6.409047543259283e-23, nan 
134.375, 73.875, 4.5126919373306474e-23, nan 
134.625, 73.875, 3.215136260995615e-23, nan 
134.875, 73.875, 5.720908451005021e-23, nan 
135.125, 73.875, 5.484673179028187e-23, nan 
135.375, 73.875, 6.782361766896536e-23, nan 
135.625, 73.875, 6.288693187862864e-23, nan 
135.875, 73.875, 5.076784064178645e-23, nan 
136.125, 73.875, 6.210016526511252e-23, nan 
136.375, 73.875, 4.199203336675885e-23, nan 
136.625, 73.875, 5.098505880108107e-23, nan 
136.875, 73.875, 3.3943986376394295e-23, nan 
137.125, 73.875, 3.3339864842882743e-23, nan 
137.375, 73.875, 4.8628651785422487e-23, nan 
137.625, 73.875, 3.5656881483993127e-23, nan 
137.875, 73.875, 3.5417694686087867e-23, nan 
138.125, 73.875, 4.695368684440584e-23, nan 
138.375, 73.875, 3.428417161499124e-23, nan 
138.625, 73.875, 3.9601068908390065e-23, nan 
138.875, 73.875, 4.7141602433083127e-23, nan 
139.125, 73.875, 3.213821241652191e-23, nan 
139.375, 73.875, 2.1608692757813453e-23, nan 
139.625, 73.875, 2.2729300902574968e-23, nan 
139.875, 73.875, 4.42753319100726e-23, nan 
140.125, 73.875, 2.718525577369287e-23, nan 
140.375, 73.875, 3.361725310929829e-23, nan 
140.625, 73.875, 5.485417826211584e-23, nan 
140.875, 73.875, 4.965554345879182e-23, nan 
141.125, 73.875, 2.8415458043799154e-23, nan 
141.375, 73.875, 7.12501474943251e-23, nan 
141.625, 73.875, 8.431678345243022e-23, nan 
141.875, 73.875, 4.958841296160062e-23, nan 
142.125, 73.875, 6.087115770271992e-23, nan 
142.375, 73.875, 6.948202120711663e-23, nan 
142.625, 73.875, 3.6983324131772025e-23, nan 
142.875, 73.875, 2.795266011565392e-23, nan 
143.125, 73.875, 1.3903594124258594e-23, nan 
143.375, 73.875, 1.0333268827167423e-23, nan 
143.625, 73.875, 1.1206296806115179e-23, nan 
143.875, 73.875, 1.9301062718807133e-23, nan 
144.125, 73.875, 2.5955867803956944e-23, nan 
144.375, 73.875, 1.3183714271296964e-23, nan 
144.625, 73.875, 1.857749006258919e-23, nan 
144.875, 73.875, 2.068193769520017e-23, nan 
145.125, 73.875, 1.8714197410650415e-23, nan 
145.375, 73.875, 2.2545238000743292e-23, nan 
145.625, 73.875, 1.525616045655505e-23, nan 
145.875, 73.875, 1.5692286378893598e-23, nan 
146.125, 73.875, 1.4696730483725756e-23, nan 
146.375, 73.875, 1.1814021741019117e-23, nan 
146.625, 73.875, 1.0398633796616927e-23, nan 
146.875, 73.875, 2.002111375016504e-23, nan 
147.125, 73.875, 2.2877256381596023e-23, nan 
147.375, 73.875, 1.6652735121732552e-23, nan 
147.625, 73.875, 1.8526510410539654e-23, nan 
147.875, 73.875, 2.1720332935891086e-23, nan 
148.125, 73.875, 1.8410491297724586e-23, nan 
148.375, 73.875, 1.714332925065434e-23, nan 
148.625, 73.875, 1.033237704844479e-23, nan 
148.875, 73.875, 1.5665716485376225e-23, nan 
149.125, 73.875, 2.3458001049606137e-23, nan 
149.375, 73.875, 1.0560499185204747e-23, nan 
149.625, 73.875, 1.1943669815355957e-23, nan 
149.875, 73.875, 1.7012893439995657e-23, nan 
150.125, 73.875, 5.0742129779272895e-24, nan 
150.375, 73.875, 1.2769886825724578e-23, nan 
150.625, 73.875, 2.300719508756914e-23, nan 
150.875, 73.875, 1.2570577683626752e-23, nan 
151.125, 73.875, 1.7507649310185108e-23, nan 
151.375, 73.875, 2.427493037839187e-23, nan 
151.625, 73.875, 1.890628342110055e-23, nan 
151.875, 73.875, 1.6926027585187265e-23, nan 
152.125, 73.875, 1.6985413479596993e-23, nan 
152.375, 73.875, 1.648306736550115e-23, nan 
152.625, 73.875, 1.2957785919483232e-23, nan 
152.875, 73.875, 1.2384603790041974e-23, nan 
153.125, 73.875, 1.3250968463911446e-23, nan 
153.375, 73.875, 2.1050022872967885e-23, nan 
153.625, 73.875, 2.705386319913263e-23, nan 
153.875, 73.875, 2.3172485948955878e-23, nan 
154.125, 73.875, 2.038505348892845e-23, nan 
154.375, 73.875, 2.4774506220773663e-23, nan 
154.625, 73.875, 2.0563453252083286e-23, nan 
154.875, 73.875, 1.1854379372816172e-23, nan 
155.125, 73.875, 1.1369018623917251e-23, nan 
155.375, 73.875, 1.3054513926654585e-23, nan 
155.625, 73.875, 1.0135206875562815e-23, nan 
155.875, 73.875, 1.0081697723393988e-23, nan 
156.125, 73.875, 1.1214336734054745e-23, nan 
156.375, 73.875, 6.758841645459758e-24, nan 
156.625, 73.875, 4.616719986894393e-24, nan 
156.875, 73.875, 5.5885672200119055e-24, nan 
157.125, 73.875, 6.088472815154596e-24, nan 
157.375, 73.875, 4.3417688546857555e-24, nan 
157.625, 73.875, 5.0115915603039934e-24, nan 
157.875, 73.875, 5.512870947642345e-24, nan 
158.125, 73.875, 3.335044062736778e-24, nan 
158.375, 73.875, 6.032355381400708e-24, nan 
158.625, 73.875, 2.64600065310198e-24, nan 
158.875, 73.875, 3.745174846581318e-24, nan 
159.125, 73.875, 6.628757955261736e-24, nan 
159.375, 73.875, 5.3499788650837954e-24, nan 
159.625, 73.875, 5.431299944380625e-24, nan 
159.875, 73.875, 7.52765471465135e-24, nan 
160.125, 73.875, 9.840429346614666e-24, nan 
160.375, 73.875, 1.2496976780803114e-23, nan 
160.625, 73.875, 1.741247952745967e-23, nan 
160.875, 73.875, 1.9988102723749662e-23, nan 
161.125, 73.875, 2.477431365719852e-23, nan 
161.375, 73.875, 4.4218827706912743e-23, nan 
161.625, 73.875, 4.719027944365522e-23, nan 
161.875, 73.875, 5.478859197711158e-23, nan 
162.125, 73.875, 3.868961615541293e-23, nan 
162.375, 73.875, 2.807439794452444e-23, nan 
162.625, 73.875, 3.3338071128774254e-23, nan 
162.875, 73.875, 3.194938822786793e-23, nan 
163.125, 73.875, 3.535316023334375e-23, nan 
163.375, 73.875, 2.3505265591651305e-23, nan 
163.625, 73.875, 2.1488132958197202e-23, nan 
163.875, 73.875, 3.320971303173773e-23, nan 
164.125, 73.875, 4.577402786516135e-23, nan 
164.375, 73.875, 5.909528943713995e-23, nan 
164.625, 73.875, 4.855885177684151e-23, nan 
164.875, 73.875, 5.408498222108654e-23, nan 
165.125, 73.875, 6.403630639393273e-23, nan 
165.375, 73.875, 3.6980781587550075e-23, nan 
165.625, 73.875, 4.109255410442825e-23, nan 
165.875, 73.875, 2.4820998093291976e-23, nan 
166.125, 73.875, 3.024526167358602e-23, nan 
166.375, 73.875, 2.945416468761268e-23, nan 
166.625, 73.875, 1.630170443847832e-23, nan 
166.875, 73.875, 1.610375763805585e-23, nan 
167.125, 73.875, 8.485844257255902e-24, nan 
167.375, 73.875, 8.613086907381624e-24, nan 
167.625, 73.875, 1.0139428412499115e-23, nan 
167.875, 73.875, 1.3522116991580864e-23, nan 
168.125, 73.875, 1.6328757229858163e-23, nan 
168.375, 73.875, 1.4297326364699328e-23, nan 
168.625, 73.875, 1.4134193891347612e-23, nan 
168.875, 73.875, 1.459492063644649e-23, nan 
169.125, 73.875, 1.3210267414356741e-23, nan 
169.375, 73.875, 8.311519126038075e-24, nan 
169.625, 73.875, 5.807757364912549e-24, nan 
169.875, 73.875, 7.520605298604065e-24, nan 
170.125, 73.875, 6.155901608023698e-24, nan 
170.375, 73.875, 7.900863264080524e-24, nan 
170.625, 73.875, 6.73771979084774e-24, nan 
170.875, 73.875, 4.7176822137203e-24, nan 
171.125, 73.875, 4.2478846095837895e-24, nan 
171.375, 73.875, 4.471424465670889e-24, nan 
171.625, 73.875, 2.732235238723612e-24, nan 
171.875, 73.875, 8.544174364974978e-25, nan 
172.125, 73.875, 9.802118408276177e-25, nan 
172.375, 73.875, 1.7255087728920744e-24, nan 
172.625, 73.875, 2.229597011173247e-24, nan 
172.875, 73.875, 1.6798390773555e-24, nan 
173.125, 73.875, 2.6430933924197346e-24, nan 
173.375, 73.875, 3.376237612005493e-24, nan 
173.625, 73.875, 4.145363388262289e-24, nan 
173.875, 73.875, 3.653431390037321e-24, nan 
174.125, 73.875, 3.116211828097075e-24, nan 
174.375, 73.875, 4.2153055707651e-24, nan 
174.625, 73.875, 3.677187584005649e-24, nan 
174.875, 73.875, 2.4879746042585876e-24, nan 
175.125, 73.875, 4.1328766289987914e-24, nan 
175.375, 73.875, 3.7735030716342355e-24, nan 
175.625, 73.875, 2.2051018819705797e-24, nan 
175.875, 73.875, 2.837258255590067e-24, nan 
176.125, 73.875, 4.8791166518244125e-24, nan 
176.375, 73.875, 3.4852646767518874e-24, nan 
176.625, 73.875, 3.2709094331557503e-24, nan 
176.875, 73.875, 5.878349481946061e-24, nan 
177.125, 73.875, 4.789212387034946e-24, nan 
177.375, 73.875, 5.813463670045236e-24, nan 
25.125, 74.125, 1.0945685610605165e-24, nan 
25.375, 74.125, 1.5561338863003814e-24, nan 
25.625, 74.125, 1.2126284852441506e-24, nan 
25.875, 74.125, 8.788865187370153e-25, nan 
26.125, 74.125, 7.278262830408924e-25, nan 
26.375, 74.125, 4.186258537599302e-25, nan 
26.625, 74.125, 9.879793824396708e-25, nan 
26.875, 74.125, 1.3666179481983832e-24, nan 
27.125, 74.125, 1.5431536638032565e-24, nan 
27.375, 74.125, 1.4528538287470902e-24, nan 
27.625, 74.125, 5.333688024633805e-25, nan 
27.875, 74.125, 7.177780806973967e-25, nan 
28.125, 74.125, 1.4784963580814597e-24, nan 
28.375, 74.125, 1.5462976642498224e-24, nan 
28.625, 74.125, 1.5693763578151626e-24, nan 
28.875, 74.125, 1.1226349706818696e-24, nan 
29.125, 74.125, 6.911265550282596e-25, nan 
29.375, 74.125, 2.1958746566679375e-24, nan 
29.625, 74.125, 2.2266778048781747e-24, nan 
29.875, 74.125, 2.5801549316854964e-24, nan 
30.125, 74.125, 1.7953759480477306e-24, nan 
30.375, 74.125, 1.7555018899413382e-24, nan 
30.625, 74.125, 3.0632672123873065e-24, nan 
30.875, 74.125, 1.3142468624484868e-24, nan 
31.125, 74.125, 1.2459419260645556e-24, nan 
31.375, 74.125, 1.9223812433161088e-24, nan 
31.625, 74.125, 2.2446026080444222e-24, nan 
31.875, 74.125, 4.5365863822657515e-24, nan 
32.125, 74.125, 3.4287718017367675e-24, nan 
32.375, 74.125, 2.8080144742158005e-24, nan 
32.625, 74.125, 3.912765339465931e-24, nan 
32.875, 74.125, 2.1974503677977955e-24, nan 
33.125, 74.125, 3.325038115118495e-24, nan 
33.375, 74.125, 3.9440806799158156e-24, nan 
33.625, 74.125, 3.1916178455472733e-24, nan 
33.875, 74.125, 4.278270963198075e-24, nan 
34.125, 74.125, 4.678840076302859e-24, nan 
34.375, 74.125, 3.874076368180331e-24, nan 
34.625, 74.125, 4.099648177930695e-24, nan 
34.875, 74.125, 4.8023604848310095e-24, nan 
35.125, 74.125, 1.735333976010498e-24, nan 
35.375, 74.125, 2.0153369974996255e-24, nan 
35.625, 74.125, 3.959178501243688e-24, nan 
35.875, 74.125, 2.8914958787091765e-24, nan 
36.125, 74.125, 3.146814587664614e-24, nan 
36.375, 74.125, 3.269936912279806e-24, nan 
36.625, 74.125, 2.351573956633435e-24, nan 
36.875, 74.125, 3.1412972038208364e-24, nan 
37.125, 74.125, 1.9360304391494793e-24, nan 
37.375, 74.125, 1.8193600930961202e-24, nan 
37.625, 74.125, 2.5621739773422583e-24, nan 
37.875, 74.125, 2.808666792428014e-24, nan 
38.125, 74.125, 2.185402924235543e-24, nan 
38.375, 74.125, 1.242344240540122e-24, nan 
38.625, 74.125, 4.999090021152543e-24, nan 
38.875, 74.125, 4.1794423088326815e-24, nan 
39.125, 74.125, 1.8956999336466664e-24, nan 
39.375, 74.125, 3.1112650968016454e-24, nan 
39.625, 74.125, 2.7662924934497086e-24, nan 
39.875, 74.125, 2.1090425090999863e-24, nan 
40.125, 74.125, 1.3779869342267007e-24, nan 
40.375, 74.125, 1.681158522264993e-24, nan 
40.625, 74.125, 3.65352945733566e-24, nan 
40.875, 74.125, 1.5666322569785703e-24, nan 
41.125, 74.125, 1.6303051886678501e-24, nan 
41.375, 74.125, 2.276440953487901e-24, nan 
41.625, 74.125, 1.9699573020733204e-24, nan 
41.875, 74.125, 3.5032152286072476e-24, nan 
42.125, 74.125, 2.7630255025278926e-24, nan 
42.375, 74.125, 3.8856545192123445e-24, nan 
42.625, 74.125, 5.6985704615491206e-24, nan 
42.875, 74.125, 6.762662110622792e-24, nan 
43.125, 74.125, 6.129354568152749e-24, nan 
43.375, 74.125, 1.029935724263e-23, nan 
43.625, 74.125, 1.3386023342182155e-23, nan 
43.875, 74.125, 8.163657738969154e-24, nan 
44.125, 74.125, 7.494194809535688e-24, nan 
44.375, 74.125, 1.2581544845374166e-23, nan 
44.625, 74.125, 6.64202326209963e-24, nan 
44.875, 74.125, 4.0197158458310754e-24, nan 
45.125, 74.125, 2.905827023932724e-24, nan 
45.375, 74.125, 4.085200895725027e-24, nan 
45.625, 74.125, 2.2712274203091924e-24, nan 
45.875, 74.125, 3.0846702341496673e-24, nan 
46.125, 74.125, 2.827141650441104e-24, nan 
46.375, 74.125, 1.840433060759679e-24, nan 
46.625, 74.125, 5.657699040561278e-24, nan 
46.875, 74.125, 7.511344545382257e-24, nan 
47.125, 74.125, 5.777507435823742e-24, nan 
47.375, 74.125, 7.903158580304875e-24, nan 
47.625, 74.125, 8.471973227110893e-24, nan 
47.875, 74.125, 6.401491916672492e-24, nan 
48.125, 74.125, 4.197635764559233e-24, nan 
48.375, 74.125, 3.124632525286501e-24, nan 
48.625, 74.125, 5.5392981315738656e-24, nan 
48.875, 74.125, 4.063169186044016e-24, nan 
49.125, 74.125, 1.8809076336783977e-24, nan 
49.375, 74.125, 8.164086614686937e-24, nan 
49.625, 74.125, 7.833758766577335e-24, nan 
49.875, 74.125, 3.3237336378270505e-24, nan 
50.125, 74.125, 6.4106629351511736e-24, nan 
50.375, 74.125, 1.1596364620575954e-23, nan 
50.625, 74.125, 1.0834998869805629e-23, nan 
50.875, 74.125, 5.817326781885814e-24, nan 
51.125, 74.125, 1.5638001924798796e-23, nan 
51.375, 74.125, 1.6776057697062102e-23, nan 
51.625, 74.125, 6.786200188320392e-24, nan 
51.875, 74.125, 1.2272096226714086e-23, nan 
52.125, 74.125, 8.813813653637643e-24, nan 
52.375, 74.125, 5.994580883851329e-24, nan 
52.625, 74.125, 1.4004392925099157e-23, nan 
52.875, 74.125, 9.470200411636083e-24, nan 
53.125, 74.125, 6.5792065443819395e-24, nan 
53.375, 74.125, 9.259100862524953e-24, nan 
53.625, 74.125, 9.003038360897322e-24, nan 
53.875, 74.125, 5.900109622456615e-24, nan 
54.125, 74.125, 1.0988643761616897e-23, nan 
54.375, 74.125, 7.081423053908471e-24, nan 
54.625, 74.125, 8.961694016701408e-24, nan 
54.875, 74.125, 1.0199697380754097e-23, nan 
55.125, 74.125, 1.0821421399937393e-23, nan 
55.375, 74.125, 1.1793750371104134e-23, nan 
55.625, 74.125, 1.6277783273346504e-23, nan 
55.875, 74.125, 1.6183460327068714e-23, nan 
56.125, 74.125, 2.019846844415943e-23, nan 
56.375, 74.125, 1.7978963544633703e-23, nan 
56.625, 74.125, 2.33502018555096e-23, nan 
56.875, 74.125, 2.789541972856694e-23, nan 
57.125, 74.125, 2.1208318103976693e-23, nan 
57.375, 74.125, 2.5791814697677886e-23, nan 
57.625, 74.125, 2.3734093975423425e-23, nan 
57.875, 74.125, 1.9486446213445272e-23, nan 
58.125, 74.125, 6.762221573636774e-24, nan 
58.375, 74.125, 6.201222488242923e-24, nan 
58.625, 74.125, 1.0668504247794886e-23, nan 
58.875, 74.125, 1.806707272417678e-23, nan 
59.125, 74.125, 1.901838154203895e-23, nan 
59.375, 74.125, 2.645768328488261e-23, nan 
59.625, 74.125, 2.2183768833374813e-23, nan 
59.875, 74.125, 2.264728807108288e-23, nan 
60.125, 74.125, 2.3861853378394246e-23, nan 
60.375, 74.125, 2.6041523254103334e-23, nan 
60.625, 74.125, 2.706747299737076e-23, nan 
60.875, 74.125, 2.3733158524387483e-23, nan 
61.125, 74.125, 3.061249364025618e-23, nan 
61.375, 74.125, 2.1888470029349276e-23, nan 
61.625, 74.125, 2.2418958915966196e-23, nan 
61.875, 74.125, 1.6260519744800443e-23, nan 
62.125, 74.125, 2.2506763251908643e-23, nan 
62.375, 74.125, 2.438268420132935e-23, nan 
62.625, 74.125, 2.808863523007527e-23, nan 
62.875, 74.125, 2.894933295422674e-23, nan 
63.125, 74.125, 3.332384591544708e-23, nan 
63.375, 74.125, 4.717400166991194e-23, nan 
63.625, 74.125, 3.3323576960161874e-23, nan 
63.875, 74.125, 2.428861751840961e-23, nan 
64.125, 74.125, 3.25041685581386e-23, nan 
64.375, 74.125, 3.320627618995387e-23, nan 
64.625, 74.125, 5.594922108091903e-23, nan 
64.875, 74.125, 6.754630545486159e-23, nan 
65.125, 74.125, 6.050487723924004e-23, nan 
65.375, 74.125, 6.357909175590248e-23, nan 
65.625, 74.125, 6.679925447547657e-23, nan 
65.875, 74.125, 5.9558547434811e-23, nan 
66.125, 74.125, 2.0736420915209516e-22, nan 
66.375, 74.125, 2.5289121198273456e-22, nan 
66.625, 74.125, 7.670232837054076e-23, nan 
66.875, 74.125, 3.815799529546729e-22, nan 
67.125, 74.125, 4.706347697319917e-22, nan 
67.375, 74.125, 1.1496130579551485e-22, nan 
67.625, 74.125, 2.208289453063211e-22, nan 
67.875, 74.125, 2.5842095167475843e-22, nan 
68.125, 74.125, 4.6633633040547924e-23, nan 
68.375, 74.125, 5.2420640869421043e-23, nan 
68.625, 74.125, 5.830278785016075e-23, nan 
68.875, 74.125, 9.389011435387371e-23, nan 
69.125, 74.125, 1.3907923723079463e-22, nan 
69.375, 74.125, 1.7160786798725739e-22, nan 
69.625, 74.125, 1.5929045423443846e-22, nan 
69.875, 74.125, 1.7545843641452944e-22, nan 
70.125, 74.125, 1.9343175963875753e-22, nan 
70.375, 74.125, 1.4263490826123562e-22, nan 
70.625, 74.125, 9.613524724017106e-23, nan 
70.875, 74.125, 8.869604454639627e-23, nan 
71.125, 74.125, 6.725004045262859e-23, nan 
71.375, 74.125, 4.895799983367423e-23, nan 
71.625, 74.125, 3.20775574687203e-23, nan 
71.875, 74.125, 8.818134655403737e-23, nan 
72.125, 74.125, 7.296956664622862e-23, nan 
72.375, 74.125, 2.6205993825862044e-23, nan 
72.625, 74.125, 8.588154511059261e-23, nan 
72.875, 74.125, 6.751842241095259e-23, nan 
73.125, 74.125, 7.280582610206883e-23, nan 
73.375, 74.125, 7.158605026880514e-23, nan 
73.625, 74.125, 6.797373601754516e-23, nan 
73.875, 74.125, 7.169346005763094e-23, nan 
74.125, 74.125, 1.3156296430228366e-22, nan 
74.375, 74.125, 1.5108398892539535e-22, nan 
74.625, 74.125, 1.7237476357602287e-22, nan 
74.875, 74.125, 1.9629446879539722e-22, nan 
75.125, 74.125, 2.5002739548528634e-22, nan 
75.375, 74.125, 2.7651855081556015e-22, nan 
75.625, 74.125, 2.6273158373242127e-22, nan 
75.875, 74.125, 2.691190620096974e-22, nan 
76.125, 74.125, 3.2308076510846384e-22, nan 
76.375, 74.125, 3.8515132854988765e-22, nan 
76.625, 74.125, 3.334108203267614e-22, nan 
76.875, 74.125, 1.0523821443416365e-21, nan 
77.125, 74.125, 9.34554563546677e-22, nan 
77.375, 74.125, 9.609921730380618e-22, nan 
77.625, 74.125, 1.6645876767265246e-21, nan 
77.875, 74.125, 1.3816976474607115e-21, nan 
78.125, 74.125, 1.4460289978523556e-21, nan 
78.375, 74.125, 9.108011976358532e-22, nan 
78.625, 74.125, 1.2974626955191492e-21, nan 
78.875, 74.125, 1.6568953021284641e-21, nan 
79.125, 74.125, 2.1760308621310435e-21, nan 
79.375, 74.125, 1.5145212585819606e-21, nan 
79.625, 74.125, 1.5738910376379337e-21, nan 
79.875, 74.125, 1.8808018322388168e-21, nan 
80.125, 74.125, 1.2624258133923834e-21, nan 
80.375, 74.125, 1.4873379730433808e-21, nan 
80.625, 74.125, 2.913176751207186e-22, nan 
80.875, 74.125, 1.3194356689202632e-21, nan 
81.125, 74.125, 2.5324783484429193e-21, nan 
81.375, 74.125, 3.2969717004518214e-22, nan 
81.625, 74.125, 8.094970839147457e-22, nan 
81.875, 74.125, 1.5183692320035293e-21, nan 
82.125, 74.125, 4.143956470985665e-22, nan 
82.375, 74.125, 6.1485367519990915e-22, nan 
82.625, 74.125, 5.965601587547313e-22, nan 
82.875, 74.125, 4.479510112864328e-22, nan 
83.125, 74.125, 4.1763966953816484e-22, nan 
83.375, 74.125, 3.1436639255044806e-22, nan 
83.625, 74.125, 6.45450996041512e-22, nan 
83.875, 74.125, 1.239161272737543e-21, nan 
84.125, 74.125, 1.4708355659739128e-21, nan 
84.375, 74.125, 1.6312304951216857e-21, nan 
84.625, 74.125, 1.5685311789009221e-21, nan 
84.875, 74.125, 1.770280637565737e-21, nan 
85.125, 74.125, 1.693486295915966e-21, nan 
85.375, 74.125, 1.5706430657189475e-21, nan 
85.625, 74.125, 1.0681513810565882e-21, nan 
85.875, 74.125, 7.517947969710833e-22, nan 
86.125, 74.125, 5.409324494262853e-22, nan 
86.375, 74.125, 7.545225902862711e-22, nan 
86.625, 74.125, 8.779012857142168e-22, nan 
86.875, 74.125, 1.3295637979727387e-21, nan 
87.125, 74.125, 2.107640120171739e-21, nan 
87.375, 74.125, 9.747006735455485e-22, nan 
87.625, 74.125, 1.8315900418053484e-21, nan 
87.875, 74.125, 4.464723126311597e-21, nan 
88.125, 74.125, 3.055193830057413e-21, nan 
88.375, 74.125, 3.156760684443033e-21, nan 
88.625, 74.125, 3.820498561734855e-21, nan 
88.875, 74.125, 4.683468052634066e-21, nan 
89.125, 74.125, 4.170416700992883e-21, nan 
89.375, 74.125, 2.1126216951655097e-21, nan 
89.625, 74.125, 3.1661371870618676e-21, nan 
89.875, 74.125, 3.811941223679339e-21, nan 
90.125, 74.125, 2.24441140809489e-21, nan 
90.375, 74.125, 3.796218854203609e-21, nan 
90.625, 74.125, 5.252651479136462e-21, nan 
90.875, 74.125, 3.729597429433153e-21, nan 
91.125, 74.125, 3.478975504776092e-21, nan 
91.375, 74.125, 4.0248886459357245e-21, nan 
91.625, 74.125, 3.341466739223234e-21, nan 
91.875, 74.125, 3.964494517837751e-21, nan 
92.125, 74.125, 5.3037753833258805e-21, nan 
92.375, 74.125, 5.859327886368783e-21, nan 
92.625, 74.125, 6.1787478463178326e-21, nan 
92.875, 74.125, 4.1114722702813125e-21, nan 
93.125, 74.125, 3.0996221638079413e-21, nan 
93.375, 74.125, 2.4903965833327135e-21, nan 
93.625, 74.125, 2.6214270793434988e-21, nan 
93.875, 74.125, 6.222370623447466e-21, nan 
94.125, 74.125, 5.790001892450776e-21, nan 
94.375, 74.125, 4.918029904382657e-20, nan 
94.625, 74.125, 4.796845854759864e-20, nan 
94.875, 74.125, 2.4035267145244368e-20, nan 
95.125, 74.125, 9.109986059692347e-20, nan 
95.375, 74.125, 9.408849661501658e-20, nan 
95.625, 74.125, 4.2065681209559083e-20, nan 
95.875, 74.125, 4.8510414510603693e-20, nan 
96.125, 74.125, 5.3091777923315776e-20, nan 
96.375, 74.125, 3.610963764309303e-20, nan 
96.625, 74.125, 7.928262818798827e-20, nan 
96.875, 74.125, 8.306123529680033e-20, nan 
97.125, 74.125, 5.412577391214422e-20, nan 
97.375, 74.125, 9.77910033210536e-20, nan 
97.625, 74.125, 9.714763221907855e-20, nan 
97.875, 74.125, 6.757842739743891e-20, nan 
98.125, 74.125, 7.133449078970623e-20, nan 
98.375, 74.125, 7.121395620259371e-20, nan 
98.625, 74.125, 7.11317973525851e-20, nan 
98.875, 74.125, 4.811479906092869e-20, nan 
99.125, 74.125, 2.786382668384669e-20, nan 
99.375, 74.125, 1.5705721601985864e-20, nan 
99.625, 74.125, 1.9874761242187025e-20, nan 
99.875, 74.125, 2.690076260797308e-20, nan 
100.125, 74.125, 2.16505856855545e-20, nan 
100.375, 74.125, 1.7533963782964368e-20, nan 
100.625, 74.125, 4.303609720657729e-20, nan 
100.875, 74.125, 3.4110558005526865e-20, nan 
101.125, 74.125, 1.5679325362891248e-20, nan 
101.375, 74.125, 3.274758250661098e-20, nan 
101.625, 74.125, 4.1552381980067463e-20, nan 
101.875, 74.125, 4.912696306688067e-20, nan 
102.125, 74.125, 4.0679988452445363e-20, nan 
102.375, 74.125, 3.711782600598488e-20, nan 
102.625, 74.125, 4.4073198982871214e-20, nan 
102.875, 74.125, 3.330557396242278e-20, nan 
103.125, 74.125, 2.4709631141236728e-20, nan 
103.375, 74.125, 2.6172300942774352e-20, nan 
103.625, 74.125, 2.5943237781254414e-20, nan 
103.875, 74.125, 1.6106611646387385e-20, nan 
104.125, 74.125, 1.3208967061160043e-20, nan 
104.375, 74.125, 1.1773604570530487e-20, nan 
104.625, 74.125, 1.5490267971079164e-20, nan 
104.875, 74.125, 1.5708082705461957e-20, nan 
105.125, 74.125, 5.64460824793269e-20, nan 
105.375, 74.125, 3.187156204869356e-20, nan 
105.625, 74.125, 1.5409204387956965e-20, nan 
105.875, 74.125, 7.831372972417217e-21, nan 
106.125, 74.125, 5.2843691915994846e-21, nan 
106.375, 74.125, 7.271413676078476e-21, nan 
106.625, 74.125, 1.1772239189173137e-20, nan 
106.875, 74.125, 2.0227626145659747e-20, nan 
107.125, 74.125, 7.396559171346804e-21, nan 
107.375, 74.125, 1.09743182514139e-20, nan 
107.625, 74.125, 1.4673834896477604e-20, nan 
107.875, 74.125, 7.041244561891131e-21, nan 
108.125, 74.125, 4.3115243180720356e-21, nan 
108.375, 74.125, 6.695571996884783e-21, nan 
108.625, 74.125, 1.1218219645589149e-20, nan 
108.875, 74.125, 3.3663224275214314e-21, nan 
109.125, 74.125, 3.0879763148657017e-21, nan 
109.375, 74.125, 8.437980461538508e-21, nan 
109.625, 74.125, 8.182374204625053e-21, nan 
109.875, 74.125, 3.417635443354221e-21, nan 
110.125, 74.125, 5.6933746828485785e-21, nan 
110.375, 74.125, 6.841253340672327e-21, nan 
110.625, 74.125, 5.3919534472922376e-21, nan 
110.875, 74.125, 3.596619174879575e-21, nan 
111.125, 74.125, 5.389730375417087e-21, nan 
111.375, 74.125, 5.93140616598406e-21, nan 
111.625, 74.125, 3.949685402953399e-21, nan 
111.875, 74.125, 4.7390822235735256e-21, nan 
112.125, 74.125, 5.252898843531988e-21, nan 
112.375, 74.125, 3.242266073087541e-21, nan 
112.625, 74.125, 1.8321068271720423e-21, nan 
112.875, 74.125, 3.1989485368325673e-21, nan 
113.125, 74.125, 5.401730451607369e-21, nan 
113.375, 74.125, 5.792772985607372e-21, nan 
113.625, 74.125, 2.4067747721549017e-21, nan 
113.875, 74.125, 3.3094212633230883e-21, nan 
114.125, 74.125, 2.6831352478712255e-21, nan 
114.375, 74.125, 3.447918759181158e-21, nan 
114.625, 74.125, 3.3448173719152095e-21, nan 
114.875, 74.125, 3.0260410947089094e-21, nan 
115.125, 74.125, 3.417057238642228e-21, nan 
115.375, 74.125, 1.9914763768473016e-21, nan 
115.625, 74.125, 1.4925906322087696e-21, nan 
115.875, 74.125, 1.894834260091929e-21, nan 
116.125, 74.125, 8.876467074571872e-22, nan 
116.375, 74.125, 1.0629739055125712e-21, nan 
116.625, 74.125, 1.0007962282440325e-21, nan 
116.875, 74.125, 2.141568009259182e-22, nan 
117.125, 74.125, 8.320389984848679e-22, nan 
117.375, 74.125, 1.2978614473104115e-21, nan 
117.625, 74.125, 2.2042328555439365e-22, nan 
117.875, 74.125, 8.996209218047646e-22, nan 
118.125, 74.125, 1.2612144294202333e-21, nan 
118.375, 74.125, 7.733061532134777e-22, nan 
118.625, 74.125, 7.827090632602954e-22, nan 
118.875, 74.125, 8.895528090192538e-22, nan 
119.125, 74.125, 7.198253757422586e-22, nan 
119.375, 74.125, 5.834051754396304e-22, nan 
119.625, 74.125, 8.88639341102383e-22, nan 
119.875, 74.125, 8.538044861273536e-22, nan 
120.125, 74.125, 2.3997392554638815e-21, nan 
120.375, 74.125, 1.992304162336961e-21, nan 
120.625, 74.125, 1.3757110617863057e-21, nan 
120.875, 74.125, 3.450976988891588e-21, nan 
121.125, 74.125, 2.6332406192311437e-21, nan 
121.375, 74.125, 1.6256564736380418e-21, nan 
121.625, 74.125, 1.6371949914157297e-21, nan 
121.875, 74.125, 1.6528615247915233e-21, nan 
122.125, 74.125, 1.3264046688414962e-21, nan 
122.375, 74.125, 1.1752707635264412e-21, nan 
122.625, 74.125, 6.256187776954717e-22, nan 
122.875, 74.125, 5.1922850550402655e-22, nan 
123.125, 74.125, 9.546070385310313e-22, nan 
123.375, 74.125, 6.534850616980741e-22, nan 
123.625, 74.125, 5.814262950526236e-22, nan 
123.875, 74.125, 4.797837582814196e-22, nan 
124.125, 74.125, 4.322828779620624e-22, nan 
124.375, 74.125, 8.821499117821639e-22, nan 
124.625, 74.125, 7.518355693356278e-22, nan 
124.875, 74.125, 6.441473372603889e-22, nan 
125.125, 74.125, 8.364094437423758e-22, nan 
125.375, 74.125, 6.898329523292042e-22, nan 
125.625, 74.125, 3.0735627741528655e-22, nan 
125.875, 74.125, 6.549666768190329e-23, nan 
126.125, 74.125, 7.577859627098708e-23, nan 
126.375, 74.125, 9.802252559223914e-23, nan 
126.625, 74.125, 5.395501856398402e-23, nan 
126.875, 74.125, 1.172884553716474e-22, nan 
127.125, 74.125, 1.2507376407108118e-22, nan 
127.375, 74.125, 1.6689901272320588e-22, nan 
127.625, 74.125, 2.4182316925635416e-22, nan 
127.875, 74.125, 1.0176816251766137e-22, nan 
128.125, 74.125, 9.009996198237498e-23, nan 
128.375, 74.125, 2.3407951041519237e-22, nan 
128.625, 74.125, 2.5274464822586693e-22, nan 
128.875, 74.125, 3.4950921036883987e-22, nan 
129.125, 74.125, 2.763685930881928e-22, nan 
129.375, 74.125, 2.611738386109961e-22, nan 
129.625, 74.125, 3.0256703013562086e-22, nan 
129.875, 74.125, 2.0885136416770217e-22, nan 
130.125, 74.125, 1.899716347255645e-22, nan 
130.375, 74.125, 1.2895263361747562e-22, nan 
130.625, 74.125, 1.3811454967937758e-22, nan 
130.875, 74.125, 1.4476399420772989e-22, nan 
131.125, 74.125, 1.0490385351966868e-22, nan 
131.375, 74.125, 5.510946061040947e-23, nan 
131.625, 74.125, 7.584260338650148e-23, nan 
131.875, 74.125, 1.3046731869183313e-22, nan 
132.125, 74.125, 1.7895038046162674e-22, nan 
132.375, 74.125, 9.089432750187843e-23, nan 
132.625, 74.125, 1.1476021299453483e-22, nan 
132.875, 74.125, 1.5131277583339182e-22, nan 
133.125, 74.125, 6.819975848328165e-23, nan 
133.375, 74.125, 5.1508499661883553e-23, nan 
133.625, 74.125, 3.4719227298387464e-23, nan 
133.875, 74.125, 4.8487276453737065e-23, nan 
134.125, 74.125, 4.5106396004084875e-23, nan 
134.375, 74.125, 3.671351998669957e-23, nan 
134.625, 74.125, 3.700848846298185e-23, nan 
134.875, 74.125, 3.895348035020429e-23, nan 
135.125, 74.125, 6.41793508405873e-23, nan 
135.375, 74.125, 5.856640580187151e-23, nan 
135.625, 74.125, 5.021781873652314e-23, nan 
135.875, 74.125, 5.33953977497902e-23, nan 
136.125, 74.125, 4.803219726555518e-23, nan 
136.375, 74.125, 4.416366299601997e-23, nan 
136.625, 74.125, 4.821591037785949e-23, nan 
136.875, 74.125, 4.9140527924306526e-23, nan 
137.125, 74.125, 5.349468645931678e-23, nan 
137.375, 74.125, 4.8957380295957403e-23, nan 
137.625, 74.125, 4.478907771049828e-23, nan 
137.875, 74.125, 4.1578893805670875e-23, nan 
138.125, 74.125, 4.571514398862967e-23, nan 
138.375, 74.125, 3.4509942647939654e-23, nan 
138.625, 74.125, 2.040097215935539e-23, nan 
138.875, 74.125, 2.5453024311291214e-23, nan 
139.125, 74.125, 1.774379075457293e-23, nan 
139.375, 74.125, 2.855226764409931e-23, nan 
139.625, 74.125, 2.2997208405797834e-23, nan 
139.875, 74.125, 1.4017840821518827e-23, nan 
140.125, 74.125, 5.423702098687881e-23, nan 
140.375, 74.125, 4.842953389491066e-23, nan 
140.625, 74.125, 1.721922973518055e-23, nan 
140.875, 74.125, 6.290463218756186e-23, nan 
141.125, 74.125, 6.258619856699644e-23, nan 
141.375, 74.125, 5.466394136481926e-23, nan 
141.625, 74.125, 6.20592408402675e-23, nan 
141.875, 74.125, 5.0495132151272654e-23, nan 
142.125, 74.125, 4.8299223278713307e-23, nan 
142.375, 74.125, 2.855687386850769e-23, nan 
142.625, 74.125, 1.8036687520962757e-23, nan 
142.875, 74.125, 1.8898346445531303e-23, nan 
143.125, 74.125, 7.876625965469323e-24, nan 
143.375, 74.125, 1.2645676720863444e-23, nan 
143.625, 74.125, 1.9152541367456438e-23, nan 
143.875, 74.125, 1.7597516674494435e-23, nan 
144.125, 74.125, 1.9256735619705614e-23, nan 
144.375, 74.125, 1.957536514601132e-23, nan 
144.625, 74.125, 2.4253619147042895e-23, nan 
144.875, 74.125, 1.9941670040749044e-23, nan 
145.125, 74.125, 2.1124015040482692e-23, nan 
145.375, 74.125, 2.548681404709155e-23, nan 
145.625, 74.125, 2.0724834683630928e-23, nan 
145.875, 74.125, 1.576349128192495e-23, nan 
146.125, 74.125, 1.176657057420132e-23, nan 
146.375, 74.125, 1.2200191357867504e-23, nan 
146.625, 74.125, 1.3186448824939822e-23, nan 
146.875, 74.125, 1.2618050415737222e-23, nan 
147.125, 74.125, 1.564915652218485e-23, nan 
147.375, 74.125, 1.3229902681020514e-23, nan 
147.625, 74.125, 6.001114454519437e-24, nan 
147.875, 74.125, 1.1581916109576376e-23, nan 
148.125, 74.125, 8.26529241475827e-24, nan 
148.375, 74.125, 1.0999979699190071e-23, nan 
148.625, 74.125, 1.4745321918865043e-23, nan 
148.875, 74.125, 1.1443753111370495e-23, nan 
149.125, 74.125, 1.4064145942217488e-23, nan 
149.375, 74.125, 1.4112624296340606e-23, nan 
149.625, 74.125, 7.436121405742185e-24, nan 
149.875, 74.125, 7.412966418275185e-24, nan 
150.125, 74.125, 3.408299923103198e-24, nan 
150.375, 74.125, 2.186318178372783e-24, nan 
150.625, 74.125, 4.866890602147475e-24, nan 
150.875, 74.125, 5.971711608530701e-24, nan 
151.125, 74.125, 1.2798689667727456e-23, nan 
151.375, 74.125, 2.0319736631060988e-23, nan 
151.625, 74.125, 2.302878708248075e-23, nan 
151.875, 74.125, 2.4623826261608805e-23, nan 
152.125, 74.125, 2.1783572561317883e-23, nan 
152.375, 74.125, 2.2630832564564065e-23, nan 
152.625, 74.125, 2.1312063655226906e-23, nan 
152.875, 74.125, 1.3826065033516462e-23, nan 
153.125, 74.125, 1.3782165417290024e-23, nan 
153.375, 74.125, 1.98527985126208e-23, nan 
153.625, 74.125, 2.4236797011543938e-23, nan 
153.875, 74.125, 2.0330015516678407e-23, nan 
154.125, 74.125, 1.963986640829204e-23, nan 
154.375, 74.125, 2.1113211316661262e-23, nan 
154.625, 74.125, 1.788532960051165e-23, nan 
154.875, 74.125, 1.34666501390327e-23, nan 
155.125, 74.125, 1.1199544512090471e-23, nan 
155.375, 74.125, 1.0357702199112647e-23, nan 
155.625, 74.125, 1.1971492374830663e-23, nan 
155.875, 74.125, 9.15463123373769e-24, nan 
156.125, 74.125, 8.715555493158675e-24, nan 
156.375, 74.125, 8.841131751131348e-24, nan 
156.625, 74.125, 5.844466853836819e-24, nan 
156.875, 74.125, 6.236931087319343e-24, nan 
157.125, 74.125, 5.1962230250888724e-24, nan 
157.375, 74.125, 3.790640562040442e-24, nan 
157.625, 74.125, 4.221278362443068e-24, nan 
157.875, 74.125, 4.1384324523520516e-24, nan 
158.125, 74.125, 3.696229558042333e-24, nan 
158.375, 74.125, 3.7890769855594e-24, nan 
158.625, 74.125, 1.594588505728846e-24, nan 
158.875, 74.125, 2.2484935939667937e-24, nan 
159.125, 74.125, 4.7677274412286146e-24, nan 
159.375, 74.125, 4.9369712033330845e-24, nan 
159.625, 74.125, 4.958663031269181e-24, nan 
159.875, 74.125, 5.467654621647558e-24, nan 
160.125, 74.125, 6.137818823354984e-24, nan 
160.375, 74.125, 8.386412714960243e-24, nan 
160.625, 74.125, 9.333754980265015e-24, nan 
160.875, 74.125, 1.5516510658441453e-23, nan 
161.125, 74.125, 2.652604170535884e-23, nan 
161.375, 74.125, 3.1451666858991183e-23, nan 
161.625, 74.125, 1.7826035069612287e-23, nan 
161.875, 74.125, 3.260019114378285e-23, nan 
162.125, 74.125, 3.06793591425983e-23, nan 
162.375, 74.125, 1.3675462042019533e-23, nan 
162.625, 74.125, 4.361205775243634e-23, nan 
162.875, 74.125, 3.3888782440740296e-23, nan 
163.125, 74.125, 1.620351697050083e-23, nan 
163.375, 74.125, 3.2087142155227164e-23, nan 
163.625, 74.125, 3.158630753914802e-23, nan 
163.875, 74.125, 1.5372200886665608e-23, nan 
164.125, 74.125, 1.8745895982623935e-23, nan 
164.375, 74.125, 2.690689331889925e-23, nan 
164.625, 74.125, 2.2900936325194333e-23, nan 
164.875, 74.125, 3.261077123087563e-23, nan 
165.125, 74.125, 3.6653861816361947e-23, nan 
165.375, 74.125, 3.087583793649761e-23, nan 
165.625, 74.125, 3.217502249719057e-23, nan 
165.875, 74.125, 2.0372767749082962e-23, nan 
166.125, 74.125, 2.653427175957566e-23, nan 
166.375, 74.125, 2.647374352465284e-23, nan 
166.625, 74.125, 1.5274715934001833e-23, nan 
166.875, 74.125, 1.759948991034005e-23, nan 
167.125, 74.125, 2.4674350322318814e-23, nan 
167.375, 74.125, 1.317681658597914e-23, nan 
167.625, 74.125, 1.4125460631298908e-23, nan 
167.875, 74.125, 1.415404603034162e-23, nan 
168.125, 74.125, 2.0816647664635344e-23, nan 
168.375, 74.125, 1.8188164770235324e-23, nan 
168.625, 74.125, 1.1846007607955244e-23, nan 
168.875, 74.125, 1.419001449752373e-23, nan 
169.125, 74.125, 1.3690736858732347e-23, nan 
169.375, 74.125, 9.677949373309126e-24, nan 
169.625, 74.125, 6.57100527272419e-24, nan 
169.875, 74.125, 9.378865899372694e-24, nan 
170.125, 74.125, 8.45461315760788e-24, nan 
170.375, 74.125, 6.019599328556369e-24, nan 
170.625, 74.125, 5.816963248348275e-24, nan 
170.875, 74.125, 4.376400502875845e-24, nan 
171.125, 74.125, 2.4961714701381398e-24, nan 
171.375, 74.125, 3.4946098690907836e-24, nan 
171.625, 74.125, 3.7768117619885555e-24, nan 
171.875, 74.125, 3.2736549131790935e-24, nan 
172.125, 74.125, 3.607646577674661e-24, nan 
172.375, 74.125, 4.8599687195413606e-24, nan 
172.625, 74.125, 6.501889519090993e-24, nan 
172.875, 74.125, 3.391872597279321e-24, nan 
173.125, 74.125, 3.310166924491921e-24, nan 
173.375, 74.125, 4.047479759808373e-24, nan 
173.625, 74.125, 3.2928320912531132e-24, nan 
173.875, 74.125, 2.7436944392993494e-24, nan 
174.125, 74.125, 2.6733190423527917e-24, nan 
174.375, 74.125, 3.2132487896365128e-24, nan 
174.625, 74.125, 2.9063871265272065e-24, nan 
174.875, 74.125, 2.4125118367497838e-24, nan 
175.125, 74.125, 3.235387035822301e-24, nan 
175.375, 74.125, 3.674353739410868e-24, nan 
175.625, 74.125, 2.4399589990966268e-24, nan 
175.875, 74.125, 2.498523510379012e-24, nan 
176.125, 74.125, 3.4104859366530194e-24, nan 
176.375, 74.125, 3.054630480205571e-24, nan 
176.625, 74.125, 3.4087738198391195e-24, nan 
176.875, 74.125, 4.096029928840511e-24, nan 
177.125, 74.125, 3.2386536056802417e-24, nan 
177.375, 74.125, 3.328716237579379e-24, nan 
177.625, 74.125, 2.612644729647857e-24, nan 
24.875, 74.375, 7.574756340834326e-25, nan 
25.125, 74.375, 7.484384248635404e-25, nan 
25.375, 74.375, 9.435379925121469e-25, nan 
25.625, 74.375, 9.894322917615726e-25, nan 
25.875, 74.375, 1.1384246877418801e-24, nan 
26.125, 74.375, 8.41704869124462e-25, nan 
26.375, 74.375, 6.670507839844729e-25, nan 
26.625, 74.375, 1.1192160990827895e-24, nan 
26.875, 74.375, 9.167431771906198e-25, nan 
27.125, 74.375, 4.225436933891284e-25, nan 
27.375, 74.375, 1.1952278770825179e-24, nan 
27.625, 74.375, 1.054716572326152e-24, nan 
27.875, 74.375, 6.180998797333867e-25, nan 
28.125, 74.375, 9.67116735770158e-25, nan 
28.375, 74.375, 8.0259264422107885e-25, nan 
28.625, 74.375, 1.8566861946990114e-24, nan 
28.875, 74.375, 6.829760804300095e-25, nan 
29.125, 74.375, 1.1940655686131928e-24, nan 
29.375, 74.375, 2.415963413529916e-24, nan 
29.625, 74.375, 1.057036639910184e-24, nan 
29.875, 74.375, 1.293314616411481e-24, nan 
30.125, 74.375, 6.900289393894439e-25, nan 
30.375, 74.375, 9.717533293913638e-25, nan 
30.625, 74.375, 1.923531616714609e-24, nan 
30.875, 74.375, 1.2168035573642128e-24, nan 
31.125, 74.375, 1.7872726075234418e-24, nan 
31.375, 74.375, 1.7586380217026045e-24, nan 
31.625, 74.375, 1.5726150290284235e-24, nan 
31.875, 74.375, 1.4403439927730396e-24, nan 
32.125, 74.375, 2.511859329816734e-24, nan 
32.375, 74.375, 2.6382127559935144e-24, nan 
32.625, 74.375, 2.6468572880879726e-24, nan 
32.875, 74.375, 2.5285421537075294e-24, nan 
33.125, 74.375, 1.8400073324241307e-24, nan 
33.375, 74.375, 2.274642167133096e-24, nan 
33.625, 74.375, 2.592796466529244e-24, nan 
33.875, 74.375, 3.798902364521559e-24, nan 
34.125, 74.375, 5.421652950858897e-24, nan 
34.375, 74.375, 6.0770106544978344e-24, nan 
34.625, 74.375, 5.83523722221968e-24, nan 
34.875, 74.375, 5.7191018847011965e-24, nan 
35.125, 74.375, 6.3033851765773954e-24, nan 
35.375, 74.375, 6.1500180343511316e-24, nan 
35.625, 74.375, 3.885077155064954e-24, nan 
35.875, 74.375, 3.423733508788947e-24, nan 
36.125, 74.375, 3.4382421990312194e-24, nan 
36.375, 74.375, 3.665026177566837e-24, nan 
36.625, 74.375, 4.444469386076336e-24, nan 
36.875, 74.375, 4.063044234488547e-24, nan 
37.125, 74.375, 3.2710321496181786e-24, nan 
37.375, 74.375, 3.496732752578193e-24, nan 
37.625, 74.375, 3.447179555266444e-24, nan 
37.875, 74.375, 4.024014777225155e-24, nan 
38.125, 74.375, 4.2937995930992816e-24, nan 
38.375, 74.375, 3.919314927754148e-24, nan 
38.625, 74.375, 6.247558912263369e-24, nan 
38.875, 74.375, 6.5191116212764376e-24, nan 
39.125, 74.375, 4.6686744644145044e-24, nan 
39.375, 74.375, 4.526986814227977e-24, nan 
39.625, 74.375, 3.024521334305653e-24, nan 
39.875, 74.375, 2.0751572769715004e-24, nan 
40.125, 74.375, 1.747989219210187e-24, nan 
40.375, 74.375, 1.966608266415304e-24, nan 
40.625, 74.375, 2.471509372508247e-24, nan 
40.875, 74.375, 2.1207781553883755e-24, nan 
41.125, 74.375, 7.651894967221736e-24, nan 
41.375, 74.375, 1.7514612463034562e-24, nan 
41.625, 74.375, 3.670801177364367e-24, nan 
41.875, 74.375, 2.488078686974359e-24, nan 
42.125, 74.375, 1.4900163044252536e-24, nan 
42.375, 74.375, 7.644070973663388e-24, nan 
42.625, 74.375, 2.326588312743225e-24, nan 
42.875, 74.375, 2.4736237087783753e-24, nan 
43.125, 74.375, 5.648571674757155e-24, nan 
43.375, 74.375, 8.558746118432252e-24, nan 
43.625, 74.375, 7.934943456788657e-24, nan 
43.875, 74.375, 5.843911232788333e-24, nan 
44.125, 74.375, 5.43021251109569e-24, nan 
44.375, 74.375, 4.443338591961541e-24, nan 
44.625, 74.375, 5.110698561961149e-24, nan 
44.875, 74.375, 4.682616803708605e-24, nan 
45.125, 74.375, 4.5723723970481404e-24, nan 
45.375, 74.375, 4.650680842815749e-24, nan 
45.625, 74.375, 3.57787558259085e-24, nan 
45.875, 74.375, 2.5985135686203055e-24, nan 
46.125, 74.375, 3.417395477484948e-24, nan 
46.375, 74.375, 3.073651222272345e-24, nan 
46.625, 74.375, 1.8813186851194135e-24, nan 
46.875, 74.375, 3.6918042849687366e-24, nan 
47.125, 74.375, 6.268908658416426e-24, nan 
47.375, 74.375, 7.600232627113664e-24, nan 
47.625, 74.375, 8.549874039517476e-24, nan 
47.875, 74.375, 1.0294397595843344e-23, nan 
48.125, 74.375, 9.740317368343193e-24, nan 
48.375, 74.375, 9.623058505076986e-24, nan 
48.625, 74.375, 1.0902789326189024e-23, nan 
48.875, 74.375, 6.134700575608782e-24, nan 
49.125, 74.375, 5.701488065360353e-24, nan 
49.375, 74.375, 4.748601946951864e-24, nan 
49.625, 74.375, 5.827940495305078e-24, nan 
49.875, 74.375, 3.526706422509383e-24, nan 
50.125, 74.375, 3.642890403677083e-24, nan 
50.375, 74.375, 5.356539409901748e-24, nan 
50.625, 74.375, 6.555830134233648e-24, nan 
50.875, 74.375, 4.411182404849937e-24, nan 
51.125, 74.375, 6.509509300081419e-24, nan 
51.375, 74.375, 9.443539334966295e-24, nan 
51.625, 74.375, 6.859039277049328e-24, nan 
51.875, 74.375, 5.465033085514751e-24, nan 
52.125, 74.375, 4.5672902456121514e-24, nan 
52.375, 74.375, 5.430282723788508e-24, nan 
52.625, 74.375, 8.528615021813125e-24, nan 
52.875, 74.375, 1.2566149166890105e-23, nan 
53.125, 74.375, 6.636651691277772e-24, nan 
53.375, 74.375, 1.0833715486114926e-23, nan 
53.625, 74.375, 1.9994996287597794e-23, nan 
53.875, 74.375, 7.359092866417737e-24, nan 
54.125, 74.375, 1.457955551153959e-23, nan 
54.375, 74.375, 1.2736274509101518e-23, nan 
54.625, 74.375, 9.44392371160134e-24, nan 
54.875, 74.375, 8.836266132107829e-24, nan 
55.125, 74.375, 1.0550211623897173e-23, nan 
55.375, 74.375, 1.2342066029187663e-23, nan 
55.625, 74.375, 8.478062524158957e-24, nan 
55.875, 74.375, 1.4902865082739816e-23, nan 
56.125, 74.375, 1.6309288344372232e-23, nan 
56.375, 74.375, 1.875624730179101e-23, nan 
56.625, 74.375, 1.7786745152851406e-23, nan 
56.875, 74.375, 2.5752246301632215e-23, nan 
57.125, 74.375, 2.6913029926780654e-23, nan 
57.375, 74.375, 3.1298585876114146e-23, nan 
57.625, 74.375, 2.9297352494177207e-23, nan 
57.875, 74.375, 2.310501031598776e-23, nan 
58.125, 74.375, 2.694269491553766e-23, nan 
58.375, 74.375, 2.1886281681050714e-23, nan 
58.625, 74.375, 1.7409182480170936e-23, nan 
58.875, 74.375, 1.5544579866286434e-23, nan 
59.125, 74.375, 2.1923747490958173e-23, nan 
59.375, 74.375, 2.0071604673813036e-23, nan 
59.625, 74.375, 2.036683051828368e-23, nan 
59.875, 74.375, 1.096773993692036e-23, nan 
60.125, 74.375, 1.5282180927202827e-23, nan 
60.375, 74.375, 1.5809840863205728e-23, nan 
60.625, 74.375, 1.450090139195282e-23, nan 
60.875, 74.375, 1.3554010897972918e-23, nan 
61.125, 74.375, 1.650766347970005e-23, nan 
61.375, 74.375, 1.9161851824567064e-23, nan 
61.625, 74.375, 1.6310491251205724e-23, nan 
61.875, 74.375, 2.5861180426130454e-23, nan 
62.125, 74.375, 2.231402071401641e-23, nan 
62.375, 74.375, 1.8198265636686237e-23, nan 
62.625, 74.375, 1.9108189049853643e-23, nan 
62.875, 74.375, 2.75406405989211e-23, nan 
63.125, 74.375, 2.148940480813834e-23, nan 
63.375, 74.375, 2.4315541731287396e-23, nan 
63.625, 74.375, 1.9298699128428285e-23, nan 
63.875, 74.375, 2.574583475699745e-23, nan 
64.125, 74.375, 2.7211256689099914e-23, nan 
64.375, 74.375, 3.4610194847006425e-23, nan 
64.625, 74.375, 6.33464090143822e-23, nan 
64.875, 74.375, 8.973541448606887e-23, nan 
65.125, 74.375, 6.331533717345149e-23, nan 
65.375, 74.375, 7.421480581305108e-23, nan 
65.625, 74.375, 9.456709280208513e-23, nan 
65.875, 74.375, 5.067480848386373e-23, nan 
66.125, 74.375, 3.813412019407084e-23, nan 
66.375, 74.375, 4.156493815532414e-23, nan 
66.625, 74.375, 2.0559065513940434e-23, nan 
66.875, 74.375, 1.9209951219164979e-22, nan 
67.125, 74.375, 2.428785323420871e-22, nan 
67.375, 74.375, 9.444804741372284e-23, nan 
67.625, 74.375, 5.520029364176096e-23, nan 
67.875, 74.375, 5.950792637827523e-23, nan 
68.125, 74.375, 6.097850788138929e-23, nan 
68.375, 74.375, 6.452321008054736e-23, nan 
68.625, 74.375, 4.92338439765368e-23, nan 
68.875, 74.375, 4.711070987879386e-23, nan 
69.125, 74.375, 7.220552461133758e-23, nan 
69.375, 74.375, 8.863594661270103e-23, nan 
69.625, 74.375, 1.2186064841362273e-22, nan 
69.875, 74.375, 1.3457768600159669e-22, nan 
70.125, 74.375, 1.4540116046975143e-22, nan 
70.375, 74.375, 1.339962545993259e-22, nan 
70.625, 74.375, 1.2263656155743885e-22, nan 
70.875, 74.375, 1.2440004684030033e-22, nan 
71.125, 74.375, 1.2657721327752637e-22, nan 
71.375, 74.375, 1.0613824780133848e-22, nan 
71.625, 74.375, 9.466318291614717e-23, nan 
71.875, 74.375, 1.7176715342061988e-22, nan 
72.125, 74.375, 2.1082463803786243e-22, nan 
72.375, 74.375, 8.467077143723088e-23, nan 
72.625, 74.375, 8.587837824634569e-23, nan 
72.875, 74.375, 9.171824926825383e-23, nan 
73.125, 74.375, 9.31779162762677e-23, nan 
73.375, 74.375, 1.0928380711271477e-22, nan 
73.625, 74.375, 1.214327916541675e-22, nan 
73.875, 74.375, 8.834887337879052e-23, nan 
74.125, 74.375, 1.1237877382800246e-22, nan 
74.375, 74.375, 8.18343180391582e-23, nan 
74.625, 74.375, 5.84433298487808e-23, nan 
74.875, 74.375, 1.1691671922125018e-22, nan 
75.125, 74.375, 1.4880204144804091e-22, nan 
75.375, 74.375, 1.9906797316851662e-22, nan 
75.625, 74.375, 2.182732348717652e-22, nan 
75.875, 74.375, 2.930334576362424e-22, nan 
76.125, 74.375, 3.3365232457235783e-22, nan 
76.375, 74.375, 3.2933990620477293e-22, nan 
76.625, 74.375, 2.9366127245659936e-22, nan 
76.875, 74.375, 1.060781808218277e-21, nan 
77.125, 74.375, 1.1194972133618179e-21, nan 
77.375, 74.375, 1.1472464689229185e-21, nan 
77.625, 74.375, 1.5618402061739037e-21, nan 
77.875, 74.375, 1.5838894257075883e-21, nan 
78.125, 74.375, 1.5878824516863146e-21, nan 
78.375, 74.375, 1.3540915013102932e-21, nan 
78.625, 74.375, 1.599788062847307e-21, nan 
78.875, 74.375, 1.905568022027692e-21, nan 
79.125, 74.375, 1.6393352938252878e-21, nan 
79.375, 74.375, 1.5927456992717033e-21, nan 
79.625, 74.375, 1.8186935067635696e-21, nan 
79.875, 74.375, 8.58670480858971e-22, nan 
80.125, 74.375, 5.715158851359906e-22, nan 
80.375, 74.375, 4.462796219596285e-22, nan 
80.625, 74.375, 3.6269891617399705e-22, nan 
80.875, 74.375, 9.368271391679345e-22, nan 
81.125, 74.375, 1.249369633426357e-21, nan 
81.375, 74.375, 4.108050629419441e-22, nan 
81.625, 74.375, 3.181049761015371e-22, nan 
81.875, 74.375, 2.711473951559253e-22, nan 
82.125, 74.375, 3.0828933806003583e-22, nan 
82.375, 74.375, 5.120340813368233e-22, nan 
82.625, 74.375, 4.299121108234014e-22, nan 
82.875, 74.375, 4.730730908683651e-22, nan 
83.125, 74.375, 6.012968563030165e-22, nan 
83.375, 74.375, 5.176290814430477e-22, nan 
83.625, 74.375, 8.209031430046267e-22, nan 
83.875, 74.375, 1.3260813784253127e-21, nan 
84.125, 74.375, 1.2278964087346705e-21, nan 
84.375, 74.375, 1.7378955439602163e-21, nan 
84.625, 74.375, 2.474248029054423e-21, nan 
84.875, 74.375, 2.2597698608800357e-21, nan 
85.125, 74.375, 2.4285888516845596e-21, nan 
85.375, 74.375, 3.7938439593316425e-21, nan 
85.625, 74.375, 3.797451570243927e-21, nan 
85.875, 74.375, 1.889062343574963e-21, nan 
86.125, 74.375, 2.9243181690264158e-21, nan 
86.375, 74.375, 2.5804972387975332e-21, nan 
86.625, 74.375, 1.1729533996434026e-21, nan 
86.875, 74.375, 1.065952514960924e-21, nan 
87.125, 74.375, 8.159698076569005e-22, nan 
87.375, 74.375, 1.091831423821022e-21, nan 
87.625, 74.375, 1.5192122418111407e-21, nan 
87.875, 74.375, 2.549909153826353e-21, nan 
88.125, 74.375, 1.7140905217390412e-21, nan 
88.375, 74.375, 3.0557705037352168e-21, nan 
88.625, 74.375, 3.5083504257247e-21, nan 
88.875, 74.375, 1.974367159282663e-21, nan 
89.125, 74.375, 2.4406901698627902e-21, nan 
89.375, 74.375, 2.4312430969669893e-21, nan 
89.625, 74.375, 1.8098565900688733e-21, nan 
89.875, 74.375, 2.592415794243208e-21, nan 
90.125, 74.375, 1.6286514236770255e-21, nan 
90.375, 74.375, 2.9697158216161253e-21, nan 
90.625, 74.375, 4.482147926101608e-21, nan 
90.875, 74.375, 3.0443006041050746e-21, nan 
91.125, 74.375, 3.1178484792792923e-21, nan 
91.375, 74.375, 3.279535153512744e-21, nan 
91.625, 74.375, 2.904440085577023e-21, nan 
91.875, 74.375, 3.684351454352654e-21, nan 
92.125, 74.375, 2.909573009286709e-21, nan 
92.375, 74.375, 2.6915709031879785e-21, nan 
92.625, 74.375, 3.605978900267555e-21, nan 
92.875, 74.375, 3.437303182425883e-21, nan 
93.125, 74.375, 2.666995487824181e-21, nan 
93.375, 74.375, 3.452372621158493e-21, nan 
93.625, 74.375, 2.070755013168996e-21, nan 
93.875, 74.375, 5.2763827163919155e-21, nan 
94.125, 74.375, 4.273184050358183e-21, nan 
94.375, 74.375, 2.702971710266211e-21, nan 
94.625, 74.375, 4.901454751506339e-21, nan 
94.875, 74.375, 7.063547661034131e-21, nan 
95.125, 74.375, 4.189347095822735e-20, nan 
95.375, 74.375, 4.2358853669225183e-20, nan 
95.625, 74.375, 2.0699565184508163e-20, nan 
95.875, 74.375, 1.671092535071707e-20, nan 
96.125, 74.375, 1.5471606068450413e-20, nan 
96.375, 74.375, 5.869829731794031e-20, nan 
96.625, 74.375, 5.784481997515101e-20, nan 
96.875, 74.375, 3.9042048055687726e-20, nan 
97.125, 74.375, 9.375361349690023e-20, nan 
97.375, 74.375, 8.652901135572144e-20, nan 
97.625, 74.375, 5.936526455192525e-20, nan 
97.875, 74.375, 5.1369402659694753e-20, nan 
98.125, 74.375, 5.976929409535801e-20, nan 
98.375, 74.375, 5.948837912663443e-20, nan 
98.625, 74.375, 5.735611465067645e-20, nan 
98.875, 74.375, 4.297659845012753e-20, nan 
99.125, 74.375, 4.53217661176906e-20, nan 
99.375, 74.375, 3.9093613638919426e-20, nan 
99.625, 74.375, 2.394415507589291e-20, nan 
99.875, 74.375, 1.1366963924442992e-20, nan 
100.125, 74.375, 2.43499383466146e-20, nan 
100.375, 74.375, 2.8001102983091314e-20, nan 
100.625, 74.375, 1.707519709242195e-20, nan 
100.875, 74.375, 2.4889406100852583e-20, nan 
101.125, 74.375, 2.458162744332197e-20, nan 
101.375, 74.375, 8.892308736471211e-21, nan 
101.625, 74.375, 1.6603461129702297e-20, nan 
101.875, 74.375, 1.2787314445374789e-20, nan 
102.125, 74.375, 7.273524015097064e-21, nan 
102.375, 74.375, 1.3366446638901118e-20, nan 
102.625, 74.375, 2.2286866050645096e-20, nan 
102.875, 74.375, 2.0704480250484978e-20, nan 
103.125, 74.375, 2.1435386794979024e-20, nan 
103.375, 74.375, 2.4681176006076382e-20, nan 
103.625, 74.375, 2.747127138187808e-20, nan 
103.875, 74.375, 1.999508427361153e-20, nan 
104.125, 74.375, 2.1675549738324162e-20, nan 
104.375, 74.375, 2.7512952489774234e-20, nan 
104.625, 74.375, 1.9024383379093477e-20, nan 
104.875, 74.375, 1.9530521779056884e-20, nan 
105.125, 74.375, 1.824699208709929e-20, nan 
105.375, 74.375, 1.632327424654909e-20, nan 
105.625, 74.375, 1.768888090979928e-20, nan 
105.875, 74.375, 1.5429316751130235e-20, nan 
106.125, 74.375, 1.1264286400117573e-20, nan 
106.375, 74.375, 6.644318067426888e-21, nan 
106.625, 74.375, 1.8719497023213347e-20, nan 
106.875, 74.375, 2.2459238692975532e-20, nan 
107.125, 74.375, 1.766109943824409e-20, nan 
107.375, 74.375, 2.212046944003015e-20, nan 
107.625, 74.375, 7.549077496421909e-21, nan 
107.875, 74.375, 6.340945694650279e-21, nan 
108.125, 74.375, 1.6404093359100022e-21, nan 
108.375, 74.375, 3.520494261599516e-21, nan 
108.625, 74.375, 5.885184981577563e-21, nan 
108.875, 74.375, 5.1356302842713174e-21, nan 
109.125, 74.375, 6.394431992720036e-21, nan 
109.375, 74.375, 8.222976994883004e-21, nan 
109.625, 74.375, 9.422389584686233e-21, nan 
109.875, 74.375, 5.750297501425802e-21, nan 
110.125, 74.375, 7.872655972719149e-21, nan 
110.375, 74.375, 1.1295639868322214e-20, nan 
110.625, 74.375, 9.032382906951475e-21, nan 
110.875, 74.375, 5.215925510447586e-21, nan 
111.125, 74.375, 8.092528778938614e-21, nan 
111.375, 74.375, 1.0677391002153814e-20, nan 
111.625, 74.375, 6.502017396702223e-21, nan 
111.875, 74.375, 4.012455717089562e-21, nan 
112.125, 74.375, 6.47377748568616e-21, nan 
112.375, 74.375, 8.29022140018256e-21, nan 
112.625, 74.375, 1.033533667495529e-20, nan 
112.875, 74.375, 4.6501988151641074e-21, nan 
113.125, 74.375, 1.201303378806136e-20, nan 
113.375, 74.375, 1.4882907748122688e-20, nan 
113.625, 74.375, 1.3869305142470756e-21, nan 
113.875, 74.375, 5.47884845327382e-21, nan 
114.125, 74.375, 6.949456194480056e-21, nan 
114.375, 74.375, 4.455419055569e-21, nan 
114.625, 74.375, 2.7564022601443537e-21, nan 
114.875, 74.375, 3.190627220357949e-21, nan 
115.125, 74.375, 3.549533693759199e-21, nan 
115.375, 74.375, 1.5725964563778916e-21, nan 
115.625, 74.375, 8.695659233755477e-22, nan 
115.875, 74.375, 6.749148200425283e-22, nan 
116.125, 74.375, 7.034971797172445e-22, nan 
116.375, 74.375, 7.90768168497335e-22, nan 
116.625, 74.375, 8.578573656339388e-22, nan 
116.875, 74.375, 5.189412451334892e-22, nan 
117.125, 74.375, 1.2991230788342435e-21, nan 
117.375, 74.375, 1.5117732193761244e-21, nan 
117.625, 74.375, 6.283936075882502e-22, nan 
117.875, 74.375, 1.0966524125252133e-21, nan 
118.125, 74.375, 1.3701935680322809e-21, nan 
118.375, 74.375, 6.80276784661723e-22, nan 
118.625, 74.375, 4.373410494180181e-22, nan 
118.875, 74.375, 3.7238618372014477e-22, nan 
119.125, 74.375, 5.977969023934444e-22, nan 
119.375, 74.375, 2.538914721012462e-22, nan 
119.625, 74.375, 3.0705949351091125e-22, nan 
119.875, 74.375, 2.095146057571618e-22, nan 
120.125, 74.375, 5.849850565841657e-22, nan 
120.375, 74.375, 8.831719322375183e-22, nan 
120.625, 74.375, 7.307371640133061e-22, nan 
120.875, 74.375, 1.6361868563741288e-21, nan 
121.125, 74.375, 1.6600731210259815e-21, nan 
121.375, 74.375, 1.383338449393089e-21, nan 
121.625, 74.375, 1.2373143139618938e-21, nan 
121.875, 74.375, 1.0720985927659894e-21, nan 
122.125, 74.375, 1.143405830503601e-21, nan 
122.375, 74.375, 1.0152071388984339e-21, nan 
122.625, 74.375, 5.826428920666464e-22, nan 
122.875, 74.375, 4.840536805389762e-22, nan 
123.125, 74.375, 2.8507239329982013e-22, nan 
123.375, 74.375, 4.05058331211528e-22, nan 
123.625, 74.375, 4.812092058667509e-22, nan 
123.875, 74.375, 4.504350775826766e-22, nan 
124.125, 74.375, 3.86210797712066e-22, nan 
124.375, 74.375, 6.8508480592045e-22, nan 
124.625, 74.375, 4.460051002796354e-22, nan 
124.875, 74.375, 3.353053960668736e-22, nan 
125.125, 74.375, 5.415425305794087e-22, nan 
125.375, 74.375, 3.451443921537633e-22, nan 
125.625, 74.375, 1.8467295493228323e-22, nan 
125.875, 74.375, 1.218511981223813e-22, nan 
126.125, 74.375, 1.9598926796978462e-22, nan 
126.375, 74.375, 2.282484581875059e-22, nan 
126.625, 74.375, 3.016049684729799e-22, nan 
126.875, 74.375, 3.4792433457030812e-22, nan 
127.125, 74.375, 2.2703714446616206e-22, nan 
127.375, 74.375, 3.6677260710736887e-22, nan 
127.625, 74.375, 5.226572311556485e-22, nan 
127.875, 74.375, 1.8935232284826188e-22, nan 
128.125, 74.375, 3.1670484471616457e-22, nan 
128.375, 74.375, 4.2371655762470965e-22, nan 
128.625, 74.375, 2.3883553489074786e-22, nan 
128.875, 74.375, 2.449279583556326e-22, nan 
129.125, 74.375, 1.8773215922456106e-22, nan 
129.375, 74.375, 1.9107344487636537e-22, nan 
129.625, 74.375, 1.3835581147515372e-22, nan 
129.875, 74.375, 1.2255968321625381e-22, nan 
130.125, 74.375, 1.9227762465676157e-22, nan 
130.375, 74.375, 1.7014279940618012e-22, nan 
130.625, 74.375, 1.3058744886791686e-22, nan 
130.875, 74.375, 1.2303614466071033e-22, nan 
131.125, 74.375, 1.8695075506033481e-22, nan 
131.375, 74.375, 1.0324229489723508e-22, nan 
131.625, 74.375, 1.5474206415465686e-22, nan 
131.875, 74.375, 2.3533724916241363e-22, nan 
132.125, 74.375, 1.0680960910331544e-22, nan 
132.375, 74.375, 1.4616411071756608e-22, nan 
132.625, 74.375, 1.838074306559824e-22, nan 
132.875, 74.375, 9.032520026911516e-23, nan 
133.125, 74.375, 2.381120189870569e-23, nan 
133.375, 74.375, 4.347729005438823e-23, nan 
133.625, 74.375, 6.885025090483134e-23, nan 
133.875, 74.375, 8.192326530694194e-23, nan 
134.125, 74.375, 6.235301031464639e-23, nan 
134.375, 74.375, 2.7165502724542146e-23, nan 
134.625, 74.375, 5.921223093774633e-23, nan 
134.875, 74.375, 7.344434799776618e-23, nan 
135.125, 74.375, 1.2869296359084259e-22, nan 
135.375, 74.375, 7.824957171352239e-23, nan 
135.625, 74.375, 7.512423250391931e-23, nan 
135.875, 74.375, 9.997223102463142e-23, nan 
136.125, 74.375, 8.863607182024048e-23, nan 
136.375, 74.375, 8.913354305002512e-23, nan 
136.625, 74.375, 6.107840695330336e-23, nan 
136.875, 74.375, 6.070567801139493e-23, nan 
137.125, 74.375, 6.415963895679389e-23, nan 
137.375, 74.375, 4.2762616066130156e-23, nan 
137.625, 74.375, 3.592871561846301e-23, nan 
137.875, 74.375, 1.9758097274337223e-23, nan 
138.125, 74.375, 2.419234941592661e-23, nan 
138.375, 74.375, 3.51877138087869e-23, nan 
138.625, 74.375, 2.975706039723652e-23, nan 
138.875, 74.375, 2.1291119590633492e-23, nan 
139.125, 74.375, 1.7150386992166652e-23, nan 
139.375, 74.375, 2.094402502484375e-23, nan 
139.625, 74.375, 1.4255149599824895e-23, nan 
139.875, 74.375, 1.7303875226628293e-23, nan 
140.125, 74.375, 2.0787919164168823e-23, nan 
140.375, 74.375, 1.7899949791234585e-23, nan 
140.625, 74.375, 3.627412954685028e-23, nan 
140.875, 74.375, 4.661452436256487e-23, nan 
141.125, 74.375, 4.039888049508126e-23, nan 
141.375, 74.375, 3.878655587139119e-23, nan 
141.625, 74.375, 3.529142986196971e-23, nan 
141.875, 74.375, 2.9359860919915065e-23, nan 
142.125, 74.375, 2.2876042367606345e-23, nan 
142.375, 74.375, 1.696963865807007e-23, nan 
142.625, 74.375, 1.5146443989133163e-23, nan 
142.875, 74.375, 1.597440586188467e-23, nan 
143.125, 74.375, 3.0528357358618564e-23, nan 
143.375, 74.375, 3.073341222213131e-23, nan 
143.625, 74.375, 1.7326549286227672e-23, nan 
143.875, 74.375, 2.5318702631489655e-23, nan 
144.125, 74.375, 2.4147895847045033e-23, nan 
144.375, 74.375, 2.1270123057704208e-23, nan 
144.625, 74.375, 2.6386864734906772e-23, nan 
144.875, 74.375, 1.8583465912636326e-23, nan 
145.125, 74.375, 2.25488894081127e-23, nan 
145.375, 74.375, 2.489413352757196e-23, nan 
145.625, 74.375, 1.6726980460218392e-23, nan 
145.875, 74.375, 1.8985684939152946e-23, nan 
146.125, 74.375, 1.3070602320892565e-23, nan 
146.375, 74.375, 1.1173558686058147e-23, nan 
146.625, 74.375, 1.956429811376877e-23, nan 
146.875, 74.375, 1.2294747506655433e-23, nan 
147.125, 74.375, 6.1821787147246394e-24, nan 
147.375, 74.375, 6.5584588226950776e-24, nan 
147.625, 74.375, 6.548193756705787e-24, nan 
147.875, 74.375, 6.67828929658462e-24, nan 
148.125, 74.375, 1.2590471081352235e-23, nan 
148.375, 74.375, 9.545677264059983e-24, nan 
148.625, 74.375, 1.0604975938663819e-23, nan 
148.875, 74.375, 1.0985856355335553e-23, nan 
149.125, 74.375, 8.850507821816547e-24, nan 
149.375, 74.375, 8.727893507216504e-24, nan 
149.625, 74.375, 3.4312870725608325e-24, nan 
149.875, 74.375, 1.6785662493196636e-24, nan 
150.125, 74.375, 4.2204762130977685e-24, nan 
150.375, 74.375, 4.62279552473625e-24, nan 
150.625, 74.375, 2.8518156439643122e-24, nan 
150.875, 74.375, 9.655470576055856e-24, nan 
151.125, 74.375, 1.5717920191477823e-23, nan 
151.375, 74.375, 1.3016196424163292e-23, nan 
151.625, 74.375, 1.4756633042426498e-23, nan 
151.875, 74.375, 2.081876280736085e-23, nan 
152.125, 74.375, 2.1035752450795868e-23, nan 
152.375, 74.375, 1.8650689532804617e-23, nan 
152.625, 74.375, 1.4992142801777815e-23, nan 
152.875, 74.375, 1.9284769782844973e-23, nan 
153.125, 74.375, 1.7718181483690648e-23, nan 
153.375, 74.375, 1.7857309316974642e-23, nan 
153.625, 74.375, 1.8282646433122443e-23, nan 
153.875, 74.375, 2.0126005657364247e-23, nan 
154.125, 74.375, 1.7978181362570767e-23, nan 
154.375, 74.375, 1.323974016723557e-23, nan 
154.625, 74.375, 1.2950868839849258e-23, nan 
154.875, 74.375, 1.1651640778809656e-23, nan 
155.125, 74.375, 1.2874781214874932e-23, nan 
155.375, 74.375, 1.1863921431515102e-23, nan 
155.625, 74.375, 9.602493975472311e-24, nan 
155.875, 74.375, 1.0712358233033646e-23, nan 
156.125, 74.375, 1.080835599514815e-23, nan 
156.375, 74.375, 7.778022049635363e-24, nan 
156.625, 74.375, 5.508316142700975e-24, nan 
156.875, 74.375, 4.72955454271035e-24, nan 
157.125, 74.375, 4.395766591524122e-24, nan 
157.375, 74.375, 4.1856207481230855e-24, nan 
157.625, 74.375, 2.5659560090275194e-24, nan 
157.875, 74.375, 2.583055940838401e-24, nan 
158.125, 74.375, 4.715313018336011e-24, nan 
158.375, 74.375, 5.574793106653538e-24, nan 
158.625, 74.375, 3.848936736989497e-24, nan 
158.875, 74.375, 3.327531280087149e-24, nan 
159.125, 74.375, 1.143519563093559e-23, nan 
159.375, 74.375, 8.896440367783639e-24, nan 
159.625, 74.375, 9.9086081595623e-24, nan 
159.875, 74.375, 1.0116936514295714e-23, nan 
160.125, 74.375, 9.962912076150708e-24, nan 
160.375, 74.375, 7.899837230509626e-24, nan 
160.625, 74.375, 9.291016280840185e-24, nan 
160.875, 74.375, 2.987007178648332e-23, nan 
161.125, 74.375, 3.2050115180423396e-23, nan 
161.375, 74.375, 2.148853831466179e-23, nan 
161.625, 74.375, 2.855517222867262e-23, nan 
161.875, 74.375, 3.0165534572066015e-23, nan 
162.125, 74.375, 2.1708410626676402e-23, nan 
162.375, 74.375, 2.3274562764379174e-23, nan 
162.625, 74.375, 3.124584578060286e-23, nan 
162.875, 74.375, 2.5246732371275748e-23, nan 
163.125, 74.375, 3.0614834144680996e-23, nan 
163.375, 74.375, 1.8879768262066152e-23, nan 
163.625, 74.375, 2.1546467885527124e-23, nan 
163.875, 74.375, 2.3342015775013763e-23, nan 
164.125, 74.375, 3.3245180253639446e-23, nan 
164.375, 74.375, 4.191164581857251e-23, nan 
164.625, 74.375, 1.8237084614145296e-23, nan 
164.875, 74.375, 2.801530231728387e-23, nan 
165.125, 74.375, 3.439815681686288e-23, nan 
165.375, 74.375, 1.269963040773947e-23, nan 
165.625, 74.375, 1.3994182632984023e-23, nan 
165.875, 74.375, 1.3604783704984878e-23, nan 
166.125, 74.375, 8.454055112691133e-24, nan 
166.375, 74.375, 1.0435468749755491e-23, nan 
166.625, 74.375, 1.7398749598677536e-23, nan 
166.875, 74.375, 1.6303267271661104e-23, nan 
167.125, 74.375, 1.8744225040375102e-23, nan 
167.375, 74.375, 7.866882369868354e-24, nan 
167.625, 74.375, 9.607545263370647e-24, nan 
167.875, 74.375, 1.0662051869641808e-23, nan 
168.125, 74.375, 1.482741724316455e-23, nan 
168.375, 74.375, 1.3059265993752962e-23, nan 
168.625, 74.375, 8.886103250837962e-24, nan 
168.875, 74.375, 4.783495392660706e-24, nan 
169.125, 74.375, 4.950635962320136e-24, nan 
169.375, 74.375, 4.948976625096074e-24, nan 
169.625, 74.375, 2.5257690747606676e-24, nan 
169.875, 74.375, 2.4167937988457978e-24, nan 
170.125, 74.375, 2.249046603659061e-24, nan 
170.375, 74.375, 1.6607951178559302e-24, nan 
170.625, 74.375, 2.1695541148656702e-24, nan 
170.875, 74.375, 1.5766163951514244e-24, nan 
171.125, 74.375, 2.9878813609276814e-24, nan 
171.375, 74.375, 3.1020760054889673e-24, nan 
171.625, 74.375, 2.81758102774881e-24, nan 
171.875, 74.375, 4.660554857677047e-24, nan 
172.125, 74.375, 3.8285450249440075e-24, nan 
172.375, 74.375, 4.3374611416790716e-24, nan 
172.625, 74.375, 4.678134505530824e-24, nan 
172.875, 74.375, 3.9183429525131145e-24, nan 
173.125, 74.375, 2.9300599561670758e-24, nan 
173.375, 74.375, 2.2506752649403998e-24, nan 
173.625, 74.375, 3.468722076814768e-24, nan 
173.875, 74.375, 2.8351543291310163e-24, nan 
174.125, 74.375, 3.1027435808118554e-24, nan 
174.375, 74.375, 4.277846512478739e-24, nan 
174.625, 74.375, 3.9859478244058115e-24, nan 
174.875, 74.375, 4.6107371931437215e-24, nan 
175.125, 74.375, 4.909970934183399e-24, nan 
175.375, 74.375, 2.019167243802242e-24, nan 
175.625, 74.375, 2.636985675224437e-24, nan 
175.875, 74.375, 3.2591497928161317e-24, nan 
176.125, 74.375, 1.3595754242366089e-24, nan 
176.375, 74.375, 3.1064430820173178e-24, nan 
176.625, 74.375, 3.2848105800115182e-24, nan 
176.875, 74.375, 2.086620812011907e-24, nan 
177.125, 74.375, 2.369492211279713e-24, nan 
177.375, 74.375, 2.970701478381584e-24, nan 
177.625, 74.375, 2.600635290733971e-24, nan 
177.875, 74.375, 3.0024396757033086e-24, nan 
24.625, 74.625, 9.45236532940885e-25, nan 
24.875, 74.625, 8.468639867407044e-25, nan 
25.125, 74.625, 8.443084754583067e-25, nan 
25.375, 74.625, 1.0286493548482784e-24, nan 
25.625, 74.625, 5.757187025011497e-25, nan 
25.875, 74.625, 1.0161879065853732e-24, nan 
26.125, 74.625, 9.112807640715986e-25, nan 
26.375, 74.625, 5.028134787174151e-25, nan 
26.625, 74.625, 5.088794921465688e-25, nan 
26.875, 74.625, 7.736328695638363e-25, nan 
27.125, 74.625, 1.1673050478151232e-24, nan 
27.375, 74.625, 1.0148813560903545e-24, nan 
27.625, 74.625, 7.659014183855607e-25, nan 
27.875, 74.625, 6.6210295312533075e-25, nan 
28.125, 74.625, 1.0140703440892618e-24, nan 
28.375, 74.625, 3.704519950360402e-25, nan 
28.625, 74.625, 1.0441140053821344e-24, nan 
28.875, 74.625, 6.729521767728185e-25, nan 
29.125, 74.625, 1.6884663601424776e-24, nan 
29.375, 74.625, 1.98064735125892e-24, nan 
29.625, 74.625, 1.1697400781143747e-24, nan 
29.875, 74.625, 1.8253103813302096e-24, nan 
30.125, 74.625, 1.5170460584927627e-24, nan 
30.375, 74.625, 2.414050184397179e-24, nan 
30.625, 74.625, 1.4174963165489616e-24, nan 
30.875, 74.625, 1.1360131660349398e-24, nan 
31.125, 74.625, 2.879337761343629e-24, nan 
31.375, 74.625, 2.371254721299751e-24, nan 
31.625, 74.625, 1.9345607302653945e-24, nan 
31.875, 74.625, 2.5105618149576753e-24, nan 
32.125, 74.625, 1.5727166737822368e-24, nan 
32.375, 74.625, 2.1415846998747575e-24, nan 
32.625, 74.625, 2.5363916334522e-24, nan 
32.875, 74.625, 8.849938788435875e-25, nan 
33.125, 74.625, 1.4016528484376062e-24, nan 
33.375, 74.625, 1.5106975253552027e-24, nan 
33.625, 74.625, 1.5882895433962895e-24, nan 
33.875, 74.625, 2.4731988189086882e-24, nan 
34.125, 74.625, 3.843264101466621e-24, nan 
34.375, 74.625, 4.284917613528537e-24, nan 
34.625, 74.625, 3.5063049758570016e-24, nan 
34.875, 74.625, 5.678023589607188e-24, nan 
35.125, 74.625, 6.769991980569484e-24, nan 
35.375, 74.625, 7.562645048513956e-24, nan 
35.625, 74.625, 5.490914418458222e-24, nan 
35.875, 74.625, 5.083663647960823e-24, nan 
36.125, 74.625, 8.195831633470987e-24, nan 
36.375, 74.625, 6.153357103183439e-24, nan 
36.625, 74.625, 4.990108032032198e-24, nan 
36.875, 74.625, 5.5059048491266e-24, nan 
37.125, 74.625, 6.677762632940138e-24, nan 
37.375, 74.625, 6.719063873983992e-24, nan 
37.625, 74.625, 5.587755707997726e-24, nan 
37.875, 74.625, 6.601480275193382e-24, nan 
38.125, 74.625, 6.0739725089104524e-24, nan 
38.375, 74.625, 5.405468561982855e-24, nan 
38.625, 74.625, 4.8396481068320696e-24, nan 
38.875, 74.625, 4.807759852620112e-24, nan 
39.125, 74.625, 7.689946569604017e-24, nan 
39.375, 74.625, 6.675650275688683e-24, nan 
39.625, 74.625, 3.2731702651992624e-24, nan 
39.875, 74.625, 8.657728158275963e-24, nan 
40.125, 74.625, 7.197599751199761e-24, nan 
40.375, 74.625, 7.926060560864829e-24, nan 
40.625, 74.625, 3.835718458091993e-24, nan 
40.875, 74.625, 2.0548755084669734e-24, nan 
41.125, 74.625, 1.5533142097154846e-23, nan 
41.375, 74.625, 2.273699504746966e-24, nan 
41.625, 74.625, 2.6874492724232225e-24, nan 
41.875, 74.625, 1.0643841477699379e-23, nan 
42.125, 74.625, 2.77821355377686e-24, nan 
42.375, 74.625, 6.868926978846453e-24, nan 
42.625, 74.625, 4.508375522003065e-24, nan 
42.875, 74.625, 2.9628789602344863e-24, nan 
43.125, 74.625, 5.532905835597977e-24, nan 
43.375, 74.625, 6.193037639401215e-24, nan 
43.625, 74.625, 1.6139631507312195e-24, nan 
43.875, 74.625, 1.920930034553458e-24, nan 
44.125, 74.625, 4.8946764598729344e-24, nan 
44.375, 74.625, 7.300604543483436e-24, nan 
44.625, 74.625, 6.231457972413019e-24, nan 
44.875, 74.625, 5.878816066676671e-24, nan 
45.125, 74.625, 1.2863394226501568e-23, nan 
45.375, 74.625, 8.625882917278732e-24, nan 
45.625, 74.625, 4.287243637078198e-24, nan 
45.875, 74.625, 6.927788211863771e-24, nan 
46.125, 74.625, 5.613334869147349e-24, nan 
46.375, 74.625, 3.359615046629358e-24, nan 
46.625, 74.625, 2.9098514392331724e-24, nan 
46.875, 74.625, 3.932280033985544e-24, nan 
47.125, 74.625, 3.6875985251567295e-24, nan 
47.375, 74.625, 2.5512093123271144e-24, nan 
47.625, 74.625, 3.4073145745392246e-24, nan 
47.875, 74.625, 5.668053652492449e-24, nan 
48.125, 74.625, 6.407844290019503e-24, nan 
48.375, 74.625, 6.234486237311862e-24, nan 
48.625, 74.625, 7.859493322666778e-24, nan 
48.875, 74.625, 6.306515838315233e-24, nan 
49.125, 74.625, 5.479411287835744e-24, nan 
49.375, 74.625, 4.596460064154954e-24, nan 
49.625, 74.625, 4.0608906657773616e-24, nan 
49.875, 74.625, 3.4285017354007455e-24, nan 
50.125, 74.625, 2.1055348195773014e-24, nan 
50.375, 74.625, 1.974071927579248e-24, nan 
50.625, 74.625, 2.535762610993298e-24, nan 
50.875, 74.625, 3.802409201102763e-24, nan 
51.125, 74.625, 5.508110373502551e-24, nan 
51.375, 74.625, 6.191880084551732e-24, nan 
51.625, 74.625, 4.1135960028467284e-24, nan 
51.875, 74.625, 5.573394985748295e-24, nan 
52.125, 74.625, 5.10305564060104e-24, nan 
52.375, 74.625, 3.681672028931419e-24, nan 
52.625, 74.625, 6.070008049618136e-24, nan 
52.875, 74.625, 3.435550389603186e-24, nan 
53.125, 74.625, 5.9671384434268545e-24, nan 
53.375, 74.625, 1.0649109909244704e-23, nan 
53.625, 74.625, 1.1806005824951607e-23, nan 
53.875, 74.625, 1.1540046513234166e-23, nan 
54.125, 74.625, 1.2254621074240167e-23, nan 
54.375, 74.625, 7.77428304526226e-24, nan 
54.625, 74.625, 1.3196507810594184e-23, nan 
54.875, 74.625, 1.2031295117116062e-23, nan 
55.125, 74.625, 1.4967024678568487e-23, nan 
55.375, 74.625, 1.6382333564742564e-23, nan 
55.625, 74.625, 1.0432546558474648e-23, nan 
55.875, 74.625, 1.539597732705659e-23, nan 
56.125, 74.625, 1.3221493860015512e-23, nan 
56.375, 74.625, 2.045683186542244e-23, nan 
56.625, 74.625, 1.927232827119402e-23, nan 
56.875, 74.625, 2.0059946088307253e-23, nan 
57.125, 74.625, 2.398481875406986e-23, nan 
57.375, 74.625, 2.3430873017532656e-23, nan 
57.625, 74.625, 2.3099851787515733e-23, nan 
57.875, 74.625, 1.3055646543998067e-23, nan 
58.125, 74.625, 1.805787985058471e-23, nan 
58.375, 74.625, 2.1221648350417044e-23, nan 
58.625, 74.625, 2.1306330979510012e-23, nan 
58.875, 74.625, 2.2208665822102978e-23, nan 
59.125, 74.625, 3.492781386488732e-23, nan 
59.375, 74.625, 4.39564861976451e-23, nan 
59.625, 74.625, 3.007348164426371e-23, nan 
59.875, 74.625, 3.8945812231782835e-23, nan 
60.125, 74.625, 6.608977226750942e-23, nan 
60.375, 74.625, 4.1519567291765544e-23, nan 
60.625, 74.625, 3.650681777663124e-23, nan 
60.875, 74.625, 3.492845197163815e-23, nan 
61.125, 74.625, 2.9185984223260733e-23, nan 
61.375, 74.625, 3.3436724413805035e-23, nan 
61.625, 74.625, 2.1589560083478824e-23, nan 
61.875, 74.625, 2.710494583410175e-23, nan 
62.125, 74.625, 2.8041596528704156e-23, nan 
62.375, 74.625, 2.5402393346204078e-23, nan 
62.625, 74.625, 2.7689426146012146e-23, nan 
62.875, 74.625, 3.4948672679616725e-23, nan 
63.125, 74.625, 3.004189515018144e-23, nan 
63.375, 74.625, 3.06507073842759e-23, nan 
63.625, 74.625, 3.995987579037935e-23, nan 
63.875, 74.625, 5.2117773003125505e-23, nan 
64.125, 74.625, 5.2181701374415964e-23, nan 
64.375, 74.625, 6.832994522701086e-23, nan 
64.625, 74.625, 1.078086573549873e-22, nan 
64.875, 74.625, 1.3796822727799176e-22, nan 
65.125, 74.625, 1.009405814177466e-22, nan 
65.375, 74.625, 1.0983748754115972e-22, nan 
65.625, 74.625, 1.4953863111836248e-22, nan 
65.875, 74.625, 3.4314926361352156e-23, nan 
66.125, 74.625, 4.6505387951731526e-23, nan 
66.375, 74.625, 9.270089495311091e-23, nan 
66.625, 74.625, 3.937212676246727e-23, nan 
66.875, 74.625, 3.0778235180605096e-23, nan 
67.125, 74.625, 4.7651054594618597e-23, nan 
67.375, 74.625, 3.785240409257406e-23, nan 
67.625, 74.625, 2.737369277424466e-23, nan 
67.875, 74.625, 4.418187095084456e-23, nan 
68.125, 74.625, 3.889405390068297e-23, nan 
68.375, 74.625, 5.277591500366978e-23, nan 
68.625, 74.625, 3.870722414833051e-23, nan 
68.875, 74.625, 3.208457150078585e-23, nan 
69.125, 74.625, 5.83865576485907e-23, nan 
69.375, 74.625, 7.486138695308529e-23, nan 
69.625, 74.625, 1.0029415975625526e-22, nan 
69.875, 74.625, 1.0673511379642075e-22, nan 
70.125, 74.625, 1.1565647361190056e-22, nan 
70.375, 74.625, 1.3940396843317445e-22, nan 
70.625, 74.625, 1.528783869974484e-22, nan 
70.875, 74.625, 1.9581829275055522e-22, nan 
71.125, 74.625, 3.2590131845584536e-22, nan 
71.375, 74.625, 3.7826219494923334e-22, nan 
71.625, 74.625, 2.2646777439958817e-22, nan 
71.875, 74.625, 3.8106020832395634e-22, nan 
72.125, 74.625, 4.9294310882217915e-22, nan 
72.375, 74.625, 1.876420514225158e-22, nan 
72.625, 74.625, 2.654050488458498e-22, nan 
72.875, 74.625, 3.273115697027378e-22, nan 
73.125, 74.625, 1.739074729479281e-22, nan 
73.375, 74.625, 2.602400044145855e-22, nan 
73.625, 74.625, 2.114673774283701e-22, nan 
73.875, 74.625, 1.696638685993618e-22, nan 
74.125, 74.625, 2.7369698335556607e-22, nan 
74.375, 74.625, 1.2138228678756183e-22, nan 
74.625, 74.625, 1.950618953099531e-22, nan 
74.875, 74.625, 3.6921292136557707e-22, nan 
75.125, 74.625, 1.239012937571602e-22, nan 
75.375, 74.625, 1.7827431631465444e-22, nan 
75.625, 74.625, 2.910871252861835e-22, nan 
75.875, 74.625, 3.198030887823989e-22, nan 
76.125, 74.625, 4.1131609645435777e-22, nan 
76.375, 74.625, 3.5857948651901185e-22, nan 
76.625, 74.625, 2.8622789314732797e-22, nan 
76.875, 74.625, 4.365629139557058e-22, nan 
77.125, 74.625, 4.1889659126980224e-22, nan 
77.375, 74.625, 4.195454211933442e-22, nan 
77.625, 74.625, 1.0410456318079479e-21, nan 
77.875, 74.625, 9.38470465446216e-22, nan 
78.125, 74.625, 1.0309067231796543e-21, nan 
78.375, 74.625, 1.0687282652967627e-21, nan 
78.625, 74.625, 9.020530429795642e-22, nan 
78.875, 74.625, 1.132503545867984e-21, nan 
79.125, 74.625, 7.203037669728547e-22, nan 
79.375, 74.625, 3.7368483835004164e-22, nan 
79.625, 74.625, 5.298610739614287e-22, nan 
79.875, 74.625, 3.4527023889802355e-22, nan 
80.125, 74.625, 3.146352050419519e-22, nan 
80.375, 74.625, 2.1727362299266255e-22, nan 
80.625, 74.625, 3.531379572788749e-22, nan 
80.875, 74.625, 6.413382658429685e-22, nan 
81.125, 74.625, 5.494773582413079e-22, nan 
81.375, 74.625, 5.053092917379222e-22, nan 
81.625, 74.625, 4.9727128030463145e-22, nan 
81.875, 74.625, 4.389143231699441e-22, nan 
82.125, 74.625, 4.163126417675719e-22, nan 
82.375, 74.625, 6.393354946082308e-22, nan 
82.625, 74.625, 6.230819329942153e-22, nan 
82.875, 74.625, 5.156938825810603e-22, nan 
83.125, 74.625, 8.929973180367227e-22, nan 
83.375, 74.625, 7.887025249100077e-22, nan 
83.625, 74.625, 1.0414716141277741e-21, nan 
83.875, 74.625, 1.0339391324265133e-21, nan 
84.125, 74.625, 1.1051089394955223e-21, nan 
84.375, 74.625, 1.3472140654915232e-21, nan 
84.625, 74.625, 1.5308072016581274e-21, nan 
84.875, 74.625, 1.5209414101436603e-21, nan 
85.125, 74.625, 2.01373072653919e-21, nan 
85.375, 74.625, 2.8355427463931735e-21, nan 
85.625, 74.625, 2.6086900936834815e-21, nan 
85.875, 74.625, 1.8314708307249788e-21, nan 
86.125, 74.625, 2.4455898407863052e-21, nan 
86.375, 74.625, 1.717666614088656e-21, nan 
86.625, 74.625, 1.802085890711897e-21, nan 
86.875, 74.625, 2.067462648095713e-21, nan 
87.125, 74.625, 1.63268394303244e-21, nan 
87.375, 74.625, 1.6400897247801125e-21, nan 
87.625, 74.625, 1.5540160789619612e-21, nan 
87.875, 74.625, 8.3151283323728175e-22, nan 
88.125, 74.625, 1.1666868300451075e-21, nan 
88.375, 74.625, 2.1135016805661545e-21, nan 
88.625, 74.625, 2.2543323919745925e-21, nan 
88.875, 74.625, 1.5472786612919695e-21, nan 
89.125, 74.625, 7.744141001924855e-22, nan 
89.375, 74.625, 6.186364196059472e-22, nan 
89.625, 74.625, 9.04317436292232e-22, nan 
89.875, 74.625, 1.713702350796713e-21, nan 
90.125, 74.625, 1.2017228612633098e-21, nan 
90.375, 74.625, 1.9280344916105323e-21, nan 
90.625, 74.625, 2.4820571041939803e-21, nan 
90.875, 74.625, 1.8279129768301363e-21, nan 
91.125, 74.625, 1.829739967236778e-21, nan 
91.375, 74.625, 1.2702375803459858e-21, nan 
91.625, 74.625, 1.5982999948951359e-21, nan 
91.875, 74.625, 1.7747951208733402e-21, nan 
92.125, 74.625, 1.68946214796673e-21, nan 
92.375, 74.625, 2.113029558498895e-21, nan 
92.625, 74.625, 2.9328898759528027e-21, nan 
92.875, 74.625, 3.969329027801845e-21, nan 
93.125, 74.625, 2.9792521126038218e-21, nan 
93.375, 74.625, 3.463197853040056e-21, nan 
93.625, 74.625, 3.575347420127008e-21, nan 
93.875, 74.625, 3.546286884554271e-21, nan 
94.125, 74.625, 4.8623186285160906e-21, nan 
94.375, 74.625, 5.287783990640893e-21, nan 
94.625, 74.625, 3.693331953130744e-21, nan 
94.875, 74.625, 4.022586932139042e-21, nan 
95.125, 74.625, 3.913701981199671e-21, nan 
95.375, 74.625, 4.120904382715433e-21, nan 
95.625, 74.625, 6.112097658152039e-21, nan 
95.875, 74.625, 6.879168069585409e-21, nan 
96.125, 74.625, 9.680285902390076e-21, nan 
96.375, 74.625, 7.767338533044033e-21, nan 
96.625, 74.625, 8.980569550006578e-21, nan 
96.875, 74.625, 1.4644587858361673e-20, nan 
97.125, 74.625, 4.967146246583657e-20, nan 
97.375, 74.625, 4.7088618460750204e-20, nan 
97.625, 74.625, 3.741687935126652e-20, nan 
97.875, 74.625, 3.8883655266316766e-20, nan 
98.125, 74.625, 3.691329814565997e-20, nan 
98.375, 74.625, 3.130742889956032e-20, nan 
98.625, 74.625, 2.7910216732832736e-20, nan 
98.875, 74.625, 1.2915607628883808e-20, nan 
99.125, 74.625, 1.2464110512639398e-20, nan 
99.375, 74.625, 4.888292705182684e-21, nan 
99.625, 74.625, 9.576676060996489e-21, nan 
99.875, 74.625, 6.3382877290788706e-21, nan 
100.125, 74.625, 1.4659380923088403e-20, nan 
100.375, 74.625, 1.0893878164603079e-20, nan 
100.625, 74.625, 1.453656744205867e-20, nan 
100.875, 74.625, 1.430702708187956e-20, nan 
101.125, 74.625, 1.3943215542513705e-20, nan 
101.375, 74.625, 2.0921995223857696e-20, nan 
101.625, 74.625, 1.4339267408469923e-20, nan 
101.875, 74.625, 1.1634859914674534e-20, nan 
102.125, 74.625, 2.797645999243576e-20, nan 
102.375, 74.625, 1.3007042946789007e-20, nan 
102.625, 74.625, 1.7156080517736165e-20, nan 
102.875, 74.625, 7.498077511174305e-21, nan 
103.125, 74.625, 1.289408718892937e-20, nan 
103.375, 74.625, 1.1451653376519079e-20, nan 
103.625, 74.625, 7.968653254834144e-21, nan 
103.875, 74.625, 1.1104873745511462e-20, nan 
104.125, 74.625, 1.5878139129231696e-20, nan 
104.375, 74.625, 1.771496391558857e-20, nan 
104.625, 74.625, 1.396415779111112e-20, nan 
104.875, 74.625, 1.4390375682349388e-20, nan 
105.125, 74.625, 1.465184062207459e-20, nan 
105.375, 74.625, 1.7599068550719102e-20, nan 
105.625, 74.625, 1.7286827812522027e-20, nan 
105.875, 74.625, 2.6811124013407138e-20, nan 
106.125, 74.625, 2.528182257022144e-20, nan 
106.375, 74.625, 2.7923921879584324e-20, nan 
106.625, 74.625, 3.6884079025116985e-20, nan 
106.875, 74.625, 3.734925737066662e-20, nan 
107.125, 74.625, 3.950366678491435e-20, nan 
107.375, 74.625, 3.5973461575319616e-20, nan 
107.625, 74.625, 1.805428649451782e-20, nan 
107.875, 74.625, 1.9037906958724182e-20, nan 
108.125, 74.625, 2.1793935046846065e-20, nan 
108.375, 74.625, 1.2639484750568644e-20, nan 
108.625, 74.625, 1.388510262912641e-20, nan 
108.875, 74.625, 1.1410466270956881e-20, nan 
109.125, 74.625, 1.3331209207320135e-20, nan 
109.375, 74.625, 1.7873612912844504e-20, nan 
109.625, 74.625, 1.8298717171559344e-20, nan 
109.875, 74.625, 3.1638532439167578e-21, nan 
110.125, 74.625, 2.064788519503695e-20, nan 
110.375, 74.625, 2.1604611167650234e-20, nan 
110.625, 74.625, 8.950102905795361e-21, nan 
110.875, 74.625, 1.448768809876858e-20, nan 
111.125, 74.625, 1.3428818350542797e-20, nan 
111.375, 74.625, 5.591189262675376e-21, nan 
111.625, 74.625, 4.745900943629494e-21, nan 
111.875, 74.625, 2.343031840535452e-21, nan 
112.125, 74.625, 2.5523023312537706e-21, nan 
112.375, 74.625, 2.1371211108105346e-21, nan 
112.625, 74.625, 1.8293909224905928e-21, nan 
112.875, 74.625, 5.080258810331156e-21, nan 
113.125, 74.625, 7.217433252397034e-21, nan 
113.375, 74.625, 7.82173147074793e-21, nan 
113.625, 74.625, 4.417637904099422e-21, nan 
113.875, 74.625, 3.470248731801395e-21, nan 
114.125, 74.625, 3.9833822162490364e-21, nan 
114.375, 74.625, 3.67347173707825e-21, nan 
114.625, 74.625, 2.2856550743008434e-21, nan 
114.875, 74.625, 2.9064373518281705e-21, nan 
115.125, 74.625, 2.2525614317697313e-21, nan 
115.375, 74.625, 1.0719836164706616e-21, nan 
115.625, 74.625, 6.2408886836858995e-22, nan 
115.875, 74.625, 6.146877834834403e-22, nan 
116.125, 74.625, 5.560220572935574e-22, nan 
116.375, 74.625, 5.282766577012777e-22, nan 
116.625, 74.625, 5.251607979554629e-22, nan 
116.875, 74.625, 5.520515531715409e-22, nan 
117.125, 74.625, 1.1685495795445985e-21, nan 
117.375, 74.625, 8.05555412193959e-22, nan 
117.625, 74.625, 8.621562020736128e-22, nan 
117.875, 74.625, 8.978741928602065e-22, nan 
118.125, 74.625, 9.036352383771056e-22, nan 
118.375, 74.625, 9.885400764969584e-22, nan 
118.625, 74.625, 6.264699226028405e-22, nan 
118.875, 74.625, 6.689886617881234e-22, nan 
119.125, 74.625, 7.642772965936909e-22, nan 
119.375, 74.625, 5.820004783598885e-22, nan 
119.625, 74.625, 8.384331816156468e-22, nan 
119.875, 74.625, 8.394033485451018e-22, nan 
120.125, 74.625, 5.537586894137664e-22, nan 
120.375, 74.625, 9.292980832185312e-22, nan 
120.625, 74.625, 1.194678172116005e-21, nan 
120.875, 74.625, 1.1784195769886055e-21, nan 
121.125, 74.625, 1.3272197673104473e-21, nan 
121.375, 74.625, 1.447942361082276e-21, nan 
121.625, 74.625, 1.223123597273888e-21, nan 
121.875, 74.625, 1.0755608346748949e-21, nan 
122.125, 74.625, 8.883403012163085e-22, nan 
122.375, 74.625, 5.540893776124044e-22, nan 
122.625, 74.625, 4.508453444704769e-22, nan 
122.875, 74.625, 5.125801725536306e-22, nan 
123.125, 74.625, 2.9914328176378717e-22, nan 
123.375, 74.625, 2.158508898974412e-22, nan 
123.625, 74.625, 1.1442038931847883e-22, nan 
123.875, 74.625, 1.231961422212216e-22, nan 
124.125, 74.625, 1.6685514614292578e-22, nan 
124.375, 74.625, 2.285858815234126e-22, nan 
124.625, 74.625, 1.1047565367561534e-22, nan 
124.875, 74.625, 1.9177511924360405e-22, nan 
125.125, 74.625, 5.200616528399114e-22, nan 
125.375, 74.625, 5.510576415291236e-22, nan 
125.625, 74.625, 2.879745187139617e-22, nan 
125.875, 74.625, 3.8705974153464276e-22, nan 
126.125, 74.625, 4.488954234175287e-22, nan 
126.375, 74.625, 2.8533376578522525e-22, nan 
126.625, 74.625, 5.277328142541256e-22, nan 
126.875, 74.625, 7.0455077794221255e-22, nan 
127.125, 74.625, 2.076741602322985e-22, nan 
127.375, 74.625, 7.948130051056023e-22, nan 
127.625, 74.625, 1.0745702926032435e-21, nan 
127.875, 74.625, 3.7974550221000963e-22, nan 
128.125, 74.625, 5.529933085314136e-22, nan 
128.375, 74.625, 6.751736707860715e-22, nan 
128.625, 74.625, 3.221989510818164e-22, nan 
128.875, 74.625, 1.7921226871770114e-22, nan 
129.125, 74.625, 1.4967403023431827e-22, nan 
129.375, 74.625, 1.1348064195516715e-22, nan 
129.625, 74.625, 1.1920186900142623e-22, nan 
129.875, 74.625, 2.5586444375791072e-22, nan 
130.125, 74.625, 1.274481661733038e-22, nan 
130.375, 74.625, 9.320854564479985e-23, nan 
130.625, 74.625, 1.7618703208898906e-22, nan 
130.875, 74.625, 2.9637582777455644e-23, nan 
131.125, 74.625, 7.595736661384411e-23, nan 
131.375, 74.625, 1.1092670023637082e-22, nan 
131.625, 74.625, 5.892179452703406e-23, nan 
131.875, 74.625, 1.3660734787323501e-22, nan 
132.125, 74.625, 1.2916116787516502e-22, nan 
132.375, 74.625, 7.448543158883388e-23, nan 
132.625, 74.625, 1.0519642871900459e-22, nan 
132.875, 74.625, 1.2558795192394425e-22, nan 
133.125, 74.625, 1.0713567420797098e-22, nan 
133.375, 74.625, 8.285639832458961e-23, nan 
133.625, 74.625, 8.896958351358825e-23, nan 
133.875, 74.625, 1.0291828540546099e-22, nan 
134.125, 74.625, 8.764069382731293e-23, nan 
134.375, 74.625, 8.003322289900469e-23, nan 
134.625, 74.625, 1.6240165085487904e-23, nan 
134.875, 74.625, 9.846809686173631e-23, nan 
135.125, 74.625, 1.0916519000204413e-22, nan 
135.375, 74.625, 8.655202631458612e-23, nan 
135.625, 74.625, 1.8812625791866555e-22, nan 
135.875, 74.625, 1.0300617206177394e-22, nan 
136.125, 74.625, 8.540670784515815e-23, nan 
136.375, 74.625, 1.421228931738106e-22, nan 
136.625, 74.625, 8.162542449382113e-23, nan 
136.875, 74.625, 3.677183992392585e-23, nan 
137.125, 74.625, 2.156311093498672e-23, nan 
137.375, 74.625, 4.956032345543582e-23, nan 
137.625, 74.625, 5.305056397337511e-23, nan 
137.875, 74.625, 4.26820265869055e-23, nan 
138.125, 74.625, 5.128759514465111e-23, nan 
138.375, 74.625, 4.775921406204245e-23, nan 
138.625, 74.625, 4.1025040972370087e-23, nan 
138.875, 74.625, 2.6149768533013216e-23, nan 
139.125, 74.625, 2.1822844587344456e-23, nan 
139.375, 74.625, 1.9856817036831055e-23, nan 
139.625, 74.625, 2.18316401060614e-23, nan 
139.875, 74.625, 2.4327285423417204e-23, nan 
140.125, 74.625, 3.222276272350372e-23, nan 
140.375, 74.625, 2.930863277083828e-23, nan 
140.625, 74.625, 2.561951918322589e-23, nan 
140.875, 74.625, 2.801028427361909e-23, nan 
141.125, 74.625, 3.022050294859196e-23, nan 
141.375, 74.625, 3.074369571586978e-23, nan 
141.625, 74.625, 2.9552461670978676e-23, nan 
141.875, 74.625, 2.659204749023806e-23, nan 
142.125, 74.625, 2.8411271642709094e-23, nan 
142.375, 74.625, 2.961043573886366e-23, nan 
142.625, 74.625, 2.600359291238165e-23, nan 
142.875, 74.625, 2.2280889239520996e-23, nan 
143.125, 74.625, 2.0234393806327632e-23, nan 
143.375, 74.625, 2.577498433108968e-23, nan 
143.625, 74.625, 2.746054529498603e-23, nan 
143.875, 74.625, 2.601732680358481e-23, nan 
144.125, 74.625, 6.1132114881251146e-24, nan 
144.375, 74.625, 2.5983108975770495e-23, nan 
144.625, 74.625, 4.0780101903451046e-23, nan 
144.875, 74.625, 2.257361392972495e-23, nan 
145.125, 74.625, 2.6777204080323665e-23, nan 
145.375, 74.625, 3.7219574300632194e-23, nan 
145.625, 74.625, 2.63442390363453e-23, nan 
145.875, 74.625, 2.041508368889347e-23, nan 
146.125, 74.625, 2.59237211148091e-23, nan 
146.375, 74.625, 1.8488639162479098e-23, nan 
146.625, 74.625, 9.780363417163223e-24, nan 
146.875, 74.625, 5.991709051500306e-24, nan 
147.125, 74.625, 3.5951481068052086e-24, nan 
147.375, 74.625, 6.19670863093132e-24, nan 
147.625, 74.625, 7.523583363399227e-24, nan 
147.875, 74.625, 2.2811001955377665e-24, nan 
148.125, 74.625, 8.355187614078562e-24, nan 
148.375, 74.625, 1.047055387684727e-23, nan 
148.625, 74.625, 8.930601485902219e-24, nan 
148.875, 74.625, 6.456625910882724e-24, nan 
149.125, 74.625, 7.926966086576821e-24, nan 
149.375, 74.625, 6.953405669297293e-24, nan 
149.625, 74.625, 4.1077202590419846e-24, nan 
149.875, 74.625, 5.726706677270364e-24, nan 
150.125, 74.625, 6.790138733100829e-24, nan 
150.375, 74.625, 2.0927408479635015e-24, nan 
150.625, 74.625, 6.432532170119441e-24, nan 
150.875, 74.625, 4.7287419641014674e-24, nan 
151.125, 74.625, 5.5631046060545046e-24, nan 
151.375, 74.625, 7.585966477680957e-24, nan 
151.625, 74.625, 6.6040362678714065e-24, nan 
151.875, 74.625, 1.6662277849429152e-23, nan 
152.125, 74.625, 1.6387404858716157e-23, nan 
152.375, 74.625, 2.0691011785020504e-23, nan 
152.625, 74.625, 1.749955541751817e-23, nan 
152.875, 74.625, 1.8405832956144203e-23, nan 
153.125, 74.625, 2.4131052791151897e-23, nan 
153.375, 74.625, 1.967878457164898e-23, nan 
153.625, 74.625, 1.2667103572349944e-23, nan 
153.875, 74.625, 1.5901835464400935e-23, nan 
154.125, 74.625, 1.5375657971436125e-23, nan 
154.375, 74.625, 1.4166054728302637e-23, nan 
154.625, 74.625, 1.029542853895128e-23, nan 
154.875, 74.625, 8.780147938242379e-24, nan 
155.125, 74.625, 1.0467231633538638e-23, nan 
155.375, 74.625, 8.338606307818448e-24, nan 
155.625, 74.625, 6.363153888061987e-24, nan 
155.875, 74.625, 4.3902983650322946e-24, nan 
156.125, 74.625, 6.736067051223642e-24, nan 
156.375, 74.625, 9.467491207281432e-24, nan 
156.625, 74.625, 8.153683676656568e-24, nan 
156.875, 74.625, 6.651176326342553e-24, nan 
157.125, 74.625, 6.4171377654515934e-24, nan 
157.375, 74.625, 3.0486989044282272e-24, nan 
157.625, 74.625, 1.7332639103522774e-24, nan 
157.875, 74.625, 2.440802475770653e-24, nan 
158.125, 74.625, 3.544022398775812e-24, nan 
158.375, 74.625, 3.28218551671337e-24, nan 
158.625, 74.625, 5.44606535327974e-24, nan 
158.875, 74.625, 9.455118322398143e-24, nan 
159.125, 74.625, 3.994502234569604e-24, nan 
159.375, 74.625, 1.3491502147310586e-23, nan 
159.625, 74.625, 2.6704110985188804e-23, nan 
159.875, 74.625, 1.708905351945943e-23, nan 
160.125, 74.625, 1.30269751345028e-23, nan 
160.375, 74.625, 2.4782032348422452e-23, nan 
160.625, 74.625, 2.9737645583386993e-23, nan 
160.875, 74.625, 3.295433243222957e-23, nan 
161.125, 74.625, 3.162554602831378e-23, nan 
161.375, 74.625, 2.481172723816889e-23, nan 
161.625, 74.625, 3.8381395001058994e-23, nan 
161.875, 74.625, 4.478723230908262e-23, nan 
162.125, 74.625, 1.9435319055184015e-23, nan 
162.375, 74.625, 2.832820346231572e-23, nan 
162.625, 74.625, 3.223159774075853e-23, nan 
162.875, 74.625, 2.579637670920624e-23, nan 
163.125, 74.625, 2.8644844815000236e-23, nan 
163.375, 74.625, 2.081115335573811e-23, nan 
163.625, 74.625, 1.532164446537138e-23, nan 
163.875, 74.625, 1.7917498313385336e-23, nan 
164.125, 74.625, 1.9205078787471465e-23, nan 
164.375, 74.625, 2.433739308021565e-23, nan 
164.625, 74.625, 2.0783393206039524e-23, nan 
164.875, 74.625, 8.61037591783209e-24, nan 
165.125, 74.625, 1.5220201072042676e-23, nan 
165.375, 74.625, 2.0315819309926485e-23, nan 
165.625, 74.625, 1.004365935629981e-23, nan 
165.875, 74.625, 1.233478135920055e-23, nan 
166.125, 74.625, 1.0204843384419389e-23, nan 
166.375, 74.625, 8.589803071711979e-24, nan 
166.625, 74.625, 1.115582414487919e-23, nan 
166.875, 74.625, 8.887888273625201e-24, nan 
167.125, 74.625, 3.8876706323808566e-24, nan 
167.375, 74.625, 4.941735057208703e-24, nan 
167.625, 74.625, 4.1454018686184284e-24, nan 
167.875, 74.625, 4.38052489032333e-24, nan 
168.125, 74.625, 5.49582490678707e-24, nan 
168.375, 74.625, 4.767513964867917e-24, nan 
168.625, 74.625, 3.887540820458748e-24, nan 
168.875, 74.625, 5.8292448899457654e-24, nan 
169.125, 74.625, 3.9661054104091864e-24, nan 
169.375, 74.625, 3.35866980389918e-24, nan 
169.625, 74.625, 3.598454043702289e-24, nan 
169.875, 74.625, 3.1366505471092028e-24, nan 
170.125, 74.625, 2.2499396899774234e-24, nan 
170.375, 74.625, 1.5495950777218e-24, nan 
170.625, 74.625, 1.2124581905781603e-24, nan 
170.875, 74.625, 1.978629627057723e-24, nan 
171.125, 74.625, 2.555299825797422e-24, nan 
171.375, 74.625, 2.3897735081861652e-24, nan 
171.625, 74.625, 3.389746172504448e-24, nan 
171.875, 74.625, 4.71917542441714e-24, nan 
172.125, 74.625, 3.2721510410951265e-24, nan 
172.375, 74.625, 3.409739249505132e-24, nan 
172.625, 74.625, 2.8502642012441204e-24, nan 
172.875, 74.625, 4.0027351599412045e-24, nan 
173.125, 74.625, 3.365046558716252e-24, nan 
173.375, 74.625, 2.3851164611705794e-24, nan 
173.625, 74.625, 2.570223211851016e-24, nan 
173.875, 74.625, 2.7981361365804812e-24, nan 
174.125, 74.625, 2.200789418626679e-24, nan 
174.375, 74.625, 2.2835334197132885e-24, nan 
174.625, 74.625, 5.0795280688797836e-24, nan 
174.875, 74.625, 5.879331366382283e-24, nan 
175.125, 74.625, 4.4295332522417925e-24, nan 
175.375, 74.625, 3.725373873535323e-24, nan 
175.625, 74.625, 4.470997444976379e-24, nan 
175.875, 74.625, 3.1680336157152028e-24, nan 
176.125, 74.625, 1.1997328746725876e-24, nan 
176.375, 74.625, 1.704785244146115e-24, nan 
176.625, 74.625, 6.008585242164439e-25, nan 
176.875, 74.625, 1.819356117790331e-24, nan 
177.125, 74.625, 1.824980203436759e-24, nan 
177.375, 74.625, 3.1718077616813443e-24, nan 
177.625, 74.625, 4.678136548834685e-24, nan 
177.875, 74.625, 5.442359061533854e-24, nan 
178.125, 74.625, 4.101267951467181e-24, nan 
24.125, 74.875, 9.59838054721983e-25, nan 
24.375, 74.875, 1.5408887475429658e-24, nan 
24.625, 74.875, 1.2983199860354283e-24, nan 
24.875, 74.875, 1.1858791406374768e-24, nan 
25.125, 74.875, 1.2905402929372501e-24, nan 
25.375, 74.875, 1.3422364079905508e-24, nan 
25.625, 74.875, 1.0971573446619536e-24, nan 
25.875, 74.875, 1.2481580298879933e-24, nan 
26.125, 74.875, 2.0636774440019203e-24, nan 
26.375, 74.875, 1.5268663638852543e-24, nan 
26.625, 74.875, 1.2752157572921952e-24, nan 
26.875, 74.875, 2.0249143489863004e-24, nan 
27.125, 74.875, 2.5727721111270976e-24, nan 
27.375, 74.875, 1.866567467717382e-24, nan 
27.625, 74.875, 1.2401102646871599e-24, nan 
27.875, 74.875, 1.894946932023648e-24, nan 
28.125, 74.875, 1.9629278652468168e-24, nan 
28.375, 74.875, 1.0842585424420264e-24, nan 
28.625, 74.875, 1.610547816552672e-24, nan 
28.875, 74.875, 8.945950052457155e-25, nan 
29.125, 74.875, 8.892876205130453e-25, nan 
29.375, 74.875, 1.7704708075927503e-24, nan 
29.625, 74.875, 5.810844364530414e-25, nan 
29.875, 74.875, 8.728327033889586e-25, nan 
30.125, 74.875, 9.236776272791533e-25, nan 
30.375, 74.875, 9.486557603686196e-25, nan 
30.625, 74.875, 3.0850003151624323e-25, nan 
30.875, 74.875, 3.5221264079512495e-25, nan 
31.125, 74.875, 1.2568749009416668e-24, nan 
31.375, 74.875, 3.3294270611543225e-24, nan 
31.625, 74.875, 1.2546942585501084e-24, nan 
31.875, 74.875, 6.594408152271329e-25, nan 
32.125, 74.875, 1.478335900737338e-24, nan 
32.375, 74.875, 1.1491880090286751e-24, nan 
32.625, 74.875, 1.1902782175516783e-24, nan 
32.875, 74.875, 1.5204480593247174e-24, nan 
33.125, 74.875, 9.317479831538268e-25, nan 
33.375, 74.875, 7.047658210932065e-25, nan 
33.625, 74.875, 1.0468933859924885e-24, nan 
33.875, 74.875, 1.55800320704885e-24, nan 
34.125, 74.875, 1.668696597083155e-24, nan 
34.375, 74.875, 2.001610043976429e-24, nan 
34.625, 74.875, 3.311392359550757e-24, nan 
34.875, 74.875, 4.9730297981254385e-24, nan 
35.125, 74.875, 4.547469544601532e-24, nan 
35.375, 74.875, 3.755239119846987e-24, nan 
35.625, 74.875, 4.8771650522255725e-24, nan 
35.875, 74.875, 5.634952145203728e-24, nan 
36.125, 74.875, 7.731258577259567e-24, nan 
36.375, 74.875, 5.444742832376974e-24, nan 
36.625, 74.875, 5.6154849183192634e-24, nan 
36.875, 74.875, 1.1520828767747447e-23, nan 
37.125, 74.875, 1.0313316295588458e-23, nan 
37.375, 74.875, 9.464087959685109e-24, nan 
37.625, 74.875, 7.544456615678362e-24, nan 
37.875, 74.875, 7.806327176846693e-24, nan 
38.125, 74.875, 7.5232274272308e-24, nan 
38.375, 74.875, 5.120200583100748e-24, nan 
38.625, 74.875, 6.110625210903236e-24, nan 
38.875, 74.875, 3.394695381883623e-24, nan 
39.125, 74.875, 3.594933576134824e-24, nan 
39.375, 74.875, 3.998669367492235e-24, nan 
39.625, 74.875, 2.4463502451937594e-24, nan 
39.875, 74.875, 7.958527003924426e-24, nan 
40.125, 74.875, 6.362190032225591e-24, nan 
40.375, 74.875, 6.178336193438709e-24, nan 
40.625, 74.875, 1.1436437274360582e-23, nan 
40.875, 74.875, 8.077559613407227e-24, nan 
41.125, 74.875, 1.0813912749262865e-23, nan 
41.375, 74.875, 6.69951007138885e-24, nan 
41.625, 74.875, 6.1428785167513996e-24, nan 
41.875, 74.875, 7.312612337254079e-24, nan 
42.125, 74.875, 3.9133424855953434e-24, nan 
42.375, 74.875, 5.836386409577415e-24, nan 
42.625, 74.875, 3.910225035778574e-24, nan 
42.875, 74.875, 3.805376574624506e-24, nan 
43.125, 74.875, 1.749553098651454e-24, nan 
43.375, 74.875, 3.768215422808532e-24, nan 
43.625, 74.875, 4.0205037722390085e-24, nan 
43.875, 74.875, 2.9872120661698633e-24, nan 
44.125, 74.875, 4.404240433830267e-24, nan 
44.375, 74.875, 5.8512362560012755e-24, nan 
44.625, 74.875, 4.300259446991219e-24, nan 
44.875, 74.875, 5.154717398562979e-24, nan 
45.125, 74.875, 9.378109258165307e-24, nan 
45.375, 74.875, 6.084215967970798e-24, nan 
45.625, 74.875, 3.3949000491913794e-24, nan 
45.875, 74.875, 3.828666499217046e-24, nan 
46.125, 74.875, 3.771488152139211e-24, nan 
46.375, 74.875, 2.332562561884048e-24, nan 
46.625, 74.875, 3.374892036923456e-24, nan 
46.875, 74.875, 4.261847142262684e-24, nan 
47.125, 74.875, 5.9583128653503426e-24, nan 
47.375, 74.875, 4.416911046411347e-24, nan 
47.625, 74.875, 3.1480250817514824e-24, nan 
47.875, 74.875, 6.945918067840801e-24, nan 
48.125, 74.875, 3.815510887497829e-24, nan 
48.375, 74.875, 3.213435727896526e-24, nan 
48.625, 74.875, 3.0155574471646623e-24, nan 
48.875, 74.875, 5.0466242915673136e-24, nan 
49.125, 74.875, 4.723379734539631e-24, nan 
49.375, 74.875, 4.808686657606338e-24, nan 
49.625, 74.875, 3.0876927281912564e-24, nan 
49.875, 74.875, 2.898309337996959e-24, nan 
50.125, 74.875, 1.9688362482456337e-24, nan 
50.375, 74.875, 3.651757805055649e-24, nan 
50.625, 74.875, 4.148201797179441e-24, nan 
50.875, 74.875, 5.6349884304691546e-24, nan 
51.125, 74.875, 6.580289190183726e-24, nan 
51.375, 74.875, 7.458202804300206e-24, nan 
51.625, 74.875, 7.551237627482218e-24, nan 
51.875, 74.875, 6.589520587376111e-24, nan 
52.125, 74.875, 6.328947329981014e-24, nan 
52.375, 74.875, 6.730825048679867e-24, nan 
52.625, 74.875, 5.486867200006372e-24, nan 
52.875, 74.875, 6.914036676350007e-24, nan 
53.125, 74.875, 6.070887966621314e-24, nan 
53.375, 74.875, 8.563633575957271e-24, nan 
53.625, 74.875, 1.076838813647298e-23, nan 
53.875, 74.875, 9.233050132908455e-24, nan 
54.125, 74.875, 5.8517316963085025e-24, nan 
54.375, 74.875, 6.665823573950696e-24, nan 
54.625, 74.875, 7.697554672277581e-24, nan 
54.875, 74.875, 2.0424441568131174e-23, nan 
55.125, 74.875, 1.5553291419726124e-23, nan 
55.375, 74.875, 1.3991363125362293e-23, nan 
55.625, 74.875, 2.4201382846505436e-23, nan 
55.875, 74.875, 1.884573326443856e-23, nan 
56.125, 74.875, 1.6457529298114814e-23, nan 
56.375, 74.875, 2.3672401964971516e-23, nan 
56.625, 74.875, 3.608722183429608e-23, nan 
56.875, 74.875, 3.835141599564833e-23, nan 
57.125, 74.875, 2.366330646268199e-23, nan 
57.375, 74.875, 4.354201371534096e-23, nan 
57.625, 74.875, 5.251125685551825e-23, nan 
57.875, 74.875, 1.8487915285062673e-23, nan 
58.125, 74.875, 2.4737071185630635e-23, nan 
58.375, 74.875, 3.562068870108475e-23, nan 
58.625, 74.875, 2.089525432784061e-23, nan 
58.875, 74.875, 1.74185250904751e-23, nan 
59.125, 74.875, 1.1909315194134605e-23, nan 
59.375, 74.875, 1.3098844365521663e-23, nan 
59.625, 74.875, 2.0004465596142773e-23, nan 
59.875, 74.875, 3.011879947636423e-23, nan 
60.125, 74.875, 4.2480304242000157e-23, nan 
60.375, 74.875, 3.037939469930902e-23, nan 
60.625, 74.875, 2.7712337328859747e-23, nan 
60.875, 74.875, 1.9783760706481825e-23, nan 
61.125, 74.875, 1.2820433072591443e-23, nan 
61.375, 74.875, 1.5322247124203895e-23, nan 
61.625, 74.875, 2.6289559357116194e-23, nan 
61.875, 74.875, 4.7651327651571976e-23, nan 
62.125, 74.875, 5.2155935837343104e-23, nan 
62.375, 74.875, 3.643996282135784e-23, nan 
62.625, 74.875, 3.092358213568039e-23, nan 
62.875, 74.875, 2.86748564381316e-23, nan 
63.125, 74.875, 3.0545928354440576e-23, nan 
63.375, 74.875, 3.6164014199926893e-23, nan 
63.625, 74.875, 4.984168978755976e-23, nan 
63.875, 74.875, 7.265221837514845e-23, nan 
64.125, 74.875, 7.919282561386911e-23, nan 
64.375, 74.875, 5.154804084638461e-23, nan 
64.625, 74.875, 1.366516369128434e-22, nan 
64.875, 74.875, 1.7929586989780192e-22, nan 
65.125, 74.875, 1.3288597024088443e-22, nan 
65.375, 74.875, 1.3344604034180872e-22, nan 
65.625, 74.875, 1.7364842976736947e-22, nan 
65.875, 74.875, 1.249137274322127e-22, nan 
66.125, 74.875, 3.535920644831263e-23, nan 
66.375, 74.875, 5.171936411311662e-23, nan 
66.625, 74.875, 3.192616680046081e-23, nan 
66.875, 74.875, 1.9188355094608463e-23, nan 
67.125, 74.875, 2.3515166678988418e-23, nan 
67.375, 74.875, 3.4036689012212416e-23, nan 
67.625, 74.875, 3.1170135801022093e-23, nan 
67.875, 74.875, 5.171963371251693e-23, nan 
68.125, 74.875, 6.830647967448883e-23, nan 
68.375, 74.875, 2.846253110805142e-23, nan 
68.625, 74.875, 4.75138044328152e-23, nan 
68.875, 74.875, 9.222852221593528e-23, nan 
69.125, 74.875, 4.2362761659424325e-23, nan 
69.375, 74.875, 5.361054419198736e-23, nan 
69.625, 74.875, 6.488200582507258e-23, nan 
69.875, 74.875, 8.423162871522032e-23, nan 
70.125, 74.875, 8.527703216270068e-23, nan 
70.375, 74.875, 1.189191746381981e-22, nan 
70.625, 74.875, 9.957303905592638e-23, nan 
70.875, 74.875, 1.6054393090678555e-22, nan 
71.125, 74.875, 3.6799152657971285e-22, nan 
71.375, 74.875, 3.748584924479553e-22, nan 
71.625, 74.875, 2.2313891010292715e-22, nan 
71.875, 74.875, 4.961326543647329e-22, nan 
72.125, 74.875, 5.050215479531039e-22, nan 
72.375, 74.875, 2.167897376940671e-22, nan 
72.625, 74.875, 2.720315085443853e-22, nan 
72.875, 74.875, 2.730908665155726e-22, nan 
73.125, 74.875, 1.4317529799547573e-22, nan 
73.375, 74.875, 1.7615264901723725e-22, nan 
73.625, 74.875, 1.104544840360485e-22, nan 
73.875, 74.875, 1.7919076863497403e-22, nan 
74.125, 74.875, 2.202135945107358e-22, nan 
74.375, 74.875, 2.578089543371705e-22, nan 
74.625, 74.875, 2.6425216303374325e-22, nan 
74.875, 74.875, 3.4966187906693927e-22, nan 
75.125, 74.875, 3.6152880546433396e-22, nan 
75.375, 74.875, 1.265963472438247e-22, nan 
75.625, 74.875, 1.7552720959946216e-22, nan 
75.875, 74.875, 2.4717837458191904e-22, nan 
76.125, 74.875, 1.1730036942813567e-22, nan 
76.375, 74.875, 2.1157439512311575e-22, nan 
76.625, 74.875, 2.0195343621450109e-22, nan 
76.875, 74.875, 3.8179512808738236e-22, nan 
77.125, 74.875, 4.1932597809341674e-22, nan 
77.375, 74.875, 4.625182074867311e-22, nan 
77.625, 74.875, 3.159817698567787e-22, nan 
77.875, 74.875, 3.9085454914295064e-22, nan 
78.125, 74.875, 5.582319779146832e-22, nan 
78.375, 74.875, 2.9705761898628483e-22, nan 
78.625, 74.875, 2.275473440802223e-22, nan 
78.875, 74.875, 2.9748212020869965e-22, nan 
79.125, 74.875, 2.528324587121161e-22, nan 
79.375, 74.875, 2.8749152280769976e-22, nan 
79.625, 74.875, 3.364028157609004e-22, nan 
79.875, 74.875, 2.796643606952179e-22, nan 
80.125, 74.875, 3.7746076771245877e-22, nan 
80.375, 74.875, 3.662748458589362e-22, nan 
80.625, 74.875, 3.441923229761464e-22, nan 
80.875, 74.875, 2.485297012042067e-22, nan 
81.125, 74.875, 2.252005224044769e-22, nan 
81.375, 74.875, 3.6258549972787227e-22, nan 
81.625, 74.875, 5.440164550676708e-22, nan 
81.875, 74.875, 4.445744210000194e-22, nan 
82.125, 74.875, 5.308234003532549e-22, nan 
82.375, 74.875, 6.843103102090836e-22, nan 
82.625, 74.875, 7.46558389018423e-22, nan 
82.875, 74.875, 6.46769432269854e-22, nan 
83.125, 74.875, 8.896128175441537e-22, nan 
83.375, 74.875, 1.39626570335524e-21, nan 
83.625, 74.875, 8.283584320281393e-22, nan 
83.875, 74.875, 1.0797376714306508e-21, nan 
84.125, 74.875, 1.2742491015985114e-21, nan 
84.375, 74.875, 1.2067919147791596e-21, nan 
84.625, 74.875, 1.3218467122257905e-21, nan 
84.875, 74.875, 1.3499357267407212e-21, nan 
85.125, 74.875, 1.3182244091315386e-21, nan 
85.375, 74.875, 1.6304268615806211e-21, nan 
85.625, 74.875, 1.069879031756297e-21, nan 
85.875, 74.875, 8.542122652364584e-22, nan 
86.125, 74.875, 7.31381978298199e-22, nan 
86.375, 74.875, 1.2231107288801207e-21, nan 
86.625, 74.875, 1.6574252898564223e-21, nan 
86.875, 74.875, 2.0808508160833817e-21, nan 
87.125, 74.875, 2.2389370308771433e-21, nan 
87.375, 74.875, 2.0019597892900604e-21, nan 
87.625, 74.875, 2.1270488437177838e-21, nan 
87.875, 74.875, 2.800863253969581e-21, nan 
88.125, 74.875, 1.81943956388917e-21, nan 
88.375, 74.875, 2.1262486790588067e-21, nan 
88.625, 74.875, 2.8383924296780205e-21, nan 
88.875, 74.875, 1.4502687312779374e-21, nan 
89.125, 74.875, 2.081580710813878e-21, nan 
89.375, 74.875, 2.1512110170959786e-21, nan 
89.625, 74.875, 8.398946144763712e-22, nan 
89.875, 74.875, 1.6270448064562882e-21, nan 
90.125, 74.875, 1.6846757776282518e-21, nan 
90.375, 74.875, 1.717074615229137e-21, nan 
90.625, 74.875, 8.260310173852086e-22, nan 
90.875, 74.875, 1.0684610788223424e-21, nan 
91.125, 74.875, 1.2051263694551932e-21, nan 
91.375, 74.875, 1.2584759885230507e-21, nan 
91.625, 74.875, 1.1261470164919208e-21, nan 
91.875, 74.875, 1.6329663450387449e-21, nan 
92.125, 74.875, 1.7629410981338646e-21, nan 
92.375, 74.875, 2.5875848754038073e-21, nan 
92.625, 74.875, 2.8654582801913086e-21, nan 
92.875, 74.875, 2.7207455765460497e-21, nan 
93.125, 74.875, 1.5321564278397034e-21, nan 
93.375, 74.875, 3.054708741370033e-21, nan 
93.625, 74.875, 3.0281786755862353e-21, nan 
93.875, 74.875, 3.3663194837863405e-21, nan 
94.125, 74.875, 4.7079816378359196e-21, nan 
94.375, 74.875, 5.4965651065229655e-21, nan 
94.625, 74.875, 3.3776161358566974e-21, nan 
94.875, 74.875, 3.610122446327955e-21, nan 
95.125, 74.875, 4.210130285484438e-21, nan 
95.375, 74.875, 2.039455500185962e-21, nan 
95.625, 74.875, 2.3732261964969716e-21, nan 
95.875, 74.875, 1.123970899122373e-21, nan 
96.125, 74.875, 1.5791645854029368e-21, nan 
96.375, 74.875, 3.786396497407284e-21, nan 
96.625, 74.875, 5.7567570203574256e-21, nan 
96.875, 74.875, 6.5883616797437405e-21, nan 
97.125, 74.875, 3.236077350506651e-21, nan 
97.375, 74.875, 5.676464688950857e-21, nan 
97.625, 74.875, 6.2753110921046315e-21, nan 
97.875, 74.875, 7.817770831352483e-21, nan 
98.125, 74.875, 1.1706294004794455e-20, nan 
98.375, 74.875, 2.1240175309980643e-20, nan 
98.625, 74.875, 1.1916096924868852e-20, nan 
98.875, 74.875, 1.4775408859005925e-20, nan 
99.125, 74.875, 3.516936250410904e-20, nan 
99.375, 74.875, 2.2703717697933435e-20, nan 
99.625, 74.875, 1.4199190489885433e-20, nan 
99.875, 74.875, 2.1369733834035923e-20, nan 
100.125, 74.875, 1.9275373332315795e-20, nan 
100.375, 74.875, 2.043343336103906e-20, nan 
100.625, 74.875, 1.9101880265408084e-20, nan 
100.875, 74.875, 1.8502962850211826e-20, nan 
101.125, 74.875, 2.186961940821258e-20, nan 
101.375, 74.875, 2.2466147429903416e-20, nan 
101.625, 74.875, 1.8146332325512963e-20, nan 
101.875, 74.875, 9.032758145903947e-21, nan 
102.125, 74.875, 3.716918700206884e-20, nan 
102.375, 74.875, 2.0212930965641747e-20, nan 
102.625, 74.875, 2.0825913786952772e-20, nan 
102.875, 74.875, 2.911848297374505e-20, nan 
103.125, 74.875, 2.0191396745932225e-20, nan 
103.375, 74.875, 2.1170552383462743e-20, nan 
103.625, 74.875, 1.0566304819114617e-20, nan 
103.875, 74.875, 6.706725358532226e-21, nan 
104.125, 74.875, 8.188683460411038e-21, nan 
104.375, 74.875, 5.6707169486273875e-21, nan 
104.625, 74.875, 6.428370917547962e-21, nan 
104.875, 74.875, 7.557289557546136e-21, nan 
105.125, 74.875, 8.283824462120525e-21, nan 
105.375, 74.875, 6.831718959683264e-21, nan 
105.625, 74.875, 1.1402285902905891e-20, nan 
105.875, 74.875, 7.425917413927394e-21, nan 
106.125, 74.875, 1.1660324424198836e-20, nan 
106.375, 74.875, 1.6429901343276606e-20, nan 
106.625, 74.875, 2.381628083358467e-20, nan 
106.875, 74.875, 2.3329656420219207e-20, nan 
107.125, 74.875, 2.3090846173241255e-20, nan 
107.375, 74.875, 2.075436642745963e-20, nan 
107.625, 74.875, 1.333506299144025e-20, nan 
107.875, 74.875, 1.247247034398088e-20, nan 
108.125, 74.875, 6.89524590884756e-21, nan 
108.375, 74.875, 1.2264196677905731e-20, nan 
108.625, 74.875, 1.6555089660632568e-20, nan 
108.875, 74.875, 8.965805970885325e-21, nan 
109.125, 74.875, 1.2298009891468734e-20, nan 
109.375, 74.875, 1.2503948811751029e-20, nan 
109.625, 74.875, 1.0085828545529148e-20, nan 
109.875, 74.875, 1.0993063015168324e-20, nan 
110.125, 74.875, 1.2489240611184564e-20, nan 
110.375, 74.875, 9.030883342641582e-21, nan 
110.625, 74.875, 1.6304371498835268e-20, nan 
110.875, 74.875, 1.2446504293589642e-20, nan 
111.125, 74.875, 4.9225057744614964e-21, nan 
111.375, 74.875, 8.467117081139731e-21, nan 
111.625, 74.875, 6.023808816201937e-21, nan 
111.875, 74.875, 5.422195647928741e-21, nan 
112.125, 74.875, 4.591742144854574e-21, nan 
112.375, 74.875, 3.882796080275623e-21, nan 
112.625, 74.875, 3.948526747272979e-21, nan 
112.875, 74.875, 3.4546051238876696e-21, nan 
113.125, 74.875, 2.5788559893639766e-21, nan 
113.375, 74.875, 1.6449353344697582e-21, nan 
113.625, 74.875, 2.9635935583574347e-21, nan 
113.875, 74.875, 2.3077059962123503e-21, nan 
114.125, 74.875, 2.3017920992608137e-21, nan 
114.375, 74.875, 2.8487227052296136e-21, nan 
114.625, 74.875, 9.223459930731827e-22, nan 
114.875, 74.875, 8.777622462387649e-22, nan 
115.125, 74.875, 2.0172857245695844e-21, nan 
115.375, 74.875, 9.576127663193968e-22, nan 
115.625, 74.875, 6.050455071664014e-22, nan 
115.875, 74.875, 2.9367435916857878e-22, nan 
116.125, 74.875, 5.507328784913373e-22, nan 
116.375, 74.875, 1.0914222660711023e-21, nan 
116.625, 74.875, 1.094043455570116e-21, nan 
116.875, 74.875, 4.291553433056325e-22, nan 
117.125, 74.875, 8.495348118486576e-22, nan 
117.375, 74.875, 5.773542917941111e-22, nan 
117.625, 74.875, 5.188157911703698e-22, nan 
117.875, 74.875, 6.290105409284668e-22, nan 
118.125, 74.875, 6.720122228400323e-22, nan 
118.375, 74.875, 6.885093285069355e-22, nan 
118.625, 74.875, 5.317920383098764e-22, nan 
118.875, 74.875, 5.922752656812089e-22, nan 
119.125, 74.875, 1.1260057426430439e-21, nan 
119.375, 74.875, 1.0356224552931298e-21, nan 
119.625, 74.875, 1.1792779663398154e-21, nan 
119.875, 74.875, 1.3577518918831451e-21, nan 
120.125, 74.875, 1.2223930776027408e-21, nan 
120.375, 74.875, 1.3060559539060402e-21, nan 
120.625, 74.875, 1.865887220181055e-21, nan 
120.875, 74.875, 1.536797702516798e-21, nan 
121.125, 74.875, 1.6566044388265182e-21, nan 
121.375, 74.875, 1.6767251967499643e-21, nan 
121.625, 74.875, 1.036423195733131e-21, nan 
121.875, 74.875, 9.611002792084667e-22, nan 
122.125, 74.875, 4.1864219232602542e-22, nan 
122.375, 74.875, 4.0744657032431e-22, nan 
122.625, 74.875, 3.4819393385396225e-22, nan 
122.875, 74.875, 5.279803186573993e-22, nan 
123.125, 74.875, 5.692060045679027e-22, nan 
123.375, 74.875, 2.43655552190876e-22, nan 
123.625, 74.875, 3.547209826358174e-22, nan 
123.875, 74.875, 6.178808642020307e-22, nan 
124.125, 74.875, 3.005556067932753e-22, nan 
124.375, 74.875, 1.2079481982564662e-22, nan 
124.625, 74.875, 3.7313510060628606e-22, nan 
124.875, 74.875, 3.3226884377790845e-22, nan 
125.125, 74.875, 3.6316379304720475e-22, nan 
125.375, 74.875, 3.588747441544632e-22, nan 
125.625, 74.875, 2.9688328076679866e-22, nan 
125.875, 74.875, 2.402955510983614e-22, nan 
126.125, 74.875, 1.1285346108621818e-22, nan 
126.375, 74.875, 1.760163919452774e-22, nan 
126.625, 74.875, 1.5935738520800027e-22, nan 
126.875, 74.875, 1.631778541295848e-22, nan 
127.125, 74.875, 2.9289380459053716e-22, nan 
127.375, 74.875, 4.603332832816317e-22, nan 
127.625, 74.875, 5.138872925269943e-22, nan 
127.875, 74.875, 2.737692228193788e-22, nan 
128.125, 74.875, 2.187160787909179e-22, nan 
128.375, 74.875, 1.836874838417848e-22, nan 
128.625, 74.875, 1.8189444844800654e-22, nan 
128.875, 74.875, 1.5701831749520329e-22, nan 
129.125, 74.875, 1.2373127047741109e-22, nan 
129.375, 74.875, 1.3772620814183373e-22, nan 
129.625, 74.875, 9.39527817996599e-23, nan 
129.875, 74.875, 1.981340692257946e-22, nan 
130.125, 74.875, 1.3650969319382921e-22, nan 
130.375, 74.875, 3.8492476824522084e-23, nan 
130.625, 74.875, 8.81850549613747e-23, nan 
130.875, 74.875, 7.590167796561364e-23, nan 
131.125, 74.875, 5.648158407136446e-23, nan 
131.375, 74.875, 1.103831321508667e-22, nan 
131.625, 74.875, 8.119104781790299e-23, nan 
131.875, 74.875, 1.0595280929733798e-22, nan 
132.125, 74.875, 1.0278984417426531e-22, nan 
132.375, 74.875, 7.65536758934973e-23, nan 
132.625, 74.875, 1.0810327183341283e-22, nan 
132.875, 74.875, 1.1176636136746738e-22, nan 
133.125, 74.875, 7.987296009924862e-23, nan 
133.375, 74.875, 8.80291572460049e-23, nan 
133.625, 74.875, 1.0218155571963923e-22, nan 
133.875, 74.875, 7.844656179769264e-23, nan 
134.125, 74.875, 7.58936572350163e-23, nan 
134.375, 74.875, 9.598897573360141e-23, nan 
134.625, 74.875, 6.758737768424145e-23, nan 
134.875, 74.875, 7.831096424374589e-23, nan 
135.125, 74.875, 8.178435762469058e-23, nan 
135.375, 74.875, 8.57446629659636e-23, nan 
135.625, 74.875, 1.129730387364115e-22, nan 
135.875, 74.875, 6.527421326848543e-23, nan 
136.125, 74.875, 6.820925210000559e-23, nan 
136.375, 74.875, 5.83172849981183e-23, nan 
136.625, 74.875, 3.8480438743951974e-23, nan 
136.875, 74.875, 3.279362993409664e-23, nan 
137.125, 74.875, 2.5642208290384554e-23, nan 
137.375, 74.875, 2.3985629106575677e-23, nan 
137.625, 74.875, 3.7641245113372474e-23, nan 
137.875, 74.875, 3.9984560927120343e-23, nan 
138.125, 74.875, 5.890013099669394e-23, nan 
138.375, 74.875, 5.321147894010979e-23, nan 
138.625, 74.875, 3.233996215649142e-23, nan 
138.875, 74.875, 4.944404234367264e-23, nan 
139.125, 74.875, 7.166720959982894e-23, nan 
139.375, 74.875, 6.010871070653147e-23, nan 
139.625, 74.875, 3.113776995920159e-23, nan 
139.875, 74.875, 6.475585379863424e-23, nan 
140.125, 74.875, 7.35014505192665e-23, nan 
140.375, 74.875, 4.555376213933498e-23, nan 
140.625, 74.875, 3.9700525501317706e-23, nan 
140.875, 74.875, 4.675950148518572e-23, nan 
141.125, 74.875, 3.603385930262027e-23, nan 
141.375, 74.875, 3.5632223833910913e-23, nan 
141.625, 74.875, 2.4576479951835495e-23, nan 
141.875, 74.875, 3.1709300187144043e-23, nan 
142.125, 74.875, 3.642431058618737e-23, nan 
142.375, 74.875, 2.3500992672469157e-23, nan 
142.625, 74.875, 3.4344875454545027e-23, nan 
142.875, 74.875, 2.4048666967784107e-23, nan 
143.125, 74.875, 8.270475451187197e-24, nan 
143.375, 74.875, 3.397036863738333e-23, nan 
143.625, 74.875, 3.49573540171152e-23, nan 
143.875, 74.875, 2.4434716501216565e-23, nan 
144.125, 74.875, 2.380083352944478e-23, nan 
144.375, 74.875, 2.607176151668852e-23, nan 
144.625, 74.875, 2.820350202748522e-23, nan 
144.875, 74.875, 1.958843402588118e-23, nan 
145.125, 74.875, 1.6658440647570087e-23, nan 
145.375, 74.875, 2.7202764427635283e-23, nan 
145.625, 74.875, 1.7627291831708634e-23, nan 
145.875, 74.875, 1.747017129885891e-23, nan 
146.125, 74.875, 2.4630794382030567e-23, nan 
146.375, 74.875, 1.7608701712879663e-23, nan 
146.625, 74.875, 1.2244976807382199e-23, nan 
146.875, 74.875, 6.118970854318958e-24, nan 
147.125, 74.875, 9.844088317339475e-24, nan 
147.375, 74.875, 8.746074636793299e-24, nan 
147.625, 74.875, 8.64285669188139e-24, nan 
147.875, 74.875, 7.52983549227718e-24, nan 
148.125, 74.875, 9.284993498721238e-24, nan 
148.375, 74.875, 1.1926058202711779e-23, nan 
148.625, 74.875, 1.1033220978849453e-23, nan 
148.875, 74.875, 1.0527993569428606e-23, nan 
149.125, 74.875, 6.906135623622893e-24, nan 
149.375, 74.875, 5.058652513711014e-24, nan 
149.625, 74.875, 7.462029432537624e-24, nan 
149.875, 74.875, 6.482285876279162e-24, nan 
150.125, 74.875, 7.524614894965295e-24, nan 
150.375, 74.875, 1.2043503981994364e-23, nan 
150.625, 74.875, 8.941575812653327e-24, nan 
150.875, 74.875, 7.26592919592026e-24, nan 
151.125, 74.875, 1.0253696153749603e-23, nan 
151.375, 74.875, 1.0605923169219912e-23, nan 
151.625, 74.875, 7.221760062770489e-24, nan 
151.875, 74.875, 9.456602660237219e-24, nan 
152.125, 74.875, 7.747271024207009e-24, nan 
152.375, 74.875, 1.1511066830536316e-23, nan 
152.625, 74.875, 1.0379255490265418e-23, nan 
152.875, 74.875, 1.2980035559513234e-23, nan 
153.125, 74.875, 1.686569827876293e-23, nan 
153.375, 74.875, 1.4829841294098566e-23, nan 
153.625, 74.875, 1.6983405508118795e-23, nan 
153.875, 74.875, 9.669546619067396e-24, nan 
154.125, 74.875, 8.80225408944663e-24, nan 
154.375, 74.875, 1.1012103211709945e-23, nan 
154.625, 74.875, 9.079208196071474e-24, nan 
154.875, 74.875, 7.251053990384967e-24, nan 
155.125, 74.875, 5.31971694037956e-24, nan 
155.375, 74.875, 4.929662762181895e-24, nan 
155.625, 74.875, 5.266040443621069e-24, nan 
155.875, 74.875, 6.850161909045683e-24, nan 
156.125, 74.875, 8.054276742234734e-24, nan 
156.375, 74.875, 1.3120335798677495e-23, nan 
156.625, 74.875, 1.385600898256108e-23, nan 
156.875, 74.875, 1.0075046327793073e-23, nan 
157.125, 74.875, 1.1403811850810716e-23, nan 
157.375, 74.875, 1.0608411855888487e-23, nan 
157.625, 74.875, 7.571572249416311e-24, nan 
157.875, 74.875, 6.5267828563748426e-24, nan 
158.125, 74.875, 3.9602468637843566e-24, nan 
158.375, 74.875, 2.8071752279356282e-24, nan 
158.625, 74.875, 6.3634374364177285e-24, nan 
158.875, 74.875, 1.1321439997975246e-23, nan 
159.125, 74.875, 8.106958968035006e-24, nan 
159.375, 74.875, 1.9189342259821323e-23, nan 
159.625, 74.875, 2.2754543953308968e-23, nan 
159.875, 74.875, 1.0563939170787701e-23, nan 
160.125, 74.875, 1.2736830410894354e-23, nan 
160.375, 74.875, 1.533971977108713e-23, nan 
160.625, 74.875, 1.7345995800267562e-23, nan 
160.875, 74.875, 1.045306324916085e-23, nan 
161.125, 74.875, 1.1621510883849102e-23, nan 
161.375, 74.875, 2.1918464456348584e-23, nan 
161.625, 74.875, 2.358440094311461e-23, nan 
161.875, 74.875, 2.632330673962445e-23, nan 
162.125, 74.875, 1.9515986115219728e-23, nan 
162.375, 74.875, 1.4775560603444628e-23, nan 
162.625, 74.875, 9.114915345473326e-24, nan 
162.875, 74.875, 9.860685788074413e-24, nan 
163.125, 74.875, 5.398162466141322e-24, nan 
163.375, 74.875, 9.644668833330696e-24, nan 
163.625, 74.875, 1.1380531312570546e-23, nan 
163.875, 74.875, 8.281320023577851e-24, nan 
164.125, 74.875, 9.100021107205705e-24, nan 
164.375, 74.875, 1.3445379375194576e-23, nan 
164.625, 74.875, 1.2980288863152774e-23, nan 
164.875, 74.875, 7.148525777386508e-24, nan 
165.125, 74.875, 8.09422569225373e-24, nan 
165.375, 74.875, 1.0547806479481632e-23, nan 
165.625, 74.875, 7.895197776228227e-24, nan 
165.875, 74.875, 1.0743962209415292e-23, nan 
166.125, 74.875, 1.7451762112474156e-23, nan 
166.375, 74.875, 6.885761121901428e-24, nan 
166.625, 74.875, 9.761354958494543e-24, nan 
166.875, 74.875, 1.619639895563778e-23, nan 
167.125, 74.875, 9.60322746312488e-24, nan 
167.375, 74.875, 7.600895026454966e-24, nan 
167.625, 74.875, 6.87171720121646e-24, nan 
167.875, 74.875, 7.054188946536376e-24, nan 
168.125, 74.875, 6.941776736014068e-24, nan 
168.375, 74.875, 6.286742441637676e-24, nan 
168.625, 74.875, 5.695535419768581e-24, nan 
168.875, 74.875, 5.0904806487275675e-24, nan 
169.125, 74.875, 3.4950512022816344e-24, nan 
169.375, 74.875, 2.5530584650875914e-24, nan 
169.625, 74.875, 2.340773486807851e-24, nan 
169.875, 74.875, 1.716798543530783e-24, nan 
170.125, 74.875, 1.8998057601797757e-24, nan 
170.375, 74.875, 1.983567330939309e-24, nan 
170.625, 74.875, 3.4733778559348605e-24, nan 
170.875, 74.875, 3.9600343420905906e-24, nan 
171.125, 74.875, 2.70603522435472e-24, nan 
171.375, 74.875, 3.448985078977414e-24, nan 
171.625, 74.875, 4.167190608641363e-24, nan 
171.875, 74.875, 2.7054900532907813e-24, nan 
172.125, 74.875, 3.3399890934533354e-24, nan 
172.375, 74.875, 3.312692569796912e-24, nan 
172.625, 74.875, 2.6928728691478713e-24, nan 
172.875, 74.875, 3.0277906602302358e-24, nan 
173.125, 74.875, 2.6274771173743114e-24, nan 
173.375, 74.875, 2.3842214678697915e-24, nan 
173.625, 74.875, 1.534541551505193e-24, nan 
173.875, 74.875, 1.1285975906215039e-24, nan 
174.125, 74.875, 1.7760067691006175e-24, nan 
174.375, 74.875, 2.841398415134391e-24, nan 
174.625, 74.875, 2.574066762398645e-24, nan 
174.875, 74.875, 3.1389829593776613e-24, nan 
175.125, 74.875, 2.4321726406722352e-24, nan 
175.375, 74.875, 2.7110253465116213e-24, nan 
175.625, 74.875, 3.2438879809201005e-24, nan 
175.875, 74.875, 1.9127235817004466e-24, nan 
176.125, 74.875, 1.1124081629744942e-24, nan 
176.375, 74.875, 6.2884477812309695e-25, nan 
176.625, 74.875, 1.966781164857193e-24, nan 
176.875, 74.875, 2.2688717828910857e-24, nan 
177.125, 74.875, 1.0128523337646062e-24, nan 
177.375, 74.875, 2.635103474498186e-24, nan 
177.625, 74.875, 3.595710658024519e-24, nan 
177.875, 74.875, 4.151712448321113e-24, nan 
178.125, 74.875, 4.103244161646421e-24, nan 
178.375, 74.875, 4.075623347451353e-24, nan 
178.625, 74.875, 4.4763634052881365e-24, nan 
23.875, 75.125, 1.1443714576925818e-24, nan 
24.125, 75.125, 8.802308823392163e-25, nan 
24.375, 75.125, 8.2669844078394345e-25, nan 
24.625, 75.125, 1.2410436276478455e-24, nan 
24.875, 75.125, 1.3900216180801281e-24, nan 
25.125, 75.125, 1.51291100050852e-24, nan 
25.375, 75.125, 2.1422859578789574e-24, nan 
25.625, 75.125, 1.792285595418312e-24, nan 
25.875, 75.125, 1.4649402511156062e-24, nan 
26.125, 75.125, 2.2189633302339004e-24, nan 
26.375, 75.125, 1.4111371843505303e-24, nan 
26.625, 75.125, 2.2298840300242414e-24, nan 
26.875, 75.125, 9.850470465645422e-25, nan 
27.125, 75.125, 1.106710781445637e-24, nan 
27.375, 75.125, 2.3455101823996845e-24, nan 
27.625, 75.125, 1.4178373041546567e-24, nan 
27.875, 75.125, 7.041789417704276e-25, nan 
28.125, 75.125, 1.9223736431495723e-24, nan 
28.375, 75.125, 1.2913889260196742e-24, nan 
28.625, 75.125, 1.2110006958202392e-24, nan 
28.875, 75.125, 1.1346845540156562e-24, nan 
29.125, 75.125, 1.35783219923923e-24, nan 
29.375, 75.125, 1.3289394243502202e-24, nan 
29.625, 75.125, 1.0632087947476385e-24, nan 
29.875, 75.125, 3.1270568997733566e-24, nan 
30.125, 75.125, 4.196365589275887e-24, nan 
30.375, 75.125, 6.4202786810741345e-24, nan 
30.625, 75.125, 4.695434161788961e-24, nan 
30.875, 75.125, 1.9574890846381965e-24, nan 
31.125, 75.125, 2.0556110969967106e-24, nan 
31.375, 75.125, 7.603097978461093e-24, nan 
31.625, 75.125, 2.534292810471207e-24, nan 
31.875, 75.125, 1.4219644540204621e-24, nan 
32.125, 75.125, 4.892217126017178e-24, nan 
32.375, 75.125, 1.4728598324758959e-24, nan 
32.625, 75.125, 3.666701650688566e-25, nan 
32.875, 75.125, 1.187112194822174e-24, nan 
33.125, 75.125, 2.0012717743396943e-25, nan 
33.375, 75.125, 4.939148799028837e-25, nan 
33.625, 75.125, 6.223309808267118e-25, nan 
33.875, 75.125, 1.2570630871668182e-24, nan 
34.125, 75.125, 2.0515338422189557e-24, nan 
34.375, 75.125, 4.001580843396505e-24, nan 
34.625, 75.125, 4.2420370145820896e-24, nan 
34.875, 75.125, 4.401993617426678e-24, nan 
35.125, 75.125, 4.145870727494158e-24, nan 
35.375, 75.125, 3.9898966694078064e-24, nan 
35.625, 75.125, 3.767852880995246e-24, nan 
35.875, 75.125, 3.698368191725939e-24, nan 
36.125, 75.125, 4.24265011641551e-24, nan 
36.375, 75.125, 4.303006388330105e-24, nan 
36.625, 75.125, 6.323393010102106e-24, nan 
36.875, 75.125, 8.43423928599e-24, nan 
37.125, 75.125, 8.258655349567596e-24, nan 
37.375, 75.125, 7.98462199938821e-24, nan 
37.625, 75.125, 5.500658741542853e-24, nan 
37.875, 75.125, 4.9313094284908345e-24, nan 
38.125, 75.125, 4.289520080318698e-24, nan 
38.375, 75.125, 4.6556914530495085e-24, nan 
38.625, 75.125, 5.671628391786063e-24, nan 
38.875, 75.125, 3.7222389780205594e-24, nan 
39.125, 75.125, 3.775149875597202e-24, nan 
39.375, 75.125, 3.1296006931654265e-24, nan 
39.625, 75.125, 3.979320256081244e-24, nan 
39.875, 75.125, 3.658649794747073e-24, nan 
40.125, 75.125, 2.6358551811879864e-24, nan 
40.375, 75.125, 4.8888836532667006e-24, nan 
40.625, 75.125, 7.711340443974581e-24, nan 
40.875, 75.125, 5.768489532941362e-24, nan 
41.125, 75.125, 6.569384753458561e-24, nan 
41.375, 75.125, 2.952762694209941e-24, nan 
41.625, 75.125, 2.2832291980393484e-24, nan 
41.875, 75.125, 4.200495102913328e-24, nan 
42.125, 75.125, 4.250484924408272e-24, nan 
42.375, 75.125, 6.447847313568195e-24, nan 
42.625, 75.125, 5.6776468649174885e-24, nan 
42.875, 75.125, 4.6260039962829355e-24, nan 
43.125, 75.125, 5.610533700037206e-24, nan 
43.375, 75.125, 4.834281155216346e-24, nan 
43.625, 75.125, 4.74510788871247e-24, nan 
43.875, 75.125, 4.707309560658317e-24, nan 
44.125, 75.125, 4.063543961918259e-24, nan 
44.375, 75.125, 5.922699686609175e-24, nan 
44.625, 75.125, 5.657605786746481e-24, nan 
44.875, 75.125, 4.960317076068089e-24, nan 
45.125, 75.125, 2.687973448395373e-24, nan 
45.375, 75.125, 3.1313847226135077e-24, nan 
45.625, 75.125, 4.903832843075101e-24, nan 
45.875, 75.125, 3.761281250689089e-24, nan 
46.125, 75.125, 4.226736378274455e-24, nan 
46.375, 75.125, 3.093645603860015e-24, nan 
46.625, 75.125, 3.96052301238824e-24, nan 
46.875, 75.125, 4.391743643280728e-24, nan 
47.125, 75.125, 3.7784683392132996e-24, nan 
47.375, 75.125, 5.009187954374857e-24, nan 
47.625, 75.125, 2.963305580999958e-24, nan 
47.875, 75.125, 3.866859723232468e-24, nan 
48.125, 75.125, 5.77669413242284e-24, nan 
48.375, 75.125, 4.613324321028789e-24, nan 
48.625, 75.125, 2.3722255386092326e-24, nan 
48.875, 75.125, 6.904451544346544e-24, nan 
49.125, 75.125, 7.600033054803117e-24, nan 
49.375, 75.125, 6.610095960081937e-24, nan 
49.625, 75.125, 5.252065602719544e-24, nan 
49.875, 75.125, 6.280042901949766e-24, nan 
50.125, 75.125, 5.401843517754604e-24, nan 
50.375, 75.125, 4.032194320181981e-24, nan 
50.625, 75.125, 3.9184125195688474e-24, nan 
50.875, 75.125, 2.5739843855349546e-24, nan 
51.125, 75.125, 5.529356777951157e-24, nan 
51.375, 75.125, 7.860094695187115e-24, nan 
51.625, 75.125, 6.641831172986576e-24, nan 
51.875, 75.125, 8.266581706869278e-24, nan 
52.125, 75.125, 9.114905224277979e-24, nan 
52.375, 75.125, 9.205651883286174e-24, nan 
52.625, 75.125, 7.80370551944463e-24, nan 
52.875, 75.125, 3.6344057688194954e-24, nan 
53.125, 75.125, 1.2155298731607949e-23, nan 
53.375, 75.125, 1.0515854998113444e-23, nan 
53.625, 75.125, 1.0284010032843736e-23, nan 
53.875, 75.125, 1.2764243984504997e-23, nan 
54.125, 75.125, 1.0585097675364985e-23, nan 
54.375, 75.125, 9.63697077654476e-24, nan 
54.625, 75.125, 4.1764483303661894e-24, nan 
54.875, 75.125, 2.1036127646591547e-24, nan 
55.125, 75.125, 3.8391884045237404e-24, nan 
55.375, 75.125, 9.01564076937919e-24, nan 
55.625, 75.125, 1.393824538021135e-23, nan 
55.875, 75.125, 1.502294520775451e-23, nan 
56.125, 75.125, 1.706898189693963e-23, nan 
56.375, 75.125, 3.786289620682258e-23, nan 
56.625, 75.125, 3.282459186100131e-23, nan 
56.875, 75.125, 3.233727421743856e-23, nan 
57.125, 75.125, 3.9590174188404156e-23, nan 
57.375, 75.125, 3.596609556949997e-23, nan 
57.625, 75.125, 3.7244164064402305e-23, nan 
57.875, 75.125, 2.1199006711594045e-23, nan 
58.125, 75.125, 1.5620264276114904e-23, nan 
58.375, 75.125, 2.165164736767222e-23, nan 
58.625, 75.125, 1.9656755530961148e-23, nan 
58.875, 75.125, 8.930721992521508e-24, nan 
59.125, 75.125, 5.8946573201655404e-24, nan 
59.375, 75.125, 7.091850165404266e-24, nan 
59.625, 75.125, 7.276937361604039e-24, nan 
59.875, 75.125, 1.0044773208864154e-23, nan 
60.125, 75.125, 7.717698293320446e-24, nan 
60.375, 75.125, 7.961735271466185e-24, nan 
60.625, 75.125, 8.759099830247445e-24, nan 
60.875, 75.125, 2.3528096451036875e-23, nan 
61.125, 75.125, 4.8985395147536965e-23, nan 
61.375, 75.125, 4.8265099312459916e-23, nan 
61.625, 75.125, 3.304442516320871e-23, nan 
61.875, 75.125, 8.729457788693576e-23, nan 
62.125, 75.125, 1.011731414897977e-22, nan 
62.375, 75.125, 8.413737032582791e-23, nan 
62.625, 75.125, 7.648326373538221e-23, nan 
62.875, 75.125, 8.12467938223421e-23, nan 
63.125, 75.125, 8.329753233213808e-23, nan 
63.375, 75.125, 6.040216514703137e-23, nan 
63.625, 75.125, 4.822241780043094e-23, nan 
63.875, 75.125, 3.9283628827775704e-23, nan 
64.125, 75.125, 4.7824878696189263e-23, nan 
64.375, 75.125, 7.541031473592612e-23, nan 
64.625, 75.125, 6.066173393222837e-23, nan 
64.875, 75.125, 1.0678477207550632e-22, nan 
65.125, 75.125, 1.4164597020510958e-22, nan 
65.375, 75.125, 1.1411478473793462e-22, nan 
65.625, 75.125, 1.236088854012337e-22, nan 
65.875, 75.125, 1.4536848560957762e-22, nan 
66.125, 75.125, 9.805288310702549e-23, nan 
66.375, 75.125, 6.061201429752303e-23, nan 
66.625, 75.125, 4.770503143467948e-23, nan 
66.875, 75.125, 2.4282250242911773e-23, nan 
67.125, 75.125, 2.381905089361353e-23, nan 
67.375, 75.125, 3.510801611452307e-23, nan 
67.625, 75.125, 2.6128778378094497e-23, nan 
67.875, 75.125, 3.6876938804702206e-23, nan 
68.125, 75.125, 3.983141546085258e-23, nan 
68.375, 75.125, 4.488339632562118e-23, nan 
68.625, 75.125, 4.625352252240556e-23, nan 
68.875, 75.125, 4.619352876588267e-23, nan 
69.125, 75.125, 2.2279832168787972e-23, nan 
69.375, 75.125, 2.532438600684225e-23, nan 
69.625, 75.125, 3.159592936307605e-23, nan 
69.875, 75.125, 2.774007428319561e-23, nan 
70.125, 75.125, 3.184625999726961e-23, nan 
70.375, 75.125, 6.489295102576307e-23, nan 
70.625, 75.125, 1.1204430143819573e-22, nan 
70.875, 75.125, 1.3558476521197248e-22, nan 
71.125, 75.125, 1.3861238642948357e-22, nan 
71.375, 75.125, 1.4377924486597116e-22, nan 
71.625, 75.125, 1.7878790813827776e-22, nan 
71.875, 75.125, 3.1303117686762236e-22, nan 
72.125, 75.125, 2.7208145968054205e-22, nan 
72.375, 75.125, 1.637787975580655e-22, nan 
72.625, 75.125, 1.7219173765996666e-22, nan 
72.875, 75.125, 1.901133843230065e-22, nan 
73.125, 75.125, 4.34671039531563e-23, nan 
73.375, 75.125, 1.3355150246656208e-22, nan 
73.625, 75.125, 1.2926788333159518e-22, nan 
73.875, 75.125, 5.577525616134437e-23, nan 
74.125, 75.125, 8.685312646071369e-23, nan 
74.375, 75.125, 1.8883479497444201e-22, nan 
74.625, 75.125, 1.8395035138057179e-22, nan 
74.875, 75.125, 2.2326530000081576e-22, nan 
75.125, 75.125, 2.586259923029991e-22, nan 
75.375, 75.125, 1.5543292121212143e-22, nan 
75.625, 75.125, 1.6315222093286711e-22, nan 
75.875, 75.125, 2.4337607693032e-22, nan 
76.125, 75.125, 2.5211111605970867e-22, nan 
76.375, 75.125, 2.6182565938854997e-22, nan 
76.625, 75.125, 3.3438897972296894e-22, nan 
76.875, 75.125, 3.972237985365973e-22, nan 
77.125, 75.125, 3.90832488745349e-22, nan 
77.375, 75.125, 3.0447797435870245e-22, nan 
77.625, 75.125, 3.4524866654168213e-22, nan 
77.875, 75.125, 2.8595321775485154e-22, nan 
78.125, 75.125, 3.403433642154631e-22, nan 
78.375, 75.125, 2.460122267603484e-22, nan 
78.625, 75.125, 3.547798282176929e-22, nan 
78.875, 75.125, 2.0528423877066192e-22, nan 
79.125, 75.125, 1.5469288708345695e-22, nan 
79.375, 75.125, 3.5029520678575667e-22, nan 
79.625, 75.125, 2.523444363557037e-22, nan 
79.875, 75.125, 2.1379311536312936e-22, nan 
80.125, 75.125, 3.94615928353261e-22, nan 
80.375, 75.125, 5.032147821299302e-22, nan 
80.625, 75.125, 4.8882095255630585e-22, nan 
80.875, 75.125, 3.8900982356338402e-22, nan 
81.125, 75.125, 6.288307267632564e-22, nan 
81.375, 75.125, 6.890941485178576e-22, nan 
81.625, 75.125, 2.265109952266052e-22, nan 
81.875, 75.125, 2.6530029486216417e-22, nan 
82.125, 75.125, 9.121725161303064e-22, nan 
82.375, 75.125, 1.1595673065855111e-21, nan 
82.625, 75.125, 1.0777714416598782e-21, nan 
82.875, 75.125, 1.50598952239541e-21, nan 
83.125, 75.125, 1.0586631168396837e-21, nan 
83.375, 75.125, 1.1927190802387331e-21, nan 
83.625, 75.125, 7.007667360938628e-22, nan 
83.875, 75.125, 6.704122929707565e-22, nan 
84.125, 75.125, 4.626140447775554e-22, nan 
84.375, 75.125, 4.920650879545835e-22, nan 
84.625, 75.125, 5.452461648243812e-22, nan 
84.875, 75.125, 6.294589592884836e-22, nan 
85.125, 75.125, 5.954262236470707e-22, nan 
85.375, 75.125, 6.554790037589966e-22, nan 
85.625, 75.125, 7.653815589228887e-22, nan 
85.875, 75.125, 6.019009910256864e-22, nan 
86.125, 75.125, 7.67260494760048e-22, nan 
86.375, 75.125, 9.875396132777336e-22, nan 
86.625, 75.125, 1.3130420100848354e-21, nan 
86.875, 75.125, 2.3211478721365353e-21, nan 
87.125, 75.125, 1.568092086768498e-21, nan 
87.375, 75.125, 1.6904576549853787e-21, nan 
87.625, 75.125, 3.399719587336902e-21, nan 
87.875, 75.125, 2.077961878222732e-21, nan 
88.125, 75.125, 1.866280734244795e-21, nan 
88.375, 75.125, 2.8237371677856682e-21, nan 
88.625, 75.125, 3.09541949030718e-21, nan 
88.875, 75.125, 2.1635413466804166e-21, nan 
89.125, 75.125, 2.2859872007089644e-21, nan 
89.375, 75.125, 3.520910491686353e-21, nan 
89.625, 75.125, 2.2223575370978188e-21, nan 
89.875, 75.125, 6.146623219094661e-22, nan 
90.125, 75.125, 1.987964072326955e-21, nan 
90.375, 75.125, 2.051895472929906e-21, nan 
90.625, 75.125, 9.012936295954178e-22, nan 
90.875, 75.125, 1.4340594482452083e-21, nan 
91.125, 75.125, 1.2872402008986318e-21, nan 
91.375, 75.125, 1.0237488798274441e-21, nan 
91.625, 75.125, 1.0201007567815948e-21, nan 
91.875, 75.125, 1.1966058108512277e-21, nan 
92.125, 75.125, 1.3587530036468978e-21, nan 
92.375, 75.125, 2.9188460478146207e-21, nan 
92.625, 75.125, 2.696305796155976e-21, nan 
92.875, 75.125, 2.042769764189062e-21, nan 
93.125, 75.125, 3.2059806627894753e-21, nan 
93.375, 75.125, 3.22496776182499e-21, nan 
93.625, 75.125, 3.8321532995234245e-21, nan 
93.875, 75.125, 3.925734763510657e-21, nan 
94.125, 75.125, 3.382233170436824e-21, nan 
94.375, 75.125, 4.3176694055094625e-21, nan 
94.625, 75.125, 3.537895143701528e-21, nan 
94.875, 75.125, 4.265475952232104e-21, nan 
95.125, 75.125, 8.799245263789003e-21, nan 
95.375, 75.125, 8.091240434404592e-21, nan 
95.625, 75.125, 6.375868836822166e-21, nan 
95.875, 75.125, 8.200538375873257e-21, nan 
96.125, 75.125, 5.811675070977497e-21, nan 
96.375, 75.125, 4.865892028450034e-21, nan 
96.625, 75.125, 6.20296378420445e-21, nan 
96.875, 75.125, 6.502661977013053e-21, nan 
97.125, 75.125, 4.192112088157143e-21, nan 
97.375, 75.125, 8.28473010858879e-21, nan 
97.625, 75.125, 8.851599748630623e-21, nan 
97.875, 75.125, 4.263608612856575e-21, nan 
98.125, 75.125, 6.4145118506339944e-21, nan 
98.375, 75.125, 9.953363827673627e-21, nan 
98.625, 75.125, 7.99683076190274e-21, nan 
98.875, 75.125, 9.850770381126162e-21, nan 
99.125, 75.125, 1.6041400118876475e-20, nan 
99.375, 75.125, 1.39712063822431e-20, nan 
99.625, 75.125, 1.2437074014602123e-20, nan 
99.875, 75.125, 1.018995051962598e-20, nan 
100.125, 75.125, 3.615123246619488e-21, nan 
100.375, 75.125, 1.8020576705478147e-20, nan 
100.625, 75.125, 1.2621505556242405e-20, nan 
100.875, 75.125, 1.786305294628012e-20, nan 
101.125, 75.125, 1.970546494717771e-20, nan 
101.375, 75.125, 1.3840819768566064e-20, nan 
101.625, 75.125, 1.929844027420415e-20, nan 
101.875, 75.125, 9.288651254264369e-21, nan 
102.125, 75.125, 2.4817352454262477e-20, nan 
102.375, 75.125, 1.965222306599038e-20, nan 
102.625, 75.125, 2.3729338538817168e-20, nan 
102.875, 75.125, 1.920842029423383e-20, nan 
103.125, 75.125, 1.8725444802527278e-20, nan 
103.375, 75.125, 2.262862067241633e-20, nan 
103.625, 75.125, 8.942582091070171e-21, nan 
103.875, 75.125, 9.440125510102128e-21, nan 
104.125, 75.125, 1.270791253442159e-20, nan 
104.375, 75.125, 9.917753145732624e-21, nan 
104.625, 75.125, 5.77543262081962e-21, nan 
104.875, 75.125, 7.03770152635869e-21, nan 
105.125, 75.125, 7.324574459013683e-21, nan 
105.375, 75.125, 5.0785441019877565e-21, nan 
105.625, 75.125, 6.126285105501977e-21, nan 
105.875, 75.125, 4.541527214208511e-21, nan 
106.125, 75.125, 3.9015852471069764e-21, nan 
106.375, 75.125, 6.555831525755155e-22, nan 
106.625, 75.125, 2.414900033437562e-21, nan 
106.875, 75.125, 4.997492454317335e-21, nan 
107.125, 75.125, 3.408662981082787e-21, nan 
107.375, 75.125, 7.78442797147512e-21, nan 
107.625, 75.125, 6.457697146822846e-21, nan 
107.875, 75.125, 6.657782311793338e-21, nan 
108.125, 75.125, 7.963738238673886e-21, nan 
108.375, 75.125, 1.1588016406136681e-20, nan 
108.625, 75.125, 1.0934873960809333e-20, nan 
108.875, 75.125, 8.869930093077598e-21, nan 
109.125, 75.125, 1.3112029584713819e-20, nan 
109.375, 75.125, 9.478918150220385e-21, nan 
109.625, 75.125, 8.230057450918373e-21, nan 
109.875, 75.125, 7.51153278652099e-21, nan 
110.125, 75.125, 5.24152411534413e-21, nan 
110.375, 75.125, 4.7693094918115476e-21, nan 
110.625, 75.125, 8.332753570096938e-21, nan 
110.875, 75.125, 6.009774104732611e-21, nan 
111.125, 75.125, 4.2331035799177445e-21, nan 
111.375, 75.125, 4.119733193037259e-21, nan 
111.625, 75.125, 4.095960478371202e-21, nan 
111.875, 75.125, 4.277041086643996e-21, nan 
112.125, 75.125, 3.662139983648246e-21, nan 
112.375, 75.125, 3.3888406182178244e-21, nan 
112.625, 75.125, 2.675863440901326e-21, nan 
112.875, 75.125, 2.0441605086755775e-21, nan 
113.125, 75.125, 1.5575395215919508e-21, nan 
113.375, 75.125, 1.556626658729178e-21, nan 
113.625, 75.125, 1.329272671996241e-21, nan 
113.875, 75.125, 2.0106008255595963e-21, nan 
114.125, 75.125, 1.7387955810128655e-21, nan 
114.375, 75.125, 2.379927626352385e-21, nan 
114.625, 75.125, 1.6600817740580875e-21, nan 
114.875, 75.125, 1.918416373413167e-21, nan 
115.125, 75.125, 2.6578808657873777e-21, nan 
115.375, 75.125, 1.351864893779167e-21, nan 
115.625, 75.125, 2.20577548868576e-21, nan 
115.875, 75.125, 1.9915176184843923e-21, nan 
116.125, 75.125, 1.0527762763861729e-21, nan 
116.375, 75.125, 2.054528935095475e-21, nan 
116.625, 75.125, 1.6936397382971223e-21, nan 
116.875, 75.125, 6.496639929249868e-22, nan 
117.125, 75.125, 8.736000611262142e-22, nan 
117.375, 75.125, 6.787040000696157e-22, nan 
117.625, 75.125, 3.250076794041835e-22, nan 
117.875, 75.125, 8.51701500379973e-22, nan 
118.125, 75.125, 1.1853963307627288e-21, nan 
118.375, 75.125, 4.0841472370301463e-22, nan 
118.625, 75.125, 1.2416872813839011e-21, nan 
118.875, 75.125, 2.075280747988607e-21, nan 
119.125, 75.125, 1.8552453478843056e-21, nan 
119.375, 75.125, 1.439709753223289e-21, nan 
119.625, 75.125, 2.8093268380630817e-21, nan 
119.875, 75.125, 3.2392005742193995e-21, nan 
120.125, 75.125, 1.9089576151337784e-21, nan 
120.375, 75.125, 2.3824342200465463e-21, nan 
120.625, 75.125, 2.486358381462531e-21, nan 
120.875, 75.125, 1.8244985692648496e-21, nan 
121.125, 75.125, 1.553956217019778e-21, nan 
121.375, 75.125, 1.1323877942560758e-21, nan 
121.625, 75.125, 7.045675274207688e-22, nan 
121.875, 75.125, 2.1741377562307556e-22, nan 
122.125, 75.125, 2.613949270994435e-22, nan 
122.375, 75.125, 6.297615600801274e-22, nan 
122.625, 75.125, 2.7634859804306233e-22, nan 
122.875, 75.125, 3.173806510890964e-22, nan 
123.125, 75.125, 4.425287870624382e-22, nan 
123.375, 75.125, 1.878831098525722e-22, nan 
123.625, 75.125, 3.0672889142027644e-22, nan 
123.875, 75.125, 3.8598337588024776e-22, nan 
124.125, 75.125, 2.7491587994059766e-22, nan 
124.375, 75.125, 3.628576012457219e-22, nan 
124.625, 75.125, 2.687729642054896e-22, nan 
124.875, 75.125, 2.099070172347189e-22, nan 
125.125, 75.125, 3.2649837870685095e-22, nan 
125.375, 75.125, 2.056516745465639e-22, nan 
125.625, 75.125, 2.9514360630465494e-22, nan 
125.875, 75.125, 1.6573160514522892e-22, nan 
126.125, 75.125, 2.5936437895644534e-22, nan 
126.375, 75.125, 2.9452980245220545e-22, nan 
126.625, 75.125, 2.196191397100635e-22, nan 
126.875, 75.125, 3.48872480978787e-22, nan 
127.125, 75.125, 3.6579318480558286e-22, nan 
127.375, 75.125, 2.903584572719775e-22, nan 
127.625, 75.125, 3.240874047500251e-22, nan 
127.875, 75.125, 3.840080608924318e-22, nan 
128.125, 75.125, 1.72082420008144e-22, nan 
128.375, 75.125, 2.5079540706080864e-22, nan 
128.625, 75.125, 3.0098744551360468e-22, nan 
128.875, 75.125, 2.1356313736347707e-22, nan 
129.125, 75.125, 2.2432626067847714e-22, nan 
129.375, 75.125, 2.8124516633242597e-22, nan 
129.625, 75.125, 2.200210512031344e-22, nan 
129.875, 75.125, 1.5778740299920529e-22, nan 
130.125, 75.125, 2.2310362650530524e-22, nan 
130.375, 75.125, 9.645510092565551e-23, nan 
130.625, 75.125, 6.115223456544721e-23, nan 
130.875, 75.125, 9.054323997254736e-23, nan 
131.125, 75.125, 4.281961452327422e-23, nan 
131.375, 75.125, 9.442369897045095e-23, nan 
131.625, 75.125, 8.006002777128591e-23, nan 
131.875, 75.125, 7.840515825420651e-23, nan 
132.125, 75.125, 1.7490172531903513e-22, nan 
132.375, 75.125, 1.9140400603779893e-22, nan 
132.625, 75.125, 2.4256867725019326e-22, nan 
132.875, 75.125, 1.879692401537391e-22, nan 
133.125, 75.125, 1.669673240556233e-22, nan 
133.375, 75.125, 1.857102381103003e-22, nan 
133.625, 75.125, 1.0897711776039208e-22, nan 
133.875, 75.125, 9.200080763560384e-23, nan 
134.125, 75.125, 1.061583256798067e-22, nan 
134.375, 75.125, 8.45080366128241e-23, nan 
134.625, 75.125, 7.780780735871169e-23, nan 
134.875, 75.125, 8.293634796062668e-23, nan 
135.125, 75.125, 5.054209007474e-23, nan 
135.375, 75.125, 6.485009078799739e-23, nan 
135.625, 75.125, 5.987269904292008e-23, nan 
135.875, 75.125, 6.802144955516906e-23, nan 
136.125, 75.125, 6.27503366291036e-23, nan 
136.375, 75.125, 4.816204697829216e-23, nan 
136.625, 75.125, 4.894116306987881e-23, nan 
136.875, 75.125, 6.06351146168532e-23, nan 
137.125, 75.125, 6.647775171886547e-23, nan 
137.375, 75.125, 4.6171498440384275e-23, nan 
137.625, 75.125, 4.5503520529583316e-23, nan 
137.875, 75.125, 4.73271710810688e-23, nan 
138.125, 75.125, 4.106148155975451e-23, nan 
138.375, 75.125, 2.848936169401489e-23, nan 
138.625, 75.125, 2.28110385561406e-23, nan 
138.875, 75.125, 4.8350704817638626e-23, nan 
139.125, 75.125, 3.842361315742045e-23, nan 
139.375, 75.125, 3.173010234412217e-23, nan 
139.625, 75.125, 4.996096083688905e-23, nan 
139.875, 75.125, 3.3719589847496026e-23, nan 
140.125, 75.125, 3.406048879057786e-23, nan 
140.375, 75.125, 6.994658438887906e-23, nan 
140.625, 75.125, 5.440962526189381e-23, nan 
140.875, 75.125, 3.9610007345855896e-23, nan 
141.125, 75.125, 5.38939199747891e-23, nan 
141.375, 75.125, 4.618881166697043e-23, nan 
141.625, 75.125, 4.338471383188809e-23, nan 
141.875, 75.125, 4.409133816917739e-23, nan 
142.125, 75.125, 3.738447977968813e-23, nan 
142.375, 75.125, 2.9916823006331856e-23, nan 
142.625, 75.125, 3.804901996330155e-23, nan 
142.875, 75.125, 3.1384499555430713e-23, nan 
143.125, 75.125, 1.4318119053590216e-23, nan 
143.375, 75.125, 1.9007347953957556e-23, nan 
143.625, 75.125, 1.5203870783493102e-23, nan 
143.875, 75.125, 1.730522217891223e-23, nan 
144.125, 75.125, 1.3409903506882246e-23, nan 
144.375, 75.125, 7.248566007955054e-24, nan 
144.625, 75.125, 9.38640651814462e-24, nan 
144.875, 75.125, 1.1907196949788367e-23, nan 
145.125, 75.125, 2.2151470293760153e-23, nan 
145.375, 75.125, 2.2845601130623158e-23, nan 
145.625, 75.125, 1.9923874664101934e-23, nan 
145.875, 75.125, 2.3944970324753178e-23, nan 
146.125, 75.125, 1.7742822879500826e-23, nan 
146.375, 75.125, 1.6655976281852748e-23, nan 
146.625, 75.125, 1.6132787676336594e-23, nan 
146.875, 75.125, 7.42070407588351e-24, nan 
147.125, 75.125, 8.375555596287758e-24, nan 
147.375, 75.125, 1.7883753075132156e-23, nan 
147.625, 75.125, 2.6335045118274116e-23, nan 
147.875, 75.125, 1.7358839142232828e-23, nan 
148.125, 75.125, 1.7406407268267772e-23, nan 
148.375, 75.125, 2.3678417704501324e-23, nan 
148.625, 75.125, 1.6050545945552923e-23, nan 
148.875, 75.125, 1.2353875884652944e-23, nan 
149.125, 75.125, 1.3573818930879648e-23, nan 
149.375, 75.125, 9.227289583977261e-24, nan 
149.625, 75.125, 7.392454006372282e-24, nan 
149.875, 75.125, 1.1624227692529843e-23, nan 
150.125, 75.125, 9.148958433355963e-24, nan 
150.375, 75.125, 1.2435747412168609e-23, nan 
150.625, 75.125, 1.1052988975446796e-23, nan 
150.875, 75.125, 7.193288073960367e-24, nan 
151.125, 75.125, 8.665894267562563e-24, nan 
151.375, 75.125, 9.072178220427212e-24, nan 
151.625, 75.125, 7.947679232177675e-24, nan 
151.875, 75.125, 6.234485589156999e-24, nan 
152.125, 75.125, 5.081591368498743e-24, nan 
152.375, 75.125, 9.275240656835571e-24, nan 
152.625, 75.125, 9.195363513153002e-24, nan 
152.875, 75.125, 7.099881782474816e-24, nan 
153.125, 75.125, 9.641191952691063e-24, nan 
153.375, 75.125, 1.2592198607841484e-23, nan 
153.625, 75.125, 1.3341487892617373e-23, nan 
153.875, 75.125, 9.503488338339012e-24, nan 
154.125, 75.125, 1.0266830331467829e-23, nan 
154.375, 75.125, 7.660297942613995e-24, nan 
154.625, 75.125, 8.6354096345708e-24, nan 
154.875, 75.125, 7.640305154128531e-24, nan 
155.125, 75.125, 5.33765445488635e-24, nan 
155.375, 75.125, 8.951211800171469e-24, nan 
155.625, 75.125, 1.1591550475090522e-23, nan 
155.875, 75.125, 8.431827635136148e-24, nan 
156.125, 75.125, 1.3390037968791136e-23, nan 
156.375, 75.125, 2.0669768166568e-23, nan 
156.625, 75.125, 2.2956678298081553e-23, nan 
156.875, 75.125, 1.6941184763187033e-23, nan 
157.125, 75.125, 1.814615995298155e-23, nan 
157.375, 75.125, 1.972215039650043e-23, nan 
157.625, 75.125, 1.436387462589208e-23, nan 
157.875, 75.125, 1.1729737410469381e-23, nan 
158.125, 75.125, 8.84246011617612e-24, nan 
158.375, 75.125, 5.891891958861786e-24, nan 
158.625, 75.125, 1.118879965769321e-23, nan 
158.875, 75.125, 1.1287397415540928e-23, nan 
159.125, 75.125, 9.047521677080615e-24, nan 
159.375, 75.125, 1.6845894770633517e-23, nan 
159.625, 75.125, 1.8458165433280452e-23, nan 
159.875, 75.125, 1.0950859808198765e-23, nan 
160.125, 75.125, 4.5520901657871975e-24, nan 
160.375, 75.125, 3.9511092699752586e-24, nan 
160.625, 75.125, 1.3595724140170095e-23, nan 
160.875, 75.125, 1.0590716598799575e-23, nan 
161.125, 75.125, 9.502152000158357e-24, nan 
161.375, 75.125, 1.5195910440885105e-23, nan 
161.625, 75.125, 1.617054080082773e-23, nan 
161.875, 75.125, 9.74579992579889e-24, nan 
162.125, 75.125, 9.08283838170038e-24, nan 
162.375, 75.125, 5.368255663658354e-24, nan 
162.625, 75.125, 7.940285221038139e-24, nan 
162.875, 75.125, 3.4346839867672225e-24, nan 
163.125, 75.125, 4.3596207136132044e-24, nan 
163.375, 75.125, 5.454848894941365e-24, nan 
163.625, 75.125, 5.526412385615399e-24, nan 
163.875, 75.125, 6.5082930344628595e-24, nan 
164.125, 75.125, 1.0804521581649091e-23, nan 
164.375, 75.125, 1.304866874138545e-23, nan 
164.625, 75.125, 1.0163771466638609e-23, nan 
164.875, 75.125, 1.1758397038700236e-23, nan 
165.125, 75.125, 8.463470832954686e-24, nan 
165.375, 75.125, 6.64774828155045e-24, nan 
165.625, 75.125, 8.992153451337758e-24, nan 
165.875, 75.125, 9.463001923137429e-24, nan 
166.125, 75.125, 1.8131936147454563e-23, nan 
166.375, 75.125, 1.7354163948570958e-23, nan 
166.625, 75.125, 1.4747670123377238e-23, nan 
166.875, 75.125, 1.8057190597698467e-23, nan 
167.125, 75.125, 1.8000220686449325e-23, nan 
167.375, 75.125, 1.255428173617345e-23, nan 
167.625, 75.125, 7.338794252958323e-24, nan 
167.875, 75.125, 5.525328803280792e-24, nan 
168.125, 75.125, 6.936934139782717e-24, nan 
168.375, 75.125, 8.540026564330861e-24, nan 
168.625, 75.125, 6.639504297140981e-24, nan 
168.875, 75.125, 5.5799719686283565e-24, nan 
169.125, 75.125, 6.791725201113297e-24, nan 
169.375, 75.125, 3.636944564927428e-24, nan 
169.625, 75.125, 2.171611511638139e-24, nan 
169.875, 75.125, 2.959841150577609e-24, nan 
170.125, 75.125, 3.0378266729836606e-24, nan 
170.375, 75.125, 2.69419643209949e-24, nan 
170.625, 75.125, 3.723306023413064e-24, nan 
170.875, 75.125, 3.024112612691946e-24, nan 
171.125, 75.125, 2.686162425091952e-24, nan 
171.375, 75.125, 1.7486915625817914e-24, nan 
171.625, 75.125, 1.4473309956930297e-24, nan 
171.875, 75.125, 2.221528865406585e-24, nan 
172.125, 75.125, 2.416464139001902e-24, nan 
172.375, 75.125, 4.341898901379653e-24, nan 
172.625, 75.125, 2.6398263544454633e-24, nan 
172.875, 75.125, 3.357319517927296e-24, nan 
173.125, 75.125, 5.262914867161818e-24, nan 
173.375, 75.125, 2.7510216020338702e-24, nan 
173.625, 75.125, 2.8480189791781005e-24, nan 
173.875, 75.125, 1.8856432467225953e-24, nan 
174.125, 75.125, 2.101500527192131e-24, nan 
174.375, 75.125, 3.0452090400367635e-24, nan 
174.625, 75.125, 3.847672045659466e-24, nan 
174.875, 75.125, 4.578616523262765e-24, nan 
175.125, 75.125, 3.96937768282503e-24, nan 
175.375, 75.125, 3.709079799154967e-24, nan 
175.625, 75.125, 4.084493025100387e-24, nan 
175.875, 75.125, 1.8013138490564092e-24, nan 
176.125, 75.125, 4.712935746033002e-25, nan 
176.375, 75.125, 1.817696163031802e-24, nan 
176.625, 75.125, 1.3725261728308167e-24, nan 
176.875, 75.125, 1.2062265810325234e-24, nan 
177.125, 75.125, 9.458761002612592e-25, nan 
177.375, 75.125, 7.839577243707343e-25, nan 
177.625, 75.125, 2.1636491846377355e-24, nan 
177.875, 75.125, 3.893160661448632e-24, nan 
178.125, 75.125, 3.6545822843820464e-24, nan 
178.375, 75.125, 2.614043657808496e-24, nan 
178.625, 75.125, 4.515550177817894e-24, nan 
178.875, 75.125, 3.258729483695335e-24, nan 
23.625, 75.375, 9.770721983460377e-25, nan 
23.875, 75.375, 7.085807212730874e-25, nan 
24.125, 75.375, 1.5904928426243674e-24, nan 
24.375, 75.375, 3.829544805177062e-25, nan 
24.625, 75.375, 8.446200125119408e-25, nan 
24.875, 75.375, 1.7786914113534564e-24, nan 
25.125, 75.375, 1.189009283056723e-24, nan 
25.375, 75.375, 1.724038014170375e-24, nan 
25.625, 75.375, 3.134177484477066e-24, nan 
25.875, 75.375, 4.066732906159258e-24, nan 
26.125, 75.375, 3.376880446342069e-24, nan 
26.375, 75.375, 3.6688105533572125e-24, nan 
26.625, 75.375, 5.540141415445227e-24, nan 
26.875, 75.375, 4.019870753636567e-24, nan 
27.125, 75.375, 1.867830001501951e-24, nan 
27.375, 75.375, 2.9663654441718024e-24, nan 
27.625, 75.375, 2.1402380307862555e-24, nan 
27.875, 75.375, 1.8856418594157914e-24, nan 
28.125, 75.375, 2.666738967727261e-24, nan 
28.375, 75.375, 2.2996813126813094e-24, nan 
28.625, 75.375, 3.1604197632563944e-24, nan 
28.875, 75.375, 2.6602629218141917e-24, nan 
29.125, 75.375, 3.312138520244888e-24, nan 
29.375, 75.375, 4.0399643078191774e-24, nan 
29.625, 75.375, 6.468570764896879e-24, nan 
29.875, 75.375, 4.18550826877116e-24, nan 
30.125, 75.375, 7.863128210961465e-24, nan 
30.375, 75.375, 1.3343890488426994e-23, nan 
30.625, 75.375, 4.141149961165233e-24, nan 
30.875, 75.375, 4.487549953044731e-24, nan 
31.125, 75.375, 8.18530751993165e-24, nan 
31.375, 75.375, 3.359752478634683e-24, nan 
31.625, 75.375, 1.727516727726769e-24, nan 
31.875, 75.375, 1.0518222559929264e-24, nan 
32.125, 75.375, 2.1964971270218435e-24, nan 
32.375, 75.375, 1.8108024295150124e-24, nan 
32.625, 75.375, 7.151824271848287e-25, nan 
32.875, 75.375, 2.247186551597654e-24, nan 
33.125, 75.375, 5.865863293055766e-25, nan 
33.375, 75.375, 1.3773371269946909e-24, nan 
33.625, 75.375, 4.446226503530066e-24, nan 
33.875, 75.375, 4.474372715381699e-24, nan 
34.125, 75.375, 4.425681629204535e-24, nan 
34.375, 75.375, 5.255960464728786e-24, nan 
34.625, 75.375, 5.5357255936153965e-24, nan 
34.875, 75.375, 5.1551807991871006e-24, nan 
35.125, 75.375, 1.1036666603077185e-24, nan 
35.375, 75.375, 2.2488921151539664e-24, nan 
35.625, 75.375, 3.353681392721649e-24, nan 
35.875, 75.375, 5.06512983208926e-24, nan 
36.125, 75.375, 4.63142084478573e-24, nan 
36.375, 75.375, 5.259135383341879e-24, nan 
36.625, 75.375, 6.5782592974629245e-24, nan 
36.875, 75.375, 4.886173026311184e-24, nan 
37.125, 75.375, 4.746193255457247e-24, nan 
37.375, 75.375, 3.419216790925909e-24, nan 
37.625, 75.375, 3.801465631358928e-24, nan 
37.875, 75.375, 2.0196025277503235e-24, nan 
38.125, 75.375, 1.7740427713641475e-24, nan 
38.375, 75.375, 1.9797174611436445e-24, nan 
38.625, 75.375, 1.118498886294937e-24, nan 
38.875, 75.375, 1.4792504096157774e-24, nan 
39.125, 75.375, 1.4361457295382536e-24, nan 
39.375, 75.375, 1.2427795164380731e-24, nan 
39.625, 75.375, 2.924610054334763e-24, nan 
39.875, 75.375, 4.022628480487231e-24, nan 
40.125, 75.375, 4.8023410091766875e-24, nan 
40.375, 75.375, 2.587669660704877e-24, nan 
40.625, 75.375, 4.7519174397228975e-24, nan 
40.875, 75.375, 6.497177105841099e-24, nan 
41.125, 75.375, 2.370988133600322e-24, nan 
41.375, 75.375, 2.135439249492295e-24, nan 
41.625, 75.375, 2.884487646816332e-24, nan 
41.875, 75.375, 2.3431886897471196e-24, nan 
42.125, 75.375, 4.159679823425717e-24, nan 
42.375, 75.375, 4.9797219496141295e-24, nan 
42.625, 75.375, 3.2048819256774213e-24, nan 
42.875, 75.375, 4.3830577152253184e-24, nan 
43.125, 75.375, 4.430863346573428e-24, nan 
43.375, 75.375, 4.991615054582934e-24, nan 
43.625, 75.375, 3.74979209144237e-24, nan 
43.875, 75.375, 3.870748763542881e-24, nan 
44.125, 75.375, 2.205897272291739e-24, nan 
44.375, 75.375, 6.723523558845907e-24, nan 
44.625, 75.375, 7.471216522734463e-24, nan 
44.875, 75.375, 2.637535296857266e-24, nan 
45.125, 75.375, 5.440610543124537e-24, nan 
45.375, 75.375, 4.6715352342303076e-24, nan 
45.625, 75.375, 4.943352310391796e-24, nan 
45.875, 75.375, 4.324332479197447e-24, nan 
46.125, 75.375, 4.500152866137974e-24, nan 
46.375, 75.375, 4.933269513943386e-24, nan 
46.625, 75.375, 4.9969887499920665e-24, nan 
46.875, 75.375, 5.22092993983875e-24, nan 
47.125, 75.375, 3.826604994056395e-24, nan 
47.375, 75.375, 4.4098061280028684e-24, nan 
47.625, 75.375, 2.7607704839637022e-24, nan 
47.875, 75.375, 2.89894224193447e-24, nan 
48.125, 75.375, 3.2327489287018628e-24, nan 
48.375, 75.375, 3.666092277018975e-24, nan 
48.625, 75.375, 3.663677876068703e-24, nan 
48.875, 75.375, 3.1980799281830852e-24, nan 
49.125, 75.375, 4.380839442638191e-24, nan 
49.375, 75.375, 4.7304273613017806e-24, nan 
49.625, 75.375, 6.265469043133413e-24, nan 
49.875, 75.375, 4.364297115738671e-24, nan 
50.125, 75.375, 3.6405110362982396e-24, nan 
50.375, 75.375, 9.760181245687852e-24, nan 
50.625, 75.375, 2.7838356981404754e-24, nan 
50.875, 75.375, 2.890520682510089e-24, nan 
51.125, 75.375, 1.0076787865055749e-23, nan 
51.375, 75.375, 2.0051507374664202e-24, nan 
51.625, 75.375, 4.605210791860237e-24, nan 
51.875, 75.375, 4.9468160364586196e-24, nan 
52.125, 75.375, 7.56358199038858e-24, nan 
52.375, 75.375, 8.538478694181119e-24, nan 
52.625, 75.375, 1.1239955333836949e-23, nan 
52.875, 75.375, 9.811510383025664e-24, nan 
53.125, 75.375, 1.049924562870398e-23, nan 
53.375, 75.375, 1.25846227207117e-23, nan 
53.625, 75.375, 1.6063530418076016e-23, nan 
53.875, 75.375, 1.7306391284508198e-23, nan 
54.125, 75.375, 1.0151417932548101e-23, nan 
54.375, 75.375, 1.6339404622338446e-23, nan 
54.625, 75.375, 1.5949553971909347e-23, nan 
54.875, 75.375, 6.41737458150877e-24, nan 
55.125, 75.375, 7.176813384554231e-24, nan 
55.375, 75.375, 6.607748729228041e-24, nan 
55.625, 75.375, 8.739286771656472e-24, nan 
55.875, 75.375, 1.2432734061965427e-23, nan 
56.125, 75.375, 3.084450334163767e-23, nan 
56.375, 75.375, 4.2358231713704715e-23, nan 
56.625, 75.375, 3.982058467184645e-23, nan 
56.875, 75.375, 3.698409652154538e-23, nan 
57.125, 75.375, 5.125054173548579e-23, nan 
57.375, 75.375, 4.49457253961549e-23, nan 
57.625, 75.375, 1.8609775849851407e-23, nan 
57.875, 75.375, 2.873734645644104e-23, nan 
58.125, 75.375, 2.5541134534842457e-23, nan 
58.375, 75.375, 1.8193273970981004e-23, nan 
58.625, 75.375, 9.467793083191915e-24, nan 
58.875, 75.375, 1.0242944416875582e-23, nan 
59.125, 75.375, 1.107917205311817e-23, nan 
59.375, 75.375, 1.3554313120193994e-23, nan 
59.625, 75.375, 1.0900318534912926e-23, nan 
59.875, 75.375, 1.771521915388553e-23, nan 
60.125, 75.375, 1.328659805196999e-23, nan 
60.375, 75.375, 8.802086991885865e-24, nan 
60.625, 75.375, 1.1819858421663291e-23, nan 
60.875, 75.375, 8.394995846979139e-24, nan 
61.125, 75.375, 9.271315544474316e-24, nan 
61.375, 75.375, 1.4499044142021422e-23, nan 
61.625, 75.375, 1.936880746079027e-23, nan 
61.875, 75.375, 4.648967286471872e-23, nan 
62.125, 75.375, 6.755021112421841e-23, nan 
62.375, 75.375, 7.005553933743345e-23, nan 
62.625, 75.375, 5.630857335217801e-23, nan 
62.875, 75.375, 7.861044906650574e-23, nan 
63.125, 75.375, 8.517705677854904e-23, nan 
63.375, 75.375, 4.781489700925953e-23, nan 
63.625, 75.375, 4.3946141129242167e-23, nan 
63.875, 75.375, 4.8453491956168506e-23, nan 
64.125, 75.375, 4.0676902594553806e-23, nan 
64.375, 75.375, 8.093355383637057e-23, nan 
64.625, 75.375, 6.354442909160213e-23, nan 
64.875, 75.375, 4.625722405216794e-23, nan 
65.125, 75.375, 1.35099357455444e-22, nan 
65.375, 75.375, 1.4215717265927963e-22, nan 
65.625, 75.375, 9.760694919827294e-23, nan 
65.875, 75.375, 1.3668230739105125e-22, nan 
66.125, 75.375, 1.5311121920169514e-22, nan 
66.375, 75.375, 1.0525297592267596e-22, nan 
66.625, 75.375, 8.773503196312803e-23, nan 
66.875, 75.375, 6.501878734630263e-23, nan 
67.125, 75.375, 6.236600664475793e-23, nan 
67.375, 75.375, 2.9746957590479903e-23, nan 
67.625, 75.375, 1.2619267317838165e-23, nan 
67.875, 75.375, 2.1078128567928817e-23, nan 
68.125, 75.375, 5.025242423468611e-23, nan 
68.375, 75.375, 4.873706681520879e-23, nan 
68.625, 75.375, 4.3765823145593216e-23, nan 
68.875, 75.375, 4.410224154949677e-23, nan 
69.125, 75.375, 4.1775272813051295e-23, nan 
69.375, 75.375, 4.5062369340234935e-23, nan 
69.625, 75.375, 3.0493588281037524e-23, nan 
69.875, 75.375, 2.7417331859211325e-23, nan 
70.125, 75.375, 1.3843972251396343e-23, nan 
70.375, 75.375, 2.6774568632676746e-23, nan 
70.625, 75.375, 6.265746291606455e-23, nan 
70.875, 75.375, 4.6634790183784933e-23, nan 
71.125, 75.375, 4.235364331410122e-23, nan 
71.375, 75.375, 8.170374256433067e-23, nan 
71.625, 75.375, 1.0644115376334756e-22, nan 
71.875, 75.375, 1.752280776264041e-22, nan 
72.125, 75.375, 1.8728537641080165e-22, nan 
72.375, 75.375, 1.893677124647138e-22, nan 
72.625, 75.375, 2.1276680052071204e-22, nan 
72.875, 75.375, 2.1005237765659304e-22, nan 
73.125, 75.375, 2.0046104729465707e-22, nan 
73.375, 75.375, 2.006880849608986e-22, nan 
73.625, 75.375, 7.252589871372206e-23, nan 
73.875, 75.375, 7.048936580532388e-23, nan 
74.125, 75.375, 8.560188864282772e-23, nan 
74.375, 75.375, 8.928949702743522e-23, nan 
74.625, 75.375, 5.141434739936241e-23, nan 
74.875, 75.375, 4.827812185565559e-23, nan 
75.125, 75.375, 1.3137348230740075e-22, nan 
75.375, 75.375, 1.4943574920301796e-22, nan 
75.625, 75.375, 1.5735603305379966e-22, nan 
75.875, 75.375, 1.8207002054646827e-22, nan 
76.125, 75.375, 1.8535549797566674e-22, nan 
76.375, 75.375, 1.881554289176315e-22, nan 
76.625, 75.375, 2.220838830666427e-22, nan 
76.875, 75.375, 2.946201820904298e-22, nan 
77.125, 75.375, 3.825217947087147e-22, nan 
77.375, 75.375, 3.3144519093753747e-22, nan 
77.625, 75.375, 4.588383574577005e-22, nan 
77.875, 75.375, 4.2348450923853043e-22, nan 
78.125, 75.375, 4.271638583736125e-22, nan 
78.375, 75.375, 5.764138612074995e-22, nan 
78.625, 75.375, 4.31491692408707e-22, nan 
78.875, 75.375, 4.302282187438412e-22, nan 
79.125, 75.375, 4.070056053713043e-22, nan 
79.375, 75.375, 5.111112938854973e-22, nan 
79.625, 75.375, 4.924523248023852e-22, nan 
79.875, 75.375, 3.6252606717667205e-22, nan 
80.125, 75.375, 2.727282640448139e-22, nan 
80.375, 75.375, 2.2465586472919116e-22, nan 
80.625, 75.375, 2.7931961427997335e-22, nan 
80.875, 75.375, 4.096213586329575e-22, nan 
81.125, 75.375, 4.290142742960092e-22, nan 
81.375, 75.375, 7.435569244611642e-22, nan 
81.625, 75.375, 1.1203375292156187e-21, nan 
81.875, 75.375, 8.989944252573463e-22, nan 
82.125, 75.375, 1.4641533562150969e-21, nan 
82.375, 75.375, 1.9954872592889284e-21, nan 
82.625, 75.375, 1.76701242138179e-21, nan 
82.875, 75.375, 2.1579123749936577e-21, nan 
83.125, 75.375, 1.1139027717429533e-21, nan 
83.375, 75.375, 1.094476021196777e-21, nan 
83.625, 75.375, 1.5088310697106195e-21, nan 
83.875, 75.375, 1.029985509470813e-21, nan 
84.125, 75.375, 6.377448587812281e-22, nan 
84.375, 75.375, 7.906061393686972e-22, nan 
84.625, 75.375, 6.738568875547804e-22, nan 
84.875, 75.375, 5.003254142491332e-22, nan 
85.125, 75.375, 5.469611806934868e-22, nan 
85.375, 75.375, 5.35025251469763e-22, nan 
85.625, 75.375, 6.26662186263657e-22, nan 
85.875, 75.375, 5.085821579693195e-22, nan 
86.125, 75.375, 6.282866646464019e-22, nan 
86.375, 75.375, 8.048799904466129e-22, nan 
86.625, 75.375, 1.0778130537920661e-21, nan 
86.875, 75.375, 1.0660277284777892e-21, nan 
87.125, 75.375, 1.3775663609962727e-21, nan 
87.375, 75.375, 1.3255501436743895e-21, nan 
87.625, 75.375, 2.0909040531009488e-21, nan 
87.875, 75.375, 1.4834524461210568e-21, nan 
88.125, 75.375, 1.0975874954095107e-21, nan 
88.375, 75.375, 3.633082490612717e-21, nan 
88.625, 75.375, 2.986726550509477e-21, nan 
88.875, 75.375, 3.3143638112959152e-21, nan 
89.125, 75.375, 4.5862318376066815e-21, nan 
89.375, 75.375, 3.600238169461918e-21, nan 
89.625, 75.375, 4.076814121369833e-21, nan 
89.875, 75.375, 1.0831276348779949e-21, nan 
90.125, 75.375, 2.04454335740495e-21, nan 
90.375, 75.375, 1.8881417972111252e-21, nan 
90.625, 75.375, 6.736418517371307e-22, nan 
90.875, 75.375, 3.566019682040037e-21, nan 
91.125, 75.375, 7.5148861270960755e-22, nan 
91.375, 75.375, 5.205746919129653e-22, nan 
91.625, 75.375, 2.012384095562977e-21, nan 
91.875, 75.375, 1.1233603008315072e-21, nan 
92.125, 75.375, 1.2356873713117448e-21, nan 
92.375, 75.375, 2.0521852951327035e-21, nan 
92.625, 75.375, 2.6628541839003575e-21, nan 
92.875, 75.375, 3.758833313777519e-21, nan 
93.125, 75.375, 3.6242534845628134e-21, nan 
93.375, 75.375, 5.6634259086661195e-21, nan 
93.625, 75.375, 6.862169024887316e-21, nan 
93.875, 75.375, 3.4760239270200645e-21, nan 
94.125, 75.375, 4.27225546341502e-21, nan 
94.375, 75.375, 6.660359943483088e-21, nan 
94.625, 75.375, 7.632013830595892e-21, nan 
94.875, 75.375, 6.3853703228371695e-21, nan 
95.125, 75.375, 1.0867179052104197e-20, nan 
95.375, 75.375, 1.2116360352775161e-20, nan 
95.625, 75.375, 9.807838869604072e-21, nan 
95.875, 75.375, 9.84144553649624e-21, nan 
96.125, 75.375, 1.0960061378369937e-20, nan 
96.375, 75.375, 8.982586103759834e-21, nan 
96.625, 75.375, 8.44495459176774e-21, nan 
96.875, 75.375, 7.8198522727011e-21, nan 
97.125, 75.375, 5.804280374928635e-21, nan 
97.375, 75.375, 6.774514187904273e-21, nan 
97.625, 75.375, 4.5151618981010235e-21, nan 
97.875, 75.375, 5.140206579023192e-21, nan 
98.125, 75.375, 5.798971987669665e-21, nan 
98.375, 75.375, 4.0468043622782035e-21, nan 
98.625, 75.375, 3.380145063124443e-21, nan 
98.875, 75.375, 2.946390689720656e-21, nan 
99.125, 75.375, 3.53162036600166e-21, nan 
99.375, 75.375, 2.749990185104675e-21, nan 
99.625, 75.375, 3.656447228125359e-21, nan 
99.875, 75.375, 5.995269107371685e-21, nan 
100.125, 75.375, 4.8098184099263266e-21, nan 
100.375, 75.375, 4.140961139872167e-21, nan 
100.625, 75.375, 5.54988174947743e-21, nan 
100.875, 75.375, 5.8101895650767e-21, nan 
101.125, 75.375, 7.432340527869412e-21, nan 
101.375, 75.375, 1.1612695603584647e-20, nan 
101.625, 75.375, 8.458515799677832e-21, nan 
101.875, 75.375, 1.0354367144942195e-20, nan 
102.125, 75.375, 1.4742034768533898e-20, nan 
102.375, 75.375, 1.0410060206328948e-20, nan 
102.625, 75.375, 1.3520951666562291e-20, nan 
102.875, 75.375, 7.179327141153489e-21, nan 
103.125, 75.375, 4.9584633617964384e-21, nan 
103.375, 75.375, 3.188865561348501e-21, nan 
103.625, 75.375, 4.2241707922055714e-21, nan 
103.875, 75.375, 4.382200959068321e-21, nan 
104.125, 75.375, 5.840944185148364e-21, nan 
104.375, 75.375, 5.200008518121692e-21, nan 
104.625, 75.375, 3.3310856572098096e-21, nan 
104.875, 75.375, 6.84753868830522e-21, nan 
105.125, 75.375, 6.832914625273833e-21, nan 
105.375, 75.375, 2.866550738894512e-21, nan 
105.625, 75.375, 4.1194675485268594e-21, nan 
105.875, 75.375, 3.353185727502208e-21, nan 
106.125, 75.375, 2.782262696006219e-21, nan 
106.375, 75.375, 4.749864698732543e-21, nan 
106.625, 75.375, 4.1713058338563986e-21, nan 
106.875, 75.375, 4.7030449034702684e-21, nan 
107.125, 75.375, 4.298630902944314e-21, nan 
107.375, 75.375, 4.2469189354307836e-21, nan 
107.625, 75.375, 2.672291247245912e-21, nan 
107.875, 75.375, 5.772832290907849e-21, nan 
108.125, 75.375, 3.366810335313431e-21, nan 
108.375, 75.375, 4.129490327808041e-21, nan 
108.625, 75.375, 6.424618111639382e-21, nan 
108.875, 75.375, 6.25563057759786e-21, nan 
109.125, 75.375, 8.293018371715244e-21, nan 
109.375, 75.375, 7.065309609058127e-21, nan 
109.625, 75.375, 6.541831438625778e-21, nan 
109.875, 75.375, 3.6433275126827075e-21, nan 
110.125, 75.375, 5.203246396720013e-21, nan 
110.375, 75.375, 6.506085507689002e-21, nan 
110.625, 75.375, 4.815763378825149e-21, nan 
110.875, 75.375, 4.024061990016947e-21, nan 
111.125, 75.375, 4.33149952485731e-21, nan 
111.375, 75.375, 4.40970429917669e-21, nan 
111.625, 75.375, 2.8479896649087576e-21, nan 
111.875, 75.375, 2.205147110330519e-21, nan 
112.125, 75.375, 1.5109192000637233e-21, nan 
112.375, 75.375, 1.1741238895319356e-21, nan 
112.625, 75.375, 2.1876301583475165e-21, nan 
112.875, 75.375, 1.2348334121814337e-21, nan 
113.125, 75.375, 1.0528689588271011e-21, nan 
113.375, 75.375, 1.4418593090044434e-21, nan 
113.625, 75.375, 4.305995596411196e-22, nan 
113.875, 75.375, 1.059448937210622e-21, nan 
114.125, 75.375, 8.906859431482887e-22, nan 
114.375, 75.375, 7.897038850240176e-22, nan 
114.625, 75.375, 1.4318843497405562e-21, nan 
114.875, 75.375, 1.989203629629495e-21, nan 
115.125, 75.375, 2.2017874840715964e-21, nan 
115.375, 75.375, 1.234498596883065e-21, nan 
115.625, 75.375, 1.746019920518809e-21, nan 
115.875, 75.375, 1.794506132532164e-21, nan 
116.125, 75.375, 1.1171736101363197e-21, nan 
116.375, 75.375, 8.041915169547488e-22, nan 
116.625, 75.375, 1.3779567102159025e-21, nan 
116.875, 75.375, 1.3377657147255257e-21, nan 
117.125, 75.375, 3.5346656217676114e-22, nan 
117.375, 75.375, 5.420527100090453e-22, nan 
117.625, 75.375, 6.233550053100804e-22, nan 
117.875, 75.375, 1.1335328985705351e-22, nan 
118.125, 75.375, 7.064968878371895e-22, nan 
118.375, 75.375, 7.921300532905388e-22, nan 
118.625, 75.375, 1.9361642596006454e-21, nan 
118.875, 75.375, 1.558909705518062e-21, nan 
119.125, 75.375, 1.328134743217687e-21, nan 
119.375, 75.375, 1.913779267504206e-21, nan 
119.625, 75.375, 2.5291117769062196e-21, nan 
119.875, 75.375, 2.251756769416319e-21, nan 
120.125, 75.375, 2.54155250724565e-21, nan 
120.375, 75.375, 1.8661887875232968e-21, nan 
120.625, 75.375, 1.4087993942018446e-21, nan 
120.875, 75.375, 1.47119693667391e-21, nan 
121.125, 75.375, 1.1601439233675724e-21, nan 
121.375, 75.375, 1.1407689429402817e-21, nan 
121.625, 75.375, 1.1615156616992265e-21, nan 
121.875, 75.375, 8.267098364915458e-22, nan 
122.125, 75.375, 7.612150231845041e-22, nan 
122.375, 75.375, 7.556507930646167e-22, nan 
122.625, 75.375, 4.379147093926741e-22, nan 
122.875, 75.375, 3.561433021082308e-22, nan 
123.125, 75.375, 3.11347208717503e-22, nan 
123.375, 75.375, 3.213649782898193e-22, nan 
123.625, 75.375, 2.997448469272646e-22, nan 
123.875, 75.375, 3.1984096855051816e-22, nan 
124.125, 75.375, 3.1494491896845717e-22, nan 
124.375, 75.375, 3.412093599110619e-22, nan 
124.625, 75.375, 3.1839552464959617e-22, nan 
124.875, 75.375, 4.024250144757373e-22, nan 
125.125, 75.375, 2.8055941316222036e-22, nan 
125.375, 75.375, 2.177282483924591e-22, nan 
125.625, 75.375, 3.071892668293408e-22, nan 
125.875, 75.375, 2.6742429553532024e-22, nan 
126.125, 75.375, 2.5974616510090904e-22, nan 
126.375, 75.375, 1.979851101281305e-22, nan 
126.625, 75.375, 4.126851827018938e-22, nan 
126.875, 75.375, 4.276936117874458e-22, nan 
127.125, 75.375, 2.33671248973059e-22, nan 
127.375, 75.375, 4.002326243781442e-22, nan 
127.625, 75.375, 3.452455231293471e-22, nan 
127.875, 75.375, 2.9906106416673347e-22, nan 
128.125, 75.375, 1.9557226391054426e-22, nan 
128.375, 75.375, 2.21090409355726e-22, nan 
128.625, 75.375, 3.8424186366897456e-22, nan 
128.875, 75.375, 2.1752286895949247e-22, nan 
129.125, 75.375, 1.6724973987789894e-22, nan 
129.375, 75.375, 3.2153356207755043e-22, nan 
129.625, 75.375, 3.6194546111985623e-22, nan 
129.875, 75.375, 2.838652595372184e-22, nan 
130.125, 75.375, 1.4734569206872477e-22, nan 
130.375, 75.375, 1.4241661836274726e-22, nan 
130.625, 75.375, 9.156047738371505e-23, nan 
130.875, 75.375, 7.90569006196616e-23, nan 
131.125, 75.375, 1.1781767403131352e-22, nan 
131.375, 75.375, 8.850944139199547e-23, nan 
131.625, 75.375, 2.4220195937602603e-22, nan 
131.875, 75.375, 2.7020485529775225e-22, nan 
132.125, 75.375, 2.6288790110161833e-22, nan 
132.375, 75.375, 2.4094965738717545e-22, nan 
132.625, 75.375, 2.5871751165187567e-22, nan 
132.875, 75.375, 2.232948775082918e-22, nan 
133.125, 75.375, 1.5666349683219558e-22, nan 
133.375, 75.375, 1.1329912288741444e-22, nan 
133.625, 75.375, 9.281227455378256e-23, nan 
133.875, 75.375, 7.779361885883957e-23, nan 
134.125, 75.375, 7.830796800281645e-23, nan 
134.375, 75.375, 7.96956263438752e-23, nan 
134.625, 75.375, 7.529667882588662e-23, nan 
134.875, 75.375, 5.0346191594870125e-23, nan 
135.125, 75.375, 6.746748614433234e-23, nan 
135.375, 75.375, 7.46374951377412e-23, nan 
135.625, 75.375, 5.685295883041061e-23, nan 
135.875, 75.375, 6.774112349757218e-23, nan 
136.125, 75.375, 5.775461353774274e-23, nan 
136.375, 75.375, 4.3174210650715867e-23, nan 
136.625, 75.375, 4.812829760013881e-23, nan 
136.875, 75.375, 5.493762097399588e-23, nan 
137.125, 75.375, 6.674062018148056e-23, nan 
137.375, 75.375, 5.609411409691663e-23, nan 
137.625, 75.375, 4.426378224727817e-23, nan 
137.875, 75.375, 5.383687759964134e-23, nan 
138.125, 75.375, 1.9403302921195476e-23, nan 
138.375, 75.375, 2.992799236671279e-23, nan 
138.625, 75.375, 4.4198896570590614e-23, nan 
138.875, 75.375, 2.5419753677779424e-23, nan 
139.125, 75.375, 3.480785596208798e-23, nan 
139.375, 75.375, 1.6053994706796472e-23, nan 
139.625, 75.375, 1.470888581138713e-23, nan 
139.875, 75.375, 3.2130189708666045e-23, nan 
140.125, 75.375, 3.711528282846339e-23, nan 
140.375, 75.375, 3.540223079333001e-23, nan 
140.625, 75.375, 5.256474053822647e-23, nan 
140.875, 75.375, 5.707084750233804e-23, nan 
141.125, 75.375, 4.0075313528439285e-23, nan 
141.375, 75.375, 5.042220749542857e-23, nan 
141.625, 75.375, 5.51135166268479e-23, nan 
141.875, 75.375, 5.0860275310020614e-23, nan 
142.125, 75.375, 4.123943903204832e-23, nan 
142.375, 75.375, 2.5548563789619336e-23, nan 
142.625, 75.375, 3.371932004364612e-23, nan 
142.875, 75.375, 2.9485379526603473e-23, nan 
143.125, 75.375, 2.0856356389899217e-23, nan 
143.375, 75.375, 7.262610423742014e-24, nan 
143.625, 75.375, 1.1056708112438635e-23, nan 
143.875, 75.375, 9.468201787549134e-24, nan 
144.125, 75.375, 6.72169133589838e-24, nan 
144.375, 75.375, 7.207425247793403e-24, nan 
144.625, 75.375, 8.071778517682918e-24, nan 
144.875, 75.375, 1.8723208652281923e-23, nan 
145.125, 75.375, 3.531712723611597e-23, nan 
145.375, 75.375, 3.648292854107344e-23, nan 
145.625, 75.375, 2.8011050770303584e-23, nan 
145.875, 75.375, 3.352399867122069e-23, nan 
146.125, 75.375, 3.3094947911222034e-23, nan 
146.375, 75.375, 2.2495126229729098e-23, nan 
146.625, 75.375, 9.595314135819602e-24, nan 
146.875, 75.375, 8.390340222519668e-24, nan 
147.125, 75.375, 8.455141691821168e-24, nan 
147.375, 75.375, 1.4854130338681852e-23, nan 
147.625, 75.375, 2.0547614500879336e-23, nan 
147.875, 75.375, 1.3746281008793832e-23, nan 
148.125, 75.375, 1.5388613502027807e-23, nan 
148.375, 75.375, 2.1782179688548648e-23, nan 
148.625, 75.375, 1.4859723877121504e-23, nan 
148.875, 75.375, 1.1978461732291855e-23, nan 
149.125, 75.375, 3.500770675316698e-23, nan 
149.375, 75.375, 2.599375897894617e-23, nan 
149.625, 75.375, 9.403816997200026e-24, nan 
149.875, 75.375, 2.4628353164991377e-23, nan 
150.125, 75.375, 1.9753854913591715e-23, nan 
150.375, 75.375, 9.350095851466219e-24, nan 
150.625, 75.375, 3.857835603236086e-24, nan 
150.875, 75.375, 2.7814415911518677e-24, nan 
151.125, 75.375, 7.810293960357292e-24, nan 
151.375, 75.375, 6.123427449148394e-24, nan 
151.625, 75.375, 1.806799986708513e-24, nan 
151.875, 75.375, 7.45469781344638e-24, nan 
152.125, 75.375, 4.586948130660565e-24, nan 
152.375, 75.375, 6.306172908248479e-24, nan 
152.625, 75.375, 7.458565874732912e-24, nan 
152.875, 75.375, 4.146284517389039e-24, nan 
153.125, 75.375, 7.441671532528892e-24, nan 
153.375, 75.375, 9.794351393163568e-24, nan 
153.625, 75.375, 9.441693018179985e-24, nan 
153.875, 75.375, 9.821107784497021e-24, nan 
154.125, 75.375, 1.075834824296238e-23, nan 
154.375, 75.375, 1.1987321443078422e-23, nan 
154.625, 75.375, 1.4157229994734524e-23, nan 
154.875, 75.375, 1.192399029411708e-23, nan 
155.125, 75.375, 8.768074599267515e-24, nan 
155.375, 75.375, 1.1806837052748216e-23, nan 
155.625, 75.375, 1.0170695561490908e-23, nan 
155.875, 75.375, 6.28237012904378e-24, nan 
156.125, 75.375, 1.228272686905068e-23, nan 
156.375, 75.375, 1.9996362464565242e-23, nan 
156.625, 75.375, 1.496512337422986e-23, nan 
156.875, 75.375, 1.1384664651005544e-23, nan 
157.125, 75.375, 2.0460654331781437e-23, nan 
157.375, 75.375, 1.4081161389585027e-23, nan 
157.625, 75.375, 5.552088405909715e-24, nan 
157.875, 75.375, 1.5261962414333732e-23, nan 
158.125, 75.375, 1.6972420035781312e-23, nan 
158.375, 75.375, 1.1856438208770251e-23, nan 
158.625, 75.375, 1.5742803071171925e-23, nan 
158.875, 75.375, 1.9661926718913746e-23, nan 
159.125, 75.375, 1.806536036724925e-23, nan 
159.375, 75.375, 1.8777463584170567e-23, nan 
159.625, 75.375, 1.3127473990804442e-23, nan 
159.875, 75.375, 8.770499796045802e-24, nan 
160.125, 75.375, 8.444063195615875e-24, nan 
160.375, 75.375, 5.936540688567818e-24, nan 
160.625, 75.375, 1.110447404568291e-23, nan 
160.875, 75.375, 1.6303856540218638e-23, nan 
161.125, 75.375, 1.0686579171647513e-23, nan 
161.375, 75.375, 1.1966219406392852e-23, nan 
161.625, 75.375, 1.5621101020285422e-23, nan 
161.875, 75.375, 1.1869365517306738e-23, nan 
162.125, 75.375, 7.262422730758124e-24, nan 
162.375, 75.375, 6.4728282550414264e-24, nan 
162.625, 75.375, 7.817691086211757e-24, nan 
162.875, 75.375, 4.960306008719817e-24, nan 
163.125, 75.375, 2.70438606185017e-24, nan 
163.375, 75.375, 9.532238078375668e-24, nan 
163.625, 75.375, 1.2782819712523665e-23, nan 
163.875, 75.375, 1.4043661785543717e-23, nan 
164.125, 75.375, 1.2766482914657988e-23, nan 
164.375, 75.375, 1.6658328125455487e-23, nan 
164.625, 75.375, 1.7312236293926317e-23, nan 
164.875, 75.375, 1.6875226994024296e-23, nan 
165.125, 75.375, 1.1651570864637466e-23, nan 
165.375, 75.375, 1.261938699293879e-23, nan 
165.625, 75.375, 1.1248597568550798e-23, nan 
165.875, 75.375, 1.1977184744779269e-23, nan 
166.125, 75.375, 1.5601099471242843e-23, nan 
166.375, 75.375, 1.9239486514094468e-23, nan 
166.625, 75.375, 1.8793643002770717e-23, nan 
166.875, 75.375, 1.4221255565516674e-23, nan 
167.125, 75.375, 1.8235912136854265e-23, nan 
167.375, 75.375, 1.616340674402829e-23, nan 
167.625, 75.375, 6.4503297531945285e-24, nan 
167.875, 75.375, 4.405775699463862e-24, nan 
168.125, 75.375, 3.544796556123239e-24, nan 
168.375, 75.375, 3.283622316716987e-24, nan 
168.625, 75.375, 5.367162130920594e-24, nan 
168.875, 75.375, 3.1854418284014564e-24, nan 
169.125, 75.375, 2.266729194676192e-24, nan 
169.375, 75.375, 2.7359430312509702e-24, nan 
169.625, 75.375, 1.882565250845042e-24, nan 
169.875, 75.375, 2.413511213791194e-24, nan 
170.125, 75.375, 2.6793181142367414e-24, nan 
170.375, 75.375, 2.8554336865425875e-24, nan 
170.625, 75.375, 2.7221693085912324e-24, nan 
170.875, 75.375, 2.4151398546891563e-24, nan 
171.125, 75.375, 2.952776514964475e-24, nan 
171.375, 75.375, 2.4124631093413945e-24, nan 
171.625, 75.375, 3.7278420352382134e-24, nan 
171.875, 75.375, 3.707781795803222e-24, nan 
172.125, 75.375, 1.775272815644755e-24, nan 
172.375, 75.375, 2.7373465994970508e-24, nan 
172.625, 75.375, 3.350663542873339e-24, nan 
172.875, 75.375, 3.105556695173293e-24, nan 
173.125, 75.375, 4.998283021767966e-24, nan 
173.375, 75.375, 3.527569494836826e-24, nan 
173.625, 75.375, 3.47757283378765e-24, nan 
173.875, 75.375, 2.4512545780976232e-24, nan 
174.125, 75.375, 1.942626796959177e-24, nan 
174.375, 75.375, 3.369844802287588e-24, nan 
174.625, 75.375, 4.064370727517381e-24, nan 
174.875, 75.375, 6.320709105192014e-24, nan 
175.125, 75.375, 7.411377007731167e-24, nan 
175.375, 75.375, 4.9862188331430655e-24, nan 
175.625, 75.375, 6.108992027535803e-24, nan 
175.875, 75.375, 6.978050562096874e-24, nan 
176.125, 75.375, 2.2214362043109107e-24, nan 
176.375, 75.375, 3.127048174646974e-24, nan 
176.625, 75.375, 3.686604407160377e-24, nan 
176.875, 75.375, 1.1818147361195929e-24, nan 
177.125, 75.375, 1.5723310874401917e-24, nan 
177.375, 75.375, 2.140705122301611e-24, nan 
177.625, 75.375, 1.6136151174508603e-24, nan 
177.875, 75.375, 1.0967494020079999e-24, nan 
178.125, 75.375, 5.6144567099172805e-24, nan 
178.375, 75.375, 3.323734262918515e-24, nan 
178.625, 75.375, 3.882371224590826e-24, nan 
178.875, 75.375, 5.10643577348713e-24, nan 
179.125, 75.375, 3.918838921358224e-24, nan 
23.375, 75.625, 6.189163455070276e-25, nan 
23.625, 75.625, 4.542397884021176e-25, nan 
23.875, 75.625, 4.48784421700688e-25, nan 
24.125, 75.625, 5.844744894688038e-25, nan 
24.375, 75.625, 6.1376764473212535e-25, nan 
24.625, 75.625, 6.698580914797769e-25, nan 
24.875, 75.625, 8.899543382405777e-25, nan 
25.125, 75.625, 1.1544781290129305e-24, nan 
25.375, 75.625, 1.3908362338370112e-24, nan 
25.625, 75.625, 1.0420483529758942e-24, nan 
25.875, 75.625, 1.3564457638294776e-24, nan 
26.125, 75.625, 1.3208886747592807e-24, nan 
26.375, 75.625, 2.398671187992848e-24, nan 
26.625, 75.625, 3.131276418833806e-24, nan 
26.875, 75.625, 2.773620125075219e-24, nan 
27.125, 75.625, 1.80331730931049e-24, nan 
27.375, 75.625, 1.6299545145218415e-24, nan 
27.625, 75.625, 2.1705071181980442e-24, nan 
27.875, 75.625, 1.7140329245027328e-24, nan 
28.125, 75.625, 2.392729535866346e-24, nan 
28.375, 75.625, 2.495357443025526e-24, nan 
28.625, 75.625, 3.37549018506412e-24, nan 
28.875, 75.625, 2.8483282576441967e-24, nan 
29.125, 75.625, 2.929992109585591e-24, nan 
29.375, 75.625, 2.0096647740830513e-24, nan 
29.625, 75.625, 2.0062599485176538e-24, nan 
29.875, 75.625, 3.374454134154172e-24, nan 
30.125, 75.625, 4.10054342254027e-24, nan 
30.375, 75.625, 6.081823159692957e-24, nan 
30.625, 75.625, 3.497217301726144e-24, nan 
30.875, 75.625, 1.3079953008597287e-24, nan 
31.125, 75.625, 7.294837268009808e-25, nan 
31.375, 75.625, 9.021593269443656e-25, nan 
31.625, 75.625, 7.944872720254686e-25, nan 
31.875, 75.625, 2.6991818451484156e-24, nan 
32.125, 75.625, 2.247505648733758e-24, nan 
32.375, 75.625, 1.0149408364366285e-24, nan 
32.625, 75.625, 9.066654568447848e-25, nan 
32.875, 75.625, 1.1312526377968257e-24, nan 
33.125, 75.625, 1.2421947076986287e-24, nan 
33.375, 75.625, 1.4698006087082094e-24, nan 
33.625, 75.625, 1.3033512793995575e-24, nan 
33.875, 75.625, 1.6028486495253356e-24, nan 
34.125, 75.625, 1.756637917544432e-24, nan 
34.375, 75.625, 1.9389141635562916e-24, nan 
34.625, 75.625, 2.138269326722418e-24, nan 
34.875, 75.625, 2.1190129206335555e-24, nan 
35.125, 75.625, 1.9475120379276178e-24, nan 
35.375, 75.625, 2.810473555947409e-24, nan 
35.625, 75.625, 2.5946743897969045e-24, nan 
35.875, 75.625, 3.589499895155544e-24, nan 
36.125, 75.625, 1.5528792740475097e-24, nan 
36.375, 75.625, 1.883540320319063e-24, nan 
36.625, 75.625, 2.6793859881707333e-24, nan 
36.875, 75.625, 3.50731160427188e-24, nan 
37.125, 75.625, 4.447412888920567e-24, nan 
37.375, 75.625, 2.6413743865103914e-24, nan 
37.625, 75.625, 1.1529720448524005e-24, nan 
37.875, 75.625, 1.077744954626219e-24, nan 
38.125, 75.625, 1.0907654547402699e-24, nan 
38.375, 75.625, 1.3496721487359405e-24, nan 
38.625, 75.625, 1.4445713082237902e-24, nan 
38.875, 75.625, 1.5132725830024226e-24, nan 
39.125, 75.625, 1.0530455638391793e-24, nan 
39.375, 75.625, 7.83073857093327e-25, nan 
39.625, 75.625, 9.823316248725945e-25, nan 
39.875, 75.625, 1.4780733930007792e-24, nan 
40.125, 75.625, 1.7973322133701843e-24, nan 
40.375, 75.625, 2.0260930555241323e-24, nan 
40.625, 75.625, 2.923403135564214e-24, nan 
40.875, 75.625, 4.7986332336354276e-24, nan 
41.125, 75.625, 5.884890861732617e-24, nan 
41.375, 75.625, 2.9469472767145922e-24, nan 
41.625, 75.625, 2.1990303540909184e-24, nan 
41.875, 75.625, 1.923046418461878e-24, nan 
42.125, 75.625, 4.434189157195942e-24, nan 
42.375, 75.625, 1.0001510922569884e-23, nan 
42.625, 75.625, 3.06596503998129e-24, nan 
42.875, 75.625, 3.353239558087297e-24, nan 
43.125, 75.625, 6.14591231305025e-24, nan 
43.375, 75.625, 7.998332032975255e-24, nan 
43.625, 75.625, 5.941801695432063e-24, nan 
43.875, 75.625, 3.676866933290976e-24, nan 
44.125, 75.625, 2.770450696640086e-24, nan 
44.375, 75.625, 8.242620413346815e-24, nan 
44.625, 75.625, 1.2563412661868536e-23, nan 
44.875, 75.625, 3.424702073271057e-24, nan 
45.125, 75.625, 1.6589710767664187e-24, nan 
45.375, 75.625, 2.0975968714524226e-24, nan 
45.625, 75.625, 5.060595858029358e-24, nan 
45.875, 75.625, 7.092704519746507e-24, nan 
46.125, 75.625, 2.2268298801965544e-24, nan 
46.375, 75.625, 3.991257928043012e-24, nan 
46.625, 75.625, 2.9062491926600583e-24, nan 
46.875, 75.625, 5.408340793515641e-24, nan 
47.125, 75.625, 5.088057095412766e-24, nan 
47.375, 75.625, 5.5547717091497516e-24, nan 
47.625, 75.625, 4.1977212099008484e-24, nan 
47.875, 75.625, 3.9426987914413064e-24, nan 
48.125, 75.625, 4.4440150116264624e-24, nan 
48.375, 75.625, 4.4859680632698536e-24, nan 
48.625, 75.625, 3.936436128333319e-24, nan 
48.875, 75.625, 3.072982637773751e-24, nan 
49.125, 75.625, 3.035888540174245e-24, nan 
49.375, 75.625, 2.03695526478409e-24, nan 
49.625, 75.625, 1.870018105582764e-24, nan 
49.875, 75.625, 5.8240943582876206e-24, nan 
50.125, 75.625, 3.731175958070913e-24, nan 
50.375, 75.625, 5.859521944017846e-24, nan 
50.625, 75.625, 2.5548495165476326e-24, nan 
50.875, 75.625, 1.0067381229514381e-24, nan 
51.125, 75.625, 1.1566035029863588e-23, nan 
51.375, 75.625, 3.641346197587087e-24, nan 
51.625, 75.625, 4.3956274440109405e-24, nan 
51.875, 75.625, 3.99582369165301e-24, nan 
52.125, 75.625, 8.556949942376252e-24, nan 
52.375, 75.625, 6.366592784059982e-24, nan 
52.625, 75.625, 7.698615759118492e-24, nan 
52.875, 75.625, 6.94232588535772e-24, nan 
53.125, 75.625, 6.533191389768832e-24, nan 
53.375, 75.625, 1.086824934271672e-23, nan 
53.625, 75.625, 8.353807015871401e-24, nan 
53.875, 75.625, 1.2037408521532766e-23, nan 
54.125, 75.625, 9.172872938816271e-24, nan 
54.375, 75.625, 8.479034650981737e-24, nan 
54.625, 75.625, 8.239147515488928e-24, nan 
54.875, 75.625, 9.79845141033664e-24, nan 
55.125, 75.625, 1.4352008171318447e-23, nan 
55.375, 75.625, 1.936840837508753e-23, nan 
55.625, 75.625, 2.8715367115022346e-23, nan 
55.875, 75.625, 2.8442835877888414e-23, nan 
56.125, 75.625, 2.1175451468820906e-23, nan 
56.375, 75.625, 2.8934204700747155e-23, nan 
56.625, 75.625, 2.883808927573662e-23, nan 
56.875, 75.625, 3.759031212737423e-23, nan 
57.125, 75.625, 3.487021802353289e-23, nan 
57.375, 75.625, 2.577636213572652e-23, nan 
57.625, 75.625, 1.6289287107833848e-23, nan 
57.875, 75.625, 1.2685882802678228e-23, nan 
58.125, 75.625, 2.283891567338157e-23, nan 
58.375, 75.625, 2.10730949039968e-23, nan 
58.625, 75.625, 1.8440059978382178e-23, nan 
58.875, 75.625, 1.7867569892503244e-23, nan 
59.125, 75.625, 1.7811045432184094e-23, nan 
59.375, 75.625, 1.558534971362755e-23, nan 
59.625, 75.625, 1.0270812389410171e-23, nan 
59.875, 75.625, 2.5310195843883665e-23, nan 
60.125, 75.625, 2.7072377451307736e-23, nan 
60.375, 75.625, 9.34283571103396e-24, nan 
60.625, 75.625, 1.1469837973689461e-23, nan 
60.875, 75.625, 9.451522945493208e-24, nan 
61.125, 75.625, 1.2290343913454124e-23, nan 
61.375, 75.625, 1.4548776902451832e-23, nan 
61.625, 75.625, 7.528919431018975e-24, nan 
61.875, 75.625, 1.9062070598401526e-23, nan 
62.125, 75.625, 1.2732213651427029e-23, nan 
62.375, 75.625, 1.0547697060111411e-23, nan 
62.625, 75.625, 1.9481361080745945e-23, nan 
62.875, 75.625, 4.307033365491558e-23, nan 
63.125, 75.625, 4.6652620394309447e-23, nan 
63.375, 75.625, 4.241583547231257e-23, nan 
63.625, 75.625, 5.226347052035642e-23, nan 
63.875, 75.625, 4.2796295466277313e-23, nan 
64.125, 75.625, 4.468944154138163e-23, nan 
64.375, 75.625, 5.631501494793158e-23, nan 
64.625, 75.625, 5.389844469525445e-23, nan 
64.875, 75.625, 5.422148139207537e-23, nan 
65.125, 75.625, 7.027102897184764e-23, nan 
65.375, 75.625, 6.19914122719235e-23, nan 
65.625, 75.625, 8.774255611625625e-23, nan 
65.875, 75.625, 9.788490904481685e-23, nan 
66.125, 75.625, 1.160736203919046e-22, nan 
66.375, 75.625, 6.230738326046729e-23, nan 
66.625, 75.625, 7.604080149061957e-23, nan 
66.875, 75.625, 9.975330729762377e-23, nan 
67.125, 75.625, 1.0212999674794971e-22, nan 
67.375, 75.625, 9.396663866702544e-23, nan 
67.625, 75.625, 6.08694788263474e-23, nan 
67.875, 75.625, 4.9067820620408295e-23, nan 
68.125, 75.625, 5.780435280303475e-23, nan 
68.375, 75.625, 3.5454589611031436e-23, nan 
68.625, 75.625, 2.954262354467459e-23, nan 
68.875, 75.625, 4.954617007205636e-23, nan 
69.125, 75.625, 2.910091103462637e-23, nan 
69.375, 75.625, 4.3486661663693336e-23, nan 
69.625, 75.625, 4.618309774984142e-23, nan 
69.875, 75.625, 6.37231731341198e-23, nan 
70.125, 75.625, 5.172606455675541e-23, nan 
70.375, 75.625, 5.015274023203456e-23, nan 
70.625, 75.625, 6.418700360197923e-23, nan 
70.875, 75.625, 4.388621979284272e-23, nan 
71.125, 75.625, 3.884401827220908e-23, nan 
71.375, 75.625, 4.0918304919109394e-23, nan 
71.625, 75.625, 6.956358974997633e-23, nan 
71.875, 75.625, 6.899298476009282e-23, nan 
72.125, 75.625, 7.305782476116964e-23, nan 
72.375, 75.625, 1.1010289927667776e-22, nan 
72.625, 75.625, 1.3111781422896377e-22, nan 
72.875, 75.625, 1.420061869822178e-22, nan 
73.125, 75.625, 1.4998513411572273e-22, nan 
73.375, 75.625, 1.8658101369325492e-22, nan 
73.625, 75.625, 1.3900260264540624e-22, nan 
73.875, 75.625, 9.868746838448986e-23, nan 
74.125, 75.625, 7.071851315115546e-23, nan 
74.375, 75.625, 8.726131184926447e-23, nan 
74.625, 75.625, 1.2517293809331549e-22, nan 
74.875, 75.625, 8.318836060867285e-23, nan 
75.125, 75.625, 1.0476331916334284e-22, nan 
75.375, 75.625, 1.2604708279528335e-22, nan 
75.625, 75.625, 1.6377415264724972e-22, nan 
75.875, 75.625, 1.9751152700305557e-22, nan 
76.125, 75.625, 1.5294029647690372e-22, nan 
76.375, 75.625, 1.423919833309652e-22, nan 
76.625, 75.625, 1.6108407957390997e-22, nan 
76.875, 75.625, 1.5908186020634107e-22, nan 
77.125, 75.625, 1.8855501115890961e-22, nan 
77.375, 75.625, 1.5192321302203596e-22, nan 
77.625, 75.625, 1.4134806589221414e-22, nan 
77.875, 75.625, 2.180949499247271e-22, nan 
78.125, 75.625, 2.1887496025787365e-22, nan 
78.375, 75.625, 4.490434317436007e-22, nan 
78.625, 75.625, 4.303572157176929e-22, nan 
78.875, 75.625, 4.619130596188632e-22, nan 
79.125, 75.625, 4.587492333384949e-22, nan 
79.375, 75.625, 4.687768598543097e-22, nan 
79.625, 75.625, 4.88475709636455e-22, nan 
79.875, 75.625, 3.6761234792649876e-22, nan 
80.125, 75.625, 3.9263393573572814e-22, nan 
80.375, 75.625, 3.744957694872467e-22, nan 
80.625, 75.625, 2.436366261145041e-22, nan 
80.875, 75.625, 2.733372537850714e-22, nan 
81.125, 75.625, 2.533467998359958e-22, nan 
81.375, 75.625, 3.381002651164879e-22, nan 
81.625, 75.625, 3.1909243364963673e-22, nan 
81.875, 75.625, 5.089640753697287e-22, nan 
82.125, 75.625, 9.35766530760467e-22, nan 
82.375, 75.625, 1.0661905672177171e-21, nan 
82.625, 75.625, 8.212466537244717e-22, nan 
82.875, 75.625, 1.1366596460069304e-21, nan 
83.125, 75.625, 9.576982635552983e-22, nan 
83.375, 75.625, 9.09454497603128e-22, nan 
83.625, 75.625, 5.971701979709591e-22, nan 
83.875, 75.625, 5.223180489397167e-22, nan 
84.125, 75.625, 5.740922624111993e-22, nan 
84.375, 75.625, 7.316447673820846e-22, nan 
84.625, 75.625, 6.758755526204745e-22, nan 
84.875, 75.625, 4.1519353479907477e-22, nan 
85.125, 75.625, 2.2281450159093784e-22, nan 
85.375, 75.625, 4.455195248535121e-22, nan 
85.625, 75.625, 3.9645192978166912e-22, nan 
85.875, 75.625, 2.7502615649072583e-22, nan 
86.125, 75.625, 3.6623447153347393e-22, nan 
86.375, 75.625, 5.138899777460832e-22, nan 
86.625, 75.625, 6.416645528445407e-22, nan 
86.875, 75.625, 4.260517204239476e-22, nan 
87.125, 75.625, 4.818432161386076e-22, nan 
87.375, 75.625, 4.868872998572052e-22, nan 
87.625, 75.625, 7.279299421287086e-22, nan 
87.875, 75.625, 8.62831488455779e-22, nan 
88.125, 75.625, 1.2143511229851584e-21, nan 
88.375, 75.625, 1.3533700844154857e-21, nan 
88.625, 75.625, 1.6993976947693283e-21, nan 
88.875, 75.625, 1.5746265555525648e-21, nan 
89.125, 75.625, 2.4136547989037235e-21, nan 
89.375, 75.625, 2.1300815798800507e-21, nan 
89.625, 75.625, 2.035236064848997e-21, nan 
89.875, 75.625, 2.0537348088396377e-21, nan 
90.125, 75.625, 1.8540027001445887e-21, nan 
90.375, 75.625, 1.4210850792624316e-21, nan 
90.625, 75.625, 1.6419882120989591e-21, nan 
90.875, 75.625, 2.3282419083921585e-21, nan 
91.125, 75.625, 4.947883080084826e-22, nan 
91.375, 75.625, 9.643520306060215e-22, nan 
91.625, 75.625, 1.0734000663034997e-21, nan 
91.875, 75.625, 1.3336098839028745e-21, nan 
92.125, 75.625, 7.185753196746089e-22, nan 
92.375, 75.625, 1.3873398035617979e-21, nan 
92.625, 75.625, 1.2020803057760142e-21, nan 
92.875, 75.625, 1.6874266556499517e-21, nan 
93.125, 75.625, 3.043718210478575e-21, nan 
93.375, 75.625, 4.343547833203662e-21, nan 
93.625, 75.625, 4.81252516451258e-21, nan 
93.875, 75.625, 3.529819905090879e-21, nan 
94.125, 75.625, 3.920063816255904e-21, nan 
94.375, 75.625, 4.731756349265018e-21, nan 
94.625, 75.625, 4.998696955889953e-21, nan 
94.875, 75.625, 4.40471077941837e-21, nan 
95.125, 75.625, 7.231603426471744e-21, nan 
95.375, 75.625, 8.600210378620732e-21, nan 
95.625, 75.625, 6.033553628634056e-21, nan 
95.875, 75.625, 7.021285992782274e-21, nan 
96.125, 75.625, 6.728986546661023e-21, nan 
96.375, 75.625, 6.48454298371536e-21, nan 
96.625, 75.625, 6.861547938908377e-21, nan 
96.875, 75.625, 4.145056116885977e-21, nan 
97.125, 75.625, 4.610327681501496e-21, nan 
97.375, 75.625, 4.855255971279874e-21, nan 
97.625, 75.625, 5.8400376700031244e-21, nan 
97.875, 75.625, 6.205189855380011e-21, nan 
98.125, 75.625, 5.814854191396822e-21, nan 
98.375, 75.625, 4.4402176669357206e-21, nan 
98.625, 75.625, 4.83681486573e-21, nan 
98.875, 75.625, 7.506535639746505e-21, nan 
99.125, 75.625, 7.544262673316322e-21, nan 
99.375, 75.625, 7.391020863661568e-21, nan 
99.625, 75.625, 1.2360808432639019e-20, nan 
99.875, 75.625, 1.1448318085300455e-20, nan 
100.125, 75.625, 9.160621807882703e-21, nan 
100.375, 75.625, 3.964357648384171e-21, nan 
100.625, 75.625, 5.800458947673914e-21, nan 
100.875, 75.625, 8.838619406265643e-21, nan 
101.125, 75.625, 1.0758085897990498e-20, nan 
101.375, 75.625, 8.455692452758805e-21, nan 
101.625, 75.625, 1.0082035220104175e-20, nan 
101.875, 75.625, 8.721381438094007e-21, nan 
102.125, 75.625, 5.656573610949479e-21, nan 
102.375, 75.625, 7.828471498792705e-21, nan 
102.625, 75.625, 5.676052526306453e-21, nan 
102.875, 75.625, 6.986403238646391e-21, nan 
103.125, 75.625, 5.4817382736902285e-21, nan 
103.375, 75.625, 2.367922031363579e-21, nan 
103.625, 75.625, 3.067303122535004e-21, nan 
103.875, 75.625, 3.034802266562622e-21, nan 
104.125, 75.625, 3.690582037539021e-21, nan 
104.375, 75.625, 4.708182428104738e-21, nan 
104.625, 75.625, 3.5336400239165034e-21, nan 
104.875, 75.625, 5.392815137766051e-21, nan 
105.125, 75.625, 5.1330128296504256e-21, nan 
105.375, 75.625, 3.861679723847885e-21, nan 
105.625, 75.625, 5.420369318898312e-21, nan 
105.875, 75.625, 4.3218044224012e-21, nan 
106.125, 75.625, 3.9699576561043956e-21, nan 
106.375, 75.625, 3.9881905860999406e-21, nan 
106.625, 75.625, 3.70406637125479e-21, nan 
106.875, 75.625, 4.125098487017094e-21, nan 
107.125, 75.625, 3.970687471912487e-21, nan 
107.375, 75.625, 3.763020713127427e-21, nan 
107.625, 75.625, 3.3899237753564715e-21, nan 
107.875, 75.625, 3.992173776148757e-21, nan 
108.125, 75.625, 3.871109748918227e-21, nan 
108.375, 75.625, 1.868060211375815e-21, nan 
108.625, 75.625, 2.0642345175808858e-21, nan 
108.875, 75.625, 2.9307775010774195e-21, nan 
109.125, 75.625, 2.6651090022054336e-21, nan 
109.375, 75.625, 2.9898174891513993e-21, nan 
109.625, 75.625, 1.6414474227097277e-21, nan 
109.875, 75.625, 1.442227844497838e-21, nan 
110.125, 75.625, 3.378987841541118e-21, nan 
110.375, 75.625, 4.097109204752716e-21, nan 
110.625, 75.625, 2.591355341217678e-21, nan 
110.875, 75.625, 1.1282196513460018e-21, nan 
111.125, 75.625, 1.0365376870034116e-21, nan 
111.375, 75.625, 9.671764710718497e-22, nan 
111.625, 75.625, 1.63742200137861e-21, nan 
111.875, 75.625, 1.3664420325360947e-21, nan 
112.125, 75.625, 8.633336930322282e-22, nan 
112.375, 75.625, 1.1075048819369376e-21, nan 
112.625, 75.625, 1.0026761090055554e-21, nan 
112.875, 75.625, 4.780697746378844e-22, nan 
113.125, 75.625, 6.201890336438589e-22, nan 
113.375, 75.625, 6.053799693365693e-22, nan 
113.625, 75.625, 5.790102618327799e-22, nan 
113.875, 75.625, 1.1969933074839379e-21, nan 
114.125, 75.625, 1.0015865039761712e-21, nan 
114.375, 75.625, 1.4285811381689514e-21, nan 
114.625, 75.625, 1.2712747082092919e-21, nan 
114.875, 75.625, 1.211929271369937e-21, nan 
115.125, 75.625, 1.4955853251133156e-21, nan 
115.375, 75.625, 1.1765322866888243e-21, nan 
115.625, 75.625, 1.4562785337230795e-21, nan 
115.875, 75.625, 1.1003172823516401e-21, nan 
116.125, 75.625, 6.082964391716997e-22, nan 
116.375, 75.625, 2.3792569287300246e-22, nan 
116.625, 75.625, 9.101315370244258e-22, nan 
116.875, 75.625, 1.162505609762009e-21, nan 
117.125, 75.625, 8.99003757974514e-22, nan 
117.375, 75.625, 1.442504524718111e-21, nan 
117.625, 75.625, 1.4072140769760609e-21, nan 
117.875, 75.625, 2.319069184642405e-21, nan 
118.125, 75.625, 1.322280568129906e-21, nan 
118.375, 75.625, 1.6974381396266254e-21, nan 
118.625, 75.625, 1.8196712179706456e-21, nan 
118.875, 75.625, 1.8389074323592018e-21, nan 
119.125, 75.625, 1.7970721407578863e-21, nan 
119.375, 75.625, 1.3541038731886873e-21, nan 
119.625, 75.625, 1.748079925242541e-21, nan 
119.875, 75.625, 1.3726267806322223e-21, nan 
120.125, 75.625, 1.8640835259498787e-21, nan 
120.375, 75.625, 7.18169090288019e-22, nan 
120.625, 75.625, 8.135192854394036e-22, nan 
120.875, 75.625, 8.817219551250955e-22, nan 
121.125, 75.625, 7.115105890216579e-22, nan 
121.375, 75.625, 6.817245450798478e-22, nan 
121.625, 75.625, 6.885460251578526e-22, nan 
121.875, 75.625, 3.25602282425963e-22, nan 
122.125, 75.625, 2.9063128852763913e-22, nan 
122.375, 75.625, 2.645748026294164e-22, nan 
122.625, 75.625, 2.6638640864793023e-22, nan 
122.875, 75.625, 2.0676743741745327e-22, nan 
123.125, 75.625, 2.6027319984088743e-22, nan 
123.375, 75.625, 2.986242417719331e-22, nan 
123.625, 75.625, 2.2003357759973833e-22, nan 
123.875, 75.625, 3.071591330826633e-22, nan 
124.125, 75.625, 3.1719685595238185e-22, nan 
124.375, 75.625, 3.06099144763554e-22, nan 
124.625, 75.625, 2.782797738689244e-22, nan 
124.875, 75.625, 3.351345495243093e-22, nan 
125.125, 75.625, 2.1628540617395393e-22, nan 
125.375, 75.625, 1.2531919610131126e-22, nan 
125.625, 75.625, 1.1837634385856405e-22, nan 
125.875, 75.625, 2.0074014044470817e-22, nan 
126.125, 75.625, 1.9909707218013052e-22, nan 
126.375, 75.625, 1.5208802025163508e-22, nan 
126.625, 75.625, 1.2053482409252555e-22, nan 
126.875, 75.625, 2.436157983231617e-22, nan 
127.125, 75.625, 2.590242787363804e-22, nan 
127.375, 75.625, 1.1776415560729807e-22, nan 
127.625, 75.625, 9.353674858304554e-23, nan 
127.875, 75.625, 8.375343329544615e-23, nan 
128.125, 75.625, 2.4729683318300337e-22, nan 
128.375, 75.625, 3.722603622965987e-22, nan 
128.625, 75.625, 3.2066103627116407e-22, nan 
128.875, 75.625, 1.6802351071836247e-22, nan 
129.125, 75.625, 4.8935178360180633e-23, nan 
129.375, 75.625, 3.903788066011947e-22, nan 
129.625, 75.625, 5.902481147527666e-22, nan 
129.875, 75.625, 6.4746413821625565e-22, nan 
130.125, 75.625, 3.8381367291793073e-22, nan 
130.375, 75.625, 1.8917805039422349e-22, nan 
130.625, 75.625, 2.7454630042496937e-22, nan 
130.875, 75.625, 3.2967825149019755e-22, nan 
131.125, 75.625, 3.4069218444420876e-22, nan 
131.375, 75.625, 2.553989808800235e-22, nan 
131.625, 75.625, 2.244127313125757e-22, nan 
131.875, 75.625, 2.3069760998487686e-22, nan 
132.125, 75.625, 1.920610225593219e-22, nan 
132.375, 75.625, 1.4657496626019817e-22, nan 
132.625, 75.625, 1.5609454320419355e-22, nan 
132.875, 75.625, 1.2094290157311168e-22, nan 
133.125, 75.625, 8.656316549215283e-23, nan 
133.375, 75.625, 8.872767555448276e-23, nan 
133.625, 75.625, 7.168658036467184e-23, nan 
133.875, 75.625, 6.753695044903928e-23, nan 
134.125, 75.625, 1.0279850491647141e-22, nan 
134.375, 75.625, 8.123412168574398e-23, nan 
134.625, 75.625, 4.6298763049979364e-23, nan 
134.875, 75.625, 7.14433068429943e-23, nan 
135.125, 75.625, 6.367780097878201e-23, nan 
135.375, 75.625, 7.589002292614634e-23, nan 
135.625, 75.625, 7.350110728381256e-23, nan 
135.875, 75.625, 7.274859945330367e-23, nan 
136.125, 75.625, 7.814788516121247e-23, nan 
136.375, 75.625, 3.7326631832682464e-23, nan 
136.625, 75.625, 3.167865491790285e-23, nan 
136.875, 75.625, 4.999689438530809e-23, nan 
137.125, 75.625, 4.336721104335059e-23, nan 
137.375, 75.625, 2.9117720774410517e-23, nan 
137.625, 75.625, 3.0367993925480465e-23, nan 
137.875, 75.625, 3.4800880012123247e-23, nan 
138.125, 75.625, 3.645537507492349e-23, nan 
138.375, 75.625, 3.316755311420655e-23, nan 
138.625, 75.625, 2.5963690698254307e-23, nan 
138.875, 75.625, 3.6542400265751597e-23, nan 
139.125, 75.625, 3.4543173410814373e-23, nan 
139.375, 75.625, 6.87942285543196e-24, nan 
139.625, 75.625, 3.0060725805433266e-23, nan 
139.875, 75.625, 3.584659933916969e-23, nan 
140.125, 75.625, 4.979728457167255e-23, nan 
140.375, 75.625, 4.748555851809876e-23, nan 
140.625, 75.625, 6.923445204458022e-23, nan 
140.875, 75.625, 8.121779429201978e-23, nan 
141.125, 75.625, 4.1739876710659523e-23, nan 
141.375, 75.625, 2.6256807078825823e-23, nan 
141.625, 75.625, 3.2880214880850827e-23, nan 
141.875, 75.625, 5.1577927045816923e-23, nan 
142.125, 75.625, 5.738373996141743e-23, nan 
142.375, 75.625, 2.7019988778860774e-23, nan 
142.625, 75.625, 1.1148095152980406e-23, nan 
142.875, 75.625, 7.537902802021739e-24, nan 
143.125, 75.625, 1.0840881937630629e-23, nan 
143.375, 75.625, 8.841151984625723e-24, nan 
143.625, 75.625, 6.918390721372219e-24, nan 
143.875, 75.625, 8.515652041842227e-24, nan 
144.125, 75.625, 7.138689261492128e-24, nan 
144.375, 75.625, 9.240917884584755e-24, nan 
144.625, 75.625, 1.6626738129937054e-23, nan 
144.875, 75.625, 2.1988583233839658e-23, nan 
145.125, 75.625, 2.929033058437944e-23, nan 
145.375, 75.625, 3.0931963846027857e-23, nan 
145.625, 75.625, 2.2575423014042005e-23, nan 
145.875, 75.625, 1.8103860125002284e-23, nan 
146.125, 75.625, 2.121045601232567e-23, nan 
146.375, 75.625, 2.724608455936843e-23, nan 
146.625, 75.625, 2.8330480986228885e-23, nan 
146.875, 75.625, 2.196843026274076e-23, nan 
147.125, 75.625, 1.552214522183253e-23, nan 
147.375, 75.625, 1.647040482260899e-23, nan 
147.625, 75.625, 1.6611585225314873e-23, nan 
147.875, 75.625, 1.1662333127624781e-23, nan 
148.125, 75.625, 1.7192426613347687e-23, nan 
148.375, 75.625, 1.2584512109672923e-23, nan 
148.625, 75.625, 8.445437328526479e-24, nan 
148.875, 75.625, 9.805946348162079e-24, nan 
149.125, 75.625, 1.785684093149012e-23, nan 
149.375, 75.625, 1.3040295319147239e-23, nan 
149.625, 75.625, 7.08209452404197e-24, nan 
149.875, 75.625, 3.0564779218998085e-24, nan 
150.125, 75.625, 3.017445551066739e-24, nan 
150.375, 75.625, 4.738700551352885e-24, nan 
150.625, 75.625, 1.811138986913677e-24, nan 
150.875, 75.625, 3.116790041980101e-24, nan 
151.125, 75.625, 4.784194667582689e-24, nan 
151.375, 75.625, 6.189740980430716e-24, nan 
151.625, 75.625, 5.7123201137364724e-24, nan 
151.875, 75.625, 7.389179218782869e-24, nan 
152.125, 75.625, 5.751880884184963e-24, nan 
152.375, 75.625, 3.767426465226384e-24, nan 
152.625, 75.625, 6.3246814796233676e-24, nan 
152.875, 75.625, 4.313583435497047e-24, nan 
153.125, 75.625, 5.580926042199208e-24, nan 
153.375, 75.625, 6.946196970259138e-24, nan 
153.625, 75.625, 6.18777644928356e-24, nan 
153.875, 75.625, 2.987919015411073e-24, nan 
154.125, 75.625, 5.6030565933892235e-24, nan 
154.375, 75.625, 5.4896926933631865e-24, nan 
154.625, 75.625, 5.917167822849578e-24, nan 
154.875, 75.625, 4.406652461001902e-24, nan 
155.125, 75.625, 5.685958292959389e-24, nan 
155.375, 75.625, 9.48926326477298e-24, nan 
155.625, 75.625, 1.0016732076640926e-23, nan 
155.875, 75.625, 1.7096631635522595e-23, nan 
156.125, 75.625, 1.3475137624795466e-23, nan 
156.375, 75.625, 9.040447525697346e-24, nan 
156.625, 75.625, 7.762151323995748e-24, nan 
156.875, 75.625, 4.74826477024444e-24, nan 
157.125, 75.625, 1.0053421276683398e-23, nan 
157.375, 75.625, 5.7941151469337865e-24, nan 
157.625, 75.625, 1.1808599095608332e-23, nan 
157.875, 75.625, 6.3361957538361395e-24, nan 
158.125, 75.625, 4.593859366153671e-24, nan 
158.375, 75.625, 1.2514283647679828e-23, nan 
158.625, 75.625, 9.153032115366399e-24, nan 
158.875, 75.625, 2.2872476880018856e-23, nan 
159.125, 75.625, 2.2147715400578777e-23, nan 
159.375, 75.625, 1.5554190568212126e-23, nan 
159.625, 75.625, 1.0695861718747672e-23, nan 
159.875, 75.625, 1.1283074079371745e-23, nan 
160.125, 75.625, 2.114106030916205e-23, nan 
160.375, 75.625, 1.6126986082875144e-23, nan 
160.625, 75.625, 1.7341588988938497e-23, nan 
160.875, 75.625, 1.7494916035148074e-23, nan 
161.125, 75.625, 1.547517736053293e-23, nan 
161.375, 75.625, 1.345400044132099e-23, nan 
161.625, 75.625, 1.1287214931484484e-23, nan 
161.875, 75.625, 7.875360516257371e-24, nan 
162.125, 75.625, 8.207488506372768e-24, nan 
162.375, 75.625, 7.734614033261481e-24, nan 
162.625, 75.625, 1.029167082356493e-23, nan 
162.875, 75.625, 8.988801672285546e-24, nan 
163.125, 75.625, 4.742323803632671e-24, nan 
163.375, 75.625, 3.180448339887651e-24, nan 
163.625, 75.625, 4.655460948634687e-24, nan 
163.875, 75.625, 6.62740437113413e-24, nan 
164.125, 75.625, 5.472157354674846e-24, nan 
164.375, 75.625, 8.257877252047077e-24, nan 
164.625, 75.625, 9.032761574435657e-24, nan 
164.875, 75.625, 1.08090702673189e-23, nan 
165.125, 75.625, 1.0282956309714254e-23, nan 
165.375, 75.625, 8.003497691084902e-24, nan 
165.625, 75.625, 8.041130693795724e-24, nan 
165.875, 75.625, 9.498042614483216e-24, nan 
166.125, 75.625, 9.704610514818195e-24, nan 
166.375, 75.625, 9.941881732744234e-24, nan 
166.625, 75.625, 9.20505008404382e-24, nan 
166.875, 75.625, 9.681748311436941e-24, nan 
167.125, 75.625, 1.0551197629118893e-23, nan 
167.375, 75.625, 1.0013125326661589e-23, nan 
167.625, 75.625, 8.891957015178364e-24, nan 
167.875, 75.625, 6.88962506474922e-24, nan 
168.125, 75.625, 4.3610688500193254e-24, nan 
168.375, 75.625, 1.934527809215895e-24, nan 
168.625, 75.625, 3.817352789567221e-24, nan 
168.875, 75.625, 3.081931490640533e-24, nan 
169.125, 75.625, 2.0013355860390866e-24, nan 
169.375, 75.625, 1.9510564462000147e-24, nan 
169.625, 75.625, 1.9185258820880964e-24, nan 
169.875, 75.625, 3.2203522537476574e-24, nan 
170.125, 75.625, 2.257711304621793e-24, nan 
170.375, 75.625, 1.8525780140277252e-24, nan 
170.625, 75.625, 2.436254092959121e-24, nan 
170.875, 75.625, 2.868165319828402e-24, nan 
171.125, 75.625, 3.271978183763404e-24, nan 
171.375, 75.625, 3.3087569392093226e-24, nan 
171.625, 75.625, 2.2497854547690125e-24, nan 
171.875, 75.625, 1.4932826732530328e-24, nan 
172.125, 75.625, 1.2046897458610443e-24, nan 
172.375, 75.625, 1.352225620296216e-24, nan 
172.625, 75.625, 1.1238039404065162e-24, nan 
172.875, 75.625, 8.751348974257839e-25, nan 
173.125, 75.625, 3.2299567514810644e-24, nan 
173.375, 75.625, 4.032427434182627e-24, nan 
173.625, 75.625, 1.5761675857708142e-24, nan 
173.875, 75.625, 3.2484230408363246e-24, nan 
174.125, 75.625, 6.107498008398731e-24, nan 
174.375, 75.625, 8.059021997711727e-24, nan 
174.625, 75.625, 7.037476517104967e-24, nan 
174.875, 75.625, 4.146042662966738e-24, nan 
175.125, 75.625, 4.550902310662644e-24, nan 
175.375, 75.625, 6.623342800876822e-24, nan 
175.625, 75.625, 7.769809724603794e-24, nan 
175.875, 75.625, 6.997923255726115e-24, nan 
176.125, 75.625, 4.06197099719375e-24, nan 
176.375, 75.625, 2.8389205847457637e-24, nan 
176.625, 75.625, 2.1296682486854905e-24, nan 
176.875, 75.625, 1.7311508063825753e-24, nan 
177.125, 75.625, 2.460414543109989e-24, nan 
177.375, 75.625, 2.2890866189493892e-24, nan 
177.625, 75.625, 1.8850315651967392e-24, nan 
177.875, 75.625, 2.3492603146256433e-24, nan 
178.125, 75.625, 3.673928498682442e-24, nan 
178.375, 75.625, 4.032985258998941e-24, nan 
178.625, 75.625, 3.919459014596327e-24, nan 
178.875, 75.625, 5.291694553451032e-24, nan 
179.125, 75.625, 5.804795540133673e-24, nan 
179.375, 75.625, 4.443784922262973e-24, nan 
23.125, 75.875, 1.0591444264747544e-24, nan 
23.375, 75.875, 8.603736022832033e-25, nan 
23.625, 75.875, 1.8003243801748366e-24, nan 
23.875, 75.875, 2.0002203458566423e-24, nan 
24.125, 75.875, 1.6277463629008148e-24, nan 
24.375, 75.875, 1.2711567610606238e-24, nan 
24.625, 75.875, 1.0783772866828449e-24, nan 
24.875, 75.875, 1.1359234725291729e-24, nan 
25.125, 75.875, 1.5145252330026779e-24, nan 
25.375, 75.875, 1.5500816138952172e-24, nan 
25.625, 75.875, 1.2206182585438679e-24, nan 
25.875, 75.875, 1.67511863759976e-24, nan 
26.125, 75.875, 1.7501979973214906e-24, nan 
26.375, 75.875, 1.5809978690313231e-24, nan 
26.625, 75.875, 1.8115392562867255e-24, nan 
26.875, 75.875, 1.6105603171562896e-24, nan 
27.125, 75.875, 1.480854034562954e-24, nan 
27.375, 75.875, 1.6960863191064513e-24, nan 
27.625, 75.875, 1.2727414783375282e-24, nan 
27.875, 75.875, 1.4128164205769247e-24, nan 
28.125, 75.875, 1.0944271390821436e-24, nan 
28.375, 75.875, 1.190511084129597e-24, nan 
28.625, 75.875, 1.2166036186425219e-24, nan 
28.875, 75.875, 1.1294256407416016e-24, nan 
29.125, 75.875, 9.215280736725588e-25, nan 
29.375, 75.875, 1.2051355459286658e-24, nan 
29.625, 75.875, 2.009444091230604e-24, nan 
29.875, 75.875, 2.297727580422742e-24, nan 
30.125, 75.875, 1.887164363798138e-24, nan 
30.375, 75.875, 1.4480895367781511e-24, nan 
30.625, 75.875, 8.797974234802332e-25, nan 
30.875, 75.875, 1.0730098572876829e-24, nan 
31.125, 75.875, 1.0289026111065264e-24, nan 
31.375, 75.875, 8.656612471043163e-25, nan 
31.625, 75.875, 1.045742088743941e-24, nan 
31.875, 75.875, 2.1555581800995396e-24, nan 
32.125, 75.875, 2.1346337750702894e-24, nan 
32.375, 75.875, 1.5303973406211675e-24, nan 
32.625, 75.875, 1.1724619681332814e-24, nan 
32.875, 75.875, 1.1739676844416295e-24, nan 
33.125, 75.875, 1.6608543891026194e-24, nan 
33.375, 75.875, 1.785479926787907e-24, nan 
33.625, 75.875, 1.4755673340302164e-24, nan 
33.875, 75.875, 1.4151516526983317e-24, nan 
34.125, 75.875, 1.4093099738570616e-24, nan 
34.375, 75.875, 2.339495933572853e-24, nan 
34.625, 75.875, 2.9627342763122562e-24, nan 
34.875, 75.875, 2.4754621705581767e-24, nan 
35.125, 75.875, 2.409733567919923e-24, nan 
35.375, 75.875, 2.6323420745054636e-24, nan 
35.625, 75.875, 2.492329776630389e-24, nan 
35.875, 75.875, 2.7797533532935217e-24, nan 
36.125, 75.875, 2.0026019571809646e-24, nan 
36.375, 75.875, 1.4316418458747787e-24, nan 
36.625, 75.875, 2.271786991173461e-24, nan 
36.875, 75.875, 4.152702708236357e-24, nan 
37.125, 75.875, 4.683356890584624e-24, nan 
37.375, 75.875, 4.7247792497736374e-24, nan 
37.625, 75.875, 1.630667451198038e-24, nan 
37.875, 75.875, 1.907077343496146e-24, nan 
38.125, 75.875, 3.1190138797822524e-24, nan 
38.375, 75.875, 2.590613891545574e-24, nan 
38.625, 75.875, 2.6105923122448042e-24, nan 
38.875, 75.875, 1.2048118908383252e-24, nan 
39.125, 75.875, 1.189394565154351e-24, nan 
39.375, 75.875, 8.18235572834503e-25, nan 
39.625, 75.875, 1.1275362754504836e-24, nan 
39.875, 75.875, 1.502087100426507e-24, nan 
40.125, 75.875, 1.6506136395038583e-24, nan 
40.375, 75.875, 1.254492566530837e-24, nan 
40.625, 75.875, 1.3242538999916942e-24, nan 
40.875, 75.875, 2.056025777052815e-24, nan 
41.125, 75.875, 2.2592577371455803e-24, nan 
41.375, 75.875, 2.6385124827516606e-24, nan 
41.625, 75.875, 1.5245077991862448e-24, nan 
41.875, 75.875, 1.9045372870240677e-24, nan 
42.125, 75.875, 3.156122763462401e-24, nan 
42.375, 75.875, 5.929344227650177e-24, nan 
42.625, 75.875, 3.3950901616962386e-24, nan 
42.875, 75.875, 2.286508736273323e-24, nan 
43.125, 75.875, 2.582799372353333e-24, nan 
43.375, 75.875, 4.228272751300471e-24, nan 
43.625, 75.875, 3.360777917363614e-24, nan 
43.875, 75.875, 1.5177911600967327e-24, nan 
44.125, 75.875, 2.3723381937030132e-24, nan 
44.375, 75.875, 4.5547896515014475e-24, nan 
44.625, 75.875, 6.988012382317655e-24, nan 
44.875, 75.875, 4.130305840251269e-24, nan 
45.125, 75.875, 3.569888218968055e-24, nan 
45.375, 75.875, 3.635662399858768e-24, nan 
45.625, 75.875, 5.6258287043956326e-24, nan 
45.875, 75.875, 5.609206345798928e-24, nan 
46.125, 75.875, 4.821135027826302e-24, nan 
46.375, 75.875, 3.9827854017027604e-24, nan 
46.625, 75.875, 3.3080624567591233e-24, nan 
46.875, 75.875, 4.284670784518518e-24, nan 
47.125, 75.875, 4.550316467667174e-24, nan 
47.375, 75.875, 5.7378652874183786e-24, nan 
47.625, 75.875, 4.7619867300009436e-24, nan 
47.875, 75.875, 4.245175352802141e-24, nan 
48.125, 75.875, 2.8267099068904613e-24, nan 
48.375, 75.875, 3.503012628643271e-24, nan 
48.625, 75.875, 2.3699756986876003e-24, nan 
48.875, 75.875, 4.47138247858133e-24, nan 
49.125, 75.875, 2.434373511791039e-24, nan 
49.375, 75.875, 1.4313456818574738e-24, nan 
49.625, 75.875, 1.8376639471516027e-24, nan 
49.875, 75.875, 5.8980133081198165e-24, nan 
50.125, 75.875, 4.393210651884723e-24, nan 
50.375, 75.875, 5.0152781820879925e-24, nan 
50.625, 75.875, 2.409200268152488e-24, nan 
50.875, 75.875, 1.659629597397975e-24, nan 
51.125, 75.875, 7.302314031113166e-24, nan 
51.375, 75.875, 4.031845283152383e-24, nan 
51.625, 75.875, 4.621712869108213e-24, nan 
51.875, 75.875, 3.0658025323211967e-24, nan 
52.125, 75.875, 4.020992751267125e-24, nan 
52.375, 75.875, 7.724602481524843e-24, nan 
52.625, 75.875, 1.0072854593671023e-23, nan 
52.875, 75.875, 7.00806975478992e-24, nan 
53.125, 75.875, 7.608033558846454e-24, nan 
53.375, 75.875, 1.0612787144412313e-23, nan 
53.625, 75.875, 9.621413283915073e-24, nan 
53.875, 75.875, 1.1014759650592541e-23, nan 
54.125, 75.875, 1.0226814896214489e-23, nan 
54.375, 75.875, 1.1415433018406846e-23, nan 
54.625, 75.875, 1.6031874770846565e-23, nan 
54.875, 75.875, 1.5081815429719846e-23, nan 
55.125, 75.875, 2.3336335283392576e-23, nan 
55.375, 75.875, 2.5477628636063345e-23, nan 
55.625, 75.875, 2.5757886339791212e-23, nan 
55.875, 75.875, 2.06853862754613e-23, nan 
56.125, 75.875, 1.275959690303901e-23, nan 
56.375, 75.875, 3.7992774332465164e-23, nan 
56.625, 75.875, 3.855143046886769e-23, nan 
56.875, 75.875, 3.4004063919168517e-23, nan 
57.125, 75.875, 2.6612206690225456e-23, nan 
57.375, 75.875, 1.5337429431939777e-23, nan 
57.625, 75.875, 1.6061361209692005e-23, nan 
57.875, 75.875, 2.1889360783311274e-23, nan 
58.125, 75.875, 2.3951752703792084e-23, nan 
58.375, 75.875, 1.9200211847595498e-23, nan 
58.625, 75.875, 1.3100529860293189e-23, nan 
58.875, 75.875, 7.352786885392305e-24, nan 
59.125, 75.875, 9.354233268129628e-24, nan 
59.375, 75.875, 1.5584063584716325e-23, nan 
59.625, 75.875, 6.738635430679324e-24, nan 
59.875, 75.875, 1.654450402824977e-23, nan 
60.125, 75.875, 1.9578232870111936e-23, nan 
60.375, 75.875, 1.041950951880485e-23, nan 
60.625, 75.875, 1.0430651568474988e-23, nan 
60.875, 75.875, 6.821451674903222e-24, nan 
61.125, 75.875, 8.814248705313583e-24, nan 
61.375, 75.875, 7.434686504183244e-24, nan 
61.625, 75.875, 1.2119843295781409e-23, nan 
61.875, 75.875, 1.7353224012068282e-23, nan 
62.125, 75.875, 2.06073600506865e-23, nan 
62.375, 75.875, 2.1022332496202446e-23, nan 
62.625, 75.875, 1.8615695204985571e-23, nan 
62.875, 75.875, 1.1338929424006105e-23, nan 
63.125, 75.875, 1.9083547484247418e-23, nan 
63.375, 75.875, 2.06783781652283e-23, nan 
63.625, 75.875, 2.969852023998465e-23, nan 
63.875, 75.875, 2.6269785565902472e-23, nan 
64.125, 75.875, 3.791580024515748e-23, nan 
64.375, 75.875, 4.0262014830422497e-23, nan 
64.625, 75.875, 7.782328695992199e-23, nan 
64.875, 75.875, 5.744679168183254e-23, nan 
65.125, 75.875, 4.827879348094051e-23, nan 
65.375, 75.875, 6.789058151807275e-23, nan 
65.625, 75.875, 8.178819709373729e-23, nan 
65.875, 75.875, 1.6752534001254805e-22, nan 
66.125, 75.875, 1.0080279793074962e-22, nan 
66.375, 75.875, 4.907341096347281e-23, nan 
66.625, 75.875, 3.7034548007488564e-23, nan 
66.875, 75.875, 8.115229156204143e-23, nan 
67.125, 75.875, 1.425188894478017e-22, nan 
67.375, 75.875, 9.28013391466969e-23, nan 
67.625, 75.875, 5.986208223820322e-23, nan 
67.875, 75.875, 4.933105812346049e-23, nan 
68.125, 75.875, 4.5284983545454797e-23, nan 
68.375, 75.875, 3.472950741848058e-23, nan 
68.625, 75.875, 4.757979923719557e-23, nan 
68.875, 75.875, 4.632956591707757e-23, nan 
69.125, 75.875, 2.35959958362758e-23, nan 
69.375, 75.875, 3.5835869588042295e-23, nan 
69.625, 75.875, 4.2431770048703755e-23, nan 
69.875, 75.875, 6.350722866446633e-23, nan 
70.125, 75.875, 6.506797372986511e-23, nan 
70.375, 75.875, 6.490503231008927e-23, nan 
70.625, 75.875, 6.22601779458913e-23, nan 
70.875, 75.875, 5.0306697008370066e-23, nan 
71.125, 75.875, 5.0178788838744666e-23, nan 
71.375, 75.875, 5.598811014641311e-23, nan 
71.625, 75.875, 5.629262728044525e-23, nan 
71.875, 75.875, 8.553673416702123e-23, nan 
72.125, 75.875, 9.339375506063689e-23, nan 
72.375, 75.875, 1.3347589189423642e-22, nan 
72.625, 75.875, 1.561501062546469e-22, nan 
72.875, 75.875, 1.5438765321276632e-22, nan 
73.125, 75.875, 1.4026818389729062e-22, nan 
73.375, 75.875, 1.4517306579471987e-22, nan 
73.625, 75.875, 1.4415107076909328e-22, nan 
73.875, 75.875, 1.476084124589597e-22, nan 
74.125, 75.875, 2.1309822925540297e-22, nan 
74.375, 75.875, 1.7528682620825852e-22, nan 
74.625, 75.875, 2.0629885964119447e-22, nan 
74.875, 75.875, 1.0294235145254425e-22, nan 
75.125, 75.875, 1.1716519795530842e-22, nan 
75.375, 75.875, 1.1843024926954097e-22, nan 
75.625, 75.875, 1.3660247185408624e-22, nan 
75.875, 75.875, 1.6229878974193255e-22, nan 
76.125, 75.875, 1.7077527524588469e-22, nan 
76.375, 75.875, 1.994554356547733e-22, nan 
76.625, 75.875, 2.2548754244230685e-22, nan 
76.875, 75.875, 2.5086557773898046e-22, nan 
77.125, 75.875, 3.19974552796197e-22, nan 
77.375, 75.875, 2.7385395987028343e-22, nan 
77.625, 75.875, 1.4638705160785327e-22, nan 
77.875, 75.875, 1.165673099993262e-22, nan 
78.125, 75.875, 1.9825329619554554e-22, nan 
78.375, 75.875, 3.5622849302960553e-22, nan 
78.625, 75.875, 4.631629775460962e-22, nan 
78.875, 75.875, 4.82676157821834e-22, nan 
79.125, 75.875, 2.929101865902509e-22, nan 
79.375, 75.875, 3.298153821965499e-22, nan 
79.625, 75.875, 3.227488913814129e-22, nan 
79.875, 75.875, 4.393178325623716e-22, nan 
80.125, 75.875, 6.261928853601046e-22, nan 
80.375, 75.875, 3.751109613424925e-22, nan 
80.625, 75.875, 4.460613801572953e-22, nan 
80.875, 75.875, 2.980438161525144e-22, nan 
81.125, 75.875, 1.5075246029968948e-22, nan 
81.375, 75.875, 2.0163741990877327e-22, nan 
81.625, 75.875, 2.295565806408548e-22, nan 
81.875, 75.875, 2.520747705063768e-22, nan 
82.125, 75.875, 1.913369629961445e-22, nan 
82.375, 75.875, 1.825331372244784e-22, nan 
82.625, 75.875, 1.8791399632300696e-22, nan 
82.875, 75.875, 2.7858073450727268e-22, nan 
83.125, 75.875, 5.646724144526013e-22, nan 
83.375, 75.875, 5.497483827389912e-22, nan 
83.625, 75.875, 3.8531153319191743e-22, nan 
83.875, 75.875, 9.103425210309692e-23, nan 
84.125, 75.875, 1.4474889400212126e-22, nan 
84.375, 75.875, 2.0300977545293993e-22, nan 
84.625, 75.875, 3.9363925585199545e-22, nan 
84.875, 75.875, 1.9404016363922535e-22, nan 
85.125, 75.875, 1.5174791027433073e-22, nan 
85.375, 75.875, 2.1100937502408502e-22, nan 
85.625, 75.875, 5.808538613076487e-22, nan 
85.875, 75.875, 3.034517207255404e-22, nan 
86.125, 75.875, 4.503725104397473e-22, nan 
86.375, 75.875, 3.2832954836005367e-22, nan 
86.625, 75.875, 4.957886857747055e-22, nan 
86.875, 75.875, 3.5868331850347047e-22, nan 
87.125, 75.875, 1.941593871152411e-22, nan 
87.375, 75.875, 3.9960176114184905e-22, nan 
87.625, 75.875, 8.855448648776006e-22, nan 
87.875, 75.875, 9.760748369062642e-22, nan 
88.125, 75.875, 8.390071764633942e-22, nan 
88.375, 75.875, 1.2291386778478302e-21, nan 
88.625, 75.875, 1.6386495681437436e-21, nan 
88.875, 75.875, 1.6440876846157338e-21, nan 
89.125, 75.875, 1.740713562095921e-21, nan 
89.375, 75.875, 2.5275435865418385e-21, nan 
89.625, 75.875, 1.703454516345454e-21, nan 
89.875, 75.875, 1.8715403866941282e-21, nan 
90.125, 75.875, 2.0428478034495894e-21, nan 
90.375, 75.875, 2.355777685635822e-21, nan 
90.625, 75.875, 4.7646283995587e-21, nan 
90.875, 75.875, 1.3960690929187445e-21, nan 
91.125, 75.875, 5.948847138697045e-22, nan 
91.375, 75.875, 1.827386720602221e-21, nan 
91.625, 75.875, 1.904337137837636e-21, nan 
91.875, 75.875, 2.54748580597084e-21, nan 
92.125, 75.875, 1.979388281671018e-21, nan 
92.375, 75.875, 3.103909311159168e-21, nan 
92.625, 75.875, 3.1458536180730113e-21, nan 
92.875, 75.875, 1.9997579737736868e-21, nan 
93.125, 75.875, 1.5010470785221933e-21, nan 
93.375, 75.875, 1.0956382537437905e-21, nan 
93.625, 75.875, 2.42095143386349e-21, nan 
93.875, 75.875, 2.5795156807784256e-21, nan 
94.125, 75.875, 2.03275749392528e-21, nan 
94.375, 75.875, 3.468749503453825e-21, nan 
94.625, 75.875, 3.8300378278992194e-21, nan 
94.875, 75.875, 3.1525989024976705e-21, nan 
95.125, 75.875, 3.6207491593984255e-21, nan 
95.375, 75.875, 5.21941319298067e-21, nan 
95.625, 75.875, 4.082151972168731e-21, nan 
95.875, 75.875, 4.166873721056696e-21, nan 
96.125, 75.875, 2.322452443393675e-21, nan 
96.375, 75.875, 2.0120119350281875e-21, nan 
96.625, 75.875, 2.98265869611647e-21, nan 
96.875, 75.875, 3.438989629328178e-21, nan 
97.125, 75.875, 4.8688441384978105e-21, nan 
97.375, 75.875, 5.1631460704699856e-21, nan 
97.625, 75.875, 5.6892830048395546e-21, nan 
97.875, 75.875, 6.138171001707812e-21, nan 
98.125, 75.875, 4.702745774925872e-21, nan 
98.375, 75.875, 4.422730643048007e-21, nan 
98.625, 75.875, 5.99056483923246e-21, nan 
98.875, 75.875, 6.447377200926849e-21, nan 
99.125, 75.875, 7.467469341142833e-21, nan 
99.375, 75.875, 6.7748054925259595e-21, nan 
99.625, 75.875, 1.0360562293683756e-20, nan 
99.875, 75.875, 9.564570138112957e-21, nan 
100.125, 75.875, 7.125337365883337e-21, nan 
100.375, 75.875, 6.4839080208232935e-21, nan 
100.625, 75.875, 5.849676152647118e-21, nan 
100.875, 75.875, 7.043019408469158e-21, nan 
101.125, 75.875, 7.837944528993068e-21, nan 
101.375, 75.875, 5.324686192840765e-21, nan 
101.625, 75.875, 7.272888872162993e-21, nan 
101.875, 75.875, 6.277462247527831e-21, nan 
102.125, 75.875, 3.0968368615071947e-21, nan 
102.375, 75.875, 1.9150654660497834e-21, nan 
102.625, 75.875, 2.7056942965446e-21, nan 
102.875, 75.875, 1.6418897083730825e-21, nan 
103.125, 75.875, 2.4396958019674913e-21, nan 
103.375, 75.875, 2.5131284843538874e-21, nan 
103.625, 75.875, 3.444423535867721e-21, nan 
103.875, 75.875, 3.473080699237626e-21, nan 
104.125, 75.875, 2.7554154704082452e-21, nan 
104.375, 75.875, 6.106921565956562e-21, nan 
104.625, 75.875, 3.13096153713555e-21, nan 
104.875, 75.875, 1.7454864042942746e-21, nan 
105.125, 75.875, 2.1860773455988543e-21, nan 
105.375, 75.875, 3.1361791513153428e-21, nan 
105.625, 75.875, 4.063039022816391e-21, nan 
105.875, 75.875, 3.606469672979253e-21, nan 
106.125, 75.875, 2.695778941053615e-21, nan 
106.375, 75.875, 1.2105864125643252e-21, nan 
106.625, 75.875, 1.3631261589732495e-21, nan 
106.875, 75.875, 1.409950569221875e-21, nan 
107.125, 75.875, 1.3664389378047205e-21, nan 
107.375, 75.875, 2.639130832100738e-21, nan 
107.625, 75.875, 4.353453608901964e-21, nan 
107.875, 75.875, 3.7347016902322166e-21, nan 
108.125, 75.875, 3.235268546987577e-21, nan 
108.375, 75.875, 1.3530565074006485e-21, nan 
108.625, 75.875, 2.952696754812593e-21, nan 
108.875, 75.875, 5.620618562044421e-21, nan 
109.125, 75.875, 4.175267092447873e-21, nan 
109.375, 75.875, 2.81842973345717e-21, nan 
109.625, 75.875, 1.6291482630620187e-21, nan 
109.875, 75.875, 1.4834460431422738e-21, nan 
110.125, 75.875, 2.238095770860499e-21, nan 
110.375, 75.875, 1.8978921216047882e-21, nan 
110.625, 75.875, 1.1464976170879773e-21, nan 
110.875, 75.875, 1.0256042293343285e-21, nan 
111.125, 75.875, 1.0836999293370643e-21, nan 
111.375, 75.875, 1.15806807840659e-21, nan 
111.625, 75.875, 1.9721109663866997e-21, nan 
111.875, 75.875, 1.9736472194563755e-21, nan 
112.125, 75.875, 7.2006268327949845e-22, nan 
112.375, 75.875, 1.4816598094951912e-21, nan 
112.625, 75.875, 5.818573000986773e-22, nan 
112.875, 75.875, 1.1734052969001921e-21, nan 
113.125, 75.875, 1.1701647707787606e-21, nan 
113.375, 75.875, 1.449338538839388e-21, nan 
113.625, 75.875, 1.6595463225899213e-21, nan 
113.875, 75.875, 1.0193858924261679e-21, nan 
114.125, 75.875, 1.448891757412251e-21, nan 
114.375, 75.875, 9.015030649007364e-22, nan 
114.625, 75.875, 1.3359027228300245e-21, nan 
114.875, 75.875, 1.4039572297749939e-21, nan 
115.125, 75.875, 1.265127815496713e-21, nan 
115.375, 75.875, 2.311306096628624e-21, nan 
115.625, 75.875, 1.4960426626606014e-21, nan 
115.875, 75.875, 9.175038711194742e-22, nan 
116.125, 75.875, 1.9522211375419058e-21, nan 
116.375, 75.875, 1.2524244767995568e-21, nan 
116.625, 75.875, 1.6205315459488068e-21, nan 
116.875, 75.875, 1.3276041471736575e-21, nan 
117.125, 75.875, 1.6785122383943846e-21, nan 
117.375, 75.875, 1.769285837971558e-21, nan 
117.625, 75.875, 1.5186416097919049e-21, nan 
117.875, 75.875, 1.9210187303267973e-21, nan 
118.125, 75.875, 1.3582025291986088e-21, nan 
118.375, 75.875, 1.4762424638865339e-21, nan 
118.625, 75.875, 1.0381753712392724e-21, nan 
118.875, 75.875, 9.578588930649315e-22, nan 
119.125, 75.875, 5.927842858697909e-22, nan 
119.375, 75.875, 9.49034481929945e-22, nan 
119.625, 75.875, 6.685745469069939e-22, nan 
119.875, 75.875, 9.081150823886222e-22, nan 
120.125, 75.875, 3.417992713991313e-22, nan 
120.375, 75.875, 2.9421567474268994e-22, nan 
120.625, 75.875, 2.8236341653830846e-22, nan 
120.875, 75.875, 3.662893430880438e-22, nan 
121.125, 75.875, 4.080525082850728e-22, nan 
121.375, 75.875, 3.7416822576246117e-22, nan 
121.625, 75.875, 2.7849801825524784e-22, nan 
121.875, 75.875, 2.463546282220583e-22, nan 
122.125, 75.875, 2.0974324582379264e-22, nan 
122.375, 75.875, 2.698849536385034e-22, nan 
122.625, 75.875, 2.7363626701320593e-22, nan 
122.875, 75.875, 2.1357972490445225e-22, nan 
123.125, 75.875, 2.649918611106177e-22, nan 
123.375, 75.875, 2.7075327403637893e-22, nan 
123.625, 75.875, 3.37213581595524e-22, nan 
123.875, 75.875, 2.4846774582188473e-22, nan 
124.125, 75.875, 2.0347475276123205e-22, nan 
124.375, 75.875, 2.1113740467823103e-22, nan 
124.625, 75.875, 1.6185606126446098e-22, nan 
124.875, 75.875, 1.4272881036103805e-22, nan 
125.125, 75.875, 7.662654975471627e-23, nan 
125.375, 75.875, 1.2642279093935014e-22, nan 
125.625, 75.875, 2.140371349764849e-22, nan 
125.875, 75.875, 3.4680712428010405e-22, nan 
126.125, 75.875, 3.2818071052945925e-22, nan 
126.375, 75.875, 1.7574587865497655e-22, nan 
126.625, 75.875, 4.8566846134999735e-23, nan 
126.875, 75.875, 2.1385674722587194e-22, nan 
127.125, 75.875, 3.107824034424184e-22, nan 
127.375, 75.875, 2.644196391202462e-22, nan 
127.625, 75.875, 1.2657732017702512e-22, nan 
127.875, 75.875, 8.337676470155199e-23, nan 
128.125, 75.875, 1.2230631626348894e-22, nan 
128.375, 75.875, 2.0747105634229358e-22, nan 
128.625, 75.875, 1.4502887404073676e-22, nan 
128.875, 75.875, 1.420884034164351e-22, nan 
129.125, 75.875, 1.864972760549626e-22, nan 
129.375, 75.875, 2.6839708823299196e-22, nan 
129.625, 75.875, 4.044534518240373e-22, nan 
129.875, 75.875, 4.345729062654531e-22, nan 
130.125, 75.875, 3.1256295944508164e-22, nan 
130.375, 75.875, 2.0635191074232563e-22, nan 
130.625, 75.875, 2.0984230624323327e-22, nan 
130.875, 75.875, 2.150144178023334e-22, nan 
131.125, 75.875, 1.6078332741218484e-22, nan 
131.375, 75.875, 1.9628351063146313e-22, nan 
131.625, 75.875, 1.6867771202849955e-22, nan 
131.875, 75.875, 1.0743889827353137e-22, nan 
132.125, 75.875, 1.054659091562977e-22, nan 
132.375, 75.875, 1.0815310466454276e-22, nan 
132.625, 75.875, 1.4720594557574162e-22, nan 
132.875, 75.875, 1.3170728834806775e-22, nan 
133.125, 75.875, 8.396443938355537e-23, nan 
133.375, 75.875, 8.586806427452277e-23, nan 
133.625, 75.875, 6.691033345662225e-23, nan 
133.875, 75.875, 1.0105963691826402e-22, nan 
134.125, 75.875, 8.680647795039062e-23, nan 
134.375, 75.875, 5.964771812912316e-23, nan 
134.625, 75.875, 5.549536031768579e-23, nan 
134.875, 75.875, 7.893598729244925e-23, nan 
135.125, 75.875, 5.726421100959823e-23, nan 
135.375, 75.875, 5.572591618342849e-23, nan 
135.625, 75.875, 8.51079650622208e-23, nan 
135.875, 75.875, 1.0756391337838517e-22, nan 
136.125, 75.875, 1.040290250028344e-22, nan 
136.375, 75.875, 4.094747350901874e-23, nan 
136.625, 75.875, 1.751746534358278e-23, nan 
136.875, 75.875, 2.6407698402863987e-23, nan 
137.125, 75.875, 4.0487971305113665e-23, nan 
137.375, 75.875, 4.1555251185249596e-23, nan 
137.625, 75.875, 1.9873875666920943e-23, nan 
137.875, 75.875, 2.338125598791877e-23, nan 
138.125, 75.875, 3.418700120034038e-23, nan 
138.375, 75.875, 3.4057978330734646e-23, nan 
138.625, 75.875, 3.2930764500423435e-23, nan 
138.875, 75.875, 3.639017471569289e-23, nan 
139.125, 75.875, 4.023537769231438e-23, nan 
139.375, 75.875, 3.8832611316509286e-23, nan 
139.625, 75.875, 5.521167440712224e-23, nan 
139.875, 75.875, 4.497683665233905e-23, nan 
140.125, 75.875, 4.030985353942724e-23, nan 
140.375, 75.875, 4.705407024637776e-23, nan 
140.625, 75.875, 5.964665210998789e-23, nan 
140.875, 75.875, 6.811077007131831e-23, nan 
141.125, 75.875, 3.875742075824904e-23, nan 
141.375, 75.875, 2.4040038966574675e-23, nan 
141.625, 75.875, 3.0015333233454716e-23, nan 
141.875, 75.875, 2.129306634382016e-23, nan 
142.125, 75.875, 1.1516690465574185e-23, nan 
142.375, 75.875, 1.0494117591783209e-23, nan 
142.625, 75.875, 7.303998337688917e-24, nan 
142.875, 75.875, 4.8274036471838165e-24, nan 
143.125, 75.875, 5.9883229982394085e-24, nan 
143.375, 75.875, 6.789397931945634e-24, nan 
143.625, 75.875, 4.9898367461365414e-24, nan 
143.875, 75.875, 5.223837192069281e-24, nan 
144.125, 75.875, 8.050723264013275e-24, nan 
144.375, 75.875, 4.881517900927072e-24, nan 
144.625, 75.875, 1.3182189004422807e-23, nan 
144.875, 75.875, 2.209303563001612e-23, nan 
145.125, 75.875, 2.660132879012846e-23, nan 
145.375, 75.875, 3.2725920912871097e-23, nan 
145.625, 75.875, 3.0064292185532614e-23, nan 
145.875, 75.875, 2.5469341662080537e-23, nan 
146.125, 75.875, 2.2784745209521115e-23, nan 
146.375, 75.875, 2.654419747373657e-23, nan 
146.625, 75.875, 3.0294035236130825e-23, nan 
146.875, 75.875, 2.636727143789456e-23, nan 
147.125, 75.875, 2.1547128551319866e-23, nan 
147.375, 75.875, 1.633066749694659e-23, nan 
147.625, 75.875, 2.1028731737477293e-23, nan 
147.875, 75.875, 1.7075112694087033e-23, nan 
148.125, 75.875, 1.2528185579007869e-23, nan 
148.375, 75.875, 9.381099722071687e-24, nan 
148.625, 75.875, 7.53738102347354e-24, nan 
148.875, 75.875, 4.5505287583191265e-24, nan 
149.125, 75.875, 1.19695069624033e-23, nan 
149.375, 75.875, 9.79474719882605e-24, nan 
149.625, 75.875, 7.962531840295269e-24, nan 
149.875, 75.875, 4.835400579251027e-24, nan 
150.125, 75.875, 3.991044528876396e-24, nan 
150.375, 75.875, 4.223394021197101e-24, nan 
150.625, 75.875, 8.108014521290034e-24, nan 
150.875, 75.875, 5.024404614303771e-24, nan 
151.125, 75.875, 4.414332090275658e-24, nan 
151.375, 75.875, 7.124123410502953e-24, nan 
151.625, 75.875, 5.5729315455070495e-24, nan 
151.875, 75.875, 7.969813632518001e-24, nan 
152.125, 75.875, 5.5982262516972136e-24, nan 
152.375, 75.875, 3.835512724075756e-24, nan 
152.625, 75.875, 6.062210017090811e-24, nan 
152.875, 75.875, 8.493113125681752e-24, nan 
153.125, 75.875, 9.516451549920303e-24, nan 
153.375, 75.875, 4.720832399553458e-24, nan 
153.625, 75.875, 4.594208256141014e-24, nan 
153.875, 75.875, 5.0512086925393e-24, nan 
154.125, 75.875, 8.786513579115872e-24, nan 
154.375, 75.875, 9.034942778198066e-24, nan 
154.625, 75.875, 8.758243565759112e-24, nan 
154.875, 75.875, 9.159290316533901e-24, nan 
155.125, 75.875, 5.121701981525342e-24, nan 
155.375, 75.875, 8.308879635083996e-24, nan 
155.625, 75.875, 9.164884403417994e-24, nan 
155.875, 75.875, 1.7362478126151063e-23, nan 
156.125, 75.875, 1.2844680402332845e-23, nan 
156.375, 75.875, 7.565111012737403e-24, nan 
156.625, 75.875, 7.060776511798714e-24, nan 
156.875, 75.875, 7.882838684782207e-24, nan 
157.125, 75.875, 1.0316661297938015e-23, nan 
157.375, 75.875, 6.70491114400956e-24, nan 
157.625, 75.875, 1.3792470709548635e-23, nan 
157.875, 75.875, 6.268272739159757e-24, nan 
158.125, 75.875, 8.609338607148222e-24, nan 
158.375, 75.875, 1.1017627383159487e-23, nan 
158.625, 75.875, 7.398941743505808e-24, nan 
158.875, 75.875, 1.0639365896066712e-23, nan 
159.125, 75.875, 1.1947453114464503e-23, nan 
159.375, 75.875, 1.4802686217286079e-23, nan 
159.625, 75.875, 1.71504699996969e-23, nan 
159.875, 75.875, 1.3866184755620702e-23, nan 
160.125, 75.875, 1.4878510835155807e-23, nan 
160.375, 75.875, 1.5069993449416836e-23, nan 
160.625, 75.875, 2.6365246291741393e-23, nan 
160.875, 75.875, 3.1801365422747505e-23, nan 
161.125, 75.875, 2.907483428414801e-23, nan 
161.375, 75.875, 1.6775661232108632e-23, nan 
161.625, 75.875, 1.3782792121293825e-23, nan 
161.875, 75.875, 1.411809444079896e-23, nan 
162.125, 75.875, 1.6803912317417414e-23, nan 
162.375, 75.875, 1.656792523011844e-23, nan 
162.625, 75.875, 1.1919825213973568e-23, nan 
162.875, 75.875, 9.773355542343574e-24, nan 
163.125, 75.875, 6.58801907636415e-24, nan 
163.375, 75.875, 4.228210652387656e-24, nan 
163.625, 75.875, 9.071987093126935e-24, nan 
163.875, 75.875, 6.131156741059056e-24, nan 
164.125, 75.875, 6.250234220015466e-24, nan 
164.375, 75.875, 4.184129184449419e-24, nan 
164.625, 75.875, 4.52608780876072e-24, nan 
164.875, 75.875, 7.835069224608663e-24, nan 
165.125, 75.875, 9.064947776798575e-24, nan 
165.375, 75.875, 3.947903575292516e-24, nan 
165.625, 75.875, 3.815027736580882e-24, nan 
165.875, 75.875, 2.721626992656043e-24, nan 
166.125, 75.875, 5.401302403724605e-24, nan 
166.375, 75.875, 9.109209337869968e-24, nan 
166.625, 75.875, 1.1322392931894155e-23, nan 
166.875, 75.875, 9.613332245176284e-24, nan 
167.125, 75.875, 9.500842135520089e-24, nan 
167.375, 75.875, 6.716934402833762e-24, nan 
167.625, 75.875, 1.0382442354339327e-23, nan 
167.875, 75.875, 9.54872275373995e-24, nan 
168.125, 75.875, 7.473688972881934e-24, nan 
168.375, 75.875, 6.598533433364017e-24, nan 
168.625, 75.875, 4.478615162647193e-24, nan 
168.875, 75.875, 2.7744343515622874e-24, nan 
169.125, 75.875, 2.3717885923111478e-24, nan 
169.375, 75.875, 2.9557868295457954e-24, nan 
169.625, 75.875, 3.159282065652665e-24, nan 
169.875, 75.875, 3.201900009764532e-24, nan 
170.125, 75.875, 2.401251071726259e-24, nan 
170.375, 75.875, 1.6268886141539443e-24, nan 
170.625, 75.875, 3.7231448838416965e-24, nan 
170.875, 75.875, 5.10281976329812e-24, nan 
171.125, 75.875, 5.733460787983494e-24, nan 
171.375, 75.875, 5.144979995143322e-24, nan 
171.625, 75.875, 2.088705048022335e-24, nan 
171.875, 75.875, 1.671639879120644e-24, nan 
172.125, 75.875, 2.828311017703578e-24, nan 
172.375, 75.875, 4.049677208504842e-24, nan 
172.625, 75.875, 3.0036763414050272e-24, nan 
172.875, 75.875, 2.1075920804613047e-24, nan 
173.125, 75.875, 2.5563317429049e-24, nan 
173.375, 75.875, 2.7778479519081297e-24, nan 
173.625, 75.875, 2.4708765085797916e-24, nan 
173.875, 75.875, 4.964720054859562e-24, nan 
174.125, 75.875, 6.2243952745584794e-24, nan 
174.375, 75.875, 5.016629236463331e-24, nan 
174.625, 75.875, 5.617951267187063e-24, nan 
174.875, 75.875, 6.194079613886659e-24, nan 
175.125, 75.875, 6.984409940918795e-24, nan 
175.375, 75.875, 7.321109305489975e-24, nan 
175.625, 75.875, 5.919650132047316e-24, nan 
175.875, 75.875, 6.5351263544357086e-24, nan 
176.125, 75.875, 6.663847383783878e-24, nan 
176.375, 75.875, 5.050874371727097e-24, nan 
176.625, 75.875, 3.616272567526745e-24, nan 
176.875, 75.875, 2.454482786707996e-24, nan 
177.125, 75.875, 3.796213632206002e-24, nan 
177.375, 75.875, 4.862767868542734e-24, nan 
177.625, 75.875, 5.075469361482429e-24, nan 
177.875, 75.875, 4.513290468356295e-24, nan 
178.125, 75.875, 3.561821736121477e-24, nan 
178.375, 75.875, 6.279389451832761e-24, nan 
178.625, 75.875, 6.418181386144145e-24, nan 
178.875, 75.875, 1.0163792906894456e-23, nan 
179.125, 75.875, 9.815093721674814e-24, nan 
179.375, 75.875, 6.00131255199728e-24, nan 
179.625, 75.875, 5.446363815482536e-24, nan 
22.625, 76.125, 1.7623438398060124e-24, nan 
22.875, 76.125, 1.4141484919353447e-24, nan 
23.125, 76.125, 1.837380674971246e-24, nan 
23.375, 76.125, 1.322881194255753e-24, nan 
23.625, 76.125, 1.7660030252502113e-24, nan 
23.875, 76.125, 1.847708529380095e-24, nan 
24.125, 76.125, 1.870040215146348e-24, nan 
24.375, 76.125, 1.3693743930638864e-24, nan 
24.625, 76.125, 1.1216211209744714e-24, nan 
24.875, 76.125, 8.046600720852147e-25, nan 
25.125, 76.125, 7.00559477257191e-25, nan 
25.375, 76.125, 1.1696653712064752e-24, nan 
25.625, 76.125, 7.500969488853295e-25, nan 
25.875, 76.125, 8.63331495311585e-25, nan 
26.125, 76.125, 1.3842873877197463e-24, nan 
26.375, 76.125, 1.4627440706999833e-24, nan 
26.625, 76.125, 1.867332867488575e-24, nan 
26.875, 76.125, 1.751745214964201e-24, nan 
27.125, 76.125, 1.2909383345507031e-24, nan 
27.375, 76.125, 1.597918597472806e-24, nan 
27.625, 76.125, 1.8977200017510716e-24, nan 
27.875, 76.125, 1.837871347781724e-24, nan 
28.125, 76.125, 1.4419235281855401e-24, nan 
28.375, 76.125, 1.2228686453174084e-24, nan 
28.625, 76.125, 1.4081768602932899e-24, nan 
28.875, 76.125, 1.8402789461527885e-24, nan 
29.125, 76.125, 2.1737393465315646e-24, nan 
29.375, 76.125, 1.6576384992444104e-24, nan 
29.625, 76.125, 1.849762034783428e-24, nan 
29.875, 76.125, 2.4273643510199025e-24, nan 
30.125, 76.125, 2.1015825907170143e-24, nan 
30.375, 76.125, 1.555735337345685e-24, nan 
30.625, 76.125, 1.5825513558599124e-24, nan 
30.875, 76.125, 1.8128376289936582e-24, nan 
31.125, 76.125, 2.444823294207061e-24, nan 
31.375, 76.125, 1.881806384787753e-24, nan 
31.625, 76.125, 8.925760791164787e-25, nan 
31.875, 76.125, 1.6089437676228581e-24, nan 
32.125, 76.125, 1.5819078320098214e-24, nan 
32.375, 76.125, 1.0217940680431786e-24, nan 
32.625, 76.125, 6.959262088432126e-25, nan 
32.875, 76.125, 1.0608438745612284e-24, nan 
33.125, 76.125, 1.466410106714441e-24, nan 
33.375, 76.125, 6.956468199843154e-25, nan 
33.625, 76.125, 1.6491729227042795e-24, nan 
33.875, 76.125, 2.037373785577938e-24, nan 
34.125, 76.125, 1.976049232616404e-24, nan 
34.375, 76.125, 2.705120770115994e-24, nan 
34.625, 76.125, 2.6431252317998806e-24, nan 
34.875, 76.125, 2.4701722314344692e-24, nan 
35.125, 76.125, 2.329846937177985e-24, nan 
35.375, 76.125, 3.3056402510977707e-24, nan 
35.625, 76.125, 2.9675893308629684e-24, nan 
35.875, 76.125, 2.1395647728939126e-24, nan 
36.125, 76.125, 2.018004441400748e-24, nan 
36.375, 76.125, 1.4963937017588517e-24, nan 
36.625, 76.125, 3.794868170694625e-24, nan 
36.875, 76.125, 3.027873032171861e-24, nan 
37.125, 76.125, 2.791002532079079e-24, nan 
37.375, 76.125, 3.883593853550525e-24, nan 
37.625, 76.125, 2.216632502004707e-24, nan 
37.875, 76.125, 2.5336715200141746e-24, nan 
38.125, 76.125, 2.0204225633137673e-24, nan 
38.375, 76.125, 1.4101662996051672e-24, nan 
38.625, 76.125, 1.0100844914438836e-24, nan 
38.875, 76.125, 8.531984184029718e-25, nan 
39.125, 76.125, 1.2592126940726804e-24, nan 
39.375, 76.125, 9.32330528789333e-25, nan 
39.625, 76.125, 1.0662109653768209e-24, nan 
39.875, 76.125, 1.338443756189045e-24, nan 
40.125, 76.125, 1.2804922897291986e-24, nan 
40.375, 76.125, 1.3161856967489118e-24, nan 
40.625, 76.125, 1.3370461641673777e-24, nan 
40.875, 76.125, 3.1018627188735496e-24, nan 
41.125, 76.125, 2.081845486305359e-24, nan 
41.375, 76.125, 2.010769335245415e-24, nan 
41.625, 76.125, 1.7934402979977622e-24, nan 
41.875, 76.125, 2.0476727373158474e-24, nan 
42.125, 76.125, 2.7855809622680157e-24, nan 
42.375, 76.125, 2.743315511948802e-24, nan 
42.625, 76.125, 3.1861507599110307e-24, nan 
42.875, 76.125, 2.4597765592337575e-24, nan 
43.125, 76.125, 3.2266689506464595e-24, nan 
43.375, 76.125, 4.165473294884472e-24, nan 
43.625, 76.125, 3.8371174863476746e-24, nan 
43.875, 76.125, 4.306577376191537e-24, nan 
44.125, 76.125, 4.109898813242501e-24, nan 
44.375, 76.125, 4.54555053279176e-24, nan 
44.625, 76.125, 4.260337428881779e-24, nan 
44.875, 76.125, 3.948394950884405e-24, nan 
45.125, 76.125, 5.136630705967208e-24, nan 
45.375, 76.125, 5.267354096280206e-24, nan 
45.625, 76.125, 6.4193109189649205e-24, nan 
45.875, 76.125, 4.588612508756256e-24, nan 
46.125, 76.125, 3.3324056614488325e-24, nan 
46.375, 76.125, 5.1561036624263504e-24, nan 
46.625, 76.125, 6.352657070977079e-24, nan 
46.875, 76.125, 4.296683601581824e-24, nan 
47.125, 76.125, 7.824900433349737e-24, nan 
47.375, 76.125, 6.944827684803564e-24, nan 
47.625, 76.125, 3.9444768113118455e-24, nan 
47.875, 76.125, 3.87187000193285e-24, nan 
48.125, 76.125, 3.868183073146917e-24, nan 
48.375, 76.125, 6.942251760625885e-24, nan 
48.625, 76.125, 5.801653229042376e-24, nan 
48.875, 76.125, 4.987407052192051e-24, nan 
49.125, 76.125, 2.5017175629379718e-24, nan 
49.375, 76.125, 1.1439915139795393e-24, nan 
49.625, 76.125, 3.898347208029007e-24, nan 
49.875, 76.125, 7.814572262284602e-24, nan 
50.125, 76.125, 5.930224887417448e-24, nan 
50.375, 76.125, 2.67228203473406e-24, nan 
50.625, 76.125, 2.437325195219282e-24, nan 
50.875, 76.125, 2.2134991050616836e-24, nan 
51.125, 76.125, 5.657312096448717e-24, nan 
51.375, 76.125, 5.592479494733168e-24, nan 
51.625, 76.125, 1.544256269016686e-24, nan 
51.875, 76.125, 4.797678962586379e-24, nan 
52.125, 76.125, 5.126911572697912e-25, nan 
52.375, 76.125, 1.1031133778698417e-23, nan 
52.625, 76.125, 1.4989069546174122e-23, nan 
52.875, 76.125, 4.105420830300262e-24, nan 
53.125, 76.125, 5.8057408430016484e-24, nan 
53.375, 76.125, 6.170231629011355e-24, nan 
53.625, 76.125, 8.663638794958568e-24, nan 
53.875, 76.125, 1.0896572675257272e-23, nan 
54.125, 76.125, 1.0524618885607702e-23, nan 
54.375, 76.125, 1.014042191779652e-23, nan 
54.625, 76.125, 1.598401988702924e-23, nan 
54.875, 76.125, 1.7811511235235529e-23, nan 
55.125, 76.125, 1.8361119739756654e-23, nan 
55.375, 76.125, 2.3519466231781167e-23, nan 
55.625, 76.125, 2.768362915204499e-23, nan 
55.875, 76.125, 1.9203264484687403e-23, nan 
56.125, 76.125, 1.787222951364255e-23, nan 
56.375, 76.125, 2.1761362719378106e-23, nan 
56.625, 76.125, 2.852140925884101e-23, nan 
56.875, 76.125, 3.4481656941326586e-23, nan 
57.125, 76.125, 2.1337685841140667e-23, nan 
57.375, 76.125, 1.2781198619261966e-23, nan 
57.625, 76.125, 6.645287877544751e-24, nan 
57.875, 76.125, 1.3840814296869168e-23, nan 
58.125, 76.125, 1.8975191720897268e-23, nan 
58.375, 76.125, 1.5385432116005417e-23, nan 
58.625, 76.125, 1.054704352305747e-23, nan 
58.875, 76.125, 4.152047753699791e-24, nan 
59.125, 76.125, 6.198360147992115e-24, nan 
59.375, 76.125, 1.297816618798848e-23, nan 
59.625, 76.125, 8.471955609067533e-24, nan 
59.875, 76.125, 7.721114483106915e-24, nan 
60.125, 76.125, 6.850904977398027e-24, nan 
60.375, 76.125, 1.3239239734232364e-23, nan 
60.625, 76.125, 1.8130113450899228e-23, nan 
60.875, 76.125, 2.2244343793234505e-23, nan 
61.125, 76.125, 2.3361532210519785e-23, nan 
61.375, 76.125, 1.6530458510279733e-23, nan 
61.625, 76.125, 1.539370154282737e-23, nan 
61.875, 76.125, 2.970032058385974e-23, nan 
62.125, 76.125, 5.2637601648564986e-23, nan 
62.375, 76.125, 6.811852934788303e-23, nan 
62.625, 76.125, 7.43900968901163e-23, nan 
62.875, 76.125, 4.20837304182412e-23, nan 
63.125, 76.125, 2.4310990823894367e-23, nan 
63.375, 76.125, 2.267847779262721e-23, nan 
63.625, 76.125, 2.676856576328976e-23, nan 
63.875, 76.125, 2.494178416675965e-23, nan 
64.125, 76.125, 1.402309661063614e-23, nan 
64.375, 76.125, 2.0647450557366633e-23, nan 
64.625, 76.125, 2.7952365017281724e-23, nan 
64.875, 76.125, 5.199679858447685e-23, nan 
65.125, 76.125, 5.021618423480421e-23, nan 
65.375, 76.125, 5.513165149128399e-23, nan 
65.625, 76.125, 6.379589348659161e-23, nan 
65.875, 76.125, 1.0287523205277509e-22, nan 
66.125, 76.125, 8.316211552627553e-23, nan 
66.375, 76.125, 8.813997141920837e-23, nan 
66.625, 76.125, 7.2169419350163e-23, nan 
66.875, 76.125, 5.1520368099283785e-23, nan 
67.125, 76.125, 4.157350424106057e-23, nan 
67.375, 76.125, 5.329053165346324e-23, nan 
67.625, 76.125, 7.509830973395299e-23, nan 
67.875, 76.125, 7.961224023464504e-23, nan 
68.125, 76.125, 4.66575560096691e-23, nan 
68.375, 76.125, 3.8594214194964824e-23, nan 
68.625, 76.125, 4.73167226801318e-23, nan 
68.875, 76.125, 2.0564789692744837e-23, nan 
69.125, 76.125, 3.672954766077948e-23, nan 
69.375, 76.125, 3.900687249063171e-23, nan 
69.625, 76.125, 2.7175362239710334e-23, nan 
69.875, 76.125, 3.4169421950685834e-23, nan 
70.125, 76.125, 5.111982946608076e-23, nan 
70.375, 76.125, 4.6780141089362605e-23, nan 
70.625, 76.125, 2.6540378059887073e-23, nan 
70.875, 76.125, 2.979491460962288e-23, nan 
71.125, 76.125, 7.103135743192913e-23, nan 
71.375, 76.125, 8.904510164352522e-23, nan 
71.625, 76.125, 7.364680259768692e-23, nan 
71.875, 76.125, 7.37332078482158e-23, nan 
72.125, 76.125, 8.370306380999331e-23, nan 
72.375, 76.125, 1.4988913863810915e-22, nan 
72.625, 76.125, 1.8016325971740252e-22, nan 
72.875, 76.125, 9.947731899519486e-23, nan 
73.125, 76.125, 1.1347303090911482e-22, nan 
73.375, 76.125, 1.1992671997443151e-22, nan 
73.625, 76.125, 1.5031727252921452e-22, nan 
73.875, 76.125, 1.8175462373739952e-22, nan 
74.125, 76.125, 1.8697806847954332e-22, nan 
74.375, 76.125, 1.6288159722046353e-22, nan 
74.625, 76.125, 1.7858375244793337e-22, nan 
74.875, 76.125, 1.3384501844933317e-22, nan 
75.125, 76.125, 1.2461624064942771e-22, nan 
75.375, 76.125, 1.127464716886845e-22, nan 
75.625, 76.125, 1.398653868486338e-22, nan 
75.875, 76.125, 1.1443982767873735e-22, nan 
76.125, 76.125, 1.7459114214127078e-22, nan 
76.375, 76.125, 2.4299756500718194e-22, nan 
76.625, 76.125, 3.172053130665157e-22, nan 
76.875, 76.125, 3.404409057015613e-22, nan 
77.125, 76.125, 4.244672218523026e-22, nan 
77.375, 76.125, 2.7709161333922747e-22, nan 
77.625, 76.125, 2.865067685759233e-22, nan 
77.875, 76.125, 3.457269856041578e-22, nan 
78.125, 76.125, 5.035821810518347e-22, nan 
78.375, 76.125, 5.5796770002990715e-22, nan 
78.625, 76.125, 3.0577704483249057e-22, nan 
78.875, 76.125, 1.7367826851132637e-22, nan 
79.125, 76.125, 2.242707918664029e-22, nan 
79.375, 76.125, 3.422142414297093e-22, nan 
79.625, 76.125, 3.7388187350485817e-22, nan 
79.875, 76.125, 3.9482448787104723e-22, nan 
80.125, 76.125, 4.960605750890331e-22, nan 
80.375, 76.125, 2.7836222593643384e-22, nan 
80.625, 76.125, 4.85622854472044e-22, nan 
80.875, 76.125, 2.6868840557469217e-22, nan 
81.125, 76.125, 3.5023022689494216e-22, nan 
81.375, 76.125, 1.5969606095526716e-22, nan 
81.625, 76.125, 2.747239158726704e-22, nan 
81.875, 76.125, 2.458277726755223e-22, nan 
82.125, 76.125, 2.2092279541319236e-22, nan 
82.375, 76.125, 2.382055729458418e-22, nan 
82.625, 76.125, 1.2130440081864878e-22, nan 
82.875, 76.125, 1.525882740507767e-22, nan 
83.125, 76.125, 1.8103920150190258e-22, nan 
83.375, 76.125, 2.1689796802002718e-22, nan 
83.625, 76.125, 1.6291859978908957e-22, nan 
83.875, 76.125, 1.1732036443611479e-22, nan 
84.125, 76.125, 1.9536641736490561e-22, nan 
84.375, 76.125, 3.341258019079562e-22, nan 
84.625, 76.125, 4.0758881500384745e-22, nan 
84.875, 76.125, 2.0718566027225647e-22, nan 
85.125, 76.125, 2.4925211789291652e-22, nan 
85.375, 76.125, 3.780203823021645e-22, nan 
85.625, 76.125, 5.989295226552384e-22, nan 
85.875, 76.125, 4.621801383600424e-22, nan 
86.125, 76.125, 9.46739064004943e-22, nan 
86.375, 76.125, 9.602726419833397e-22, nan 
86.625, 76.125, 6.753639899477802e-22, nan 
86.875, 76.125, 5.08673055741938e-22, nan 
87.125, 76.125, 7.262758186854415e-22, nan 
87.375, 76.125, 9.74288962180918e-22, nan 
87.625, 76.125, 1.0488824245906732e-21, nan 
87.875, 76.125, 9.307048222427182e-22, nan 
88.125, 76.125, 7.272119826003075e-22, nan 
88.375, 76.125, 2.0248546977294726e-21, nan 
88.625, 76.125, 2.2149729303339252e-21, nan 
88.875, 76.125, 2.6137278996388257e-21, nan 
89.125, 76.125, 2.0864929755505688e-21, nan 
89.375, 76.125, 1.0033539304262568e-21, nan 
89.625, 76.125, 1.918950336978414e-21, nan 
89.875, 76.125, 1.2566216648851875e-21, nan 
90.125, 76.125, 2.502123674247525e-21, nan 
90.375, 76.125, 1.9662644223107894e-21, nan 
90.625, 76.125, 3.259046716640568e-21, nan 
90.875, 76.125, 4.723372503472975e-21, nan 
91.125, 76.125, 3.432287832653926e-21, nan 
91.375, 76.125, 3.0735417839064082e-21, nan 
91.625, 76.125, 2.380580682242863e-21, nan 
91.875, 76.125, 2.3655658610241348e-21, nan 
92.125, 76.125, 3.361016417454114e-21, nan 
92.375, 76.125, 2.670443943460437e-21, nan 
92.625, 76.125, 2.8236342673325313e-21, nan 
92.875, 76.125, 3.0298436583674685e-21, nan 
93.125, 76.125, 2.778747366529016e-21, nan 
93.375, 76.125, 3.3293647920546717e-21, nan 
93.625, 76.125, 2.2542160226145347e-21, nan 
93.875, 76.125, 1.5997519456296952e-21, nan 
94.125, 76.125, 2.263058697768749e-21, nan 
94.375, 76.125, 1.821498886870023e-21, nan 
94.625, 76.125, 1.6650280142400724e-21, nan 
94.875, 76.125, 1.9224844172438525e-21, nan 
95.125, 76.125, 1.989422084572012e-21, nan 
95.375, 76.125, 2.6192867720620225e-21, nan 
95.625, 76.125, 2.9539480993927533e-21, nan 
95.875, 76.125, 2.4663552719945532e-21, nan 
96.125, 76.125, 2.6933173267134684e-21, nan 
96.375, 76.125, 3.250713682955595e-21, nan 
96.625, 76.125, 2.8907127601001833e-21, nan 
96.875, 76.125, 3.091386857120703e-21, nan 
97.125, 76.125, 3.608990923643396e-21, nan 
97.375, 76.125, 3.4458106840329326e-21, nan 
97.625, 76.125, 4.218985934371985e-21, nan 
97.875, 76.125, 3.647084373466888e-21, nan 
98.125, 76.125, 2.5142753246106247e-21, nan 
98.375, 76.125, 3.7291867821404454e-21, nan 
98.625, 76.125, 3.648322653581576e-21, nan 
98.875, 76.125, 2.974549763349935e-21, nan 
99.125, 76.125, 2.54340011953021e-21, nan 
99.375, 76.125, 2.0892218361151686e-21, nan 
99.625, 76.125, 1.2967996672272798e-21, nan 
99.875, 76.125, 2.257124403981713e-21, nan 
100.125, 76.125, 2.2348392425815322e-21, nan 
100.375, 76.125, 4.14067201087924e-21, nan 
100.625, 76.125, 5.546683016436616e-21, nan 
100.875, 76.125, 2.704499238961292e-21, nan 
101.125, 76.125, 2.1244223585779373e-21, nan 
101.375, 76.125, 2.0174497731535636e-21, nan 
101.625, 76.125, 1.337066642763062e-21, nan 
101.875, 76.125, 2.153998336457239e-21, nan 
102.125, 76.125, 3.1489798896259556e-21, nan 
102.375, 76.125, 2.012443800574108e-21, nan 
102.625, 76.125, 1.351129716351827e-21, nan 
102.875, 76.125, 2.6942961233104718e-21, nan 
103.125, 76.125, 4.209149916247569e-21, nan 
103.375, 76.125, 2.7606896851608714e-21, nan 
103.625, 76.125, 2.9351238450758492e-21, nan 
103.875, 76.125, 2.6949901514883968e-21, nan 
104.125, 76.125, 4.021374514506203e-21, nan 
104.375, 76.125, 8.071436571288732e-21, nan 
104.625, 76.125, 4.284127734393011e-21, nan 
104.875, 76.125, 2.4311663303569445e-21, nan 
105.125, 76.125, 3.085279750943875e-21, nan 
105.375, 76.125, 3.2849403178209068e-21, nan 
105.625, 76.125, 3.860241288048926e-21, nan 
105.875, 76.125, 2.4219659516053267e-21, nan 
106.125, 76.125, 2.3989258172070094e-21, nan 
106.375, 76.125, 1.5291192946764829e-21, nan 
106.625, 76.125, 2.2465562643989005e-21, nan 
106.875, 76.125, 2.8617195864621764e-21, nan 
107.125, 76.125, 2.895407845447795e-21, nan 
107.375, 76.125, 2.155100462701263e-21, nan 
107.625, 76.125, 3.938483247288972e-21, nan 
107.875, 76.125, 4.4184098543211994e-21, nan 
108.125, 76.125, 2.509041592425723e-21, nan 
108.375, 76.125, 2.551647470878077e-21, nan 
108.625, 76.125, 3.389925467523361e-21, nan 
108.875, 76.125, 3.890393585196674e-21, nan 
109.125, 76.125, 2.579672503176834e-21, nan 
109.375, 76.125, 1.4593518708478281e-21, nan 
109.625, 76.125, 3.286351329737369e-21, nan 
109.875, 76.125, 2.1736965433302788e-21, nan 
110.125, 76.125, 3.2353894514987765e-21, nan 
110.375, 76.125, 1.8825998504083944e-21, nan 
110.625, 76.125, 2.1395804656496058e-21, nan 
110.875, 76.125, 1.89336173862944e-21, nan 
111.125, 76.125, 1.6949672903469124e-21, nan 
111.375, 76.125, 1.5507835337662072e-21, nan 
111.625, 76.125, 1.6415445746638082e-21, nan 
111.875, 76.125, 1.6892663406212375e-21, nan 
112.125, 76.125, 1.3414821672886476e-21, nan 
112.375, 76.125, 2.0257312958913827e-21, nan 
112.625, 76.125, 2.064942313178926e-21, nan 
112.875, 76.125, 2.1323305098684767e-21, nan 
113.125, 76.125, 1.427319017270829e-21, nan 
113.375, 76.125, 1.0659224136478205e-21, nan 
113.625, 76.125, 8.809310498453271e-22, nan 
113.875, 76.125, 8.2104717270756985e-22, nan 
114.125, 76.125, 1.7435374025551116e-21, nan 
114.375, 76.125, 1.1767960985924569e-21, nan 
114.625, 76.125, 6.570360018964095e-22, nan 
114.875, 76.125, 1.422782750636559e-21, nan 
115.125, 76.125, 1.884192361579909e-21, nan 
115.375, 76.125, 1.9266278880042954e-21, nan 
115.625, 76.125, 1.3866126813234745e-21, nan 
115.875, 76.125, 1.1933090182358513e-21, nan 
116.125, 76.125, 1.5995359923842697e-21, nan 
116.375, 76.125, 1.1680552765440671e-21, nan 
116.625, 76.125, 1.264620125669755e-21, nan 
116.875, 76.125, 1.1466149214373348e-21, nan 
117.125, 76.125, 1.2762183559738143e-21, nan 
117.375, 76.125, 1.0253611015648986e-21, nan 
117.625, 76.125, 1.0727470878853093e-21, nan 
117.875, 76.125, 1.094316245274813e-21, nan 
118.125, 76.125, 9.07490132208559e-22, nan 
118.375, 76.125, 6.861935624948502e-22, nan 
118.625, 76.125, 7.971923149782459e-22, nan 
118.875, 76.125, 5.1350216124005875e-22, nan 
119.125, 76.125, 4.1403222925707887e-22, nan 
119.375, 76.125, 3.9116026859708765e-22, nan 
119.625, 76.125, 1.1117029013564377e-21, nan 
119.875, 76.125, 1.3747769796411548e-21, nan 
120.125, 76.125, 7.795678411353166e-22, nan 
120.375, 76.125, 4.916746770853551e-22, nan 
120.625, 76.125, 3.7243246084012908e-22, nan 
120.875, 76.125, 7.268218760071967e-22, nan 
121.125, 76.125, 8.140128201152865e-22, nan 
121.375, 76.125, 5.5569161986133205e-22, nan 
121.625, 76.125, 3.4316892683012764e-22, nan 
121.875, 76.125, 2.7663228096918363e-22, nan 
122.125, 76.125, 3.047458574595521e-22, nan 
122.375, 76.125, 2.7392468111407045e-22, nan 
122.625, 76.125, 5.619813418519218e-22, nan 
122.875, 76.125, 4.835110905560405e-22, nan 
123.125, 76.125, 2.5097248658358707e-22, nan 
123.375, 76.125, 2.4363819466851453e-22, nan 
123.625, 76.125, 3.48678911779691e-22, nan 
123.875, 76.125, 4.08274828495725e-22, nan 
124.125, 76.125, 3.2504004158632134e-22, nan 
124.375, 76.125, 2.437533928879188e-22, nan 
124.625, 76.125, 2.273254315347324e-22, nan 
124.875, 76.125, 1.3496851258613892e-22, nan 
125.125, 76.125, 1.9248069641258038e-22, nan 
125.375, 76.125, 1.7497575448534386e-22, nan 
125.625, 76.125, 1.838760847917355e-22, nan 
125.875, 76.125, 2.1576671932223888e-22, nan 
126.125, 76.125, 1.7412950798386293e-22, nan 
126.375, 76.125, 1.6660736396287704e-22, nan 
126.625, 76.125, 6.909911393633416e-23, nan 
126.875, 76.125, 1.8185497763482567e-22, nan 
127.125, 76.125, 2.1721513147874075e-22, nan 
127.375, 76.125, 1.881491613465176e-22, nan 
127.625, 76.125, 2.0466989621332668e-22, nan 
127.875, 76.125, 6.187595489703442e-23, nan 
128.125, 76.125, 1.0473937046639808e-22, nan 
128.375, 76.125, 1.771270963058355e-22, nan 
128.625, 76.125, 2.339598311379885e-22, nan 
128.875, 76.125, 2.30678770750524e-22, nan 
129.125, 76.125, 2.0557365469075732e-22, nan 
129.375, 76.125, 2.349547028460303e-22, nan 
129.625, 76.125, 1.8702222475382748e-22, nan 
129.875, 76.125, 2.0293259246320012e-22, nan 
130.125, 76.125, 1.9436646862383188e-22, nan 
130.375, 76.125, 1.790680557255197e-22, nan 
130.625, 76.125, 1.6964826560044523e-22, nan 
130.875, 76.125, 1.282547412984637e-22, nan 
131.125, 76.125, 1.1723161483785174e-22, nan 
131.375, 76.125, 1.461296265174277e-22, nan 
131.625, 76.125, 1.4715451880991085e-22, nan 
131.875, 76.125, 1.3531454120826406e-22, nan 
132.125, 76.125, 1.1965665315708386e-22, nan 
132.375, 76.125, 8.347430492530742e-23, nan 
132.625, 76.125, 8.53467431023841e-23, nan 
132.875, 76.125, 6.891994401913841e-23, nan 
133.125, 76.125, 9.427068992583761e-23, nan 
133.375, 76.125, 8.499020810540701e-23, nan 
133.625, 76.125, 6.49064988107106e-23, nan 
133.875, 76.125, 7.217253575413268e-23, nan 
134.125, 76.125, 6.913852304964745e-23, nan 
134.375, 76.125, 4.726849772640667e-23, nan 
134.625, 76.125, 1.9491010029608543e-23, nan 
134.875, 76.125, 2.986505030198858e-23, nan 
135.125, 76.125, 3.052945665342422e-23, nan 
135.375, 76.125, 6.966251671224407e-23, nan 
135.625, 76.125, 8.116166440443346e-23, nan 
135.875, 76.125, 6.530892974475336e-23, nan 
136.125, 76.125, 5.832696467480496e-23, nan 
136.375, 76.125, 2.9705546001498303e-23, nan 
136.625, 76.125, 4.292286506592673e-23, nan 
136.875, 76.125, 3.708047354828167e-23, nan 
137.125, 76.125, 2.312700067596802e-23, nan 
137.375, 76.125, 2.936151041712576e-23, nan 
137.625, 76.125, 2.5484557083072422e-23, nan 
137.875, 76.125, 8.63896372936844e-24, nan 
138.125, 76.125, 3.741030616491467e-23, nan 
138.375, 76.125, 2.851132389219596e-23, nan 
138.625, 76.125, 5.811291279165168e-23, nan 
138.875, 76.125, 5.510310689062239e-23, nan 
139.125, 76.125, 6.711444877393401e-23, nan 
139.375, 76.125, 5.724048042757809e-23, nan 
139.625, 76.125, 7.566741648139685e-23, nan 
139.875, 76.125, 5.719352982205361e-23, nan 
140.125, 76.125, 4.9932714284917793e-23, nan 
140.375, 76.125, 5.8534984590927e-23, nan 
140.625, 76.125, 4.610619257996809e-23, nan 
140.875, 76.125, 5.749560818681956e-23, nan 
141.125, 76.125, 2.990252032904205e-23, nan 
141.375, 76.125, 2.0059738952516875e-23, nan 
141.625, 76.125, 1.8947187501058557e-23, nan 
141.875, 76.125, 2.2383772331698067e-23, nan 
142.125, 76.125, 1.3786515241154456e-23, nan 
142.375, 76.125, 1.6078495138863153e-23, nan 
142.625, 76.125, 1.7491417660117667e-23, nan 
142.875, 76.125, 1.8883551491012273e-23, nan 
143.125, 76.125, 1.556747067042082e-23, nan 
143.375, 76.125, 5.209007506228978e-24, nan 
143.625, 76.125, 5.973821946517031e-24, nan 
143.875, 76.125, 8.148040787076154e-24, nan 
144.125, 76.125, 6.968775867861684e-24, nan 
144.375, 76.125, 9.201860625351123e-24, nan 
144.625, 76.125, 1.6786059526162047e-23, nan 
144.875, 76.125, 2.2361456721438314e-23, nan 
145.125, 76.125, 3.084854405069003e-23, nan 
145.375, 76.125, 3.454649111230111e-23, nan 
145.625, 76.125, 2.860510014436923e-23, nan 
145.875, 76.125, 2.446437498659202e-23, nan 
146.125, 76.125, 1.927825381442065e-23, nan 
146.375, 76.125, 2.617425520182867e-23, nan 
146.625, 76.125, 2.5893973730617862e-23, nan 
146.875, 76.125, 2.1513121402523997e-23, nan 
147.125, 76.125, 2.1817560775943127e-23, nan 
147.375, 76.125, 2.4718361033132518e-23, nan 
147.625, 76.125, 3.5119629472175377e-23, nan 
147.875, 76.125, 2.3809298568045722e-23, nan 
148.125, 76.125, 2.03985485693938e-23, nan 
148.375, 76.125, 1.3677780311295802e-23, nan 
148.625, 76.125, 1.8418948945195798e-23, nan 
148.875, 76.125, 1.8617782853944108e-23, nan 
149.125, 76.125, 1.2888380898040055e-23, nan 
149.375, 76.125, 7.136368275028608e-24, nan 
149.625, 76.125, 3.133109804260425e-24, nan 
149.875, 76.125, 3.0178526000337844e-24, nan 
150.125, 76.125, 4.834786599997643e-24, nan 
150.375, 76.125, 5.095046110559189e-24, nan 
150.625, 76.125, 7.872462288288611e-24, nan 
150.875, 76.125, 4.385343739689311e-24, nan 
151.125, 76.125, 4.129971858757722e-24, nan 
151.375, 76.125, 8.529233673667661e-24, nan 
151.625, 76.125, 7.29550676397605e-24, nan 
151.875, 76.125, 8.829715688382063e-24, nan 
152.125, 76.125, 4.172565390568859e-24, nan 
152.375, 76.125, 3.848427236445662e-24, nan 
152.625, 76.125, 1.0738938825697992e-23, nan 
152.875, 76.125, 1.3136189352010495e-23, nan 
153.125, 76.125, 1.4883467664925435e-23, nan 
153.375, 76.125, 7.910598820758742e-24, nan 
153.625, 76.125, 8.212700964154272e-24, nan 
153.875, 76.125, 9.016264352224547e-24, nan 
154.125, 76.125, 1.0034326538887026e-23, nan 
154.375, 76.125, 1.2109943885695104e-23, nan 
154.625, 76.125, 8.819999091457925e-24, nan 
154.875, 76.125, 9.855964013394776e-24, nan 
155.125, 76.125, 7.460754217706095e-24, nan 
155.375, 76.125, 8.157586093391968e-24, nan 
155.625, 76.125, 1.101956309375755e-23, nan 
155.875, 76.125, 1.286483408453036e-23, nan 
156.125, 76.125, 7.6048896594199e-24, nan 
156.375, 76.125, 5.862590407081901e-24, nan 
156.625, 76.125, 1.1020693043416497e-23, nan 
156.875, 76.125, 1.7043164629514443e-23, nan 
157.125, 76.125, 1.5657690237699146e-23, nan 
157.375, 76.125, 8.08067783562063e-24, nan 
157.625, 76.125, 7.53598416585795e-24, nan 
157.875, 76.125, 1.1743677005402455e-23, nan 
158.125, 76.125, 1.6407161488395214e-23, nan 
158.375, 76.125, 1.2715113565616516e-23, nan 
158.625, 76.125, 5.933219140483577e-24, nan 
158.875, 76.125, 3.909060355661003e-24, nan 
159.125, 76.125, 4.943112771275138e-24, nan 
159.375, 76.125, 6.272466807943584e-24, nan 
159.625, 76.125, 7.067443222323506e-24, nan 
159.875, 76.125, 9.676348173577078e-24, nan 
160.125, 76.125, 6.736933048652437e-24, nan 
160.375, 76.125, 9.271550404832891e-24, nan 
160.625, 76.125, 1.57100497466404e-23, nan 
160.875, 76.125, 1.9050829583179565e-23, nan 
161.125, 76.125, 1.910254137755741e-23, nan 
161.375, 76.125, 1.259833664958669e-23, nan 
161.625, 76.125, 1.1365074356170309e-23, nan 
161.875, 76.125, 1.1183792784285146e-23, nan 
162.125, 76.125, 1.011036713384367e-23, nan 
162.375, 76.125, 7.388433038753193e-24, nan 
162.625, 76.125, 5.697427360574315e-24, nan 
162.875, 76.125, 6.2158140400182565e-24, nan 
163.125, 76.125, 1.0424107156711524e-23, nan 
163.375, 76.125, 9.148249849409171e-24, nan 
163.625, 76.125, 8.977030001241404e-24, nan 
163.875, 76.125, 8.770505002756893e-24, nan 
164.125, 76.125, 9.896701329033684e-24, nan 
164.375, 76.125, 6.168318807791641e-24, nan 
164.625, 76.125, 5.247251635904027e-24, nan 
164.875, 76.125, 6.624557640513213e-24, nan 
165.125, 76.125, 5.874136979615705e-24, nan 
165.375, 76.125, 6.58493881526575e-24, nan 
165.625, 76.125, 5.14489494716481e-24, nan 
165.875, 76.125, 5.739117943370455e-24, nan 
166.125, 76.125, 7.487931965696945e-24, nan 
166.375, 76.125, 6.0707254916732216e-24, nan 
166.625, 76.125, 8.346868896805127e-24, nan 
166.875, 76.125, 9.076395219614433e-24, nan 
167.125, 76.125, 9.757943602118537e-24, nan 
167.375, 76.125, 1.1729418153472285e-23, nan 
167.625, 76.125, 1.1827938844340877e-23, nan 
167.875, 76.125, 1.302438835523919e-23, nan 
168.125, 76.125, 9.530020388133454e-24, nan 
168.375, 76.125, 1.0375916697319783e-23, nan 
168.625, 76.125, 6.77648490938063e-24, nan 
168.875, 76.125, 1.0686320867502078e-23, nan 
169.125, 76.125, 6.397871817903199e-24, nan 
169.375, 76.125, 3.335861245830331e-24, nan 
169.625, 76.125, 1.6280427969820083e-24, nan 
169.875, 76.125, 2.3975951948144706e-24, nan 
170.125, 76.125, 1.9037180208638826e-24, nan 
170.375, 76.125, 7.687950232117449e-25, nan 
170.625, 76.125, 1.75022081631862e-24, nan 
170.875, 76.125, 2.6905320852554144e-24, nan 
171.125, 76.125, 4.533994710655938e-24, nan 
171.375, 76.125, 6.919352632925886e-24, nan 
171.625, 76.125, 2.023672655330613e-24, nan 
171.875, 76.125, 2.7318663566095578e-24, nan 
172.125, 76.125, 3.0070454571827002e-24, nan 
172.375, 76.125, 2.893972918487639e-24, nan 
172.625, 76.125, 3.349762460892266e-24, nan 
172.875, 76.125, 3.922900630948834e-24, nan 
173.125, 76.125, 3.6439993404734484e-24, nan 
173.375, 76.125, 2.9961202070987148e-24, nan 
173.625, 76.125, 2.9847537184843877e-24, nan 
173.875, 76.125, 5.258293867765086e-24, nan 
174.125, 76.125, 6.639252975859003e-24, nan 
174.375, 76.125, 5.0880216619435575e-24, nan 
174.625, 76.125, 5.455191937487202e-24, nan 
174.875, 76.125, 6.5867088553109485e-24, nan 
175.125, 76.125, 7.647379422080091e-24, nan 
175.375, 76.125, 7.122650811909302e-24, nan 
175.625, 76.125, 5.2553976889770586e-24, nan 
175.875, 76.125, 5.14086190736619e-24, nan 
176.125, 76.125, 6.021204069624748e-24, nan 
176.375, 76.125, 5.47097404381994e-24, nan 
176.625, 76.125, 4.0744598272032034e-24, nan 
176.875, 76.125, 2.8770505073279287e-24, nan 
177.125, 76.125, 2.514519699175367e-24, nan 
177.375, 76.125, 4.168957887773135e-24, nan 
177.625, 76.125, 3.517490560521491e-24, nan 
177.875, 76.125, 2.64532937929519e-24, nan 
178.125, 76.125, 1.2103381571948143e-24, nan 
178.375, 76.125, 3.694510815800755e-24, nan 
178.625, 76.125, 4.864864078226079e-24, nan 
178.875, 76.125, 5.454107889814765e-24, nan 
179.125, 76.125, 5.221677093726246e-24, nan 
179.375, 76.125, 4.616360582500771e-24, nan 
179.625, 76.125, 4.4915143815321814e-24, nan 
179.875, 76.125, 4.864294401209055e-24, nan 
22.375, 76.375, 1.7185445042362297e-24, nan 
22.625, 76.375, 1.0968075488921184e-24, nan 
22.875, 76.375, 1.0893716839706077e-24, nan 
23.125, 76.375, 1.4153720173874347e-24, nan 
23.375, 76.375, 1.1797338873027917e-24, nan 
23.625, 76.375, 1.0417178320057236e-24, nan 
23.875, 76.375, 7.678434759368456e-25, nan 
24.125, 76.375, 6.978844953706192e-25, nan 
24.375, 76.375, 9.048577742866484e-25, nan 
24.625, 76.375, 6.984055463624972e-25, nan 
24.875, 76.375, 6.127162087361701e-25, nan 
25.125, 76.375, 9.18517262265401e-25, nan 
25.375, 76.375, 6.931808216204832e-25, nan 
25.625, 76.375, 8.827135203106395e-25, nan 
25.875, 76.375, 1.4613059070292874e-24, nan 
26.125, 76.375, 2.8958123941139565e-24, nan 
26.375, 76.375, 2.6325399944743262e-24, nan 
26.625, 76.375, 2.0875824537799323e-24, nan 
26.875, 76.375, 1.5226127964034841e-24, nan 
27.125, 76.375, 1.0225937722704782e-24, nan 
27.375, 76.375, 1.4217707334109227e-24, nan 
27.625, 76.375, 2.6398961653519957e-24, nan 
27.875, 76.375, 1.762302466723054e-24, nan 
28.125, 76.375, 1.2921135859914146e-24, nan 
28.375, 76.375, 1.3969598556623086e-24, nan 
28.625, 76.375, 1.5941517234792948e-24, nan 
28.875, 76.375, 2.2924038118328894e-24, nan 
29.125, 76.375, 2.4468178983271794e-24, nan 
29.375, 76.375, 2.112034534184276e-24, nan 
29.625, 76.375, 1.8115840504388136e-24, nan 
29.875, 76.375, 1.9149716618035066e-24, nan 
30.125, 76.375, 1.946100307309794e-24, nan 
30.375, 76.375, 2.455022445122811e-24, nan 
30.625, 76.375, 1.954481731881006e-24, nan 
30.875, 76.375, 1.8658635963384033e-24, nan 
31.125, 76.375, 2.480952560126037e-24, nan 
31.375, 76.375, 2.1348603914088953e-24, nan 
31.625, 76.375, 2.2205142265924453e-24, nan 
31.875, 76.375, 2.0353739997626744e-24, nan 
32.125, 76.375, 1.6373318025779203e-24, nan 
32.375, 76.375, 3.228260184479669e-24, nan 
32.625, 76.375, 2.2803910560371094e-24, nan 
32.875, 76.375, 1.4974872600881602e-24, nan 
33.125, 76.375, 1.8141384799859537e-24, nan 
33.375, 76.375, 1.0006141191070298e-24, nan 
33.625, 76.375, 1.774473059475982e-24, nan 
33.875, 76.375, 2.2276923939661503e-24, nan 
34.125, 76.375, 1.6421836245444568e-24, nan 
34.375, 76.375, 2.0871950388607268e-24, nan 
34.625, 76.375, 1.2633541819735905e-24, nan 
34.875, 76.375, 1.35591939790663e-24, nan 
35.125, 76.375, 1.4353514504959477e-24, nan 
35.375, 76.375, 1.8528946893905094e-24, nan 
35.625, 76.375, 1.8974622043356757e-24, nan 
35.875, 76.375, 1.5020931743550584e-24, nan 
36.125, 76.375, 1.1217606706415772e-24, nan 
36.375, 76.375, 1.1129536304715776e-24, nan 
36.625, 76.375, 2.7262417695780847e-24, nan 
36.875, 76.375, 2.904794148358202e-24, nan 
37.125, 76.375, 2.0051404902799973e-24, nan 
37.375, 76.375, 2.286563224788e-24, nan 
37.625, 76.375, 1.3829441207840285e-24, nan 
37.875, 76.375, 1.135203280361838e-24, nan 
38.125, 76.375, 1.6934708058266303e-24, nan 
38.375, 76.375, 1.5459966102550367e-24, nan 
38.625, 76.375, 1.359542227149191e-24, nan 
38.875, 76.375, 8.975134956464833e-25, nan 
39.125, 76.375, 1.9643685371276533e-24, nan 
39.375, 76.375, 2.323534352139573e-24, nan 
39.625, 76.375, 3.0862273970400166e-24, nan 
39.875, 76.375, 2.487538485156583e-24, nan 
40.125, 76.375, 1.058611354437136e-24, nan 
40.375, 76.375, 1.8654448680728726e-24, nan 
40.625, 76.375, 2.3962101226922054e-24, nan 
40.875, 76.375, 5.0689669093471924e-24, nan 
41.125, 76.375, 4.122482845961672e-24, nan 
41.375, 76.375, 1.4576272734349481e-24, nan 
41.625, 76.375, 1.744938963654864e-24, nan 
41.875, 76.375, 2.7939642086717796e-24, nan 
42.125, 76.375, 3.357830444378028e-24, nan 
42.375, 76.375, 3.2150991543519824e-24, nan 
42.625, 76.375, 1.8702287848982e-24, nan 
42.875, 76.375, 2.1289552930776776e-24, nan 
43.125, 76.375, 3.294790535536654e-24, nan 
43.375, 76.375, 5.765943845202262e-24, nan 
43.625, 76.375, 5.78409102642344e-24, nan 
43.875, 76.375, 4.41219428607636e-24, nan 
44.125, 76.375, 5.335971894245947e-24, nan 
44.375, 76.375, 4.6005773265827075e-24, nan 
44.625, 76.375, 7.095242711902842e-24, nan 
44.875, 76.375, 7.048691247899886e-24, nan 
45.125, 76.375, 5.579023049067367e-24, nan 
45.375, 76.375, 7.224434227689958e-24, nan 
45.625, 76.375, 7.401205211873791e-24, nan 
45.875, 76.375, 1.2032368380849652e-23, nan 
46.125, 76.375, 7.883470994890612e-24, nan 
46.375, 76.375, 7.810878278225748e-24, nan 
46.625, 76.375, 1.127402041298814e-23, nan 
46.875, 76.375, 1.0805911267178071e-23, nan 
47.125, 76.375, 7.37807760844675e-24, nan 
47.375, 76.375, 8.95030855843606e-24, nan 
47.625, 76.375, 4.747256708609534e-24, nan 
47.875, 76.375, 3.527867478271603e-24, nan 
48.125, 76.375, 1.748810424280266e-24, nan 
48.375, 76.375, 3.2915165809183597e-24, nan 
48.625, 76.375, 5.433284503466253e-24, nan 
48.875, 76.375, 8.314483578834123e-24, nan 
49.125, 76.375, 5.6762595735906066e-24, nan 
49.375, 76.375, 4.566512165957866e-24, nan 
49.625, 76.375, 5.7946877192931074e-24, nan 
49.875, 76.375, 5.948771967165918e-24, nan 
50.125, 76.375, 6.178148672796034e-24, nan 
50.375, 76.375, 5.036739982215263e-24, nan 
50.625, 76.375, 7.116216437602634e-24, nan 
50.875, 76.375, 3.69252355712307e-24, nan 
51.125, 76.375, 4.5584974005412035e-24, nan 
51.375, 76.375, 3.731946059680318e-24, nan 
51.625, 76.375, 1.8410848895129916e-24, nan 
51.875, 76.375, 4.3283131551966175e-24, nan 
52.125, 76.375, 4.1452598079406436e-24, nan 
52.375, 76.375, 7.653258933137805e-24, nan 
52.625, 76.375, 1.0109474121707072e-23, nan 
52.875, 76.375, 1.5601912565625673e-24, nan 
53.125, 76.375, 7.778037893666542e-24, nan 
53.375, 76.375, 8.630724792311965e-25, nan 
53.625, 76.375, 4.8409498929942135e-24, nan 
53.875, 76.375, 9.020586378006435e-24, nan 
54.125, 76.375, 4.3808129567546665e-24, nan 
54.375, 76.375, 6.1564591211863055e-24, nan 
54.625, 76.375, 1.0799089188717518e-23, nan 
54.875, 76.375, 1.8991185969539625e-23, nan 
55.125, 76.375, 2.062267058717573e-23, nan 
55.375, 76.375, 2.9231717830299566e-23, nan 
55.625, 76.375, 2.2751178031750194e-23, nan 
55.875, 76.375, 2.0042720255265652e-23, nan 
56.125, 76.375, 2.1379750352976268e-23, nan 
56.375, 76.375, 2.3570439170750056e-23, nan 
56.625, 76.375, 3.57849294378887e-23, nan 
56.875, 76.375, 2.6105707520125535e-23, nan 
57.125, 76.375, 1.9292392880018224e-23, nan 
57.375, 76.375, 9.197082417796128e-24, nan 
57.625, 76.375, 1.2040815387935086e-23, nan 
57.875, 76.375, 1.5118489115101433e-23, nan 
58.125, 76.375, 1.0203212971295586e-23, nan 
58.375, 76.375, 1.154935240671643e-23, nan 
58.625, 76.375, 1.1490422634244314e-23, nan 
58.875, 76.375, 6.031418802454967e-24, nan 
59.125, 76.375, 5.926246844659706e-24, nan 
59.375, 76.375, 6.818075396808223e-24, nan 
59.625, 76.375, 8.309021068986595e-24, nan 
59.875, 76.375, 9.16987421573738e-24, nan 
60.125, 76.375, 5.6954662992916206e-24, nan 
60.375, 76.375, 7.396786181370828e-24, nan 
60.625, 76.375, 2.1168486641112383e-23, nan 
60.875, 76.375, 4.729694457441114e-23, nan 
61.125, 76.375, 6.027375070498538e-23, nan 
61.375, 76.375, 6.296254091778483e-23, nan 
61.625, 76.375, 3.5674008028591496e-23, nan 
61.875, 76.375, 4.554461772750348e-23, nan 
62.125, 76.375, 9.82586149914071e-23, nan 
62.375, 76.375, 1.3042313667398867e-22, nan 
62.625, 76.375, 1.4987617745528352e-22, nan 
62.875, 76.375, 8.948984330611956e-23, nan 
63.125, 76.375, 2.763663247957933e-23, nan 
63.375, 76.375, 5.2334352076556504e-23, nan 
63.625, 76.375, 7.146262747009633e-23, nan 
63.875, 76.375, 9.052158969035426e-23, nan 
64.125, 76.375, 5.016524579639411e-23, nan 
64.375, 76.375, 3.857151353542091e-23, nan 
64.625, 76.375, 1.1905564057715536e-23, nan 
64.875, 76.375, 3.274461896349222e-23, nan 
65.125, 76.375, 2.5699455073321532e-23, nan 
65.375, 76.375, 2.5451115204225667e-23, nan 
65.625, 76.375, 4.955721800714822e-23, nan 
65.875, 76.375, 4.4223197462101314e-23, nan 
66.125, 76.375, 4.07283321819583e-23, nan 
66.375, 76.375, 5.699980663394926e-23, nan 
66.625, 76.375, 4.267468618344297e-23, nan 
66.875, 76.375, 1.2840078569771202e-23, nan 
67.125, 76.375, 2.1552144012613647e-23, nan 
67.375, 76.375, 1.746566136488722e-23, nan 
67.625, 76.375, 2.273958479961775e-23, nan 
67.875, 76.375, 2.6577720734169553e-23, nan 
68.125, 76.375, 2.540941777453257e-23, nan 
68.375, 76.375, 1.8811220562883424e-23, nan 
68.625, 76.375, 1.7939161710695793e-23, nan 
68.875, 76.375, 1.6884133345926442e-23, nan 
69.125, 76.375, 2.1924914922285695e-23, nan 
69.375, 76.375, 2.6206595808425403e-23, nan 
69.625, 76.375, 3.3743352153745725e-23, nan 
69.875, 76.375, 1.9858636538851492e-23, nan 
70.125, 76.375, 3.0092140957961007e-23, nan 
70.375, 76.375, 1.988685495857134e-23, nan 
70.625, 76.375, 2.4080130798557082e-23, nan 
70.875, 76.375, 3.64788615296892e-23, nan 
71.125, 76.375, 4.4014038167221417e-23, nan 
71.375, 76.375, 5.327760772805666e-23, nan 
71.625, 76.375, 6.816179098349815e-23, nan 
71.875, 76.375, 3.77623852138446e-23, nan 
72.125, 76.375, 6.204540224632708e-23, nan 
72.375, 76.375, 5.829803793574348e-23, nan 
72.625, 76.375, 7.420289681707305e-23, nan 
72.875, 76.375, 6.534324219142547e-23, nan 
73.125, 76.375, 5.977621799656963e-23, nan 
73.375, 76.375, 8.732353711208972e-23, nan 
73.625, 76.375, 7.255560230679628e-23, nan 
73.875, 76.375, 8.542510263107963e-23, nan 
74.125, 76.375, 1.0330835700088782e-22, nan 
74.375, 76.375, 9.10735806593302e-23, nan 
74.625, 76.375, 9.40801579719151e-23, nan 
74.875, 76.375, 1.126634474554133e-22, nan 
75.125, 76.375, 1.1917826911486281e-22, nan 
75.375, 76.375, 1.1422235941134902e-22, nan 
75.625, 76.375, 1.3245351696645184e-22, nan 
75.875, 76.375, 1.0305256649561138e-22, nan 
76.125, 76.375, 1.4428976934161865e-22, nan 
76.375, 76.375, 1.3961233355535773e-22, nan 
76.625, 76.375, 2.4195990272700143e-22, nan 
76.875, 76.375, 5.325549898999302e-22, nan 
77.125, 76.375, 3.314104501828114e-22, nan 
77.375, 76.375, 2.5443460478811636e-22, nan 
77.625, 76.375, 2.3885301272537093e-22, nan 
77.875, 76.375, 4.029453914649271e-22, nan 
78.125, 76.375, 1.0727363875462365e-21, nan 
78.375, 76.375, 5.719338878500566e-22, nan 
78.625, 76.375, 2.8128141529025176e-22, nan 
78.875, 76.375, 9.09193710912727e-23, nan 
79.125, 76.375, 2.068386628239269e-22, nan 
79.375, 76.375, 5.882066929457663e-22, nan 
79.625, 76.375, 4.2633505648268375e-22, nan 
79.875, 76.375, 3.915573138593216e-22, nan 
80.125, 76.375, 4.147368767493537e-22, nan 
80.375, 76.375, 4.256539844615e-22, nan 
80.625, 76.375, 3.925777898934846e-22, nan 
80.875, 76.375, 3.6561924286823413e-22, nan 
81.125, 76.375, 4.980264104406679e-22, nan 
81.375, 76.375, 4.732916584131573e-22, nan 
81.625, 76.375, 3.219223858500249e-22, nan 
81.875, 76.375, 4.3597084454265825e-22, nan 
82.125, 76.375, 2.4573554893182914e-22, nan 
82.375, 76.375, 2.690714879145764e-22, nan 
82.625, 76.375, 1.3121596548955203e-22, nan 
82.875, 76.375, 2.179512026857051e-22, nan 
83.125, 76.375, 1.9703124127331074e-22, nan 
83.375, 76.375, 2.048241731113097e-22, nan 
83.625, 76.375, 1.9188037550005004e-22, nan 
83.875, 76.375, 2.389645858695199e-22, nan 
84.125, 76.375, 3.4260865206563973e-22, nan 
84.375, 76.375, 2.918681780404455e-22, nan 
84.625, 76.375, 3.7969934379440297e-22, nan 
84.875, 76.375, 3.768826432139539e-22, nan 
85.125, 76.375, 2.8825976399971447e-22, nan 
85.375, 76.375, 2.9303554273045023e-22, nan 
85.625, 76.375, 3.5194899177472717e-22, nan 
85.875, 76.375, 5.666944566821252e-22, nan 
86.125, 76.375, 7.646378933756838e-22, nan 
86.375, 76.375, 9.07625227755958e-22, nan 
86.625, 76.375, 1.5392048317499461e-21, nan 
86.875, 76.375, 1.3341222333481838e-21, nan 
87.125, 76.375, 1.5924851774384026e-21, nan 
87.375, 76.375, 1.3710205991867523e-21, nan 
87.625, 76.375, 1.3031936703103293e-21, nan 
87.875, 76.375, 1.4909451000037539e-21, nan 
88.125, 76.375, 1.2107784998614933e-21, nan 
88.375, 76.375, 1.5907085377964725e-21, nan 
88.625, 76.375, 2.304949644856478e-21, nan 
88.875, 76.375, 2.937181748330984e-21, nan 
89.125, 76.375, 2.8660936090657665e-21, nan 
89.375, 76.375, 1.7963914566697125e-21, nan 
89.625, 76.375, 2.1639038194859566e-21, nan 
89.875, 76.375, 2.909411500100827e-21, nan 
90.125, 76.375, 3.591463931855679e-21, nan 
90.375, 76.375, 2.8858602567990035e-21, nan 
90.625, 76.375, 1.77465295042367e-21, nan 
90.875, 76.375, 4.7230152569552625e-21, nan 
91.125, 76.375, 4.5492577238981424e-21, nan 
91.375, 76.375, 5.271872713736418e-21, nan 
91.625, 76.375, 3.639165434687701e-21, nan 
91.875, 76.375, 1.5595501718406255e-21, nan 
92.125, 76.375, 1.554512853211743e-21, nan 
92.375, 76.375, 2.2343279481224472e-21, nan 
92.625, 76.375, 2.045752612847347e-21, nan 
92.875, 76.375, 2.4353385665688023e-21, nan 
93.125, 76.375, 2.4470373550830736e-21, nan 
93.375, 76.375, 3.096052370202797e-21, nan 
93.625, 76.375, 2.0048524328468304e-21, nan 
93.875, 76.375, 1.4572301738886463e-21, nan 
94.125, 76.375, 2.08667974463984e-21, nan 
94.375, 76.375, 1.7839649663494874e-21, nan 
94.625, 76.375, 1.8488197339044823e-21, nan 
94.875, 76.375, 1.686812105943432e-21, nan 
95.125, 76.375, 1.7281762148386147e-21, nan 
95.375, 76.375, 1.5570646552499127e-21, nan 
95.625, 76.375, 2.0473845837722627e-21, nan 
95.875, 76.375, 1.8602844916651787e-21, nan 
96.125, 76.375, 1.983918832156392e-21, nan 
96.375, 76.375, 2.1317562136022566e-21, nan 
96.625, 76.375, 1.722670591090851e-21, nan 
96.875, 76.375, 2.3138335364039138e-21, nan 
97.125, 76.375, 2.1604122395587735e-21, nan 
97.375, 76.375, 1.7674631007561007e-21, nan 
97.625, 76.375, 1.0287042321693138e-21, nan 
97.875, 76.375, 1.0899410309822216e-21, nan 
98.125, 76.375, 2.3959371162934294e-21, nan 
98.375, 76.375, 3.499447935498175e-21, nan 
98.625, 76.375, 3.2389118317848397e-21, nan 
98.875, 76.375, 3.6068818501875325e-21, nan 
99.125, 76.375, 4.3180248170418445e-21, nan 
99.375, 76.375, 5.063918757949096e-21, nan 
99.625, 76.375, 3.919896700718557e-21, nan 
99.875, 76.375, 5.60016371167449e-21, nan 
100.125, 76.375, 5.633709177526317e-21, nan 
100.375, 76.375, 6.90585779217543e-21, nan 
100.625, 76.375, 1.0015767948384314e-20, nan 
100.875, 76.375, 4.2602539622449895e-21, nan 
101.125, 76.375, 3.0491434974641554e-21, nan 
101.375, 76.375, 2.550676454053934e-21, nan 
101.625, 76.375, 3.612930909115671e-21, nan 
101.875, 76.375, 5.806090263843236e-21, nan 
102.125, 76.375, 4.223507750757648e-21, nan 
102.375, 76.375, 2.935068033853502e-21, nan 
102.625, 76.375, 2.2375372437608215e-21, nan 
102.875, 76.375, 1.5583918383093784e-21, nan 
103.125, 76.375, 1.9337447844714025e-21, nan 
103.375, 76.375, 2.253454793037338e-21, nan 
103.625, 76.375, 2.208170840573606e-21, nan 
103.875, 76.375, 1.9225455861347195e-21, nan 
104.125, 76.375, 3.45279808555954e-21, nan 
104.375, 76.375, 5.101848968630083e-21, nan 
104.625, 76.375, 3.459052531207208e-21, nan 
104.875, 76.375, 2.2718003296553872e-21, nan 
105.125, 76.375, 2.483351409685018e-21, nan 
105.375, 76.375, 2.524889346119317e-21, nan 
105.625, 76.375, 2.488626658300023e-21, nan 
105.875, 76.375, 2.8877583957853446e-21, nan 
106.125, 76.375, 2.972645459938684e-21, nan 
106.375, 76.375, 2.8597824037854856e-21, nan 
106.625, 76.375, 2.5729417319968624e-21, nan 
106.875, 76.375, 3.0833850942107073e-21, nan 
107.125, 76.375, 2.7741106419366683e-21, nan 
107.375, 76.375, 2.619297488025036e-21, nan 
107.625, 76.375, 3.5555347887616355e-21, nan 
107.875, 76.375, 3.632649886072514e-21, nan 
108.125, 76.375, 2.327022559021783e-21, nan 
108.375, 76.375, 1.5683887947106743e-21, nan 
108.625, 76.375, 2.9167917378995335e-21, nan 
108.875, 76.375, 1.7461631984539077e-21, nan 
109.125, 76.375, 1.911599324080535e-21, nan 
109.375, 76.375, 2.3506648004318186e-21, nan 
109.625, 76.375, 2.780084781437655e-21, nan 
109.875, 76.375, 2.683155766791729e-21, nan 
110.125, 76.375, 2.2844113400230408e-21, nan 
110.375, 76.375, 1.5108506908386419e-21, nan 
110.625, 76.375, 1.970736621316138e-21, nan 
110.875, 76.375, 1.3025043429201144e-21, nan 
111.125, 76.375, 2.2807425335096004e-21, nan 
111.375, 76.375, 1.9016319436543517e-21, nan 
111.625, 76.375, 1.8083148352773457e-21, nan 
111.875, 76.375, 1.5837708533378265e-21, nan 
112.125, 76.375, 1.886510167734895e-21, nan 
112.375, 76.375, 2.2976028872203587e-21, nan 
112.625, 76.375, 2.0746801112976564e-21, nan 
112.875, 76.375, 1.996479991414739e-21, nan 
113.125, 76.375, 1.7958660861684994e-21, nan 
113.375, 76.375, 1.7666132638009367e-21, nan 
113.625, 76.375, 1.6400497693706187e-21, nan 
113.875, 76.375, 1.831264900310326e-21, nan 
114.125, 76.375, 1.74664269993577e-21, nan 
114.375, 76.375, 2.453791778396163e-21, nan 
114.625, 76.375, 7.704913761820231e-22, nan 
114.875, 76.375, 1.5196961833435652e-21, nan 
115.125, 76.375, 1.7808207489165277e-21, nan 
115.375, 76.375, 1.3188208528027965e-21, nan 
115.625, 76.375, 1.6170562615289143e-21, nan 
115.875, 76.375, 2.338266779020986e-21, nan 
116.125, 76.375, 1.1585532929438884e-21, nan 
116.375, 76.375, 1.039342290651817e-21, nan 
116.625, 76.375, 1.0358170597946643e-21, nan 
116.875, 76.375, 9.274205207294644e-22, nan 
117.125, 76.375, 9.797094011386045e-22, nan 
117.375, 76.375, 1.0889482532409953e-21, nan 
117.625, 76.375, 1.632890410911516e-21, nan 
117.875, 76.375, 2.3531422017443568e-21, nan 
118.125, 76.375, 2.7534712902940463e-21, nan 
118.375, 76.375, 1.74928852993101e-21, nan 
118.625, 76.375, 2.217973113536942e-21, nan 
118.875, 76.375, 8.649140379839258e-22, nan 
119.125, 76.375, 8.92198715656976e-22, nan 
119.375, 76.375, 3.464579531571382e-22, nan 
119.625, 76.375, 7.821518072823495e-22, nan 
119.875, 76.375, 8.112193076318325e-22, nan 
120.125, 76.375, 9.19724575535846e-22, nan 
120.375, 76.375, 6.699009557937858e-22, nan 
120.625, 76.375, 3.2324500118191833e-22, nan 
120.875, 76.375, 5.533356980253227e-22, nan 
121.125, 76.375, 4.0932547334312924e-22, nan 
121.375, 76.375, 2.9621067912693335e-22, nan 
121.625, 76.375, 6.336345607500255e-22, nan 
121.875, 76.375, 4.797955677139967e-22, nan 
122.125, 76.375, 6.622619956529956e-22, nan 
122.375, 76.375, 2.0459110066298077e-22, nan 
122.625, 76.375, 4.396628404347674e-22, nan 
122.875, 76.375, 5.505065936603913e-22, nan 
123.125, 76.375, 3.752430457269263e-22, nan 
123.375, 76.375, 3.4156383964041906e-22, nan 
123.625, 76.375, 1.874535243184142e-22, nan 
123.875, 76.375, 1.755725813816113e-22, nan 
124.125, 76.375, 2.029802375519531e-22, nan 
124.375, 76.375, 2.2081091122599796e-22, nan 
124.625, 76.375, 2.2494977569867785e-22, nan 
124.875, 76.375, 1.4479230837613424e-22, nan 
125.125, 76.375, 1.4912814398177517e-22, nan 
125.375, 76.375, 1.4018829091137485e-22, nan 
125.625, 76.375, 1.30951954715285e-22, nan 
125.875, 76.375, 2.078082252460851e-22, nan 
126.125, 76.375, 8.300541985605443e-23, nan 
126.375, 76.375, 6.752858662386403e-23, nan 
126.625, 76.375, 1.1238126397437158e-22, nan 
126.875, 76.375, 1.0724748949470915e-22, nan 
127.125, 76.375, 1.4910432325017323e-22, nan 
127.375, 76.375, 1.697818225143153e-22, nan 
127.625, 76.375, 2.034385120137585e-22, nan 
127.875, 76.375, 1.8308761884917434e-22, nan 
128.125, 76.375, 2.0013043007882992e-22, nan 
128.375, 76.375, 1.7441801023679545e-22, nan 
128.625, 76.375, 1.6646315999827983e-22, nan 
128.875, 76.375, 1.7961836430191518e-22, nan 
129.125, 76.375, 2.1652418173216363e-22, nan 
129.375, 76.375, 2.4376622283833935e-22, nan 
129.625, 76.375, 1.8713771219821504e-22, nan 
129.875, 76.375, 1.6641489664177478e-22, nan 
130.125, 76.375, 1.5864229418458738e-22, nan 
130.375, 76.375, 1.4407213200103129e-22, nan 
130.625, 76.375, 1.3068727391411498e-22, nan 
130.875, 76.375, 1.2157647990200275e-22, nan 
131.125, 76.375, 1.2094476151715879e-22, nan 
131.375, 76.375, 1.2862970805105866e-22, nan 
131.625, 76.375, 1.0214836524910789e-22, nan 
131.875, 76.375, 1.0944633856457234e-22, nan 
132.125, 76.375, 8.179817975651837e-23, nan 
132.375, 76.375, 7.14563983078637e-23, nan 
132.625, 76.375, 4.244316681375845e-23, nan 
132.875, 76.375, 3.229351711952355e-23, nan 
133.125, 76.375, 3.5482370832679663e-23, nan 
133.375, 76.375, 3.5183055206565436e-23, nan 
133.625, 76.375, 4.817072918188144e-23, nan 
133.875, 76.375, 2.653266583763101e-23, nan 
134.125, 76.375, 4.014891184511229e-23, nan 
134.375, 76.375, 5.733051214098702e-23, nan 
134.625, 76.375, 2.8432028992749195e-23, nan 
134.875, 76.375, 2.953699688244986e-23, nan 
135.125, 76.375, 4.576441718482471e-23, nan 
135.375, 76.375, 5.1003614932065863e-23, nan 
135.625, 76.375, 5.308000653791476e-23, nan 
135.875, 76.375, 3.347022711941762e-23, nan 
136.125, 76.375, 3.2823752859751126e-23, nan 
136.375, 76.375, 4.1824863521276793e-23, nan 
136.625, 76.375, 5.2233539359968846e-23, nan 
136.875, 76.375, 3.251202386416626e-23, nan 
137.125, 76.375, 1.7230043094506932e-23, nan 
137.375, 76.375, 3.4417548596673345e-23, nan 
137.625, 76.375, 4.3981525150686427e-23, nan 
137.875, 76.375, 3.2282412386522506e-23, nan 
138.125, 76.375, 6.109106221923601e-23, nan 
138.375, 76.375, 7.12359708023356e-23, nan 
138.625, 76.375, 7.917449129435609e-23, nan 
138.875, 76.375, 8.316758544303995e-23, nan 
139.125, 76.375, 8.682612405855193e-23, nan 
139.375, 76.375, 7.198896420674674e-23, nan 
139.625, 76.375, 6.604906624719708e-23, nan 
139.875, 76.375, 4.928992697912234e-23, nan 
140.125, 76.375, 4.3482435965667725e-23, nan 
140.375, 76.375, 4.212519015285022e-23, nan 
140.625, 76.375, 3.098321560162465e-23, nan 
140.875, 76.375, 2.998341710030728e-23, nan 
141.125, 76.375, 2.143205886497703e-23, nan 
141.375, 76.375, 1.1365674355093791e-23, nan 
141.625, 76.375, 1.3897375907654307e-23, nan 
141.875, 76.375, 2.108962994997183e-23, nan 
142.125, 76.375, 1.5498304108720502e-23, nan 
142.375, 76.375, 1.9575311650895444e-23, nan 
142.625, 76.375, 2.5196665658940165e-23, nan 
142.875, 76.375, 2.76615368704752e-23, nan 
143.125, 76.375, 2.441850020550904e-23, nan 
143.375, 76.375, 1.702740051761399e-23, nan 
143.625, 76.375, 2.4077101651293288e-23, nan 
143.875, 76.375, 2.5654430387673904e-23, nan 
144.125, 76.375, 3.0958799230533636e-23, nan 
144.375, 76.375, 3.092978317054919e-23, nan 
144.625, 76.375, 2.9072899197876e-23, nan 
144.875, 76.375, 2.9543114105664905e-23, nan 
145.125, 76.375, 2.8473349944573134e-23, nan 
145.375, 76.375, 3.141659102574726e-23, nan 
145.625, 76.375, 3.130297110268401e-23, nan 
145.875, 76.375, 2.941465144031271e-23, nan 
146.125, 76.375, 2.1421665950438448e-23, nan 
146.375, 76.375, 1.9812130056089728e-23, nan 
146.625, 76.375, 1.6792953145897053e-23, nan 
146.875, 76.375, 2.31235321726609e-23, nan 
147.125, 76.375, 2.2282680016842853e-23, nan 
147.375, 76.375, 2.9757976646962637e-23, nan 
147.625, 76.375, 2.660760443804258e-23, nan 
147.875, 76.375, 1.9999125983108874e-23, nan 
148.125, 76.375, 2.3142435247701673e-23, nan 
148.375, 76.375, 1.2151221416547603e-23, nan 
148.625, 76.375, 1.687373710003077e-23, nan 
148.875, 76.375, 1.1173216363848501e-23, nan 
149.125, 76.375, 4.290515321646078e-24, nan 
149.375, 76.375, 1.1658177377066486e-23, nan 
149.625, 76.375, 5.189330197983411e-24, nan 
149.875, 76.375, 4.689361207969966e-24, nan 
150.125, 76.375, 1.2589614766445544e-23, nan 
150.375, 76.375, 6.293107510448143e-24, nan 
150.625, 76.375, 1.0357249656284131e-23, nan 
150.875, 76.375, 5.637063464569361e-24, nan 
151.125, 76.375, 6.060373400135533e-24, nan 
151.375, 76.375, 1.9983241227946133e-23, nan 
151.625, 76.375, 9.000822800107203e-24, nan 
151.875, 76.375, 4.641904022496946e-24, nan 
152.125, 76.375, 5.304018431955694e-24, nan 
152.375, 76.375, 1.948713486520451e-24, nan 
152.625, 76.375, 1.143390630935871e-23, nan 
152.875, 76.375, 1.0311683864659366e-23, nan 
153.125, 76.375, 1.3527281029068575e-23, nan 
153.375, 76.375, 1.1941013374090841e-23, nan 
153.625, 76.375, 1.1958546797222699e-23, nan 
153.875, 76.375, 9.253072535676236e-24, nan 
154.125, 76.375, 1.176684408941057e-23, nan 
154.375, 76.375, 1.3354529926968475e-23, nan 
154.625, 76.375, 1.1559361389220103e-23, nan 
154.875, 76.375, 9.826523767536876e-24, nan 
155.125, 76.375, 8.14063639968345e-24, nan 
155.375, 76.375, 1.0769837675325964e-23, nan 
155.625, 76.375, 1.204064038739049e-23, nan 
155.875, 76.375, 9.017323480678985e-24, nan 
156.125, 76.375, 5.852667150195129e-24, nan 
156.375, 76.375, 2.7544611656727475e-24, nan 
156.625, 76.375, 9.568935929538473e-24, nan 
156.875, 76.375, 1.525781635075146e-23, nan 
157.125, 76.375, 9.588254414922429e-24, nan 
157.375, 76.375, 8.560052544819801e-24, nan 
157.625, 76.375, 1.0744735808069562e-23, nan 
157.875, 76.375, 1.1908031137640417e-23, nan 
158.125, 76.375, 1.4614159205310215e-23, nan 
158.375, 76.375, 9.90839859179616e-24, nan 
158.625, 76.375, 7.524878296713198e-24, nan 
158.875, 76.375, 9.712039749047027e-24, nan 
159.125, 76.375, 6.684971208610939e-24, nan 
159.375, 76.375, 5.906473135801006e-24, nan 
159.625, 76.375, 3.86020004294153e-24, nan 
159.875, 76.375, 1.0369030179881241e-23, nan 
160.125, 76.375, 1.2667881985147043e-23, nan 
160.375, 76.375, 1.5348917797943894e-23, nan 
160.625, 76.375, 3.001931741923438e-23, nan 
160.875, 76.375, 2.7404789232659395e-23, nan 
161.125, 76.375, 1.2334579321179883e-23, nan 
161.375, 76.375, 1.3962109223085517e-23, nan 
161.625, 76.375, 1.537628029229589e-23, nan 
161.875, 76.375, 2.1184378594707802e-23, nan 
162.125, 76.375, 2.0310991252998896e-23, nan 
162.375, 76.375, 1.1211318826470381e-23, nan 
162.625, 76.375, 8.374395486273626e-24, nan 
162.875, 76.375, 6.89739014672891e-24, nan 
163.125, 76.375, 1.0726232421281983e-23, nan 
163.375, 76.375, 1.028351510944112e-23, nan 
163.625, 76.375, 7.892406390908885e-24, nan 
163.875, 76.375, 5.3060441913517025e-24, nan 
164.125, 76.375, 6.214483571908027e-24, nan 
164.375, 76.375, 7.745222505269219e-24, nan 
164.625, 76.375, 1.3075215678561235e-23, nan 
164.875, 76.375, 1.5122931147595544e-23, nan 
165.125, 76.375, 1.5721774094656793e-23, nan 
165.375, 76.375, 1.507951439686884e-23, nan 
165.625, 76.375, 1.753738862139492e-23, nan 
165.875, 76.375, 1.840331491522958e-23, nan 
166.125, 76.375, 1.495559631809045e-23, nan 
166.375, 76.375, 1.1777258331032763e-23, nan 
166.625, 76.375, 1.1363692651828111e-23, nan 
166.875, 76.375, 1.2544307546850036e-23, nan 
167.125, 76.375, 1.6101054366736106e-23, nan 
167.375, 76.375, 1.667701095787081e-23, nan 
167.625, 76.375, 9.43501988517867e-24, nan 
167.875, 76.375, 1.3175445185481284e-23, nan 
168.125, 76.375, 1.0772607504436712e-23, nan 
168.375, 76.375, 1.1506992740960417e-23, nan 
168.625, 76.375, 1.1722407571294674e-23, nan 
168.875, 76.375, 1.1588302906162088e-23, nan 
169.125, 76.375, 1.087167478658875e-23, nan 
169.375, 76.375, 6.369795269834924e-24, nan 
169.625, 76.375, 5.8679182806187946e-24, nan 
169.875, 76.375, 4.30771088415745e-24, nan 
170.125, 76.375, 8.517617494980708e-24, nan 
170.375, 76.375, 5.152811003820243e-24, nan 
170.625, 76.375, 4.04602132433724e-24, nan 
170.875, 76.375, 3.4030960031436745e-24, nan 
171.125, 76.375, 5.38845642657775e-24, nan 
171.375, 76.375, 1.1895175076019838e-23, nan 
171.625, 76.375, 3.1591233875389006e-24, nan 
171.875, 76.375, 2.068461478394737e-24, nan 
172.125, 76.375, 3.286939175428992e-24, nan 
172.375, 76.375, 4.160589283764046e-24, nan 
172.625, 76.375, 5.7591301252347346e-24, nan 
172.875, 76.375, 2.3720282179266515e-24, nan 
173.125, 76.375, 1.2602921415534015e-24, nan 
173.375, 76.375, 1.5664133236665433e-24, nan 
173.625, 76.375, 1.401062900886253e-24, nan 
173.875, 76.375, 2.6361001715434905e-24, nan 
174.125, 76.375, 3.580119227229583e-24, nan 
174.375, 76.375, 2.940119027345686e-24, nan 
174.625, 76.375, 3.458400785321766e-24, nan 
174.875, 76.375, 3.302806947649337e-24, nan 
175.125, 76.375, 3.498557017550614e-24, nan 
175.375, 76.375, 3.3478835088105184e-24, nan 
175.625, 76.375, 4.192456514044988e-24, nan 
175.875, 76.375, 3.631046079813626e-24, nan 
176.125, 76.375, 3.447095809293426e-24, nan 
176.375, 76.375, 3.2793951682877878e-24, nan 
176.625, 76.375, 2.84919435145477e-24, nan 
176.875, 76.375, 3.619796765743983e-24, nan 
177.125, 76.375, 4.5874187394985394e-24, nan 
177.375, 76.375, 6.068500830002663e-24, nan 
177.625, 76.375, 5.0007662980613605e-24, nan 
177.875, 76.375, 3.458581938482958e-24, nan 
178.125, 76.375, 2.868521282303559e-24, nan 
178.375, 76.375, 3.1730038958778213e-24, nan 
178.625, 76.375, 4.172075560424726e-24, nan 
178.875, 76.375, 3.423864032822584e-24, nan 
179.125, 76.375, 3.0415156766279026e-24, nan 
179.375, 76.375, 3.1954997281452204e-24, nan 
179.625, 76.375, 4.2930827958565e-24, nan 
179.875, 76.375, 4.281521965157379e-24, nan 
-179.875, 76.625, 3.919259907879613e-24, nan 
-179.625, 76.625, 3.2193699868231387e-24, nan 
-179.375, 76.625, 3.167858943436253e-24, nan 
22.125, 76.625, 6.547204364042122e-25, nan 
22.375, 76.625, 7.205147244706657e-25, nan 
22.625, 76.625, 1.3235224396007874e-24, nan 
22.875, 76.625, 1.242851859836928e-24, nan 
23.125, 76.625, 9.178643646716896e-25, nan 
23.375, 76.625, 1.1109853547964264e-24, nan 
23.625, 76.625, 1.3836447235636715e-24, nan 
23.875, 76.625, 1.5829899033998406e-24, nan 
24.125, 76.625, 1.2700790009870669e-24, nan 
24.375, 76.625, 1.3989075797202766e-24, nan 
24.625, 76.625, 1.0692554876437415e-24, nan 
24.875, 76.625, 2.3848615689238055e-24, nan 
25.125, 76.625, 2.1702339024477682e-24, nan 
25.375, 76.625, 2.9272092884558092e-24, nan 
25.625, 76.625, 2.14674693326509e-24, nan 
25.875, 76.625, 2.990945422790471e-24, nan 
26.125, 76.625, 4.511326047787242e-24, nan 
26.375, 76.625, 8.467091017695922e-24, nan 
26.625, 76.625, 1.7795368565355895e-23, nan 
26.875, 76.625, 4.2853225223484205e-24, nan 
27.125, 76.625, 3.0713984805361373e-24, nan 
27.375, 76.625, 2.3953057137587526e-24, nan 
27.625, 76.625, 3.089457585525993e-24, nan 
27.875, 76.625, 5.0985681033513496e-24, nan 
28.125, 76.625, 3.270222810555538e-24, nan 
28.375, 76.625, 1.8653510672766777e-24, nan 
28.625, 76.625, 2.4533856775831186e-24, nan 
28.875, 76.625, 1.1144580316366843e-24, nan 
29.125, 76.625, 2.62054247381844e-24, nan 
29.375, 76.625, 2.9889708407926482e-24, nan 
29.625, 76.625, 1.8329022426242816e-24, nan 
29.875, 76.625, 1.881797212697868e-24, nan 
30.125, 76.625, 1.9003004278454874e-24, nan 
30.375, 76.625, 2.023525655411874e-24, nan 
30.625, 76.625, 2.58332109607533e-24, nan 
30.875, 76.625, 2.5464455415841225e-24, nan 
31.125, 76.625, 2.8151888925307498e-24, nan 
31.375, 76.625, 2.39561036509864e-24, nan 
31.625, 76.625, 2.40525431553262e-24, nan 
31.875, 76.625, 2.3400521624388375e-24, nan 
32.125, 76.625, 2.2659427709587915e-24, nan 
32.375, 76.625, 3.1300330853347074e-24, nan 
32.625, 76.625, 2.28257897425923e-24, nan 
32.875, 76.625, 2.0113541471421325e-24, nan 
33.125, 76.625, 1.6035020163110377e-24, nan 
33.375, 76.625, 1.9997220505687247e-24, nan 
33.625, 76.625, 1.864584146216812e-24, nan 
33.875, 76.625, 1.5724594327641481e-24, nan 
34.125, 76.625, 2.0548895229963627e-24, nan 
34.375, 76.625, 2.5518375481148607e-24, nan 
34.625, 76.625, 1.7571098352032576e-24, nan 
34.875, 76.625, 1.8754529515366464e-24, nan 
35.125, 76.625, 2.1480651257297795e-24, nan 
35.375, 76.625, 2.3095659232306385e-24, nan 
35.625, 76.625, 1.896047605971008e-24, nan 
35.875, 76.625, 1.731547664524408e-24, nan 
36.125, 76.625, 2.5735906077461825e-24, nan 
36.375, 76.625, 2.3509803980417927e-24, nan 
36.625, 76.625, 1.8589170342702296e-24, nan 
36.875, 76.625, 2.224965310023915e-24, nan 
37.125, 76.625, 2.1195908588890575e-24, nan 
37.375, 76.625, 2.216427170917065e-24, nan 
37.625, 76.625, 2.2124667030439095e-24, nan 
37.875, 76.625, 1.5524529687079832e-24, nan 
38.125, 76.625, 1.5853337335203292e-24, nan 
38.375, 76.625, 2.271218481933527e-24, nan 
38.625, 76.625, 1.9985035721019182e-24, nan 
38.875, 76.625, 2.3555658722706738e-24, nan 
39.125, 76.625, 2.0629794401268365e-24, nan 
39.375, 76.625, 2.805789925011065e-24, nan 
39.625, 76.625, 2.5277429653416033e-24, nan 
39.875, 76.625, 1.7158683740643996e-24, nan 
40.125, 76.625, 1.760975957416598e-24, nan 
40.375, 76.625, 2.3819122900297175e-24, nan 
40.625, 76.625, 2.17133791987155e-24, nan 
40.875, 76.625, 3.5090861622539304e-24, nan 
41.125, 76.625, 2.3894474311056272e-24, nan 
41.375, 76.625, 1.3225030153265762e-24, nan 
41.625, 76.625, 1.8446557567740156e-24, nan 
41.875, 76.625, 1.3065963902927848e-24, nan 
42.125, 76.625, 2.112693753002878e-24, nan 
42.375, 76.625, 2.70669491317854e-24, nan 
42.625, 76.625, 2.033712851327331e-24, nan 
42.875, 76.625, 1.5532552008356412e-24, nan 
43.125, 76.625, 2.3459671661442404e-24, nan 
43.375, 76.625, 2.6614669682941698e-24, nan 
43.625, 76.625, 2.9300532962570307e-24, nan 
43.875, 76.625, 2.9074493960019405e-24, nan 
44.125, 76.625, 8.581413706114342e-24, nan 
44.375, 76.625, 1.0012441366539273e-23, nan 
44.625, 76.625, 1.4017549906237616e-23, nan 
44.875, 76.625, 1.0338099380178831e-23, nan 
45.125, 76.625, 3.57133253930683e-24, nan 
45.375, 76.625, 1.3652932546935918e-23, nan 
45.625, 76.625, 1.4240645357495495e-23, nan 
45.875, 76.625, 2.2774317987739734e-23, nan 
46.125, 76.625, 1.3205130173881374e-23, nan 
46.375, 76.625, 1.4796755485922047e-23, nan 
46.625, 76.625, 1.4026215936746996e-23, nan 
46.875, 76.625, 1.459831171209836e-23, nan 
47.125, 76.625, 8.481835475689948e-24, nan 
47.375, 76.625, 8.791202550469364e-24, nan 
47.625, 76.625, 9.439805349887069e-24, nan 
47.875, 76.625, 8.801525853416055e-24, nan 
48.125, 76.625, 9.050604599762425e-24, nan 
48.375, 76.625, 6.45902085161429e-24, nan 
48.625, 76.625, 7.482573969562892e-24, nan 
48.875, 76.625, 6.663994588782636e-24, nan 
49.125, 76.625, 5.9307842118294185e-24, nan 
49.375, 76.625, 6.673003951935405e-24, nan 
49.625, 76.625, 1.0152744380576613e-23, nan 
49.875, 76.625, 8.497201927737704e-24, nan 
50.125, 76.625, 6.861256335053576e-24, nan 
50.375, 76.625, 6.468760998276835e-24, nan 
50.625, 76.625, 1.1270525502277623e-23, nan 
50.875, 76.625, 8.65865373260099e-24, nan 
51.125, 76.625, 8.721932702352371e-24, nan 
51.375, 76.625, 6.336366593038526e-24, nan 
51.625, 76.625, 5.91616554834201e-24, nan 
51.875, 76.625, 7.670901499731865e-24, nan 
52.125, 76.625, 7.950123790749143e-24, nan 
52.375, 76.625, 8.67699395346114e-24, nan 
52.625, 76.625, 6.891002854249357e-24, nan 
52.875, 76.625, 4.802850087550239e-24, nan 
53.125, 76.625, 7.804662575692349e-24, nan 
53.375, 76.625, 6.940372671685938e-24, nan 
53.625, 76.625, 7.462052302527271e-24, nan 
53.875, 76.625, 7.557056020596171e-24, nan 
54.125, 76.625, 4.785624681674058e-24, nan 
54.375, 76.625, 7.513016598891166e-24, nan 
54.625, 76.625, 9.399833409436462e-24, nan 
54.875, 76.625, 1.342106834902489e-23, nan 
55.125, 76.625, 1.5566466805250267e-23, nan 
55.375, 76.625, 2.2629700416276874e-23, nan 
55.625, 76.625, 2.2989161270700264e-23, nan 
55.875, 76.625, 2.201462549925616e-23, nan 
56.125, 76.625, 2.316076509123942e-23, nan 
56.375, 76.625, 3.057989740782791e-23, nan 
56.625, 76.625, 3.7547045137753856e-23, nan 
56.875, 76.625, 3.6289103564487713e-23, nan 
57.125, 76.625, 2.92546640015995e-23, nan 
57.375, 76.625, 2.092408489937477e-23, nan 
57.625, 76.625, 2.0026836420180733e-23, nan 
57.875, 76.625, 1.1299768853719395e-23, nan 
58.125, 76.625, 1.1817082099756664e-23, nan 
58.375, 76.625, 1.3462814745272675e-23, nan 
58.625, 76.625, 1.3053465163201263e-23, nan 
58.875, 76.625, 1.1611547414138226e-23, nan 
59.125, 76.625, 1.4257654064903675e-23, nan 
59.375, 76.625, 1.0376158898100043e-23, nan 
59.625, 76.625, 1.9758429301196497e-23, nan 
59.875, 76.625, 2.2152161532569223e-23, nan 
60.125, 76.625, 1.802324760267387e-23, nan 
60.375, 76.625, 8.36332270998361e-24, nan 
60.625, 76.625, 1.570628489871208e-23, nan 
60.875, 76.625, 1.1037135471225188e-23, nan 
61.125, 76.625, 1.1816622673041966e-23, nan 
61.375, 76.625, 1.0429793847251647e-23, nan 
61.625, 76.625, 1.0787279392953156e-23, nan 
61.875, 76.625, 3.647089083620542e-23, nan 
62.125, 76.625, 5.832291242452097e-23, nan 
62.375, 76.625, 7.231862450735921e-23, nan 
62.625, 76.625, 8.06412449983075e-23, nan 
62.875, 76.625, 5.573396203199579e-23, nan 
63.125, 76.625, 2.3592688929184794e-23, nan 
63.375, 76.625, 1.744047155768039e-23, nan 
63.625, 76.625, 2.883133569117311e-23, nan 
63.875, 76.625, 4.150633441596309e-23, nan 
64.125, 76.625, 5.094728795805281e-23, nan 
64.375, 76.625, 3.682740521538615e-23, nan 
64.625, 76.625, 2.8714436851425074e-23, nan 
64.875, 76.625, 2.758024227870472e-23, nan 
65.125, 76.625, 2.961493220922171e-23, nan 
65.375, 76.625, 3.5280845118234345e-23, nan 
65.625, 76.625, 2.728462224718511e-23, nan 
65.875, 76.625, 4.1568815158240046e-23, nan 
66.125, 76.625, 2.3272558508981787e-23, nan 
66.375, 76.625, 2.952378129242224e-23, nan 
66.625, 76.625, 4.4555281321665107e-23, nan 
66.875, 76.625, 3.041592013894912e-23, nan 
67.125, 76.625, 2.785234913732789e-23, nan 
67.375, 76.625, 2.7760168426747136e-23, nan 
67.625, 76.625, 2.0151066603156376e-23, nan 
67.875, 76.625, 2.606322115743061e-23, nan 
68.125, 76.625, 2.72800575117469e-23, nan 
68.375, 76.625, 3.24664027996396e-23, nan 
68.625, 76.625, 1.6897953702642932e-23, nan 
68.875, 76.625, 1.5022060378701098e-23, nan 
69.125, 76.625, 1.346634320020259e-23, nan 
69.375, 76.625, 2.6913205129812364e-23, nan 
69.625, 76.625, 5.501479351560504e-23, nan 
69.875, 76.625, 2.462772608558482e-23, nan 
70.125, 76.625, 1.7505126585545064e-23, nan 
70.375, 76.625, 2.5333867296707618e-23, nan 
70.625, 76.625, 3.7556561298279853e-23, nan 
70.875, 76.625, 4.1937455604918905e-23, nan 
71.125, 76.625, 1.2094968918462732e-22, nan 
71.375, 76.625, 1.3089628759846008e-22, nan 
71.625, 76.625, 1.3039196731333264e-22, nan 
71.875, 76.625, 1.4391276820824352e-22, nan 
72.125, 76.625, 1.544228530449618e-22, nan 
72.375, 76.625, 1.5349001868281363e-22, nan 
72.625, 76.625, 1.4728942567630152e-22, nan 
72.875, 76.625, 1.1761925958679047e-22, nan 
73.125, 76.625, 6.489228611709846e-23, nan 
73.375, 76.625, 3.8204517822833147e-23, nan 
73.625, 76.625, 4.821742338306413e-23, nan 
73.875, 76.625, 4.860437091522553e-23, nan 
74.125, 76.625, 5.021044022178229e-23, nan 
74.375, 76.625, 7.02842627797579e-23, nan 
74.625, 76.625, 7.594784504529932e-23, nan 
74.875, 76.625, 9.261943576322941e-23, nan 
75.125, 76.625, 8.310252426121628e-23, nan 
75.375, 76.625, 6.421150219415459e-23, nan 
75.625, 76.625, 1.0712654651089766e-22, nan 
75.875, 76.625, 1.3824835091567765e-22, nan 
76.125, 76.625, 1.2569194048361806e-22, nan 
76.375, 76.625, 1.0012313460623745e-22, nan 
76.625, 76.625, 8.11794420300837e-23, nan 
76.875, 76.625, 1.4939031629351102e-22, nan 
77.125, 76.625, 1.997464542963322e-22, nan 
77.375, 76.625, 1.7761025337585607e-22, nan 
77.625, 76.625, 1.7765695861815608e-22, nan 
77.875, 76.625, 2.724888017259316e-22, nan 
78.125, 76.625, 6.4113104693221915e-22, nan 
78.375, 76.625, 3.2129875543977583e-22, nan 
78.625, 76.625, 2.2473176119192863e-22, nan 
78.875, 76.625, 1.6055315093573385e-22, nan 
79.125, 76.625, 1.2926258925669627e-22, nan 
79.375, 76.625, 8.229229924338328e-23, nan 
79.625, 76.625, 1.4523785859805554e-22, nan 
79.875, 76.625, 2.455230336022266e-22, nan 
80.125, 76.625, 2.550706433563632e-22, nan 
80.375, 76.625, 4.004548403006444e-22, nan 
80.625, 76.625, 1.779060245080656e-22, nan 
80.875, 76.625, 3.8418555010674046e-22, nan 
81.125, 76.625, 5.259671825488174e-22, nan 
81.375, 76.625, 4.912013454564403e-22, nan 
81.625, 76.625, 4.429694758490775e-22, nan 
81.875, 76.625, 4.52472363662983e-22, nan 
82.125, 76.625, 4.0648259260775645e-22, nan 
82.375, 76.625, 4.0248826486397567e-22, nan 
82.625, 76.625, 3.6502365609743864e-22, nan 
82.875, 76.625, 4.0773581241539925e-22, nan 
83.125, 76.625, 4.787998907764951e-22, nan 
83.375, 76.625, 3.4269967700568965e-22, nan 
83.625, 76.625, 1.954409778879453e-22, nan 
83.875, 76.625, 2.2016428404914232e-22, nan 
84.125, 76.625, 2.9122572702903147e-22, nan 
84.375, 76.625, 2.774356668499162e-22, nan 
84.625, 76.625, 3.4533930564454295e-22, nan 
84.875, 76.625, 3.4712942584040716e-22, nan 
85.125, 76.625, 6.904605580733749e-22, nan 
85.375, 76.625, 1.0024739153073693e-21, nan 
85.625, 76.625, 8.9209056958085e-22, nan 
85.875, 76.625, 1.4551216764880476e-21, nan 
86.125, 76.625, 1.25617342653693e-21, nan 
86.375, 76.625, 9.484112621421336e-22, nan 
86.625, 76.625, 1.7324834285872555e-21, nan 
86.875, 76.625, 1.670739497367603e-21, nan 
87.125, 76.625, 2.4812557323434182e-21, nan 
87.375, 76.625, 1.5162082785103919e-21, nan 
87.625, 76.625, 5.165268973739166e-22, nan 
87.875, 76.625, 1.0266726707271521e-21, nan 
88.125, 76.625, 2.6777591362191855e-21, nan 
88.375, 76.625, 5.631825501682802e-21, nan 
88.625, 76.625, 4.733040723584788e-21, nan 
88.875, 76.625, 3.2393015463931907e-21, nan 
89.125, 76.625, 5.3980726780223336e-21, nan 
89.375, 76.625, 4.849351262416962e-21, nan 
89.625, 76.625, 6.328282485542086e-21, nan 
89.875, 76.625, 5.6257101334744705e-21, nan 
90.125, 76.625, 3.542973551948141e-21, nan 
90.375, 76.625, 1.380381634513727e-21, nan 
90.625, 76.625, 2.3672269083774455e-21, nan 
90.875, 76.625, 2.965855396294326e-21, nan 
91.125, 76.625, 2.350954566370226e-21, nan 
91.375, 76.625, 4.01529931947299e-21, nan 
91.625, 76.625, 2.4218828652972237e-21, nan 
91.875, 76.625, 1.9520516911141536e-21, nan 
92.125, 76.625, 2.1440758380987536e-21, nan 
92.375, 76.625, 2.2196762588078593e-21, nan 
92.625, 76.625, 2.864694942745019e-21, nan 
92.875, 76.625, 1.953129820725634e-21, nan 
93.125, 76.625, 8.216774198235882e-22, nan 
93.375, 76.625, 6.4708135546588695e-22, nan 
93.625, 76.625, 9.494595134370574e-22, nan 
93.875, 76.625, 9.806757433934872e-22, nan 
94.125, 76.625, 1.2891607089482868e-21, nan 
94.375, 76.625, 1.454178909845997e-21, nan 
94.625, 76.625, 1.3142532705899167e-21, nan 
94.875, 76.625, 1.4185287671976648e-21, nan 
95.125, 76.625, 1.496328533731756e-21, nan 
95.375, 76.625, 2.7177142513219615e-21, nan 
95.625, 76.625, 3.119308234324182e-21, nan 
95.875, 76.625, 2.277016246115e-21, nan 
96.125, 76.625, 1.4937921090436984e-21, nan 
96.375, 76.625, 7.398906003020313e-22, nan 
96.625, 76.625, 1.465363667516416e-21, nan 
96.875, 76.625, 1.903470673653796e-21, nan 
97.125, 76.625, 1.7160989724037524e-21, nan 
97.375, 76.625, 1.5712664143144815e-21, nan 
97.625, 76.625, 1.0775208970122345e-21, nan 
97.875, 76.625, 1.5300844289867102e-21, nan 
98.125, 76.625, 1.8324069891010745e-21, nan 
98.375, 76.625, 2.127383154629725e-21, nan 
98.625, 76.625, 1.8559386400617434e-21, nan 
98.875, 76.625, 1.5717852166607043e-21, nan 
99.125, 76.625, 1.9597541682394087e-21, nan 
99.375, 76.625, 2.7385535331818567e-21, nan 
99.625, 76.625, 3.488072547139588e-21, nan 
99.875, 76.625, 3.894423080332917e-21, nan 
100.125, 76.625, 3.616506137266466e-21, nan 
100.375, 76.625, 4.024174815746651e-21, nan 
100.625, 76.625, 5.437277645201223e-21, nan 
100.875, 76.625, 3.0205194935464554e-21, nan 
101.125, 76.625, 2.376814467825863e-21, nan 
101.375, 76.625, 1.364265431348623e-21, nan 
101.625, 76.625, 2.047112594034315e-21, nan 
101.875, 76.625, 4.1141213402536025e-21, nan 
102.125, 76.625, 3.2025376305783628e-21, nan 
102.375, 76.625, 2.7397517422144618e-21, nan 
102.625, 76.625, 2.337372841234323e-21, nan 
102.875, 76.625, 1.3340655104844997e-21, nan 
103.125, 76.625, 1.3779873661717942e-21, nan 
103.375, 76.625, 1.8032668653502334e-21, nan 
103.625, 76.625, 1.902389124623616e-21, nan 
103.875, 76.625, 1.5867556990226383e-21, nan 
104.125, 76.625, 2.0854597945363384e-21, nan 
104.375, 76.625, 1.8573604398545317e-21, nan 
104.625, 76.625, 1.7785895056284884e-21, nan 
104.875, 76.625, 1.396565063177431e-21, nan 
105.125, 76.625, 1.4470165184566924e-21, nan 
105.375, 76.625, 1.9550820321109977e-21, nan 
105.625, 76.625, 1.8333714550061625e-21, nan 
105.875, 76.625, 1.9020954211507986e-21, nan 
106.125, 76.625, 2.0826731154580545e-21, nan 
106.375, 76.625, 2.096213397997175e-21, nan 
106.625, 76.625, 1.7514671158555946e-21, nan 
106.875, 76.625, 2.1652336414900814e-21, nan 
107.125, 76.625, 1.5380287327737973e-21, nan 
107.375, 76.625, 2.095651391937021e-21, nan 
107.625, 76.625, 7.1519943959745445e-22, nan 
107.875, 76.625, 6.170513625346173e-22, nan 
108.125, 76.625, 1.2480059568944437e-21, nan 
108.375, 76.625, 1.5899926271741475e-21, nan 
108.625, 76.625, 1.4560273256140639e-21, nan 
108.875, 76.625, 1.5051716759196191e-21, nan 
109.125, 76.625, 1.0788433891135322e-21, nan 
109.375, 76.625, 1.6438682231614299e-21, nan 
109.625, 76.625, 1.6343841956626347e-21, nan 
109.875, 76.625, 2.0804001259019875e-21, nan 
110.125, 76.625, 1.3304989981889956e-21, nan 
110.375, 76.625, 1.5753637608350223e-21, nan 
110.625, 76.625, 1.4545702533990367e-21, nan 
110.875, 76.625, 1.288652517779502e-21, nan 
111.125, 76.625, 1.9130055469890014e-21, nan 
111.375, 76.625, 1.6881319689217076e-21, nan 
111.625, 76.625, 1.71972503213151e-21, nan 
111.875, 76.625, 1.4635898247154098e-21, nan 
112.125, 76.625, 1.5920655121667115e-21, nan 
112.375, 76.625, 1.4152247778462472e-21, nan 
112.625, 76.625, 1.1450065266870673e-21, nan 
112.875, 76.625, 8.537245310460182e-22, nan 
113.125, 76.625, 3.577846688865799e-21, nan 
113.375, 76.625, 2.82071493051579e-21, nan 
113.625, 76.625, 1.9428357580588632e-21, nan 
113.875, 76.625, 1.360783300924878e-21, nan 
114.125, 76.625, 1.1715018522670634e-21, nan 
114.375, 76.625, 5.2587168567768524e-21, nan 
114.625, 76.625, 2.740039256968786e-21, nan 
114.875, 76.625, 1.8711465193114635e-21, nan 
115.125, 76.625, 6.401774274725665e-22, nan 
115.375, 76.625, 7.220566686787266e-22, nan 
115.625, 76.625, 2.5294832818045037e-21, nan 
115.875, 76.625, 3.643236255341987e-21, nan 
116.125, 76.625, 2.4191430588748924e-21, nan 
116.375, 76.625, 1.4211332047749141e-21, nan 
116.625, 76.625, 2.3353134764393785e-21, nan 
116.875, 76.625, 2.8593615346679982e-21, nan 
117.125, 76.625, 2.4381446768645228e-21, nan 
117.375, 76.625, 2.0219400597889022e-21, nan 
117.625, 76.625, 1.857275959183529e-21, nan 
117.875, 76.625, 3.618498349699029e-21, nan 
118.125, 76.625, 4.2058950783163254e-21, nan 
118.375, 76.625, 2.1266671460956393e-21, nan 
118.625, 76.625, 2.65661108616338e-21, nan 
118.875, 76.625, 9.882890478203594e-22, nan 
119.125, 76.625, 1.5680307064368766e-21, nan 
119.375, 76.625, 1.813640404914948e-21, nan 
119.625, 76.625, 1.208581645909651e-21, nan 
119.875, 76.625, 1.2897223192955568e-21, nan 
120.125, 76.625, 1.2172975586888005e-21, nan 
120.375, 76.625, 5.437714066891363e-22, nan 
120.625, 76.625, 3.3572941553452477e-22, nan 
120.875, 76.625, 2.8634209137644473e-22, nan 
121.125, 76.625, 3.5996293499409196e-22, nan 
121.375, 76.625, 7.650770218542308e-22, nan 
121.625, 76.625, 5.806306269763864e-22, nan 
121.875, 76.625, 3.4046598479151885e-22, nan 
122.125, 76.625, 4.115281230769906e-22, nan 
122.375, 76.625, 1.7246343693870892e-22, nan 
122.625, 76.625, 1.5764258883812989e-22, nan 
122.875, 76.625, 3.10469095674935e-22, nan 
123.125, 76.625, 2.1080578746129495e-22, nan 
123.375, 76.625, 1.3217735274947106e-22, nan 
123.625, 76.625, 1.6237314427405063e-22, nan 
123.875, 76.625, 1.8624977727140929e-22, nan 
124.125, 76.625, 2.551259451734995e-22, nan 
124.375, 76.625, 2.116826416759885e-22, nan 
124.625, 76.625, 1.713741136602253e-22, nan 
124.875, 76.625, 1.2534403197364047e-22, nan 
125.125, 76.625, 1.9847684356118286e-22, nan 
125.375, 76.625, 3.666082952497366e-22, nan 
125.625, 76.625, 2.2949342020273564e-22, nan 
125.875, 76.625, 1.7477689593709404e-22, nan 
126.125, 76.625, 1.3389218658307037e-22, nan 
126.375, 76.625, 1.0480397448818999e-22, nan 
126.625, 76.625, 1.9134181249011576e-22, nan 
126.875, 76.625, 1.873249274122755e-22, nan 
127.125, 76.625, 1.435771739979053e-22, nan 
127.375, 76.625, 1.432611967996775e-22, nan 
127.625, 76.625, 1.7079929924429601e-22, nan 
127.875, 76.625, 2.172749488055206e-22, nan 
128.125, 76.625, 2.4166605923535707e-22, nan 
128.375, 76.625, 2.1691013617924523e-22, nan 
128.625, 76.625, 2.494120805369264e-22, nan 
128.875, 76.625, 2.6342860413063577e-22, nan 
129.125, 76.625, 1.8318060637587862e-22, nan 
129.375, 76.625, 1.8759834363501137e-22, nan 
129.625, 76.625, 1.4956398721138175e-22, nan 
129.875, 76.625, 1.774165432997393e-22, nan 
130.125, 76.625, 1.3831974112815458e-22, nan 
130.375, 76.625, 1.2867374748730521e-22, nan 
130.625, 76.625, 1.4865069788715417e-22, nan 
130.875, 76.625, 1.2969922483486194e-22, nan 
131.125, 76.625, 9.77755397913946e-23, nan 
131.375, 76.625, 1.0495407138345673e-22, nan 
131.625, 76.625, 1.0663694965456918e-22, nan 
131.875, 76.625, 1.1561672798785901e-22, nan 
132.125, 76.625, 9.287288349464787e-23, nan 
132.375, 76.625, 7.962903571864142e-23, nan 
132.625, 76.625, 6.289715590689561e-23, nan 
132.875, 76.625, 1.735009309231672e-23, nan 
133.125, 76.625, 3.264741937181371e-23, nan 
133.375, 76.625, 4.505307161920506e-23, nan 
133.625, 76.625, 2.945933780829063e-23, nan 
133.875, 76.625, 1.4487396286842667e-23, nan 
134.125, 76.625, 3.422565875435627e-23, nan 
134.375, 76.625, 7.511651654883867e-23, nan 
134.625, 76.625, 8.915011502304011e-23, nan 
134.875, 76.625, 5.304135845414185e-23, nan 
135.125, 76.625, 4.5716169496543465e-23, nan 
135.375, 76.625, 2.5808265752874216e-23, nan 
135.625, 76.625, 3.0643352682170565e-23, nan 
135.875, 76.625, 3.287709904112085e-23, nan 
136.125, 76.625, 3.431832767744386e-23, nan 
136.375, 76.625, 4.3863523899997174e-23, nan 
136.625, 76.625, 5.0514044920529896e-23, nan 
136.875, 76.625, 6.305369086753874e-23, nan 
137.125, 76.625, 7.459970702981559e-23, nan 
137.375, 76.625, 7.375506645616938e-23, nan 
137.625, 76.625, 1.1522100914836055e-22, nan 
137.875, 76.625, 1.0056905928670533e-22, nan 
138.125, 76.625, 8.383097802203588e-23, nan 
138.375, 76.625, 8.553979764695133e-23, nan 
138.625, 76.625, 8.990818133923781e-23, nan 
138.875, 76.625, 1.1029159237439514e-22, nan 
139.125, 76.625, 1.08567145459171e-22, nan 
139.375, 76.625, 7.358182305379657e-23, nan 
139.625, 76.625, 4.423674350136598e-23, nan 
139.875, 76.625, 3.6869178616268694e-23, nan 
140.125, 76.625, 1.923526072195967e-23, nan 
140.375, 76.625, 1.595164191538204e-23, nan 
140.625, 76.625, 1.4980001320029057e-23, nan 
140.875, 76.625, 1.1857757365713982e-23, nan 
141.125, 76.625, 1.0086582135010758e-23, nan 
141.375, 76.625, 1.0165453253554683e-23, nan 
141.625, 76.625, 1.294734491399441e-23, nan 
141.875, 76.625, 1.1235920999868508e-23, nan 
142.125, 76.625, 1.7020025118206338e-23, nan 
142.375, 76.625, 2.480878870959124e-23, nan 
142.625, 76.625, 2.8220764381979596e-23, nan 
142.875, 76.625, 3.466526335076606e-23, nan 
143.125, 76.625, 3.641149210145796e-23, nan 
143.375, 76.625, 3.1183014006373433e-23, nan 
143.625, 76.625, 3.145222606768627e-23, nan 
143.875, 76.625, 2.917185381229703e-23, nan 
144.125, 76.625, 3.2602608019306314e-23, nan 
144.375, 76.625, 3.3534903295144285e-23, nan 
144.625, 76.625, 2.949422314717676e-23, nan 
144.875, 76.625, 2.4035972029665254e-23, nan 
145.125, 76.625, 2.201296933234125e-23, nan 
145.375, 76.625, 2.06685392092299e-23, nan 
145.625, 76.625, 2.5387736846557502e-23, nan 
145.875, 76.625, 2.542090819636996e-23, nan 
146.125, 76.625, 2.7973198224421685e-23, nan 
146.375, 76.625, 2.155542077800631e-23, nan 
146.625, 76.625, 1.9926502959102885e-23, nan 
146.875, 76.625, 1.8795517718604037e-23, nan 
147.125, 76.625, 1.7935220844471677e-23, nan 
147.375, 76.625, 3.1667306679272464e-23, nan 
147.625, 76.625, 2.0114203723716315e-23, nan 
147.875, 76.625, 1.9559969551825603e-23, nan 
148.125, 76.625, 1.1593894046971065e-23, nan 
148.375, 76.625, 4.982129167035112e-24, nan 
148.625, 76.625, 7.582075465743745e-24, nan 
148.875, 76.625, 5.518865828988364e-24, nan 
149.125, 76.625, 4.669567576541359e-24, nan 
149.375, 76.625, 1.363644906458856e-23, nan 
149.625, 76.625, 8.249107518003784e-24, nan 
149.875, 76.625, 6.449943900171946e-24, nan 
150.125, 76.625, 1.0024861510041793e-23, nan 
150.375, 76.625, 2.411878107248014e-24, nan 
150.625, 76.625, 9.412410271261244e-24, nan 
150.875, 76.625, 1.0939404848327804e-23, nan 
151.125, 76.625, 7.219487701389443e-24, nan 
151.375, 76.625, 1.6048801470243834e-23, nan 
151.625, 76.625, 8.474389485348357e-24, nan 
151.875, 76.625, 7.64744033369849e-24, nan 
152.125, 76.625, 1.6974424648032577e-23, nan 
152.375, 76.625, 1.4370228681642488e-23, nan 
152.625, 76.625, 1.3312833987959462e-23, nan 
152.875, 76.625, 1.3905584838511188e-23, nan 
153.125, 76.625, 1.315675609982162e-23, nan 
153.375, 76.625, 1.5666328299767137e-23, nan 
153.625, 76.625, 9.726225810388595e-24, nan 
153.875, 76.625, 9.400954520929876e-24, nan 
154.125, 76.625, 1.0368768518621862e-23, nan 
154.375, 76.625, 9.77144514188559e-24, nan 
154.625, 76.625, 1.0662751234057898e-23, nan 
154.875, 76.625, 1.1223513428103003e-23, nan 
155.125, 76.625, 8.314375476403825e-24, nan 
155.375, 76.625, 6.964028822987098e-24, nan 
155.625, 76.625, 7.706961092216699e-24, nan 
155.875, 76.625, 5.274302943465601e-24, nan 
156.125, 76.625, 6.779571486004598e-24, nan 
156.375, 76.625, 1.0526048548345967e-23, nan 
156.625, 76.625, 9.619548314144824e-24, nan 
156.875, 76.625, 1.098642078575997e-23, nan 
157.125, 76.625, 1.0899742929688374e-23, nan 
157.375, 76.625, 9.433335468971566e-24, nan 
157.625, 76.625, 1.377636815306105e-23, nan 
157.875, 76.625, 1.0376855480676766e-23, nan 
158.125, 76.625, 1.5454313158304546e-23, nan 
158.375, 76.625, 1.7065220103004613e-23, nan 
158.625, 76.625, 1.5553464182920962e-23, nan 
158.875, 76.625, 2.1585269197333497e-23, nan 
159.125, 76.625, 1.5261738409045649e-23, nan 
159.375, 76.625, 1.651927382441173e-23, nan 
159.625, 76.625, 1.3575071634350084e-23, nan 
159.875, 76.625, 1.449156080348147e-23, nan 
160.125, 76.625, 1.7563543932727098e-23, nan 
160.375, 76.625, 1.6744502760939188e-23, nan 
160.625, 76.625, 2.461010290816175e-23, nan 
160.875, 76.625, 2.2564243846909822e-23, nan 
161.125, 76.625, 1.586609557329305e-23, nan 
161.375, 76.625, 1.449407985316194e-23, nan 
161.625, 76.625, 1.262157114924455e-23, nan 
161.875, 76.625, 7.52489569063566e-24, nan 
162.125, 76.625, 7.88012067598184e-24, nan 
162.375, 76.625, 1.7793990066961487e-23, nan 
162.625, 76.625, 1.5348376348329957e-23, nan 
162.875, 76.625, 9.559145961220627e-24, nan 
163.125, 76.625, 1.4638846835992847e-23, nan 
163.375, 76.625, 1.9926892158204897e-23, nan 
163.625, 76.625, 2.2539923739337725e-23, nan 
163.875, 76.625, 1.8000418194640267e-23, nan 
164.125, 76.625, 1.8684989267266458e-23, nan 
164.375, 76.625, 1.7621749323152905e-23, nan 
164.625, 76.625, 3.0291103323018125e-23, nan 
164.875, 76.625, 3.107312196720792e-23, nan 
165.125, 76.625, 3.3639516447523535e-23, nan 
165.375, 76.625, 2.4483706277236738e-23, nan 
165.625, 76.625, 2.745739162913767e-23, nan 
165.875, 76.625, 2.3645931896301126e-23, nan 
166.125, 76.625, 2.088419304654117e-23, nan 
166.375, 76.625, 1.20660935362093e-23, nan 
166.625, 76.625, 1.363305392561627e-23, nan 
166.875, 76.625, 1.519037988578305e-23, nan 
167.125, 76.625, 2.0679388196736495e-23, nan 
167.375, 76.625, 1.6411604614274517e-23, nan 
167.625, 76.625, 1.1390792854718238e-23, nan 
167.875, 76.625, 9.964677559846181e-24, nan 
168.125, 76.625, 1.2448609481948206e-23, nan 
168.375, 76.625, 1.5791324039660408e-23, nan 
168.625, 76.625, 1.5372006127660172e-23, nan 
168.875, 76.625, 1.0461839805146364e-23, nan 
169.125, 76.625, 1.070403218330933e-23, nan 
169.375, 76.625, 7.2483677151473e-24, nan 
169.625, 76.625, 7.162104622614527e-24, nan 
169.875, 76.625, 8.056257938338261e-24, nan 
170.125, 76.625, 6.29775852502713e-24, nan 
170.375, 76.625, 7.013534469209963e-24, nan 
170.625, 76.625, 6.57720111276253e-24, nan 
170.875, 76.625, 5.618374081699286e-24, nan 
171.125, 76.625, 4.6294951560009235e-24, nan 
171.375, 76.625, 8.267737158469572e-24, nan 
171.625, 76.625, 3.9172562556014475e-24, nan 
171.875, 76.625, 3.741285411377089e-24, nan 
172.125, 76.625, 3.730195453602344e-24, nan 
172.375, 76.625, 2.7117331992911083e-24, nan 
172.625, 76.625, 3.0094426859485017e-24, nan 
172.875, 76.625, 4.515181241252515e-24, nan 
173.125, 76.625, 3.329944953727109e-24, nan 
173.375, 76.625, 2.0580180449300296e-24, nan 
173.625, 76.625, 2.3073668677829194e-24, nan 
173.875, 76.625, 2.2653751936186607e-24, nan 
174.125, 76.625, 2.9230286491547023e-24, nan 
174.375, 76.625, 2.3908641944881055e-24, nan 
174.625, 76.625, 1.5974006206251432e-24, nan 
174.875, 76.625, 1.534115231037126e-24, nan 
175.125, 76.625, 3.0233447605016866e-24, nan 
175.375, 76.625, 3.12803480219762e-24, nan 
175.625, 76.625, 4.418862228511156e-24, nan 
175.875, 76.625, 3.562253755418251e-24, nan 
176.125, 76.625, 2.1656474701149602e-24, nan 
176.375, 76.625, 2.0977319124506135e-24, nan 
176.625, 76.625, 3.1937795856449193e-24, nan 
176.875, 76.625, 5.108766301236692e-24, nan 
177.125, 76.625, 4.421192051025761e-24, nan 
177.375, 76.625, 3.9677438075559684e-24, nan 
177.625, 76.625, 3.6103029593373394e-24, nan 
177.875, 76.625, 3.694744178273186e-24, nan 
178.125, 76.625, 3.770163858696794e-24, nan 
178.375, 76.625, 4.385543377628284e-24, nan 
178.625, 76.625, 2.693523008960979e-24, nan 
178.875, 76.625, 1.7099410106917076e-24, nan 
179.125, 76.625, 2.8702890267774486e-24, nan 
179.375, 76.625, 2.993410595580357e-24, nan 
179.625, 76.625, 3.4496094447800815e-24, nan 
179.875, 76.625, 2.9109632292652957e-24, nan 
-179.875, 76.875, 4.8668261714012234e-24, nan 
-179.625, 76.875, 5.618585517909281e-24, nan 
-179.375, 76.875, 5.3337045087330484e-24, nan 
-179.125, 76.875, 4.698982725990453e-24, nan 
21.875, 76.875, 5.622228796964819e-25, nan 
22.125, 76.875, 6.464601029611615e-25, nan 
22.375, 76.875, 7.301731715155406e-25, nan 
22.625, 76.875, 9.946080745306303e-25, nan 
22.875, 76.875, 1.3783137559841777e-24, nan 
23.125, 76.875, 1.59206899799113e-24, nan 
23.375, 76.875, 1.6220234663425371e-24, nan 
23.625, 76.875, 7.970057040334436e-25, nan 
23.875, 76.875, 1.2426723528633419e-24, nan 
24.125, 76.875, 2.9925555939677622e-24, nan 
24.375, 76.875, 2.4582185212069636e-24, nan 
24.625, 76.875, 3.1625486897830944e-24, nan 
24.875, 76.875, 5.0200941643361096e-24, nan 
25.125, 76.875, 4.515047274021599e-24, nan 
25.375, 76.875, 1.6521811147507725e-23, nan 
25.625, 76.875, 4.2888358574393085e-24, nan 
25.875, 76.875, 4.886658602356401e-24, nan 
26.125, 76.875, 8.265667272958341e-24, nan 
26.375, 76.875, 1.303006376906118e-23, nan 
26.625, 76.875, 3.41303933886608e-23, nan 
26.875, 76.875, 6.25719719947161e-24, nan 
27.125, 76.875, 5.122868720444745e-24, nan 
27.375, 76.875, 3.663731529483247e-24, nan 
27.625, 76.875, 8.26512757813105e-24, nan 
27.875, 76.875, 1.9280876874754582e-23, nan 
28.125, 76.875, 3.242883059136736e-24, nan 
28.375, 76.875, 4.000937549117405e-24, nan 
28.625, 76.875, 2.094945511665767e-24, nan 
28.875, 76.875, 1.9424742700877258e-24, nan 
29.125, 76.875, 3.322712007272947e-24, nan 
29.375, 76.875, 2.4802608990663917e-24, nan 
29.625, 76.875, 1.5688686927955858e-24, nan 
29.875, 76.875, 1.3131676926398713e-24, nan 
30.125, 76.875, 1.5877776406056448e-24, nan 
30.375, 76.875, 4.9228818226337635e-25, nan 
30.625, 76.875, 2.1803235779959044e-24, nan 
30.875, 76.875, 2.5194317384576432e-24, nan 
31.125, 76.875, 3.234699489436196e-24, nan 
31.375, 76.875, 2.2538573941475696e-24, nan 
31.625, 76.875, 1.6530379331608267e-24, nan 
31.875, 76.875, 2.235984129914319e-24, nan 
32.125, 76.875, 2.2555048486728205e-24, nan 
32.375, 76.875, 1.8757138787934233e-24, nan 
32.625, 76.875, 1.4689949250230546e-24, nan 
32.875, 76.875, 1.475659268991038e-24, nan 
33.125, 76.875, 1.5940852653633446e-24, nan 
33.375, 76.875, 2.1105602544937393e-24, nan 
33.625, 76.875, 2.0748641060949444e-24, nan 
33.875, 76.875, 1.6019205809674216e-24, nan 
34.125, 76.875, 1.8419344502632902e-24, nan 
34.375, 76.875, 2.2154208111477907e-24, nan 
34.625, 76.875, 1.655250179763962e-24, nan 
34.875, 76.875, 1.3337761638184945e-24, nan 
35.125, 76.875, 1.53608020487197e-24, nan 
35.375, 76.875, 2.1740395988362278e-24, nan 
35.625, 76.875, 2.0180909975839866e-24, nan 
35.875, 76.875, 1.7656996600383456e-24, nan 
36.125, 76.875, 2.526634001442859e-24, nan 
36.375, 76.875, 2.114665918364475e-24, nan 
36.625, 76.875, 2.0223495648446972e-24, nan 
36.875, 76.875, 1.7916713585711827e-24, nan 
37.125, 76.875, 2.4022058422054347e-24, nan 
37.375, 76.875, 2.5920477013947237e-24, nan 
37.625, 76.875, 2.3450974923656818e-24, nan 
37.875, 76.875, 1.839260388384095e-24, nan 
38.125, 76.875, 1.5039591264836475e-24, nan 
38.375, 76.875, 2.463690545821883e-24, nan 
38.625, 76.875, 2.369082637453147e-24, nan 
38.875, 76.875, 2.8799023673382314e-24, nan 
39.125, 76.875, 1.6642277902249693e-24, nan 
39.375, 76.875, 3.1148727917134133e-24, nan 
39.625, 76.875, 2.120385233273019e-24, nan 
39.875, 76.875, 2.561283096026806e-24, nan 
40.125, 76.875, 2.567634843489877e-24, nan 
40.375, 76.875, 2.1318425161118527e-24, nan 
40.625, 76.875, 3.0080700812117684e-24, nan 
40.875, 76.875, 2.856789441345318e-24, nan 
41.125, 76.875, 2.9097893847030672e-24, nan 
41.375, 76.875, 2.0534263055623366e-24, nan 
41.625, 76.875, 1.7388896507315692e-24, nan 
41.875, 76.875, 1.3757429429479354e-24, nan 
42.125, 76.875, 2.6530569873895483e-24, nan 
42.375, 76.875, 2.9286707919626334e-24, nan 
42.625, 76.875, 2.3733498172772123e-24, nan 
42.875, 76.875, 1.862849481314778e-24, nan 
43.125, 76.875, 1.0714632295571775e-24, nan 
43.375, 76.875, 1.4389048548011273e-24, nan 
43.625, 76.875, 2.697326932023562e-24, nan 
43.875, 76.875, 3.0986383509081808e-24, nan 
44.125, 76.875, 4.493157409426284e-24, nan 
44.375, 76.875, 7.064462105155704e-24, nan 
44.625, 76.875, 6.303032237836667e-24, nan 
44.875, 76.875, 8.516064181186212e-24, nan 
45.125, 76.875, 8.405581781923546e-24, nan 
45.375, 76.875, 1.452756147061876e-23, nan 
45.625, 76.875, 1.1801429622988226e-23, nan 
45.875, 76.875, 1.506192220037939e-23, nan 
46.125, 76.875, 1.344075393383287e-23, nan 
46.375, 76.875, 1.5908885590172825e-23, nan 
46.625, 76.875, 2.299975898444845e-23, nan 
46.875, 76.875, 1.2004057347850539e-23, nan 
47.125, 76.875, 7.444337819934563e-24, nan 
47.375, 76.875, 7.410386823755171e-24, nan 
47.625, 76.875, 2.427846396672711e-24, nan 
47.875, 76.875, 9.420050395161618e-24, nan 
48.125, 76.875, 4.6526439943296766e-24, nan 
48.375, 76.875, 4.0028203175373935e-24, nan 
48.625, 76.875, 5.8799069107015005e-24, nan 
48.875, 76.875, 5.381982070591793e-24, nan 
49.125, 76.875, 4.583088921486884e-24, nan 
49.375, 76.875, 5.199620684768055e-24, nan 
49.625, 76.875, 7.11151362753821e-24, nan 
49.875, 76.875, 7.018470988176348e-24, nan 
50.125, 76.875, 5.807502060363414e-24, nan 
50.375, 76.875, 6.342651958894141e-24, nan 
50.625, 76.875, 8.355670347694536e-24, nan 
50.875, 76.875, 6.228202356433275e-24, nan 
51.125, 76.875, 9.016454945071261e-24, nan 
51.375, 76.875, 6.0578784023802545e-24, nan 
51.625, 76.875, 6.509319721003854e-24, nan 
51.875, 76.875, 9.500440239459597e-24, nan 
52.125, 76.875, 4.7198951418378635e-24, nan 
52.375, 76.875, 8.461540606971922e-24, nan 
52.625, 76.875, 1.1281461146847742e-23, nan 
52.875, 76.875, 1.01705420230187e-23, nan 
53.125, 76.875, 1.0778277222668786e-23, nan 
53.375, 76.875, 7.55475105149312e-24, nan 
53.625, 76.875, 6.295276991150433e-24, nan 
53.875, 76.875, 6.961247385555633e-24, nan 
54.125, 76.875, 3.36376855243427e-24, nan 
54.375, 76.875, 1.6768586320506532e-23, nan 
54.625, 76.875, 1.1072772764865649e-23, nan 
54.875, 76.875, 8.76338985911423e-24, nan 
55.125, 76.875, 8.625922607269164e-24, nan 
55.375, 76.875, 1.1152348316790549e-23, nan 
55.625, 76.875, 9.830008802906007e-24, nan 
55.875, 76.875, 1.699124958067954e-23, nan 
56.125, 76.875, 2.3958080300927396e-23, nan 
56.375, 76.875, 3.364844445890401e-23, nan 
56.625, 76.875, 4.217866047020084e-23, nan 
56.875, 76.875, 4.1555498186876805e-23, nan 
57.125, 76.875, 3.834114813162504e-23, nan 
57.375, 76.875, 3.1311894953974375e-23, nan 
57.625, 76.875, 3.202794976379657e-23, nan 
57.875, 76.875, 3.642587119087337e-23, nan 
58.125, 76.875, 3.343009017632465e-23, nan 
58.375, 76.875, 3.315086179291379e-23, nan 
58.625, 76.875, 1.9804828404873662e-23, nan 
58.875, 76.875, 1.0860800636699052e-23, nan 
59.125, 76.875, 1.362466360310204e-23, nan 
59.375, 76.875, 1.5641221377318152e-23, nan 
59.625, 76.875, 2.32816694793313e-23, nan 
59.875, 76.875, 3.421242748828956e-23, nan 
60.125, 76.875, 2.7809888163350047e-23, nan 
60.375, 76.875, 1.558332195541347e-23, nan 
60.625, 76.875, 1.8423159627586746e-23, nan 
60.875, 76.875, 2.440990859677989e-23, nan 
61.125, 76.875, 2.7544952041435777e-23, nan 
61.375, 76.875, 2.3614488048986816e-23, nan 
61.625, 76.875, 1.4477604297389282e-23, nan 
61.875, 76.875, 1.5505791214631743e-23, nan 
62.125, 76.875, 2.776450256196581e-23, nan 
62.375, 76.875, 2.890467682150922e-23, nan 
62.625, 76.875, 2.751577405741464e-23, nan 
62.875, 76.875, 4.1321870967458765e-23, nan 
63.125, 76.875, 1.337471878401007e-23, nan 
63.375, 76.875, 1.5274146210686405e-23, nan 
63.625, 76.875, 5.917447961943479e-23, nan 
63.875, 76.875, 6.508634757646436e-23, nan 
64.125, 76.875, 8.507938396404455e-23, nan 
64.375, 76.875, 1.4328827026934188e-23, nan 
64.625, 76.875, 2.0325632407144546e-23, nan 
64.875, 76.875, 3.469725115801702e-23, nan 
65.125, 76.875, 4.337854039921925e-23, nan 
65.375, 76.875, 5.6665565716452e-23, nan 
65.625, 76.875, 1.3945881701268755e-23, nan 
65.875, 76.875, 1.6232377364258242e-23, nan 
66.125, 76.875, 2.510235107578681e-23, nan 
66.375, 76.875, 3.3109248436669056e-23, nan 
66.625, 76.875, 4.6067594066518865e-23, nan 
66.875, 76.875, 2.6145011926052027e-23, nan 
67.125, 76.875, 2.1956984356758433e-23, nan 
67.375, 76.875, 2.913278039425489e-23, nan 
67.625, 76.875, 2.055259713213761e-23, nan 
67.875, 76.875, 2.8197251901975797e-23, nan 
68.125, 76.875, 1.1329174565590336e-23, nan 
68.375, 76.875, 2.5084299202696125e-23, nan 
68.625, 76.875, 3.4672288790630537e-23, nan 
68.875, 76.875, 2.780622854030976e-23, nan 
69.125, 76.875, 3.917625482766483e-23, nan 
69.375, 76.875, 2.284741535270157e-23, nan 
69.625, 76.875, 4.6998662264800775e-23, nan 
69.875, 76.875, 7.620105721228494e-23, nan 
70.125, 76.875, 9.815297210647101e-23, nan 
70.375, 76.875, 9.613344522751745e-23, nan 
70.625, 76.875, 9.803412470781577e-23, nan 
70.875, 76.875, 8.90994671454197e-23, nan 
71.125, 76.875, 1.629872659307377e-22, nan 
71.375, 76.875, 1.8081105416443052e-22, nan 
71.625, 76.875, 1.9563987661196243e-22, nan 
71.875, 76.875, 2.278534853686749e-22, nan 
72.125, 76.875, 2.4779010221678824e-22, nan 
72.375, 76.875, 2.2765575850983775e-22, nan 
72.625, 76.875, 1.8803535639364224e-22, nan 
72.875, 76.875, 1.5043398147025949e-22, nan 
73.125, 76.875, 1.8007374404463967e-22, nan 
73.375, 76.875, 1.7505336371686382e-22, nan 
73.625, 76.875, 1.577904366615731e-22, nan 
73.875, 76.875, 1.2491779202886662e-22, nan 
74.125, 76.875, 7.510878622908688e-23, nan 
74.375, 76.875, 4.0219965304303947e-23, nan 
74.625, 76.875, 4.935045603749977e-23, nan 
74.875, 76.875, 5.862716966904299e-23, nan 
75.125, 76.875, 6.663773325953404e-23, nan 
75.375, 76.875, 7.366633116176114e-23, nan 
75.625, 76.875, 7.527634089522259e-23, nan 
75.875, 76.875, 8.710247174451435e-23, nan 
76.125, 76.875, 7.954721291555156e-23, nan 
76.375, 76.875, 7.394426498230997e-23, nan 
76.625, 76.875, 1.164353055526645e-22, nan 
76.875, 76.875, 1.3654729344663269e-22, nan 
77.125, 76.875, 1.7471908763900876e-22, nan 
77.375, 76.875, 1.6863733923973836e-22, nan 
77.625, 76.875, 1.860433383189533e-22, nan 
77.875, 76.875, 1.412951663334187e-22, nan 
78.125, 76.875, 1.2519851646396183e-22, nan 
78.375, 76.875, 1.3848728091348475e-22, nan 
78.625, 76.875, 1.9035319771970177e-22, nan 
78.875, 76.875, 2.7372064954868014e-22, nan 
79.125, 76.875, 2.0057876915822505e-22, nan 
79.375, 76.875, 1.8443307998505574e-22, nan 
79.625, 76.875, 1.0150944286527791e-22, nan 
79.875, 76.875, 1.8425844136690845e-22, nan 
80.125, 76.875, 2.461090384306421e-22, nan 
80.375, 76.875, 1.5731536245032868e-22, nan 
80.625, 76.875, 1.2247335950086684e-22, nan 
80.875, 76.875, 2.642483666623764e-22, nan 
81.125, 76.875, 4.1475765351102493e-22, nan 
81.375, 76.875, 3.7013212894509905e-22, nan 
81.625, 76.875, 3.2047771632725996e-22, nan 
81.875, 76.875, 2.9277877397836684e-22, nan 
82.125, 76.875, 4.158748813533497e-22, nan 
82.375, 76.875, 5.169372158348901e-22, nan 
82.625, 76.875, 5.807549422375053e-22, nan 
82.875, 76.875, 5.100742229259507e-22, nan 
83.125, 76.875, 5.14365027323355e-22, nan 
83.375, 76.875, 6.174366721205328e-22, nan 
83.625, 76.875, 6.587536818090248e-22, nan 
83.875, 76.875, 7.617023413864008e-22, nan 
84.125, 76.875, 6.904049315083305e-22, nan 
84.375, 76.875, 6.86816111823329e-22, nan 
84.625, 76.875, 5.534716293762897e-22, nan 
84.875, 76.875, 9.112967652510802e-22, nan 
85.125, 76.875, 8.728239290818299e-22, nan 
85.375, 76.875, 1.022601399555739e-21, nan 
85.625, 76.875, 8.112189097255073e-22, nan 
85.875, 76.875, 6.792650181152874e-22, nan 
86.125, 76.875, 1.4769721336413804e-21, nan 
86.375, 76.875, 1.1239296823592933e-21, nan 
86.625, 76.875, 1.5058467243658476e-21, nan 
86.875, 76.875, 2.0091066401340523e-21, nan 
87.125, 76.875, 4.4825393590642136e-21, nan 
87.375, 76.875, 3.8638563385858006e-21, nan 
87.625, 76.875, 3.0649501866589252e-21, nan 
87.875, 76.875, 5.920397424487345e-21, nan 
88.125, 76.875, 5.609924348474682e-21, nan 
88.375, 76.875, 1.226027257829938e-20, nan 
88.625, 76.875, 6.833737023620946e-21, nan 
88.875, 76.875, 4.4465248393795235e-21, nan 
89.125, 76.875, 6.254090696801641e-21, nan 
89.375, 76.875, 5.6750385522980715e-21, nan 
89.625, 76.875, 7.134886670620172e-21, nan 
89.875, 76.875, 5.975050026002918e-21, nan 
90.125, 76.875, 5.128335728543937e-21, nan 
90.375, 76.875, 6.4097384639801244e-21, nan 
90.625, 76.875, 4.6594495407599635e-21, nan 
90.875, 76.875, 5.333401013696054e-21, nan 
91.125, 76.875, 4.2735203665288926e-21, nan 
91.375, 76.875, 2.8983258635429963e-21, nan 
91.625, 76.875, 2.4036523365583762e-21, nan 
91.875, 76.875, 3.324578781509794e-21, nan 
92.125, 76.875, 2.2494060295637747e-21, nan 
92.375, 76.875, 1.5672923869674136e-21, nan 
92.625, 76.875, 2.914633579403709e-21, nan 
92.875, 76.875, 2.353519948891403e-21, nan 
93.125, 76.875, 7.457337390763021e-22, nan 
93.375, 76.875, 5.313657782976427e-22, nan 
93.625, 76.875, 8.144627430164742e-22, nan 
93.875, 76.875, 6.83801703968657e-22, nan 
94.125, 76.875, 8.762583790471353e-22, nan 
94.375, 76.875, 1.0422567167267056e-21, nan 
94.625, 76.875, 1.0017082692546214e-21, nan 
94.875, 76.875, 8.6170793212731e-22, nan 
95.125, 76.875, 1.2948284035878013e-21, nan 
95.375, 76.875, 2.065814141105451e-21, nan 
95.625, 76.875, 2.178363857233827e-21, nan 
95.875, 76.875, 1.820667269272679e-21, nan 
96.125, 76.875, 8.904768175446214e-22, nan 
96.375, 76.875, 8.647150928702357e-22, nan 
96.625, 76.875, 7.896724905701908e-22, nan 
96.875, 76.875, 7.968584911075582e-22, nan 
97.125, 76.875, 7.146815797866328e-22, nan 
97.375, 76.875, 4.694723079371811e-22, nan 
97.625, 76.875, 1.075446532247913e-21, nan 
97.875, 76.875, 1.3605660020245964e-21, nan 
98.125, 76.875, 1.4910256990661153e-21, nan 
98.375, 76.875, 1.0047674006983408e-21, nan 
98.625, 76.875, 1.419850898982395e-21, nan 
98.875, 76.875, 1.197341698078914e-21, nan 
99.125, 76.875, 1.6803820917133819e-21, nan 
99.375, 76.875, 2.5558811819800156e-21, nan 
99.625, 76.875, 2.2146118123143987e-21, nan 
99.875, 76.875, 2.3885363020533674e-21, nan 
100.125, 76.875, 1.7220680174558695e-21, nan 
100.375, 76.875, 1.6776195058224675e-21, nan 
100.625, 76.875, 2.6178034519188328e-21, nan 
100.875, 76.875, 2.0428088642284354e-21, nan 
101.125, 76.875, 2.174370557745034e-21, nan 
101.375, 76.875, 1.2940769437604735e-21, nan 
101.625, 76.875, 8.174060069875144e-22, nan 
101.875, 76.875, 4.170938845566765e-21, nan 
102.125, 76.875, 2.940059692309897e-21, nan 
102.375, 76.875, 1.9555374612270723e-21, nan 
102.625, 76.875, 2.05589596425556e-21, nan 
102.875, 76.875, 8.74701029817515e-22, nan 
103.125, 76.875, 2.4068155765586304e-21, nan 
103.375, 76.875, 2.1019081365775485e-21, nan 
103.625, 76.875, 1.527537152477355e-21, nan 
103.875, 76.875, 1.4923965666687284e-21, nan 
104.125, 76.875, 7.939894540008443e-22, nan 
104.375, 76.875, 1.1130947490657186e-21, nan 
104.625, 76.875, 9.404103553290576e-22, nan 
104.875, 76.875, 1.067903543980587e-21, nan 
105.125, 76.875, 1.08971434606409e-21, nan 
105.375, 76.875, 1.4110596999465412e-21, nan 
105.625, 76.875, 1.1420631074127938e-21, nan 
105.875, 76.875, 7.3269911320391e-22, nan 
106.125, 76.875, 9.937427376679435e-22, nan 
106.375, 76.875, 1.1070436099959222e-21, nan 
106.625, 76.875, 7.289353064718582e-22, nan 
106.875, 76.875, 7.383231890607354e-22, nan 
107.125, 76.875, 5.13880763136961e-22, nan 
107.375, 76.875, 5.19403075189853e-22, nan 
107.625, 76.875, 4.771553136305961e-22, nan 
107.875, 76.875, 5.186046276691285e-22, nan 
108.125, 76.875, 8.398200631513793e-22, nan 
108.375, 76.875, 9.182576305577295e-22, nan 
108.625, 76.875, 1.0308967679158721e-21, nan 
108.875, 76.875, 1.4519002818629555e-21, nan 
109.125, 76.875, 1.2185552362081997e-21, nan 
109.375, 76.875, 9.128986680894632e-22, nan 
109.625, 76.875, 6.410786277863003e-22, nan 
109.875, 76.875, 1.7458196937398918e-21, nan 
110.125, 76.875, 2.319994316930958e-21, nan 
110.375, 76.875, 2.7726309531604542e-21, nan 
110.625, 76.875, 1.814186234658856e-21, nan 
110.875, 76.875, 1.3221247894003613e-21, nan 
111.125, 76.875, 1.927252420051517e-21, nan 
111.375, 76.875, 1.6169764898239393e-21, nan 
111.625, 76.875, 2.0630354075549408e-21, nan 
111.875, 76.875, 1.7516642531104582e-21, nan 
112.125, 76.875, 2.0337248869263764e-21, nan 
112.375, 76.875, 1.945804728892927e-21, nan 
112.625, 76.875, 5.619743810838625e-22, nan 
112.875, 76.875, 4.992971245292034e-22, nan 
113.125, 76.875, 9.748962087671955e-22, nan 
113.375, 76.875, 3.2118408605958624e-21, nan 
113.625, 76.875, 2.491353876886272e-21, nan 
113.875, 76.875, 8.056335784535147e-22, nan 
114.125, 76.875, 6.692030050402712e-22, nan 
114.375, 76.875, 4.732072450578171e-21, nan 
114.625, 76.875, 4.265568128080787e-21, nan 
114.875, 76.875, 3.317183560417828e-21, nan 
115.125, 76.875, 1.8266128885077195e-21, nan 
115.375, 76.875, 1.674921329280162e-21, nan 
115.625, 76.875, 4.2356239542833865e-21, nan 
115.875, 76.875, 4.710928433892672e-21, nan 
116.125, 76.875, 3.7320415069791826e-21, nan 
116.375, 76.875, 2.1390156191092426e-21, nan 
116.625, 76.875, 9.750633831533495e-22, nan 
116.875, 76.875, 1.8594412968327236e-21, nan 
117.125, 76.875, 2.384938152265916e-21, nan 
117.375, 76.875, 1.7067587134224994e-21, nan 
117.625, 76.875, 1.2304840975771608e-21, nan 
117.875, 76.875, 1.743483062533136e-21, nan 
118.125, 76.875, 1.9729349691145532e-21, nan 
118.375, 76.875, 1.3937550930800737e-21, nan 
118.625, 76.875, 1.5434544547469814e-21, nan 
118.875, 76.875, 5.391179217114908e-22, nan 
119.125, 76.875, 7.274276111687095e-22, nan 
119.375, 76.875, 7.478924691993534e-22, nan 
119.625, 76.875, 1.0693729967266505e-21, nan 
119.875, 76.875, 1.1424858097889371e-21, nan 
120.125, 76.875, 6.946774697936707e-22, nan 
120.375, 76.875, 6.173284130360163e-22, nan 
120.625, 76.875, 5.201704361110497e-22, nan 
120.875, 76.875, 6.1207896548978605e-22, nan 
121.125, 76.875, 6.195000684018222e-22, nan 
121.375, 76.875, 5.19269968409964e-22, nan 
121.625, 76.875, 6.040782419585194e-22, nan 
121.875, 76.875, 4.45378321867997e-22, nan 
122.125, 76.875, 4.0146037142487006e-22, nan 
122.375, 76.875, 2.6873150137525166e-22, nan 
122.625, 76.875, 1.7231539400149293e-22, nan 
122.875, 76.875, 1.146018381942336e-22, nan 
123.125, 76.875, 1.5556393798325162e-22, nan 
123.375, 76.875, 1.7419577067487222e-22, nan 
123.625, 76.875, 1.69322244364427e-22, nan 
123.875, 76.875, 1.0533877165009175e-22, nan 
124.125, 76.875, 9.479821700288461e-23, nan 
124.375, 76.875, 4.708717543984785e-22, nan 
124.625, 76.875, 1.5696605421076527e-22, nan 
124.875, 76.875, 1.230619670553326e-22, nan 
125.125, 76.875, 1.6887809916547638e-22, nan 
125.375, 76.875, 2.446025383825522e-22, nan 
125.625, 76.875, 1.9154720576522862e-22, nan 
125.875, 76.875, 1.8291545086792866e-22, nan 
126.125, 76.875, 1.4331603338210023e-22, nan 
126.375, 76.875, 1.480908668944041e-22, nan 
126.625, 76.875, 2.0270160036317339e-22, nan 
126.875, 76.875, 2.1378513563142908e-22, nan 
127.125, 76.875, 2.513360943544521e-22, nan 
127.375, 76.875, 2.620803528095519e-22, nan 
127.625, 76.875, 2.6983115114672803e-22, nan 
127.875, 76.875, 2.5947411134179117e-22, nan 
128.125, 76.875, 2.3184656093580866e-22, nan 
128.375, 76.875, 2.065713284937076e-22, nan 
128.625, 76.875, 2.0709582786319018e-22, nan 
128.875, 76.875, 2.7086492244747924e-22, nan 
129.125, 76.875, 1.6536649535650233e-22, nan 
129.375, 76.875, 1.5100315003826094e-22, nan 
129.625, 76.875, 1.3345149388624386e-22, nan 
129.875, 76.875, 1.2076238916126908e-22, nan 
130.125, 76.875, 1.8765757646559004e-22, nan 
130.375, 76.875, 1.5523585334939937e-22, nan 
130.625, 76.875, 1.4258356665758288e-22, nan 
130.875, 76.875, 1.308559605784032e-22, nan 
131.125, 76.875, 1.0305661781328735e-22, nan 
131.375, 76.875, 1.0476739596752695e-22, nan 
131.625, 76.875, 8.762409871939031e-23, nan 
131.875, 76.875, 7.709104706389898e-23, nan 
132.125, 76.875, 5.729809631663069e-23, nan 
132.375, 76.875, 6.40174479117801e-23, nan 
132.625, 76.875, 4.1817238324354636e-23, nan 
132.875, 76.875, 2.745374333994424e-23, nan 
133.125, 76.875, 4.932352120114971e-23, nan 
133.375, 76.875, 6.901806199817322e-23, nan 
133.625, 76.875, 6.325256961975726e-23, nan 
133.875, 76.875, 5.680462258912832e-23, nan 
134.125, 76.875, 4.790883430335428e-23, nan 
134.375, 76.875, 9.341861580508417e-23, nan 
134.625, 76.875, 1.4750360791592927e-22, nan 
134.875, 76.875, 9.407773893390063e-23, nan 
135.125, 76.875, 1.0226208202430553e-22, nan 
135.375, 76.875, 5.45216341425378e-23, nan 
135.625, 76.875, 7.297755509846081e-23, nan 
135.875, 76.875, 8.135021545087866e-23, nan 
136.125, 76.875, 6.819149386525367e-23, nan 
136.375, 76.875, 8.045687263384737e-23, nan 
136.625, 76.875, 7.860898662951037e-23, nan 
136.875, 76.875, 8.193935161773885e-23, nan 
137.125, 76.875, 7.82408120189541e-23, nan 
137.375, 76.875, 7.672295445364431e-23, nan 
137.625, 76.875, 8.343603211850832e-23, nan 
137.875, 76.875, 5.2938317304140783e-23, nan 
138.125, 76.875, 4.9125442346112354e-23, nan 
138.375, 76.875, 5.699743876538183e-23, nan 
138.625, 76.875, 6.343374484033892e-23, nan 
138.875, 76.875, 6.77963724068313e-23, nan 
139.125, 76.875, 5.701402159824788e-23, nan 
139.375, 76.875, 5.591236972263658e-23, nan 
139.625, 76.875, 4.875133103677631e-23, nan 
139.875, 76.875, 6.689510247751078e-23, nan 
140.125, 76.875, 3.121056523760156e-23, nan 
140.375, 76.875, 2.842101526005374e-23, nan 
140.625, 76.875, 2.252363822537599e-23, nan 
140.875, 76.875, 2.6147989600541565e-23, nan 
141.125, 76.875, 2.4417520881394853e-23, nan 
141.375, 76.875, 2.68528170078228e-23, nan 
141.625, 76.875, 2.7600235750408745e-23, nan 
141.875, 76.875, 2.9030913577505856e-23, nan 
142.125, 76.875, 3.61764565167747e-23, nan 
142.375, 76.875, 3.218889789192453e-23, nan 
142.625, 76.875, 3.082841591386044e-23, nan 
142.875, 76.875, 2.9284950043002255e-23, nan 
143.125, 76.875, 3.523591750373626e-23, nan 
143.375, 76.875, 3.46123099382169e-23, nan 
143.625, 76.875, 3.032410129930678e-23, nan 
143.875, 76.875, 2.7875131397183524e-23, nan 
144.125, 76.875, 2.4241864750140107e-23, nan 
144.375, 76.875, 2.7572613122617997e-23, nan 
144.625, 76.875, 2.2132111208119302e-23, nan 
144.875, 76.875, 1.8909117018329827e-23, nan 
145.125, 76.875, 1.787736519592622e-23, nan 
145.375, 76.875, 1.7914747717956692e-23, nan 
145.625, 76.875, 2.0813702900245258e-23, nan 
145.875, 76.875, 2.138832871752832e-23, nan 
146.125, 76.875, 2.731884074011188e-23, nan 
146.375, 76.875, 2.878294482224571e-23, nan 
146.625, 76.875, 2.597208591660328e-23, nan 
146.875, 76.875, 1.3808143235456385e-23, nan 
147.125, 76.875, 1.901133304657451e-23, nan 
147.375, 76.875, 3.0471916807408215e-23, nan 
147.625, 76.875, 2.997173466948018e-23, nan 
147.875, 76.875, 2.3994969172670273e-23, nan 
148.125, 76.875, 1.0073500019109003e-23, nan 
148.375, 76.875, 1.83586968818959e-24, nan 
148.625, 76.875, 1.1763403245612789e-23, nan 
148.875, 76.875, 1.5465388071906666e-23, nan 
149.125, 76.875, 6.935628180705806e-24, nan 
149.375, 76.875, 8.378011310792275e-24, nan 
149.625, 76.875, 6.786665235574499e-24, nan 
149.875, 76.875, 8.266662338533783e-24, nan 
150.125, 76.875, 1.1174185797429718e-23, nan 
150.375, 76.875, 7.163033734593108e-24, nan 
150.625, 76.875, 5.997512737541016e-24, nan 
150.875, 76.875, 5.446384446927438e-24, nan 
151.125, 76.875, 8.062763391672056e-24, nan 
151.375, 76.875, 6.932254674761151e-24, nan 
151.625, 76.875, 8.601184965841052e-24, nan 
151.875, 76.875, 1.2966071945857205e-23, nan 
152.125, 76.875, 1.9469104671171293e-23, nan 
152.375, 76.875, 1.6421761727962474e-23, nan 
152.625, 76.875, 1.2143574038670805e-23, nan 
152.875, 76.875, 1.2607450945039553e-23, nan 
153.125, 76.875, 1.1446240856743264e-23, nan 
153.375, 76.875, 1.3259997642177095e-23, nan 
153.625, 76.875, 1.42121469468702e-23, nan 
153.875, 76.875, 1.139752438425223e-23, nan 
154.125, 76.875, 1.1689444123574832e-23, nan 
154.375, 76.875, 9.148670331973062e-24, nan 
154.625, 76.875, 7.812450878960366e-24, nan 
154.875, 76.875, 1.531526673959996e-23, nan 
155.125, 76.875, 1.3209012249854107e-23, nan 
155.375, 76.875, 1.2362440665985964e-23, nan 
155.625, 76.875, 1.0695530029698046e-23, nan 
155.875, 76.875, 9.020090024252716e-24, nan 
156.125, 76.875, 7.771731702127548e-24, nan 
156.375, 76.875, 1.218431281914075e-23, nan 
156.625, 76.875, 1.011288279725698e-23, nan 
156.875, 76.875, 4.603118270094971e-24, nan 
157.125, 76.875, 5.217091753698176e-24, nan 
157.375, 76.875, 5.828611299080609e-24, nan 
157.625, 76.875, 9.409069414742385e-24, nan 
157.875, 76.875, 1.1500977769562576e-23, nan 
158.125, 76.875, 1.2772842648443551e-23, nan 
158.375, 76.875, 1.442376880690434e-23, nan 
158.625, 76.875, 1.3288168704743793e-23, nan 
158.875, 76.875, 1.607862928466816e-23, nan 
159.125, 76.875, 1.2984852649656383e-23, nan 
159.375, 76.875, 1.0455907434619247e-23, nan 
159.625, 76.875, 7.690947345787984e-24, nan 
159.875, 76.875, 9.829385268998432e-24, nan 
160.125, 76.875, 1.3136456004091371e-23, nan 
160.375, 76.875, 1.760931218215923e-23, nan 
160.625, 76.875, 1.2249827379920966e-23, nan 
160.875, 76.875, 1.125980680192854e-23, nan 
161.125, 76.875, 8.871517338266197e-24, nan 
161.375, 76.875, 1.521596757693277e-23, nan 
161.625, 76.875, 3.090253301780087e-23, nan 
161.875, 76.875, 3.4986907938190064e-23, nan 
162.125, 76.875, 3.160832676047085e-23, nan 
162.375, 76.875, 2.1885945720211413e-23, nan 
162.625, 76.875, 2.1011837981389756e-23, nan 
162.875, 76.875, 1.572980921164787e-23, nan 
163.125, 76.875, 1.666677565347645e-23, nan 
163.375, 76.875, 7.09884561341848e-24, nan 
163.625, 76.875, 1.6681378714184892e-23, nan 
163.875, 76.875, 1.9159671997144478e-23, nan 
164.125, 76.875, 1.7684085801101566e-23, nan 
164.375, 76.875, 1.967466336527184e-23, nan 
164.625, 76.875, 2.696641107713376e-23, nan 
164.875, 76.875, 2.5339606119638512e-23, nan 
165.125, 76.875, 3.730263027720266e-23, nan 
165.375, 76.875, 2.5676707737627898e-23, nan 
165.625, 76.875, 2.9560185782925566e-23, nan 
165.875, 76.875, 2.912900700318965e-23, nan 
166.125, 76.875, 2.390511337392564e-23, nan 
166.375, 76.875, 3.414358572261162e-23, nan 
166.625, 76.875, 3.4947004233076396e-23, nan 
166.875, 76.875, 3.07998263385411e-23, nan 
167.125, 76.875, 3.3481876169784527e-23, nan 
167.375, 76.875, 2.974862725100638e-23, nan 
167.625, 76.875, 1.7688874759764436e-23, nan 
167.875, 76.875, 1.488506622423671e-23, nan 
168.125, 76.875, 1.592907568163337e-23, nan 
168.375, 76.875, 1.6353393092683076e-23, nan 
168.625, 76.875, 2.0239747287979878e-23, nan 
168.875, 76.875, 1.7322861159277377e-23, nan 
169.125, 76.875, 2.042427373951446e-23, nan 
169.375, 76.875, 1.3274061048572146e-23, nan 
169.625, 76.875, 9.801504447815706e-24, nan 
169.875, 76.875, 1.351123455122948e-23, nan 
170.125, 76.875, 1.1969871046522327e-23, nan 
170.375, 76.875, 1.2893208026600627e-23, nan 
170.625, 76.875, 8.998751679952128e-24, nan 
170.875, 76.875, 7.8372146970364e-24, nan 
171.125, 76.875, 6.2551108621046075e-24, nan 
171.375, 76.875, 6.080392159924164e-24, nan 
171.625, 76.875, 5.011300652795124e-24, nan 
171.875, 76.875, 3.9109049391211635e-24, nan 
172.125, 76.875, 2.540457675389097e-24, nan 
172.375, 76.875, 2.4023329562548528e-24, nan 
172.625, 76.875, 2.759309880517514e-24, nan 
172.875, 76.875, 3.954177890153627e-24, nan 
173.125, 76.875, 2.806829514055583e-24, nan 
173.375, 76.875, 2.0217065869656787e-24, nan 
173.625, 76.875, 2.5932492933567893e-24, nan 
173.875, 76.875, 3.2100506471033585e-24, nan 
174.125, 76.875, 1.8274066859180495e-24, nan 
174.375, 76.875, 2.2864520538575906e-24, nan 
174.625, 76.875, 1.5263571766192704e-24, nan 
174.875, 76.875, 2.4905790533082655e-24, nan 
175.125, 76.875, 3.358320979564292e-24, nan 
175.375, 76.875, 1.9040501171566087e-24, nan 
175.625, 76.875, 2.75897892584608e-24, nan 
175.875, 76.875, 1.5067745026492567e-24, nan 
176.125, 76.875, 1.5925355100903939e-24, nan 
176.375, 76.875, 2.5702321875108456e-24, nan 
176.625, 76.875, 2.5724131733941964e-24, nan 
176.875, 76.875, 3.4649275020985586e-24, nan 
177.125, 76.875, 3.163725726039756e-24, nan 
177.375, 76.875, 2.047603433600996e-24, nan 
177.625, 76.875, 2.222844666155471e-24, nan 
177.875, 76.875, 3.403617328243332e-24, nan 
178.125, 76.875, 3.553519628392338e-24, nan 
178.375, 76.875, 3.953669718640807e-24, nan 
178.625, 76.875, 2.895235465070622e-24, nan 
178.875, 76.875, 1.3390243098906924e-24, nan 
179.125, 76.875, 2.5109053541956026e-24, nan 
179.375, 76.875, 3.569916640680089e-24, nan 
179.625, 76.875, 3.139903930068383e-24, nan 
179.875, 76.875, 4.314222475580757e-24, nan 
-179.875, 77.125, 4.694793159384108e-24, nan 
-179.625, 77.125, 3.1412464906088086e-24, nan 
-179.375, 77.125, 3.242755010005241e-24, nan 
-179.125, 77.125, 4.827843680917379e-24, nan 
-178.875, 77.125, 6.2794551849857456e-24, nan 
21.625, 77.125, 7.754264463746669e-25, nan 
21.875, 77.125, 7.689556578804404e-25, nan 
22.125, 77.125, 1.0355567737970905e-24, nan 
22.375, 77.125, 4.598956035706294e-25, nan 
22.625, 77.125, 1.4376053792831983e-24, nan 
22.875, 77.125, 1.3393778381087969e-24, nan 
23.125, 77.125, 1.3180312334002681e-24, nan 
23.375, 77.125, 1.6111431362862864e-24, nan 
23.625, 77.125, 8.898171111872434e-25, nan 
23.875, 77.125, 2.0442330091779637e-24, nan 
24.125, 77.125, 1.4963948743719074e-24, nan 
24.375, 77.125, 2.296600706018421e-24, nan 
24.625, 77.125, 1.9735254904212715e-24, nan 
24.875, 77.125, 1.4190665586316866e-24, nan 
25.125, 77.125, 1.678237530126827e-24, nan 
25.375, 77.125, 3.896731983863631e-24, nan 
25.625, 77.125, 3.464314128716998e-24, nan 
25.875, 77.125, 3.2622528399525135e-24, nan 
26.125, 77.125, 5.415496087574859e-24, nan 
26.375, 77.125, 6.746951750503473e-24, nan 
26.625, 77.125, 1.7397887749856876e-23, nan 
26.875, 77.125, 4.233865597418887e-24, nan 
27.125, 77.125, 3.5611247048318044e-24, nan 
27.375, 77.125, 2.7323759619366832e-24, nan 
27.625, 77.125, 3.666930284025737e-24, nan 
27.875, 77.125, 5.435605455667698e-24, nan 
28.125, 77.125, 2.4519231867177963e-24, nan 
28.375, 77.125, 2.043912034010346e-24, nan 
28.625, 77.125, 1.667631218426192e-24, nan 
28.875, 77.125, 2.3213498714587387e-24, nan 
29.125, 77.125, 2.1002310870389958e-24, nan 
29.375, 77.125, 1.681312853236509e-24, nan 
29.625, 77.125, 2.8860162242669024e-24, nan 
29.875, 77.125, 1.7972403888742117e-24, nan 
30.125, 77.125, 1.204693455527645e-24, nan 
30.375, 77.125, 5.051535413048052e-25, nan 
30.625, 77.125, 1.834233525269522e-24, nan 
30.875, 77.125, 2.0455687648576294e-24, nan 
31.125, 77.125, 1.770810443034496e-24, nan 
31.375, 77.125, 1.3295104437694567e-24, nan 
31.625, 77.125, 8.990061101360076e-25, nan 
31.875, 77.125, 1.9850714977621554e-24, nan 
32.125, 77.125, 3.3169536761369704e-24, nan 
32.375, 77.125, 2.978182504636747e-24, nan 
32.625, 77.125, 2.794492063045906e-24, nan 
32.875, 77.125, 6.922502678044015e-25, nan 
33.125, 77.125, 1.2914018990889823e-24, nan 
33.375, 77.125, 1.7675946406976434e-24, nan 
33.625, 77.125, 4.107941291835853e-24, nan 
33.875, 77.125, 3.491392155186242e-24, nan 
34.125, 77.125, 1.1114723991524724e-24, nan 
34.375, 77.125, 1.1467360095482147e-24, nan 
34.625, 77.125, 1.7590509365707213e-24, nan 
34.875, 77.125, 2.5497762262302747e-24, nan 
35.125, 77.125, 1.8404744036770016e-24, nan 
35.375, 77.125, 1.4068856379617175e-24, nan 
35.625, 77.125, 6.286392515302894e-25, nan 
35.875, 77.125, 2.2079835122366007e-24, nan 
36.125, 77.125, 9.35416981625002e-25, nan 
36.375, 77.125, 1.0213095638248583e-24, nan 
36.625, 77.125, 1.5481859489243306e-24, nan 
36.875, 77.125, 1.4571081990776147e-24, nan 
37.125, 77.125, 2.3315968492004833e-24, nan 
37.375, 77.125, 2.1176525077006642e-24, nan 
37.625, 77.125, 1.848206333773689e-24, nan 
37.875, 77.125, 1.817340659058499e-24, nan 
38.125, 77.125, 1.857190236785328e-24, nan 
38.375, 77.125, 2.8896290740416716e-24, nan 
38.625, 77.125, 2.3399601767099538e-24, nan 
38.875, 77.125, 1.984795675140967e-24, nan 
39.125, 77.125, 1.9283435875185018e-24, nan 
39.375, 77.125, 2.398038381961766e-24, nan 
39.625, 77.125, 3.2852745653558045e-24, nan 
39.875, 77.125, 1.481708482777654e-24, nan 
40.125, 77.125, 1.799848537248471e-24, nan 
40.375, 77.125, 1.9600748113179415e-24, nan 
40.625, 77.125, 2.272952959116666e-24, nan 
40.875, 77.125, 2.9259062347843053e-24, nan 
41.125, 77.125, 3.2538399983059766e-24, nan 
41.375, 77.125, 1.8201070640140148e-24, nan 
41.625, 77.125, 2.1031086004892934e-24, nan 
41.875, 77.125, 2.421118186294546e-24, nan 
42.125, 77.125, 3.569421945036781e-24, nan 
42.375, 77.125, 3.941223451682301e-24, nan 
42.625, 77.125, 1.891617893850888e-24, nan 
42.875, 77.125, 1.5596252111712105e-24, nan 
43.125, 77.125, 1.1237551361307543e-24, nan 
43.375, 77.125, 1.8990388604652072e-24, nan 
43.625, 77.125, 2.2828050702082807e-24, nan 
43.875, 77.125, 2.9712998380239907e-24, nan 
44.125, 77.125, 3.352720980809129e-24, nan 
44.375, 77.125, 3.543033598135206e-24, nan 
44.625, 77.125, 3.2361220275457453e-24, nan 
44.875, 77.125, 4.555283942992219e-24, nan 
45.125, 77.125, 4.201352901074416e-24, nan 
45.375, 77.125, 3.985502936029223e-24, nan 
45.625, 77.125, 6.2204095959175726e-24, nan 
45.875, 77.125, 7.060209647680326e-24, nan 
46.125, 77.125, 1.1564282719242616e-23, nan 
46.375, 77.125, 1.1596210521287627e-23, nan 
46.625, 77.125, 1.8232908086222416e-23, nan 
46.875, 77.125, 9.18686999474248e-24, nan 
47.125, 77.125, 8.418549646299513e-24, nan 
47.375, 77.125, 8.812072363031082e-24, nan 
47.625, 77.125, 1.4095925725922139e-23, nan 
47.875, 77.125, 1.1081675950427465e-23, nan 
48.125, 77.125, 4.707943551985447e-24, nan 
48.375, 77.125, 3.589907425166204e-24, nan 
48.625, 77.125, 4.827780543889056e-24, nan 
48.875, 77.125, 7.984101060511078e-24, nan 
49.125, 77.125, 5.81721464129405e-24, nan 
49.375, 77.125, 3.474978488387255e-24, nan 
49.625, 77.125, 3.9178767420818726e-24, nan 
49.875, 77.125, 4.9846837393744906e-24, nan 
50.125, 77.125, 3.939112968508459e-24, nan 
50.375, 77.125, 4.627546964762421e-24, nan 
50.625, 77.125, 3.4972636332681126e-24, nan 
50.875, 77.125, 7.849618958532e-24, nan 
51.125, 77.125, 1.3640238062584819e-23, nan 
51.375, 77.125, 9.6415545144225e-24, nan 
51.625, 77.125, 1.3437148551891355e-23, nan 
51.875, 77.125, 1.0358994629353773e-23, nan 
52.125, 77.125, 5.72494043983469e-24, nan 
52.375, 77.125, 1.83368084349129e-23, nan 
52.625, 77.125, 2.0739036230847962e-23, nan 
52.875, 77.125, 1.360941563171389e-23, nan 
53.125, 77.125, 6.606707077675546e-24, nan 
53.375, 77.125, 4.5993311500848336e-24, nan 
53.625, 77.125, 9.66215990514779e-24, nan 
53.875, 77.125, 1.3086270877252797e-23, nan 
54.125, 77.125, 1.0944008140359092e-23, nan 
54.375, 77.125, 2.069528257896248e-23, nan 
54.625, 77.125, 1.0282621461891673e-23, nan 
54.875, 77.125, 5.913149096013295e-24, nan 
55.125, 77.125, 7.030783558922962e-24, nan 
55.375, 77.125, 1.0382896381010869e-23, nan 
55.625, 77.125, 2.002950309954665e-23, nan 
55.875, 77.125, 6.724172848253593e-24, nan 
56.125, 77.125, 1.0877225170567651e-23, nan 
56.375, 77.125, 2.2021471461678284e-23, nan 
56.625, 77.125, 3.090341521835456e-23, nan 
56.875, 77.125, 4.132448282878436e-23, nan 
57.125, 77.125, 3.8538457663662125e-23, nan 
57.375, 77.125, 3.5531043056866666e-23, nan 
57.625, 77.125, 4.05417025551045e-23, nan 
57.875, 77.125, 4.751904358455282e-23, nan 
58.125, 77.125, 5.31508889482659e-23, nan 
58.375, 77.125, 4.448648388261869e-23, nan 
58.625, 77.125, 3.4300540029418384e-23, nan 
58.875, 77.125, 2.3817201764756108e-23, nan 
59.125, 77.125, 6.996072103330308e-24, nan 
59.375, 77.125, 1.6463499081980162e-23, nan 
59.625, 77.125, 2.4177360287654732e-23, nan 
59.875, 77.125, 4.8065346956336795e-23, nan 
60.125, 77.125, 3.5070775108833245e-23, nan 
60.375, 77.125, 3.751485744417241e-23, nan 
60.625, 77.125, 3.2905438594117345e-23, nan 
60.875, 77.125, 2.978641791507425e-23, nan 
61.125, 77.125, 4.4139511414628944e-23, nan 
61.375, 77.125, 3.606479297923286e-23, nan 
61.625, 77.125, 2.8034873083495585e-23, nan 
61.875, 77.125, 2.0633774431816024e-23, nan 
62.125, 77.125, 2.416940120229479e-23, nan 
62.375, 77.125, 1.8563502058951133e-23, nan 
62.625, 77.125, 7.891597894155783e-24, nan 
62.875, 77.125, 1.6961567035834756e-23, nan 
63.125, 77.125, 1.451781852555992e-23, nan 
63.375, 77.125, 2.477259165526158e-23, nan 
63.625, 77.125, 3.9371395948656984e-23, nan 
63.875, 77.125, 3.959250071543997e-23, nan 
64.125, 77.125, 5.1292275301558e-23, nan 
64.375, 77.125, 7.647764589380861e-24, nan 
64.625, 77.125, 1.966346396656898e-23, nan 
64.875, 77.125, 2.0364209019855312e-23, nan 
65.125, 77.125, 3.034562701940792e-23, nan 
65.375, 77.125, 3.226973910869241e-23, nan 
65.625, 77.125, 2.5176473737835057e-23, nan 
65.875, 77.125, 1.394939309735594e-23, nan 
66.125, 77.125, 2.5025140589091048e-23, nan 
66.375, 77.125, 2.6386036571075355e-23, nan 
66.625, 77.125, 1.4733445328531813e-23, nan 
66.875, 77.125, 2.3829101935956533e-23, nan 
67.125, 77.125, 7.27745500302554e-24, nan 
67.375, 77.125, 5.289613669819653e-24, nan 
67.625, 77.125, 1.6122698004987485e-23, nan 
67.875, 77.125, 2.405572249415709e-23, nan 
68.125, 77.125, 2.6042391054054642e-23, nan 
68.375, 77.125, 3.340498213020099e-23, nan 
68.625, 77.125, 3.7629351184033554e-23, nan 
68.875, 77.125, 3.09092594722845e-23, nan 
69.125, 77.125, 4.8683113326588814e-23, nan 
69.375, 77.125, 3.051446480538194e-23, nan 
69.625, 77.125, 3.2149799930743013e-23, nan 
69.875, 77.125, 3.7035865026700806e-23, nan 
70.125, 77.125, 4.0532852529453246e-23, nan 
70.375, 77.125, 5.1498157850190855e-23, nan 
70.625, 77.125, 7.33151047328412e-23, nan 
70.875, 77.125, 2.0345214039447236e-23, nan 
71.125, 77.125, 7.708449466090322e-23, nan 
71.375, 77.125, 9.014451158612324e-23, nan 
71.625, 77.125, 1.074820829169382e-22, nan 
71.875, 77.125, 1.2332294853887234e-22, nan 
72.125, 77.125, 1.0203628737066218e-22, nan 
72.375, 77.125, 1.137664546170371e-22, nan 
72.625, 77.125, 9.453357294427838e-23, nan 
72.875, 77.125, 9.113970301432731e-23, nan 
73.125, 77.125, 9.644637990903414e-23, nan 
73.375, 77.125, 6.218055540728103e-23, nan 
73.625, 77.125, 4.536114766317962e-23, nan 
73.875, 77.125, 3.3100422035884346e-23, nan 
74.125, 77.125, 4.821010087572784e-23, nan 
74.375, 77.125, 3.9970969698510756e-23, nan 
74.625, 77.125, 4.845914257358199e-23, nan 
74.875, 77.125, 5.111258721369803e-23, nan 
75.125, 77.125, 6.735454954680878e-23, nan 
75.375, 77.125, 8.528783265640801e-23, nan 
75.625, 77.125, 5.26180017094666e-23, nan 
75.875, 77.125, 6.622833914281771e-23, nan 
76.125, 77.125, 8.657481980734457e-23, nan 
76.375, 77.125, 7.984764594670312e-23, nan 
76.625, 77.125, 9.32726755553218e-23, nan 
76.875, 77.125, 8.913633463770026e-23, nan 
77.125, 77.125, 1.4303391326281515e-22, nan 
77.375, 77.125, 1.294486410285264e-22, nan 
77.625, 77.125, 1.4176178826538307e-22, nan 
77.875, 77.125, 1.227742689744989e-22, nan 
78.125, 77.125, 9.700958147167778e-23, nan 
78.375, 77.125, 1.896672320390287e-22, nan 
78.625, 77.125, 1.8511628993794035e-22, nan 
78.875, 77.125, 2.1176741804124484e-22, nan 
79.125, 77.125, 1.580228647712014e-22, nan 
79.375, 77.125, 1.5588826530760152e-22, nan 
79.625, 77.125, 1.272296179938147e-22, nan 
79.875, 77.125, 2.1097798918517763e-22, nan 
80.125, 77.125, 1.5619998589161713e-22, nan 
80.375, 77.125, 1.3870527566398623e-22, nan 
80.625, 77.125, 7.709149545376879e-23, nan 
80.875, 77.125, 1.4619049409662962e-22, nan 
81.125, 77.125, 1.0705548569648365e-22, nan 
81.375, 77.125, 1.5204826512863475e-22, nan 
81.625, 77.125, 2.440767081951711e-22, nan 
81.875, 77.125, 1.9413598833745548e-22, nan 
82.125, 77.125, 3.401739953952269e-22, nan 
82.375, 77.125, 2.583007358916733e-22, nan 
82.625, 77.125, 3.8338543476861897e-22, nan 
82.875, 77.125, 3.3470194028549167e-22, nan 
83.125, 77.125, 3.989730133097398e-22, nan 
83.375, 77.125, 5.37125777602201e-22, nan 
83.625, 77.125, 6.466353131461665e-22, nan 
83.875, 77.125, 7.670635422167945e-22, nan 
84.125, 77.125, 6.370390920984032e-22, nan 
84.375, 77.125, 6.371046483346194e-22, nan 
84.625, 77.125, 7.6091427228128455e-22, nan 
84.875, 77.125, 8.639297298309169e-22, nan 
85.125, 77.125, 9.123266539449309e-22, nan 
85.375, 77.125, 8.239806378520287e-22, nan 
85.625, 77.125, 9.334362048791057e-22, nan 
85.875, 77.125, 1.0679317351786384e-21, nan 
86.125, 77.125, 1.2585335420748809e-21, nan 
86.375, 77.125, 1.9506507288120657e-21, nan 
86.625, 77.125, 4.9637217350432926e-21, nan 
86.875, 77.125, 5.220849932504946e-21, nan 
87.125, 77.125, 2.7864856660146164e-21, nan 
87.375, 77.125, 1.288375567728883e-21, nan 
87.625, 77.125, 4.474964459528713e-21, nan 
87.875, 77.125, 9.800074043704227e-21, nan 
88.125, 77.125, 9.91352372099936e-21, nan 
88.375, 77.125, 1.2397108919408238e-20, nan 
88.625, 77.125, 3.411461242438087e-21, nan 
88.875, 77.125, 3.5138078929789546e-21, nan 
89.125, 77.125, 2.3536421977548554e-21, nan 
89.375, 77.125, 3.60684102259912e-21, nan 
89.625, 77.125, 8.325619070029365e-21, nan 
89.875, 77.125, 3.325851757175571e-21, nan 
90.125, 77.125, 6.981609309314121e-21, nan 
90.375, 77.125, 7.036838531573756e-21, nan 
90.625, 77.125, 3.3417502561679847e-21, nan 
90.875, 77.125, 3.824108660661284e-21, nan 
91.125, 77.125, 3.484333110068144e-21, nan 
91.375, 77.125, 5.7172483405380986e-21, nan 
91.625, 77.125, 4.808463933313159e-21, nan 
91.875, 77.125, 4.538871600149969e-21, nan 
92.125, 77.125, 3.0938734564058197e-21, nan 
92.375, 77.125, 1.1269758862285234e-21, nan 
92.625, 77.125, 1.689303564272317e-21, nan 
92.875, 77.125, 2.9078037757477562e-21, nan 
93.125, 77.125, 3.3146687333178876e-21, nan 
93.375, 77.125, 2.0328923007664152e-21, nan 
93.625, 77.125, 7.927567509335773e-22, nan 
93.875, 77.125, 5.984710385650552e-22, nan 
94.125, 77.125, 3.9413056574882765e-22, nan 
94.375, 77.125, 3.14770509462771e-22, nan 
94.625, 77.125, 3.7588916477156474e-22, nan 
94.875, 77.125, 4.9800697833978825e-22, nan 
95.125, 77.125, 1.0256427617655912e-21, nan 
95.375, 77.125, 8.413834645495656e-22, nan 
95.625, 77.125, 9.800342337607047e-22, nan 
95.875, 77.125, 9.966534010977102e-22, nan 
96.125, 77.125, 1.1647403399323107e-21, nan 
96.375, 77.125, 8.77434421824647e-22, nan 
96.625, 77.125, 9.791551142140646e-22, nan 
96.875, 77.125, 1.4292292508283107e-21, nan 
97.125, 77.125, 1.3622244193935785e-21, nan 
97.375, 77.125, 1.3279834153228478e-21, nan 
97.625, 77.125, 1.5458139752121686e-21, nan 
97.875, 77.125, 1.2233157175054072e-21, nan 
98.125, 77.125, 1.3807619520887786e-21, nan 
98.375, 77.125, 9.452543476821468e-22, nan 
98.625, 77.125, 1.6914480539134077e-21, nan 
98.875, 77.125, 6.523609246727234e-22, nan 
99.125, 77.125, 6.266266812370513e-22, nan 
99.375, 77.125, 9.875101818279251e-22, nan 
99.625, 77.125, 1.2276312614684106e-21, nan 
99.875, 77.125, 1.2574502419136091e-21, nan 
100.125, 77.125, 9.869032761970246e-22, nan 
100.375, 77.125, 9.44632394503841e-22, nan 
100.625, 77.125, 1.5910150496132596e-21, nan 
100.875, 77.125, 1.5984049778006267e-21, nan 
101.125, 77.125, 2.000456815031781e-21, nan 
101.375, 77.125, 1.510231601182468e-21, nan 
101.625, 77.125, 2.1501711325817578e-21, nan 
101.875, 77.125, 2.2556681199404104e-21, nan 
102.125, 77.125, 1.923549286505499e-21, nan 
102.375, 77.125, 1.2338119390876585e-21, nan 
102.625, 77.125, 9.127544965301763e-22, nan 
102.875, 77.125, 5.016333342195585e-22, nan 
103.125, 77.125, 7.091651000205199e-22, nan 
103.375, 77.125, 2.2031251405516716e-21, nan 
103.625, 77.125, 1.5889635307566937e-21, nan 
103.875, 77.125, 9.157741683829388e-22, nan 
104.125, 77.125, 1.0822739507122048e-21, nan 
104.375, 77.125, 5.581486590898505e-22, nan 
104.625, 77.125, 9.47308551321407e-22, nan 
104.875, 77.125, 1.1645118453535499e-21, nan 
105.125, 77.125, 1.2175184801970468e-21, nan 
105.375, 77.125, 1.3352455926766913e-21, nan 
105.625, 77.125, 5.468737404030952e-22, nan 
105.875, 77.125, 5.531818200922902e-22, nan 
106.125, 77.125, 1.1396071465762326e-21, nan 
106.375, 77.125, 1.6429339355112121e-21, nan 
106.625, 77.125, 1.2632380573539383e-21, nan 
106.875, 77.125, 1.091068494992425e-21, nan 
107.125, 77.125, 4.549941171761325e-22, nan 
107.375, 77.125, 6.427978732129517e-22, nan 
107.625, 77.125, 7.818083773974039e-22, nan 
107.875, 77.125, 5.967205598910613e-22, nan 
108.125, 77.125, 8.383286377283895e-22, nan 
108.375, 77.125, 1.2860655702476696e-21, nan 
108.625, 77.125, 1.2633939879452738e-21, nan 
108.875, 77.125, 8.026583556259249e-22, nan 
109.125, 77.125, 4.880886874437252e-22, nan 
109.375, 77.125, 9.285984131935625e-22, nan 
109.625, 77.125, 1.4192577019333157e-21, nan 
109.875, 77.125, 1.6019952572853309e-21, nan 
110.125, 77.125, 1.3111651009304446e-21, nan 
110.375, 77.125, 1.7551561015438158e-21, nan 
110.625, 77.125, 9.083816532172305e-22, nan 
110.875, 77.125, 1.7824432298989693e-21, nan 
111.125, 77.125, 2.032865248837822e-21, nan 
111.375, 77.125, 1.2801782810520617e-21, nan 
111.625, 77.125, 1.67818023441718e-21, nan 
111.875, 77.125, 1.4903647905992646e-21, nan 
112.125, 77.125, 1.4465417084230645e-21, nan 
112.375, 77.125, 2.0208071359229858e-21, nan 
112.625, 77.125, 9.125347514673258e-22, nan 
112.875, 77.125, 8.739316781127566e-22, nan 
113.125, 77.125, 1.3945647616022767e-21, nan 
113.375, 77.125, 2.336079579179873e-21, nan 
113.625, 77.125, 2.114697734231796e-21, nan 
113.875, 77.125, 8.234676905710555e-22, nan 
114.125, 77.125, 1.3666943157682723e-21, nan 
114.375, 77.125, 1.204303324743607e-21, nan 
114.625, 77.125, 1.7931891261360508e-21, nan 
114.875, 77.125, 1.3290979623040778e-21, nan 
115.125, 77.125, 1.0336556367957438e-21, nan 
115.375, 77.125, 2.020785536589227e-21, nan 
115.625, 77.125, 2.082187038306725e-21, nan 
115.875, 77.125, 2.5802520044565084e-21, nan 
116.125, 77.125, 2.170489835871501e-21, nan 
116.375, 77.125, 1.3940546924477868e-21, nan 
116.625, 77.125, 1.3483505980069993e-21, nan 
116.875, 77.125, 1.4654072101533807e-21, nan 
117.125, 77.125, 1.5571298239470534e-21, nan 
117.375, 77.125, 6.926198444541002e-22, nan 
117.625, 77.125, 1.2908522960161208e-21, nan 
117.875, 77.125, 2.12295185444679e-21, nan 
118.125, 77.125, 2.306504573270098e-21, nan 
118.375, 77.125, 1.531637321441508e-21, nan 
118.625, 77.125, 1.3042040240737789e-21, nan 
118.875, 77.125, 1.757398883879113e-21, nan 
119.125, 77.125, 2.059157449791457e-21, nan 
119.375, 77.125, 2.101593438481213e-21, nan 
119.625, 77.125, 9.481151707300873e-22, nan 
119.875, 77.125, 4.976130562557534e-22, nan 
120.125, 77.125, 5.430991493571862e-22, nan 
120.375, 77.125, 9.898027413139263e-22, nan 
120.625, 77.125, 7.705396035443881e-22, nan 
120.875, 77.125, 6.001886389011077e-22, nan 
121.125, 77.125, 6.476418803865822e-22, nan 
121.375, 77.125, 6.899860662907835e-22, nan 
121.625, 77.125, 7.525875233993102e-22, nan 
121.875, 77.125, 6.918032251539215e-22, nan 
122.125, 77.125, 5.177122699332959e-22, nan 
122.375, 77.125, 3.212578321993926e-22, nan 
122.625, 77.125, 2.3535649378451824e-22, nan 
122.875, 77.125, 2.610788685617198e-22, nan 
123.125, 77.125, 5.493574648116499e-22, nan 
123.375, 77.125, 2.392411466107062e-22, nan 
123.625, 77.125, 2.1512747525740014e-22, nan 
123.875, 77.125, 4.775587845459936e-22, nan 
124.125, 77.125, 5.915976024376284e-22, nan 
124.375, 77.125, 7.358126724679216e-22, nan 
124.625, 77.125, 4.594954201751521e-22, nan 
124.875, 77.125, 2.892964085386353e-22, nan 
125.125, 77.125, 2.1114971947939125e-22, nan 
125.375, 77.125, 2.0257294790492366e-22, nan 
125.625, 77.125, 3.775096307214798e-22, nan 
125.875, 77.125, 2.4552233179704434e-22, nan 
126.125, 77.125, 2.9783255909880353e-22, nan 
126.375, 77.125, 2.7334011562762767e-22, nan 
126.625, 77.125, 2.255560028844373e-22, nan 
126.875, 77.125, 2.1113759096596727e-22, nan 
127.125, 77.125, 2.5309974358870014e-22, nan 
127.375, 77.125, 2.9635279197295945e-22, nan 
127.625, 77.125, 2.4339925517268254e-22, nan 
127.875, 77.125, 1.8821354983823245e-22, nan 
128.125, 77.125, 1.5894747176685753e-22, nan 
128.375, 77.125, 1.4314448164041494e-22, nan 
128.625, 77.125, 1.2688522731438594e-22, nan 
128.875, 77.125, 1.0108137065388005e-22, nan 
129.125, 77.125, 8.355648829940939e-23, nan 
129.375, 77.125, 7.310187898786803e-23, nan 
129.625, 77.125, 1.2709264203085493e-22, nan 
129.875, 77.125, 1.4219134459832096e-22, nan 
130.125, 77.125, 1.6838151701583345e-22, nan 
130.375, 77.125, 1.2731649224238837e-22, nan 
130.625, 77.125, 1.0290263885077938e-22, nan 
130.875, 77.125, 1.0155845958269758e-22, nan 
131.125, 77.125, 9.572916144334826e-23, nan 
131.375, 77.125, 5.549221052001715e-23, nan 
131.625, 77.125, 5.353316170461263e-23, nan 
131.875, 77.125, 4.681332704188062e-23, nan 
132.125, 77.125, 4.64555289125365e-23, nan 
132.375, 77.125, 6.486333594804372e-23, nan 
132.625, 77.125, 5.595707867013402e-23, nan 
132.875, 77.125, 2.864469283140821e-23, nan 
133.125, 77.125, 3.0966371923509657e-23, nan 
133.375, 77.125, 5.243997692998957e-23, nan 
133.625, 77.125, 5.789060885158446e-23, nan 
133.875, 77.125, 6.714833020370052e-23, nan 
134.125, 77.125, 8.306128297980884e-23, nan 
134.375, 77.125, 9.745049696417852e-23, nan 
134.625, 77.125, 1.1299976957106411e-22, nan 
134.875, 77.125, 8.278415895579462e-23, nan 
135.125, 77.125, 8.87357811393587e-23, nan 
135.375, 77.125, 7.006718650749639e-23, nan 
135.625, 77.125, 7.651866004991314e-23, nan 
135.875, 77.125, 6.4972443826704e-23, nan 
136.125, 77.125, 6.020503582299711e-23, nan 
136.375, 77.125, 7.232801174460791e-23, nan 
136.625, 77.125, 7.815182276013373e-23, nan 
136.875, 77.125, 8.475396075760231e-23, nan 
137.125, 77.125, 8.234327306070413e-23, nan 
137.375, 77.125, 7.350660811526156e-23, nan 
137.625, 77.125, 8.417767677146103e-23, nan 
137.875, 77.125, 4.719404842834398e-23, nan 
138.125, 77.125, 5.827627097327429e-23, nan 
138.375, 77.125, 5.900549280982574e-23, nan 
138.625, 77.125, 5.503162958900676e-23, nan 
138.875, 77.125, 4.3689969525029154e-23, nan 
139.125, 77.125, 4.9966957167735883e-23, nan 
139.375, 77.125, 6.07493253270686e-23, nan 
139.625, 77.125, 7.094702002403872e-23, nan 
139.875, 77.125, 1.070939451495855e-22, nan 
140.125, 77.125, 4.4650405182674034e-23, nan 
140.375, 77.125, 9.403336924185211e-23, nan 
140.625, 77.125, 4.430931794516801e-23, nan 
140.875, 77.125, 5.2808638286940034e-23, nan 
141.125, 77.125, 7.386212191644437e-23, nan 
141.375, 77.125, 4.1869941494487347e-23, nan 
141.625, 77.125, 4.581943503763267e-23, nan 
141.875, 77.125, 4.316361785564965e-23, nan 
142.125, 77.125, 3.862154560719528e-23, nan 
142.375, 77.125, 3.506928481556556e-23, nan 
142.625, 77.125, 2.6251512646768394e-23, nan 
142.875, 77.125, 3.4580044470595714e-23, nan 
143.125, 77.125, 3.752838004339343e-23, nan 
143.375, 77.125, 3.1869997223163276e-23, nan 
143.625, 77.125, 3.141541072749089e-23, nan 
143.875, 77.125, 2.886214907911892e-23, nan 
144.125, 77.125, 2.7472611031157776e-23, nan 
144.375, 77.125, 2.2394960670175922e-23, nan 
144.625, 77.125, 1.8361420611296136e-23, nan 
144.875, 77.125, 1.9994469820847483e-23, nan 
145.125, 77.125, 1.915856498940481e-23, nan 
145.375, 77.125, 1.656720122554152e-23, nan 
145.625, 77.125, 9.294029468600387e-24, nan 
145.875, 77.125, 1.0865487540367188e-23, nan 
146.125, 77.125, 1.0015881864885557e-23, nan 
146.375, 77.125, 1.3173364614276566e-23, nan 
146.625, 77.125, 1.3133486540381721e-23, nan 
146.875, 77.125, 1.408549857119566e-23, nan 
147.125, 77.125, 2.1162672007830345e-23, nan 
147.375, 77.125, 2.068989422535203e-23, nan 
147.625, 77.125, 1.4710088271018287e-23, nan 
147.875, 77.125, 1.106634501416051e-23, nan 
148.125, 77.125, 1.2506122353373188e-23, nan 
148.375, 77.125, 1.2671649999631634e-23, nan 
148.625, 77.125, 9.769869008603024e-24, nan 
148.875, 77.125, 7.32793347430769e-24, nan 
149.125, 77.125, 9.232443991962817e-24, nan 
149.375, 77.125, 1.2580618850743734e-23, nan 
149.625, 77.125, 4.651761310609484e-24, nan 
149.875, 77.125, 3.868207578117297e-24, nan 
150.125, 77.125, 7.377833569662441e-24, nan 
150.375, 77.125, 1.3084742786504647e-23, nan 
150.625, 77.125, 1.3798924122722563e-23, nan 
150.875, 77.125, 1.358479124270681e-23, nan 
151.125, 77.125, 1.3114922983049151e-23, nan 
151.375, 77.125, 9.970106832181673e-24, nan 
151.625, 77.125, 8.375728879629637e-24, nan 
151.875, 77.125, 1.1566836595950296e-23, nan 
152.125, 77.125, 2.196899129472998e-23, nan 
152.375, 77.125, 1.7520905542167998e-23, nan 
152.625, 77.125, 1.193863136382154e-23, nan 
152.875, 77.125, 8.338504905411217e-24, nan 
153.125, 77.125, 5.469710061734947e-24, nan 
153.375, 77.125, 1.2390315187439453e-23, nan 
153.625, 77.125, 1.591721497216152e-23, nan 
153.875, 77.125, 1.0305482097744216e-23, nan 
154.125, 77.125, 1.3072258956427823e-23, nan 
154.375, 77.125, 1.3388586116909126e-23, nan 
154.625, 77.125, 1.2468497420619748e-23, nan 
154.875, 77.125, 1.3728328713848296e-23, nan 
155.125, 77.125, 1.006664912799973e-23, nan 
155.375, 77.125, 1.240040164248342e-23, nan 
155.625, 77.125, 1.3571346231372637e-23, nan 
155.875, 77.125, 1.1617704694302645e-23, nan 
156.125, 77.125, 8.226645254122049e-24, nan 
156.375, 77.125, 4.79626021457576e-24, nan 
156.625, 77.125, 1.2353511447597724e-24, nan 
156.875, 77.125, 3.489465043294816e-24, nan 
157.125, 77.125, 5.443948688288145e-24, nan 
157.375, 77.125, 6.522285277373484e-24, nan 
157.625, 77.125, 4.667992164005355e-24, nan 
157.875, 77.125, 8.324997791100916e-24, nan 
158.125, 77.125, 3.733595431953395e-24, nan 
158.375, 77.125, 3.644269983114632e-24, nan 
158.625, 77.125, 3.617394149239609e-24, nan 
158.875, 77.125, 5.3027121559831745e-24, nan 
159.125, 77.125, 7.232475489630174e-24, nan 
159.375, 77.125, 9.262430040598217e-24, nan 
159.625, 77.125, 9.10482309956316e-24, nan 
159.875, 77.125, 9.848243691488398e-24, nan 
160.125, 77.125, 8.33290240953888e-24, nan 
160.375, 77.125, 1.4325678040058576e-23, nan 
160.625, 77.125, 1.8698312349306267e-23, nan 
160.875, 77.125, 1.8638686343986887e-23, nan 
161.125, 77.125, 1.9546350287318583e-23, nan 
161.375, 77.125, 2.1495464000415712e-23, nan 
161.625, 77.125, 3.4895858180116045e-23, nan 
161.875, 77.125, 4.989138233799602e-23, nan 
162.125, 77.125, 4.7612029341907705e-23, nan 
162.375, 77.125, 3.7833384459751015e-23, nan 
162.625, 77.125, 3.352900040844307e-23, nan 
162.875, 77.125, 1.7191527947729297e-23, nan 
163.125, 77.125, 2.2220080371063907e-23, nan 
163.375, 77.125, 2.2068221875414122e-23, nan 
163.625, 77.125, 2.0164090664856725e-23, nan 
163.875, 77.125, 2.4888715926662324e-23, nan 
164.125, 77.125, 2.710266397070101e-23, nan 
164.375, 77.125, 3.150917322103687e-23, nan 
164.625, 77.125, 3.1414054510231555e-23, nan 
164.875, 77.125, 1.7569250331834905e-23, nan 
165.125, 77.125, 1.6950544832683182e-23, nan 
165.375, 77.125, 2.6638179983906546e-23, nan 
165.625, 77.125, 3.0075930710475354e-23, nan 
165.875, 77.125, 3.12393416519001e-23, nan 
166.125, 77.125, 2.0005998041809968e-23, nan 
166.375, 77.125, 2.8972041614636165e-23, nan 
166.625, 77.125, 3.338260673553983e-23, nan 
166.875, 77.125, 2.913322194570861e-23, nan 
167.125, 77.125, 3.193933154639797e-23, nan 
167.375, 77.125, 2.8784108136897566e-23, nan 
167.625, 77.125, 1.795542247620806e-23, nan 
167.875, 77.125, 1.4667693152663433e-23, nan 
168.125, 77.125, 1.4614816857720703e-23, nan 
168.375, 77.125, 1.2674586655248213e-23, nan 
168.625, 77.125, 1.4780161426124776e-23, nan 
168.875, 77.125, 1.190752103501829e-23, nan 
169.125, 77.125, 1.478188614735317e-23, nan 
169.375, 77.125, 1.1430049281231229e-23, nan 
169.625, 77.125, 9.386658485007914e-24, nan 
169.875, 77.125, 9.447518654558497e-24, nan 
170.125, 77.125, 7.182384491938969e-24, nan 
170.375, 77.125, 6.4985495623079084e-24, nan 
170.625, 77.125, 7.547746871931571e-24, nan 
170.875, 77.125, 9.922158770189021e-24, nan 
171.125, 77.125, 1.1332574634642248e-23, nan 
171.375, 77.125, 7.874241931125998e-24, nan 
171.625, 77.125, 6.0671275081404135e-24, nan 
171.875, 77.125, 3.934627414535534e-24, nan 
172.125, 77.125, 4.090432850251715e-24, nan 
172.375, 77.125, 4.9951747630281404e-24, nan 
172.625, 77.125, 3.764994869857011e-24, nan 
172.875, 77.125, 1.6458290717095832e-24, nan 
173.125, 77.125, 1.964893359915283e-24, nan 
173.375, 77.125, 2.345360226504224e-24, nan 
173.625, 77.125, 2.9341251224919967e-24, nan 
173.875, 77.125, 5.846564031063687e-24, nan 
174.125, 77.125, 5.0496679378956514e-24, nan 
174.375, 77.125, 5.28956725412416e-24, nan 
174.625, 77.125, 5.491660060007211e-24, nan 
174.875, 77.125, 4.1881367924106336e-24, nan 
175.125, 77.125, 3.8951367556290766e-24, nan 
175.375, 77.125, 3.493102811429331e-24, nan 
175.625, 77.125, 2.4994936771621278e-24, nan 
175.875, 77.125, 1.6995921230575683e-24, nan 
176.125, 77.125, 2.709526936409307e-24, nan 
176.375, 77.125, 2.3197246287405927e-24, nan 
176.625, 77.125, 1.8473942591796568e-24, nan 
176.875, 77.125, 1.3388617974770813e-24, nan 
177.125, 77.125, 1.5393063679877862e-24, nan 
177.375, 77.125, 2.977218618313256e-24, nan 
177.625, 77.125, 3.0796670504726508e-24, nan 
177.875, 77.125, 2.4214885723656237e-24, nan 
178.125, 77.125, 1.9090037970362733e-24, nan 
178.375, 77.125, 1.5812238540732397e-24, nan 
178.625, 77.125, 1.3208136848608473e-24, nan 
178.875, 77.125, 4.458677082236943e-24, nan 
179.125, 77.125, 4.673001665519189e-24, nan 
179.375, 77.125, 5.862008932786553e-24, nan 
179.625, 77.125, 5.885893126483879e-24, nan 
179.875, 77.125, 6.076818315759987e-24, nan 
-179.875, 77.375, 2.6719893756045133e-24, nan 
-179.625, 77.375, 2.7216497866925593e-24, nan 
-179.375, 77.375, 2.6183674168992796e-24, nan 
-179.125, 77.375, 3.8730022640425474e-24, nan 
-178.875, 77.375, 9.113431383433802e-24, nan 
-178.625, 77.375, 8.087512890304452e-24, nan 
-178.375, 77.375, 7.859289656128215e-24, nan 
21.125, 77.375, 1.118893778319322e-24, nan 
21.375, 77.375, 9.00173225165336e-25, nan 
21.625, 77.375, 9.231278354719636e-25, nan 
21.875, 77.375, 1.041474239750892e-24, nan 
22.125, 77.375, 9.938969810886372e-25, nan 
22.375, 77.375, 1.2275011146066123e-24, nan 
22.625, 77.375, 1.2265659694605493e-24, nan 
22.875, 77.375, 1.3330137015035187e-24, nan 
23.125, 77.375, 1.2471624953759574e-24, nan 
23.375, 77.375, 1.082069077485959e-24, nan 
23.625, 77.375, 2.3748649147768233e-24, nan 
23.875, 77.375, 1.934574326752564e-24, nan 
24.125, 77.375, 1.804749742900629e-24, nan 
24.375, 77.375, 1.3646927053194557e-24, nan 
24.625, 77.375, 1.927305414920017e-24, nan 
24.875, 77.375, 1.3980932543811524e-24, nan 
25.125, 77.375, 1.2960923132776894e-24, nan 
25.375, 77.375, 1.9234357501773264e-24, nan 
25.625, 77.375, 3.1334209982033493e-24, nan 
25.875, 77.375, 1.6041078202651935e-24, nan 
26.125, 77.375, 1.6498085640868016e-24, nan 
26.375, 77.375, 1.7950448867619315e-24, nan 
26.625, 77.375, 2.4696760279742247e-24, nan 
26.875, 77.375, 2.5759122011123833e-24, nan 
27.125, 77.375, 2.3629794055468562e-24, nan 
27.375, 77.375, 2.4301778158770128e-24, nan 
27.625, 77.375, 5.76228670492726e-25, nan 
27.875, 77.375, 1.0119611554065339e-24, nan 
28.125, 77.375, 2.081346373330254e-24, nan 
28.375, 77.375, 1.3610624299770037e-24, nan 
28.625, 77.375, 1.674606734903505e-24, nan 
28.875, 77.375, 1.879227436598919e-24, nan 
29.125, 77.375, 1.933946994306731e-24, nan 
29.375, 77.375, 1.9540216537014323e-24, nan 
29.625, 77.375, 2.845793944160697e-24, nan 
29.875, 77.375, 2.2099801541277976e-24, nan 
30.125, 77.375, 1.7718527394769317e-24, nan 
30.375, 77.375, 1.9564392842211017e-24, nan 
30.625, 77.375, 2.243236596163979e-24, nan 
30.875, 77.375, 3.1508996061323906e-24, nan 
31.125, 77.375, 2.4906758873616912e-24, nan 
31.375, 77.375, 2.2581245417638693e-24, nan 
31.625, 77.375, 2.513080407056087e-24, nan 
31.875, 77.375, 3.150938683698248e-24, nan 
32.125, 77.375, 4.232719247351564e-24, nan 
32.375, 77.375, 2.9550263414083683e-24, nan 
32.625, 77.375, 1.906405723390642e-24, nan 
32.875, 77.375, 9.821795854133705e-25, nan 
33.125, 77.375, 8.77627760106494e-25, nan 
33.375, 77.375, 1.6584893663328766e-24, nan 
33.625, 77.375, 2.589215524114228e-24, nan 
33.875, 77.375, 2.012594595922974e-24, nan 
34.125, 77.375, 1.0621316159724852e-24, nan 
34.375, 77.375, 1.3827741740463149e-24, nan 
34.625, 77.375, 1.790488702014597e-24, nan 
34.875, 77.375, 1.2871426661688823e-24, nan 
35.125, 77.375, 9.55403276464076e-25, nan 
35.375, 77.375, 1.3279593675763298e-24, nan 
35.625, 77.375, 1.5063119724895621e-24, nan 
35.875, 77.375, 1.788850169351061e-24, nan 
36.125, 77.375, 1.810987564581609e-24, nan 
36.375, 77.375, 1.20352673454275e-24, nan 
36.625, 77.375, 1.3841654728221247e-24, nan 
36.875, 77.375, 2.0256476896808752e-24, nan 
37.125, 77.375, 2.3068273226982422e-24, nan 
37.375, 77.375, 2.1988628965085667e-24, nan 
37.625, 77.375, 2.253486923365196e-24, nan 
37.875, 77.375, 3.1520477546575297e-24, nan 
38.125, 77.375, 3.1381050493738507e-24, nan 
38.375, 77.375, 3.116820211668403e-24, nan 
38.625, 77.375, 2.6207808154651926e-24, nan 
38.875, 77.375, 2.5227858040659497e-24, nan 
39.125, 77.375, 3.597045925292135e-24, nan 
39.375, 77.375, 1.956764014114443e-24, nan 
39.625, 77.375, 2.5834962808947802e-24, nan 
39.875, 77.375, 2.8510393135258807e-24, nan 
40.125, 77.375, 1.8481106822697688e-24, nan 
40.375, 77.375, 1.1772563561079608e-24, nan 
40.625, 77.375, 2.132628421820148e-24, nan 
40.875, 77.375, 2.5206861948021353e-24, nan 
41.125, 77.375, 4.778122196455149e-24, nan 
41.375, 77.375, 1.9232933076981833e-24, nan 
41.625, 77.375, 3.0048038307568433e-24, nan 
41.875, 77.375, 4.650881562115748e-24, nan 
42.125, 77.375, 2.4344519322380875e-24, nan 
42.375, 77.375, 4.804215874194357e-24, nan 
42.625, 77.375, 2.0546259138976635e-24, nan 
42.875, 77.375, 2.5354115971150142e-24, nan 
43.125, 77.375, 3.1506875789329644e-24, nan 
43.375, 77.375, 4.103034086539117e-24, nan 
43.625, 77.375, 3.914691454099701e-24, nan 
43.875, 77.375, 2.5217711461211013e-24, nan 
44.125, 77.375, 3.8994690322366895e-24, nan 
44.375, 77.375, 2.1300952183525387e-24, nan 
44.625, 77.375, 3.711507887517643e-24, nan 
44.875, 77.375, 3.647600831595313e-24, nan 
45.125, 77.375, 4.5958459378158284e-24, nan 
45.375, 77.375, 3.236791983249815e-24, nan 
45.625, 77.375, 4.902741786143613e-24, nan 
45.875, 77.375, 3.100548722281197e-24, nan 
46.125, 77.375, 3.39889590835383e-24, nan 
46.375, 77.375, 3.856139511160598e-24, nan 
46.625, 77.375, 2.8757258091950884e-24, nan 
46.875, 77.375, 3.878809302876297e-24, nan 
47.125, 77.375, 6.171420209306739e-24, nan 
47.375, 77.375, 5.472713591190154e-24, nan 
47.625, 77.375, 1.0444709798074288e-23, nan 
47.875, 77.375, 7.702076567287133e-24, nan 
48.125, 77.375, 4.754277478001233e-24, nan 
48.375, 77.375, 4.470796644264239e-24, nan 
48.625, 77.375, 7.581764433813908e-24, nan 
48.875, 77.375, 4.626833696879536e-24, nan 
49.125, 77.375, 6.2862062322862975e-24, nan 
49.375, 77.375, 5.394355566090434e-24, nan 
49.625, 77.375, 1.0556635505666924e-23, nan 
49.875, 77.375, 7.149178855556813e-24, nan 
50.125, 77.375, 4.404048968394744e-24, nan 
50.375, 77.375, 1.066975885316648e-23, nan 
50.625, 77.375, 7.159527904957749e-24, nan 
50.875, 77.375, 1.4719514338069755e-23, nan 
51.125, 77.375, 8.103803987803697e-24, nan 
51.375, 77.375, 5.6104310842931e-24, nan 
51.625, 77.375, 2.1366234295186087e-23, nan 
51.875, 77.375, 1.867895541145013e-23, nan 
52.125, 77.375, 8.613753995756485e-24, nan 
52.375, 77.375, 1.0387771486803035e-23, nan 
52.625, 77.375, 1.6572297199814042e-23, nan 
52.875, 77.375, 1.5745486993065725e-23, nan 
53.125, 77.375, 1.3024379393999318e-23, nan 
53.375, 77.375, 5.253440058362939e-24, nan 
53.625, 77.375, 4.437318208508804e-24, nan 
53.875, 77.375, 5.200384151019194e-24, nan 
54.125, 77.375, 1.5905386564125356e-23, nan 
54.375, 77.375, 2.1768608575995646e-23, nan 
54.625, 77.375, 6.308931634902272e-24, nan 
54.875, 77.375, 9.741366798864729e-24, nan 
55.125, 77.375, 1.2671487950513656e-23, nan 
55.375, 77.375, 3.038286122622781e-23, nan 
55.625, 77.375, 4.216970454686824e-23, nan 
55.875, 77.375, 1.5099435400076042e-23, nan 
56.125, 77.375, 2.1554915389469586e-23, nan 
56.375, 77.375, 1.1241359769345143e-23, nan 
56.625, 77.375, 1.8345943447326116e-23, nan 
56.875, 77.375, 2.4173416887358943e-23, nan 
57.125, 77.375, 3.381240268853113e-23, nan 
57.375, 77.375, 4.569696582616592e-23, nan 
57.625, 77.375, 4.760081481336885e-23, nan 
57.875, 77.375, 5.109204245348943e-23, nan 
58.125, 77.375, 4.8950016480304416e-23, nan 
58.375, 77.375, 5.608801996840369e-23, nan 
58.625, 77.375, 6.030185453920678e-23, nan 
58.875, 77.375, 6.27707181785902e-23, nan 
59.125, 77.375, 5.662707012710225e-23, nan 
59.375, 77.375, 4.619452431087575e-23, nan 
59.625, 77.375, 3.7295950458554907e-23, nan 
59.875, 77.375, 3.890813508939516e-23, nan 
60.125, 77.375, 2.3238952671689145e-23, nan 
60.375, 77.375, 6.763639515913233e-23, nan 
60.625, 77.375, 6.330004558879693e-23, nan 
60.875, 77.375, 4.041649516299234e-23, nan 
61.125, 77.375, 3.5029755226998754e-23, nan 
61.375, 77.375, 3.282457698383219e-23, nan 
61.625, 77.375, 5.722299531680821e-23, nan 
61.875, 77.375, 5.221035490807614e-23, nan 
62.125, 77.375, 4.476364021350868e-23, nan 
62.375, 77.375, 3.60305681119987e-23, nan 
62.625, 77.375, 2.6353667828486947e-23, nan 
62.875, 77.375, 2.0854794507135317e-23, nan 
63.125, 77.375, 1.1268986367708909e-23, nan 
63.375, 77.375, 1.1422096288047213e-23, nan 
63.625, 77.375, 1.7978400942679992e-23, nan 
63.875, 77.375, 1.619674832470814e-23, nan 
64.125, 77.375, 1.81088531165389e-23, nan 
64.375, 77.375, 6.324278224643305e-24, nan 
64.625, 77.375, 1.3126753755406606e-23, nan 
64.875, 77.375, 1.5573692576913855e-23, nan 
65.125, 77.375, 1.745815896403205e-23, nan 
65.375, 77.375, 8.853035608277168e-24, nan 
65.625, 77.375, 1.7850129120974375e-23, nan 
65.875, 77.375, 1.034057846763598e-23, nan 
66.125, 77.375, 1.5251456013039872e-23, nan 
66.375, 77.375, 2.3113881116353137e-23, nan 
66.625, 77.375, 1.360168777596978e-23, nan 
66.875, 77.375, 1.2614785281139746e-23, nan 
67.125, 77.375, 2.6229306734462345e-23, nan 
67.375, 77.375, 1.4819672535031552e-23, nan 
67.625, 77.375, 2.8038532384865994e-23, nan 
67.875, 77.375, 1.7353563153880928e-23, nan 
68.125, 77.375, 3.317842452996082e-23, nan 
68.375, 77.375, 5.482510441392156e-23, nan 
68.625, 77.375, 3.4024705560481027e-23, nan 
68.875, 77.375, 2.8932537697098906e-23, nan 
69.125, 77.375, 2.874916003329683e-23, nan 
69.375, 77.375, 2.2798467245730146e-23, nan 
69.625, 77.375, 3.423521020997992e-23, nan 
69.875, 77.375, 4.096637397102335e-23, nan 
70.125, 77.375, 3.472100388950903e-23, nan 
70.375, 77.375, 3.712750969359028e-23, nan 
70.625, 77.375, 3.8620870729506755e-23, nan 
70.875, 77.375, 1.9916435689366243e-23, nan 
71.125, 77.375, 2.4817324204417315e-23, nan 
71.375, 77.375, 3.829762181590987e-23, nan 
71.625, 77.375, 3.262791546663251e-23, nan 
71.875, 77.375, 6.111782747316797e-23, nan 
72.125, 77.375, 2.831734783407347e-23, nan 
72.375, 77.375, 4.0187880049900986e-23, nan 
72.625, 77.375, 5.706728633561971e-23, nan 
72.875, 77.375, 3.9158794210540014e-23, nan 
73.125, 77.375, 4.5518183553466006e-23, nan 
73.375, 77.375, 4.5474559427359345e-23, nan 
73.625, 77.375, 6.207560451365768e-23, nan 
73.875, 77.375, 6.307444312080088e-23, nan 
74.125, 77.375, 3.9996782967896345e-23, nan 
74.375, 77.375, 4.843595650944458e-23, nan 
74.625, 77.375, 6.064232295300507e-23, nan 
74.875, 77.375, 5.380069789908708e-23, nan 
75.125, 77.375, 5.1126068667475766e-23, nan 
75.375, 77.375, 7.679517140990787e-23, nan 
75.625, 77.375, 5.2776983725742966e-23, nan 
75.875, 77.375, 1.0399501131131017e-22, nan 
76.125, 77.375, 6.601528452272848e-23, nan 
76.375, 77.375, 7.528295369839045e-23, nan 
76.625, 77.375, 8.39216003100127e-23, nan 
76.875, 77.375, 1.0400568080493517e-22, nan 
77.125, 77.375, 1.1521577620594755e-22, nan 
77.375, 77.375, 1.194414967374148e-22, nan 
77.625, 77.375, 9.183983012627805e-23, nan 
77.875, 77.375, 8.451612034253887e-23, nan 
78.125, 77.375, 9.734092736050998e-23, nan 
78.375, 77.375, 1.050878528154413e-22, nan 
78.625, 77.375, 1.2753591440222018e-22, nan 
78.875, 77.375, 1.2376839396830459e-22, nan 
79.125, 77.375, 6.282670035340187e-23, nan 
79.375, 77.375, 7.748262478129897e-23, nan 
79.625, 77.375, 9.053967306003456e-23, nan 
79.875, 77.375, 9.6992193368675e-23, nan 
80.125, 77.375, 1.2581904895263284e-22, nan 
80.375, 77.375, 7.598256333217223e-23, nan 
80.625, 77.375, 1.632975317454388e-22, nan 
80.875, 77.375, 1.4106635641968637e-22, nan 
81.125, 77.375, 1.206519802732297e-22, nan 
81.375, 77.375, 1.7024981042909107e-22, nan 
81.625, 77.375, 1.7671797420910714e-22, nan 
81.875, 77.375, 2.528594028821289e-22, nan 
82.125, 77.375, 3.0801955105153796e-22, nan 
82.375, 77.375, 1.3164262448354942e-22, nan 
82.625, 77.375, 1.9649421214611572e-22, nan 
82.875, 77.375, 2.2419063268216105e-22, nan 
83.125, 77.375, 2.9098924172083453e-22, nan 
83.375, 77.375, 1.9129709047224685e-22, nan 
83.625, 77.375, 2.7808313101616844e-22, nan 
83.875, 77.375, 1.9031564973159214e-22, nan 
84.125, 77.375, 1.9912354769869022e-22, nan 
84.375, 77.375, 1.9626580785465394e-22, nan 
84.625, 77.375, 4.397654918560429e-22, nan 
84.875, 77.375, 5.534670028037604e-22, nan 
85.125, 77.375, 6.774951033914291e-22, nan 
85.375, 77.375, 9.298394681806083e-22, nan 
85.625, 77.375, 1.0037775891170474e-21, nan 
85.875, 77.375, 9.661140270091848e-22, nan 
86.125, 77.375, 1.0303388600035184e-21, nan 
86.375, 77.375, 1.1210780236213775e-21, nan 
86.625, 77.375, 1.6948921343214617e-21, nan 
86.875, 77.375, 1.6505431092181812e-21, nan 
87.125, 77.375, 1.4594393031486012e-21, nan 
87.375, 77.375, 2.4607007199280895e-21, nan 
87.625, 77.375, 4.3297984695887785e-21, nan 
87.875, 77.375, 6.4776312803933116e-21, nan 
88.125, 77.375, 6.439232246306016e-21, nan 
88.375, 77.375, 5.09935548101415e-21, nan 
88.625, 77.375, 3.9075394839618565e-21, nan 
88.875, 77.375, 4.995388632690506e-21, nan 
89.125, 77.375, 5.665885282035375e-21, nan 
89.375, 77.375, 5.511947854379874e-21, nan 
89.625, 77.375, 5.414663686900528e-21, nan 
89.875, 77.375, 5.888686243771981e-21, nan 
90.125, 77.375, 5.172411081277507e-21, nan 
90.375, 77.375, 5.3127177245021314e-21, nan 
90.625, 77.375, 4.1331472445248425e-21, nan 
90.875, 77.375, 4.300656316285237e-21, nan 
91.125, 77.375, 4.6476901572037416e-21, nan 
91.375, 77.375, 4.3882621964876096e-21, nan 
91.625, 77.375, 3.3379938535534862e-21, nan 
91.875, 77.375, 3.156257616022377e-21, nan 
92.125, 77.375, 2.4929980677353683e-21, nan 
92.375, 77.375, 2.433841721451272e-21, nan 
92.625, 77.375, 2.4729783537748553e-21, nan 
92.875, 77.375, 1.9492455266750466e-21, nan 
93.125, 77.375, 1.294388818530445e-21, nan 
93.375, 77.375, 9.368010509212501e-22, nan 
93.625, 77.375, 1.3652428851763519e-21, nan 
93.875, 77.375, 2.7321301064588748e-21, nan 
94.125, 77.375, 2.451741306202014e-21, nan 
94.375, 77.375, 2.646490063409496e-21, nan 
94.625, 77.375, 2.3241939489414596e-21, nan 
94.875, 77.375, 2.4228014222227295e-21, nan 
95.125, 77.375, 2.644869219896617e-21, nan 
95.375, 77.375, 2.9129789637012103e-21, nan 
95.625, 77.375, 3.054133736944593e-21, nan 
95.875, 77.375, 3.1886654564187563e-21, nan 
96.125, 77.375, 2.9961681440503874e-21, nan 
96.375, 77.375, 3.10046664654517e-21, nan 
96.625, 77.375, 3.2539447625936663e-21, nan 
96.875, 77.375, 2.883603236559819e-21, nan 
97.125, 77.375, 2.9257204733383287e-21, nan 
97.375, 77.375, 1.712652746869647e-21, nan 
97.625, 77.375, 1.751841921130896e-21, nan 
97.875, 77.375, 1.5475646291429855e-21, nan 
98.125, 77.375, 1.5788290700732526e-21, nan 
98.375, 77.375, 1.4177574167962064e-21, nan 
98.625, 77.375, 1.5401892165119363e-21, nan 
98.875, 77.375, 1.0485950731820714e-21, nan 
99.125, 77.375, 1.5141657809019818e-21, nan 
99.375, 77.375, 1.860409920906823e-21, nan 
99.625, 77.375, 1.984752127311741e-21, nan 
99.875, 77.375, 2.255079794334881e-21, nan 
100.125, 77.375, 1.900897500610836e-21, nan 
100.375, 77.375, 2.323461526195857e-21, nan 
100.625, 77.375, 2.4737928309465505e-21, nan 
100.875, 77.375, 1.7700126210024037e-21, nan 
101.125, 77.375, 2.8285991970850475e-21, nan 
101.375, 77.375, 2.410890998443372e-21, nan 
101.625, 77.375, 3.365342119298956e-21, nan 
101.875, 77.375, 2.198924034767094e-21, nan 
102.125, 77.375, 1.566646427061034e-21, nan 
102.375, 77.375, 1.9969555422043943e-21, nan 
102.625, 77.375, 1.9785419914244223e-21, nan 
102.875, 77.375, 2.46349740262149e-21, nan 
103.125, 77.375, 2.1320649369828213e-21, nan 
103.375, 77.375, 2.1853383392737796e-21, nan 
103.625, 77.375, 1.8722231348003898e-21, nan 
103.875, 77.375, 1.481559489009603e-21, nan 
104.125, 77.375, 1.6452010256663591e-21, nan 
104.375, 77.375, 1.6757292861229354e-21, nan 
104.625, 77.375, 1.416537439050375e-21, nan 
104.875, 77.375, 1.5020480028840306e-21, nan 
105.125, 77.375, 9.550157675149903e-22, nan 
105.375, 77.375, 1.068221486916698e-21, nan 
105.625, 77.375, 1.1008184420882974e-21, nan 
105.875, 77.375, 1.4047744071716188e-21, nan 
106.125, 77.375, 1.1544341930025906e-21, nan 
106.375, 77.375, 1.27719883013854e-21, nan 
106.625, 77.375, 9.994118131394701e-22, nan 
106.875, 77.375, 9.976795493415928e-22, nan 
107.125, 77.375, 1.1339121731493459e-21, nan 
107.375, 77.375, 8.79128174242515e-22, nan 
107.625, 77.375, 6.168580713479242e-22, nan 
107.875, 77.375, 4.490324986915214e-22, nan 
108.125, 77.375, 6.163672924643367e-22, nan 
108.375, 77.375, 1.3951507868357129e-21, nan 
108.625, 77.375, 1.209741202042194e-21, nan 
108.875, 77.375, 9.193361394738404e-22, nan 
109.125, 77.375, 9.72882791294396e-22, nan 
109.375, 77.375, 1.3626427020747653e-21, nan 
109.625, 77.375, 7.978873215210782e-22, nan 
109.875, 77.375, 1.2110863499330426e-21, nan 
110.125, 77.375, 1.1858380574350062e-21, nan 
110.375, 77.375, 1.9570503534393425e-21, nan 
110.625, 77.375, 3.1323757078897297e-21, nan 
110.875, 77.375, 2.082477679657407e-21, nan 
111.125, 77.375, 2.0472084788391664e-21, nan 
111.375, 77.375, 3.3151715671878896e-21, nan 
111.625, 77.375, 3.3207391634412662e-21, nan 
111.875, 77.375, 2.2585947026570093e-21, nan 
112.125, 77.375, 1.1991446758950054e-21, nan 
112.375, 77.375, 1.3626086400808944e-21, nan 
112.625, 77.375, 1.0743730687430707e-21, nan 
112.875, 77.375, 7.415053283636775e-22, nan 
113.125, 77.375, 1.1712089569561471e-21, nan 
113.375, 77.375, 1.3496038043451713e-21, nan 
113.625, 77.375, 1.0768182904598778e-21, nan 
113.875, 77.375, 3.227700936941605e-22, nan 
114.125, 77.375, 1.0949865494669022e-21, nan 
114.375, 77.375, 1.287659500780673e-21, nan 
114.625, 77.375, 9.856173439291736e-22, nan 
114.875, 77.375, 1.0260707152936224e-21, nan 
115.125, 77.375, 9.525515837103738e-22, nan 
115.375, 77.375, 1.7313285307386795e-21, nan 
115.625, 77.375, 1.6071347300267186e-21, nan 
115.875, 77.375, 1.1988769392605914e-21, nan 
116.125, 77.375, 1.5047844787362263e-21, nan 
116.375, 77.375, 2.3759434907857882e-21, nan 
116.625, 77.375, 3.0198492686302224e-21, nan 
116.875, 77.375, 2.8151989642172016e-21, nan 
117.125, 77.375, 2.2703135011184676e-21, nan 
117.375, 77.375, 1.6675557418659306e-21, nan 
117.625, 77.375, 2.9262098046354715e-21, nan 
117.875, 77.375, 3.319018130712191e-21, nan 
118.125, 77.375, 2.4884417125827455e-21, nan 
118.375, 77.375, 2.2066537108832424e-21, nan 
118.625, 77.375, 1.8049257690440955e-21, nan 
118.875, 77.375, 1.6806409778860576e-21, nan 
119.125, 77.375, 1.973914008377737e-21, nan 
119.375, 77.375, 1.6474328086410353e-21, nan 
119.625, 77.375, 1.0634063309428374e-21, nan 
119.875, 77.375, 8.501871447145853e-22, nan 
120.125, 77.375, 9.29966023585176e-22, nan 
120.375, 77.375, 1.0537388998803677e-21, nan 
120.625, 77.375, 6.87861896189851e-22, nan 
120.875, 77.375, 2.9711069448438145e-22, nan 
121.125, 77.375, 7.663818305076809e-22, nan 
121.375, 77.375, 1.0156900013430917e-21, nan 
121.625, 77.375, 1.112506446216671e-21, nan 
121.875, 77.375, 9.400892169282045e-22, nan 
122.125, 77.375, 6.119678429055222e-22, nan 
122.375, 77.375, 5.827381432338706e-22, nan 
122.625, 77.375, 9.282992936101176e-22, nan 
122.875, 77.375, 1.0745840493239335e-21, nan 
123.125, 77.375, 9.729157530141044e-22, nan 
123.375, 77.375, 6.934637731027172e-22, nan 
123.625, 77.375, 3.263902321844208e-22, nan 
123.875, 77.375, 9.787887519502079e-22, nan 
124.125, 77.375, 1.2890370320372596e-21, nan 
124.375, 77.375, 1.1181274316443584e-21, nan 
124.625, 77.375, 9.837167090720124e-22, nan 
124.875, 77.375, 4.397867367714319e-22, nan 
125.125, 77.375, 4.280573689789473e-22, nan 
125.375, 77.375, 5.196523246488809e-22, nan 
125.625, 77.375, 5.499154075294582e-22, nan 
125.875, 77.375, 5.067111627083e-22, nan 
126.125, 77.375, 4.951624127824115e-22, nan 
126.375, 77.375, 4.599305041430082e-22, nan 
126.625, 77.375, 3.506194740372202e-22, nan 
126.875, 77.375, 2.4057831761559255e-22, nan 
127.125, 77.375, 3.60512818796942e-22, nan 
127.375, 77.375, 4.689462027736865e-22, nan 
127.625, 77.375, 1.8843109743865205e-22, nan 
127.875, 77.375, 3.3120552891910773e-22, nan 
128.125, 77.375, 3.1983255718403253e-22, nan 
128.375, 77.375, 1.8014231491132126e-22, nan 
128.625, 77.375, 1.2747409369871292e-22, nan 
128.875, 77.375, 7.990535034206264e-23, nan 
129.125, 77.375, 5.963456059946862e-23, nan 
129.375, 77.375, 9.782642742857122e-23, nan 
129.625, 77.375, 9.991364602780687e-23, nan 
129.875, 77.375, 8.25253190749074e-23, nan 
130.125, 77.375, 1.1312767323850868e-22, nan 
130.375, 77.375, 9.048576037065373e-23, nan 
130.625, 77.375, 6.228225595010723e-23, nan 
130.875, 77.375, 5.801306681395966e-23, nan 
131.125, 77.375, 7.523420642573165e-23, nan 
131.375, 77.375, 7.808056882362169e-23, nan 
131.625, 77.375, 5.146720172268281e-23, nan 
131.875, 77.375, 7.169703548383531e-23, nan 
132.125, 77.375, 5.975412948225335e-23, nan 
132.375, 77.375, 6.737823811302564e-23, nan 
132.625, 77.375, 7.367345863126763e-23, nan 
132.875, 77.375, 9.972826787500009e-23, nan 
133.125, 77.375, 8.886167298996113e-23, nan 
133.375, 77.375, 6.286896559590324e-23, nan 
133.625, 77.375, 5.272777655732126e-23, nan 
133.875, 77.375, 5.338488042970427e-23, nan 
134.125, 77.375, 1.0488934927758202e-22, nan 
134.375, 77.375, 9.10350112042518e-23, nan 
134.625, 77.375, 6.180497015571149e-23, nan 
134.875, 77.375, 5.473207095035798e-23, nan 
135.125, 77.375, 5.137049493782218e-23, nan 
135.375, 77.375, 9.889673804781647e-23, nan 
135.625, 77.375, 4.608107487850729e-23, nan 
135.875, 77.375, 4.213818275749464e-23, nan 
136.125, 77.375, 7.773428668915653e-23, nan 
136.375, 77.375, 1.0709913339526685e-22, nan 
136.625, 77.375, 8.851501186407878e-23, nan 
136.875, 77.375, 8.425528251611043e-23, nan 
137.125, 77.375, 4.4588436345740555e-23, nan 
137.375, 77.375, 7.674396555231654e-23, nan 
137.625, 77.375, 1.1548733708378782e-22, nan 
137.875, 77.375, 7.517921423951405e-23, nan 
138.125, 77.375, 6.08184452018827e-23, nan 
138.375, 77.375, 3.035898316160717e-23, nan 
138.625, 77.375, 2.916681650142875e-23, nan 
138.875, 77.375, 5.396101039060642e-23, nan 
139.125, 77.375, 8.78609597546098e-23, nan 
139.375, 77.375, 7.642377854306183e-23, nan 
139.625, 77.375, 7.20364456803778e-23, nan 
139.875, 77.375, 8.174056456172571e-23, nan 
140.125, 77.375, 6.655228937073146e-23, nan 
140.375, 77.375, 2.1073811001622532e-22, nan 
140.625, 77.375, 6.265085305131567e-23, nan 
140.875, 77.375, 6.243963496297729e-23, nan 
141.125, 77.375, 6.434981360247707e-23, nan 
141.375, 77.375, 5.1044103566056837e-23, nan 
141.625, 77.375, 1.216891212060878e-22, nan 
141.875, 77.375, 4.941721919248562e-23, nan 
142.125, 77.375, 4.471485633669629e-23, nan 
142.375, 77.375, 3.6490798155446346e-23, nan 
142.625, 77.375, 4.2205619185608595e-23, nan 
142.875, 77.375, 3.5166501194629946e-23, nan 
143.125, 77.375, 3.272370939026831e-23, nan 
143.375, 77.375, 2.659137781721455e-23, nan 
143.625, 77.375, 2.1537708129978955e-23, nan 
143.875, 77.375, 2.753307416704868e-23, nan 
144.125, 77.375, 1.4333827841557445e-23, nan 
144.375, 77.375, 7.49006915649759e-24, nan 
144.625, 77.375, 1.6610030109646632e-23, nan 
144.875, 77.375, 1.4916557690514922e-23, nan 
145.125, 77.375, 1.5600455501188203e-23, nan 
145.375, 77.375, 1.1517264732361015e-23, nan 
145.625, 77.375, 9.05876702587994e-24, nan 
145.875, 77.375, 1.6402699060017572e-23, nan 
146.125, 77.375, 1.491582848584708e-23, nan 
146.375, 77.375, 1.4062403794942003e-23, nan 
146.625, 77.375, 1.160779094861252e-23, nan 
146.875, 77.375, 1.503505289797595e-23, nan 
147.125, 77.375, 1.2402564027830106e-23, nan 
147.375, 77.375, 1.2347651098663366e-23, nan 
147.625, 77.375, 1.237918635159303e-23, nan 
147.875, 77.375, 9.521753365447217e-24, nan 
148.125, 77.375, 1.2301971587588483e-23, nan 
148.375, 77.375, 6.981207890483835e-24, nan 
148.625, 77.375, 7.220662763195585e-24, nan 
148.875, 77.375, 5.600384794494724e-24, nan 
149.125, 77.375, 8.020499983451022e-24, nan 
149.375, 77.375, 6.709957127161729e-24, nan 
149.625, 77.375, 1.1482446028346578e-23, nan 
149.875, 77.375, 1.51106699362977e-23, nan 
150.125, 77.375, 1.360405226918321e-23, nan 
150.375, 77.375, 1.8739973765618476e-23, nan 
150.625, 77.375, 1.708372865408755e-23, nan 
150.875, 77.375, 1.636455318390612e-23, nan 
151.125, 77.375, 9.307583044305722e-24, nan 
151.375, 77.375, 6.783799003303072e-24, nan 
151.625, 77.375, 1.0737601686780609e-23, nan 
151.875, 77.375, 1.0271207869813771e-23, nan 
152.125, 77.375, 1.3035100252176188e-23, nan 
152.375, 77.375, 9.978377080794458e-24, nan 
152.625, 77.375, 1.0466597144954112e-23, nan 
152.875, 77.375, 7.858801850141465e-24, nan 
153.125, 77.375, 1.2248761531865592e-23, nan 
153.375, 77.375, 1.361467471430248e-23, nan 
153.625, 77.375, 1.8197592136898556e-23, nan 
153.875, 77.375, 1.819639238418228e-23, nan 
154.125, 77.375, 1.148869992495617e-23, nan 
154.375, 77.375, 1.1612996753705154e-23, nan 
154.625, 77.375, 1.1938049735347883e-23, nan 
154.875, 77.375, 1.3570216629367167e-23, nan 
155.125, 77.375, 1.1652790739189147e-23, nan 
155.375, 77.375, 8.249472213942775e-24, nan 
155.625, 77.375, 7.980103491412797e-24, nan 
155.875, 77.375, 7.406758140095961e-24, nan 
156.125, 77.375, 6.579936209267354e-24, nan 
156.375, 77.375, 4.215555312767016e-24, nan 
156.625, 77.375, 3.812602686126932e-24, nan 
156.875, 77.375, 6.645422791449655e-24, nan 
157.125, 77.375, 8.67023944357871e-24, nan 
157.375, 77.375, 9.983364333480345e-24, nan 
157.625, 77.375, 8.825423541683953e-24, nan 
157.875, 77.375, 1.0857269332999342e-23, nan 
158.125, 77.375, 1.4170010874705444e-23, nan 
158.375, 77.375, 1.189982500421547e-23, nan 
158.625, 77.375, 1.0836252683143111e-23, nan 
158.875, 77.375, 9.53960609392511e-24, nan 
159.125, 77.375, 1.2139637175420918e-23, nan 
159.375, 77.375, 1.718104388400228e-23, nan 
159.625, 77.375, 1.4822365545614907e-23, nan 
159.875, 77.375, 1.2301034415537508e-23, nan 
160.125, 77.375, 8.779553397985994e-24, nan 
160.375, 77.375, 9.638649317292838e-24, nan 
160.625, 77.375, 9.951914705046288e-24, nan 
160.875, 77.375, 1.1180103314430309e-23, nan 
161.125, 77.375, 9.584345160057969e-24, nan 
161.375, 77.375, 8.974348875781957e-24, nan 
161.625, 77.375, 2.1686078179317116e-23, nan 
161.875, 77.375, 2.919415504538678e-23, nan 
162.125, 77.375, 2.786186992476991e-23, nan 
162.375, 77.375, 2.5282318245283438e-23, nan 
162.625, 77.375, 2.2959585085854234e-23, nan 
162.875, 77.375, 1.5104079498144668e-23, nan 
163.125, 77.375, 1.1939638536474012e-23, nan 
163.375, 77.375, 1.1435960216757961e-23, nan 
163.625, 77.375, 1.2187356707427563e-23, nan 
163.875, 77.375, 1.7813340312105302e-23, nan 
164.125, 77.375, 1.5701888816961534e-23, nan 
164.375, 77.375, 1.8396148727444592e-23, nan 
164.625, 77.375, 1.7919854783544127e-23, nan 
164.875, 77.375, 1.1194780880820726e-23, nan 
165.125, 77.375, 8.785779197293102e-24, nan 
165.375, 77.375, 1.1812784032985981e-23, nan 
165.625, 77.375, 1.339020196057516e-23, nan 
165.875, 77.375, 1.1066968564194493e-23, nan 
166.125, 77.375, 8.812362297979774e-24, nan 
166.375, 77.375, 9.9406410472461e-24, nan 
166.625, 77.375, 1.2211515953252969e-23, nan 
166.875, 77.375, 1.4456990117294585e-23, nan 
167.125, 77.375, 1.4350929863276867e-23, nan 
167.375, 77.375, 1.0735159583219889e-23, nan 
167.625, 77.375, 1.1973705643410498e-23, nan 
167.875, 77.375, 1.1932391583025428e-23, nan 
168.125, 77.375, 7.898270878491378e-24, nan 
168.375, 77.375, 6.712173267198912e-24, nan 
168.625, 77.375, 5.143853873149587e-24, nan 
168.875, 77.375, 6.157199020743011e-24, nan 
169.125, 77.375, 6.937613497957065e-24, nan 
169.375, 77.375, 6.948464013192161e-24, nan 
169.625, 77.375, 6.134593872107127e-24, nan 
169.875, 77.375, 7.495762297838145e-24, nan 
170.125, 77.375, 6.302578725085704e-24, nan 
170.375, 77.375, 7.598613624383156e-24, nan 
170.625, 77.375, 1.1008421855792899e-23, nan 
170.875, 77.375, 1.1358274448133822e-23, nan 
171.125, 77.375, 1.0638254157078479e-23, nan 
171.375, 77.375, 9.10389483574616e-24, nan 
171.625, 77.375, 9.231733263565016e-24, nan 
171.875, 77.375, 1.1318994868065355e-23, nan 
172.125, 77.375, 9.015916661673828e-24, nan 
172.375, 77.375, 5.8294333844698966e-24, nan 
172.625, 77.375, 7.211604159233258e-24, nan 
172.875, 77.375, 4.988482224542403e-24, nan 
173.125, 77.375, 5.267416547325854e-24, nan 
173.375, 77.375, 3.890087240256923e-24, nan 
173.625, 77.375, 2.9749794913494664e-24, nan 
173.875, 77.375, 7.396954009114316e-24, nan 
174.125, 77.375, 8.02657118891165e-24, nan 
174.375, 77.375, 9.142743801194235e-24, nan 
174.625, 77.375, 8.85625251151655e-24, nan 
174.875, 77.375, 5.24380914277041e-24, nan 
175.125, 77.375, 5.0890235374888284e-24, nan 
175.375, 77.375, 6.086816450641737e-24, nan 
175.625, 77.375, 5.8538637809635085e-24, nan 
175.875, 77.375, 5.836106073725381e-24, nan 
176.125, 77.375, 5.917745919839359e-24, nan 
176.375, 77.375, 4.957935554362247e-24, nan 
176.625, 77.375, 4.877383047067605e-24, nan 
176.875, 77.375, 3.333169915486958e-24, nan 
177.125, 77.375, 4.7361705204706e-24, nan 
177.375, 77.375, 8.14129244610647e-24, nan 
177.625, 77.375, 6.999106127399578e-24, nan 
177.875, 77.375, 5.475888585275416e-24, nan 
178.125, 77.375, 3.043596544592722e-24, nan 
178.375, 77.375, 2.569902223052902e-24, nan 
178.625, 77.375, 4.4582244400882395e-24, nan 
178.875, 77.375, 5.106867351524166e-24, nan 
179.125, 77.375, 4.614523897103313e-24, nan 
179.375, 77.375, 4.1160422628862044e-24, nan 
179.625, 77.375, 3.660255664866712e-24, nan 
179.875, 77.375, 3.4864946506329694e-24, nan 
-179.875, 77.625, 2.6888520346991533e-24, nan 
-179.625, 77.625, 3.519852981320144e-24, nan 
-179.375, 77.625, 3.9652800987050356e-24, nan 
-179.125, 77.625, 3.58880661174465e-24, nan 
-178.875, 77.625, 5.15596563411478e-24, nan 
-178.625, 77.625, 9.249614502257636e-24, nan 
-178.375, 77.625, 8.780691149511554e-24, nan 
-178.125, 77.625, 8.891967243186724e-24, nan 
20.875, 77.625, 1.363403357073393e-24, nan 
21.125, 77.625, 1.3048061899006355e-24, nan 
21.375, 77.625, 9.4459192738952e-25, nan 
21.625, 77.625, 1.338671133443289e-24, nan 
21.875, 77.625, 1.9655865114501776e-24, nan 
22.125, 77.625, 1.3330089106982431e-24, nan 
22.375, 77.625, 1.2000223344379294e-24, nan 
22.625, 77.625, 1.0992963356469054e-24, nan 
22.875, 77.625, 1.132267009867032e-24, nan 
23.125, 77.625, 1.2723596440369435e-24, nan 
23.375, 77.625, 1.1334886828730773e-24, nan 
23.625, 77.625, 2.025375480087323e-24, nan 
23.875, 77.625, 1.5007697660910903e-24, nan 
24.125, 77.625, 1.3804407060053694e-24, nan 
24.375, 77.625, 9.428942141060772e-25, nan 
24.625, 77.625, 2.0879481953206674e-24, nan 
24.875, 77.625, 1.3047273771080441e-24, nan 
25.125, 77.625, 1.297554285282472e-24, nan 
25.375, 77.625, 1.108203937481106e-24, nan 
25.625, 77.625, 1.1351763178654401e-24, nan 
25.875, 77.625, 1.9084077243065026e-24, nan 
26.125, 77.625, 1.496646351618595e-24, nan 
26.375, 77.625, 1.4508809458116772e-24, nan 
26.625, 77.625, 1.3187465317743619e-24, nan 
26.875, 77.625, 1.3151735810901776e-24, nan 
27.125, 77.625, 1.055374616209913e-24, nan 
27.375, 77.625, 8.244632060426134e-25, nan 
27.625, 77.625, 8.260094361562381e-25, nan 
27.875, 77.625, 4.950588955378043e-25, nan 
28.125, 77.625, 8.18217273138739e-25, nan 
28.375, 77.625, 6.182582466294206e-25, nan 
28.625, 77.625, 7.857167051732654e-25, nan 
28.875, 77.625, 1.1209483223107709e-24, nan 
29.125, 77.625, 1.2644488278724062e-24, nan 
29.375, 77.625, 1.1489873611371516e-24, nan 
29.625, 77.625, 1.695716366808521e-24, nan 
29.875, 77.625, 2.0937902295456178e-24, nan 
30.125, 77.625, 2.0165143804024383e-24, nan 
30.375, 77.625, 1.789857900218289e-24, nan 
30.625, 77.625, 1.6348233169417531e-24, nan 
30.875, 77.625, 2.750249293412982e-24, nan 
31.125, 77.625, 2.7865329979249592e-24, nan 
31.375, 77.625, 3.2594365743275946e-24, nan 
31.625, 77.625, 3.558746676222012e-24, nan 
31.875, 77.625, 3.639044125776853e-24, nan 
32.125, 77.625, 4.525263271922935e-24, nan 
32.375, 77.625, 3.6869805023141894e-24, nan 
32.625, 77.625, 3.0882340540286764e-24, nan 
32.875, 77.625, 2.6821552656684168e-24, nan 
33.125, 77.625, 3.0710684678145177e-24, nan 
33.375, 77.625, 2.6237988829934062e-24, nan 
33.625, 77.625, 3.8258779724015865e-24, nan 
33.875, 77.625, 3.680300539451254e-24, nan 
34.125, 77.625, 1.3240712989497586e-24, nan 
34.375, 77.625, 1.3478791607109977e-24, nan 
34.625, 77.625, 1.988106215950207e-24, nan 
34.875, 77.625, 2.8044715763039452e-24, nan 
35.125, 77.625, 2.807427249807204e-24, nan 
35.375, 77.625, 1.5653964970826255e-24, nan 
35.625, 77.625, 1.069399058534469e-24, nan 
35.875, 77.625, 1.1775306388508498e-24, nan 
36.125, 77.625, 2.1762410100672707e-24, nan 
36.375, 77.625, 9.642153000882067e-25, nan 
36.625, 77.625, 1.4521885712736726e-24, nan 
36.875, 77.625, 8.389330971694197e-25, nan 
37.125, 77.625, 2.000421441069209e-24, nan 
37.375, 77.625, 2.7170365663975837e-24, nan 
37.625, 77.625, 2.3794992292638844e-24, nan 
37.875, 77.625, 3.1792244619814454e-24, nan 
38.125, 77.625, 4.735107975108723e-24, nan 
38.375, 77.625, 4.5198212234533394e-24, nan 
38.625, 77.625, 5.4966220983558564e-24, nan 
38.875, 77.625, 4.744483532568531e-24, nan 
39.125, 77.625, 3.597042060767695e-24, nan 
39.375, 77.625, 3.87919496298446e-24, nan 
39.625, 77.625, 5.144826618859773e-24, nan 
39.875, 77.625, 3.339407207598685e-24, nan 
40.125, 77.625, 3.707525169761118e-24, nan 
40.375, 77.625, 4.0613608521479595e-24, nan 
40.625, 77.625, 6.694381001433995e-24, nan 
40.875, 77.625, 5.075134349996164e-24, nan 
41.125, 77.625, 3.507940200994065e-24, nan 
41.375, 77.625, 3.971054362769919e-24, nan 
41.625, 77.625, 6.344569770063408e-24, nan 
41.875, 77.625, 8.158196456947215e-24, nan 
42.125, 77.625, 3.808165848185078e-24, nan 
42.375, 77.625, 1.300666685117308e-24, nan 
42.625, 77.625, 2.822500025750455e-24, nan 
42.875, 77.625, 3.612992415263845e-24, nan 
43.125, 77.625, 6.5558668311845024e-24, nan 
43.375, 77.625, 6.665345108203783e-24, nan 
43.625, 77.625, 6.2668403518372766e-24, nan 
43.875, 77.625, 5.021920736301827e-24, nan 
44.125, 77.625, 4.911494421762126e-24, nan 
44.375, 77.625, 5.728368544229722e-24, nan 
44.625, 77.625, 7.125322420812193e-24, nan 
44.875, 77.625, 7.186154106420648e-24, nan 
45.125, 77.625, 6.078632841725789e-24, nan 
45.375, 77.625, 5.135177661699923e-24, nan 
45.625, 77.625, 5.2092098842007626e-24, nan 
45.875, 77.625, 3.2837992644827875e-24, nan 
46.125, 77.625, 3.381961636833502e-24, nan 
46.375, 77.625, 3.342213642709535e-24, nan 
46.625, 77.625, 4.368392059329737e-24, nan 
46.875, 77.625, 1.1042999689835072e-24, nan 
47.125, 77.625, 2.3660194556656362e-24, nan 
47.375, 77.625, 3.8743367321497194e-24, nan 
47.625, 77.625, 4.115292271892415e-24, nan 
47.875, 77.625, 3.1168498423492285e-24, nan 
48.125, 77.625, 3.0467191486799103e-24, nan 
48.375, 77.625, 4.7383680349758886e-24, nan 
48.625, 77.625, 7.24586361770243e-24, nan 
48.875, 77.625, 8.55427613501044e-24, nan 
49.125, 77.625, 4.5427954588657525e-24, nan 
49.375, 77.625, 5.324732000381216e-24, nan 
49.625, 77.625, 7.572637353447462e-24, nan 
49.875, 77.625, 4.3575349899242374e-24, nan 
50.125, 77.625, 5.97277708070235e-24, nan 
50.375, 77.625, 7.101747006412542e-24, nan 
50.625, 77.625, 5.7851299593171e-24, nan 
50.875, 77.625, 8.92645209595802e-24, nan 
51.125, 77.625, 6.875248198629302e-24, nan 
51.375, 77.625, 1.2258218304072262e-23, nan 
51.625, 77.625, 1.1022584485371753e-23, nan 
51.875, 77.625, 1.5577739288262542e-23, nan 
52.125, 77.625, 3.787172334006253e-24, nan 
52.375, 77.625, 5.819129530434901e-24, nan 
52.625, 77.625, 2.0198913589361988e-23, nan 
52.875, 77.625, 1.1374682957011939e-23, nan 
53.125, 77.625, 1.3143908807998903e-23, nan 
53.375, 77.625, 1.0404291819295527e-23, nan 
53.625, 77.625, 1.2047464753514908e-23, nan 
53.875, 77.625, 1.3125304561881478e-23, nan 
54.125, 77.625, 1.1689818161861024e-23, nan 
54.375, 77.625, 1.0128014542290106e-23, nan 
54.625, 77.625, 8.729931852362789e-24, nan 
54.875, 77.625, 5.859000040669626e-24, nan 
55.125, 77.625, 1.488003779197213e-23, nan 
55.375, 77.625, 2.457697935974654e-23, nan 
55.625, 77.625, 3.006243495483665e-23, nan 
55.875, 77.625, 1.3063391062785305e-23, nan 
56.125, 77.625, 1.9406134420979935e-23, nan 
56.375, 77.625, 1.4978363875411004e-23, nan 
56.625, 77.625, 1.1055262895121136e-23, nan 
56.875, 77.625, 1.6046969296540964e-23, nan 
57.125, 77.625, 1.880880084300769e-23, nan 
57.375, 77.625, 2.511654119649919e-23, nan 
57.625, 77.625, 1.4442750981573665e-23, nan 
57.875, 77.625, 2.780770624184918e-23, nan 
58.125, 77.625, 3.567264462721655e-23, nan 
58.375, 77.625, 4.5910836439955225e-23, nan 
58.625, 77.625, 4.998595725340407e-23, nan 
58.875, 77.625, 5.824611534097401e-23, nan 
59.125, 77.625, 5.090301874887363e-23, nan 
59.375, 77.625, 5.0022710014371136e-23, nan 
59.625, 77.625, 6.067642195879864e-23, nan 
59.875, 77.625, 5.845008910229545e-23, nan 
60.125, 77.625, 6.5616176468614e-23, nan 
60.375, 77.625, 5.835248666921828e-23, nan 
60.625, 77.625, 5.393310544474722e-23, nan 
60.875, 77.625, 7.134629623361587e-23, nan 
61.125, 77.625, 6.444066435446741e-23, nan 
61.375, 77.625, 4.4883025679067893e-23, nan 
61.625, 77.625, 2.6015569681216926e-23, nan 
61.875, 77.625, 1.7457468229396668e-23, nan 
62.125, 77.625, 3.537549801658031e-23, nan 
62.375, 77.625, 3.763970710857059e-23, nan 
62.625, 77.625, 3.510311981542157e-23, nan 
62.875, 77.625, 2.966591904304777e-23, nan 
63.125, 77.625, 2.0827114527717017e-23, nan 
63.375, 77.625, 2.7307271536379194e-23, nan 
63.625, 77.625, 3.774941386535856e-23, nan 
63.875, 77.625, 4.860093441663178e-23, nan 
64.125, 77.625, 4.2413612615884576e-23, nan 
64.375, 77.625, 7.599165927618577e-23, nan 
64.625, 77.625, 5.389738448968319e-23, nan 
64.875, 77.625, 6.686344739892959e-23, nan 
65.125, 77.625, 4.124823157394315e-23, nan 
65.375, 77.625, 2.7322879619334365e-23, nan 
65.625, 77.625, 2.469624272335067e-23, nan 
65.875, 77.625, 2.0734932456488898e-23, nan 
66.125, 77.625, 1.538729790071548e-23, nan 
66.375, 77.625, 4.101397779750754e-23, nan 
66.625, 77.625, 1.4437651377667988e-23, nan 
66.875, 77.625, 1.7295985275153344e-23, nan 
67.125, 77.625, 3.437524717902697e-23, nan 
67.375, 77.625, 2.078350238434129e-23, nan 
67.625, 77.625, 2.7956648864708525e-23, nan 
67.875, 77.625, 2.1317330386185867e-23, nan 
68.125, 77.625, 3.011600216927107e-23, nan 
68.375, 77.625, 3.7653171503967114e-23, nan 
68.625, 77.625, 3.507091353642756e-23, nan 
68.875, 77.625, 2.9594661274783167e-23, nan 
69.125, 77.625, 2.748499873658958e-23, nan 
69.375, 77.625, 3.320492093522444e-23, nan 
69.625, 77.625, 1.97397841262478e-23, nan 
69.875, 77.625, 3.0369079934279e-23, nan 
70.125, 77.625, 1.9635758746978024e-23, nan 
70.375, 77.625, 2.4618592996416058e-23, nan 
70.625, 77.625, 3.8981123899035884e-23, nan 
70.875, 77.625, 1.0396440987831032e-22, nan 
71.125, 77.625, 1.1205917190763611e-22, nan 
71.375, 77.625, 7.263896991520817e-23, nan 
71.625, 77.625, 4.6416447120939633e-23, nan 
71.875, 77.625, 3.2476776748054335e-23, nan 
72.125, 77.625, 3.483870529119298e-23, nan 
72.375, 77.625, 5.875948613588045e-23, nan 
72.625, 77.625, 1.0091544307099309e-22, nan 
72.875, 77.625, 5.1644741488704146e-23, nan 
73.125, 77.625, 4.1948787158560025e-23, nan 
73.375, 77.625, 2.846916473858454e-23, nan 
73.625, 77.625, 6.080193652248936e-23, nan 
73.875, 77.625, 1.0002136601440832e-22, nan 
74.125, 77.625, 4.319971763193056e-23, nan 
74.375, 77.625, 5.814592280670643e-23, nan 
74.625, 77.625, 9.203851928092269e-23, nan 
74.875, 77.625, 9.071308083038809e-23, nan 
75.125, 77.625, 7.864279659168877e-23, nan 
75.375, 77.625, 7.362206747963487e-23, nan 
75.625, 77.625, 1.2149870760048976e-22, nan 
75.875, 77.625, 1.3542005075895445e-22, nan 
76.125, 77.625, 1.2624589481822908e-22, nan 
76.375, 77.625, 5.975948809534945e-23, nan 
76.625, 77.625, 9.318597593602369e-23, nan 
76.875, 77.625, 1.570886768758548e-22, nan 
77.125, 77.625, 9.710662440730866e-23, nan 
77.375, 77.625, 1.0118553288320184e-22, nan 
77.625, 77.625, 9.954393514032512e-23, nan 
77.875, 77.625, 1.0910839342892862e-22, nan 
78.125, 77.625, 8.846863748000618e-23, nan 
78.375, 77.625, 8.686015927539093e-23, nan 
78.625, 77.625, 5.78657537564255e-23, nan 
78.875, 77.625, 1.6953127237707617e-22, nan 
79.125, 77.625, 1.6249493097120518e-22, nan 
79.375, 77.625, 1.5602790186428987e-22, nan 
79.625, 77.625, 1.0697001496862802e-22, nan 
79.875, 77.625, 1.2431065409085774e-22, nan 
80.125, 77.625, 1.3232929620851957e-22, nan 
80.375, 77.625, 1.3893828797328227e-22, nan 
80.625, 77.625, 2.484984360501539e-22, nan 
80.875, 77.625, 1.6354130302454976e-22, nan 
81.125, 77.625, 8.709312040874679e-23, nan 
81.375, 77.625, 2.62687095257022e-22, nan 
81.625, 77.625, 1.8704450187264153e-22, nan 
81.875, 77.625, 3.974097202343597e-22, nan 
82.125, 77.625, 2.534508305248195e-22, nan 
82.375, 77.625, 2.417358127697483e-22, nan 
82.625, 77.625, 3.3641739906413146e-22, nan 
82.875, 77.625, 3.002504015913315e-22, nan 
83.125, 77.625, 3.616971012177837e-22, nan 
83.375, 77.625, 1.6615755933375051e-22, nan 
83.625, 77.625, 2.118746095621889e-22, nan 
83.875, 77.625, 2.9502077362010774e-22, nan 
84.125, 77.625, 7.185938182955437e-23, nan 
84.375, 77.625, 9.349385184636626e-23, nan 
84.625, 77.625, 1.5286225520156842e-22, nan 
84.875, 77.625, 2.587472019823056e-22, nan 
85.125, 77.625, 1.9271310889646996e-22, nan 
85.375, 77.625, 1.8713648903888835e-22, nan 
85.625, 77.625, 1.6910581270089436e-22, nan 
85.875, 77.625, 3.3319240242093926e-22, nan 
86.125, 77.625, 1.3669425625823799e-21, nan 
86.375, 77.625, 1.6113686358291598e-21, nan 
86.625, 77.625, 1.6707736714149988e-21, nan 
86.875, 77.625, 1.2178595531475597e-21, nan 
87.125, 77.625, 8.99888013257251e-22, nan 
87.375, 77.625, 2.327405149946282e-21, nan 
87.625, 77.625, 2.5771286519174886e-21, nan 
87.875, 77.625, 1.741613704174224e-21, nan 
88.125, 77.625, 9.926301974372454e-22, nan 
88.375, 77.625, 1.5190054439749473e-21, nan 
88.625, 77.625, 2.7155543471240566e-21, nan 
88.875, 77.625, 3.4216483882569625e-21, nan 
89.125, 77.625, 3.6421770535811416e-21, nan 
89.375, 77.625, 3.7051882915273846e-21, nan 
89.625, 77.625, 3.90036693485997e-21, nan 
89.875, 77.625, 4.6429275086854114e-21, nan 
90.125, 77.625, 3.813833079593526e-21, nan 
90.375, 77.625, 3.236921074416584e-21, nan 
90.625, 77.625, 3.118334980385261e-21, nan 
90.875, 77.625, 2.8744396169738926e-21, nan 
91.125, 77.625, 2.7350878665461015e-21, nan 
91.375, 77.625, 3.3134461583261034e-21, nan 
91.625, 77.625, 2.530137102692668e-21, nan 
91.875, 77.625, 2.1370841648449578e-21, nan 
92.125, 77.625, 1.2972216638900606e-21, nan 
92.375, 77.625, 1.0219942154275185e-21, nan 
92.625, 77.625, 1.571465217205012e-21, nan 
92.875, 77.625, 1.5519267388599605e-21, nan 
93.125, 77.625, 1.9407369663004508e-21, nan 
93.375, 77.625, 1.8073175443138596e-21, nan 
93.625, 77.625, 2.307088166766403e-21, nan 
93.875, 77.625, 2.7753389519551587e-21, nan 
94.125, 77.625, 2.703763930499477e-21, nan 
94.375, 77.625, 2.9631387397298993e-21, nan 
94.625, 77.625, 2.8301155196407046e-21, nan 
94.875, 77.625, 2.573347531404456e-21, nan 
95.125, 77.625, 2.285919885625278e-21, nan 
95.375, 77.625, 2.5277321858479353e-21, nan 
95.625, 77.625, 2.555180771862344e-21, nan 
95.875, 77.625, 2.7578006936048018e-21, nan 
96.125, 77.625, 2.766257419752792e-21, nan 
96.375, 77.625, 2.906076910616909e-21, nan 
96.625, 77.625, 3.4194014428806245e-21, nan 
96.875, 77.625, 3.1765190187261244e-21, nan 
97.125, 77.625, 3.1416336473748925e-21, nan 
97.375, 77.625, 2.0202962908911295e-21, nan 
97.625, 77.625, 2.140065199142424e-21, nan 
97.875, 77.625, 2.7231924516387838e-21, nan 
98.125, 77.625, 2.7831557781452514e-21, nan 
98.375, 77.625, 2.5772561164759656e-21, nan 
98.625, 77.625, 1.3683016249342695e-21, nan 
98.875, 77.625, 1.100187315131692e-21, nan 
99.125, 77.625, 9.73237477977605e-22, nan 
99.375, 77.625, 1.0196560506726732e-21, nan 
99.625, 77.625, 1.961144193465417e-21, nan 
99.875, 77.625, 1.9237722882917856e-21, nan 
100.125, 77.625, 1.8015057122506155e-21, nan 
100.375, 77.625, 1.950774362636156e-21, nan 
100.625, 77.625, 2.3952681724441855e-21, nan 
100.875, 77.625, 3.1426632227496884e-21, nan 
101.125, 77.625, 3.648589674612965e-21, nan 
101.375, 77.625, 3.659182577906368e-21, nan 
101.625, 77.625, 3.3179411454610112e-21, nan 
101.875, 77.625, 3.251555199052066e-21, nan 
102.125, 77.625, 2.3879546376241895e-21, nan 
102.375, 77.625, 2.2925801213240302e-21, nan 
102.625, 77.625, 2.353681672683491e-21, nan 
102.875, 77.625, 2.4665433517763358e-21, nan 
103.125, 77.625, 2.409455459993777e-21, nan 
103.375, 77.625, 1.936692747704082e-21, nan 
103.625, 77.625, 1.6327338269603081e-21, nan 
103.875, 77.625, 1.5306878995419409e-21, nan 
104.125, 77.625, 1.2316123634264338e-21, nan 
104.375, 77.625, 1.5970209441871907e-21, nan 
104.625, 77.625, 1.288121960530613e-21, nan 
104.875, 77.625, 1.3092596968760512e-21, nan 
105.125, 77.625, 1.3251795150505776e-21, nan 
105.375, 77.625, 6.937380796143672e-22, nan 
105.625, 77.625, 9.731386391156985e-22, nan 
105.875, 77.625, 1.1054187703812571e-21, nan 
106.125, 77.625, 1.33597864875454e-21, nan 
106.375, 77.625, 1.10622299504337e-21, nan 
106.625, 77.625, 1.3853934234933975e-21, nan 
106.875, 77.625, 1.0445827882319973e-21, nan 
107.125, 77.625, 6.818310210942503e-22, nan 
107.375, 77.625, 8.104929783638386e-22, nan 
107.625, 77.625, 6.052258875784094e-22, nan 
107.875, 77.625, 3.4414600912806936e-22, nan 
108.125, 77.625, 2.950788085051168e-22, nan 
108.375, 77.625, 3.9050336932537965e-22, nan 
108.625, 77.625, 5.567314599361614e-22, nan 
108.875, 77.625, 1.262036371530988e-21, nan 
109.125, 77.625, 4.270576433565197e-22, nan 
109.375, 77.625, 9.20628734329478e-22, nan 
109.625, 77.625, 1.0888809758057549e-21, nan 
109.875, 77.625, 9.717535866597422e-22, nan 
110.125, 77.625, 4.138194898708697e-21, nan 
110.375, 77.625, 3.582421111860436e-21, nan 
110.625, 77.625, 3.499691351523055e-21, nan 
110.875, 77.625, 2.2903280694295794e-21, nan 
111.125, 77.625, 1.4049602172550584e-21, nan 
111.375, 77.625, 6.114408395697887e-21, nan 
111.625, 77.625, 5.158343860747848e-21, nan 
111.875, 77.625, 3.1786374851800368e-21, nan 
112.125, 77.625, 1.5030841260613947e-21, nan 
112.375, 77.625, 9.864111869135958e-22, nan 
112.625, 77.625, 2.2323023387375918e-21, nan 
112.875, 77.625, 2.019229425005313e-21, nan 
113.125, 77.625, 1.1593628333229945e-21, nan 
113.375, 77.625, 6.6145467367398875e-22, nan 
113.625, 77.625, 7.722015726390044e-22, nan 
113.875, 77.625, 4.89017695005936e-22, nan 
114.125, 77.625, 6.176605633304343e-22, nan 
114.375, 77.625, 8.442521647664927e-22, nan 
114.625, 77.625, 7.116486897983972e-22, nan 
114.875, 77.625, 5.397319506188414e-22, nan 
115.125, 77.625, 2.9016682750391705e-22, nan 
115.375, 77.625, 8.568104160414878e-22, nan 
115.625, 77.625, 8.96917364531791e-22, nan 
115.875, 77.625, 8.523709868028806e-22, nan 
116.125, 77.625, 7.926590603926768e-22, nan 
116.375, 77.625, 9.770774286053266e-22, nan 
116.625, 77.625, 1.003316446640628e-21, nan 
116.875, 77.625, 2.6030408790979533e-21, nan 
117.125, 77.625, 2.3192872348121167e-21, nan 
117.375, 77.625, 2.3692690307568986e-21, nan 
117.625, 77.625, 3.0143315215428478e-21, nan 
117.875, 77.625, 2.323457796280954e-21, nan 
118.125, 77.625, 3.77641798764834e-21, nan 
118.375, 77.625, 2.7213012791889325e-21, nan 
118.625, 77.625, 2.415309328006786e-21, nan 
118.875, 77.625, 2.503338187250026e-21, nan 
119.125, 77.625, 1.8836199799403053e-21, nan 
119.375, 77.625, 1.1801105990325698e-21, nan 
119.625, 77.625, 9.228991078946378e-22, nan 
119.875, 77.625, 1.4768509455278438e-21, nan 
120.125, 77.625, 1.8748098000257375e-21, nan 
120.375, 77.625, 1.7330285461536964e-21, nan 
120.625, 77.625, 9.017970763572728e-22, nan 
120.875, 77.625, 3.1225144853106136e-22, nan 
121.125, 77.625, 8.725328441874337e-22, nan 
121.375, 77.625, 1.2092555605646153e-21, nan 
121.625, 77.625, 1.2998402685949712e-21, nan 
121.875, 77.625, 8.912966722524405e-22, nan 
122.125, 77.625, 8.370767559235921e-22, nan 
122.375, 77.625, 8.959151802929148e-22, nan 
122.625, 77.625, 9.888726940586467e-22, nan 
122.875, 77.625, 1.0223903012220495e-21, nan 
123.125, 77.625, 9.136961249208868e-22, nan 
123.375, 77.625, 1.0263389414731511e-21, nan 
123.625, 77.625, 1.0216471448567215e-21, nan 
123.875, 77.625, 1.1810027087236242e-21, nan 
124.125, 77.625, 1.2233863244672483e-21, nan 
124.375, 77.625, 1.121344858745009e-21, nan 
124.625, 77.625, 7.845069376017734e-22, nan 
124.875, 77.625, 6.283463562494047e-22, nan 
125.125, 77.625, 4.648021106803231e-22, nan 
125.375, 77.625, 3.9979799625801697e-22, nan 
125.625, 77.625, 4.686826244348496e-22, nan 
125.875, 77.625, 3.7788808619610566e-22, nan 
126.125, 77.625, 4.474968515316071e-22, nan 
126.375, 77.625, 4.38270163168916e-22, nan 
126.625, 77.625, 3.358755356299979e-22, nan 
126.875, 77.625, 4.1266221112122694e-22, nan 
127.125, 77.625, 3.520457726120707e-22, nan 
127.375, 77.625, 4.870839483787758e-22, nan 
127.625, 77.625, 3.0747552978131915e-22, nan 
127.875, 77.625, 4.251105322132755e-22, nan 
128.125, 77.625, 4.259183986002111e-22, nan 
128.375, 77.625, 2.6314644931249524e-22, nan 
128.625, 77.625, 2.968912344615603e-22, nan 
128.875, 77.625, 1.8279349947977154e-22, nan 
129.125, 77.625, 3.1736386618234006e-22, nan 
129.375, 77.625, 2.90667299484827e-22, nan 
129.625, 77.625, 2.352021465504804e-22, nan 
129.875, 77.625, 2.197290903373036e-22, nan 
130.125, 77.625, 1.8246006117917967e-22, nan 
130.375, 77.625, 1.6901333254682035e-22, nan 
130.625, 77.625, 1.5354421309400698e-22, nan 
130.875, 77.625, 1.2674454870392993e-22, nan 
131.125, 77.625, 1.5974306472486656e-22, nan 
131.375, 77.625, 1.710845528895029e-22, nan 
131.625, 77.625, 1.5136858425604524e-22, nan 
131.875, 77.625, 9.354793204991071e-23, nan 
132.125, 77.625, 9.61298777594107e-23, nan 
132.375, 77.625, 6.352401190121684e-23, nan 
132.625, 77.625, 6.48208892599148e-23, nan 
132.875, 77.625, 7.314440956144664e-23, nan 
133.125, 77.625, 7.686029276854598e-23, nan 
133.375, 77.625, 7.351347947698774e-23, nan 
133.625, 77.625, 6.136597298168006e-23, nan 
133.875, 77.625, 3.7606144943411804e-23, nan 
134.125, 77.625, 3.3764138143635526e-23, nan 
134.375, 77.625, 3.9672975436232646e-23, nan 
134.625, 77.625, 6.437374823075824e-23, nan 
134.875, 77.625, 7.226313174970081e-23, nan 
135.125, 77.625, 9.000797107531097e-23, nan 
135.375, 77.625, 9.313050422924149e-23, nan 
135.625, 77.625, 5.938403231165098e-23, nan 
135.875, 77.625, 4.756743295994272e-23, nan 
136.125, 77.625, 5.465022730749146e-23, nan 
136.375, 77.625, 7.483391217158507e-23, nan 
136.625, 77.625, 6.458190222700487e-23, nan 
136.875, 77.625, 5.257065326878781e-23, nan 
137.125, 77.625, 2.79511994051414e-23, nan 
137.375, 77.625, 4.9797491106746833e-23, nan 
137.625, 77.625, 7.44928964460917e-23, nan 
137.875, 77.625, 5.900907762723711e-23, nan 
138.125, 77.625, 6.372937397062772e-23, nan 
138.375, 77.625, 4.187513436828592e-23, nan 
138.625, 77.625, 4.3617584827753374e-23, nan 
138.875, 77.625, 6.255694019531203e-23, nan 
139.125, 77.625, 5.523083779871417e-23, nan 
139.375, 77.625, 7.055956483503735e-23, nan 
139.625, 77.625, 6.177947635295116e-23, nan 
139.875, 77.625, 6.551844956440568e-23, nan 
140.125, 77.625, 5.545088366573945e-23, nan 
140.375, 77.625, 1.2896875803588115e-22, nan 
140.625, 77.625, 5.0891296394869794e-23, nan 
140.875, 77.625, 4.3434379226895964e-23, nan 
141.125, 77.625, 4.574955598826801e-23, nan 
141.375, 77.625, 4.866847875991791e-23, nan 
141.625, 77.625, 4.5471045787685386e-23, nan 
141.875, 77.625, 4.349278084365896e-23, nan 
142.125, 77.625, 3.8749813664411444e-23, nan 
142.375, 77.625, 2.808115466293354e-23, nan 
142.625, 77.625, 4.4226270758526336e-23, nan 
142.875, 77.625, 3.346336572405955e-23, nan 
143.125, 77.625, 2.754218386300624e-23, nan 
143.375, 77.625, 3.082476633275732e-23, nan 
143.625, 77.625, 1.7909686481523753e-23, nan 
143.875, 77.625, 1.771824089189412e-23, nan 
144.125, 77.625, 5.991501570757996e-24, nan 
144.375, 77.625, 7.787116873816501e-24, nan 
144.625, 77.625, 1.98524728691105e-23, nan 
144.875, 77.625, 2.6257041594383573e-23, nan 
145.125, 77.625, 2.59004942730622e-23, nan 
145.375, 77.625, 9.245524601248367e-24, nan 
145.625, 77.625, 1.7933101440652467e-23, nan 
145.875, 77.625, 2.974813912531774e-23, nan 
146.125, 77.625, 2.7112546484862907e-23, nan 
146.375, 77.625, 2.945810672542742e-23, nan 
146.625, 77.625, 2.114238297519587e-23, nan 
146.875, 77.625, 1.6340156561553878e-23, nan 
147.125, 77.625, 1.4103547233341612e-23, nan 
147.375, 77.625, 1.2245804861385711e-23, nan 
147.625, 77.625, 1.805782298280177e-23, nan 
147.875, 77.625, 1.6529146025537426e-23, nan 
148.125, 77.625, 1.2652736835890417e-23, nan 
148.375, 77.625, 1.4087398333877907e-23, nan 
148.625, 77.625, 1.5811739031004934e-23, nan 
148.875, 77.625, 1.8208804919436343e-23, nan 
149.125, 77.625, 2.205336691877585e-23, nan 
149.375, 77.625, 1.5713301798224093e-23, nan 
149.625, 77.625, 2.0576725900674044e-23, nan 
149.875, 77.625, 2.597865715054982e-23, nan 
150.125, 77.625, 3.068738494324389e-23, nan 
150.375, 77.625, 3.9071755114901505e-23, nan 
150.625, 77.625, 3.7887531794971605e-23, nan 
150.875, 77.625, 3.602032505000294e-23, nan 
151.125, 77.625, 2.4836333592905267e-23, nan 
151.375, 77.625, 1.917735232116839e-23, nan 
151.625, 77.625, 2.187275138640841e-23, nan 
151.875, 77.625, 2.175798958646517e-23, nan 
152.125, 77.625, 2.3349270588538683e-23, nan 
152.375, 77.625, 1.5905432651526666e-23, nan 
152.625, 77.625, 1.646038711201096e-23, nan 
152.875, 77.625, 1.4889674317904238e-23, nan 
153.125, 77.625, 1.0702405355003398e-23, nan 
153.375, 77.625, 9.353959788949264e-24, nan 
153.625, 77.625, 1.2751024911076392e-23, nan 
153.875, 77.625, 1.861711194906725e-23, nan 
154.125, 77.625, 1.52873912952499e-23, nan 
154.375, 77.625, 1.0530767201698132e-23, nan 
154.625, 77.625, 8.273386971999854e-24, nan 
154.875, 77.625, 7.771781972085111e-24, nan 
155.125, 77.625, 4.619778237805208e-24, nan 
155.375, 77.625, 7.304431324890661e-24, nan 
155.625, 77.625, 4.919849324559962e-24, nan 
155.875, 77.625, 5.002344653832156e-24, nan 
156.125, 77.625, 4.129772253230924e-24, nan 
156.375, 77.625, 2.6414270589504265e-24, nan 
156.625, 77.625, 5.202643836770033e-24, nan 
156.875, 77.625, 4.929286154994131e-24, nan 
157.125, 77.625, 6.488086628448228e-24, nan 
157.375, 77.625, 4.223845233370478e-24, nan 
157.625, 77.625, 4.330869650764155e-24, nan 
157.875, 77.625, 5.4139814228067074e-24, nan 
158.125, 77.625, 5.0118910763000006e-24, nan 
158.375, 77.625, 9.579615514296305e-24, nan 
158.625, 77.625, 1.2164815115684453e-23, nan 
158.875, 77.625, 9.780725865810836e-24, nan 
159.125, 77.625, 7.645855440141406e-24, nan 
159.375, 77.625, 9.172573685743062e-24, nan 
159.625, 77.625, 1.0045622569938406e-23, nan 
159.875, 77.625, 9.680387632983173e-24, nan 
160.125, 77.625, 5.684473294013703e-24, nan 
160.375, 77.625, 3.4285753040342e-24, nan 
160.625, 77.625, 2.2404507180394304e-24, nan 
160.875, 77.625, 7.160695021550688e-24, nan 
161.125, 77.625, 5.2371884484322785e-24, nan 
161.375, 77.625, 4.9651081663922335e-24, nan 
161.625, 77.625, 8.073812678109125e-24, nan 
161.875, 77.625, 1.0076111343903702e-23, nan 
162.125, 77.625, 6.509382206567583e-24, nan 
162.375, 77.625, 8.089440301374874e-24, nan 
162.625, 77.625, 6.046404359908855e-24, nan 
162.875, 77.625, 6.592652238731229e-24, nan 
163.125, 77.625, 8.209184120197623e-24, nan 
163.375, 77.625, 6.5460585009554644e-24, nan 
163.625, 77.625, 7.62676644318816e-24, nan 
163.875, 77.625, 6.595545680432256e-24, nan 
164.125, 77.625, 4.20912790790643e-24, nan 
164.375, 77.625, 6.4045650257685135e-24, nan 
164.625, 77.625, 6.352027856012795e-24, nan 
164.875, 77.625, 6.5401876049301396e-24, nan 
165.125, 77.625, 7.524224964561475e-24, nan 
165.375, 77.625, 7.297881006774673e-24, nan 
165.625, 77.625, 5.321122937973249e-24, nan 
165.875, 77.625, 5.394987081540625e-24, nan 
166.125, 77.625, 5.9112941138274085e-24, nan 
166.375, 77.625, 6.937057865865224e-24, nan 
166.625, 77.625, 9.730425252036818e-24, nan 
166.875, 77.625, 1.089842508838137e-23, nan 
167.125, 77.625, 1.0747216395487313e-23, nan 
167.375, 77.625, 9.308896136500315e-24, nan 
167.625, 77.625, 8.459698245129332e-24, nan 
167.875, 77.625, 8.236815601702955e-24, nan 
168.125, 77.625, 5.5367786850585075e-24, nan 
168.375, 77.625, 3.886206162482223e-24, nan 
168.625, 77.625, 4.332164995476649e-24, nan 
168.875, 77.625, 4.523420734102836e-24, nan 
169.125, 77.625, 4.637048294142473e-24, nan 
169.375, 77.625, 3.3098519256350476e-24, nan 
169.625, 77.625, 3.316029315930255e-24, nan 
169.875, 77.625, 2.756274694468527e-24, nan 
170.125, 77.625, 2.7613681309567614e-24, nan 
170.375, 77.625, 3.0493560626120836e-24, nan 
170.625, 77.625, 5.3135909807389246e-24, nan 
170.875, 77.625, 9.145635889434478e-24, nan 
171.125, 77.625, 1.1153960727203334e-23, nan 
171.375, 77.625, 1.171105465043683e-23, nan 
171.625, 77.625, 1.1302051575402159e-23, nan 
171.875, 77.625, 1.1317548752834412e-23, nan 
172.125, 77.625, 1.0639353631965043e-23, nan 
172.375, 77.625, 1.210501186545622e-23, nan 
172.625, 77.625, 1.1194644550670778e-23, nan 
172.875, 77.625, 1.0017877037031297e-23, nan 
173.125, 77.625, 7.664728256898935e-24, nan 
173.375, 77.625, 6.938591448328008e-24, nan 
173.625, 77.625, 3.6488045117434915e-24, nan 
173.875, 77.625, 5.743609315868594e-24, nan 
174.125, 77.625, 6.234785605599046e-24, nan 
174.375, 77.625, 6.228051164423261e-24, nan 
174.625, 77.625, 6.131651972817576e-24, nan 
174.875, 77.625, 4.9868098087653315e-24, nan 
175.125, 77.625, 6.790318174821825e-24, nan 
175.375, 77.625, 7.359566381845031e-24, nan 
175.625, 77.625, 5.4376407915324466e-24, nan 
175.875, 77.625, 4.161774498505705e-24, nan 
176.125, 77.625, 4.09490496956126e-24, nan 
176.375, 77.625, 4.791609509390286e-24, nan 
176.625, 77.625, 4.248133162417312e-24, nan 
176.875, 77.625, 3.514624272685269e-24, nan 
177.125, 77.625, 3.2337551301117427e-24, nan 
177.375, 77.625, 4.738023964477542e-24, nan 
177.625, 77.625, 4.0796529322239745e-24, nan 
177.875, 77.625, 4.523341049577301e-24, nan 
178.125, 77.625, 3.0953507250705245e-24, nan 
178.375, 77.625, 1.4068945270033985e-24, nan 
178.625, 77.625, 2.0120419390804435e-24, nan 
178.875, 77.625, 3.535350122655178e-24, nan 
179.125, 77.625, 2.8802474653156923e-24, nan 
179.375, 77.625, 2.5245151553680694e-24, nan 
179.625, 77.625, 1.8547782434892483e-24, nan 
179.875, 77.625, 3.349487108467845e-24, nan 
-179.875, 77.875, 3.1200381603202786e-24, nan 
-179.625, 77.875, 3.8059599004253754e-24, nan 
-179.375, 77.875, 5.4832020201885325e-24, nan 
-179.125, 77.875, 6.73079924059389e-24, nan 
-178.875, 77.875, 7.968211397985297e-24, nan 
-178.625, 77.875, 7.593373908511712e-24, nan 
-178.375, 77.875, 8.553599512537175e-24, nan 
-178.125, 77.875, 7.440005217279215e-24, nan 
-177.875, 77.875, 4.1535999829309566e-24, nan 
20.625, 77.875, 6.993339374228037e-25, nan 
20.875, 77.875, 8.261856428988745e-25, nan 
21.125, 77.875, 9.531817281979715e-25, nan 
21.375, 77.875, 1.0382000468047723e-24, nan 
21.625, 77.875, 1.2821567125812791e-24, nan 
21.875, 77.875, 1.8263364276158158e-24, nan 
22.125, 77.875, 9.8533874220224e-25, nan 
22.375, 77.875, 9.374831039323677e-25, nan 
22.625, 77.875, 6.665868517609814e-25, nan 
22.875, 77.875, 7.938047764796453e-25, nan 
23.125, 77.875, 1.468168992688572e-24, nan 
23.375, 77.875, 1.0946742344615571e-24, nan 
23.625, 77.875, 7.286273621792623e-25, nan 
23.875, 77.875, 9.636330205073883e-25, nan 
24.125, 77.875, 3.913126197968169e-25, nan 
24.375, 77.875, 9.347117504768834e-25, nan 
24.625, 77.875, 9.399455145634654e-25, nan 
24.875, 77.875, 4.499253873205982e-25, nan 
25.125, 77.875, 9.41122566525339e-25, nan 
25.375, 77.875, 7.022820695334573e-25, nan 
25.625, 77.875, 6.357197882117316e-25, nan 
25.875, 77.875, 1.1054060561085187e-24, nan 
26.125, 77.875, 1.2137950608039424e-24, nan 
26.375, 77.875, 1.0723209121310761e-24, nan 
26.625, 77.875, 1.1137968898112828e-24, nan 
26.875, 77.875, 7.808832201543291e-25, nan 
27.125, 77.875, 1.077006310491649e-24, nan 
27.375, 77.875, 1.0519359152577569e-24, nan 
27.625, 77.875, 7.509196315388182e-25, nan 
27.875, 77.875, 7.862002991215692e-25, nan 
28.125, 77.875, 2.5153406583161483e-25, nan 
28.375, 77.875, 1.1198619855240266e-24, nan 
28.625, 77.875, 1.3777673755986437e-24, nan 
28.875, 77.875, 1.0311695271172069e-24, nan 
29.125, 77.875, 1.0762222033190019e-24, nan 
29.375, 77.875, 6.486580221277686e-25, nan 
29.625, 77.875, 2.3728810897677895e-24, nan 
29.875, 77.875, 2.5326549948064488e-24, nan 
30.125, 77.875, 1.8691170652179456e-24, nan 
30.375, 77.875, 1.0275660308459318e-24, nan 
30.625, 77.875, 1.1943977513037137e-24, nan 
30.875, 77.875, 1.5191675131268906e-24, nan 
31.125, 77.875, 2.3354646679850114e-24, nan 
31.375, 77.875, 3.2694973073446985e-24, nan 
31.625, 77.875, 3.235725963095548e-24, nan 
31.875, 77.875, 2.812788518734022e-24, nan 
32.125, 77.875, 4.401826065427314e-24, nan 
32.375, 77.875, 3.499824274925664e-24, nan 
32.625, 77.875, 3.938413044009693e-24, nan 
32.875, 77.875, 4.391291737825124e-24, nan 
33.125, 77.875, 4.010728740825188e-24, nan 
33.375, 77.875, 4.77143057054184e-24, nan 
33.625, 77.875, 4.572792685187047e-24, nan 
33.875, 77.875, 3.82388697687384e-24, nan 
34.125, 77.875, 2.4816305517532783e-24, nan 
34.375, 77.875, 3.287601199297482e-24, nan 
34.625, 77.875, 4.003620151956609e-24, nan 
34.875, 77.875, 3.5928533196608076e-24, nan 
35.125, 77.875, 2.6582947352635664e-24, nan 
35.375, 77.875, 1.8430589848718567e-24, nan 
35.625, 77.875, 2.365056630220233e-24, nan 
35.875, 77.875, 2.948242602138143e-24, nan 
36.125, 77.875, 2.705469652069476e-24, nan 
36.375, 77.875, 1.8317084121667644e-24, nan 
36.625, 77.875, 1.6420664529845591e-24, nan 
36.875, 77.875, 2.6029253158189623e-24, nan 
37.125, 77.875, 5.336015986692992e-24, nan 
37.375, 77.875, 5.220298303330125e-24, nan 
37.625, 77.875, 4.791620465513207e-24, nan 
37.875, 77.875, 3.41278607610709e-24, nan 
38.125, 77.875, 4.255849961431918e-24, nan 
38.375, 77.875, 7.597891731697036e-24, nan 
38.625, 77.875, 7.563048730333292e-24, nan 
38.875, 77.875, 6.233111589619174e-24, nan 
39.125, 77.875, 3.7571389676969155e-24, nan 
39.375, 77.875, 5.797626993014015e-24, nan 
39.625, 77.875, 9.88197376731024e-24, nan 
39.875, 77.875, 9.050397703248327e-24, nan 
40.125, 77.875, 8.73565259645338e-24, nan 
40.375, 77.875, 7.364083707231232e-24, nan 
40.625, 77.875, 8.09767811495292e-24, nan 
40.875, 77.875, 4.556102552065608e-24, nan 
41.125, 77.875, 3.6297345221301825e-24, nan 
41.375, 77.875, 3.757385774935929e-24, nan 
41.625, 77.875, 3.413928714646482e-24, nan 
41.875, 77.875, 7.259633768893655e-24, nan 
42.125, 77.875, 3.5721245810066494e-24, nan 
42.375, 77.875, 1.6580273487136705e-24, nan 
42.625, 77.875, 3.1506255603912975e-24, nan 
42.875, 77.875, 3.4152811084353046e-24, nan 
43.125, 77.875, 7.522593791295112e-24, nan 
43.375, 77.875, 5.8989801045705534e-24, nan 
43.625, 77.875, 3.3504084115848506e-24, nan 
43.875, 77.875, 4.117077295742798e-24, nan 
44.125, 77.875, 5.739166833297173e-24, nan 
44.375, 77.875, 6.697356823553983e-24, nan 
44.625, 77.875, 5.59606897972882e-24, nan 
44.875, 77.875, 4.453038447076245e-24, nan 
45.125, 77.875, 4.165301756554562e-24, nan 
45.375, 77.875, 6.855437403810828e-24, nan 
45.625, 77.875, 9.108207400825936e-24, nan 
45.875, 77.875, 4.298849062854979e-24, nan 
46.125, 77.875, 5.662691505566337e-24, nan 
46.375, 77.875, 3.555424721535944e-24, nan 
46.625, 77.875, 3.032214637795568e-24, nan 
46.875, 77.875, 1.6963941926234824e-24, nan 
47.125, 77.875, 1.9392444744024604e-24, nan 
47.375, 77.875, 2.625593215009808e-24, nan 
47.625, 77.875, 1.5436967864259371e-24, nan 
47.875, 77.875, 1.3276375213698296e-24, nan 
48.125, 77.875, 2.1397944286148853e-24, nan 
48.375, 77.875, 1.823299605350794e-24, nan 
48.625, 77.875, 5.081507295649986e-24, nan 
48.875, 77.875, 9.851090026746523e-24, nan 
49.125, 77.875, 8.284437242221065e-24, nan 
49.375, 77.875, 6.1915437059486635e-24, nan 
49.625, 77.875, 6.427374559734163e-24, nan 
49.875, 77.875, 8.213767220345319e-24, nan 
50.125, 77.875, 1.1772847282383716e-23, nan 
50.375, 77.875, 1.312367817298425e-23, nan 
50.625, 77.875, 6.130730747171887e-24, nan 
50.875, 77.875, 7.517832270186809e-24, nan 
51.125, 77.875, 7.061931839126408e-24, nan 
51.375, 77.875, 4.326796485911395e-24, nan 
51.625, 77.875, 7.074217606200604e-24, nan 
51.875, 77.875, 9.166263719014844e-24, nan 
52.125, 77.875, 5.922263440392799e-24, nan 
52.375, 77.875, 4.954594570198349e-24, nan 
52.625, 77.875, 7.139282513618152e-24, nan 
52.875, 77.875, 2.2748890355958568e-23, nan 
53.125, 77.875, 1.4639635163296072e-23, nan 
53.375, 77.875, 1.5146391680400313e-23, nan 
53.625, 77.875, 1.871953533802367e-23, nan 
53.875, 77.875, 6.362238504903499e-24, nan 
54.125, 77.875, 1.4845956913495548e-23, nan 
54.375, 77.875, 9.955074600523566e-24, nan 
54.625, 77.875, 1.3402950260445634e-23, nan 
54.875, 77.875, 1.707238171535724e-23, nan 
55.125, 77.875, 8.074024133227697e-24, nan 
55.375, 77.875, 5.864640329172145e-24, nan 
55.625, 77.875, 7.52642056873641e-24, nan 
55.875, 77.875, 1.7228774482888787e-23, nan 
56.125, 77.875, 1.497538389399891e-23, nan 
56.375, 77.875, 1.6788642824658334e-23, nan 
56.625, 77.875, 1.9014290428401707e-23, nan 
56.875, 77.875, 2.5558354555270455e-23, nan 
57.125, 77.875, 2.7518667949772626e-23, nan 
57.375, 77.875, 1.911941671328851e-23, nan 
57.625, 77.875, 2.2998187835296735e-23, nan 
57.875, 77.875, 2.6138855508381926e-23, nan 
58.125, 77.875, 2.4584209796401923e-23, nan 
58.375, 77.875, 1.5940074447594353e-23, nan 
58.625, 77.875, 3.449439244769904e-23, nan 
58.875, 77.875, 3.7423653009940916e-23, nan 
59.125, 77.875, 3.376732423281771e-23, nan 
59.375, 77.875, 3.395976542006245e-23, nan 
59.625, 77.875, 3.3965776801410184e-23, nan 
59.875, 77.875, 4.263792835378161e-23, nan 
60.125, 77.875, 5.422530405210866e-23, nan 
60.375, 77.875, 5.1949838754700416e-23, nan 
60.625, 77.875, 4.9915583822795857e-23, nan 
60.875, 77.875, 6.591745309657544e-23, nan 
61.125, 77.875, 6.087836518803694e-23, nan 
61.375, 77.875, 5.453499926017657e-23, nan 
61.625, 77.875, 5.493270904733273e-23, nan 
61.875, 77.875, 4.31239241773039e-23, nan 
62.125, 77.875, 6.086967063384268e-23, nan 
62.375, 77.875, 5.459179713548976e-23, nan 
62.625, 77.875, 6.4353551168331e-23, nan 
62.875, 77.875, 3.9250536358333007e-23, nan 
63.125, 77.875, 5.946183086858713e-23, nan 
63.375, 77.875, 4.4064470249814633e-23, nan 
63.625, 77.875, 5.677039925071009e-23, nan 
63.875, 77.875, 4.5467238969022905e-23, nan 
64.125, 77.875, 3.904107511366095e-23, nan 
64.375, 77.875, 1.0532392726512797e-22, nan 
64.625, 77.875, 7.266109521182452e-23, nan 
64.875, 77.875, 9.008479936622247e-23, nan 
65.125, 77.875, 4.5829860496803095e-23, nan 
65.375, 77.875, 3.656557417033876e-23, nan 
65.625, 77.875, 6.758748330356002e-23, nan 
65.875, 77.875, 5.2128822530525623e-23, nan 
66.125, 77.875, 7.897474818288417e-23, nan 
66.375, 77.875, 8.880247021519526e-23, nan 
66.625, 77.875, 1.0619471361008363e-22, nan 
66.875, 77.875, 7.618036092754379e-23, nan 
67.125, 77.875, 9.014216122779023e-23, nan 
67.375, 77.875, 8.265514753839399e-23, nan 
67.625, 77.875, 6.444986237646968e-23, nan 
67.875, 77.875, 4.576370380719969e-23, nan 
68.125, 77.875, 3.5467387385780475e-23, nan 
68.375, 77.875, 3.008331240447076e-23, nan 
68.625, 77.875, 2.8238544971383665e-23, nan 
68.875, 77.875, 3.266836951322978e-23, nan 
69.125, 77.875, 1.5667819482421973e-23, nan 
69.375, 77.875, 4.5260938200671037e-23, nan 
69.625, 77.875, 9.316938619433836e-23, nan 
69.875, 77.875, 1.079243539404305e-22, nan 
70.125, 77.875, 7.035660266567014e-23, nan 
70.375, 77.875, 2.797853939538737e-23, nan 
70.625, 77.875, 5.0074043041623255e-23, nan 
70.875, 77.875, 2.329486618870787e-22, nan 
71.125, 77.875, 2.558944048502574e-22, nan 
71.375, 77.875, 1.497102033574615e-22, nan 
71.625, 77.875, 6.057687981241347e-23, nan 
71.875, 77.875, 3.653791466892731e-23, nan 
72.125, 77.875, 1.5201087920528268e-22, nan 
72.375, 77.875, 1.5084920529903495e-22, nan 
72.625, 77.875, 9.927302203259063e-23, nan 
72.875, 77.875, 6.395313800102068e-23, nan 
73.125, 77.875, 5.36339497270433e-23, nan 
73.375, 77.875, 4.819813610702272e-23, nan 
73.625, 77.875, 3.5806046007158934e-23, nan 
73.875, 77.875, 4.9222474685189505e-23, nan 
74.125, 77.875, 3.1764024188748195e-23, nan 
74.375, 77.875, 4.051312820307673e-23, nan 
74.625, 77.875, 3.500627911319902e-23, nan 
74.875, 77.875, 3.3194407362741687e-23, nan 
75.125, 77.875, 6.523294300071763e-23, nan 
75.375, 77.875, 6.810703253030973e-23, nan 
75.625, 77.875, 1.0456517096713517e-22, nan 
75.875, 77.875, 1.4675884011711052e-22, nan 
76.125, 77.875, 1.2844311890937272e-22, nan 
76.375, 77.875, 1.0052095864216586e-22, nan 
76.625, 77.875, 1.368467408292692e-22, nan 
76.875, 77.875, 1.5506264647014802e-22, nan 
77.125, 77.875, 1.7366861221629862e-22, nan 
77.375, 77.875, 1.943653289185383e-22, nan 
77.625, 77.875, 1.5665966146991103e-22, nan 
77.875, 77.875, 2.8952149344645436e-22, nan 
78.125, 77.875, 2.1245304587656653e-22, nan 
78.375, 77.875, 1.5408223809907283e-22, nan 
78.625, 77.875, 1.9484636568132673e-22, nan 
78.875, 77.875, 1.6189026532444687e-22, nan 
79.125, 77.875, 2.245821255007204e-22, nan 
79.375, 77.875, 1.9739573642555496e-22, nan 
79.625, 77.875, 1.5272525740464138e-22, nan 
79.875, 77.875, 1.8828291485593196e-22, nan 
80.125, 77.875, 1.788381313535555e-22, nan 
80.375, 77.875, 2.0833922759746491e-22, nan 
80.625, 77.875, 3.4605584509560427e-22, nan 
80.875, 77.875, 2.5402232334833534e-22, nan 
81.125, 77.875, 2.7762610771588623e-22, nan 
81.375, 77.875, 3.4937637066283087e-22, nan 
81.625, 77.875, 3.1979804918076733e-22, nan 
81.875, 77.875, 5.8548150064838625e-22, nan 
82.125, 77.875, 3.971094355381541e-22, nan 
82.375, 77.875, 4.061711792945958e-22, nan 
82.625, 77.875, 5.733144923005373e-22, nan 
82.875, 77.875, 4.670625882944666e-22, nan 
83.125, 77.875, 5.19579355744736e-22, nan 
83.375, 77.875, 2.44340596136625e-22, nan 
83.625, 77.875, 3.0189366578916217e-22, nan 
83.875, 77.875, 4.521981752339117e-22, nan 
84.125, 77.875, 2.4695653407578093e-22, nan 
84.375, 77.875, 3.095950698505618e-22, nan 
84.625, 77.875, 2.706800967786627e-22, nan 
84.875, 77.875, 2.6905289348639136e-22, nan 
85.125, 77.875, 4.144427631693355e-22, nan 
85.375, 77.875, 2.682309380552878e-22, nan 
85.625, 77.875, 2.4674948063313363e-22, nan 
85.875, 77.875, 3.251163163226846e-22, nan 
86.125, 77.875, 3.3133542662348686e-22, nan 
86.375, 77.875, 4.0840492931243507e-22, nan 
86.625, 77.875, 3.9349856646473254e-22, nan 
86.875, 77.875, 4.541484252481456e-22, nan 
87.125, 77.875, 3.7009477252194317e-22, nan 
87.375, 77.875, 1.4180190313952665e-21, nan 
87.625, 77.875, 1.5454680642585605e-21, nan 
87.875, 77.875, 1.1102791609616274e-21, nan 
88.125, 77.875, 8.200424564295267e-22, nan 
88.375, 77.875, 6.739501152860074e-22, nan 
88.625, 77.875, 1.0557838477581935e-21, nan 
88.875, 77.875, 1.5988136433412964e-21, nan 
89.125, 77.875, 1.367823320805957e-21, nan 
89.375, 77.875, 1.1369257412779376e-21, nan 
89.625, 77.875, 7.193413743305794e-22, nan 
89.875, 77.875, 5.200416635168631e-22, nan 
90.125, 77.875, 4.0529941870169557e-22, nan 
90.375, 77.875, 3.9867274565897844e-22, nan 
90.625, 77.875, 2.903981543290049e-22, nan 
90.875, 77.875, 3.334896168862987e-22, nan 
91.125, 77.875, 4.524087170737918e-22, nan 
91.375, 77.875, 3.4587901239611043e-22, nan 
91.625, 77.875, 5.045011414533002e-22, nan 
91.875, 77.875, 4.101094318195332e-22, nan 
92.125, 77.875, 5.734428458341727e-22, nan 
92.375, 77.875, 1.0585104819983865e-21, nan 
92.625, 77.875, 1.4190149077029838e-21, nan 
92.875, 77.875, 1.8674544431140952e-21, nan 
93.125, 77.875, 1.8509883961595022e-21, nan 
93.375, 77.875, 1.9178219256200955e-21, nan 
93.625, 77.875, 1.892258269682567e-21, nan 
93.875, 77.875, 1.886077513737818e-21, nan 
94.125, 77.875, 2.0922197008339194e-21, nan 
94.375, 77.875, 1.9697332119419766e-21, nan 
94.625, 77.875, 1.859770022078959e-21, nan 
94.875, 77.875, 1.0664299618468933e-21, nan 
95.125, 77.875, 9.875251276308293e-22, nan 
95.375, 77.875, 6.529129512215375e-22, nan 
95.625, 77.875, 5.85119996667279e-22, nan 
95.875, 77.875, 9.262287219561055e-22, nan 
96.125, 77.875, 1.4179212814188072e-21, nan 
96.375, 77.875, 1.0278045265165922e-21, nan 
96.625, 77.875, 1.235182712832826e-21, nan 
96.875, 77.875, 1.5070830689400599e-21, nan 
97.125, 77.875, 1.8450958490464143e-21, nan 
97.375, 77.875, 2.4113043616267952e-21, nan 
97.625, 77.875, 2.5747597982305035e-21, nan 
97.875, 77.875, 2.4287073114905755e-21, nan 
98.125, 77.875, 2.1357458517802487e-21, nan 
98.375, 77.875, 1.73600960458084e-21, nan 
98.625, 77.875, 1.524968603300321e-21, nan 
98.875, 77.875, 1.945410110693994e-21, nan 
99.125, 77.875, 1.9377596668639485e-21, nan 
99.375, 77.875, 1.2964037273954572e-21, nan 
99.625, 77.875, 1.3406907846687244e-21, nan 
99.875, 77.875, 1.0482230964608288e-21, nan 
100.125, 77.875, 1.084200763410538e-21, nan 
100.375, 77.875, 1.2596023016808773e-21, nan 
100.625, 77.875, 1.370427528591822e-21, nan 
100.875, 77.875, 2.42105520095503e-21, nan 
101.125, 77.875, 2.4833202603018495e-21, nan 
101.375, 77.875, 2.3000103711577846e-21, nan 
101.625, 77.875, 1.954246492758311e-21, nan 
101.875, 77.875, 2.016919453630799e-21, nan 
102.125, 77.875, 1.551077984337232e-21, nan 
102.375, 77.875, 8.695152102704544e-22, nan 
102.625, 77.875, 7.76540234970526e-22, nan 
102.875, 77.875, 1.0284726176196325e-21, nan 
103.125, 77.875, 1.0137416138526874e-21, nan 
103.375, 77.875, 9.739853097248469e-22, nan 
103.625, 77.875, 6.894483095839872e-22, nan 
103.875, 77.875, 7.266823510482325e-22, nan 
104.125, 77.875, 8.054929507447107e-22, nan 
104.375, 77.875, 8.713963265135713e-22, nan 
104.625, 77.875, 1.2515624324899688e-21, nan 
104.875, 77.875, 1.5263347784579816e-21, nan 
105.125, 77.875, 1.5546964979433043e-21, nan 
105.375, 77.875, 1.5090387125990442e-21, nan 
105.625, 77.875, 1.2752529991666444e-21, nan 
105.875, 77.875, 1.2294624868856557e-21, nan 
106.125, 77.875, 1.761519607881937e-21, nan 
106.375, 77.875, 1.4276829240149223e-21, nan 
106.625, 77.875, 2.2197878073410294e-21, nan 
106.875, 77.875, 1.232255481707557e-21, nan 
107.125, 77.875, 5.565561733570246e-22, nan 
107.375, 77.875, 7.130432421757054e-22, nan 
107.625, 77.875, 8.252619943591988e-22, nan 
107.875, 77.875, 8.538611419112387e-22, nan 
108.125, 77.875, 1.0043517493060727e-21, nan 
108.375, 77.875, 9.447617379196199e-22, nan 
108.625, 77.875, 1.2988497953965111e-21, nan 
108.875, 77.875, 2.209180567530394e-21, nan 
109.125, 77.875, 8.413382141658654e-22, nan 
109.375, 77.875, 1.0948947359398096e-21, nan 
109.625, 77.875, 1.0603829150274702e-21, nan 
109.875, 77.875, 1.4232899554541555e-21, nan 
110.125, 77.875, 1.905526728694462e-21, nan 
110.375, 77.875, 1.554343209462348e-21, nan 
110.625, 77.875, 1.5491804972901452e-21, nan 
110.875, 77.875, 1.806292875285357e-21, nan 
111.125, 77.875, 1.4912370229291572e-21, nan 
111.375, 77.875, 3.687433417120792e-21, nan 
111.625, 77.875, 3.1723035118308166e-21, nan 
111.875, 77.875, 2.2465363271975896e-21, nan 
112.125, 77.875, 1.6543763391037448e-21, nan 
112.375, 77.875, 1.6811904071094553e-21, nan 
112.625, 77.875, 1.6562837770142357e-21, nan 
112.875, 77.875, 9.839504231287895e-22, nan 
113.125, 77.875, 7.536712363487222e-22, nan 
113.375, 77.875, 9.363406503628323e-22, nan 
113.625, 77.875, 1.0125276922433574e-21, nan 
113.875, 77.875, 8.288679347340105e-22, nan 
114.125, 77.875, 7.915363077305873e-22, nan 
114.375, 77.875, 1.062048477720484e-21, nan 
114.625, 77.875, 6.716179382659376e-22, nan 
114.875, 77.875, 1.063894757938103e-21, nan 
115.125, 77.875, 8.588942693506611e-22, nan 
115.375, 77.875, 9.419323877566542e-22, nan 
115.625, 77.875, 1.1328504322809487e-21, nan 
115.875, 77.875, 1.267981433760449e-21, nan 
116.125, 77.875, 7.746315148809799e-22, nan 
116.375, 77.875, 9.944118285735713e-22, nan 
116.625, 77.875, 8.307822532404678e-22, nan 
116.875, 77.875, 9.442449710411257e-22, nan 
117.125, 77.875, 1.0539753059868001e-21, nan 
117.375, 77.875, 1.932873125030015e-21, nan 
117.625, 77.875, 2.3867397452915375e-21, nan 
117.875, 77.875, 2.6065110625019296e-21, nan 
118.125, 77.875, 3.3421034784425188e-21, nan 
118.375, 77.875, 1.9381900768577695e-21, nan 
118.625, 77.875, 2.4880434913016327e-21, nan 
118.875, 77.875, 2.5602810244175758e-21, nan 
119.125, 77.875, 2.5414922663787196e-21, nan 
119.375, 77.875, 2.087207412211609e-21, nan 
119.625, 77.875, 1.1121746547894496e-21, nan 
119.875, 77.875, 8.722193391767181e-22, nan 
120.125, 77.875, 1.1992469801055375e-21, nan 
120.375, 77.875, 1.4505781219195124e-21, nan 
120.625, 77.875, 8.861979496457191e-22, nan 
120.875, 77.875, 5.430951319640738e-22, nan 
121.125, 77.875, 4.142914935812822e-22, nan 
121.375, 77.875, 6.291837201126855e-22, nan 
121.625, 77.875, 7.1215425568147825e-22, nan 
121.875, 77.875, 4.675065451457716e-22, nan 
122.125, 77.875, 3.7508323599099944e-22, nan 
122.375, 77.875, 3.360095539934814e-22, nan 
122.625, 77.875, 4.070248380530253e-22, nan 
122.875, 77.875, 5.054005687724918e-22, nan 
123.125, 77.875, 5.677937476879983e-22, nan 
123.375, 77.875, 7.733431372925922e-22, nan 
123.625, 77.875, 7.346486472242051e-22, nan 
123.875, 77.875, 7.359890509622962e-22, nan 
124.125, 77.875, 7.602476994154583e-22, nan 
124.375, 77.875, 7.03048169240168e-22, nan 
124.625, 77.875, 5.425429112884379e-22, nan 
124.875, 77.875, 4.690140031887652e-22, nan 
125.125, 77.875, 3.8651058269326185e-22, nan 
125.375, 77.875, 3.264947909399316e-22, nan 
125.625, 77.875, 2.3150139933210344e-22, nan 
125.875, 77.875, 2.9488316993701193e-22, nan 
126.125, 77.875, 1.2327126667132894e-22, nan 
126.375, 77.875, 1.9859969233669415e-22, nan 
126.625, 77.875, 2.5626845102413794e-22, nan 
126.875, 77.875, 3.137207480172686e-22, nan 
127.125, 77.875, 1.8588191633084458e-22, nan 
127.375, 77.875, 1.666892652091409e-22, nan 
127.625, 77.875, 2.085108003728714e-22, nan 
127.875, 77.875, 1.5292310494662353e-22, nan 
128.125, 77.875, 1.5113578086729047e-22, nan 
128.375, 77.875, 1.8690566487746316e-22, nan 
128.625, 77.875, 1.765976409720234e-22, nan 
128.875, 77.875, 1.704309294003002e-22, nan 
129.125, 77.875, 2.096422779111229e-22, nan 
129.375, 77.875, 1.8265079945100357e-22, nan 
129.625, 77.875, 1.954185137314934e-22, nan 
129.875, 77.875, 1.7333564508219927e-22, nan 
130.125, 77.875, 1.619251586248998e-22, nan 
130.375, 77.875, 1.5474095761921031e-22, nan 
130.625, 77.875, 2.2935605623309518e-22, nan 
130.875, 77.875, 1.6730873110192895e-22, nan 
131.125, 77.875, 2.3981950288758e-22, nan 
131.375, 77.875, 2.3679336668169256e-22, nan 
131.625, 77.875, 2.0954224789387817e-22, nan 
131.875, 77.875, 2.446408204097546e-22, nan 
132.125, 77.875, 1.8766303242454664e-22, nan 
132.375, 77.875, 2.5668846630660366e-22, nan 
132.625, 77.875, 2.537378032513957e-22, nan 
132.875, 77.875, 2.339237062519737e-22, nan 
133.125, 77.875, 2.0670375328001234e-22, nan 
133.375, 77.875, 2.484714467986109e-22, nan 
133.625, 77.875, 1.92802141874237e-22, nan 
133.875, 77.875, 2.1187791913645096e-22, nan 
134.125, 77.875, 1.611291331212378e-22, nan 
134.375, 77.875, 1.6540283651290095e-22, nan 
134.625, 77.875, 1.5230310169558435e-22, nan 
134.875, 77.875, 1.2942711968252738e-22, nan 
135.125, 77.875, 1.2211383986444438e-22, nan 
135.375, 77.875, 9.345140976746142e-23, nan 
135.625, 77.875, 9.735521696492903e-23, nan 
135.875, 77.875, 7.752802819424179e-23, nan 
136.125, 77.875, 7.455622024671172e-23, nan 
136.375, 77.875, 7.180892611165864e-23, nan 
136.625, 77.875, 7.220826162513816e-23, nan 
136.875, 77.875, 5.477258434998399e-23, nan 
137.125, 77.875, 4.156014382404956e-23, nan 
137.375, 77.875, 5.180684622263795e-23, nan 
137.625, 77.875, 5.317282697418257e-23, nan 
137.875, 77.875, 5.2614528396345984e-23, nan 
138.125, 77.875, 5.345154999431143e-23, nan 
138.375, 77.875, 4.30405888747174e-23, nan 
138.625, 77.875, 4.708777066836333e-23, nan 
138.875, 77.875, 4.352431982646865e-23, nan 
139.125, 77.875, 4.758613548613956e-23, nan 
139.375, 77.875, 5.2542581464805766e-23, nan 
139.625, 77.875, 5.104775539862154e-23, nan 
139.875, 77.875, 4.979695547624467e-23, nan 
140.125, 77.875, 4.2345537110679947e-23, nan 
140.375, 77.875, 4.067929024059774e-23, nan 
140.625, 77.875, 5.087728072725755e-23, nan 
140.875, 77.875, 3.832874672249924e-23, nan 
141.125, 77.875, 3.109126044499741e-23, nan 
141.375, 77.875, 3.3002967381364563e-23, nan 
141.625, 77.875, 3.100238884684266e-23, nan 
141.875, 77.875, 2.5708304305912213e-23, nan 
142.125, 77.875, 2.0273119462177654e-23, nan 
142.375, 77.875, 1.690627669259759e-23, nan 
142.625, 77.875, 1.9171222807435747e-23, nan 
142.875, 77.875, 1.8779161127155038e-23, nan 
143.125, 77.875, 1.8455967476586582e-23, nan 
143.375, 77.875, 2.2400836967053067e-23, nan 
143.625, 77.875, 2.5490303922868906e-23, nan 
143.875, 77.875, 1.8864116738037757e-23, nan 
144.125, 77.875, 1.0757490306841329e-23, nan 
144.375, 77.875, 2.6132131293478508e-23, nan 
144.625, 77.875, 6.01149879403994e-23, nan 
144.875, 77.875, 6.485666827010703e-23, nan 
145.125, 77.875, 6.324918905763146e-23, nan 
145.375, 77.875, 2.5989273992235877e-23, nan 
145.625, 77.875, 2.737655442561653e-23, nan 
145.875, 77.875, 5.1558725076942003e-23, nan 
146.125, 77.875, 5.08852528527821e-23, nan 
146.375, 77.875, 4.7158126764445476e-23, nan 
146.625, 77.875, 2.287231786310091e-23, nan 
146.875, 77.875, 1.110912051900975e-23, nan 
147.125, 77.875, 8.821108399265656e-24, nan 
147.375, 77.875, 6.228969369329211e-24, nan 
147.625, 77.875, 3.802108419461004e-24, nan 
147.875, 77.875, 1.2567143513392962e-23, nan 
148.125, 77.875, 9.948746256767926e-24, nan 
148.375, 77.875, 6.866388174897015e-24, nan 
148.625, 77.875, 2.302283637110821e-24, nan 
148.875, 77.875, 2.4446384141222567e-24, nan 
149.125, 77.875, 9.684887048687416e-24, nan 
149.375, 77.875, 1.107880795816969e-23, nan 
149.625, 77.875, 1.2948229440566171e-23, nan 
149.875, 77.875, 1.8681556504721976e-23, nan 
150.125, 77.875, 2.211666004246575e-23, nan 
150.375, 77.875, 2.5192899479063555e-23, nan 
150.625, 77.875, 2.4354906252712284e-23, nan 
150.875, 77.875, 2.1612466559980223e-23, nan 
151.125, 77.875, 1.876378433081543e-23, nan 
151.375, 77.875, 1.6003400633474242e-23, nan 
151.625, 77.875, 1.0676156874302114e-23, nan 
151.875, 77.875, 3.2422213260811215e-24, nan 
152.125, 77.875, 4.584939454234108e-24, nan 
152.375, 77.875, 4.46480660486112e-24, nan 
152.625, 77.875, 8.870865836243464e-24, nan 
152.875, 77.875, 1.373522243470569e-23, nan 
153.125, 77.875, 1.5516513004189883e-23, nan 
153.375, 77.875, 1.2226986321229383e-23, nan 
153.625, 77.875, 1.3993570747327757e-23, nan 
153.875, 77.875, 1.3247074910906612e-23, nan 
154.125, 77.875, 1.4327004417035676e-23, nan 
154.375, 77.875, 1.6038085343487706e-23, nan 
154.625, 77.875, 1.4908424161148132e-23, nan 
154.875, 77.875, 1.662608609276241e-23, nan 
155.125, 77.875, 1.4045760726451678e-23, nan 
155.375, 77.875, 9.741201552103688e-24, nan 
155.625, 77.875, 3.70732653071149e-24, nan 
155.875, 77.875, 5.12103914476183e-24, nan 
156.125, 77.875, 5.9705227602237246e-24, nan 
156.375, 77.875, 3.7743325457664106e-24, nan 
156.625, 77.875, 4.183246993021588e-24, nan 
156.875, 77.875, 2.6319732483748445e-24, nan 
157.125, 77.875, 7.14685187689409e-24, nan 
157.375, 77.875, 8.609583391057803e-24, nan 
157.625, 77.875, 8.651257326246829e-24, nan 
157.875, 77.875, 7.945666640691113e-24, nan 
158.125, 77.875, 7.135633943412061e-24, nan 
158.375, 77.875, 7.249115453651266e-24, nan 
158.625, 77.875, 1.071887784838801e-23, nan 
158.875, 77.875, 1.049276289935876e-23, nan 
159.125, 77.875, 7.891893328265864e-24, nan 
159.375, 77.875, 9.771638221861185e-24, nan 
159.625, 77.875, 5.226449859120048e-24, nan 
159.875, 77.875, 4.21527315542689e-24, nan 
160.125, 77.875, 4.3178587942500406e-24, nan 
160.375, 77.875, 4.4623403470564366e-24, nan 
160.625, 77.875, 6.127595942214069e-24, nan 
160.875, 77.875, 7.346530552418764e-24, nan 
161.125, 77.875, 6.472342013518681e-24, nan 
161.375, 77.875, 7.208925890288972e-24, nan 
161.625, 77.875, 8.209079673120559e-24, nan 
161.875, 77.875, 7.218050762031356e-24, nan 
162.125, 77.875, 5.131494877618373e-24, nan 
162.375, 77.875, 5.737194783170496e-24, nan 
162.625, 77.875, 5.855908008000818e-24, nan 
162.875, 77.875, 6.4273141576218445e-24, nan 
163.125, 77.875, 5.380435519779761e-24, nan 
163.375, 77.875, 2.462059387921929e-24, nan 
163.625, 77.875, 3.427010706779744e-24, nan 
163.875, 77.875, 2.8764434199000022e-24, nan 
164.125, 77.875, 2.1283326812461304e-24, nan 
164.375, 77.875, 4.383241954544901e-24, nan 
164.625, 77.875, 4.922786271069523e-24, nan 
164.875, 77.875, 8.908135302703961e-24, nan 
165.125, 77.875, 9.587213248573504e-24, nan 
165.375, 77.875, 7.007068262230968e-24, nan 
165.625, 77.875, 5.004409453438374e-24, nan 
165.875, 77.875, 6.383356252109499e-24, nan 
166.125, 77.875, 7.689100370774862e-24, nan 
166.375, 77.875, 8.410792639358529e-24, nan 
166.625, 77.875, 6.0386102318341735e-24, nan 
166.875, 77.875, 4.5985070354917466e-24, nan 
167.125, 77.875, 4.853924948485539e-24, nan 
167.375, 77.875, 4.714053191784515e-24, nan 
167.625, 77.875, 3.834881725275269e-24, nan 
167.875, 77.875, 3.5802770066190344e-24, nan 
168.125, 77.875, 4.1911277171435186e-24, nan 
168.375, 77.875, 5.631073149320167e-24, nan 
168.625, 77.875, 4.058582845424353e-24, nan 
168.875, 77.875, 2.167430697249504e-24, nan 
169.125, 77.875, 2.816156343547088e-24, nan 
169.375, 77.875, 4.1533736288936075e-24, nan 
169.625, 77.875, 5.2803937855422554e-24, nan 
169.875, 77.875, 3.7159238990195594e-24, nan 
170.125, 77.875, 3.1553096497756112e-24, nan 
170.375, 77.875, 1.7714887102364714e-24, nan 
170.625, 77.875, 2.6361778977837284e-24, nan 
170.875, 77.875, 3.478046522344746e-24, nan 
171.125, 77.875, 3.52475917943565e-24, nan 
171.375, 77.875, 8.676703833748425e-24, nan 
171.625, 77.875, 6.342896253230008e-24, nan 
171.875, 77.875, 8.733746117949948e-24, nan 
172.125, 77.875, 7.600337203128352e-24, nan 
172.375, 77.875, 8.65066143279279e-24, nan 
172.625, 77.875, 1.0345852550960328e-23, nan 
172.875, 77.875, 7.587279016182031e-24, nan 
173.125, 77.875, 1.1550142411290414e-23, nan 
173.375, 77.875, 7.856413506238826e-24, nan 
173.625, 77.875, 6.266835188349039e-24, nan 
173.875, 77.875, 5.136519667707017e-24, nan 
174.125, 77.875, 4.663918341821241e-24, nan 
174.375, 77.875, 6.097155346741492e-24, nan 
174.625, 77.875, 5.05270779768385e-24, nan 
174.875, 77.875, 5.182125711285325e-24, nan 
175.125, 77.875, 6.120425718560434e-24, nan 
175.375, 77.875, 6.1285352966330435e-24, nan 
175.625, 77.875, 5.357296646636196e-24, nan 
175.875, 77.875, 4.5436785374844576e-24, nan 
176.125, 77.875, 5.5578244665859e-24, nan 
176.375, 77.875, 5.67720154897012e-24, nan 
176.625, 77.875, 1.94752973841209e-24, nan 
176.875, 77.875, 3.3515369120602535e-24, nan 
177.125, 77.875, 2.565300378383464e-24, nan 
177.375, 77.875, 3.549385388711387e-24, nan 
177.625, 77.875, 3.587143356608988e-24, nan 
177.875, 77.875, 3.081519232319016e-24, nan 
178.125, 77.875, 4.918437125317748e-24, nan 
178.375, 77.875, 3.632769731662208e-24, nan 
178.625, 77.875, 5.475877730674573e-24, nan 
178.875, 77.875, 5.053657633565068e-24, nan 
179.125, 77.875, 1.706400780595622e-24, nan 
179.375, 77.875, 3.5227406659092235e-24, nan 
179.625, 77.875, 2.911335607984059e-24, nan 
179.875, 77.875, 4.952134915378148e-24, nan 
-179.875, 78.125, 7.223775120401329e-24, nan 
-179.625, 78.125, 7.940480235169146e-24, nan 
-179.375, 78.125, 8.343207775691655e-24, nan 
-179.125, 78.125, 9.477897449643952e-24, nan 
-178.875, 78.125, 1.3485294087223726e-23, nan 
-178.625, 78.125, 1.2266988078451054e-23, nan 
-178.375, 78.125, 1.4873934548218498e-23, nan 
-178.125, 78.125, 1.0729179597827984e-23, nan 
-177.875, 78.125, 6.329719301408652e-24, nan 
-177.625, 78.125, 8.395395887012045e-24, nan 
20.375, 78.125, 1.3886583193364928e-24, nan 
20.625, 78.125, 1.910548470427744e-24, nan 
20.875, 78.125, 1.1808474425253513e-24, nan 
21.125, 78.125, 1.104567793816336e-24, nan 
21.375, 78.125, 1.1810533417606587e-24, nan 
21.625, 78.125, 1.4776609522814668e-24, nan 
21.875, 78.125, 2.046149295705472e-24, nan 
22.125, 78.125, 1.3408517574036114e-24, nan 
22.375, 78.125, 1.2444223426599798e-24, nan 
22.625, 78.125, 9.715767873436217e-25, nan 
22.875, 78.125, 6.119929882651469e-25, nan 
23.125, 78.125, 8.225481630956625e-25, nan 
23.375, 78.125, 8.477113499336646e-25, nan 
23.625, 78.125, 9.830891028727059e-25, nan 
23.875, 78.125, 1.0033771709646102e-24, nan 
24.125, 78.125, 4.578240289208884e-25, nan 
24.375, 78.125, 6.020529517971782e-25, nan 
24.625, 78.125, 4.433492067209289e-25, nan 
24.875, 78.125, 6.723451039281954e-25, nan 
25.125, 78.125, 5.069014319925927e-25, nan 
25.375, 78.125, 5.8361222522836095e-25, nan 
25.625, 78.125, 7.711884345115303e-25, nan 
25.875, 78.125, 1.152227029379336e-24, nan 
26.125, 78.125, 1.395118214155674e-24, nan 
26.375, 78.125, 7.605194713857509e-25, nan 
26.625, 78.125, 2.4560473410370554e-25, nan 
26.875, 78.125, 5.068975353171759e-25, nan 
27.125, 78.125, 1.0080093758998347e-24, nan 
27.375, 78.125, 1.0932972034911724e-24, nan 
27.625, 78.125, 7.154012943500451e-25, nan 
27.875, 78.125, 5.179304544413899e-25, nan 
28.125, 78.125, 4.0625159513311866e-25, nan 
28.375, 78.125, 6.356603437816903e-25, nan 
28.625, 78.125, 5.233897090426475e-25, nan 
28.875, 78.125, 6.162505242092359e-25, nan 
29.125, 78.125, 4.490318276097988e-25, nan 
29.375, 78.125, 7.511022878101804e-25, nan 
29.625, 78.125, 1.2998866737575702e-24, nan 
29.875, 78.125, 1.3519287422986959e-24, nan 
30.125, 78.125, 1.4070511092450349e-24, nan 
30.375, 78.125, 4.874442418463902e-25, nan 
30.625, 78.125, 1.1699479527351549e-24, nan 
30.875, 78.125, 1.160516305404013e-24, nan 
31.125, 78.125, 1.1464914454854094e-24, nan 
31.375, 78.125, 1.3070132189344812e-24, nan 
31.625, 78.125, 8.475296828885814e-25, nan 
31.875, 78.125, 1.125904075096149e-24, nan 
32.125, 78.125, 1.3720238696857307e-24, nan 
32.375, 78.125, 1.416871045773123e-24, nan 
32.625, 78.125, 2.2219140231416893e-24, nan 
32.875, 78.125, 3.650874917462162e-24, nan 
33.125, 78.125, 2.9093932893883717e-24, nan 
33.375, 78.125, 3.4725913177106695e-24, nan 
33.625, 78.125, 3.759139310353073e-24, nan 
33.875, 78.125, 3.3771558356622755e-24, nan 
34.125, 78.125, 3.5704880767795214e-24, nan 
34.375, 78.125, 3.7232645227271694e-24, nan 
34.625, 78.125, 3.863882675471638e-24, nan 
34.875, 78.125, 3.1845522629201783e-24, nan 
35.125, 78.125, 2.2921349009700647e-24, nan 
35.375, 78.125, 1.5702621406481192e-24, nan 
35.625, 78.125, 3.1541632877298447e-24, nan 
35.875, 78.125, 3.825415804746639e-24, nan 
36.125, 78.125, 2.9417017027649418e-24, nan 
36.375, 78.125, 3.0392732484947695e-24, nan 
36.625, 78.125, 2.3415168795874135e-24, nan 
36.875, 78.125, 2.5363679384497765e-24, nan 
37.125, 78.125, 3.506921931283168e-24, nan 
37.375, 78.125, 3.705097124935132e-24, nan 
37.625, 78.125, 4.741712102498384e-24, nan 
37.875, 78.125, 4.725690171619902e-24, nan 
38.125, 78.125, 7.247329667041306e-24, nan 
38.375, 78.125, 1.3345067636874997e-23, nan 
38.625, 78.125, 8.963677228866921e-24, nan 
38.875, 78.125, 7.965958788724093e-24, nan 
39.125, 78.125, 7.55451844220903e-24, nan 
39.375, 78.125, 1.1151450826581798e-23, nan 
39.625, 78.125, 2.1217278990701636e-23, nan 
39.875, 78.125, 1.564919114435842e-23, nan 
40.125, 78.125, 1.3186612555198957e-23, nan 
40.375, 78.125, 1.2534502684874302e-23, nan 
40.625, 78.125, 1.2135540245387663e-23, nan 
40.875, 78.125, 9.656898545653937e-24, nan 
41.125, 78.125, 6.725279004246248e-24, nan 
41.375, 78.125, 6.907937181798437e-24, nan 
41.625, 78.125, 6.886513082251731e-24, nan 
41.875, 78.125, 8.86254754877419e-24, nan 
42.125, 78.125, 4.688383130363718e-24, nan 
42.375, 78.125, 4.269782457656105e-24, nan 
42.625, 78.125, 4.8924893361289845e-24, nan 
42.875, 78.125, 5.04674749728062e-24, nan 
43.125, 78.125, 6.966243068369281e-24, nan 
43.375, 78.125, 4.6974017138883376e-24, nan 
43.625, 78.125, 3.685351595042507e-24, nan 
43.875, 78.125, 6.213158904591301e-24, nan 
44.125, 78.125, 5.940846639335788e-24, nan 
44.375, 78.125, 4.9222982628083634e-24, nan 
44.625, 78.125, 3.0399153682540796e-24, nan 
44.875, 78.125, 3.507799174679771e-24, nan 
45.125, 78.125, 6.832701825476162e-24, nan 
45.375, 78.125, 6.60716011550071e-24, nan 
45.625, 78.125, 8.960880139206215e-24, nan 
45.875, 78.125, 6.217327029652196e-24, nan 
46.125, 78.125, 7.749490304805985e-24, nan 
46.375, 78.125, 4.216923339558557e-24, nan 
46.625, 78.125, 3.789666383498878e-24, nan 
46.875, 78.125, 8.003475462285388e-24, nan 
47.125, 78.125, 8.167726625092396e-24, nan 
47.375, 78.125, 8.703735418154899e-24, nan 
47.625, 78.125, 4.306492624271611e-24, nan 
47.875, 78.125, 2.9549627697839686e-24, nan 
48.125, 78.125, 2.145466321460802e-24, nan 
48.375, 78.125, 2.9461387872078364e-24, nan 
48.625, 78.125, 4.150125243633448e-24, nan 
48.875, 78.125, 1.770415067445961e-24, nan 
49.125, 78.125, 1.528705637636348e-24, nan 
49.375, 78.125, 4.742036949522089e-24, nan 
49.625, 78.125, 9.445100511126316e-24, nan 
49.875, 78.125, 1.1042776141557251e-23, nan 
50.125, 78.125, 9.34821377395497e-24, nan 
50.375, 78.125, 1.359768881121648e-23, nan 
50.625, 78.125, 1.1198024406496698e-23, nan 
50.875, 78.125, 1.555621841550472e-23, nan 
51.125, 78.125, 1.4439729647557507e-23, nan 
51.375, 78.125, 1.0476131491728644e-23, nan 
51.625, 78.125, 2.4208277671001215e-23, nan 
51.875, 78.125, 1.6188619097782728e-23, nan 
52.125, 78.125, 1.2442080305046487e-23, nan 
52.375, 78.125, 1.368763456354846e-23, nan 
52.625, 78.125, 8.803011307348355e-24, nan 
52.875, 78.125, 4.7749928942234785e-23, nan 
53.125, 78.125, 3.0427679680550685e-23, nan 
53.375, 78.125, 2.659152971915106e-23, nan 
53.625, 78.125, 1.9027194833550785e-23, nan 
53.875, 78.125, 1.5498148923471945e-23, nan 
54.125, 78.125, 3.023998395774386e-23, nan 
54.375, 78.125, 1.8376553153665872e-23, nan 
54.625, 78.125, 1.7893129652903626e-23, nan 
54.875, 78.125, 1.892529376956852e-23, nan 
55.125, 78.125, 1.6444882460194112e-23, nan 
55.375, 78.125, 1.705235704902847e-23, nan 
55.625, 78.125, 2.38520398143873e-23, nan 
55.875, 78.125, 2.1664592295009738e-23, nan 
56.125, 78.125, 1.6915296377654157e-23, nan 
56.375, 78.125, 2.3200836963380144e-23, nan 
56.625, 78.125, 2.610852701710776e-23, nan 
56.875, 78.125, 3.799190810851573e-23, nan 
57.125, 78.125, 3.688224249116855e-23, nan 
57.375, 78.125, 2.3259810958714192e-23, nan 
57.625, 78.125, 3.064269508776545e-23, nan 
57.875, 78.125, 3.618754697925077e-23, nan 
58.125, 78.125, 2.6766722681072023e-23, nan 
58.375, 78.125, 1.9635642958390798e-23, nan 
58.625, 78.125, 4.5283125760451553e-23, nan 
58.875, 78.125, 5.634766312109591e-23, nan 
59.125, 78.125, 5.58137981956811e-23, nan 
59.375, 78.125, 5.094468356409051e-23, nan 
59.625, 78.125, 2.706656809815533e-23, nan 
59.875, 78.125, 2.8546042244981145e-23, nan 
60.125, 78.125, 3.4363694747960515e-23, nan 
60.375, 78.125, 4.797532730684803e-23, nan 
60.625, 78.125, 4.4551439353975574e-23, nan 
60.875, 78.125, 2.97568103165235e-23, nan 
61.125, 78.125, 2.2908243650093612e-23, nan 
61.375, 78.125, 2.8748121815977043e-23, nan 
61.625, 78.125, 4.634972955993651e-23, nan 
61.875, 78.125, 4.627116033388698e-23, nan 
62.125, 78.125, 5.558882391888548e-23, nan 
62.375, 78.125, 5.466028655674866e-23, nan 
62.625, 78.125, 7.711241321472039e-23, nan 
62.875, 78.125, 6.079743702446823e-23, nan 
63.125, 78.125, 6.949136632193558e-23, nan 
63.375, 78.125, 6.267155341669542e-23, nan 
63.625, 78.125, 7.63503316810236e-23, nan 
63.875, 78.125, 8.058845352832808e-23, nan 
64.125, 78.125, 6.8443264579712e-23, nan 
64.375, 78.125, 8.562081141588605e-23, nan 
64.625, 78.125, 6.664063080273589e-23, nan 
64.875, 78.125, 7.137258555119748e-23, nan 
65.125, 78.125, 5.761549545979627e-23, nan 
65.375, 78.125, 6.673803607028899e-23, nan 
65.625, 78.125, 6.243927280189377e-23, nan 
65.875, 78.125, 7.183458301535107e-23, nan 
66.125, 78.125, 7.041588190286639e-23, nan 
66.375, 78.125, 1.2592490008671969e-22, nan 
66.625, 78.125, 1.6091243767633045e-22, nan 
66.875, 78.125, 1.3190122222720126e-22, nan 
67.125, 78.125, 1.5640723725938334e-22, nan 
67.375, 78.125, 1.2598259222478904e-22, nan 
67.625, 78.125, 1.0227367824188706e-22, nan 
67.875, 78.125, 9.813144028541471e-23, nan 
68.125, 78.125, 7.81700088847626e-23, nan 
68.375, 78.125, 1.022265820971163e-22, nan 
68.625, 78.125, 8.640418946666374e-23, nan 
68.875, 78.125, 8.089598296069843e-23, nan 
69.125, 78.125, 5.970209207980752e-23, nan 
69.375, 78.125, 3.176085723604045e-23, nan 
69.625, 78.125, 3.264350671518804e-23, nan 
69.875, 78.125, 3.0995304444528495e-23, nan 
70.125, 78.125, 2.762679580444942e-23, nan 
70.375, 78.125, 9.143192703220033e-24, nan 
70.625, 78.125, 4.3406775272257144e-23, nan 
70.875, 78.125, 1.2978393982069515e-22, nan 
71.125, 78.125, 1.5183095588778884e-22, nan 
71.375, 78.125, 9.156722736625591e-23, nan 
71.625, 78.125, 4.6767899274543697e-23, nan 
71.875, 78.125, 4.423997496081792e-23, nan 
72.125, 78.125, 1.9112767814089364e-23, nan 
72.375, 78.125, 3.231455453671675e-23, nan 
72.625, 78.125, 5.359544694174777e-23, nan 
72.875, 78.125, 8.260568248690269e-23, nan 
73.125, 78.125, 6.865324159811532e-23, nan 
73.375, 78.125, 3.385748779394434e-23, nan 
73.625, 78.125, 4.0758972013493726e-23, nan 
73.875, 78.125, 6.505524029072668e-23, nan 
74.125, 78.125, 8.900428625067289e-23, nan 
74.375, 78.125, 1.0873219192352196e-22, nan 
74.625, 78.125, 9.446527587729061e-23, nan 
74.875, 78.125, 8.802729052065468e-23, nan 
75.125, 78.125, 1.5405536367144252e-22, nan 
75.375, 78.125, 7.195062643264639e-23, nan 
75.625, 78.125, 1.6092465821006105e-22, nan 
75.875, 78.125, 1.7111873992497356e-22, nan 
76.125, 78.125, 9.560047188142637e-23, nan 
76.375, 78.125, 1.0258006538928817e-22, nan 
76.625, 78.125, 8.982234684199255e-23, nan 
76.875, 78.125, 1.437022003449427e-22, nan 
77.125, 78.125, 1.425410381807638e-22, nan 
77.375, 78.125, 1.4293520712974048e-22, nan 
77.625, 78.125, 1.191319373078691e-22, nan 
77.875, 78.125, 1.9918114963873682e-22, nan 
78.125, 78.125, 1.7468941977305559e-22, nan 
78.375, 78.125, 1.6113204447680458e-22, nan 
78.625, 78.125, 2.003703998537621e-22, nan 
78.875, 78.125, 1.522180779143992e-22, nan 
79.125, 78.125, 1.4329443295438454e-22, nan 
79.375, 78.125, 1.656385789730495e-22, nan 
79.625, 78.125, 1.624021585985057e-22, nan 
79.875, 78.125, 2.478785834163904e-22, nan 
80.125, 78.125, 2.4543905468015195e-22, nan 
80.375, 78.125, 1.6097888877597229e-22, nan 
80.625, 78.125, 1.4188972254626259e-22, nan 
80.875, 78.125, 1.9363925114620313e-22, nan 
81.125, 78.125, 2.1558237456801483e-22, nan 
81.375, 78.125, 2.5865014230512136e-22, nan 
81.625, 78.125, 2.754697118769233e-22, nan 
81.875, 78.125, 4.0056798674504267e-22, nan 
82.125, 78.125, 3.383245968908718e-22, nan 
82.375, 78.125, 3.6342598534108406e-22, nan 
82.625, 78.125, 4.767968439186973e-22, nan 
82.875, 78.125, 3.455774698026889e-22, nan 
83.125, 78.125, 3.5459533229272026e-22, nan 
83.375, 78.125, 3.9661054494542697e-22, nan 
83.625, 78.125, 2.810469434159813e-22, nan 
83.875, 78.125, 4.245506251279314e-22, nan 
84.125, 78.125, 2.496644574811272e-22, nan 
84.375, 78.125, 1.6526160650987933e-22, nan 
84.625, 78.125, 2.7729507094552773e-22, nan 
84.875, 78.125, 3.120220718114786e-22, nan 
85.125, 78.125, 4.437001610269696e-22, nan 
85.375, 78.125, 4.0485485417422187e-22, nan 
85.625, 78.125, 3.3427529720785796e-22, nan 
85.875, 78.125, 2.9840985016210937e-22, nan 
86.125, 78.125, 3.3305050348016383e-22, nan 
86.375, 78.125, 3.0895870129760045e-22, nan 
86.625, 78.125, 2.779494202442258e-22, nan 
86.875, 78.125, 2.414806997004668e-22, nan 
87.125, 78.125, 2.8854822712990006e-22, nan 
87.375, 78.125, 3.0408837113098158e-22, nan 
87.625, 78.125, 2.353964074872604e-22, nan 
87.875, 78.125, 3.9601072978263006e-22, nan 
88.125, 78.125, 5.080256088812451e-22, nan 
88.375, 78.125, 3.7183166601741194e-22, nan 
88.625, 78.125, 3.0891356674187916e-22, nan 
88.875, 78.125, 2.4515923401302146e-22, nan 
89.125, 78.125, 2.5998789837817524e-22, nan 
89.375, 78.125, 2.911915407663403e-22, nan 
89.625, 78.125, 3.1050910154099103e-22, nan 
89.875, 78.125, 2.138499534023945e-22, nan 
90.125, 78.125, 2.80265627113289e-22, nan 
90.375, 78.125, 4.1562182177867e-22, nan 
90.625, 78.125, 2.314315962205977e-22, nan 
90.875, 78.125, 2.5447563893395944e-22, nan 
91.125, 78.125, 3.496315801176291e-22, nan 
91.375, 78.125, 3.719548733569102e-22, nan 
91.625, 78.125, 3.4727463814796855e-22, nan 
91.875, 78.125, 5.848082546401292e-22, nan 
92.125, 78.125, 9.391244455435917e-22, nan 
92.375, 78.125, 1.1923108955677124e-21, nan 
92.625, 78.125, 1.3484181624341462e-21, nan 
92.875, 78.125, 1.3126106557604979e-21, nan 
93.125, 78.125, 1.3941003391579569e-21, nan 
93.375, 78.125, 1.4876446796258674e-21, nan 
93.625, 78.125, 1.31600568956947e-21, nan 
93.875, 78.125, 1.3709818322790799e-21, nan 
94.125, 78.125, 1.2813714903491657e-21, nan 
94.375, 78.125, 1.4010062060163243e-21, nan 
94.625, 78.125, 5.793948308481742e-22, nan 
94.875, 78.125, 6.035644904091737e-22, nan 
95.125, 78.125, 7.246930101938919e-22, nan 
95.375, 78.125, 7.809875424783533e-22, nan 
95.625, 78.125, 8.70809179015334e-22, nan 
95.875, 78.125, 5.2354057705483555e-22, nan 
96.125, 78.125, 6.29770027615081e-22, nan 
96.375, 78.125, 5.190520530681032e-22, nan 
96.625, 78.125, 6.891556737196312e-22, nan 
96.875, 78.125, 1.2611319702604687e-21, nan 
97.125, 78.125, 1.9617144114044267e-21, nan 
97.375, 78.125, 2.9156737489061e-21, nan 
97.625, 78.125, 2.7708454515622058e-21, nan 
97.875, 78.125, 1.8309748285714704e-21, nan 
98.125, 78.125, 1.4716430451926684e-21, nan 
98.375, 78.125, 1.9044250856224553e-21, nan 
98.625, 78.125, 2.8001919626065462e-21, nan 
98.875, 78.125, 2.8010762109250432e-21, nan 
99.125, 78.125, 1.7199487857600576e-21, nan 
99.375, 78.125, 1.2156898538231293e-21, nan 
99.625, 78.125, 7.392903904252623e-22, nan 
99.875, 78.125, 9.334388805286024e-22, nan 
100.125, 78.125, 9.813358376499065e-22, nan 
100.375, 78.125, 7.378321894212463e-22, nan 
100.625, 78.125, 1.204022608104241e-21, nan 
100.875, 78.125, 9.53231432810438e-22, nan 
101.125, 78.125, 1.02999833234497e-21, nan 
101.375, 78.125, 8.487545526253232e-22, nan 
101.625, 78.125, 1.37028166958386e-21, nan 
101.875, 78.125, 1.9136004509693065e-21, nan 
102.125, 78.125, 1.0386534493363628e-21, nan 
102.375, 78.125, 6.454390851258032e-22, nan 
102.625, 78.125, 4.1357867170163736e-22, nan 
102.875, 78.125, 3.9056207719485447e-22, nan 
103.125, 78.125, 8.159627564399198e-22, nan 
103.375, 78.125, 6.830503278025839e-22, nan 
103.625, 78.125, 6.493627961722385e-22, nan 
103.875, 78.125, 6.282034929588828e-22, nan 
104.125, 78.125, 2.62536646876232e-22, nan 
104.375, 78.125, 3.509384277940219e-22, nan 
104.625, 78.125, 7.295136653881652e-22, nan 
104.875, 78.125, 7.099926391745716e-22, nan 
105.125, 78.125, 1.094180436644552e-21, nan 
105.375, 78.125, 6.177216338772611e-22, nan 
105.625, 78.125, 1.1470412813158036e-21, nan 
105.875, 78.125, 1.3882484390972096e-21, nan 
106.125, 78.125, 1.3633990721111708e-21, nan 
106.375, 78.125, 1.9873795921217208e-21, nan 
106.625, 78.125, 1.6252847326674847e-21, nan 
106.875, 78.125, 2.0061317182032443e-21, nan 
107.125, 78.125, 1.9139177346671213e-21, nan 
107.375, 78.125, 1.520182092809571e-21, nan 
107.625, 78.125, 1.0884271401653569e-21, nan 
107.875, 78.125, 8.926863493549064e-22, nan 
108.125, 78.125, 1.9245268112826866e-21, nan 
108.375, 78.125, 2.0680746812616773e-21, nan 
108.625, 78.125, 1.4162149441174608e-21, nan 
108.875, 78.125, 1.1624231045999147e-21, nan 
109.125, 78.125, 1.0364896729760221e-21, nan 
109.375, 78.125, 1.4135377679578485e-21, nan 
109.625, 78.125, 1.4074795604104745e-21, nan 
109.875, 78.125, 1.0790022143441391e-21, nan 
110.125, 78.125, 2.335046778954762e-21, nan 
110.375, 78.125, 3.10706498227323e-21, nan 
110.625, 78.125, 2.763597490513377e-21, nan 
110.875, 78.125, 1.82988702843932e-21, nan 
111.125, 78.125, 8.657975816345893e-22, nan 
111.375, 78.125, 3.1438542541054312e-21, nan 
111.625, 78.125, 3.957812950967623e-21, nan 
111.875, 78.125, 3.348519251024681e-21, nan 
112.125, 78.125, 2.1383245219361327e-21, nan 
112.375, 78.125, 1.1983431729646844e-21, nan 
112.625, 78.125, 2.091757054391685e-21, nan 
112.875, 78.125, 2.2988567399545665e-21, nan 
113.125, 78.125, 1.7968103595425204e-21, nan 
113.375, 78.125, 1.33997013209197e-21, nan 
113.625, 78.125, 1.563178869301844e-21, nan 
113.875, 78.125, 1.2930805203297103e-21, nan 
114.125, 78.125, 7.074807784452727e-22, nan 
114.375, 78.125, 8.274043421759284e-22, nan 
114.625, 78.125, 9.205856635935863e-22, nan 
114.875, 78.125, 2.3619837553541437e-21, nan 
115.125, 78.125, 2.1130866074393255e-21, nan 
115.375, 78.125, 6.542501169734613e-22, nan 
115.625, 78.125, 7.401184508969108e-22, nan 
115.875, 78.125, 8.845815213281815e-22, nan 
116.125, 78.125, 1.2917418134946096e-21, nan 
116.375, 78.125, 1.376524371993391e-21, nan 
116.625, 78.125, 4.5447170754364675e-22, nan 
116.875, 78.125, 4.929692302732887e-22, nan 
117.125, 78.125, 8.666147510180526e-22, nan 
117.375, 78.125, 8.469957360767116e-22, nan 
117.625, 78.125, 1.0737128542554428e-21, nan 
117.875, 78.125, 1.205987016371976e-21, nan 
118.125, 78.125, 1.1058549907311726e-21, nan 
118.375, 78.125, 1.0129638032765736e-21, nan 
118.625, 78.125, 1.6077970571847884e-21, nan 
118.875, 78.125, 1.5087526477976539e-21, nan 
119.125, 78.125, 1.6702875533817244e-21, nan 
119.375, 78.125, 1.4162128876855957e-21, nan 
119.625, 78.125, 1.1203217732017762e-21, nan 
119.875, 78.125, 8.272140541118394e-22, nan 
120.125, 78.125, 4.836897471682964e-22, nan 
120.375, 78.125, 5.975110540589415e-22, nan 
120.625, 78.125, 5.846932981796868e-22, nan 
120.875, 78.125, 7.152543981941795e-22, nan 
121.125, 78.125, 6.101940813592381e-22, nan 
121.375, 78.125, 6.155289224046061e-22, nan 
121.625, 78.125, 4.0973556763548556e-22, nan 
121.875, 78.125, 1.9343695891613823e-22, nan 
122.125, 78.125, 1.7363575672855683e-22, nan 
122.375, 78.125, 1.813413384099505e-22, nan 
122.625, 78.125, 2.2582299768976306e-22, nan 
122.875, 78.125, 2.4970733346802974e-22, nan 
123.125, 78.125, 2.7377300572828876e-22, nan 
123.375, 78.125, 3.4378063526200395e-22, nan 
123.625, 78.125, 2.1163370918655202e-22, nan 
123.875, 78.125, 1.9788202189385664e-22, nan 
124.125, 78.125, 1.7844447628029189e-22, nan 
124.375, 78.125, 1.9262973016448731e-22, nan 
124.625, 78.125, 2.459374978860514e-22, nan 
124.875, 78.125, 1.7383684868651973e-22, nan 
125.125, 78.125, 1.6460761013557542e-22, nan 
125.375, 78.125, 1.7084495565475937e-22, nan 
125.625, 78.125, 2.205966255419616e-22, nan 
125.875, 78.125, 1.6303357054652148e-22, nan 
126.125, 78.125, 1.6917652490959104e-22, nan 
126.375, 78.125, 1.5508942465567566e-22, nan 
126.625, 78.125, 1.7471188634841764e-22, nan 
126.875, 78.125, 1.8186949763717743e-22, nan 
127.125, 78.125, 1.9538755465073725e-22, nan 
127.375, 78.125, 1.8533131606814994e-22, nan 
127.625, 78.125, 1.6431309133301038e-22, nan 
127.875, 78.125, 1.4290173134168805e-22, nan 
128.125, 78.125, 1.3587209198677236e-22, nan 
128.375, 78.125, 1.822395888309433e-22, nan 
128.625, 78.125, 1.513635409285077e-22, nan 
128.875, 78.125, 1.2853798526336157e-22, nan 
129.125, 78.125, 8.539622825837242e-23, nan 
129.375, 78.125, 6.554255552798593e-23, nan 
129.625, 78.125, 2.2199296810324364e-23, nan 
129.875, 78.125, 3.343274050568968e-23, nan 
130.125, 78.125, 6.042504678726712e-23, nan 
130.375, 78.125, 1.3097055069087993e-22, nan 
130.625, 78.125, 1.545698486076191e-22, nan 
130.875, 78.125, 1.6363414255926804e-22, nan 
131.125, 78.125, 1.3975717765976906e-22, nan 
131.375, 78.125, 9.705791921997168e-23, nan 
131.625, 78.125, 9.864984584828404e-23, nan 
131.875, 78.125, 1.7331639180670882e-22, nan 
132.125, 78.125, 1.0246737493120066e-22, nan 
132.375, 78.125, 1.8969384557109168e-22, nan 
132.625, 78.125, 1.9957597869985716e-22, nan 
132.875, 78.125, 1.8792444017734068e-22, nan 
133.125, 78.125, 1.8515280035770848e-22, nan 
133.375, 78.125, 1.9920976675360128e-22, nan 
133.625, 78.125, 1.735061169775932e-22, nan 
133.875, 78.125, 2.1725908894343467e-22, nan 
134.125, 78.125, 1.662740616991365e-22, nan 
134.375, 78.125, 1.6097533096341114e-22, nan 
134.625, 78.125, 1.4680740923201537e-22, nan 
134.875, 78.125, 1.210322729027993e-22, nan 
135.125, 78.125, 1.342912205350663e-22, nan 
135.375, 78.125, 1.0130130784705004e-22, nan 
135.625, 78.125, 1.0196808546340092e-22, nan 
135.875, 78.125, 1.2386980192151145e-22, nan 
136.125, 78.125, 1.1273190870843025e-22, nan 
136.375, 78.125, 1.0686424304395495e-22, nan 
136.625, 78.125, 1.1598062503443782e-22, nan 
136.875, 78.125, 1.0053649790037597e-22, nan 
137.125, 78.125, 1.0469262932095204e-22, nan 
137.375, 78.125, 9.924429313389828e-23, nan 
137.625, 78.125, 8.931442091543644e-23, nan 
137.875, 78.125, 9.724026415538512e-23, nan 
138.125, 78.125, 8.119533454344189e-23, nan 
138.375, 78.125, 5.2303444752188875e-23, nan 
138.625, 78.125, 5.539313266648466e-23, nan 
138.875, 78.125, 5.322508622826169e-23, nan 
139.125, 78.125, 3.825699576028001e-23, nan 
139.375, 78.125, 4.4577896715233214e-23, nan 
139.625, 78.125, 3.530878004052446e-23, nan 
139.875, 78.125, 3.122526111656979e-23, nan 
140.125, 78.125, 3.483256512361042e-23, nan 
140.375, 78.125, 2.4708930391633408e-23, nan 
140.625, 78.125, 2.1883347185606744e-23, nan 
140.875, 78.125, 1.583883641791839e-23, nan 
141.125, 78.125, 2.073454365534242e-23, nan 
141.375, 78.125, 3.2482327728695824e-23, nan 
141.625, 78.125, 2.90646496468821e-23, nan 
141.875, 78.125, 1.6656293500340798e-23, nan 
142.125, 78.125, 3.9226881978222344e-23, nan 
142.375, 78.125, 2.703507890878403e-23, nan 
142.625, 78.125, 1.9104953131369363e-23, nan 
142.875, 78.125, 2.2677979610087087e-23, nan 
143.125, 78.125, 2.6445210333747655e-23, nan 
143.375, 78.125, 2.361008752031999e-23, nan 
143.625, 78.125, 2.2761743067942564e-23, nan 
143.875, 78.125, 2.4603727343429048e-23, nan 
144.125, 78.125, 2.469287783310279e-23, nan 
144.375, 78.125, 2.2807096685385793e-23, nan 
144.625, 78.125, 3.5392836227251605e-23, nan 
144.875, 78.125, 3.634201787661576e-23, nan 
145.125, 78.125, 4.139092155172968e-23, nan 
145.375, 78.125, 2.3813955292327845e-23, nan 
145.625, 78.125, 1.1955237829925035e-23, nan 
145.875, 78.125, 1.6779469855408637e-23, nan 
146.125, 78.125, 1.5460431577871475e-23, nan 
146.375, 78.125, 1.2192297198628665e-23, nan 
146.625, 78.125, 4.540769370908128e-24, nan 
146.875, 78.125, 1.0363404529714151e-23, nan 
147.125, 78.125, 7.287300202833877e-24, nan 
147.375, 78.125, 7.258172269714103e-24, nan 
147.625, 78.125, 9.796661940578992e-24, nan 
147.875, 78.125, 9.840305946690499e-24, nan 
148.125, 78.125, 9.680617056224797e-24, nan 
148.375, 78.125, 6.838351776909031e-24, nan 
148.625, 78.125, 9.495777906822515e-24, nan 
148.875, 78.125, 8.137652998329242e-24, nan 
149.125, 78.125, 1.6537439195323675e-23, nan 
149.375, 78.125, 1.533109563045261e-23, nan 
149.625, 78.125, 1.2943928442516804e-23, nan 
149.875, 78.125, 9.792571471267732e-24, nan 
150.125, 78.125, 9.669866371203716e-24, nan 
150.375, 78.125, 1.4094497972446717e-23, nan 
150.625, 78.125, 9.621412977424194e-24, nan 
150.875, 78.125, 1.0242708986626341e-23, nan 
151.125, 78.125, 3.0158166871935197e-24, nan 
151.375, 78.125, 4.227668113013948e-24, nan 
151.625, 78.125, 6.248951809504545e-24, nan 
151.875, 78.125, 1.0923423132113903e-23, nan 
152.125, 78.125, 9.825224468588157e-24, nan 
152.375, 78.125, 5.9103888143777346e-24, nan 
152.625, 78.125, 5.713011716669643e-24, nan 
152.875, 78.125, 7.680004139742806e-24, nan 
153.125, 78.125, 1.5518593034495495e-23, nan 
153.375, 78.125, 9.171159870103982e-24, nan 
153.625, 78.125, 9.264221546890448e-24, nan 
153.875, 78.125, 1.0202539390122843e-23, nan 
154.125, 78.125, 1.0102133525476387e-23, nan 
154.375, 78.125, 1.6391853357574782e-23, nan 
154.625, 78.125, 1.6076485385293475e-23, nan 
154.875, 78.125, 1.596545677104653e-23, nan 
155.125, 78.125, 1.8158582267119235e-23, nan 
155.375, 78.125, 1.4405521211172883e-23, nan 
155.625, 78.125, 9.047239977215435e-24, nan 
155.875, 78.125, 1.0304693274359442e-23, nan 
156.125, 78.125, 6.789276573710742e-24, nan 
156.375, 78.125, 9.111741044542844e-24, nan 
156.625, 78.125, 1.1401759948601946e-23, nan 
156.875, 78.125, 4.9372977926565215e-24, nan 
157.125, 78.125, 6.2234853927910356e-24, nan 
157.375, 78.125, 6.408586616847133e-24, nan 
157.625, 78.125, 6.825655326844722e-24, nan 
157.875, 78.125, 7.993974897495361e-24, nan 
158.125, 78.125, 3.331464811025332e-24, nan 
158.375, 78.125, 2.786636487802454e-24, nan 
158.625, 78.125, 5.935992582388072e-24, nan 
158.875, 78.125, 7.794076936346896e-24, nan 
159.125, 78.125, 1.347447548223091e-23, nan 
159.375, 78.125, 8.666086039345221e-24, nan 
159.625, 78.125, 8.36739140044441e-24, nan 
159.875, 78.125, 6.729760417699749e-24, nan 
160.125, 78.125, 8.198041092235935e-24, nan 
160.375, 78.125, 8.554237048908543e-24, nan 
160.625, 78.125, 7.163893696869687e-24, nan 
160.875, 78.125, 7.41763615299099e-24, nan 
161.125, 78.125, 6.426466674934312e-24, nan 
161.375, 78.125, 6.2204453754833496e-24, nan 
161.625, 78.125, 5.881608722639821e-24, nan 
161.875, 78.125, 5.1137530331504826e-24, nan 
162.125, 78.125, 2.0999602521317695e-24, nan 
162.375, 78.125, 2.5627905892181552e-24, nan 
162.625, 78.125, 3.0088142086788396e-24, nan 
162.875, 78.125, 2.0334584451592612e-24, nan 
163.125, 78.125, 2.1185726769575383e-24, nan 
163.375, 78.125, 2.1371595452884493e-24, nan 
163.625, 78.125, 2.7330057003012314e-24, nan 
163.875, 78.125, 2.817052797970385e-24, nan 
164.125, 78.125, 2.4545818744856967e-24, nan 
164.375, 78.125, 5.7222532006811e-24, nan 
164.625, 78.125, 1.805989381308174e-24, nan 
164.875, 78.125, 3.530348919275622e-24, nan 
165.125, 78.125, 5.1651626347579845e-24, nan 
165.375, 78.125, 5.8096384306464804e-24, nan 
165.625, 78.125, 9.481680118853472e-24, nan 
165.875, 78.125, 1.1665949841287443e-23, nan 
166.125, 78.125, 1.0489178300248516e-23, nan 
166.375, 78.125, 9.044611289856009e-24, nan 
166.625, 78.125, 6.751309322162517e-24, nan 
166.875, 78.125, 8.64620745241988e-24, nan 
167.125, 78.125, 1.130857410470574e-23, nan 
167.375, 78.125, 1.0195020154548168e-23, nan 
167.625, 78.125, 7.388983067409542e-24, nan 
167.875, 78.125, 5.097651281797136e-24, nan 
168.125, 78.125, 4.1781195905904186e-24, nan 
168.375, 78.125, 5.274615378441261e-24, nan 
168.625, 78.125, 3.705856872129436e-24, nan 
168.875, 78.125, 2.650720341594924e-24, nan 
169.125, 78.125, 1.5249010565254036e-24, nan 
169.375, 78.125, 2.844189671342174e-24, nan 
169.625, 78.125, 3.967670431501662e-24, nan 
169.875, 78.125, 3.422937037239476e-24, nan 
170.125, 78.125, 2.935799560046639e-24, nan 
170.375, 78.125, 1.5117164312571811e-24, nan 
170.625, 78.125, 1.3715066222945158e-24, nan 
170.875, 78.125, 1.0638454473431888e-24, nan 
171.125, 78.125, 3.1893144453074837e-24, nan 
171.375, 78.125, 2.3479427748774894e-24, nan 
171.625, 78.125, 3.942385637795986e-24, nan 
171.875, 78.125, 2.7774543026425123e-24, nan 
172.125, 78.125, 4.243609936435809e-24, nan 
172.375, 78.125, 3.88471464995929e-24, nan 
172.625, 78.125, 6.13028688690581e-24, nan 
172.875, 78.125, 6.38290668572426e-24, nan 
173.125, 78.125, 8.010368469589538e-24, nan 
173.375, 78.125, 6.090586481155409e-24, nan 
173.625, 78.125, 3.451962541676999e-24, nan 
173.875, 78.125, 2.5700943051702033e-24, nan 
174.125, 78.125, 2.4042472060297396e-24, nan 
174.375, 78.125, 2.6350601968580322e-24, nan 
174.625, 78.125, 4.728983894616957e-24, nan 
174.875, 78.125, 3.983137810396035e-24, nan 
175.125, 78.125, 3.4866836421316266e-24, nan 
175.375, 78.125, 3.969733520498256e-24, nan 
175.625, 78.125, 3.7671190798963776e-24, nan 
175.875, 78.125, 5.4331465747399436e-24, nan 
176.125, 78.125, 6.589773081861812e-24, nan 
176.375, 78.125, 5.9573123794704106e-24, nan 
176.625, 78.125, 5.702855408684128e-24, nan 
176.875, 78.125, 3.41348966406341e-24, nan 
177.125, 78.125, 3.967801457981922e-24, nan 
177.375, 78.125, 2.6672493956638207e-24, nan 
177.625, 78.125, 3.0674543291155214e-24, nan 
177.875, 78.125, 4.207577819234599e-24, nan 
178.125, 78.125, 3.630351036173863e-24, nan 
178.375, 78.125, 3.502931020207609e-24, nan 
178.625, 78.125, 3.878158513226725e-24, nan 
178.875, 78.125, 1.0110897399974641e-23, nan 
179.125, 78.125, 9.79296584660605e-24, nan 
179.375, 78.125, 7.555863000051856e-24, nan 
179.625, 78.125, 7.461342787014358e-24, nan 
179.875, 78.125, 7.79289395182881e-24, nan 
-179.875, 78.375, 4.365337880230345e-24, nan 
-179.625, 78.375, 3.69438221616726e-24, nan 
-179.375, 78.375, 4.857123161859731e-24, nan 
-179.125, 78.375, 7.303602143469811e-24, nan 
-178.875, 78.375, 8.282791793124178e-24, nan 
-178.625, 78.375, 7.58312237714605e-24, nan 
-178.375, 78.375, 1.0305024721529288e-23, nan 
-178.125, 78.375, 7.555104053350753e-24, nan 
-177.875, 78.375, 4.495034597812256e-24, nan 
-177.625, 78.375, 4.213426067116287e-24, nan 
-177.375, 78.375, 5.201644401309153e-24, nan 
19.875, 78.375, 1.4655303288135461e-24, nan 
20.125, 78.375, 1.2813471819408289e-24, nan 
20.375, 78.375, 9.28199293408755e-25, nan 
20.625, 78.375, 1.7889224592275034e-24, nan 
20.875, 78.375, 2.2061282427847437e-24, nan 
21.125, 78.375, 1.0882106114268286e-24, nan 
21.375, 78.375, 1.1001861986625165e-24, nan 
21.625, 78.375, 9.387023324357156e-25, nan 
21.875, 78.375, 1.326068975843046e-24, nan 
22.125, 78.375, 1.842636012433018e-24, nan 
22.375, 78.375, 1.3069901418139317e-24, nan 
22.625, 78.375, 1.313639296709849e-24, nan 
22.875, 78.375, 1.8458949702573846e-24, nan 
23.125, 78.375, 9.881971529786668e-25, nan 
23.375, 78.375, 3.1950382804838746e-24, nan 
23.625, 78.375, 3.30100726653231e-24, nan 
23.875, 78.375, 3.2711703556379995e-24, nan 
24.125, 78.375, 2.129317657341077e-24, nan 
24.375, 78.375, 1.7245001434211474e-24, nan 
24.625, 78.375, 7.66916376305658e-25, nan 
24.875, 78.375, 1.647838171094461e-24, nan 
25.125, 78.375, 1.0785906866719486e-24, nan 
25.375, 78.375, 8.839626161457277e-25, nan 
25.625, 78.375, 1.2554622455501117e-24, nan 
25.875, 78.375, 9.848186114108585e-25, nan 
26.125, 78.375, 1.690011853587622e-24, nan 
26.375, 78.375, 1.0358558866661413e-24, nan 
26.625, 78.375, 1.2721749955128928e-24, nan 
26.875, 78.375, 3.5582614250319254e-25, nan 
27.125, 78.375, 1.327004756997352e-24, nan 
27.375, 78.375, 2.2396092633432787e-24, nan 
27.625, 78.375, 4.792646228254426e-24, nan 
27.875, 78.375, 1.700621138679577e-24, nan 
28.125, 78.375, 8.977507246679948e-25, nan 
28.375, 78.375, 1.1450392547640756e-24, nan 
28.625, 78.375, 1.0382476919411977e-24, nan 
28.875, 78.375, 3.177082872957134e-25, nan 
29.125, 78.375, 6.1061678755758795e-25, nan 
29.375, 78.375, 7.287326738571422e-25, nan 
29.625, 78.375, 1.0409286559758336e-24, nan 
29.875, 78.375, 9.532827417153961e-25, nan 
30.125, 78.375, 5.743787036233495e-25, nan 
30.375, 78.375, 5.685207963511913e-25, nan 
30.625, 78.375, 1.0210162158744584e-24, nan 
30.875, 78.375, 1.2533006191758059e-24, nan 
31.125, 78.375, 6.4984528632328315e-25, nan 
31.375, 78.375, 1.100446469823161e-24, nan 
31.625, 78.375, 8.37969939117979e-25, nan 
31.875, 78.375, 4.524879762636029e-25, nan 
32.125, 78.375, 6.472696891905373e-25, nan 
32.375, 78.375, 4.889381141564515e-25, nan 
32.625, 78.375, 1.1264594336702093e-24, nan 
32.875, 78.375, 6.598115522548654e-25, nan 
33.125, 78.375, 1.9613480665553218e-24, nan 
33.375, 78.375, 2.0176394056450376e-24, nan 
33.625, 78.375, 2.4866329749228852e-24, nan 
33.875, 78.375, 2.3087653291791624e-24, nan 
34.125, 78.375, 2.655859610548832e-24, nan 
34.375, 78.375, 2.4796252136579493e-24, nan 
34.625, 78.375, 2.7268162189706212e-24, nan 
34.875, 78.375, 2.506295497368863e-24, nan 
35.125, 78.375, 2.7140518761561993e-24, nan 
35.375, 78.375, 1.9842173253691045e-24, nan 
35.625, 78.375, 8.596898937310179e-25, nan 
35.875, 78.375, 1.474414907993881e-24, nan 
36.125, 78.375, 1.4670586924819794e-24, nan 
36.375, 78.375, 1.3342981058857102e-24, nan 
36.625, 78.375, 2.6265809957187534e-24, nan 
36.875, 78.375, 2.2524492557322085e-24, nan 
37.125, 78.375, 1.9519825381701437e-24, nan 
37.375, 78.375, 1.9089971367282506e-24, nan 
37.625, 78.375, 1.9887393146757617e-24, nan 
37.875, 78.375, 2.960332518491291e-24, nan 
38.125, 78.375, 3.0398845326977795e-24, nan 
38.375, 78.375, 3.344362716508182e-24, nan 
38.625, 78.375, 3.8936575311768294e-24, nan 
38.875, 78.375, 6.742520126336252e-24, nan 
39.125, 78.375, 5.055940527809028e-24, nan 
39.375, 78.375, 6.743216367531069e-24, nan 
39.625, 78.375, 1.2245693172620337e-23, nan 
39.875, 78.375, 9.02086318473577e-24, nan 
40.125, 78.375, 8.346489417456671e-24, nan 
40.375, 78.375, 7.414348519888381e-24, nan 
40.625, 78.375, 8.821221966904786e-24, nan 
40.875, 78.375, 5.423203543107477e-24, nan 
41.125, 78.375, 3.298523066493208e-24, nan 
41.375, 78.375, 2.9696464829665783e-24, nan 
41.625, 78.375, 1.6011031265334228e-24, nan 
41.875, 78.375, 4.6096745045520716e-24, nan 
42.125, 78.375, 4.279198725357063e-24, nan 
42.375, 78.375, 5.20084680021985e-24, nan 
42.625, 78.375, 2.123532086300719e-24, nan 
42.875, 78.375, 1.776687588985476e-24, nan 
43.125, 78.375, 2.752442873390594e-24, nan 
43.375, 78.375, 4.916742684908668e-24, nan 
43.625, 78.375, 5.771026910135859e-24, nan 
43.875, 78.375, 4.989001739362427e-24, nan 
44.125, 78.375, 4.763121385283107e-24, nan 
44.375, 78.375, 5.249254812041412e-24, nan 
44.625, 78.375, 6.5326750016142985e-24, nan 
44.875, 78.375, 6.193592324081868e-24, nan 
45.125, 78.375, 9.007087447516235e-24, nan 
45.375, 78.375, 6.009488508281511e-24, nan 
45.625, 78.375, 4.5257762808041434e-24, nan 
45.875, 78.375, 4.837744864474926e-24, nan 
46.125, 78.375, 5.012556731177336e-24, nan 
46.375, 78.375, 8.430665991259735e-24, nan 
46.625, 78.375, 8.852144519203077e-24, nan 
46.875, 78.375, 7.889384219008375e-24, nan 
47.125, 78.375, 7.911505055691113e-24, nan 
47.375, 78.375, 7.501382819136066e-24, nan 
47.625, 78.375, 5.1228385501047186e-24, nan 
47.875, 78.375, 1.163267870270494e-23, nan 
48.125, 78.375, 6.411673977346195e-24, nan 
48.375, 78.375, 7.057208622352227e-24, nan 
48.625, 78.375, 4.963734092373418e-24, nan 
48.875, 78.375, 5.006083376786998e-24, nan 
49.125, 78.375, 2.7908440922832557e-24, nan 
49.375, 78.375, 3.612796814217084e-24, nan 
49.625, 78.375, 4.9165700720140234e-24, nan 
49.875, 78.375, 5.485013678349282e-24, nan 
50.125, 78.375, 4.149185388547427e-24, nan 
50.375, 78.375, 4.8353426896473514e-24, nan 
50.625, 78.375, 9.572230908000839e-24, nan 
50.875, 78.375, 1.416239616348144e-23, nan 
51.125, 78.375, 1.1540695768599895e-23, nan 
51.375, 78.375, 9.48061498038598e-24, nan 
51.625, 78.375, 1.394313752455313e-23, nan 
51.875, 78.375, 1.550340077232946e-23, nan 
52.125, 78.375, 1.4075274386185967e-23, nan 
52.375, 78.375, 1.65114993448429e-23, nan 
52.625, 78.375, 2.1519111436718418e-23, nan 
52.875, 78.375, 3.362478868564761e-23, nan 
53.125, 78.375, 2.2647714650255122e-23, nan 
53.375, 78.375, 1.7682264932457996e-23, nan 
53.625, 78.375, 2.314395369745918e-23, nan 
53.875, 78.375, 4.125137560710713e-23, nan 
54.125, 78.375, 2.996877444635924e-23, nan 
54.375, 78.375, 1.0539513025303865e-23, nan 
54.625, 78.375, 9.122271382970691e-24, nan 
54.875, 78.375, 1.6562193909698675e-23, nan 
55.125, 78.375, 2.176442884475766e-23, nan 
55.375, 78.375, 2.0328979599686105e-23, nan 
55.625, 78.375, 9.454255585649813e-24, nan 
55.875, 78.375, 7.003155686175736e-24, nan 
56.125, 78.375, 9.946310168640416e-24, nan 
56.375, 78.375, 1.1925501125324476e-23, nan 
56.625, 78.375, 1.8824495434044473e-23, nan 
56.875, 78.375, 2.080041577147854e-23, nan 
57.125, 78.375, 2.201104381185993e-23, nan 
57.375, 78.375, 1.4261628463805356e-23, nan 
57.625, 78.375, 1.7944189756955033e-23, nan 
57.875, 78.375, 2.716637353328728e-23, nan 
58.125, 78.375, 2.3694374476578152e-23, nan 
58.375, 78.375, 1.665785197111243e-23, nan 
58.625, 78.375, 2.6176769354092255e-23, nan 
58.875, 78.375, 3.167113499362212e-23, nan 
59.125, 78.375, 3.144893784663798e-23, nan 
59.375, 78.375, 4.3606066937067393e-23, nan 
59.625, 78.375, 3.172116029142515e-23, nan 
59.875, 78.375, 3.693195996476243e-23, nan 
60.125, 78.375, 3.8926644081871966e-23, nan 
60.375, 78.375, 3.939010829764643e-23, nan 
60.625, 78.375, 2.856318072548243e-23, nan 
60.875, 78.375, 3.0697398353898665e-23, nan 
61.125, 78.375, 3.4713830950636055e-23, nan 
61.375, 78.375, 4.446704519698936e-23, nan 
61.625, 78.375, 3.0857457767934293e-23, nan 
61.875, 78.375, 6.552648243729756e-23, nan 
62.125, 78.375, 2.6528339619557105e-23, nan 
62.375, 78.375, 2.5194322676734178e-23, nan 
62.625, 78.375, 2.8399180487463557e-23, nan 
62.875, 78.375, 2.8766015034822134e-23, nan 
63.125, 78.375, 3.3181447130822915e-23, nan 
63.375, 78.375, 4.232315058834391e-23, nan 
63.625, 78.375, 6.039571289081172e-23, nan 
63.875, 78.375, 6.504308445054287e-23, nan 
64.125, 78.375, 5.820544605543431e-23, nan 
64.375, 78.375, 6.046929209490684e-23, nan 
64.625, 78.375, 6.055203470756502e-23, nan 
64.875, 78.375, 7.271196831439224e-23, nan 
65.125, 78.375, 5.926167152292685e-23, nan 
65.375, 78.375, 5.027267814933336e-23, nan 
65.625, 78.375, 4.3476081322582495e-23, nan 
65.875, 78.375, 3.72175547541805e-23, nan 
66.125, 78.375, 5.555728104973245e-23, nan 
66.375, 78.375, 9.419038212202532e-23, nan 
66.625, 78.375, 8.760049894101348e-23, nan 
66.875, 78.375, 7.166365207739344e-23, nan 
67.125, 78.375, 7.951872779932895e-23, nan 
67.375, 78.375, 6.646971601735053e-23, nan 
67.625, 78.375, 6.28064648045151e-23, nan 
67.875, 78.375, 3.8099780595148385e-23, nan 
68.125, 78.375, 1.436284544817795e-23, nan 
68.375, 78.375, 2.244023090610956e-23, nan 
68.625, 78.375, 2.0822138145912657e-23, nan 
68.875, 78.375, 4.221508496277826e-23, nan 
69.125, 78.375, 5.2527463366785996e-23, nan 
69.375, 78.375, 3.6155764124418026e-23, nan 
69.625, 78.375, 4.6864045844822725e-23, nan 
69.875, 78.375, 3.2338965496988565e-23, nan 
70.125, 78.375, 3.9108287011224214e-23, nan 
70.375, 78.375, 3.786090646553769e-23, nan 
70.625, 78.375, 5.241493406229316e-23, nan 
70.875, 78.375, 6.188817411125371e-23, nan 
71.125, 78.375, 5.082301112161001e-23, nan 
71.375, 78.375, 3.219001192995357e-23, nan 
71.625, 78.375, 4.8704183375720246e-23, nan 
71.875, 78.375, 5.667937360168914e-23, nan 
72.125, 78.375, 2.3709232917804476e-23, nan 
72.375, 78.375, 3.815319994295502e-23, nan 
72.625, 78.375, 3.893216042983016e-23, nan 
72.875, 78.375, 2.862516050897703e-23, nan 
73.125, 78.375, 5.279272608921148e-23, nan 
73.375, 78.375, 5.867493279757384e-23, nan 
73.625, 78.375, 8.053508311246582e-23, nan 
73.875, 78.375, 1.6478837984249423e-22, nan 
74.125, 78.375, 1.1204017579029368e-22, nan 
74.375, 78.375, 6.356549548399532e-23, nan 
74.625, 78.375, 8.755060185292556e-23, nan 
74.875, 78.375, 1.5051047616900144e-22, nan 
75.125, 78.375, 3.36793744963788e-22, nan 
75.375, 78.375, 1.6622421989689187e-22, nan 
75.625, 78.375, 7.861354856163445e-23, nan 
75.875, 78.375, 1.1825510267300694e-22, nan 
76.125, 78.375, 1.785400132288349e-22, nan 
76.375, 78.375, 2.670119590043141e-22, nan 
76.625, 78.375, 1.520510401357991e-22, nan 
76.875, 78.375, 6.348978547261763e-23, nan 
77.125, 78.375, 6.964100918617317e-23, nan 
77.375, 78.375, 5.789757715837318e-23, nan 
77.625, 78.375, 9.082038141118553e-23, nan 
77.875, 78.375, 6.713415327955391e-23, nan 
78.125, 78.375, 7.748167916506446e-23, nan 
78.375, 78.375, 1.014300139031802e-22, nan 
78.625, 78.375, 6.781043345558682e-23, nan 
78.875, 78.375, 7.295559458963096e-23, nan 
79.125, 78.375, 1.3861315289514685e-22, nan 
79.375, 78.375, 2.6555780882163707e-22, nan 
79.625, 78.375, 1.6155610276090584e-22, nan 
79.875, 78.375, 1.9279485232005797e-22, nan 
80.125, 78.375, 2.009136646831586e-22, nan 
80.375, 78.375, 1.4004790398102492e-22, nan 
80.625, 78.375, 1.6705377394855169e-22, nan 
80.875, 78.375, 1.577483228046714e-22, nan 
81.125, 78.375, 1.2293378307869739e-22, nan 
81.375, 78.375, 2.0207494783078564e-22, nan 
81.625, 78.375, 1.762505189428548e-22, nan 
81.875, 78.375, 1.6279603907213767e-22, nan 
82.125, 78.375, 1.7455992645480496e-22, nan 
82.375, 78.375, 2.4903740054995576e-22, nan 
82.625, 78.375, 1.4001580946336246e-22, nan 
82.875, 78.375, 1.9226517485866273e-22, nan 
83.125, 78.375, 2.0571372790396772e-22, nan 
83.375, 78.375, 3.280427724673569e-22, nan 
83.625, 78.375, 2.8344009767181363e-22, nan 
83.875, 78.375, 3.196029371518681e-22, nan 
84.125, 78.375, 2.498585987296612e-22, nan 
84.375, 78.375, 2.7509934230428484e-22, nan 
84.625, 78.375, 2.9985632523543342e-22, nan 
84.875, 78.375, 3.188085167035717e-22, nan 
85.125, 78.375, 4.038656064466058e-22, nan 
85.375, 78.375, 3.3294355168758587e-22, nan 
85.625, 78.375, 2.7475417246884673e-22, nan 
85.875, 78.375, 3.081708309199569e-22, nan 
86.125, 78.375, 2.9941916954070736e-22, nan 
86.375, 78.375, 2.8671341915211635e-22, nan 
86.625, 78.375, 2.5284437834762514e-22, nan 
86.875, 78.375, 2.255964828420598e-22, nan 
87.125, 78.375, 2.6163827132435355e-22, nan 
87.375, 78.375, 4.1721682086024896e-22, nan 
87.625, 78.375, 3.487467903888724e-22, nan 
87.875, 78.375, 1.991146607091689e-22, nan 
88.125, 78.375, 1.8489184971495253e-22, nan 
88.375, 78.375, 4.079288687683763e-22, nan 
88.625, 78.375, 5.648420423396981e-22, nan 
88.875, 78.375, 6.035587336725062e-22, nan 
89.125, 78.375, 4.481760184800997e-22, nan 
89.375, 78.375, 2.668448736610308e-22, nan 
89.625, 78.375, 2.2212277173381743e-22, nan 
89.875, 78.375, 1.0595593502887714e-22, nan 
90.125, 78.375, 2.5530936118237376e-22, nan 
90.375, 78.375, 4.667578237131771e-22, nan 
90.625, 78.375, 2.2189486093702473e-22, nan 
90.875, 78.375, 3.266080188490591e-22, nan 
91.125, 78.375, 3.2925402293873735e-22, nan 
91.375, 78.375, 3.7726717280779167e-22, nan 
91.625, 78.375, 5.295801857084566e-22, nan 
91.875, 78.375, 4.472999245681878e-22, nan 
92.125, 78.375, 5.144489347200634e-22, nan 
92.375, 78.375, 5.732348990849948e-22, nan 
92.625, 78.375, 7.286902260847696e-22, nan 
92.875, 78.375, 9.93211176386946e-22, nan 
93.125, 78.375, 8.661288012729265e-22, nan 
93.375, 78.375, 1.0044259153745484e-21, nan 
93.625, 78.375, 8.768598090340885e-22, nan 
93.875, 78.375, 9.780909245398485e-22, nan 
94.125, 78.375, 1.3459702226608684e-21, nan 
94.375, 78.375, 1.166089708782835e-21, nan 
94.625, 78.375, 1.1718467036524604e-21, nan 
94.875, 78.375, 1.1694112824416102e-21, nan 
95.125, 78.375, 1.5782886526227282e-21, nan 
95.375, 78.375, 1.4313433136960384e-21, nan 
95.625, 78.375, 1.2846949309629775e-21, nan 
95.875, 78.375, 9.03878991486015e-22, nan 
96.125, 78.375, 1.5254898544872577e-21, nan 
96.375, 78.375, 1.6268210340700856e-21, nan 
96.625, 78.375, 1.670184249484657e-21, nan 
96.875, 78.375, 2.1718206926628298e-21, nan 
97.125, 78.375, 1.7425611453352636e-21, nan 
97.375, 78.375, 1.3839784595018171e-21, nan 
97.625, 78.375, 1.281895209480671e-21, nan 
97.875, 78.375, 1.356946101089549e-21, nan 
98.125, 78.375, 1.7001144672807506e-21, nan 
98.375, 78.375, 1.6670150531862981e-21, nan 
98.625, 78.375, 1.0393748202949995e-21, nan 
98.875, 78.375, 1.1265591056205024e-21, nan 
99.125, 78.375, 6.344350077044473e-22, nan 
99.375, 78.375, 7.452419249314667e-22, nan 
99.625, 78.375, 6.352907247064964e-22, nan 
99.875, 78.375, 6.319878346391455e-22, nan 
100.125, 78.375, 8.463020034538706e-22, nan 
100.375, 78.375, 8.050692946527533e-22, nan 
100.625, 78.375, 6.359917696549408e-22, nan 
100.875, 78.375, 3.4857146139809064e-22, nan 
101.125, 78.375, 6.496301410811678e-22, nan 
101.375, 78.375, 9.516235098498163e-22, nan 
101.625, 78.375, 1.2213493091701317e-21, nan 
101.875, 78.375, 1.3813837817537113e-21, nan 
102.125, 78.375, 7.469772419986912e-22, nan 
102.375, 78.375, 4.1254610003496185e-22, nan 
102.625, 78.375, 6.266044278026372e-22, nan 
102.875, 78.375, 7.587698678229355e-22, nan 
103.125, 78.375, 6.191322561473997e-22, nan 
103.375, 78.375, 4.880239647469719e-22, nan 
103.625, 78.375, 4.380769738805094e-22, nan 
103.875, 78.375, 6.445793695817135e-22, nan 
104.125, 78.375, 5.385006982431591e-22, nan 
104.375, 78.375, 3.647091041086355e-22, nan 
104.625, 78.375, 6.8202545597336945e-22, nan 
104.875, 78.375, 7.488782111223685e-22, nan 
105.125, 78.375, 1.3022717939043217e-21, nan 
105.375, 78.375, 9.806528489300398e-22, nan 
105.625, 78.375, 4.426319181693546e-22, nan 
105.875, 78.375, 7.474627590029132e-22, nan 
106.125, 78.375, 1.0745529211934956e-21, nan 
106.375, 78.375, 1.815585842057936e-21, nan 
106.625, 78.375, 1.3901121709621733e-21, nan 
106.875, 78.375, 1.6239570842691288e-21, nan 
107.125, 78.375, 1.3901596276812471e-21, nan 
107.375, 78.375, 1.3343997651432245e-21, nan 
107.625, 78.375, 8.909114839810124e-22, nan 
107.875, 78.375, 1.0106339202154719e-21, nan 
108.125, 78.375, 1.5986939165913298e-21, nan 
108.375, 78.375, 1.3525742975696558e-21, nan 
108.625, 78.375, 1.0728135160137386e-21, nan 
108.875, 78.375, 7.799654273034415e-22, nan 
109.125, 78.375, 8.463613277018092e-22, nan 
109.375, 78.375, 8.119245837609429e-22, nan 
109.625, 78.375, 4.925333481816103e-22, nan 
109.875, 78.375, 4.777720239092745e-22, nan 
110.125, 78.375, 1.903712355068814e-21, nan 
110.375, 78.375, 2.727026762499618e-21, nan 
110.625, 78.375, 2.742668033323747e-21, nan 
110.875, 78.375, 2.2733109433535973e-21, nan 
111.125, 78.375, 1.4054913280035289e-21, nan 
111.375, 78.375, 2.108637352963293e-21, nan 
111.625, 78.375, 2.839981495291229e-21, nan 
111.875, 78.375, 2.8512919099348598e-21, nan 
112.125, 78.375, 2.4276719007827267e-21, nan 
112.375, 78.375, 1.5420325223434975e-21, nan 
112.625, 78.375, 1.2549250950013744e-21, nan 
112.875, 78.375, 1.4579076983332454e-21, nan 
113.125, 78.375, 1.4847069689560627e-21, nan 
113.375, 78.375, 1.3418365394904288e-21, nan 
113.625, 78.375, 9.7852060567269e-22, nan 
113.875, 78.375, 7.40618082952476e-22, nan 
114.125, 78.375, 6.281642722417111e-22, nan 
114.375, 78.375, 7.663534289741148e-22, nan 
114.625, 78.375, 7.968814415933812e-22, nan 
114.875, 78.375, 1.2083294275005185e-21, nan 
115.125, 78.375, 9.94002199171925e-22, nan 
115.375, 78.375, 5.650577554963016e-22, nan 
115.625, 78.375, 9.453906449890078e-22, nan 
115.875, 78.375, 1.0190184553939307e-21, nan 
116.125, 78.375, 1.0092972865014305e-21, nan 
116.375, 78.375, 8.630746167252611e-22, nan 
116.625, 78.375, 5.671560494694518e-22, nan 
116.875, 78.375, 4.1260084487901945e-22, nan 
117.125, 78.375, 1.389108190745178e-21, nan 
117.375, 78.375, 1.4796836790940034e-21, nan 
117.625, 78.375, 1.1276434172821383e-21, nan 
117.875, 78.375, 4.341185671248247e-22, nan 
118.125, 78.375, 3.124201367659237e-22, nan 
118.375, 78.375, 8.57238035897833e-22, nan 
118.625, 78.375, 8.954896883484055e-22, nan 
118.875, 78.375, 1.1284585668934421e-21, nan 
119.125, 78.375, 1.132610452185096e-21, nan 
119.375, 78.375, 8.748590133456155e-22, nan 
119.625, 78.375, 6.012792254706128e-22, nan 
119.875, 78.375, 6.0628810198934e-22, nan 
120.125, 78.375, 7.528325367518698e-22, nan 
120.375, 78.375, 8.373866305295735e-22, nan 
120.625, 78.375, 7.941317821110694e-22, nan 
120.875, 78.375, 8.046345206723185e-22, nan 
121.125, 78.375, 7.843924284953843e-22, nan 
121.375, 78.375, 5.966418620211261e-22, nan 
121.625, 78.375, 4.034454598269056e-22, nan 
121.875, 78.375, 3.276960296732369e-22, nan 
122.125, 78.375, 2.2199027453915773e-22, nan 
122.375, 78.375, 2.4321035579278554e-22, nan 
122.625, 78.375, 2.972645137388161e-22, nan 
122.875, 78.375, 1.752944042348488e-22, nan 
123.125, 78.375, 2.1181268408202094e-22, nan 
123.375, 78.375, 2.7658623551351334e-22, nan 
123.625, 78.375, 2.256864237034022e-22, nan 
123.875, 78.375, 2.311533031078367e-22, nan 
124.125, 78.375, 1.8267133588914605e-22, nan 
124.375, 78.375, 2.251370736029271e-22, nan 
124.625, 78.375, 2.062107651941747e-22, nan 
124.875, 78.375, 2.0734528968121232e-22, nan 
125.125, 78.375, 2.0771318559164604e-22, nan 
125.375, 78.375, 2.3046624815216525e-22, nan 
125.625, 78.375, 2.1375412198637967e-22, nan 
125.875, 78.375, 1.7720794336147943e-22, nan 
126.125, 78.375, 2.2591131228556336e-22, nan 
126.375, 78.375, 1.6670563086096825e-22, nan 
126.625, 78.375, 1.7507854826844158e-22, nan 
126.875, 78.375, 1.8449044959241916e-22, nan 
127.125, 78.375, 2.386881792427882e-22, nan 
127.375, 78.375, 3.393621492917486e-22, nan 
127.625, 78.375, 2.0907404074083595e-22, nan 
127.875, 78.375, 2.0398436160887724e-22, nan 
128.125, 78.375, 1.7905119129611078e-22, nan 
128.375, 78.375, 1.613603268414854e-22, nan 
128.625, 78.375, 1.9063554708431992e-22, nan 
128.875, 78.375, 1.4594795706717909e-22, nan 
129.125, 78.375, 1.711314865402275e-22, nan 
129.375, 78.375, 1.7081531150125108e-22, nan 
129.625, 78.375, 1.47104134331372e-22, nan 
129.875, 78.375, 1.0512833431346723e-22, nan 
130.125, 78.375, 8.621518041805835e-23, nan 
130.375, 78.375, 1.993953364471703e-22, nan 
130.625, 78.375, 2.4706693634827423e-22, nan 
130.875, 78.375, 2.4238396699780215e-22, nan 
131.125, 78.375, 2.227079730319876e-22, nan 
131.375, 78.375, 9.482897016529901e-23, nan 
131.625, 78.375, 1.0542313294560795e-22, nan 
131.875, 78.375, 1.4312645857973334e-22, nan 
132.125, 78.375, 1.4191980916228957e-22, nan 
132.375, 78.375, 1.3626390495775676e-22, nan 
132.625, 78.375, 8.208487266883984e-23, nan 
132.875, 78.375, 8.342860095750814e-23, nan 
133.125, 78.375, 4.289502925148419e-23, nan 
133.375, 78.375, 5.879802917028184e-23, nan 
133.625, 78.375, 5.213392514697156e-23, nan 
133.875, 78.375, 8.18203527006782e-23, nan 
134.125, 78.375, 1.0476223487691851e-22, nan 
134.375, 78.375, 8.287809043620399e-23, nan 
134.625, 78.375, 6.627589852610178e-23, nan 
134.875, 78.375, 7.773074312627375e-23, nan 
135.125, 78.375, 9.395132992217633e-23, nan 
135.375, 78.375, 7.984921563613556e-23, nan 
135.625, 78.375, 7.8155347837401e-23, nan 
135.875, 78.375, 5.825805290657481e-23, nan 
136.125, 78.375, 5.779775115318125e-23, nan 
136.375, 78.375, 5.987822014642843e-23, nan 
136.625, 78.375, 7.622518738839297e-23, nan 
136.875, 78.375, 6.30251500186069e-23, nan 
137.125, 78.375, 7.983836520874719e-23, nan 
137.375, 78.375, 8.05972160768655e-23, nan 
137.625, 78.375, 8.24388574888023e-23, nan 
137.875, 78.375, 7.976348868534653e-23, nan 
138.125, 78.375, 6.651077650144296e-23, nan 
138.375, 78.375, 7.427941118202088e-23, nan 
138.625, 78.375, 6.91140734305325e-23, nan 
138.875, 78.375, 7.296146456352746e-23, nan 
139.125, 78.375, 5.988417712675211e-23, nan 
139.375, 78.375, 5.0828180340636504e-23, nan 
139.625, 78.375, 5.682257932381319e-23, nan 
139.875, 78.375, 4.331559018217792e-23, nan 
140.125, 78.375, 5.9524480997033e-23, nan 
140.375, 78.375, 4.7025005910863554e-23, nan 
140.625, 78.375, 6.939537589073705e-23, nan 
140.875, 78.375, 5.233726273484073e-23, nan 
141.125, 78.375, 4.0308318596865496e-23, nan 
141.375, 78.375, 2.696074001208802e-23, nan 
141.625, 78.375, 2.6602463457043384e-23, nan 
141.875, 78.375, 2.93934258151059e-23, nan 
142.125, 78.375, 7.093368165457574e-23, nan 
142.375, 78.375, 5.409303804584408e-23, nan 
142.625, 78.375, 3.470691713518521e-23, nan 
142.875, 78.375, 2.1286799936575162e-23, nan 
143.125, 78.375, 2.747919487632994e-23, nan 
143.375, 78.375, 4.390803006433132e-23, nan 
143.625, 78.375, 3.7071606380023006e-23, nan 
143.875, 78.375, 2.9053608518898204e-23, nan 
144.125, 78.375, 1.797649790888001e-23, nan 
144.375, 78.375, 1.6560350550020947e-23, nan 
144.625, 78.375, 1.6118408287459095e-23, nan 
144.875, 78.375, 1.6522169281596487e-23, nan 
145.125, 78.375, 1.6064339855431523e-23, nan 
145.375, 78.375, 1.6700878314048063e-23, nan 
145.625, 78.375, 1.3648894624188877e-23, nan 
145.875, 78.375, 1.4524596091497488e-23, nan 
146.125, 78.375, 1.1988915987117248e-23, nan 
146.375, 78.375, 1.2766580949393095e-23, nan 
146.625, 78.375, 1.1241075951611596e-23, nan 
146.875, 78.375, 1.4104607917821584e-23, nan 
147.125, 78.375, 1.350601431113574e-23, nan 
147.375, 78.375, 5.258961051111728e-24, nan 
147.625, 78.375, 1.2069696012448583e-23, nan 
147.875, 78.375, 1.6116276297990085e-23, nan 
148.125, 78.375, 1.7949356351749742e-23, nan 
148.375, 78.375, 1.7081330638944998e-23, nan 
148.625, 78.375, 1.1501852127584632e-23, nan 
148.875, 78.375, 1.1384281091841054e-23, nan 
149.125, 78.375, 1.6133173357100912e-23, nan 
149.375, 78.375, 1.818385032662255e-23, nan 
149.625, 78.375, 1.642503266560513e-23, nan 
149.875, 78.375, 1.0081380782958144e-23, nan 
150.125, 78.375, 6.673798173660589e-24, nan 
150.375, 78.375, 6.086341736877263e-24, nan 
150.625, 78.375, 6.521714193608524e-24, nan 
150.875, 78.375, 9.673535264259115e-24, nan 
151.125, 78.375, 1.031352423607275e-23, nan 
151.375, 78.375, 1.1398094054456907e-23, nan 
151.625, 78.375, 1.4543828670314258e-23, nan 
151.875, 78.375, 1.359625285793323e-23, nan 
152.125, 78.375, 1.75095031856821e-23, nan 
152.375, 78.375, 1.6672266305397173e-23, nan 
152.625, 78.375, 8.859815191077589e-24, nan 
152.875, 78.375, 1.4694129684850604e-23, nan 
153.125, 78.375, 1.4693834700040015e-23, nan 
153.375, 78.375, 6.197617492339465e-24, nan 
153.625, 78.375, 5.468178569275537e-24, nan 
153.875, 78.375, 7.508566865479059e-24, nan 
154.125, 78.375, 6.5935418871085305e-24, nan 
154.375, 78.375, 1.1824911880431548e-23, nan 
154.625, 78.375, 1.4713230707222968e-23, nan 
154.875, 78.375, 2.0037300887063795e-23, nan 
155.125, 78.375, 2.5349180330182472e-23, nan 
155.375, 78.375, 1.640217614334506e-23, nan 
155.625, 78.375, 1.0432936911027138e-23, nan 
155.875, 78.375, 1.404612182540506e-23, nan 
156.125, 78.375, 1.6057448719994168e-23, nan 
156.375, 78.375, 1.7342355757039736e-23, nan 
156.625, 78.375, 1.228417938337467e-23, nan 
156.875, 78.375, 5.54815007508491e-24, nan 
157.125, 78.375, 8.264800835159633e-24, nan 
157.375, 78.375, 8.953794069329298e-24, nan 
157.625, 78.375, 3.783161451821359e-24, nan 
157.875, 78.375, 6.7001154024461e-24, nan 
158.125, 78.375, 4.460618967634508e-24, nan 
158.375, 78.375, 6.725181854997168e-24, nan 
158.625, 78.375, 8.152304726488248e-24, nan 
158.875, 78.375, 1.1082030717028815e-23, nan 
159.125, 78.375, 1.1844888097202686e-23, nan 
159.375, 78.375, 7.241526372992009e-24, nan 
159.625, 78.375, 7.389078755245419e-24, nan 
159.875, 78.375, 7.234656707818305e-24, nan 
160.125, 78.375, 7.421819003646967e-24, nan 
160.375, 78.375, 5.336659498004187e-24, nan 
160.625, 78.375, 4.071806962783553e-24, nan 
160.875, 78.375, 6.031661644015397e-24, nan 
161.125, 78.375, 5.480642112718076e-24, nan 
161.375, 78.375, 4.673848313983896e-24, nan 
161.625, 78.375, 5.194420208131155e-24, nan 
161.875, 78.375, 6.220836664427585e-24, nan 
162.125, 78.375, 3.0153897183558536e-24, nan 
162.375, 78.375, 2.936695299314629e-24, nan 
162.625, 78.375, 2.293445683831652e-24, nan 
162.875, 78.375, 4.997184668736405e-24, nan 
163.125, 78.375, 4.760495265142214e-24, nan 
163.375, 78.375, 2.158992221354196e-24, nan 
163.625, 78.375, 2.291352313666939e-24, nan 
163.875, 78.375, 5.927196337365791e-24, nan 
164.125, 78.375, 4.595496501202585e-24, nan 
164.375, 78.375, 2.893639354767672e-24, nan 
164.625, 78.375, 3.032943184633071e-24, nan 
164.875, 78.375, 4.43968846786104e-24, nan 
165.125, 78.375, 5.952968326787933e-24, nan 
165.375, 78.375, 7.59124831797347e-24, nan 
165.625, 78.375, 8.37560577097169e-24, nan 
165.875, 78.375, 8.267257800264842e-24, nan 
166.125, 78.375, 8.238626579303004e-24, nan 
166.375, 78.375, 9.383343004907964e-24, nan 
166.625, 78.375, 8.219212797301855e-24, nan 
166.875, 78.375, 8.989835082568099e-24, nan 
167.125, 78.375, 9.085085489302024e-24, nan 
167.375, 78.375, 8.50857238901344e-24, nan 
167.625, 78.375, 9.865160437121869e-24, nan 
167.875, 78.375, 5.914219711607325e-24, nan 
168.125, 78.375, 4.241447227592756e-24, nan 
168.375, 78.375, 4.314381824505366e-24, nan 
168.625, 78.375, 3.6143007258128414e-24, nan 
168.875, 78.375, 3.361645922425004e-24, nan 
169.125, 78.375, 2.2560148087771346e-24, nan 
169.375, 78.375, 9.918739721602274e-25, nan 
169.625, 78.375, 1.6307845325391529e-24, nan 
169.875, 78.375, 1.9430570057151145e-24, nan 
170.125, 78.375, 3.2992914595241158e-24, nan 
170.375, 78.375, 2.944265738826988e-24, nan 
170.625, 78.375, 1.707510747037943e-24, nan 
170.875, 78.375, 1.3244714562620528e-24, nan 
171.125, 78.375, 1.9702441288874146e-24, nan 
171.375, 78.375, 4.0556148426139126e-24, nan 
171.625, 78.375, 3.3875865182050104e-24, nan 
171.875, 78.375, 3.411515861360251e-24, nan 
172.125, 78.375, 3.380173671779854e-24, nan 
172.375, 78.375, 4.907037026884596e-24, nan 
172.625, 78.375, 3.909355644970551e-24, nan 
172.875, 78.375, 7.099888923182921e-24, nan 
173.125, 78.375, 6.544483217699899e-24, nan 
173.375, 78.375, 4.573493382318747e-24, nan 
173.625, 78.375, 6.860971068628197e-24, nan 
173.875, 78.375, 5.615581748320498e-24, nan 
174.125, 78.375, 4.451470752691451e-24, nan 
174.375, 78.375, 4.3198270754525606e-24, nan 
174.625, 78.375, 8.172482717787464e-25, nan 
174.875, 78.375, 3.807634473297344e-24, nan 
175.125, 78.375, 2.7210115053974788e-24, nan 
175.375, 78.375, 2.040419396754843e-24, nan 
175.625, 78.375, 3.92709079479425e-24, nan 
175.875, 78.375, 4.6051888908771956e-24, nan 
176.125, 78.375, 5.355905305102803e-24, nan 
176.375, 78.375, 4.028069657222709e-24, nan 
176.625, 78.375, 4.4402332224215585e-24, nan 
176.875, 78.375, 4.4810588993172166e-24, nan 
177.125, 78.375, 3.9819554647445125e-24, nan 
177.375, 78.375, 2.319102950271532e-24, nan 
177.625, 78.375, 1.0395620004234222e-24, nan 
177.875, 78.375, 2.136390360085625e-24, nan 
178.125, 78.375, 2.6005437789895788e-24, nan 
178.375, 78.375, 3.800142600102117e-24, nan 
178.625, 78.375, 3.869658049734402e-24, nan 
178.875, 78.375, 2.3529214040716767e-24, nan 
179.125, 78.375, 2.6375177366451983e-24, nan 
179.375, 78.375, 2.1983296688365396e-24, nan 
179.625, 78.375, 3.996179451939848e-24, nan 
179.875, 78.375, 5.308514366921513e-24, nan 
-179.875, 78.625, 4.248132522972325e-24, nan 
-179.625, 78.625, 4.4375794290271426e-24, nan 
-179.375, 78.625, 3.621805584588712e-24, nan 
-179.125, 78.625, 4.111303538350277e-24, nan 
-178.875, 78.625, 3.489804525262171e-24, nan 
-178.625, 78.625, 3.4671713508880175e-24, nan 
-178.375, 78.625, 4.2430191807285936e-24, nan 
-178.125, 78.625, 3.416008798508034e-24, nan 
-177.875, 78.625, 3.593374294364386e-24, nan 
-177.625, 78.625, 3.448304091758007e-24, nan 
-177.375, 78.625, 3.570594388527922e-24, nan 
-177.125, 78.625, 7.389353205764634e-24, nan 
-176.875, 78.625, 7.749051557875091e-24, nan 
19.625, 78.625, 7.998208029822487e-24, nan 
19.875, 78.625, 6.353477003051171e-24, nan 
20.125, 78.625, 5.7178761088821444e-24, nan 
20.375, 78.625, 4.126594874190724e-24, nan 
20.625, 78.625, 2.6045826248502947e-24, nan 
20.875, 78.625, 2.2126755990697735e-24, nan 
21.125, 78.625, 1.5734934771835816e-24, nan 
21.375, 78.625, 1.6977960718372493e-24, nan 
21.625, 78.625, 1.9661687274735145e-24, nan 
21.875, 78.625, 2.1449158835844575e-23, nan 
22.125, 78.625, 2.9045311140630096e-23, nan 
22.375, 78.625, 1.3479572508865917e-23, nan 
22.625, 78.625, 2.8504643651998594e-24, nan 
22.875, 78.625, 2.4924556769795035e-24, nan 
23.125, 78.625, 2.4106788864759527e-24, nan 
23.375, 78.625, 5.076620908771771e-24, nan 
23.625, 78.625, 4.9757161536548036e-24, nan 
23.875, 78.625, 4.5909234226075376e-24, nan 
24.125, 78.625, 2.418845701678725e-24, nan 
24.375, 78.625, 1.3327613872849562e-24, nan 
24.625, 78.625, 2.899465112034289e-24, nan 
24.875, 78.625, 2.927110342208085e-24, nan 
25.125, 78.625, 2.5840236653835482e-24, nan 
25.375, 78.625, 1.4443078897136814e-24, nan 
25.625, 78.625, 4.6066118492672895e-25, nan 
25.875, 78.625, 1.3290807315471104e-24, nan 
26.125, 78.625, 2.4331299432455565e-24, nan 
26.375, 78.625, 4.448521642309319e-24, nan 
26.625, 78.625, 1.7267357416055194e-24, nan 
26.875, 78.625, 1.6203551995666849e-24, nan 
27.125, 78.625, 5.499336957740372e-24, nan 
27.375, 78.625, 6.643503470646856e-24, nan 
27.625, 78.625, 9.269970596676313e-24, nan 
27.875, 78.625, 8.532459640573757e-24, nan 
28.125, 78.625, 8.369412450901342e-24, nan 
28.375, 78.625, 7.841090778700721e-24, nan 
28.625, 78.625, 6.016266867471607e-24, nan 
28.875, 78.625, 5.9526872510683314e-24, nan 
29.125, 78.625, 2.659964839251587e-24, nan 
29.375, 78.625, 2.3085780019997263e-24, nan 
29.625, 78.625, 1.8790672994150126e-24, nan 
29.875, 78.625, 1.7578576495766523e-24, nan 
30.125, 78.625, 1.3826112381683288e-24, nan 
30.375, 78.625, 1.467871362984826e-24, nan 
30.625, 78.625, 1.309986188383388e-24, nan 
30.875, 78.625, 1.1040144915203958e-24, nan 
31.125, 78.625, 6.955033274487349e-25, nan 
31.375, 78.625, 1.2837751442232749e-24, nan 
31.625, 78.625, 2.774880702219282e-24, nan 
31.875, 78.625, 2.083451256364402e-24, nan 
32.125, 78.625, 2.3825398032639875e-24, nan 
32.375, 78.625, 2.360024411277913e-24, nan 
32.625, 78.625, 1.1151351904521565e-24, nan 
32.875, 78.625, 1.6504207794157153e-24, nan 
33.125, 78.625, 1.4668672417891759e-24, nan 
33.375, 78.625, 1.2160439456483283e-24, nan 
33.625, 78.625, 2.996649528375202e-24, nan 
33.875, 78.625, 6.98784066268586e-25, nan 
34.125, 78.625, 1.6266633236397397e-24, nan 
34.375, 78.625, 1.2330295805397348e-24, nan 
34.625, 78.625, 1.9857586876586593e-24, nan 
34.875, 78.625, 1.648114947106213e-24, nan 
35.125, 78.625, 1.8619844611249287e-24, nan 
35.375, 78.625, 1.4979226290262546e-24, nan 
35.625, 78.625, 1.1676823807282779e-24, nan 
35.875, 78.625, 1.8537669447787932e-24, nan 
36.125, 78.625, 2.142088088503267e-24, nan 
36.375, 78.625, 1.680890193581574e-24, nan 
36.625, 78.625, 1.7823045918163984e-24, nan 
36.875, 78.625, 1.5692135891345883e-24, nan 
37.125, 78.625, 1.582257626251153e-24, nan 
37.375, 78.625, 1.994793153854135e-24, nan 
37.625, 78.625, 1.7000143115301306e-24, nan 
37.875, 78.625, 1.8525643834906364e-24, nan 
38.125, 78.625, 1.7555241624117385e-24, nan 
38.375, 78.625, 2.8439045646602013e-24, nan 
38.625, 78.625, 3.60951676292042e-24, nan 
38.875, 78.625, 5.260590140403637e-24, nan 
39.125, 78.625, 5.038321549312787e-24, nan 
39.375, 78.625, 4.0887818607209116e-24, nan 
39.625, 78.625, 4.264748321612641e-24, nan 
39.875, 78.625, 3.939415548363227e-24, nan 
40.125, 78.625, 6.013029198483127e-24, nan 
40.375, 78.625, 6.252868855785915e-24, nan 
40.625, 78.625, 3.883151078366262e-24, nan 
40.875, 78.625, 3.903937389358988e-24, nan 
41.125, 78.625, 1.857820400471071e-24, nan 
41.375, 78.625, 1.05988919980715e-24, nan 
41.625, 78.625, 2.788047405882626e-24, nan 
41.875, 78.625, 1.6026993469801612e-24, nan 
42.125, 78.625, 3.426865817806002e-24, nan 
42.375, 78.625, 2.189771280724293e-24, nan 
42.625, 78.625, 2.0569317629054044e-24, nan 
42.875, 78.625, 2.3495274988017543e-24, nan 
43.125, 78.625, 1.6551894406506364e-24, nan 
43.375, 78.625, 4.5856104169105915e-24, nan 
43.625, 78.625, 4.146874809679067e-24, nan 
43.875, 78.625, 3.157023318037668e-24, nan 
44.125, 78.625, 4.681932807164311e-24, nan 
44.375, 78.625, 4.780785611105523e-24, nan 
44.625, 78.625, 6.766390577807776e-24, nan 
44.875, 78.625, 6.00147886354257e-24, nan 
45.125, 78.625, 2.7996139244494805e-24, nan 
45.375, 78.625, 4.636193627854975e-24, nan 
45.625, 78.625, 4.6564428483480905e-24, nan 
45.875, 78.625, 5.2316299452492096e-24, nan 
46.125, 78.625, 5.596692300713736e-24, nan 
46.375, 78.625, 6.662379159454781e-24, nan 
46.625, 78.625, 5.194202987428007e-24, nan 
46.875, 78.625, 7.409501786140056e-24, nan 
47.125, 78.625, 5.351049080578725e-24, nan 
47.375, 78.625, 6.180823675925685e-24, nan 
47.625, 78.625, 5.6934310290708845e-24, nan 
47.875, 78.625, 1.1296783431274015e-23, nan 
48.125, 78.625, 8.196787877512496e-24, nan 
48.375, 78.625, 1.1773635607089963e-23, nan 
48.625, 78.625, 9.718041606219409e-24, nan 
48.875, 78.625, 9.386122435832804e-24, nan 
49.125, 78.625, 6.60354670571652e-24, nan 
49.375, 78.625, 5.727679407228821e-24, nan 
49.625, 78.625, 1.3912993166429733e-23, nan 
49.875, 78.625, 1.272762438384134e-23, nan 
50.125, 78.625, 1.1833973458260186e-23, nan 
50.375, 78.625, 5.342532274125334e-24, nan 
50.625, 78.625, 4.264615898959608e-24, nan 
50.875, 78.625, 8.66373957382603e-24, nan 
51.125, 78.625, 7.568262698720503e-24, nan 
51.375, 78.625, 1.0022311898000981e-23, nan 
51.625, 78.625, 1.1922471975589367e-23, nan 
51.875, 78.625, 1.1674777703821995e-23, nan 
52.125, 78.625, 1.2999608608456227e-23, nan 
52.375, 78.625, 8.979208607817679e-24, nan 
52.625, 78.625, 7.78467766208336e-24, nan 
52.875, 78.625, 9.417640244598039e-24, nan 
53.125, 78.625, 8.523850835251282e-24, nan 
53.375, 78.625, 1.0992440409853976e-23, nan 
53.625, 78.625, 1.5700209774959102e-23, nan 
53.875, 78.625, 2.639082478303258e-23, nan 
54.125, 78.625, 1.8307102725405826e-23, nan 
54.375, 78.625, 9.142132895246349e-24, nan 
54.625, 78.625, 4.016806012878046e-24, nan 
54.875, 78.625, 6.5875860439787045e-24, nan 
55.125, 78.625, 8.966707394475812e-24, nan 
55.375, 78.625, 5.90928700601837e-24, nan 
55.625, 78.625, 4.069214652998117e-24, nan 
55.875, 78.625, 4.945638997108425e-24, nan 
56.125, 78.625, 7.830369755844006e-24, nan 
56.375, 78.625, 6.2917678627196354e-24, nan 
56.625, 78.625, 1.0889033541669972e-23, nan 
56.875, 78.625, 9.482588583004692e-24, nan 
57.125, 78.625, 8.29275814081557e-24, nan 
57.375, 78.625, 6.156868636020341e-24, nan 
57.625, 78.625, 3.954397475867631e-24, nan 
57.875, 78.625, 1.3194237895699223e-23, nan 
58.125, 78.625, 2.9683951244498916e-23, nan 
58.375, 78.625, 4.8863303945966815e-23, nan 
58.625, 78.625, 5.148918734431533e-23, nan 
58.875, 78.625, 4.4911850786105393e-23, nan 
59.125, 78.625, 2.696906668532222e-23, nan 
59.375, 78.625, 3.794599738345039e-23, nan 
59.625, 78.625, 4.216571329835141e-23, nan 
59.875, 78.625, 4.815323294927452e-23, nan 
60.125, 78.625, 6.205750289268784e-23, nan 
60.375, 78.625, 5.617614943716548e-23, nan 
60.625, 78.625, 4.2554842017552e-23, nan 
60.875, 78.625, 4.743584579937131e-23, nan 
61.125, 78.625, 5.003205399613373e-23, nan 
61.375, 78.625, 6.197487080582426e-23, nan 
61.625, 78.625, 6.135607107635059e-23, nan 
61.875, 78.625, 7.327600697019882e-23, nan 
62.125, 78.625, 5.692145036901418e-23, nan 
62.375, 78.625, 6.716787674234865e-23, nan 
62.625, 78.625, 6.819728929898446e-23, nan 
62.875, 78.625, 8.216534212774476e-23, nan 
63.125, 78.625, 9.727291002549021e-23, nan 
63.375, 78.625, 3.5284883819067737e-23, nan 
63.625, 78.625, 2.2597358569753063e-23, nan 
63.875, 78.625, 1.7712619464660148e-23, nan 
64.125, 78.625, 2.183236463443829e-23, nan 
64.375, 78.625, 2.987563085737012e-23, nan 
64.625, 78.625, 3.5734581820413383e-23, nan 
64.875, 78.625, 3.2784933819557753e-23, nan 
65.125, 78.625, 2.385929395218778e-23, nan 
65.375, 78.625, 4.597060622173282e-23, nan 
65.625, 78.625, 3.019608623814049e-23, nan 
65.875, 78.625, 2.7585277647213123e-23, nan 
66.125, 78.625, 3.316821700514425e-23, nan 
66.375, 78.625, 3.771237260036294e-23, nan 
66.625, 78.625, 4.2653558592891027e-23, nan 
66.875, 78.625, 2.981880533950565e-23, nan 
67.125, 78.625, 4.354528854255864e-23, nan 
67.375, 78.625, 3.738404988847942e-23, nan 
67.625, 78.625, 4.316627044947116e-23, nan 
67.875, 78.625, 3.219039723250716e-23, nan 
68.125, 78.625, 3.1788618716910574e-23, nan 
68.375, 78.625, 4.026143303270025e-23, nan 
68.625, 78.625, 1.802899027468277e-23, nan 
68.875, 78.625, 2.4665041800743754e-23, nan 
69.125, 78.625, 3.909582509168496e-23, nan 
69.375, 78.625, 2.7897498396552094e-23, nan 
69.625, 78.625, 3.7038351426629235e-23, nan 
69.875, 78.625, 2.0572148834754393e-23, nan 
70.125, 78.625, 4.153332648132605e-23, nan 
70.375, 78.625, 3.9283661792153875e-23, nan 
70.625, 78.625, 5.069951251201915e-23, nan 
70.875, 78.625, 6.88484575509408e-23, nan 
71.125, 78.625, 4.896456800429126e-23, nan 
71.375, 78.625, 3.65104905895298e-23, nan 
71.625, 78.625, 7.521915410795965e-23, nan 
71.875, 78.625, 7.467472840216933e-23, nan 
72.125, 78.625, 4.963431409112633e-23, nan 
72.375, 78.625, 3.979215490504602e-23, nan 
72.625, 78.625, 3.0660170087982755e-23, nan 
72.875, 78.625, 7.15262498388861e-23, nan 
73.125, 78.625, 8.746192914619062e-23, nan 
73.375, 78.625, 6.69914068169314e-23, nan 
73.625, 78.625, 3.4493728061465316e-23, nan 
73.875, 78.625, 7.996062768853791e-23, nan 
74.125, 78.625, 6.910393864669914e-23, nan 
74.375, 78.625, 9.149880370660579e-23, nan 
74.625, 78.625, 8.029653037708216e-23, nan 
74.875, 78.625, 1.185200107486494e-22, nan 
75.125, 78.625, 1.614285229579267e-22, nan 
75.375, 78.625, 1.0756726489305906e-22, nan 
75.625, 78.625, 1.273232855246076e-22, nan 
75.875, 78.625, 1.623000380741449e-22, nan 
76.125, 78.625, 2.2725661947333985e-22, nan 
76.375, 78.625, 2.081861251823896e-22, nan 
76.625, 78.625, 1.3359990966786498e-22, nan 
76.875, 78.625, 1.286866404086912e-22, nan 
77.125, 78.625, 7.807756906062936e-23, nan 
77.375, 78.625, 1.7310584411578777e-22, nan 
77.625, 78.625, 1.096347343267899e-22, nan 
77.875, 78.625, 8.064207703614475e-23, nan 
78.125, 78.625, 1.4117476851217252e-22, nan 
78.375, 78.625, 7.477917408402746e-23, nan 
78.625, 78.625, 6.454679577265174e-23, nan 
78.875, 78.625, 6.948806763645542e-23, nan 
79.125, 78.625, 1.5210629606344735e-22, nan 
79.375, 78.625, 2.5661818270300316e-22, nan 
79.625, 78.625, 1.912820453255906e-22, nan 
79.875, 78.625, 1.1433086489573717e-22, nan 
80.125, 78.625, 8.989477804294925e-23, nan 
80.375, 78.625, 1.756904782823988e-22, nan 
80.625, 78.625, 1.1475979569926788e-22, nan 
80.875, 78.625, 1.2325188008331355e-22, nan 
81.125, 78.625, 8.892580857427957e-23, nan 
81.375, 78.625, 1.3513851117905666e-22, nan 
81.625, 78.625, 1.189592673374468e-22, nan 
81.875, 78.625, 6.549406830583514e-23, nan 
82.125, 78.625, 4.905109926357389e-23, nan 
82.375, 78.625, 6.206823846320946e-23, nan 
82.625, 78.625, 1.024833059719719e-22, nan 
82.875, 78.625, 1.2273257561813107e-22, nan 
83.125, 78.625, 1.2199943322991555e-22, nan 
83.375, 78.625, 9.428944091637729e-23, nan 
83.625, 78.625, 1.717114351285203e-22, nan 
83.875, 78.625, 1.82288731602075e-22, nan 
84.125, 78.625, 2.3281465704237026e-22, nan 
84.375, 78.625, 3.1874787195672462e-22, nan 
84.625, 78.625, 4.1766910348232327e-22, nan 
84.875, 78.625, 4.490480645565406e-22, nan 
85.125, 78.625, 3.624862411166656e-22, nan 
85.375, 78.625, 3.32414888766351e-22, nan 
85.625, 78.625, 4.1326553995695656e-22, nan 
85.875, 78.625, 6.41306997925016e-22, nan 
86.125, 78.625, 7.439436561986773e-22, nan 
86.375, 78.625, 5.018212532854899e-22, nan 
86.625, 78.625, 4.854503108117614e-22, nan 
86.875, 78.625, 4.38607372259961e-22, nan 
87.125, 78.625, 4.89911590556705e-22, nan 
87.375, 78.625, 5.810815598789013e-22, nan 
87.625, 78.625, 5.933426563526109e-22, nan 
87.875, 78.625, 4.73189168577664e-22, nan 
88.125, 78.625, 4.7159147655127995e-22, nan 
88.375, 78.625, 6.890730631491953e-22, nan 
88.625, 78.625, 1.0266999550415987e-21, nan 
88.875, 78.625, 1.159488692469485e-21, nan 
89.125, 78.625, 7.095183706500153e-22, nan 
89.375, 78.625, 6.011148384187309e-22, nan 
89.625, 78.625, 5.074339694999214e-22, nan 
89.875, 78.625, 5.414250574270099e-22, nan 
90.125, 78.625, 6.331609513126483e-22, nan 
90.375, 78.625, 6.237101101307864e-22, nan 
90.625, 78.625, 5.04123839591343e-22, nan 
90.875, 78.625, 4.537845134387908e-22, nan 
91.125, 78.625, 4.061889792661779e-22, nan 
91.375, 78.625, 3.651021324211943e-22, nan 
91.625, 78.625, 5.079977630891507e-22, nan 
91.875, 78.625, 4.721833373600954e-22, nan 
92.125, 78.625, 4.452242521173129e-22, nan 
92.375, 78.625, 3.4104717189829403e-22, nan 
92.625, 78.625, 4.279130209126076e-22, nan 
92.875, 78.625, 4.191744142712009e-22, nan 
93.125, 78.625, 3.842672551964335e-22, nan 
93.375, 78.625, 3.5804274808601905e-22, nan 
93.625, 78.625, 1.5962288197427487e-22, nan 
93.875, 78.625, 2.267865534059907e-22, nan 
94.125, 78.625, 8.427753570638917e-22, nan 
94.375, 78.625, 5.825678517221112e-22, nan 
94.625, 78.625, 6.528506894598472e-22, nan 
94.875, 78.625, 7.384462095987972e-22, nan 
95.125, 78.625, 1.0083885853189688e-21, nan 
95.375, 78.625, 1.0642192059445024e-21, nan 
95.625, 78.625, 9.98833008016416e-22, nan 
95.875, 78.625, 7.971416075516074e-22, nan 
96.125, 78.625, 1.16219558790402e-21, nan 
96.375, 78.625, 1.2320726019837616e-21, nan 
96.625, 78.625, 1.0354430705135313e-21, nan 
96.875, 78.625, 1.2947855310825392e-21, nan 
97.125, 78.625, 8.819639083893512e-22, nan 
97.375, 78.625, 4.030683778170205e-22, nan 
97.625, 78.625, 2.971949868017848e-22, nan 
97.875, 78.625, 3.521535377857519e-22, nan 
98.125, 78.625, 5.233466984770795e-22, nan 
98.375, 78.625, 6.08151241716687e-22, nan 
98.625, 78.625, 4.655159864019995e-22, nan 
98.875, 78.625, 3.9013351022397804e-22, nan 
99.125, 78.625, 5.079239669423259e-22, nan 
99.375, 78.625, 5.063945811788597e-22, nan 
99.625, 78.625, 5.717981541665587e-22, nan 
99.875, 78.625, 5.547722675489556e-22, nan 
100.125, 78.625, 5.760142170282002e-22, nan 
100.375, 78.625, 6.035826614812303e-22, nan 
100.625, 78.625, 5.042847301763763e-22, nan 
100.875, 78.625, 5.121622062895169e-22, nan 
101.125, 78.625, 7.395563512590055e-22, nan 
101.375, 78.625, 7.518331423448967e-22, nan 
101.625, 78.625, 5.991608789193252e-22, nan 
101.875, 78.625, 8.261218981239131e-22, nan 
102.125, 78.625, 8.425507396821408e-22, nan 
102.375, 78.625, 8.845487303128211e-22, nan 
102.625, 78.625, 9.24759479905723e-22, nan 
102.875, 78.625, 6.500723842014431e-22, nan 
103.125, 78.625, 8.105447393124158e-22, nan 
103.375, 78.625, 8.607972930226731e-22, nan 
103.625, 78.625, 6.039915835037996e-22, nan 
103.875, 78.625, 2.9936854154187456e-22, nan 
104.125, 78.625, 3.5907301086869945e-22, nan 
104.375, 78.625, 3.626696309406845e-22, nan 
104.625, 78.625, 5.706336833750019e-22, nan 
104.875, 78.625, 7.647703501168089e-22, nan 
105.125, 78.625, 5.613613848447767e-22, nan 
105.375, 78.625, 4.866726179618604e-22, nan 
105.625, 78.625, 3.2933136681974695e-22, nan 
105.875, 78.625, 4.922724498534708e-22, nan 
106.125, 78.625, 6.411595508705606e-22, nan 
106.375, 78.625, 4.121960303878707e-22, nan 
106.625, 78.625, 3.5214455954158946e-22, nan 
106.875, 78.625, 3.5113471258442187e-22, nan 
107.125, 78.625, 2.2819015187113986e-22, nan 
107.375, 78.625, 5.295145819898455e-22, nan 
107.625, 78.625, 3.670779693215899e-22, nan 
107.875, 78.625, 5.336210219856743e-22, nan 
108.125, 78.625, 8.027372998790715e-22, nan 
108.375, 78.625, 4.904897204286573e-22, nan 
108.625, 78.625, 4.468472025848005e-22, nan 
108.875, 78.625, 4.650812071092486e-22, nan 
109.125, 78.625, 5.793470588117518e-22, nan 
109.375, 78.625, 4.834151314120752e-22, nan 
109.625, 78.625, 4.060883372888652e-22, nan 
109.875, 78.625, 3.09117991839861e-22, nan 
110.125, 78.625, 8.998927408714367e-22, nan 
110.375, 78.625, 1.828203399831793e-21, nan 
110.625, 78.625, 1.8052722225249824e-21, nan 
110.875, 78.625, 1.8543061454847873e-21, nan 
111.125, 78.625, 1.5667372281634106e-21, nan 
111.375, 78.625, 1.7273921797449376e-21, nan 
111.625, 78.625, 1.9751495652865916e-21, nan 
111.875, 78.625, 1.884079595715316e-21, nan 
112.125, 78.625, 1.7738651009231988e-21, nan 
112.375, 78.625, 1.5097960578009583e-21, nan 
112.625, 78.625, 1.4589566213232137e-21, nan 
112.875, 78.625, 9.023625164726344e-22, nan 
113.125, 78.625, 9.173723210440679e-22, nan 
113.375, 78.625, 6.746997323864123e-22, nan 
113.625, 78.625, 6.834059248505935e-22, nan 
113.875, 78.625, 7.29578913170152e-22, nan 
114.125, 78.625, 6.36529961900356e-22, nan 
114.375, 78.625, 6.02519671227563e-22, nan 
114.625, 78.625, 6.331371505446875e-22, nan 
114.875, 78.625, 5.393832405531068e-22, nan 
115.125, 78.625, 4.420894140023765e-22, nan 
115.375, 78.625, 4.240482781669149e-22, nan 
115.625, 78.625, 5.935564764390246e-22, nan 
115.875, 78.625, 5.34353483828297e-22, nan 
116.125, 78.625, 4.744368983759277e-22, nan 
116.375, 78.625, 4.918529055821921e-22, nan 
116.625, 78.625, 4.925647507575366e-22, nan 
116.875, 78.625, 4.2148642538705535e-22, nan 
117.125, 78.625, 4.54743666857048e-22, nan 
117.375, 78.625, 5.626234157045341e-22, nan 
117.625, 78.625, 4.2125697474093334e-22, nan 
117.875, 78.625, 2.64981586266605e-22, nan 
118.125, 78.625, 3.500060906011281e-22, nan 
118.375, 78.625, 3.9673902750675284e-22, nan 
118.625, 78.625, 3.881913451671969e-22, nan 
118.875, 78.625, 3.831867988664756e-22, nan 
119.125, 78.625, 3.4547585222304904e-22, nan 
119.375, 78.625, 4.0180310613563415e-22, nan 
119.625, 78.625, 3.3418883270927456e-22, nan 
119.875, 78.625, 2.143796519233996e-22, nan 
120.125, 78.625, 5.620588713047839e-22, nan 
120.375, 78.625, 8.156018202346139e-22, nan 
120.625, 78.625, 7.443531400453877e-22, nan 
120.875, 78.625, 7.936508819872003e-22, nan 
121.125, 78.625, 7.440658923210264e-22, nan 
121.375, 78.625, 5.033934543706206e-22, nan 
121.625, 78.625, 5.944237998249662e-22, nan 
121.875, 78.625, 5.649400044278099e-22, nan 
122.125, 78.625, 5.719072069026331e-22, nan 
122.375, 78.625, 4.977059227353099e-22, nan 
122.625, 78.625, 3.53344835327194e-22, nan 
122.875, 78.625, 1.989935965569373e-22, nan 
123.125, 78.625, 2.8666809334716834e-22, nan 
123.375, 78.625, 2.343586081637943e-22, nan 
123.625, 78.625, 2.753124967184093e-22, nan 
123.875, 78.625, 2.701312009546645e-22, nan 
124.125, 78.625, 3.3487651612614803e-22, nan 
124.375, 78.625, 2.918558157071504e-22, nan 
124.625, 78.625, 2.557543010547728e-22, nan 
124.875, 78.625, 2.5866214652140643e-22, nan 
125.125, 78.625, 2.415707609359248e-22, nan 
125.375, 78.625, 2.6327197692483205e-22, nan 
125.625, 78.625, 2.2401734202592487e-22, nan 
125.875, 78.625, 2.08292964541803e-22, nan 
126.125, 78.625, 1.9054547746948257e-22, nan 
126.375, 78.625, 1.6321477820118938e-22, nan 
126.625, 78.625, 1.854472086205543e-22, nan 
126.875, 78.625, 2.1071765933975941e-22, nan 
127.125, 78.625, 2.408421300882273e-22, nan 
127.375, 78.625, 2.623925087870469e-22, nan 
127.625, 78.625, 1.967375569591057e-22, nan 
127.875, 78.625, 1.8262974173704093e-22, nan 
128.125, 78.625, 1.6521021292718544e-22, nan 
128.375, 78.625, 1.3882192717916972e-22, nan 
128.625, 78.625, 1.1243127388001134e-22, nan 
128.875, 78.625, 1.0592842136075972e-22, nan 
129.125, 78.625, 1.500282639752127e-22, nan 
129.375, 78.625, 1.571976716085833e-22, nan 
129.625, 78.625, 1.489383819492048e-22, nan 
129.875, 78.625, 1.4854836835263492e-22, nan 
130.125, 78.625, 1.5477583646563958e-22, nan 
130.375, 78.625, 2.522970173268533e-22, nan 
130.625, 78.625, 3.2649585579228286e-22, nan 
130.875, 78.625, 3.594403097660984e-22, nan 
131.125, 78.625, 2.375148079595442e-22, nan 
131.375, 78.625, 2.4936317648872425e-22, nan 
131.625, 78.625, 2.1397351808417997e-22, nan 
131.875, 78.625, 1.8391969829520667e-22, nan 
132.125, 78.625, 1.7966321883829666e-22, nan 
132.375, 78.625, 1.4585317085868297e-22, nan 
132.625, 78.625, 1.5312487065146505e-22, nan 
132.875, 78.625, 1.9470543519584258e-22, nan 
133.125, 78.625, 1.0193784274356744e-22, nan 
133.375, 78.625, 1.6066081654652591e-22, nan 
133.625, 78.625, 1.75717685991204e-22, nan 
133.875, 78.625, 1.6348805535220322e-22, nan 
134.125, 78.625, 2.1337079364278243e-22, nan 
134.375, 78.625, 1.787089751498232e-22, nan 
134.625, 78.625, 1.2094377054742566e-22, nan 
134.875, 78.625, 1.227093909941948e-22, nan 
135.125, 78.625, 1.338959509229848e-22, nan 
135.375, 78.625, 1.650064130451997e-22, nan 
135.625, 78.625, 1.4584612113834815e-22, nan 
135.875, 78.625, 8.338856650962284e-23, nan 
136.125, 78.625, 4.9344652242402787e-23, nan 
136.375, 78.625, 5.1903133650982613e-23, nan 
136.625, 78.625, 5.577250671837658e-23, nan 
136.875, 78.625, 6.821379819574228e-23, nan 
137.125, 78.625, 5.155687691997686e-23, nan 
137.375, 78.625, 4.6216167615423515e-23, nan 
137.625, 78.625, 3.990821136589688e-23, nan 
137.875, 78.625, 2.5928189754986565e-23, nan 
138.125, 78.625, 3.603480896561051e-23, nan 
138.375, 78.625, 3.133306108484282e-23, nan 
138.625, 78.625, 3.187122062054378e-23, nan 
138.875, 78.625, 3.0031350532193044e-23, nan 
139.125, 78.625, 3.133816588792999e-23, nan 
139.375, 78.625, 3.1600436821238654e-23, nan 
139.625, 78.625, 3.728725920545452e-23, nan 
139.875, 78.625, 3.2665674510062264e-23, nan 
140.125, 78.625, 5.841040346630348e-23, nan 
140.375, 78.625, 5.699827540993294e-23, nan 
140.625, 78.625, 8.88666709838137e-23, nan 
140.875, 78.625, 5.60534250750515e-23, nan 
141.125, 78.625, 4.599579495297529e-23, nan 
141.375, 78.625, 3.6678046444042023e-23, nan 
141.625, 78.625, 3.9287296607706323e-23, nan 
141.875, 78.625, 5.378145094492407e-23, nan 
142.125, 78.625, 4.974286366169412e-23, nan 
142.375, 78.625, 4.1998857756001815e-23, nan 
142.625, 78.625, 2.928491238939473e-23, nan 
142.875, 78.625, 2.5863274252204547e-23, nan 
143.125, 78.625, 2.5169383901442825e-23, nan 
143.375, 78.625, 2.746639537991832e-23, nan 
143.625, 78.625, 2.3279022301340528e-23, nan 
143.875, 78.625, 2.2361233155097147e-23, nan 
144.125, 78.625, 2.23631886323958e-23, nan 
144.375, 78.625, 1.8361314596527168e-23, nan 
144.625, 78.625, 2.1214720316258407e-23, nan 
144.875, 78.625, 2.3972223178481596e-23, nan 
145.125, 78.625, 2.2709428039671777e-23, nan 
145.375, 78.625, 1.8808568317716834e-23, nan 
145.625, 78.625, 1.1054383188716794e-23, nan 
145.875, 78.625, 1.3876252263908358e-23, nan 
146.125, 78.625, 1.4253222314922453e-23, nan 
146.375, 78.625, 1.1166291871718658e-23, nan 
146.625, 78.625, 8.945642841945683e-24, nan 
146.875, 78.625, 1.1406381362202255e-23, nan 
147.125, 78.625, 1.1777483403777168e-23, nan 
147.375, 78.625, 1.2244528345713788e-23, nan 
147.625, 78.625, 1.3514523507863362e-23, nan 
147.875, 78.625, 1.801526436531553e-23, nan 
148.125, 78.625, 1.3588720729073608e-23, nan 
148.375, 78.625, 1.6208995509723618e-23, nan 
148.625, 78.625, 1.3435865201028745e-23, nan 
148.875, 78.625, 1.4104651087114483e-23, nan 
149.125, 78.625, 1.5393604756655554e-23, nan 
149.375, 78.625, 1.610018238496555e-23, nan 
149.625, 78.625, 1.6146659452418872e-23, nan 
149.875, 78.625, 1.208370154648501e-23, nan 
150.125, 78.625, 1.2666492688703847e-23, nan 
150.375, 78.625, 1.1535212942907496e-23, nan 
150.625, 78.625, 1.0986264336812305e-23, nan 
150.875, 78.625, 1.1911537244031316e-23, nan 
151.125, 78.625, 1.0491063892420854e-23, nan 
151.375, 78.625, 1.7828843217333376e-23, nan 
151.625, 78.625, 2.738984162924204e-23, nan 
151.875, 78.625, 2.3662724983291454e-23, nan 
152.125, 78.625, 2.4573663492363995e-23, nan 
152.375, 78.625, 1.9734845277533012e-23, nan 
152.625, 78.625, 1.1325078198402261e-23, nan 
152.875, 78.625, 2.9691236132957153e-23, nan 
153.125, 78.625, 2.7964272385652015e-23, nan 
153.375, 78.625, 2.6352464537815094e-23, nan 
153.625, 78.625, 2.082594206124197e-23, nan 
153.875, 78.625, 1.402592206848532e-23, nan 
154.125, 78.625, 1.8724448708669226e-23, nan 
154.375, 78.625, 1.660870131379543e-23, nan 
154.625, 78.625, 1.403359815666883e-23, nan 
154.875, 78.625, 1.7194267994547746e-23, nan 
155.125, 78.625, 2.6216640551157392e-23, nan 
155.375, 78.625, 2.9735834049089275e-23, nan 
155.625, 78.625, 2.2354278556603048e-23, nan 
155.875, 78.625, 2.6401166949076338e-23, nan 
156.125, 78.625, 1.7434088002703513e-23, nan 
156.375, 78.625, 1.2319789950765993e-23, nan 
156.625, 78.625, 6.066906615980652e-24, nan 
156.875, 78.625, 6.76776437743592e-24, nan 
157.125, 78.625, 7.741091995089e-24, nan 
157.375, 78.625, 8.994461111956491e-24, nan 
157.625, 78.625, 8.395006393955847e-24, nan 
157.875, 78.625, 6.756495532575487e-24, nan 
158.125, 78.625, 7.352947084113212e-24, nan 
158.375, 78.625, 9.034969196265841e-24, nan 
158.625, 78.625, 8.164390959780663e-24, nan 
158.875, 78.625, 1.153580242079809e-23, nan 
159.125, 78.625, 7.926468133772145e-24, nan 
159.375, 78.625, 8.059510167014047e-24, nan 
159.625, 78.625, 8.89707643816135e-24, nan 
159.875, 78.625, 8.087369005613706e-24, nan 
160.125, 78.625, 7.11174107735993e-24, nan 
160.375, 78.625, 6.60663637580061e-24, nan 
160.625, 78.625, 4.820663997237941e-24, nan 
160.875, 78.625, 7.011177112268847e-24, nan 
161.125, 78.625, 5.2734971707049664e-24, nan 
161.375, 78.625, 4.9501939530115924e-24, nan 
161.625, 78.625, 5.45078095068167e-24, nan 
161.875, 78.625, 6.29489733864241e-24, nan 
162.125, 78.625, 3.830781006260603e-24, nan 
162.375, 78.625, 3.8232429449978544e-24, nan 
162.625, 78.625, 8.465058216043751e-24, nan 
162.875, 78.625, 8.286747145037126e-24, nan 
163.125, 78.625, 5.4503704802803804e-24, nan 
163.375, 78.625, 2.692484224879064e-24, nan 
163.625, 78.625, 3.6328635449707824e-24, nan 
163.875, 78.625, 1.2976057536866433e-23, nan 
164.125, 78.625, 1.0049491103807586e-23, nan 
164.375, 78.625, 5.0260045079115336e-24, nan 
164.625, 78.625, 4.49583248551194e-24, nan 
164.875, 78.625, 4.44396565819854e-24, nan 
165.125, 78.625, 6.829110663366076e-24, nan 
165.375, 78.625, 6.153891616120334e-24, nan 
165.625, 78.625, 4.225381966990203e-24, nan 
165.875, 78.625, 4.218789621065348e-24, nan 
166.125, 78.625, 4.476806841099752e-24, nan 
166.375, 78.625, 3.830200719853615e-24, nan 
166.625, 78.625, 4.191143106563165e-24, nan 
166.875, 78.625, 5.242619465949787e-24, nan 
167.125, 78.625, 5.414368250081791e-24, nan 
167.375, 78.625, 5.081387028021351e-24, nan 
167.625, 78.625, 7.104875576225363e-24, nan 
167.875, 78.625, 4.937618850231825e-24, nan 
168.125, 78.625, 4.750294802261323e-24, nan 
168.375, 78.625, 4.593216739668272e-24, nan 
168.625, 78.625, 4.2018243354759745e-24, nan 
168.875, 78.625, 3.26191104973093e-24, nan 
169.125, 78.625, 2.695550874565155e-24, nan 
169.375, 78.625, 3.267004610653747e-24, nan 
169.625, 78.625, 3.401687469426541e-24, nan 
169.875, 78.625, 3.1675312235636306e-24, nan 
170.125, 78.625, 3.7453113913026526e-24, nan 
170.375, 78.625, 3.0999928535061025e-24, nan 
170.625, 78.625, 3.662338040086359e-24, nan 
170.875, 78.625, 4.092922178462174e-24, nan 
171.125, 78.625, 3.8419823850739275e-24, nan 
171.375, 78.625, 4.875958904256249e-24, nan 
171.625, 78.625, 3.53950032721207e-24, nan 
171.875, 78.625, 5.435874407961164e-24, nan 
172.125, 78.625, 3.37554760209627e-24, nan 
172.375, 78.625, 3.460917028599605e-24, nan 
172.625, 78.625, 6.240273699396747e-24, nan 
172.875, 78.625, 4.913650596648652e-24, nan 
173.125, 78.625, 7.119268957671593e-24, nan 
173.375, 78.625, 3.6665388324694134e-24, nan 
173.625, 78.625, 5.9922666249363255e-24, nan 
173.875, 78.625, 6.075977843890749e-24, nan 
174.125, 78.625, 4.7218804822628706e-24, nan 
174.375, 78.625, 3.5494673873553455e-24, nan 
174.625, 78.625, 1.9849640145041858e-24, nan 
174.875, 78.625, 4.3363717024571735e-24, nan 
175.125, 78.625, 3.5582496422089576e-24, nan 
175.375, 78.625, 1.852064120310042e-24, nan 
175.625, 78.625, 3.651446432102935e-24, nan 
175.875, 78.625, 4.072420836963456e-24, nan 
176.125, 78.625, 7.021604575406358e-24, nan 
176.375, 78.625, 4.4345380546377676e-24, nan 
176.625, 78.625, 4.103042637047104e-24, nan 
176.875, 78.625, 3.3757502940942456e-24, nan 
177.125, 78.625, 4.0927670738973266e-24, nan 
177.375, 78.625, 4.9259744676675485e-24, nan 
177.625, 78.625, 2.1570698609051953e-24, nan 
177.875, 78.625, 2.4736863955911112e-24, nan 
178.125, 78.625, 2.4593367144388356e-24, nan 
178.375, 78.625, 2.0724212139042527e-24, nan 
178.625, 78.625, 1.9975481302930394e-24, nan 
178.875, 78.625, 1.1949119952888016e-24, nan 
179.125, 78.625, 2.0291959595746522e-24, nan 
179.375, 78.625, 1.8165271378700764e-24, nan 
179.625, 78.625, 1.2598022834771283e-24, nan 
179.875, 78.625, 2.2877275960861734e-24, nan 
-179.875, 78.875, 3.5927842449049286e-24, nan 
-179.625, 78.875, 3.532076715151938e-24, nan 
-179.375, 78.875, 2.7512868512812433e-24, nan 
-179.125, 78.875, 2.627508952526601e-24, nan 
-178.875, 78.875, 2.574533800698866e-24, nan 
-178.625, 78.875, 2.7102303383355968e-24, nan 
-178.375, 78.875, 2.893022728861699e-24, nan 
-178.125, 78.875, 2.8055013441805427e-24, nan 
-177.875, 78.875, 9.660188108494175e-24, nan 
-177.625, 78.875, 1.2439068720897758e-23, nan 
-177.375, 78.875, 1.0746905824516753e-23, nan 
-177.125, 78.875, 7.359252539431343e-24, nan 
-176.875, 78.875, 7.62166752354281e-24, nan 
-176.625, 78.875, 1.0859638967907596e-23, nan 
19.375, 78.875, 4.1931091058994245e-23, nan 
19.625, 78.875, 4.3142073749186394e-23, nan 
19.875, 78.875, 4.503094292117693e-23, nan 
20.125, 78.875, 4.618023767851941e-23, nan 
20.375, 78.875, 4.4791747898361076e-23, nan 
20.625, 78.875, 5.0333105744416744e-23, nan 
20.875, 78.875, 5.426859319616373e-23, nan 
21.125, 78.875, 4.768320118475694e-23, nan 
21.375, 78.875, 4.52603140053901e-23, nan 
21.625, 78.875, 4.569591762982825e-23, nan 
21.875, 78.875, 4.328690312623652e-23, nan 
22.125, 78.875, 5.29739276596225e-23, nan 
22.375, 78.875, 3.703035939221351e-23, nan 
22.625, 78.875, 3.509690176404843e-23, nan 
22.875, 78.875, 7.327531040086833e-24, nan 
23.125, 78.875, 2.1457934922560872e-23, nan 
23.375, 78.875, 2.85606081441413e-23, nan 
23.625, 78.875, 1.2423470376578203e-23, nan 
23.875, 78.875, 6.121980838879584e-24, nan 
24.125, 78.875, 3.703770983521511e-24, nan 
24.375, 78.875, 2.3146346895622003e-24, nan 
24.625, 78.875, 3.1097244213519657e-24, nan 
24.875, 78.875, 2.677503997236291e-23, nan 
25.125, 78.875, 3.474226185983538e-23, nan 
25.375, 78.875, 2.6401386227821459e-23, nan 
25.625, 78.875, 2.4708625365638666e-23, nan 
25.875, 78.875, 3.0471983341738356e-23, nan 
26.125, 78.875, 2.0083647083806917e-23, nan 
26.375, 78.875, 1.469642555134687e-23, nan 
26.625, 78.875, 1.137996820686666e-23, nan 
26.875, 78.875, 7.456726233089638e-24, nan 
27.125, 78.875, 1.014111042998106e-23, nan 
27.375, 78.875, 1.2281596488740587e-23, nan 
27.625, 78.875, 1.4701676714822288e-23, nan 
27.875, 78.875, 1.8232797553621525e-23, nan 
28.125, 78.875, 1.60367811023112e-23, nan 
28.375, 78.875, 1.2599867262250093e-23, nan 
28.625, 78.875, 8.134186366401242e-24, nan 
28.875, 78.875, 7.926933920733836e-24, nan 
29.125, 78.875, 9.851690963963137e-24, nan 
29.375, 78.875, 9.651620910566704e-24, nan 
29.625, 78.875, 7.461250170810766e-24, nan 
29.875, 78.875, 5.592390568418948e-24, nan 
30.125, 78.875, 3.784737239825651e-24, nan 
30.375, 78.875, 2.345418613684142e-24, nan 
30.625, 78.875, 1.9840637355909578e-24, nan 
30.875, 78.875, 3.332199098573498e-24, nan 
31.125, 78.875, 4.5817789024304174e-24, nan 
31.375, 78.875, 4.0020406515584996e-24, nan 
31.625, 78.875, 5.067297151901522e-24, nan 
31.875, 78.875, 5.826736986042253e-24, nan 
32.125, 78.875, 6.645493911092021e-24, nan 
32.375, 78.875, 5.4000422927702176e-24, nan 
32.625, 78.875, 5.103515493957803e-24, nan 
32.875, 78.875, 4.8439227480762975e-24, nan 
33.125, 78.875, 4.9317400299298154e-24, nan 
33.375, 78.875, 4.297518070231811e-24, nan 
33.625, 78.875, 4.928334271973604e-24, nan 
33.875, 78.875, 3.25948051022312e-24, nan 
34.125, 78.875, 4.004999748417669e-24, nan 
34.375, 78.875, 2.6201123091515446e-24, nan 
34.625, 78.875, 2.9283326673515134e-24, nan 
34.875, 78.875, 1.9033808911410412e-24, nan 
35.125, 78.875, 1.7184933897956175e-24, nan 
35.375, 78.875, 2.2562476616287486e-24, nan 
35.625, 78.875, 8.269417824726888e-25, nan 
35.875, 78.875, 1.263760165337031e-24, nan 
36.125, 78.875, 1.408640428470706e-24, nan 
36.375, 78.875, 1.9373552293260512e-24, nan 
36.625, 78.875, 2.013465223498717e-24, nan 
36.875, 78.875, 1.392334229357747e-24, nan 
37.125, 78.875, 1.492358163874679e-24, nan 
37.375, 78.875, 1.2666342545136979e-24, nan 
37.625, 78.875, 1.3957288499232482e-24, nan 
37.875, 78.875, 1.7871767105076372e-24, nan 
38.125, 78.875, 1.925315352243317e-24, nan 
38.375, 78.875, 2.5295076115902694e-24, nan 
38.625, 78.875, 1.923208488178872e-24, nan 
38.875, 78.875, 2.0326004544760088e-24, nan 
39.125, 78.875, 2.147245327137546e-24, nan 
39.375, 78.875, 2.6232794526453857e-24, nan 
39.625, 78.875, 2.2990355749620268e-24, nan 
39.875, 78.875, 2.8162347672879197e-24, nan 
40.125, 78.875, 3.541563799266255e-24, nan 
40.375, 78.875, 3.230565190824267e-24, nan 
40.625, 78.875, 3.4113110781282725e-24, nan 
40.875, 78.875, 3.746967853294593e-24, nan 
41.125, 78.875, 2.9558914224435752e-24, nan 
41.375, 78.875, 3.438665447915733e-24, nan 
41.625, 78.875, 3.425735881518019e-24, nan 
41.875, 78.875, 1.790009502705313e-24, nan 
42.125, 78.875, 2.3524369965101917e-24, nan 
42.375, 78.875, 1.220171699948459e-24, nan 
42.625, 78.875, 3.978137088658978e-24, nan 
42.875, 78.875, 5.394075924020951e-24, nan 
43.125, 78.875, 1.2873286306228242e-24, nan 
43.375, 78.875, 2.648884377165444e-24, nan 
43.625, 78.875, 8.278703505962702e-25, nan 
43.875, 78.875, 4.105714342644903e-24, nan 
44.125, 78.875, 3.5468175451731476e-24, nan 
44.375, 78.875, 2.2210658276668623e-24, nan 
44.625, 78.875, 2.3966049983532052e-24, nan 
44.875, 78.875, 1.0258536786011469e-24, nan 
45.125, 78.875, 1.915582018638858e-24, nan 
45.375, 78.875, 3.468423058760471e-24, nan 
45.625, 78.875, 2.8110259155588376e-24, nan 
45.875, 78.875, 3.855721590408703e-24, nan 
46.125, 78.875, 3.7105131370906625e-24, nan 
46.375, 78.875, 4.677704776130898e-24, nan 
46.625, 78.875, 3.8002058038462124e-24, nan 
46.875, 78.875, 6.645691849498036e-24, nan 
47.125, 78.875, 5.8534326360799196e-24, nan 
47.375, 78.875, 5.402288850926819e-24, nan 
47.625, 78.875, 9.358225848920669e-24, nan 
47.875, 78.875, 9.125060613115343e-24, nan 
48.125, 78.875, 1.1106847551130632e-23, nan 
48.375, 78.875, 8.761029524621703e-24, nan 
48.625, 78.875, 7.740022458535839e-24, nan 
48.875, 78.875, 1.217545922457172e-23, nan 
49.125, 78.875, 1.0097085621317706e-23, nan 
49.375, 78.875, 1.2766220144091013e-23, nan 
49.625, 78.875, 1.1560108684838699e-23, nan 
49.875, 78.875, 1.0749726654265954e-23, nan 
50.125, 78.875, 7.209088683748067e-24, nan 
50.375, 78.875, 6.299646704410296e-24, nan 
50.625, 78.875, 7.449142185709996e-24, nan 
50.875, 78.875, 6.977028765522009e-24, nan 
51.125, 78.875, 6.186051581629414e-24, nan 
51.375, 78.875, 5.435195630406301e-24, nan 
51.625, 78.875, 5.443693176632946e-24, nan 
51.875, 78.875, 6.522675902015064e-24, nan 
52.125, 78.875, 5.708190656746191e-24, nan 
52.375, 78.875, 6.457956695339975e-24, nan 
52.625, 78.875, 6.972894658542449e-24, nan 
52.875, 78.875, 7.348739387337592e-24, nan 
53.125, 78.875, 6.668323004274488e-24, nan 
53.375, 78.875, 9.690119542812604e-24, nan 
53.625, 78.875, 5.568430814074027e-24, nan 
53.875, 78.875, 6.544755036002108e-24, nan 
54.125, 78.875, 7.03470423800586e-24, nan 
54.375, 78.875, 6.327306332333853e-24, nan 
54.625, 78.875, 8.052065063356804e-24, nan 
54.875, 78.875, 4.5196946093572254e-24, nan 
55.125, 78.875, 9.622182924076426e-24, nan 
55.375, 78.875, 1.1097791781919728e-23, nan 
55.625, 78.875, 3.963433062539787e-24, nan 
55.875, 78.875, 4.8859445935761205e-24, nan 
56.125, 78.875, 6.1695055059956444e-24, nan 
56.375, 78.875, 7.92778984834826e-24, nan 
56.625, 78.875, 7.165207755566518e-24, nan 
56.875, 78.875, 1.325362675003068e-23, nan 
57.125, 78.875, 3.8435990028532964e-23, nan 
57.375, 78.875, 3.890531510696971e-23, nan 
57.625, 78.875, 3.5609468894719694e-23, nan 
57.875, 78.875, 2.748078778270362e-23, nan 
58.125, 78.875, 2.214937382651942e-23, nan 
58.375, 78.875, 5.71377707527152e-23, nan 
58.625, 78.875, 5.839518271028406e-23, nan 
58.875, 78.875, 5.94524991973186e-23, nan 
59.125, 78.875, 5.0537392442313274e-23, nan 
59.375, 78.875, 4.447953216809365e-23, nan 
59.625, 78.875, 7.970305094356719e-23, nan 
59.875, 78.875, 1.2755174899604494e-22, nan 
60.125, 78.875, 1.1975709268943703e-22, nan 
60.375, 78.875, 1.6261736653217472e-22, nan 
60.625, 78.875, 1.7554905421180915e-22, nan 
60.875, 78.875, 2.5015698609785553e-22, nan 
61.125, 78.875, 3.977287299922053e-22, nan 
61.375, 78.875, 3.0950766984986694e-22, nan 
61.625, 78.875, 1.3794506044347984e-22, nan 
61.875, 78.875, 1.8838000871762126e-22, nan 
62.125, 78.875, 2.0900603650795612e-22, nan 
62.375, 78.875, 1.6194533483337487e-22, nan 
62.625, 78.875, 1.3860597220923916e-22, nan 
62.875, 78.875, 1.0522228247548566e-22, nan 
63.125, 78.875, 1.124262277386309e-22, nan 
63.375, 78.875, 7.125421881939016e-23, nan 
63.625, 78.875, 5.623772648243844e-23, nan 
63.875, 78.875, 4.8205650339806837e-23, nan 
64.125, 78.875, 5.77423735616717e-23, nan 
64.375, 78.875, 6.678875021455213e-23, nan 
64.625, 78.875, 1.8829675699408512e-23, nan 
64.875, 78.875, 1.648135622924458e-23, nan 
65.125, 78.875, 2.2519168394405567e-23, nan 
65.375, 78.875, 2.5392851650424046e-23, nan 
65.625, 78.875, 1.877156587648642e-23, nan 
65.875, 78.875, 1.380078125407848e-23, nan 
66.125, 78.875, 2.1416280401937862e-23, nan 
66.375, 78.875, 2.3231321601904236e-23, nan 
66.625, 78.875, 2.1193991902659918e-23, nan 
66.875, 78.875, 2.0269193177982227e-23, nan 
67.125, 78.875, 1.8014805385676785e-23, nan 
67.375, 78.875, 1.5807621980970436e-23, nan 
67.625, 78.875, 2.0647324513449365e-23, nan 
67.875, 78.875, 4.939324872116244e-23, nan 
68.125, 78.875, 3.847845472460432e-23, nan 
68.375, 78.875, 3.727807517541591e-23, nan 
68.625, 78.875, 3.481784289488571e-23, nan 
68.875, 78.875, 4.348270758474099e-23, nan 
69.125, 78.875, 8.118154658806745e-23, nan 
69.375, 78.875, 5.1094679685879927e-23, nan 
69.625, 78.875, 3.6756166876492155e-23, nan 
69.875, 78.875, 3.6439464265710906e-23, nan 
70.125, 78.875, 2.5845820387608886e-23, nan 
70.375, 78.875, 3.898128291443157e-23, nan 
70.625, 78.875, 3.980909196276938e-23, nan 
70.875, 78.875, 3.9102328319664957e-23, nan 
71.125, 78.875, 3.518535575392681e-23, nan 
71.375, 78.875, 3.0879465569134924e-23, nan 
71.625, 78.875, 4.04771563011332e-23, nan 
71.875, 78.875, 4.065165756859721e-23, nan 
72.125, 78.875, 4.318461840995786e-23, nan 
72.375, 78.875, 3.7520885794761516e-23, nan 
72.625, 78.875, 5.956557750396322e-23, nan 
72.875, 78.875, 6.673619772137643e-23, nan 
73.125, 78.875, 9.661968028865049e-23, nan 
73.375, 78.875, 9.598650434956524e-23, nan 
73.625, 78.875, 1.10431172756177e-22, nan 
73.875, 78.875, 1.091262831514876e-22, nan 
74.125, 78.875, 1.2036904325554357e-22, nan 
74.375, 78.875, 1.4135595145928596e-22, nan 
74.625, 78.875, 1.092972311568304e-22, nan 
74.875, 78.875, 1.7502469618113675e-22, nan 
75.125, 78.875, 1.444776057768495e-22, nan 
75.375, 78.875, 1.3886192926217713e-22, nan 
75.625, 78.875, 1.5962428447715726e-22, nan 
75.875, 78.875, 2.3790534267768117e-22, nan 
76.125, 78.875, 2.936582643740685e-22, nan 
76.375, 78.875, 3.316938308217208e-22, nan 
76.625, 78.875, 1.8615068530936537e-22, nan 
76.875, 78.875, 1.735281079500323e-22, nan 
77.125, 78.875, 1.6240485214039716e-22, nan 
77.375, 78.875, 2.199947522302088e-22, nan 
77.625, 78.875, 2.413457514958887e-22, nan 
77.875, 78.875, 1.701378340189394e-22, nan 
78.125, 78.875, 1.0372956595955202e-22, nan 
78.375, 78.875, 6.103944249886293e-23, nan 
78.625, 78.875, 7.898973887816396e-23, nan 
78.875, 78.875, 8.306292869692505e-23, nan 
79.125, 78.875, 8.67146147089083e-23, nan 
79.375, 78.875, 1.0645712659510682e-22, nan 
79.625, 78.875, 1.2336083294789737e-22, nan 
79.875, 78.875, 1.1602414308027493e-22, nan 
80.125, 78.875, 7.08931361065746e-23, nan 
80.375, 78.875, 6.554827244558077e-23, nan 
80.625, 78.875, 7.623747500432442e-23, nan 
80.875, 78.875, 2.6239454398325043e-23, nan 
81.125, 78.875, 8.120240398978736e-23, nan 
81.375, 78.875, 1.2789895989053644e-22, nan 
81.625, 78.875, 1.9283871253910465e-22, nan 
81.875, 78.875, 1.1183712197913688e-22, nan 
82.125, 78.875, 5.2335536496067544e-23, nan 
82.375, 78.875, 6.413958307426665e-23, nan 
82.625, 78.875, 7.95068624116359e-23, nan 
82.875, 78.875, 1.1233514709521925e-22, nan 
83.125, 78.875, 1.1278415533041781e-22, nan 
83.375, 78.875, 8.109283785116189e-23, nan 
83.625, 78.875, 9.080037837065585e-23, nan 
83.875, 78.875, 1.218150678767189e-22, nan 
84.125, 78.875, 1.671321789544758e-22, nan 
84.375, 78.875, 1.4645406334680516e-22, nan 
84.625, 78.875, 1.491644317431417e-22, nan 
84.875, 78.875, 1.9300037261176313e-22, nan 
85.125, 78.875, 2.0285600374383817e-22, nan 
85.375, 78.875, 2.1895772998107008e-22, nan 
85.625, 78.875, 2.9651482987356243e-22, nan 
85.875, 78.875, 4.277336748436106e-22, nan 
86.125, 78.875, 4.9735875975123475e-22, nan 
86.375, 78.875, 3.5926332687226925e-22, nan 
86.625, 78.875, 3.7288327054888757e-22, nan 
86.875, 78.875, 3.805625448008388e-22, nan 
87.125, 78.875, 4.183637699651891e-22, nan 
87.375, 78.875, 2.9997998146471423e-22, nan 
87.625, 78.875, 2.5267920942185633e-22, nan 
87.875, 78.875, 3.4486287591751093e-22, nan 
88.125, 78.875, 4.059481176125462e-22, nan 
88.375, 78.875, 5.508952447603168e-22, nan 
88.625, 78.875, 7.338685386667756e-22, nan 
88.875, 78.875, 7.098944608078e-22, nan 
89.125, 78.875, 4.984293487956862e-22, nan 
89.375, 78.875, 4.628778825061252e-22, nan 
89.625, 78.875, 3.7567999077678445e-22, nan 
89.875, 78.875, 3.4354777088938575e-22, nan 
90.125, 78.875, 2.6693564273640137e-22, nan 
90.375, 78.875, 3.5227052999303e-22, nan 
90.625, 78.875, 3.1382161867252554e-22, nan 
90.875, 78.875, 2.0629648136672303e-22, nan 
91.125, 78.875, 1.9634447393295933e-22, nan 
91.375, 78.875, 2.8000929422534112e-22, nan 
91.625, 78.875, 1.9832914616241688e-22, nan 
91.875, 78.875, 2.6140781832831986e-22, nan 
92.125, 78.875, 2.0026075527647467e-22, nan 
92.375, 78.875, 2.5589828406447604e-22, nan 
92.625, 78.875, 6.677410254180103e-23, nan 
92.875, 78.875, 1.6231391556298228e-22, nan 
93.125, 78.875, 2.7411670668477777e-22, nan 
93.375, 78.875, 2.31585911395401e-22, nan 
93.625, 78.875, 2.486115944779894e-22, nan 
93.875, 78.875, 2.8359718711199283e-22, nan 
94.125, 78.875, 3.876417120378626e-22, nan 
94.375, 78.875, 4.912432059794439e-22, nan 
94.625, 78.875, 4.16780240011472e-22, nan 
94.875, 78.875, 3.5159839876105906e-22, nan 
95.125, 78.875, 3.227927427139736e-22, nan 
95.375, 78.875, 3.8260455376303958e-22, nan 
95.625, 78.875, 4.2011318900706016e-22, nan 
95.875, 78.875, 2.946638672058304e-22, nan 
96.125, 78.875, 3.5168671233909195e-22, nan 
96.375, 78.875, 4.1577129604581916e-22, nan 
96.625, 78.875, 3.8320793210532546e-22, nan 
96.875, 78.875, 3.8201848909170855e-22, nan 
97.125, 78.875, 2.662097561650357e-22, nan 
97.375, 78.875, 2.627579165992543e-22, nan 
97.625, 78.875, 2.407479620656476e-22, nan 
97.875, 78.875, 1.921411710701685e-22, nan 
98.125, 78.875, 1.2310387029714963e-22, nan 
98.375, 78.875, 2.1452408988058963e-22, nan 
98.625, 78.875, 3.079017172282367e-22, nan 
98.875, 78.875, 3.5075497806049977e-22, nan 
99.125, 78.875, 3.660877742764846e-22, nan 
99.375, 78.875, 3.0868502871864664e-22, nan 
99.625, 78.875, 2.820606354723338e-22, nan 
99.875, 78.875, 3.0770488043021684e-22, nan 
100.125, 78.875, 2.536257502391442e-22, nan 
100.375, 78.875, 1.8817444304271628e-22, nan 
100.625, 78.875, 2.353991995815812e-22, nan 
100.875, 78.875, 3.2913060521590404e-22, nan 
101.125, 78.875, 2.128139847444229e-22, nan 
101.375, 78.875, 1.735618412226326e-22, nan 
101.625, 78.875, 4.24376601099366e-22, nan 
101.875, 78.875, 4.1152822621622083e-22, nan 
102.125, 78.875, 5.96590587739411e-22, nan 
102.375, 78.875, 7.43876128973656e-22, nan 
102.625, 78.875, 7.986998734236812e-22, nan 
102.875, 78.875, 5.847390491531545e-22, nan 
103.125, 78.875, 5.665142123350295e-22, nan 
103.375, 78.875, 7.857756874955745e-22, nan 
103.625, 78.875, 8.798552741673548e-22, nan 
103.875, 78.875, 7.561781531821593e-22, nan 
104.125, 78.875, 3.8455595099004648e-22, nan 
104.375, 78.875, 3.3508742915477284e-22, nan 
104.625, 78.875, 5.344922961282013e-22, nan 
104.875, 78.875, 9.5480580653647e-22, nan 
105.125, 78.875, 7.774214215429714e-22, nan 
105.375, 78.875, 5.812379312132658e-22, nan 
105.625, 78.875, 4.065077378186508e-22, nan 
105.875, 78.875, 3.8952162896569414e-22, nan 
106.125, 78.875, 8.360337454053602e-22, nan 
106.375, 78.875, 5.397647777795431e-22, nan 
106.625, 78.875, 3.4547901044126175e-22, nan 
106.875, 78.875, 2.433885227610127e-22, nan 
107.125, 78.875, 2.80477633829766e-22, nan 
107.375, 78.875, 7.767140266758093e-22, nan 
107.625, 78.875, 5.708240290668086e-22, nan 
107.875, 78.875, 4.1887257643254564e-22, nan 
108.125, 78.875, 2.982744718644755e-22, nan 
108.375, 78.875, 2.2609243759482094e-22, nan 
108.625, 78.875, 3.0404259665761747e-22, nan 
108.875, 78.875, 3.8002980416519634e-22, nan 
109.125, 78.875, 2.912421111211152e-22, nan 
109.375, 78.875, 1.9741166862445112e-22, nan 
109.625, 78.875, 2.52739385693511e-22, nan 
109.875, 78.875, 2.035804634137473e-22, nan 
110.125, 78.875, 2.8142499774396523e-22, nan 
110.375, 78.875, 5.482687861486937e-22, nan 
110.625, 78.875, 8.760553578131073e-22, nan 
110.875, 78.875, 1.3876235205105158e-21, nan 
111.125, 78.875, 1.3389660495580636e-21, nan 
111.375, 78.875, 1.2520935080896932e-21, nan 
111.625, 78.875, 1.1648209830601572e-21, nan 
111.875, 78.875, 1.0974067898918804e-21, nan 
112.125, 78.875, 1.065336280183539e-21, nan 
112.375, 78.875, 9.833533979136008e-22, nan 
112.625, 78.875, 9.999837568270055e-22, nan 
112.875, 78.875, 7.994328699158694e-22, nan 
113.125, 78.875, 7.727006340816202e-22, nan 
113.375, 78.875, 4.761681951425758e-22, nan 
113.625, 78.875, 3.5403589021638773e-22, nan 
113.875, 78.875, 2.369025497262546e-22, nan 
114.125, 78.875, 3.0863798016234145e-22, nan 
114.375, 78.875, 4.1930607103999736e-22, nan 
114.625, 78.875, 4.5167550201435955e-22, nan 
114.875, 78.875, 4.285569950050355e-22, nan 
115.125, 78.875, 2.410398711485945e-22, nan 
115.375, 78.875, 2.488252579841489e-22, nan 
115.625, 78.875, 2.576613342625888e-22, nan 
115.875, 78.875, 2.460400464080825e-22, nan 
116.125, 78.875, 2.6709939901555823e-22, nan 
116.375, 78.875, 2.678950095468924e-22, nan 
116.625, 78.875, 2.5984314367983683e-22, nan 
116.875, 78.875, 2.777654296565636e-22, nan 
117.125, 78.875, 2.84380506638951e-22, nan 
117.375, 78.875, 2.417448412145848e-22, nan 
117.625, 78.875, 2.9212949765349805e-22, nan 
117.875, 78.875, 2.7009953611351967e-22, nan 
118.125, 78.875, 2.9059120996831395e-22, nan 
118.375, 78.875, 2.7156114646099636e-22, nan 
118.625, 78.875, 2.8451149375454357e-22, nan 
118.875, 78.875, 2.286523888251945e-22, nan 
119.125, 78.875, 1.712978734243473e-22, nan 
119.375, 78.875, 1.1260599311931151e-22, nan 
119.625, 78.875, 1.6076187090799304e-22, nan 
119.875, 78.875, 1.9518482035165856e-22, nan 
120.125, 78.875, 3.049586150817526e-22, nan 
120.375, 78.875, 3.769890240800303e-22, nan 
120.625, 78.875, 1.9376900439453272e-22, nan 
120.875, 78.875, 1.8989931580071148e-22, nan 
121.125, 78.875, 3.0973168099093005e-22, nan 
121.375, 78.875, 3.2757086184699596e-22, nan 
121.625, 78.875, 4.2254035469348224e-22, nan 
121.875, 78.875, 3.1393651328752554e-22, nan 
122.125, 78.875, 2.752518878431369e-22, nan 
122.375, 78.875, 3.3831369073238887e-22, nan 
122.625, 78.875, 3.6323713891550056e-22, nan 
122.875, 78.875, 3.7295395506277515e-22, nan 
123.125, 78.875, 3.482614007391516e-22, nan 
123.375, 78.875, 2.8312578332174056e-22, nan 
123.625, 78.875, 3.260472849536355e-22, nan 
123.875, 78.875, 3.3779498054761816e-22, nan 
124.125, 78.875, 3.325377353894787e-22, nan 
124.375, 78.875, 2.970336367819102e-22, nan 
124.625, 78.875, 2.7647507627232303e-22, nan 
124.875, 78.875, 2.201870739542648e-22, nan 
125.125, 78.875, 2.779671889773506e-22, nan 
125.375, 78.875, 2.3639413248482787e-22, nan 
125.625, 78.875, 2.1274218037899804e-22, nan 
125.875, 78.875, 2.1738774519484426e-22, nan 
126.125, 78.875, 2.466338266896431e-22, nan 
126.375, 78.875, 1.905896764071564e-22, nan 
126.625, 78.875, 2.0082920283734446e-22, nan 
126.875, 78.875, 1.8737543843192283e-22, nan 
127.125, 78.875, 1.872636024093684e-22, nan 
127.375, 78.875, 1.591810746267238e-22, nan 
127.625, 78.875, 1.7100921361153824e-22, nan 
127.875, 78.875, 1.0921454564888466e-22, nan 
128.125, 78.875, 9.625932255669753e-23, nan 
128.375, 78.875, 9.172703439096389e-23, nan 
128.625, 78.875, 7.35817613422396e-23, nan 
128.875, 78.875, 7.500941431899552e-23, nan 
129.125, 78.875, 9.409655756225969e-23, nan 
129.375, 78.875, 1.4254559124960318e-22, nan 
129.625, 78.875, 1.8662963474445648e-22, nan 
129.875, 78.875, 1.9176135801581461e-22, nan 
130.125, 78.875, 1.832299654788836e-22, nan 
130.375, 78.875, 2.2569152007031416e-22, nan 
130.625, 78.875, 2.8393633849651733e-22, nan 
130.875, 78.875, 3.2497275227389474e-22, nan 
131.125, 78.875, 2.3198466398096404e-22, nan 
131.375, 78.875, 2.496516685662371e-22, nan 
131.625, 78.875, 2.103355138535877e-22, nan 
131.875, 78.875, 1.6005669842453884e-22, nan 
132.125, 78.875, 1.3676880621252926e-22, nan 
132.375, 78.875, 1.379876936884343e-22, nan 
132.625, 78.875, 1.4764649099713342e-22, nan 
132.875, 78.875, 1.8571736617584776e-22, nan 
133.125, 78.875, 1.2701370291808853e-22, nan 
133.375, 78.875, 1.4530946179714878e-22, nan 
133.625, 78.875, 1.2409961879143937e-22, nan 
133.875, 78.875, 1.3855524478499861e-22, nan 
134.125, 78.875, 1.6778775645999523e-22, nan 
134.375, 78.875, 1.3213548538784992e-22, nan 
134.625, 78.875, 8.795754423849596e-23, nan 
134.875, 78.875, 6.450329685810667e-23, nan 
135.125, 78.875, 6.609377580952624e-23, nan 
135.375, 78.875, 8.137052152337533e-23, nan 
135.625, 78.875, 6.276083736757315e-23, nan 
135.875, 78.875, 4.435834311735023e-23, nan 
136.125, 78.875, 3.7894144261899205e-23, nan 
136.375, 78.875, 3.19093849415166e-23, nan 
136.625, 78.875, 2.801766364156235e-23, nan 
136.875, 78.875, 4.522897785793632e-23, nan 
137.125, 78.875, 3.725341039033185e-23, nan 
137.375, 78.875, 3.519839272562821e-23, nan 
137.625, 78.875, 2.8091221924592535e-23, nan 
137.875, 78.875, 1.9406426094690078e-23, nan 
138.125, 78.875, 1.1087194532904175e-23, nan 
138.375, 78.875, 1.0278946122711747e-23, nan 
138.625, 78.875, 1.5382495161935804e-23, nan 
138.875, 78.875, 1.4472385841866684e-23, nan 
139.125, 78.875, 2.2288029468420145e-23, nan 
139.375, 78.875, 2.6219614028640253e-23, nan 
139.625, 78.875, 2.730209945035305e-23, nan 
139.875, 78.875, 1.9448175721498404e-23, nan 
140.125, 78.875, 2.4390578336698732e-23, nan 
140.375, 78.875, 3.092594438693278e-23, nan 
140.625, 78.875, 4.387182222615274e-23, nan 
140.875, 78.875, 3.321931984951563e-23, nan 
141.125, 78.875, 2.7772715503658676e-23, nan 
141.375, 78.875, 2.7522643222286e-23, nan 
141.625, 78.875, 2.650676557023542e-23, nan 
141.875, 78.875, 2.6937136644091574e-23, nan 
142.125, 78.875, 2.415150329900935e-23, nan 
142.375, 78.875, 2.2712539219502453e-23, nan 
142.625, 78.875, 2.1706583218859356e-23, nan 
142.875, 78.875, 1.917637816174254e-23, nan 
143.125, 78.875, 1.6946410666415025e-23, nan 
143.375, 78.875, 1.8891931841854947e-23, nan 
143.625, 78.875, 1.8115400773362007e-23, nan 
143.875, 78.875, 1.5979581632337247e-23, nan 
144.125, 78.875, 2.045039720766315e-23, nan 
144.375, 78.875, 2.3563671501092383e-23, nan 
144.625, 78.875, 3.5594468942024156e-23, nan 
144.875, 78.875, 4.105093915817239e-23, nan 
145.125, 78.875, 4.0354198937980395e-23, nan 
145.375, 78.875, 3.095551030287381e-23, nan 
145.625, 78.875, 2.51713220213149e-23, nan 
145.875, 78.875, 3.012700583505012e-23, nan 
146.125, 78.875, 3.3238392893007866e-23, nan 
146.375, 78.875, 3.1974600609963263e-23, nan 
146.625, 78.875, 2.44623190386126e-23, nan 
146.875, 78.875, 1.86844715825856e-23, nan 
147.125, 78.875, 1.4790039616525388e-23, nan 
147.375, 78.875, 1.3900797296289474e-23, nan 
147.625, 78.875, 1.1711131138132268e-23, nan 
147.875, 78.875, 1.2483009750345199e-23, nan 
148.125, 78.875, 1.045320856976009e-23, nan 
148.375, 78.875, 1.065893706640824e-23, nan 
148.625, 78.875, 6.4117015341902986e-24, nan 
148.875, 78.875, 7.608640385977296e-24, nan 
149.125, 78.875, 5.5165633231452696e-24, nan 
149.375, 78.875, 1.1116022638429873e-23, nan 
149.625, 78.875, 7.494191687886216e-24, nan 
149.875, 78.875, 7.12175914799803e-24, nan 
150.125, 78.875, 5.5203812390287066e-24, nan 
150.375, 78.875, 8.341848533762908e-24, nan 
150.625, 78.875, 1.1046861925900785e-23, nan 
150.875, 78.875, 9.944360045391338e-24, nan 
151.125, 78.875, 1.0931391183550682e-23, nan 
151.375, 78.875, 8.732561144405254e-24, nan 
151.625, 78.875, 9.171390347635626e-24, nan 
151.875, 78.875, 9.350572912084014e-24, nan 
152.125, 78.875, 7.352019800011342e-24, nan 
152.375, 78.875, 8.469347313882506e-24, nan 
152.625, 78.875, 8.185752031492941e-24, nan 
152.875, 78.875, 2.136374337922954e-23, nan 
153.125, 78.875, 1.962632621480096e-23, nan 
153.375, 78.875, 1.954781882917023e-23, nan 
153.625, 78.875, 1.909415782079468e-23, nan 
153.875, 78.875, 2.983750245423608e-23, nan 
154.125, 78.875, 4.1078445568432663e-23, nan 
154.375, 78.875, 3.353642363783819e-23, nan 
154.625, 78.875, 3.2322257094993903e-23, nan 
154.875, 78.875, 1.563184157102373e-23, nan 
155.125, 78.875, 3.368062853693288e-23, nan 
155.375, 78.875, 5.1425910227490164e-23, nan 
155.625, 78.875, 3.96109552626748e-23, nan 
155.875, 78.875, 4.7681282994275456e-23, nan 
156.125, 78.875, 2.5350038263596685e-23, nan 
156.375, 78.875, 1.8815035323193137e-23, nan 
156.625, 78.875, 2.5691997779767653e-23, nan 
156.875, 78.875, 2.268469426343308e-23, nan 
157.125, 78.875, 2.7173839125341565e-23, nan 
157.375, 78.875, 1.9807829756528875e-23, nan 
157.625, 78.875, 1.6775774570503724e-23, nan 
157.875, 78.875, 1.3398096706343985e-23, nan 
158.125, 78.875, 1.3826101103905266e-23, nan 
158.375, 78.875, 1.1186199800334489e-23, nan 
158.625, 78.875, 1.1624490576627043e-23, nan 
158.875, 78.875, 1.2824395743157148e-23, nan 
159.125, 78.875, 1.0519322277151428e-23, nan 
159.375, 78.875, 9.535429255264829e-24, nan 
159.625, 78.875, 7.66290900280447e-24, nan 
159.875, 78.875, 8.27711918420024e-24, nan 
160.125, 78.875, 9.66072318184908e-24, nan 
160.375, 78.875, 8.302924125306302e-24, nan 
160.625, 78.875, 6.007703023400825e-24, nan 
160.875, 78.875, 3.0556212075964484e-24, nan 
161.125, 78.875, 5.4314116348054754e-24, nan 
161.375, 78.875, 3.2552999111624887e-24, nan 
161.625, 78.875, 3.75468832368148e-24, nan 
161.875, 78.875, 3.1003539119955667e-24, nan 
162.125, 78.875, 3.2540950784989463e-24, nan 
162.375, 78.875, 3.0436265559470564e-24, nan 
162.625, 78.875, 4.54739320496067e-24, nan 
162.875, 78.875, 5.1255313868387005e-24, nan 
163.125, 78.875, 2.4471769850257836e-24, nan 
163.375, 78.875, 2.090594136978511e-24, nan 
163.625, 78.875, 3.5967161152984505e-24, nan 
163.875, 78.875, 7.337899442112356e-24, nan 
164.125, 78.875, 9.315084202777039e-24, nan 
164.375, 78.875, 9.41442455918713e-24, nan 
164.625, 78.875, 5.53564076322968e-24, nan 
164.875, 78.875, 5.533093246718901e-24, nan 
165.125, 78.875, 4.1396149365370534e-24, nan 
165.375, 78.875, 3.668852481441826e-24, nan 
165.625, 78.875, 3.9969402548680505e-24, nan 
165.875, 78.875, 3.3256833361512085e-24, nan 
166.125, 78.875, 5.461358865285461e-24, nan 
166.375, 78.875, 5.060780823962588e-24, nan 
166.625, 78.875, 2.5454865079134587e-24, nan 
166.875, 78.875, 3.360831614837667e-24, nan 
167.125, 78.875, 2.2037988685404072e-24, nan 
167.375, 78.875, 2.6257226967257663e-24, nan 
167.625, 78.875, 4.429933648603644e-24, nan 
167.875, 78.875, 2.1879063727054295e-24, nan 
168.125, 78.875, 2.0195349159796033e-24, nan 
168.375, 78.875, 1.4593500393014018e-24, nan 
168.625, 78.875, 2.4225045189470497e-24, nan 
168.875, 78.875, 2.4443423012054503e-24, nan 
169.125, 78.875, 1.9426160061650875e-24, nan 
169.375, 78.875, 3.2651429007066133e-24, nan 
169.625, 78.875, 4.262936987536426e-24, nan 
169.875, 78.875, 4.257946891798958e-24, nan 
170.125, 78.875, 3.944218779863625e-24, nan 
170.375, 78.875, 3.780050639231813e-24, nan 
170.625, 78.875, 3.867424379816613e-24, nan 
170.875, 78.875, 4.386472573377693e-24, nan 
171.125, 78.875, 4.744938803170112e-24, nan 
171.375, 78.875, 4.2737808857687414e-24, nan 
171.625, 78.875, 4.223673348607541e-24, nan 
171.875, 78.875, 3.6835027472729556e-24, nan 
172.125, 78.875, 3.474402000239238e-24, nan 
172.375, 78.875, 3.4561239664324326e-24, nan 
172.625, 78.875, 5.8151069469802245e-24, nan 
172.875, 78.875, 5.106832129911279e-24, nan 
173.125, 78.875, 6.4368396697822185e-24, nan 
173.375, 78.875, 4.418193990414382e-24, nan 
173.625, 78.875, 3.9147727975327266e-24, nan 
173.875, 78.875, 5.6023182735288445e-24, nan 
174.125, 78.875, 7.701528990793707e-24, nan 
174.375, 78.875, 6.368271884450019e-24, nan 
174.625, 78.875, 6.277348449690036e-24, nan 
174.875, 78.875, 6.607879536916565e-24, nan 
175.125, 78.875, 5.141647497746733e-24, nan 
175.375, 78.875, 5.997530268779535e-24, nan 
175.625, 78.875, 6.83422549066813e-24, nan 
175.875, 78.875, 1.0326793197990042e-23, nan 
176.125, 78.875, 1.1503777950609787e-23, nan 
176.375, 78.875, 5.8149366772625735e-24, nan 
176.625, 78.875, 4.97336035874339e-24, nan 
176.875, 78.875, 3.75004784931728e-24, nan 
177.125, 78.875, 8.29104640953685e-24, nan 
177.375, 78.875, 8.613875254873001e-24, nan 
177.625, 78.875, 3.4778144751365345e-24, nan 
177.875, 78.875, 4.0607831702898354e-24, nan 
178.125, 78.875, 3.1139226206292016e-24, nan 
178.375, 78.875, 3.8195449850028e-24, nan 
178.625, 78.875, 5.0542564374368935e-24, nan 
178.875, 78.875, 3.784817257090662e-24, nan 
179.125, 78.875, 4.5348268819386655e-24, nan 
179.375, 78.875, 4.070071520612571e-24, nan 
179.625, 78.875, 2.777450471845698e-24, nan 
179.875, 78.875, 3.032837858071977e-24, nan 
-179.875, 79.125, 5.858823526001231e-24, nan 
-179.625, 79.125, 6.0936753788380316e-24, nan 
-179.375, 79.125, 6.2215862733545555e-24, nan 
-179.125, 79.125, 7.75395464411116e-24, nan 
-178.875, 79.125, 6.716737253189902e-24, nan 
-178.625, 79.125, 8.341332180662169e-24, nan 
-178.375, 79.125, 6.837565200758917e-24, nan 
-178.125, 79.125, 7.632516117555756e-24, nan 
-177.875, 79.125, 9.747006016189409e-24, nan 
-177.625, 79.125, 8.133683154678554e-24, nan 
-177.375, 79.125, 9.688025788281957e-24, nan 
-177.125, 79.125, 7.246411661974123e-24, nan 
-176.875, 79.125, 8.776981071002195e-24, nan 
-176.625, 79.125, 7.24579615920354e-24, nan 
-176.375, 79.125, 5.346954599502737e-24, nan 
19.125, 79.125, 5.442533342620075e-23, nan 
19.375, 79.125, 6.059242487547761e-23, nan 
19.625, 79.125, 5.870370647315793e-23, nan 
19.875, 79.125, 6.376229718544922e-23, nan 
20.125, 79.125, 6.542099913978109e-23, nan 
20.375, 79.125, 4.5031312239526795e-23, nan 
20.625, 79.125, 4.5358340377849817e-23, nan 
20.875, 79.125, 4.5198009476082115e-23, nan 
21.125, 79.125, 4.566005448555758e-23, nan 
21.375, 79.125, 4.7015789077359905e-23, nan 
21.625, 79.125, 6.010886923324653e-23, nan 
21.875, 79.125, 4.278934103749967e-23, nan 
22.125, 79.125, 4.363301894403743e-23, nan 
22.375, 79.125, 5.474094615176878e-23, nan 
22.625, 79.125, 5.376703685109789e-23, nan 
22.875, 79.125, 5.635203352549668e-23, nan 
23.125, 79.125, 5.48875690559076e-23, nan 
23.375, 79.125, 6.028242839508686e-23, nan 
23.625, 79.125, 7.159131262823107e-23, nan 
23.875, 79.125, 6.763619971331594e-23, nan 
24.125, 79.125, 5.15947423904095e-23, nan 
24.375, 79.125, 4.9524913504928276e-23, nan 
24.625, 79.125, 5.184088586135176e-23, nan 
24.875, 79.125, 4.311438458805117e-23, nan 
25.125, 79.125, 5.643541683522471e-23, nan 
25.375, 79.125, 4.5108634955138137e-23, nan 
25.625, 79.125, 4.3921406577904385e-23, nan 
25.875, 79.125, 5.469076052039201e-23, nan 
26.125, 79.125, 3.0990954088468364e-23, nan 
26.375, 79.125, 3.192469664406241e-23, nan 
26.625, 79.125, 2.5245423403254853e-23, nan 
26.875, 79.125, 2.4811248893192954e-23, nan 
27.125, 79.125, 3.408003410803749e-23, nan 
27.375, 79.125, 3.468583873717047e-23, nan 
27.625, 79.125, 2.928674203687035e-23, nan 
27.875, 79.125, 2.5883241133770622e-23, nan 
28.125, 79.125, 2.107041578419009e-23, nan 
28.375, 79.125, 1.7552376053506066e-23, nan 
28.625, 79.125, 1.484397458958159e-23, nan 
28.875, 79.125, 1.3636415799523855e-23, nan 
29.125, 79.125, 1.1191602316067773e-23, nan 
29.375, 79.125, 1.0570046766328421e-23, nan 
29.625, 79.125, 1.2736876086848776e-23, nan 
29.875, 79.125, 1.0991665874442878e-23, nan 
30.125, 79.125, 1.0901877687892801e-23, nan 
30.375, 79.125, 1.2713739733904851e-23, nan 
30.625, 79.125, 1.581378918612827e-23, nan 
30.875, 79.125, 1.3982466150211807e-23, nan 
31.125, 79.125, 1.168215237728928e-23, nan 
31.375, 79.125, 1.0321135854050994e-23, nan 
31.625, 79.125, 1.0080510668657945e-23, nan 
31.875, 79.125, 1.0121561224861922e-23, nan 
32.125, 79.125, 9.623729632294527e-24, nan 
32.375, 79.125, 7.452538833536895e-24, nan 
32.625, 79.125, 7.002321587716619e-24, nan 
32.875, 79.125, 6.635212793410838e-24, nan 
33.125, 79.125, 7.138186609679844e-24, nan 
33.375, 79.125, 7.740303974841393e-24, nan 
33.625, 79.125, 6.720620273776622e-24, nan 
33.875, 79.125, 6.473484947511304e-24, nan 
34.125, 79.125, 6.027651698527963e-24, nan 
34.375, 79.125, 4.4256953639564514e-24, nan 
34.625, 79.125, 3.376416668017746e-24, nan 
34.875, 79.125, 3.949565603446131e-24, nan 
35.125, 79.125, 3.680110373820456e-24, nan 
35.375, 79.125, 3.066895327036234e-24, nan 
35.625, 79.125, 2.4827087099293905e-24, nan 
35.875, 79.125, 1.801141689225025e-24, nan 
36.125, 79.125, 1.3045655699144884e-24, nan 
36.375, 79.125, 1.856823362386957e-24, nan 
36.625, 79.125, 3.068238387456736e-24, nan 
36.875, 79.125, 1.6176809321502197e-24, nan 
37.125, 79.125, 4.531795869600101e-25, nan 
37.375, 79.125, 5.452086596557489e-25, nan 
37.625, 79.125, 1.8977045406191593e-24, nan 
37.875, 79.125, 2.6456502406665037e-24, nan 
38.125, 79.125, 2.7617158007160297e-24, nan 
38.375, 79.125, 5.352281837398382e-24, nan 
38.625, 79.125, 4.075932749180707e-24, nan 
38.875, 79.125, 2.3290642816075088e-24, nan 
39.125, 79.125, 2.204907135968559e-24, nan 
39.375, 79.125, 5.593338764693139e-24, nan 
39.625, 79.125, 3.1762297070206138e-24, nan 
39.875, 79.125, 3.3024487836135763e-24, nan 
40.125, 79.125, 1.6160668867548011e-24, nan 
40.375, 79.125, 1.4901149438896283e-24, nan 
40.625, 79.125, 2.4512520065092893e-24, nan 
40.875, 79.125, 4.0325574307635464e-24, nan 
41.125, 79.125, 2.4447404943344675e-24, nan 
41.375, 79.125, 3.4371894151847015e-24, nan 
41.625, 79.125, 2.0578561289715238e-24, nan 
41.875, 79.125, 2.5563249055688594e-24, nan 
42.125, 79.125, 4.175156960020063e-24, nan 
42.375, 79.125, 1.983530972920334e-24, nan 
42.625, 79.125, 3.707471634555741e-24, nan 
42.875, 79.125, 3.585185339439167e-24, nan 
43.125, 79.125, 3.379837011570018e-24, nan 
43.375, 79.125, 2.0793590104823756e-24, nan 
43.625, 79.125, 1.5268395350299288e-24, nan 
43.875, 79.125, 3.487188226376276e-24, nan 
44.125, 79.125, 3.1820663387041487e-24, nan 
44.375, 79.125, 3.33611761705031e-24, nan 
44.625, 79.125, 2.010555348507924e-24, nan 
44.875, 79.125, 2.5292676684342662e-24, nan 
45.125, 79.125, 3.4912215927916185e-24, nan 
45.375, 79.125, 2.4139672438940095e-24, nan 
45.625, 79.125, 6.065412553408261e-24, nan 
45.875, 79.125, 4.8199918323256064e-24, nan 
46.125, 79.125, 6.143835610195095e-24, nan 
46.375, 79.125, 5.7879331778231125e-24, nan 
46.625, 79.125, 2.475436603682863e-24, nan 
46.875, 79.125, 3.721313083981972e-24, nan 
47.125, 79.125, 5.328768703012377e-24, nan 
47.375, 79.125, 5.844063563003551e-24, nan 
47.625, 79.125, 6.3970730306614695e-24, nan 
47.875, 79.125, 5.887633578801108e-24, nan 
48.125, 79.125, 6.880505592104823e-24, nan 
48.375, 79.125, 9.123031892493277e-24, nan 
48.625, 79.125, 1.2456092295614186e-23, nan 
48.875, 79.125, 1.2337233266184365e-23, nan 
49.125, 79.125, 8.235622922581679e-24, nan 
49.375, 79.125, 1.4929453364994903e-23, nan 
49.625, 79.125, 1.7234285028929422e-23, nan 
49.875, 79.125, 1.1842390735829552e-23, nan 
50.125, 79.125, 8.204234686409453e-24, nan 
50.375, 79.125, 4.077043276115372e-24, nan 
50.625, 79.125, 4.269759073176147e-24, nan 
50.875, 79.125, 3.607542159489717e-24, nan 
51.125, 79.125, 3.883983376363798e-24, nan 
51.375, 79.125, 6.422806059905685e-24, nan 
51.625, 79.125, 5.516693350021514e-24, nan 
51.875, 79.125, 6.929930990092547e-24, nan 
52.125, 79.125, 4.0269964703226726e-24, nan 
52.375, 79.125, 7.105719040760599e-24, nan 
52.625, 79.125, 6.676106911776404e-24, nan 
52.875, 79.125, 6.499774029899129e-24, nan 
53.125, 79.125, 7.213776697066336e-24, nan 
53.375, 79.125, 6.792670574629995e-24, nan 
53.625, 79.125, 9.535502224965618e-24, nan 
53.875, 79.125, 1.2131396016346543e-23, nan 
54.125, 79.125, 1.5758853892172627e-23, nan 
54.375, 79.125, 1.1287619108741898e-23, nan 
54.625, 79.125, 9.640303840615934e-24, nan 
54.875, 79.125, 9.52597977102931e-24, nan 
55.125, 79.125, 1.3788161493945663e-23, nan 
55.375, 79.125, 2.3640530191198052e-23, nan 
55.625, 79.125, 1.2777386682229223e-23, nan 
55.875, 79.125, 9.06014226541845e-24, nan 
56.125, 79.125, 3.9962591641174e-24, nan 
56.375, 79.125, 5.273438558084573e-24, nan 
56.625, 79.125, 1.3987414798292753e-23, nan 
56.875, 79.125, 1.975152337266388e-23, nan 
57.125, 79.125, 4.724101699137446e-23, nan 
57.375, 79.125, 4.8188953726440044e-23, nan 
57.625, 79.125, 4.6472362140503256e-23, nan 
57.875, 79.125, 4.181305891707339e-23, nan 
58.125, 79.125, 4.871710756736272e-23, nan 
58.375, 79.125, 8.420102495212664e-23, nan 
58.625, 79.125, 1.2267447528001887e-22, nan 
58.875, 79.125, 9.641439381846376e-23, nan 
59.125, 79.125, 1.3452433686898708e-22, nan 
59.375, 79.125, 1.7442966824291598e-22, nan 
59.625, 79.125, 2.9866225705370456e-22, nan 
59.875, 79.125, 5.287101173871899e-22, nan 
60.125, 79.125, 2.726644155607297e-22, nan 
60.375, 79.125, 2.872370218464631e-22, nan 
60.625, 79.125, 4.806392716008711e-22, nan 
60.875, 79.125, 6.799319567139576e-22, nan 
61.125, 79.125, 1.0090316182458374e-21, nan 
61.375, 79.125, 6.939797124092391e-22, nan 
61.625, 79.125, 3.448297938240958e-22, nan 
61.875, 79.125, 4.237180617777373e-22, nan 
62.125, 79.125, 5.529495557598143e-22, nan 
62.375, 79.125, 6.501560864794675e-22, nan 
62.625, 79.125, 4.9974969866211865e-22, nan 
62.875, 79.125, 2.3431905842481123e-22, nan 
63.125, 79.125, 1.7249235291734723e-22, nan 
63.375, 79.125, 2.2063703437795625e-22, nan 
63.625, 79.125, 1.8537357705717798e-22, nan 
63.875, 79.125, 1.7636531455305792e-22, nan 
64.125, 79.125, 1.256352506706985e-22, nan 
64.375, 79.125, 1.1351550634348747e-22, nan 
64.625, 79.125, 8.181982719655997e-23, nan 
64.875, 79.125, 5.726320553881456e-23, nan 
65.125, 79.125, 5.030401690291686e-23, nan 
65.375, 79.125, 3.7566227863542496e-23, nan 
65.625, 79.125, 2.7179661941957174e-23, nan 
65.875, 79.125, 1.8794561203363182e-23, nan 
66.125, 79.125, 2.2648383764990553e-23, nan 
66.375, 79.125, 3.0637610351480165e-23, nan 
66.625, 79.125, 4.734015334290578e-23, nan 
66.875, 79.125, 3.397938728137383e-23, nan 
67.125, 79.125, 3.730093045312314e-23, nan 
67.375, 79.125, 3.434794488600635e-23, nan 
67.625, 79.125, 4.415672934490952e-23, nan 
67.875, 79.125, 3.5609541121118877e-23, nan 
68.125, 79.125, 3.335498715974692e-23, nan 
68.375, 79.125, 3.1614652164067717e-23, nan 
68.625, 79.125, 3.575047441390283e-23, nan 
68.875, 79.125, 6.173288083108283e-23, nan 
69.125, 79.125, 7.04972674859792e-23, nan 
69.375, 79.125, 4.707650706308941e-23, nan 
69.625, 79.125, 3.005601116921678e-23, nan 
69.875, 79.125, 3.548556790307665e-23, nan 
70.125, 79.125, 4.120724919837e-23, nan 
70.375, 79.125, 3.28100335109413e-23, nan 
70.625, 79.125, 2.920103343010579e-23, nan 
70.875, 79.125, 3.6015451059799595e-23, nan 
71.125, 79.125, 3.3945243913999455e-23, nan 
71.375, 79.125, 3.716068671093942e-23, nan 
71.625, 79.125, 1.6409327303168026e-23, nan 
71.875, 79.125, 4.4828236859740015e-23, nan 
72.125, 79.125, 3.7226700647709895e-23, nan 
72.375, 79.125, 3.5649449917945276e-23, nan 
72.625, 79.125, 4.496341989644861e-23, nan 
72.875, 79.125, 2.042492507424889e-23, nan 
73.125, 79.125, 4.827102256481737e-23, nan 
73.375, 79.125, 1.123046195707455e-22, nan 
73.625, 79.125, 7.423121086854047e-23, nan 
73.875, 79.125, 6.994220575748822e-23, nan 
74.125, 79.125, 8.298617664480219e-23, nan 
74.375, 79.125, 8.51645049578007e-23, nan 
74.625, 79.125, 1.189896953593644e-22, nan 
74.875, 79.125, 1.0175721814026166e-22, nan 
75.125, 79.125, 9.316037392577325e-23, nan 
75.375, 79.125, 1.083054046910985e-22, nan 
75.625, 79.125, 9.843330462273103e-23, nan 
75.875, 79.125, 1.2169685464224183e-22, nan 
76.125, 79.125, 1.696122643444935e-22, nan 
76.375, 79.125, 1.7670303844339907e-22, nan 
76.625, 79.125, 1.3044381943574213e-22, nan 
76.875, 79.125, 1.1268632139012803e-22, nan 
77.125, 79.125, 7.371529040621763e-23, nan 
77.375, 79.125, 3.235312830547158e-23, nan 
77.625, 79.125, 3.6233131595698684e-23, nan 
77.875, 79.125, 9.893401070539171e-23, nan 
78.125, 79.125, 4.5043777292130504e-23, nan 
78.375, 79.125, 5.001104356807364e-23, nan 
78.625, 79.125, 6.33174719876587e-23, nan 
78.875, 79.125, 8.552803257810352e-23, nan 
79.125, 79.125, 9.511876489199464e-23, nan 
79.375, 79.125, 3.3515495568570647e-23, nan 
79.625, 79.125, 4.566330055999286e-23, nan 
79.875, 79.125, 4.013000608202338e-23, nan 
80.125, 79.125, 8.007052030417272e-23, nan 
80.375, 79.125, 1.0507118493951171e-22, nan 
80.625, 79.125, 1.1151647020270466e-22, nan 
80.875, 79.125, 8.33063916067055e-23, nan 
81.125, 79.125, 5.98687398498847e-23, nan 
81.375, 79.125, 1.3124028363713876e-22, nan 
81.625, 79.125, 1.8150680570272497e-22, nan 
81.875, 79.125, 1.0300155774445612e-22, nan 
82.125, 79.125, 6.252208348534992e-23, nan 
82.375, 79.125, 6.043472271413747e-23, nan 
82.625, 79.125, 7.464979210957534e-23, nan 
82.875, 79.125, 5.945915819074197e-23, nan 
83.125, 79.125, 2.725165149674001e-23, nan 
83.375, 79.125, 6.774912077274726e-23, nan 
83.625, 79.125, 8.170448904979593e-23, nan 
83.875, 79.125, 9.118196246969666e-23, nan 
84.125, 79.125, 1.0089014335501839e-22, nan 
84.375, 79.125, 9.117618301574436e-23, nan 
84.625, 79.125, 1.2742620376906911e-22, nan 
84.875, 79.125, 2.0415440572885897e-22, nan 
85.125, 79.125, 1.0387364770716132e-22, nan 
85.375, 79.125, 1.14064558051507e-22, nan 
85.625, 79.125, 8.306536453319475e-23, nan 
85.875, 79.125, 1.3467033350395942e-22, nan 
86.125, 79.125, 1.8068387775491956e-22, nan 
86.375, 79.125, 9.83815007325243e-23, nan 
86.625, 79.125, 7.178935069569483e-23, nan 
86.875, 79.125, 4.875073667295074e-23, nan 
87.125, 79.125, 9.028131728202894e-23, nan 
87.375, 79.125, 1.0886659124190166e-22, nan 
87.625, 79.125, 8.205982420648044e-23, nan 
87.875, 79.125, 9.276892832801174e-23, nan 
88.125, 79.125, 7.464163041668241e-23, nan 
88.375, 79.125, 1.081939120914545e-22, nan 
88.625, 79.125, 1.2833072486237203e-22, nan 
88.875, 79.125, 1.6322695148672243e-22, nan 
89.125, 79.125, 1.8618846164040786e-22, nan 
89.375, 79.125, 1.9214409817504207e-22, nan 
89.625, 79.125, 2.206575014728182e-22, nan 
89.875, 79.125, 1.8390356502434956e-22, nan 
90.125, 79.125, 2.1997712972950454e-22, nan 
90.375, 79.125, 2.048288420863197e-22, nan 
90.625, 79.125, 2.0918602655314813e-22, nan 
90.875, 79.125, 2.5939350759813696e-22, nan 
91.125, 79.125, 2.140870896605896e-22, nan 
91.375, 79.125, 3.017715221998914e-22, nan 
91.625, 79.125, 3.4219039333114446e-22, nan 
91.875, 79.125, 3.623143409716567e-22, nan 
92.125, 79.125, 2.9523663510943246e-22, nan 
92.375, 79.125, 2.4119942394381183e-22, nan 
92.625, 79.125, 3.56220824859452e-22, nan 
92.875, 79.125, 5.759310514269705e-22, nan 
93.125, 79.125, 5.061535195336394e-22, nan 
93.375, 79.125, 3.114269968171306e-22, nan 
93.625, 79.125, 2.4830421009068244e-22, nan 
93.875, 79.125, 3.1929075630517923e-22, nan 
94.125, 79.125, 3.9825071312204543e-22, nan 
94.375, 79.125, 4.870767651334213e-22, nan 
94.625, 79.125, 4.301146813256908e-22, nan 
94.875, 79.125, 3.7510618930630347e-22, nan 
95.125, 79.125, 3.232585933671004e-22, nan 
95.375, 79.125, 2.909348223181856e-22, nan 
95.625, 79.125, 3.1483463400278656e-22, nan 
95.875, 79.125, 3.514615191171475e-22, nan 
96.125, 79.125, 3.201672298667904e-22, nan 
96.375, 79.125, 3.151536858913731e-22, nan 
96.625, 79.125, 3.0382638247682453e-22, nan 
96.875, 79.125, 2.9065148655933663e-22, nan 
97.125, 79.125, 2.6743280899681275e-22, nan 
97.375, 79.125, 1.7322675040408477e-22, nan 
97.625, 79.125, 1.5883477709321758e-22, nan 
97.875, 79.125, 2.32705035572528e-22, nan 
98.125, 79.125, 2.4980809266883386e-22, nan 
98.375, 79.125, 2.728493553210695e-22, nan 
98.625, 79.125, 3.171372911084087e-22, nan 
98.875, 79.125, 3.0041539315572693e-22, nan 
99.125, 79.125, 2.560675973266243e-22, nan 
99.375, 79.125, 2.2268270075881414e-22, nan 
99.625, 79.125, 2.2829150383630683e-22, nan 
99.875, 79.125, 2.765580070694195e-22, nan 
100.125, 79.125, 3.427101506994111e-22, nan 
100.375, 79.125, 2.2472139122698763e-22, nan 
100.625, 79.125, 1.149993677241361e-22, nan 
100.875, 79.125, 1.4285697684084417e-22, nan 
101.125, 79.125, 1.2815714527134356e-22, nan 
101.375, 79.125, 1.9936065174418637e-22, nan 
101.625, 79.125, 2.0668770711762322e-22, nan 
101.875, 79.125, 1.2465521553109693e-22, nan 
102.125, 79.125, 1.549695905319874e-22, nan 
102.375, 79.125, 1.8838094302754368e-22, nan 
102.625, 79.125, 3.354993177436345e-22, nan 
102.875, 79.125, 4.933990545807468e-22, nan 
103.125, 79.125, 4.13457936848989e-22, nan 
103.375, 79.125, 6.851455745584441e-22, nan 
103.625, 79.125, 6.532301714990989e-22, nan 
103.875, 79.125, 4.740853830873314e-22, nan 
104.125, 79.125, 4.261918633812634e-22, nan 
104.375, 79.125, 4.451821852462906e-22, nan 
104.625, 79.125, 4.255669569128746e-22, nan 
104.875, 79.125, 6.338477731598974e-22, nan 
105.125, 79.125, 5.428774106086881e-22, nan 
105.375, 79.125, 5.340831661641684e-22, nan 
105.625, 79.125, 6.445828005875162e-22, nan 
105.875, 79.125, 1.966137867485882e-22, nan 
106.125, 79.125, 2.2147530566496567e-22, nan 
106.375, 79.125, 3.205068878725346e-22, nan 
106.625, 79.125, 5.670571287265279e-22, nan 
106.875, 79.125, 7.331575848611996e-22, nan 
107.125, 79.125, 3.6627245290005544e-22, nan 
107.375, 79.125, 3.9273330797575143e-22, nan 
107.625, 79.125, 5.783838965370281e-22, nan 
107.875, 79.125, 5.845175506477655e-22, nan 
108.125, 79.125, 5.663375380872078e-22, nan 
108.375, 79.125, 3.736106184282642e-22, nan 
108.625, 79.125, 2.7789899030285493e-22, nan 
108.875, 79.125, 3.176763861846061e-22, nan 
109.125, 79.125, 4.406689567376734e-22, nan 
109.375, 79.125, 6.667786371787958e-22, nan 
109.625, 79.125, 1.040335102392243e-21, nan 
109.875, 79.125, 1.0982349253498509e-21, nan 
110.125, 79.125, 9.029291390943305e-22, nan 
110.375, 79.125, 6.561179031388793e-22, nan 
110.625, 79.125, 8.159367592098909e-22, nan 
110.875, 79.125, 1.2737629612542322e-21, nan 
111.125, 79.125, 1.3435709060314915e-21, nan 
111.375, 79.125, 1.115651907680129e-21, nan 
111.625, 79.125, 5.237112102318464e-22, nan 
111.875, 79.125, 3.313772369746479e-22, nan 
112.125, 79.125, 4.644044562261228e-22, nan 
112.375, 79.125, 5.141380332043821e-22, nan 
112.625, 79.125, 4.77605258133629e-22, nan 
112.875, 79.125, 3.186786225492564e-22, nan 
113.125, 79.125, 3.703052656662791e-22, nan 
113.375, 79.125, 3.9177647122347866e-22, nan 
113.625, 79.125, 3.4479253044605686e-22, nan 
113.875, 79.125, 2.7237883802219256e-22, nan 
114.125, 79.125, 2.82125087467513e-22, nan 
114.375, 79.125, 3.6512947575134196e-22, nan 
114.625, 79.125, 5.1717138827329315e-22, nan 
114.875, 79.125, 4.497885593668051e-22, nan 
115.125, 79.125, 2.4157937534109937e-22, nan 
115.375, 79.125, 2.159949544111144e-22, nan 
115.625, 79.125, 2.5252117999615464e-22, nan 
115.875, 79.125, 2.938279816538718e-22, nan 
116.125, 79.125, 2.99029888285644e-22, nan 
116.375, 79.125, 1.5518423790085995e-22, nan 
116.625, 79.125, 1.587608056833348e-22, nan 
116.875, 79.125, 2.183015187723298e-22, nan 
117.125, 79.125, 4.0304754355232416e-22, nan 
117.375, 79.125, 3.9119198669485945e-22, nan 
117.625, 79.125, 4.1350011077345544e-22, nan 
117.875, 79.125, 4.225507902421709e-22, nan 
118.125, 79.125, 3.743948942118993e-22, nan 
118.375, 79.125, 3.7932811347136776e-22, nan 
118.625, 79.125, 3.2154477285971144e-22, nan 
118.875, 79.125, 3.045371520059664e-22, nan 
119.125, 79.125, 2.675610243274147e-22, nan 
119.375, 79.125, 2.4995437438304454e-22, nan 
119.625, 79.125, 2.1179636993751703e-22, nan 
119.875, 79.125, 1.7860830037570223e-22, nan 
120.125, 79.125, 2.0991154366509696e-22, nan 
120.375, 79.125, 2.1270853285257903e-22, nan 
120.625, 79.125, 1.2960419227374053e-22, nan 
120.875, 79.125, 9.27777971040794e-23, nan 
121.125, 79.125, 1.0668324501266822e-22, nan 
121.375, 79.125, 1.6028915552602396e-22, nan 
121.625, 79.125, 1.6657733550630936e-22, nan 
121.875, 79.125, 1.8899057353112957e-22, nan 
122.125, 79.125, 2.6858882774806735e-22, nan 
122.375, 79.125, 3.674094483854814e-22, nan 
122.625, 79.125, 3.2807498780060784e-22, nan 
122.875, 79.125, 3.0038990792948274e-22, nan 
123.125, 79.125, 2.7396689904101123e-22, nan 
123.375, 79.125, 2.9327111035170196e-22, nan 
123.625, 79.125, 3.0874930412808124e-22, nan 
123.875, 79.125, 3.173489900919044e-22, nan 
124.125, 79.125, 2.787717809901687e-22, nan 
124.375, 79.125, 2.467943284120699e-22, nan 
124.625, 79.125, 2.368868674478752e-22, nan 
124.875, 79.125, 2.410900040956917e-22, nan 
125.125, 79.125, 2.3681583148669074e-22, nan 
125.375, 79.125, 2.317841180762103e-22, nan 
125.625, 79.125, 2.0518616332160204e-22, nan 
125.875, 79.125, 1.7427674585388602e-22, nan 
126.125, 79.125, 2.3032582212905374e-22, nan 
126.375, 79.125, 1.710894484414141e-22, nan 
126.625, 79.125, 1.8555257323185986e-22, nan 
126.875, 79.125, 1.7773424403120734e-22, nan 
127.125, 79.125, 1.216307828323141e-22, nan 
127.375, 79.125, 1.6123650102760736e-22, nan 
127.625, 79.125, 2.1589060779194193e-22, nan 
127.875, 79.125, 1.9231482334234522e-22, nan 
128.125, 79.125, 1.7394922598299642e-22, nan 
128.375, 79.125, 1.815818487686631e-22, nan 
128.625, 79.125, 1.992565423416528e-22, nan 
128.875, 79.125, 2.2278259471696137e-22, nan 
129.125, 79.125, 2.4392462594264035e-22, nan 
129.375, 79.125, 2.448130656051973e-22, nan 
129.625, 79.125, 3.5320673372032194e-22, nan 
129.875, 79.125, 3.7533184344268956e-22, nan 
130.125, 79.125, 2.978316223112721e-22, nan 
130.375, 79.125, 2.3942181255864947e-22, nan 
130.625, 79.125, 1.7444138049360606e-22, nan 
130.875, 79.125, 2.1441769285612423e-22, nan 
131.125, 79.125, 2.541525849255586e-22, nan 
131.375, 79.125, 2.0849225618584967e-22, nan 
131.625, 79.125, 1.5763964429478995e-22, nan 
131.875, 79.125, 9.699565308474451e-23, nan 
132.125, 79.125, 5.70027307374661e-23, nan 
132.375, 79.125, 5.308109782278446e-23, nan 
132.625, 79.125, 6.490888668029087e-23, nan 
132.875, 79.125, 5.24711692586047e-23, nan 
133.125, 79.125, 7.745598428898497e-23, nan 
133.375, 79.125, 5.959595740475686e-23, nan 
133.625, 79.125, 5.52457270256499e-23, nan 
133.875, 79.125, 9.580058745990949e-23, nan 
134.125, 79.125, 1.0534000582415952e-22, nan 
134.375, 79.125, 8.410724738205641e-23, nan 
134.625, 79.125, 6.177262670868983e-23, nan 
134.875, 79.125, 6.215470792028432e-23, nan 
135.125, 79.125, 4.104306976296225e-23, nan 
135.375, 79.125, 4.3782001539532274e-23, nan 
135.625, 79.125, 4.227267991619544e-23, nan 
135.875, 79.125, 4.486110737691946e-23, nan 
136.125, 79.125, 3.874810667044673e-23, nan 
136.375, 79.125, 3.3044293869717024e-23, nan 
136.625, 79.125, 2.694888066380936e-23, nan 
136.875, 79.125, 2.0062830709134315e-23, nan 
137.125, 79.125, 1.0191413826375235e-23, nan 
137.375, 79.125, 1.9694407089521747e-23, nan 
137.625, 79.125, 1.8301704860580245e-23, nan 
137.875, 79.125, 1.6724810138047974e-23, nan 
138.125, 79.125, 2.090351264564318e-23, nan 
138.375, 79.125, 2.0420879366527497e-23, nan 
138.625, 79.125, 1.3271022355801823e-23, nan 
138.875, 79.125, 1.7269964960293323e-23, nan 
139.125, 79.125, 2.0686086749159582e-23, nan 
139.375, 79.125, 2.113815510707054e-23, nan 
139.625, 79.125, 2.332904678808548e-23, nan 
139.875, 79.125, 2.4842152944652224e-23, nan 
140.125, 79.125, 3.416889913901164e-23, nan 
140.375, 79.125, 2.8085895204909e-23, nan 
140.625, 79.125, 2.701286098453794e-23, nan 
140.875, 79.125, 2.7033232243632286e-23, nan 
141.125, 79.125, 2.6345462868270876e-23, nan 
141.375, 79.125, 2.6194967175786074e-23, nan 
141.625, 79.125, 2.2191549119334273e-23, nan 
141.875, 79.125, 2.679806866548425e-23, nan 
142.125, 79.125, 2.5820955902107685e-23, nan 
142.375, 79.125, 2.7703516840482177e-23, nan 
142.625, 79.125, 2.8874498588315974e-23, nan 
142.875, 79.125, 2.5758876056798707e-23, nan 
143.125, 79.125, 2.2491523113208068e-23, nan 
143.375, 79.125, 2.2101669398763927e-23, nan 
143.625, 79.125, 2.1131028139470102e-23, nan 
143.875, 79.125, 2.1769225352951372e-23, nan 
144.125, 79.125, 2.5504666405151293e-23, nan 
144.375, 79.125, 2.9247057915973846e-23, nan 
144.625, 79.125, 3.300672547649726e-23, nan 
144.875, 79.125, 3.383650681508864e-23, nan 
145.125, 79.125, 3.1662977639545577e-23, nan 
145.375, 79.125, 2.7054318601317464e-23, nan 
145.625, 79.125, 2.7313598761384186e-23, nan 
145.875, 79.125, 2.7386528714201124e-23, nan 
146.125, 79.125, 2.9055599872389475e-23, nan 
146.375, 79.125, 2.653024282379587e-23, nan 
146.625, 79.125, 2.3439129454961257e-23, nan 
146.875, 79.125, 1.9610379915083407e-23, nan 
147.125, 79.125, 1.6971975765593448e-23, nan 
147.375, 79.125, 1.560823614600831e-23, nan 
147.625, 79.125, 1.1262595670911704e-23, nan 
147.875, 79.125, 6.697064088442541e-24, nan 
148.125, 79.125, 1.0738782952142816e-23, nan 
148.375, 79.125, 1.203231636948627e-23, nan 
148.625, 79.125, 5.1404996516028005e-24, nan 
148.875, 79.125, 7.423765451521951e-24, nan 
149.125, 79.125, 1.071458488027255e-23, nan 
149.375, 79.125, 1.331476885227271e-23, nan 
149.625, 79.125, 7.472919493507626e-24, nan 
149.875, 79.125, 9.701727611025174e-24, nan 
150.125, 79.125, 4.1491066635349445e-24, nan 
150.375, 79.125, 9.583007801865086e-24, nan 
150.625, 79.125, 1.0954626868767572e-23, nan 
150.875, 79.125, 1.0401791035385143e-23, nan 
151.125, 79.125, 1.2636637766195132e-23, nan 
151.375, 79.125, 3.303852959030674e-24, nan 
151.625, 79.125, 1.5089250277572982e-23, nan 
151.875, 79.125, 1.619745176272833e-23, nan 
152.125, 79.125, 2.3853511780194065e-23, nan 
152.375, 79.125, 2.3223175204444607e-23, nan 
152.625, 79.125, 7.545026120879177e-24, nan 
152.875, 79.125, 2.2029594921139207e-23, nan 
153.125, 79.125, 1.8349533306044522e-23, nan 
153.375, 79.125, 2.5442909579125898e-23, nan 
153.625, 79.125, 2.2682679869988155e-23, nan 
153.875, 79.125, 1.3254420397972992e-23, nan 
154.125, 79.125, 1.609251543692474e-23, nan 
154.375, 79.125, 1.3518451880206748e-23, nan 
154.625, 79.125, 1.3118561039983522e-23, nan 
154.875, 79.125, 3.1500772037576452e-24, nan 
155.125, 79.125, 9.580976700480487e-24, nan 
155.375, 79.125, 1.658539694474738e-23, nan 
155.625, 79.125, 1.2185094181453183e-23, nan 
155.875, 79.125, 1.5390719664702206e-23, nan 
156.125, 79.125, 1.229447936072431e-23, nan 
156.375, 79.125, 1.3587934208242092e-23, nan 
156.625, 79.125, 1.4353152573934832e-23, nan 
156.875, 79.125, 1.7352332914354934e-23, nan 
157.125, 79.125, 1.652247029155145e-23, nan 
157.375, 79.125, 1.5444301444259083e-23, nan 
157.625, 79.125, 1.505757997000173e-23, nan 
157.875, 79.125, 1.5535055117337027e-23, nan 
158.125, 79.125, 1.5727971537553936e-23, nan 
158.375, 79.125, 1.389307157902724e-23, nan 
158.625, 79.125, 1.1176292808087362e-23, nan 
158.875, 79.125, 9.684136233359549e-24, nan 
159.125, 79.125, 1.0707597114132345e-23, nan 
159.375, 79.125, 1.278505626711033e-23, nan 
159.625, 79.125, 1.2197682900476593e-23, nan 
159.875, 79.125, 7.522804906287129e-24, nan 
160.125, 79.125, 8.97777059097684e-24, nan 
160.375, 79.125, 1.0145706679955944e-23, nan 
160.625, 79.125, 7.729516686769769e-24, nan 
160.875, 79.125, 6.272223780488987e-24, nan 
161.125, 79.125, 6.973518701522571e-24, nan 
161.375, 79.125, 7.963331219176168e-24, nan 
161.625, 79.125, 6.831527337069821e-24, nan 
161.875, 79.125, 5.199841599780028e-24, nan 
162.125, 79.125, 5.989424934714384e-24, nan 
162.375, 79.125, 4.1117572225381784e-24, nan 
162.625, 79.125, 4.781018466623558e-24, nan 
162.875, 79.125, 8.742394509568417e-24, nan 
163.125, 79.125, 1.0206266183260685e-23, nan 
163.375, 79.125, 7.185681421985435e-24, nan 
163.625, 79.125, 1.5336983022125315e-24, nan 
163.875, 79.125, 6.763045791179504e-24, nan 
164.125, 79.125, 1.5763931485842828e-23, nan 
164.375, 79.125, 1.7536884684250392e-23, nan 
164.625, 79.125, 8.953493020848357e-24, nan 
164.875, 79.125, 3.352943472671794e-24, nan 
165.125, 79.125, 5.343496476483311e-24, nan 
165.375, 79.125, 9.969630412484297e-24, nan 
165.625, 79.125, 1.120669560755571e-23, nan 
165.875, 79.125, 6.5774069514632076e-24, nan 
166.125, 79.125, 4.1331036834517906e-24, nan 
166.375, 79.125, 2.8536281751032194e-24, nan 
166.625, 79.125, 3.099048976177261e-24, nan 
166.875, 79.125, 5.30534602125833e-24, nan 
167.125, 79.125, 3.608660011826859e-24, nan 
167.375, 79.125, 2.3477512879863327e-24, nan 
167.625, 79.125, 2.379023583575045e-24, nan 
167.875, 79.125, 2.191609541977063e-24, nan 
168.125, 79.125, 2.3875974382001077e-24, nan 
168.375, 79.125, 1.942086202492734e-24, nan 
168.625, 79.125, 1.848780984394159e-24, nan 
168.875, 79.125, 2.3946725360552817e-24, nan 
169.125, 79.125, 2.6057320382586183e-24, nan 
169.375, 79.125, 3.2715865649352102e-24, nan 
169.625, 79.125, 3.054018020613852e-24, nan 
169.875, 79.125, 2.631685498122864e-24, nan 
170.125, 79.125, 3.31544872302399e-24, nan 
170.375, 79.125, 3.483198639275149e-24, nan 
170.625, 79.125, 3.711713952999619e-24, nan 
170.875, 79.125, 3.8145831012606276e-24, nan 
171.125, 79.125, 3.804855637664164e-24, nan 
171.375, 79.125, 4.3960997458872484e-24, nan 
171.625, 79.125, 4.701995060337578e-24, nan 
171.875, 79.125, 3.5678640941884915e-24, nan 
172.125, 79.125, 3.3475978831285944e-24, nan 
172.375, 79.125, 4.2852652592707835e-24, nan 
172.625, 79.125, 5.838097186021424e-24, nan 
172.875, 79.125, 6.640429477433976e-24, nan 
173.125, 79.125, 6.77112217700085e-24, nan 
173.375, 79.125, 5.690276060295526e-24, nan 
173.625, 79.125, 5.162458077348116e-24, nan 
173.875, 79.125, 5.667571551794606e-24, nan 
174.125, 79.125, 6.896253117622831e-24, nan 
174.375, 79.125, 6.52907204490383e-24, nan 
174.625, 79.125, 5.6832695642382295e-24, nan 
174.875, 79.125, 4.912208324159556e-24, nan 
175.125, 79.125, 6.0691898112779025e-24, nan 
175.375, 79.125, 7.312631890818439e-24, nan 
175.625, 79.125, 6.635839271550338e-24, nan 
175.875, 79.125, 6.827809031552731e-24, nan 
176.125, 79.125, 6.7218461478652e-24, nan 
176.375, 79.125, 5.81945439790848e-24, nan 
176.625, 79.125, 6.430419378287247e-24, nan 
176.875, 79.125, 4.719270250209807e-24, nan 
177.125, 79.125, 5.347009915950078e-24, nan 
177.375, 79.125, 4.230308914460586e-24, nan 
177.625, 79.125, 5.4365634225771e-24, nan 
177.875, 79.125, 5.187304627777937e-24, nan 
178.125, 79.125, 5.1294755367991084e-24, nan 
178.375, 79.125, 5.3841310432056936e-24, nan 
178.625, 79.125, 6.294949292087291e-24, nan 
178.875, 79.125, 6.050017635520824e-24, nan 
179.125, 79.125, 6.753723388726122e-24, nan 
179.375, 79.125, 5.7054443490470524e-24, nan 
179.625, 79.125, 6.716690907015105e-24, nan 
179.875, 79.125, 5.4386581967725856e-24, nan 
-179.875, 79.375, 6.784199930761998e-24, nan 
-179.625, 79.375, 7.188046697122108e-24, nan 
-179.375, 79.375, 7.448652763469545e-24, nan 
-179.125, 79.375, 8.305441237548155e-24, nan 
-178.875, 79.375, 7.178928369517937e-24, nan 
-178.625, 79.375, 7.363114543906273e-24, nan 
-178.375, 79.375, 8.276295627389434e-24, nan 
-178.125, 79.375, 9.017261746986711e-24, nan 
-177.875, 79.375, 7.136672187749528e-24, nan 
-177.625, 79.375, 5.98954209290455e-24, nan 
-177.375, 79.375, 5.788018805593114e-24, nan 
-177.125, 79.375, 6.261677799580065e-24, nan 
-176.875, 79.375, 6.450384489630013e-24, nan 
-176.625, 79.375, 4.081025729945546e-24, nan 
-176.375, 79.375, 6.364175460944996e-24, nan 
-176.125, 79.375, 6.5019910578982194e-24, nan 
-175.875, 79.375, 4.648364465715744e-24, nan 
18.625, 79.375, 6.03086709314596e-23, nan 
18.875, 79.375, 5.945200348209692e-23, nan 
19.125, 79.375, 3.5426442895087e-23, nan 
19.375, 79.375, 1.71686655990514e-23, nan 
19.625, 79.375, 4.914631439401807e-24, nan 
19.875, 79.375, 2.8433097202329138e-24, nan 
20.125, 79.375, 2.4480835408926357e-24, nan 
20.375, 79.375, 2.3759234870583043e-24, nan 
20.625, 79.375, 2.621425613129457e-24, nan 
20.875, 79.375, 2.4161605744588078e-24, nan 
21.125, 79.375, 2.5874257247418193e-24, nan 
21.375, 79.375, 2.767476098301736e-24, nan 
21.625, 79.375, 2.412793590090496e-24, nan 
21.875, 79.375, 2.9445774295245974e-24, nan 
22.125, 79.375, 3.95590226096027e-24, nan 
22.375, 79.375, 5.144004679195447e-24, nan 
22.625, 79.375, 1.1828587855417423e-23, nan 
22.875, 79.375, 3.7721612367428074e-23, nan 
23.125, 79.375, 3.76353574361177e-23, nan 
23.375, 79.375, 4.261760329334697e-23, nan 
23.625, 79.375, 4.469723244456195e-23, nan 
23.875, 79.375, 4.3269475990274916e-23, nan 
24.125, 79.375, 4.5122587895568874e-23, nan 
24.375, 79.375, 4.552493461590583e-23, nan 
24.625, 79.375, 4.512641646335543e-23, nan 
24.875, 79.375, 3.8177573763261185e-23, nan 
25.125, 79.375, 3.866979883825463e-23, nan 
25.375, 79.375, 4.045475780250072e-23, nan 
25.625, 79.375, 3.734848925387525e-23, nan 
25.875, 79.375, 3.505927159449247e-23, nan 
26.125, 79.375, 5.0649868449884905e-23, nan 
26.375, 79.375, 5.472507723087094e-23, nan 
26.625, 79.375, 5.843748282691569e-23, nan 
26.875, 79.375, 5.265693856390278e-23, nan 
27.125, 79.375, 4.4813982683007093e-23, nan 
27.375, 79.375, 3.590056366358351e-23, nan 
27.625, 79.375, 3.492769354460127e-23, nan 
27.875, 79.375, 3.4777301422239204e-23, nan 
28.125, 79.375, 3.073997754929119e-23, nan 
28.375, 79.375, 2.4234263978297248e-23, nan 
28.625, 79.375, 1.9979116627498023e-23, nan 
28.875, 79.375, 1.82728167156389e-23, nan 
29.125, 79.375, 1.609280174515079e-23, nan 
29.375, 79.375, 1.510935875069426e-23, nan 
29.625, 79.375, 1.4582433704581732e-23, nan 
29.875, 79.375, 1.097932802145393e-23, nan 
30.125, 79.375, 1.0705192886531001e-23, nan 
30.375, 79.375, 1.2442206229835137e-23, nan 
30.625, 79.375, 1.504427074700159e-23, nan 
30.875, 79.375, 1.3708735773537627e-23, nan 
31.125, 79.375, 1.2055049586722493e-23, nan 
31.375, 79.375, 1.1408870124019051e-23, nan 
31.625, 79.375, 1.0863624088884436e-23, nan 
31.875, 79.375, 9.281494833587302e-24, nan 
32.125, 79.375, 8.654707595793942e-24, nan 
32.375, 79.375, 9.169517268787376e-24, nan 
32.625, 79.375, 8.268035044467913e-24, nan 
32.875, 79.375, 8.74727646589537e-24, nan 
33.125, 79.375, 7.82662767663755e-24, nan 
33.375, 79.375, 8.015429710834982e-24, nan 
33.625, 79.375, 7.102947256753117e-24, nan 
33.875, 79.375, 6.736513947882375e-24, nan 
34.125, 79.375, 6.450709961250314e-24, nan 
34.375, 79.375, 7.010854935371256e-24, nan 
34.625, 79.375, 6.804083117737024e-24, nan 
34.875, 79.375, 6.526327867874877e-24, nan 
35.125, 79.375, 7.424548743314587e-24, nan 
35.375, 79.375, 6.667457744665676e-24, nan 
35.625, 79.375, 5.433207834204713e-24, nan 
35.875, 79.375, 3.338289635134458e-24, nan 
36.125, 79.375, 2.6476775259961537e-24, nan 
36.375, 79.375, 6.3408559716335906e-24, nan 
36.625, 79.375, 8.23313476850509e-24, nan 
36.875, 79.375, 9.628860281253442e-24, nan 
37.125, 79.375, 9.221305809637958e-24, nan 
37.375, 79.375, 1.295275068448976e-23, nan 
37.625, 79.375, 1.3714041748578466e-23, nan 
37.875, 79.375, 1.441749125762186e-23, nan 
38.125, 79.375, 1.5618379022570714e-23, nan 
38.375, 79.375, 1.3452207311010694e-23, nan 
38.625, 79.375, 1.2915736043870034e-23, nan 
38.875, 79.375, 1.355325005544955e-23, nan 
39.125, 79.375, 1.2337235006665705e-23, nan 
39.375, 79.375, 1.2178350730356787e-23, nan 
39.625, 79.375, 1.0313824223131019e-23, nan 
39.875, 79.375, 1.028022414312593e-23, nan 
40.125, 79.375, 6.870081743679712e-24, nan 
40.375, 79.375, 7.722059579676444e-24, nan 
40.625, 79.375, 9.264960315903912e-24, nan 
40.875, 79.375, 6.919674857355775e-24, nan 
41.125, 79.375, 4.676960143932379e-24, nan 
41.375, 79.375, 3.1222574223846004e-24, nan 
41.625, 79.375, 3.104045349155201e-24, nan 
41.875, 79.375, 2.8948387415997393e-24, nan 
42.125, 79.375, 2.4891737875349203e-24, nan 
42.375, 79.375, 1.7445652892791992e-24, nan 
42.625, 79.375, 4.15993870158619e-24, nan 
42.875, 79.375, 3.787198678053966e-24, nan 
43.125, 79.375, 2.75464478369844e-24, nan 
43.375, 79.375, 2.9958634980148474e-24, nan 
43.625, 79.375, 2.953508788778942e-24, nan 
43.875, 79.375, 3.0721082597854787e-24, nan 
44.125, 79.375, 3.387897513757364e-24, nan 
44.375, 79.375, 5.5588684253426954e-24, nan 
44.625, 79.375, 2.577454841259405e-24, nan 
44.875, 79.375, 2.8670434435209498e-24, nan 
45.125, 79.375, 2.597986129577801e-24, nan 
45.375, 79.375, 4.709915231458543e-24, nan 
45.625, 79.375, 9.114854486461646e-24, nan 
45.875, 79.375, 6.638400401873727e-24, nan 
46.125, 79.375, 6.608479152498354e-24, nan 
46.375, 79.375, 7.410365293624859e-24, nan 
46.625, 79.375, 9.437188429602518e-24, nan 
46.875, 79.375, 1.393232910088762e-23, nan 
47.125, 79.375, 1.2406196165191658e-23, nan 
47.375, 79.375, 1.282387856059713e-23, nan 
47.625, 79.375, 1.5532734478914592e-23, nan 
47.875, 79.375, 1.5039144467119693e-23, nan 
48.125, 79.375, 1.7052392173344798e-23, nan 
48.375, 79.375, 1.7318731545176687e-23, nan 
48.625, 79.375, 1.9823223425988357e-23, nan 
48.875, 79.375, 2.553581202442882e-23, nan 
49.125, 79.375, 2.716986816630707e-23, nan 
49.375, 79.375, 3.0120907823418606e-23, nan 
49.625, 79.375, 3.018738529845302e-23, nan 
49.875, 79.375, 2.4051089776497926e-23, nan 
50.125, 79.375, 2.2762547029155237e-23, nan 
50.375, 79.375, 2.2646173540661918e-23, nan 
50.625, 79.375, 2.7370164216128916e-23, nan 
50.875, 79.375, 2.898487955692633e-23, nan 
51.125, 79.375, 2.7438571995800146e-23, nan 
51.375, 79.375, 2.3509643136776716e-23, nan 
51.625, 79.375, 1.6429209644017222e-23, nan 
51.875, 79.375, 1.167725081724376e-23, nan 
52.125, 79.375, 1.3866052912950228e-23, nan 
52.375, 79.375, 2.7787234294844358e-24, nan 
52.625, 79.375, 1.1835238052577667e-23, nan 
52.875, 79.375, 8.981615731443617e-24, nan 
53.125, 79.375, 1.9909800974672832e-23, nan 
53.375, 79.375, 1.5721141445812106e-23, nan 
53.625, 79.375, 1.1222799071049142e-23, nan 
53.875, 79.375, 1.0603533762603852e-23, nan 
54.125, 79.375, 1.1625475849454634e-23, nan 
54.375, 79.375, 1.3027323770219248e-23, nan 
54.625, 79.375, 1.0211090346318233e-23, nan 
54.875, 79.375, 9.255183599017978e-24, nan 
55.125, 79.375, 1.2256118385142778e-23, nan 
55.375, 79.375, 1.4337847078455188e-23, nan 
55.625, 79.375, 1.060033731929905e-23, nan 
55.875, 79.375, 7.846875067850498e-24, nan 
56.125, 79.375, 1.42003172459034e-23, nan 
56.375, 79.375, 1.4485150027526035e-23, nan 
56.625, 79.375, 1.2745990159691194e-23, nan 
56.875, 79.375, 1.2883542067674765e-23, nan 
57.125, 79.375, 1.155899308842838e-23, nan 
57.375, 79.375, 1.7332747305568021e-23, nan 
57.625, 79.375, 6.374840123692003e-23, nan 
57.875, 79.375, 6.067719642086918e-23, nan 
58.125, 79.375, 6.318201874351483e-23, nan 
58.375, 79.375, 6.964763758943726e-23, nan 
58.625, 79.375, 6.867966683300307e-23, nan 
58.875, 79.375, 9.764032611394416e-23, nan 
59.125, 79.375, 9.069239095622661e-23, nan 
59.375, 79.375, 9.739305528222108e-23, nan 
59.625, 79.375, 1.1164368474769516e-22, nan 
59.875, 79.375, 1.232192718830866e-22, nan 
60.125, 79.375, 1.5696004893529456e-22, nan 
60.375, 79.375, 2.140868959825083e-22, nan 
60.625, 79.375, 2.630299156079034e-22, nan 
60.875, 79.375, 3.525280521475927e-22, nan 
61.125, 79.375, 5.059274435374478e-22, nan 
61.375, 79.375, 4.1323915863309244e-22, nan 
61.625, 79.375, 2.803536182435566e-22, nan 
61.875, 79.375, 1.3862041328619978e-22, nan 
62.125, 79.375, 1.3917101576047394e-22, nan 
62.375, 79.375, 1.2052864233420698e-22, nan 
62.625, 79.375, 1.1839553973124645e-22, nan 
62.875, 79.375, 1.193116553598605e-22, nan 
63.125, 79.375, 1.359099908378817e-22, nan 
63.375, 79.375, 1.3200568020779748e-22, nan 
63.625, 79.375, 1.3088111646052343e-22, nan 
63.875, 79.375, 1.3062008718303545e-22, nan 
64.125, 79.375, 1.126603021268183e-22, nan 
64.375, 79.375, 1.0531034909858361e-22, nan 
64.625, 79.375, 8.365313403301297e-23, nan 
64.875, 79.375, 8.105461985710166e-23, nan 
65.125, 79.375, 7.613234370783196e-23, nan 
65.375, 79.375, 9.579200266291654e-23, nan 
65.625, 79.375, 8.0544535073246e-23, nan 
65.875, 79.375, 8.53586919301701e-23, nan 
66.125, 79.375, 8.398274325936159e-23, nan 
66.375, 79.375, 6.145153583692949e-23, nan 
66.625, 79.375, 7.650468412289417e-23, nan 
66.875, 79.375, 7.942293453280762e-23, nan 
67.125, 79.375, 7.467857926561586e-23, nan 
67.375, 79.375, 6.29212386828524e-23, nan 
67.625, 79.375, 6.909507069725418e-23, nan 
67.875, 79.375, 5.769624999357524e-23, nan 
68.125, 79.375, 4.0997093298690264e-23, nan 
68.375, 79.375, 4.817575045134518e-23, nan 
68.625, 79.375, 5.315532440729864e-23, nan 
68.875, 79.375, 7.285043847519159e-23, nan 
69.125, 79.375, 6.325813825874068e-23, nan 
69.375, 79.375, 5.523952600494858e-23, nan 
69.625, 79.375, 5.187980357765734e-23, nan 
69.875, 79.375, 6.322135751668672e-23, nan 
70.125, 79.375, 5.1576123564710926e-23, nan 
70.375, 79.375, 4.704900199965606e-23, nan 
70.625, 79.375, 4.3262962167469013e-23, nan 
70.875, 79.375, 5.497775045089128e-23, nan 
71.125, 79.375, 5.2324435806380053e-23, nan 
71.375, 79.375, 4.6152861695782974e-23, nan 
71.625, 79.375, 1.981894874470539e-23, nan 
71.875, 79.375, 4.342955323582003e-23, nan 
72.125, 79.375, 4.4549677188953267e-23, nan 
72.375, 79.375, 3.539378541226694e-23, nan 
72.625, 79.375, 3.3120081872248287e-23, nan 
72.875, 79.375, 3.294610637472922e-23, nan 
73.125, 79.375, 5.525277716717453e-23, nan 
73.375, 79.375, 6.866243145427936e-23, nan 
73.625, 79.375, 6.291689313369333e-23, nan 
73.875, 79.375, 3.936791079799492e-23, nan 
74.125, 79.375, 3.4190635429838656e-23, nan 
74.375, 79.375, 4.5398465884267704e-23, nan 
74.625, 79.375, 5.807032979756736e-23, nan 
74.875, 79.375, 3.7953093221811167e-23, nan 
75.125, 79.375, 5.2433009659560157e-23, nan 
75.375, 79.375, 5.299094081647213e-23, nan 
75.625, 79.375, 8.491913942708878e-23, nan 
75.875, 79.375, 5.640154492791137e-23, nan 
76.125, 79.375, 5.906829786011556e-23, nan 
76.375, 79.375, 9.84664831336524e-23, nan 
76.625, 79.375, 1.056984780626773e-22, nan 
76.875, 79.375, 1.1703481227774074e-22, nan 
77.125, 79.375, 6.105724292917275e-23, nan 
77.375, 79.375, 3.5299164286211875e-23, nan 
77.625, 79.375, 4.786764600901428e-23, nan 
77.875, 79.375, 6.861778688983423e-23, nan 
78.125, 79.375, 8.022484074706353e-23, nan 
78.375, 79.375, 6.479982713627209e-23, nan 
78.625, 79.375, 7.605520624759233e-23, nan 
78.875, 79.375, 6.206700970186362e-23, nan 
79.125, 79.375, 9.080071536728657e-23, nan 
79.375, 79.375, 1.0292323612920036e-22, nan 
79.625, 79.375, 1.3115682297421944e-22, nan 
79.875, 79.375, 1.4622849956874934e-22, nan 
80.125, 79.375, 8.59702092158076e-23, nan 
80.375, 79.375, 6.955932130879066e-23, nan 
80.625, 79.375, 1.0644852793559234e-22, nan 
80.875, 79.375, 1.171792690966112e-22, nan 
81.125, 79.375, 7.603570319125905e-23, nan 
81.375, 79.375, 6.025047534700064e-23, nan 
81.625, 79.375, 6.657504355761964e-23, nan 
81.875, 79.375, 1.5647518872361308e-23, nan 
82.125, 79.375, 5.406451565078133e-23, nan 
82.375, 79.375, 9.396821556361668e-23, nan 
82.625, 79.375, 9.321124632259114e-23, nan 
82.875, 79.375, 7.966107960697414e-23, nan 
83.125, 79.375, 6.441223031370878e-23, nan 
83.375, 79.375, 3.6085313094918857e-23, nan 
83.625, 79.375, 1.4984065059190253e-22, nan 
83.875, 79.375, 1.1610840822493448e-22, nan 
84.125, 79.375, 1.5012113594248313e-22, nan 
84.375, 79.375, 1.382618242839516e-22, nan 
84.625, 79.375, 4.506672981416229e-23, nan 
84.875, 79.375, 2.0877267636628575e-22, nan 
85.125, 79.375, 1.2433489819147566e-22, nan 
85.375, 79.375, 2.0882669608431212e-22, nan 
85.625, 79.375, 1.4812607639523872e-22, nan 
85.875, 79.375, 1.1083598805561726e-22, nan 
86.125, 79.375, 1.4306641090128593e-22, nan 
86.375, 79.375, 8.321029217318826e-23, nan 
86.625, 79.375, 1.1347826330614786e-22, nan 
86.875, 79.375, 1.0653369437777314e-22, nan 
87.125, 79.375, 8.418224768580439e-23, nan 
87.375, 79.375, 7.902151018746638e-23, nan 
87.625, 79.375, 6.641575425381318e-23, nan 
87.875, 79.375, 6.85025299819974e-23, nan 
88.125, 79.375, 1.195395568740552e-22, nan 
88.375, 79.375, 1.2650704259557868e-22, nan 
88.625, 79.375, 1.0769756149348029e-22, nan 
88.875, 79.375, 1.3713946466579763e-22, nan 
89.125, 79.375, 1.045747900275893e-22, nan 
89.375, 79.375, 1.9219066338373785e-22, nan 
89.625, 79.375, 1.980836203053607e-22, nan 
89.875, 79.375, 1.5074353685046452e-22, nan 
90.125, 79.375, 1.2136318819066825e-22, nan 
90.375, 79.375, 1.6701596662607e-22, nan 
90.625, 79.375, 1.7447981191469409e-22, nan 
90.875, 79.375, 2.0093606319102738e-22, nan 
91.125, 79.375, 1.5293484584933594e-22, nan 
91.375, 79.375, 1.1694683725582841e-22, nan 
91.625, 79.375, 1.4828955864152543e-22, nan 
91.875, 79.375, 1.8423515714659663e-22, nan 
92.125, 79.375, 1.976910990235113e-22, nan 
92.375, 79.375, 1.1981392513419927e-22, nan 
92.625, 79.375, 2.3630115612596174e-22, nan 
92.875, 79.375, 3.351235099606741e-22, nan 
93.125, 79.375, 3.0100375196657017e-22, nan 
93.375, 79.375, 2.201471211485109e-22, nan 
93.625, 79.375, 2.143336355675024e-22, nan 
93.875, 79.375, 1.8477596972973965e-22, nan 
94.125, 79.375, 1.439291996294181e-22, nan 
94.375, 79.375, 1.584115726221106e-22, nan 
94.625, 79.375, 1.568152478722277e-22, nan 
94.875, 79.375, 2.3752987478374057e-22, nan 
95.125, 79.375, 2.5695043657638335e-22, nan 
95.375, 79.375, 1.8739830887547564e-22, nan 
95.625, 79.375, 2.832304098233925e-22, nan 
95.875, 79.375, 1.6065628064909955e-22, nan 
96.125, 79.375, 2.065362961095855e-22, nan 
96.375, 79.375, 2.0265843765056013e-22, nan 
96.625, 79.375, 1.4388778701435634e-22, nan 
96.875, 79.375, 2.453026348731446e-22, nan 
97.125, 79.375, 2.0594380425045136e-22, nan 
97.375, 79.375, 2.0038415203637181e-22, nan 
97.625, 79.375, 1.3488416582646321e-22, nan 
97.875, 79.375, 1.9808163564680985e-22, nan 
98.125, 79.375, 2.4474028416124055e-22, nan 
98.375, 79.375, 2.8329022447434813e-22, nan 
98.625, 79.375, 3.5473856912854033e-22, nan 
98.875, 79.375, 2.7879697338154333e-22, nan 
99.125, 79.375, 3.08520739640767e-22, nan 
99.375, 79.375, 2.8435668362827895e-22, nan 
99.625, 79.375, 2.978057163836928e-22, nan 
99.875, 79.375, 3.229020715743932e-22, nan 
100.125, 79.375, 2.895248101635416e-22, nan 
100.375, 79.375, 3.05845621784142e-22, nan 
100.625, 79.375, 2.8071972532893083e-22, nan 
100.875, 79.375, 2.7414791881860513e-22, nan 
101.125, 79.375, 2.434370132773052e-22, nan 
101.375, 79.375, 2.3738124836138486e-22, nan 
101.625, 79.375, 3.0518213322092193e-22, nan 
101.875, 79.375, 2.647985977936376e-22, nan 
102.125, 79.375, 6.045040606374244e-22, nan 
102.375, 79.375, 6.350617336102621e-22, nan 
102.625, 79.375, 6.119637781899246e-22, nan 
102.875, 79.375, 4.671274804022159e-22, nan 
103.125, 79.375, 2.657452114584393e-22, nan 
103.375, 79.375, 9.668238752465045e-22, nan 
103.625, 79.375, 1.1001858560618462e-21, nan 
103.875, 79.375, 1.0268675242843637e-21, nan 
104.125, 79.375, 6.324129059655583e-22, nan 
104.375, 79.375, 3.9594286565492427e-22, nan 
104.625, 79.375, 4.561370027067586e-22, nan 
104.875, 79.375, 6.243376630883024e-22, nan 
105.125, 79.375, 5.377260180997834e-22, nan 
105.375, 79.375, 2.2042195377806644e-22, nan 
105.625, 79.375, 2.4853017630963845e-22, nan 
105.875, 79.375, 2.5159853451951856e-22, nan 
106.125, 79.375, 2.8157182972464657e-22, nan 
106.375, 79.375, 3.11918282265915e-22, nan 
106.625, 79.375, 4.0231237420645273e-22, nan 
106.875, 79.375, 4.91176001219875e-22, nan 
107.125, 79.375, 3.1039898332423003e-22, nan 
107.375, 79.375, 2.351276858495708e-22, nan 
107.625, 79.375, 3.958908776463855e-22, nan 
107.875, 79.375, 4.1239425119433293e-22, nan 
108.125, 79.375, 3.9725314679361103e-22, nan 
108.375, 79.375, 2.588452433076423e-22, nan 
108.625, 79.375, 2.208515788056624e-22, nan 
108.875, 79.375, 2.248476641920198e-22, nan 
109.125, 79.375, 1.922845912664629e-22, nan 
109.375, 79.375, 3.9235234978235448e-22, nan 
109.625, 79.375, 8.749802250218898e-22, nan 
109.875, 79.375, 6.37646753037453e-22, nan 
110.125, 79.375, 6.474829867524391e-22, nan 
110.375, 79.375, 7.84080174697453e-22, nan 
110.625, 79.375, 8.055357654626971e-22, nan 
110.875, 79.375, 1.1707774166407803e-21, nan 
111.125, 79.375, 9.500710123860333e-22, nan 
111.375, 79.375, 9.446475445301684e-22, nan 
111.625, 79.375, 8.64577488828133e-22, nan 
111.875, 79.375, 7.751825743489511e-22, nan 
112.125, 79.375, 7.139026670541003e-22, nan 
112.375, 79.375, 5.533540938537227e-22, nan 
112.625, 79.375, 6.01877659884038e-22, nan 
112.875, 79.375, 4.721193821902646e-22, nan 
113.125, 79.375, 5.770330412498636e-22, nan 
113.375, 79.375, 4.528652817322803e-22, nan 
113.625, 79.375, 4.98053981660757e-22, nan 
113.875, 79.375, 4.982611689528665e-22, nan 
114.125, 79.375, 5.111669871231183e-22, nan 
114.375, 79.375, 5.291901735037163e-22, nan 
114.625, 79.375, 5.922736365191709e-22, nan 
114.875, 79.375, 5.798818059263681e-22, nan 
115.125, 79.375, 5.383927269918387e-22, nan 
115.375, 79.375, 4.8333760129593345e-22, nan 
115.625, 79.375, 4.880355805439286e-22, nan 
115.875, 79.375, 5.941818011545481e-22, nan 
116.125, 79.375, 8.1813592188632e-22, nan 
116.375, 79.375, 7.552028022148405e-22, nan 
116.625, 79.375, 4.615712092026489e-22, nan 
116.875, 79.375, 4.32764828507637e-22, nan 
117.125, 79.375, 4.808580738070164e-22, nan 
117.375, 79.375, 5.535900666566972e-22, nan 
117.625, 79.375, 5.183794730639051e-22, nan 
117.875, 79.375, 4.290806747551987e-22, nan 
118.125, 79.375, 3.8397156734990815e-22, nan 
118.375, 79.375, 2.957796281066874e-22, nan 
118.625, 79.375, 2.6297746110957257e-22, nan 
118.875, 79.375, 2.4829461312786496e-22, nan 
119.125, 79.375, 2.698722554245175e-22, nan 
119.375, 79.375, 2.5545407493079045e-22, nan 
119.625, 79.375, 2.365301660863839e-22, nan 
119.875, 79.375, 2.822240212890051e-22, nan 
120.125, 79.375, 2.575394211812589e-22, nan 
120.375, 79.375, 2.481894262117299e-22, nan 
120.625, 79.375, 2.3102239359275766e-22, nan 
120.875, 79.375, 3.0453728194227717e-22, nan 
121.125, 79.375, 3.3500287886581817e-22, nan 
121.375, 79.375, 2.780489653239326e-22, nan 
121.625, 79.375, 2.9230279596042496e-22, nan 
121.875, 79.375, 2.881461219536163e-22, nan 
122.125, 79.375, 2.9029138220361695e-22, nan 
122.375, 79.375, 3.3204220531673875e-22, nan 
122.625, 79.375, 2.5858040360869253e-22, nan 
122.875, 79.375, 2.8000943455225313e-22, nan 
123.125, 79.375, 3.0579088497125516e-22, nan 
123.375, 79.375, 2.346025750759177e-22, nan 
123.625, 79.375, 1.826763789796128e-22, nan 
123.875, 79.375, 1.791491808142549e-22, nan 
124.125, 79.375, 2.1115659888614626e-22, nan 
124.375, 79.375, 2.3575980276487524e-22, nan 
124.625, 79.375, 1.9965468785702744e-22, nan 
124.875, 79.375, 1.714428872152284e-22, nan 
125.125, 79.375, 1.474259340599742e-22, nan 
125.375, 79.375, 1.4512775811023195e-22, nan 
125.625, 79.375, 1.394855936259092e-22, nan 
125.875, 79.375, 1.2903931931385184e-22, nan 
126.125, 79.375, 1.0977628081805184e-22, nan 
126.375, 79.375, 1.319256185590385e-22, nan 
126.625, 79.375, 1.1178867500876012e-22, nan 
126.875, 79.375, 6.988407409763046e-23, nan 
127.125, 79.375, 7.334956768495661e-23, nan 
127.375, 79.375, 1.129782609681793e-22, nan 
127.625, 79.375, 9.783417650500349e-23, nan 
127.875, 79.375, 1.1342169021393564e-22, nan 
128.125, 79.375, 1.1065624228540958e-22, nan 
128.375, 79.375, 1.1159170516541102e-22, nan 
128.625, 79.375, 1.5142274775831648e-22, nan 
128.875, 79.375, 1.6895704211956796e-22, nan 
129.125, 79.375, 1.8916975667181674e-22, nan 
129.375, 79.375, 1.775453013819949e-22, nan 
129.625, 79.375, 2.072840515201213e-22, nan 
129.875, 79.375, 2.128409155323951e-22, nan 
130.125, 79.375, 1.7779866086210248e-22, nan 
130.375, 79.375, 1.4948977710252104e-22, nan 
130.625, 79.375, 1.0724701095980873e-22, nan 
130.875, 79.375, 4.363976654422577e-23, nan 
131.125, 79.375, 5.52301573462658e-23, nan 
131.375, 79.375, 4.0741570114773244e-23, nan 
131.625, 79.375, 1.673385120829143e-23, nan 
131.875, 79.375, 2.808237113237899e-23, nan 
132.125, 79.375, 2.941438173845568e-23, nan 
132.375, 79.375, 3.564910690503667e-23, nan 
132.625, 79.375, 5.0481778321086943e-23, nan 
132.875, 79.375, 6.635915522896543e-23, nan 
133.125, 79.375, 6.716537564764221e-23, nan 
133.375, 79.375, 5.380246047786674e-23, nan 
133.625, 79.375, 4.5656930471694206e-23, nan 
133.875, 79.375, 3.817124685940237e-23, nan 
134.125, 79.375, 5.93600512051421e-23, nan 
134.375, 79.375, 5.357986872548868e-23, nan 
134.625, 79.375, 5.222669244487228e-23, nan 
134.875, 79.375, 3.696546475102595e-23, nan 
135.125, 79.375, 2.563697754101711e-23, nan 
135.375, 79.375, 3.0022426533926447e-23, nan 
135.625, 79.375, 3.4771497341413115e-23, nan 
135.875, 79.375, 4.9492523112779285e-23, nan 
136.125, 79.375, 3.763795217145836e-23, nan 
136.375, 79.375, 2.83054651843377e-23, nan 
136.625, 79.375, 2.0989963485251038e-23, nan 
136.875, 79.375, 2.5050958218946253e-23, nan 
137.125, 79.375, 3.6444774544726844e-23, nan 
137.375, 79.375, 2.074378215181745e-23, nan 
137.625, 79.375, 1.9466432130077974e-23, nan 
137.875, 79.375, 1.4841097294442298e-23, nan 
138.125, 79.375, 2.050504132194169e-23, nan 
138.375, 79.375, 2.3698923013999233e-23, nan 
138.625, 79.375, 3.627652015492354e-23, nan 
138.875, 79.375, 4.533342272270064e-23, nan 
139.125, 79.375, 3.0154685338219314e-23, nan 
139.375, 79.375, 5.982851377721055e-23, nan 
139.625, 79.375, 3.1581819166935844e-23, nan 
139.875, 79.375, 3.260012517262662e-23, nan 
140.125, 79.375, 4.346048149822088e-23, nan 
140.375, 79.375, 3.3282401147847346e-23, nan 
140.625, 79.375, 3.6094260477742626e-23, nan 
140.875, 79.375, 3.7377938320044e-23, nan 
141.125, 79.375, 3.166036650318971e-23, nan 
141.375, 79.375, 2.729072175447126e-23, nan 
141.625, 79.375, 2.798342778743584e-23, nan 
141.875, 79.375, 2.726823713238773e-23, nan 
142.125, 79.375, 2.65834979624961e-23, nan 
142.375, 79.375, 2.804855984043317e-23, nan 
142.625, 79.375, 2.971184858993883e-23, nan 
142.875, 79.375, 3.074196356433449e-23, nan 
143.125, 79.375, 2.489061543668123e-23, nan 
143.375, 79.375, 2.4671715797122993e-23, nan 
143.625, 79.375, 2.1554500998422457e-23, nan 
143.875, 79.375, 2.1496254339945008e-23, nan 
144.125, 79.375, 2.470050371014725e-23, nan 
144.375, 79.375, 2.501498175940806e-23, nan 
144.625, 79.375, 2.280913576813475e-23, nan 
144.875, 79.375, 2.2326237172620868e-23, nan 
145.125, 79.375, 2.4768388163062413e-23, nan 
145.375, 79.375, 2.9730858584872514e-23, nan 
145.625, 79.375, 2.6406467232444648e-23, nan 
145.875, 79.375, 2.4509882215524932e-23, nan 
146.125, 79.375, 2.1112192854066533e-23, nan 
146.375, 79.375, 2.0860268844617417e-23, nan 
146.625, 79.375, 2.2811995953895676e-23, nan 
146.875, 79.375, 1.8616236746852282e-23, nan 
147.125, 79.375, 2.1792131314305176e-23, nan 
147.375, 79.375, 1.7567008357795588e-23, nan 
147.625, 79.375, 1.41062430847834e-23, nan 
147.875, 79.375, 8.811533640304199e-24, nan 
148.125, 79.375, 2.989434973567179e-24, nan 
148.375, 79.375, 1.2899448040517579e-23, nan 
148.625, 79.375, 1.3031387517866738e-23, nan 
148.875, 79.375, 1.399987260649821e-23, nan 
149.125, 79.375, 1.1577029042861917e-23, nan 
149.375, 79.375, 6.19835215054391e-24, nan 
149.625, 79.375, 5.6264197952507855e-24, nan 
149.875, 79.375, 9.80649057549086e-24, nan 
150.125, 79.375, 1.0476231921721771e-23, nan 
150.375, 79.375, 1.3108140014512416e-23, nan 
150.625, 79.375, 1.1956103182796662e-23, nan 
150.875, 79.375, 1.0896072083355304e-23, nan 
151.125, 79.375, 1.0555030449189437e-23, nan 
151.375, 79.375, 8.053005175657571e-24, nan 
151.625, 79.375, 1.392960815423757e-23, nan 
151.875, 79.375, 1.5817417896504468e-23, nan 
152.125, 79.375, 1.8483388137291692e-23, nan 
152.375, 79.375, 1.8985826840218714e-23, nan 
152.625, 79.375, 1.7837568489404594e-23, nan 
152.875, 79.375, 1.4330996729185963e-23, nan 
153.125, 79.375, 1.2015961537545313e-23, nan 
153.375, 79.375, 1.3588942085436022e-23, nan 
153.625, 79.375, 1.3833146696142756e-23, nan 
153.875, 79.375, 1.2710149057463506e-23, nan 
154.125, 79.375, 7.416349813001073e-24, nan 
154.375, 79.375, 3.0639081912031275e-24, nan 
154.625, 79.375, 4.047129708405944e-24, nan 
154.875, 79.375, 6.3771896397456e-24, nan 
155.125, 79.375, 7.521748481506437e-24, nan 
155.375, 79.375, 8.167931062758922e-24, nan 
155.625, 79.375, 6.955283310415292e-24, nan 
155.875, 79.375, 8.637501007153975e-24, nan 
156.125, 79.375, 8.930222943181247e-24, nan 
156.375, 79.375, 9.688950956603196e-24, nan 
156.625, 79.375, 8.87935487309762e-24, nan 
156.875, 79.375, 1.177306036080572e-23, nan 
157.125, 79.375, 1.389134596487511e-23, nan 
157.375, 79.375, 1.364925059977393e-23, nan 
157.625, 79.375, 1.182367762546488e-23, nan 
157.875, 79.375, 1.5566099311255278e-23, nan 
158.125, 79.375, 1.1699766594428768e-23, nan 
158.375, 79.375, 1.3659965075019276e-23, nan 
158.625, 79.375, 1.0397954930426845e-23, nan 
158.875, 79.375, 8.468959960794573e-24, nan 
159.125, 79.375, 1.2396503618419198e-23, nan 
159.375, 79.375, 1.647662072487533e-23, nan 
159.625, 79.375, 1.6410702756613617e-23, nan 
159.875, 79.375, 7.358598483870525e-24, nan 
160.125, 79.375, 3.405441371165618e-24, nan 
160.375, 79.375, 6.148332630374414e-24, nan 
160.625, 79.375, 5.653620420130823e-24, nan 
160.875, 79.375, 6.6077047957587295e-24, nan 
161.125, 79.375, 5.293467279248621e-24, nan 
161.375, 79.375, 7.424227598786448e-24, nan 
161.625, 79.375, 6.810881206963397e-24, nan 
161.875, 79.375, 4.077524515243879e-24, nan 
162.125, 79.375, 5.289443661791955e-24, nan 
162.375, 79.375, 6.004680584934668e-24, nan 
162.625, 79.375, 6.07015545635314e-24, nan 
162.875, 79.375, 5.066751129287418e-24, nan 
163.125, 79.375, 3.5807459609294045e-24, nan 
163.375, 79.375, 5.3413310738840895e-24, nan 
163.625, 79.375, 4.796631118331328e-24, nan 
163.875, 79.375, 6.595184760840102e-24, nan 
164.125, 79.375, 6.863831993047344e-24, nan 
164.375, 79.375, 6.915325232921796e-24, nan 
164.625, 79.375, 4.199055697911978e-24, nan 
164.875, 79.375, 3.5823084596277525e-24, nan 
165.125, 79.375, 5.2442262569629595e-24, nan 
165.375, 79.375, 6.438150823315008e-24, nan 
165.625, 79.375, 5.041814950326041e-24, nan 
165.875, 79.375, 4.4984158761339915e-24, nan 
166.125, 79.375, 4.7431162699876484e-24, nan 
166.375, 79.375, 4.838557553549675e-24, nan 
166.625, 79.375, 5.63618464824877e-24, nan 
166.875, 79.375, 4.511185291142531e-24, nan 
167.125, 79.375, 3.340278062206282e-24, nan 
167.375, 79.375, 3.6770833082259655e-24, nan 
167.625, 79.375, 3.1159136065056316e-24, nan 
167.875, 79.375, 2.7053709974773385e-24, nan 
168.125, 79.375, 2.3654806223266857e-24, nan 
168.375, 79.375, 3.318360153671659e-24, nan 
168.625, 79.375, 3.386890737323075e-24, nan 
168.875, 79.375, 4.236421114694956e-24, nan 
169.125, 79.375, 3.5940080323548055e-24, nan 
169.375, 79.375, 2.714650881145075e-24, nan 
169.625, 79.375, 3.015899398940538e-24, nan 
169.875, 79.375, 2.549748067623519e-24, nan 
170.125, 79.375, 3.550849815304205e-24, nan 
170.375, 79.375, 3.729830467837922e-24, nan 
170.625, 79.375, 4.3077671573139314e-24, nan 
170.875, 79.375, 4.768815584239348e-24, nan 
171.125, 79.375, 3.989035142774545e-24, nan 
171.375, 79.375, 4.133150816976762e-24, nan 
171.625, 79.375, 3.975017043151597e-24, nan 
171.875, 79.375, 2.997938929066798e-24, nan 
172.125, 79.375, 3.2528819261278137e-24, nan 
172.375, 79.375, 5.106120095326137e-24, nan 
172.625, 79.375, 6.085897256975172e-24, nan 
172.875, 79.375, 5.620997564840533e-24, nan 
173.125, 79.375, 4.9908246332229404e-24, nan 
173.375, 79.375, 4.3844233093302106e-24, nan 
173.625, 79.375, 5.765397384654673e-24, nan 
173.875, 79.375, 7.587744904617508e-24, nan 
174.125, 79.375, 7.210679275908226e-24, nan 
174.375, 79.375, 7.415052554754597e-24, nan 
174.625, 79.375, 6.89643888952077e-24, nan 
174.875, 79.375, 8.48447737540619e-24, nan 
175.125, 79.375, 6.901556791017074e-24, nan 
175.375, 79.375, 8.604586141104863e-24, nan 
175.625, 79.375, 7.386312078135283e-24, nan 
175.875, 79.375, 8.345836108604088e-24, nan 
176.125, 79.375, 8.487733443984774e-24, nan 
176.375, 79.375, 6.92633915454147e-24, nan 
176.625, 79.375, 6.952696512398595e-24, nan 
176.875, 79.375, 6.246040115927673e-24, nan 
177.125, 79.375, 7.482486746478822e-24, nan 
177.375, 79.375, 7.856634742894016e-24, nan 
177.625, 79.375, 6.79020935251185e-24, nan 
177.875, 79.375, 5.856479536567518e-24, nan 
178.125, 79.375, 6.83669199390003e-24, nan 
178.375, 79.375, 7.48892087083619e-24, nan 
178.625, 79.375, 7.229636220494511e-24, nan 
178.875, 79.375, 6.744958282823611e-24, nan 
179.125, 79.375, 7.035309441308338e-24, nan 
179.375, 79.375, 6.6011678078877834e-24, nan 
179.625, 79.375, 7.955019563187549e-24, nan 
179.875, 79.375, 6.5183298413715114e-24, nan 
-179.875, 79.625, 6.1234917137693985e-24, nan 
-179.625, 79.625, 5.973705200826109e-24, nan 
-179.375, 79.625, 6.509890008573192e-24, nan 
-179.125, 79.625, 5.6420077642561084e-24, nan 
-178.875, 79.625, 7.086831712616085e-24, nan 
-178.625, 79.625, 5.9892476059849205e-24, nan 
-178.375, 79.625, 7.11208813937396e-24, nan 
-178.125, 79.625, 7.513193746483425e-24, nan 
-177.875, 79.625, 6.750114982011857e-24, nan 
-177.625, 79.625, 6.6043219772942814e-24, nan 
-177.375, 79.625, 6.881114273242596e-24, nan 
-177.125, 79.625, 6.090475763221666e-24, nan 
-176.875, 79.625, 5.998441619751617e-24, nan 
-176.625, 79.625, 5.91187756308998e-24, nan 
-176.375, 79.625, 6.115504015295152e-24, nan 
-176.125, 79.625, 6.789181102840824e-24, nan 
-175.875, 79.625, 5.738258344640311e-24, nan 
-175.625, 79.625, 6.0450490226947636e-24, nan 
18.375, 79.625, 3.688515094284314e-23, nan 
18.625, 79.625, 1.0717360073316668e-23, nan 
18.875, 79.625, 9.333108480103794e-24, nan 
19.125, 79.625, 7.600105524905355e-24, nan 
19.375, 79.625, 7.72619077510703e-24, nan 
19.625, 79.625, 8.049558722912425e-24, nan 
19.875, 79.625, 7.525295590374151e-24, nan 
20.125, 79.625, 6.237066146652903e-24, nan 
20.375, 79.625, 6.611897378457142e-24, nan 
20.625, 79.625, 5.107492007357577e-24, nan 
20.875, 79.625, 7.251421007288853e-24, nan 
21.125, 79.625, 6.107932210759496e-24, nan 
21.375, 79.625, 9.072610411364586e-24, nan 
21.625, 79.625, 1.0329809482655171e-23, nan 
21.875, 79.625, 7.947101522529006e-24, nan 
22.125, 79.625, 1.742654982377776e-23, nan 
22.375, 79.625, 1.6145371524605878e-23, nan 
22.625, 79.625, 1.2229796190487055e-23, nan 
22.875, 79.625, 1.9739318258694224e-23, nan 
23.125, 79.625, 2.1216830425872015e-23, nan 
23.375, 79.625, 1.9328138593370224e-23, nan 
23.625, 79.625, 1.0496257399394102e-23, nan 
23.875, 79.625, 1.4693431007314144e-23, nan 
24.125, 79.625, 2.4234875117739617e-23, nan 
24.375, 79.625, 3.372800542641775e-23, nan 
24.625, 79.625, 2.016851888372542e-23, nan 
24.875, 79.625, 1.840645191046542e-23, nan 
25.125, 79.625, 2.3455354775152873e-23, nan 
25.375, 79.625, 1.69774346792556e-23, nan 
25.625, 79.625, 1.2589523885444652e-23, nan 
25.875, 79.625, 1.623051064997288e-23, nan 
26.125, 79.625, 3.0855319351581585e-23, nan 
26.375, 79.625, 3.4525177693019097e-23, nan 
26.625, 79.625, 3.838377105185545e-23, nan 
26.875, 79.625, 3.473767940690657e-23, nan 
27.125, 79.625, 3.099497700184967e-23, nan 
27.375, 79.625, 1.789810361126557e-23, nan 
27.625, 79.625, 2.415427910127724e-23, nan 
27.875, 79.625, 2.3652436169812457e-23, nan 
28.125, 79.625, 2.1957268406569616e-23, nan 
28.375, 79.625, 1.6535073442592435e-23, nan 
28.625, 79.625, 2.655343130397039e-23, nan 
28.875, 79.625, 3.3290511489384347e-23, nan 
29.125, 79.625, 3.60817538841866e-23, nan 
29.375, 79.625, 2.654728760128277e-23, nan 
29.625, 79.625, 3.2483858123285806e-23, nan 
29.875, 79.625, 4.242867136588181e-23, nan 
30.125, 79.625, 4.69700225939295e-23, nan 
30.375, 79.625, 3.618480895848485e-23, nan 
30.625, 79.625, 1.8626656377333845e-23, nan 
30.875, 79.625, 1.094698195605318e-23, nan 
31.125, 79.625, 9.4621057778354e-24, nan 
31.375, 79.625, 1.0257249486108832e-23, nan 
31.625, 79.625, 6.975624909871232e-24, nan 
31.875, 79.625, 7.501328038637081e-24, nan 
32.125, 79.625, 7.17644951527668e-24, nan 
32.375, 79.625, 7.706415700644978e-24, nan 
32.625, 79.625, 9.197594210816934e-24, nan 
32.875, 79.625, 1.0215444365853167e-23, nan 
33.125, 79.625, 1.2264282381750064e-23, nan 
33.375, 79.625, 1.3715087247938648e-23, nan 
33.625, 79.625, 1.2848992298554179e-23, nan 
33.875, 79.625, 1.2533880345961696e-23, nan 
34.125, 79.625, 1.3045670145401135e-23, nan 
34.375, 79.625, 1.255907666102383e-23, nan 
34.625, 79.625, 1.3481583320173057e-23, nan 
34.875, 79.625, 1.3932814514327255e-23, nan 
35.125, 79.625, 2.4416466670506833e-23, nan 
35.375, 79.625, 3.1174594704621146e-23, nan 
35.625, 79.625, 3.6080975953074846e-23, nan 
35.875, 79.625, 3.1855050769146716e-23, nan 
36.125, 79.625, 2.6667564350724405e-23, nan 
36.375, 79.625, 2.3249471340543017e-23, nan 
36.625, 79.625, 1.6519446744519903e-23, nan 
36.875, 79.625, 1.915914616783055e-23, nan 
37.125, 79.625, 1.6272198649653545e-23, nan 
37.375, 79.625, 1.8936896967310978e-23, nan 
37.625, 79.625, 1.9118437240663308e-23, nan 
37.875, 79.625, 1.7971178644682782e-23, nan 
38.125, 79.625, 1.7031083393351653e-23, nan 
38.375, 79.625, 1.512683039894079e-23, nan 
38.625, 79.625, 1.2859817123360719e-23, nan 
38.875, 79.625, 1.544755522243693e-23, nan 
39.125, 79.625, 1.370230621149709e-23, nan 
39.375, 79.625, 1.1169498337963366e-23, nan 
39.625, 79.625, 1.3376607609677334e-23, nan 
39.875, 79.625, 1.4031835124582998e-23, nan 
40.125, 79.625, 1.4523632900422107e-23, nan 
40.375, 79.625, 1.3279916315866325e-23, nan 
40.625, 79.625, 1.2773047161575671e-23, nan 
40.875, 79.625, 1.1991735982776629e-23, nan 
41.125, 79.625, 1.1588617739152013e-23, nan 
41.375, 79.625, 8.026032241962076e-24, nan 
41.625, 79.625, 8.989951655620812e-24, nan 
41.875, 79.625, 8.301399808705531e-24, nan 
42.125, 79.625, 6.650015406548568e-24, nan 
42.375, 79.625, 5.8555486294439e-24, nan 
42.625, 79.625, 7.247779106847026e-24, nan 
42.875, 79.625, 8.379920993783066e-24, nan 
43.125, 79.625, 6.773237784862829e-24, nan 
43.375, 79.625, 6.624099084488443e-24, nan 
43.625, 79.625, 6.253783118755682e-24, nan 
43.875, 79.625, 9.005622277689659e-24, nan 
44.125, 79.625, 1.440098995550784e-23, nan 
44.375, 79.625, 1.2548690748220619e-23, nan 
44.625, 79.625, 1.7642532906727532e-23, nan 
44.875, 79.625, 1.6331037629147666e-23, nan 
45.125, 79.625, 1.8417964320976492e-23, nan 
45.375, 79.625, 1.6405990908178668e-23, nan 
45.625, 79.625, 1.4551672399202468e-23, nan 
45.875, 79.625, 1.539908619787124e-23, nan 
46.125, 79.625, 1.511403431666435e-23, nan 
46.375, 79.625, 1.8592967650711157e-23, nan 
46.625, 79.625, 1.860859382293818e-23, nan 
46.875, 79.625, 1.8823529756475666e-23, nan 
47.125, 79.625, 1.92939739268898e-23, nan 
47.375, 79.625, 2.8603400079905106e-23, nan 
47.625, 79.625, 2.769269810014851e-23, nan 
47.875, 79.625, 3.547760076085514e-23, nan 
48.125, 79.625, 3.573568146596394e-23, nan 
48.375, 79.625, 3.274345911512611e-23, nan 
48.625, 79.625, 2.5459932345384718e-23, nan 
48.875, 79.625, 2.982446282294388e-23, nan 
49.125, 79.625, 3.4731112643105674e-23, nan 
49.375, 79.625, 3.290834069207019e-23, nan 
49.625, 79.625, 2.831547089965117e-23, nan 
49.875, 79.625, 2.0818574464290077e-23, nan 
50.125, 79.625, 2.270237778837693e-23, nan 
50.375, 79.625, 2.60932495969435e-23, nan 
50.625, 79.625, 2.969186220749666e-23, nan 
50.875, 79.625, 2.652561540162642e-23, nan 
51.125, 79.625, 3.462609771771154e-23, nan 
51.375, 79.625, 2.768211232571518e-23, nan 
51.625, 79.625, 2.3531639342230785e-23, nan 
51.875, 79.625, 2.6185068187046238e-23, nan 
52.125, 79.625, 3.548130613292794e-23, nan 
52.375, 79.625, 4.6801020361083666e-23, nan 
52.625, 79.625, 3.703623902831059e-23, nan 
52.875, 79.625, 3.262985728524125e-23, nan 
53.125, 79.625, 3.0144120822673343e-23, nan 
53.375, 79.625, 2.5253159131020132e-23, nan 
53.625, 79.625, 3.040842484229803e-23, nan 
53.875, 79.625, 2.6568124896070165e-23, nan 
54.125, 79.625, 2.4488831607999667e-23, nan 
54.375, 79.625, 2.4057895352568904e-23, nan 
54.625, 79.625, 1.7124837306153107e-23, nan 
54.875, 79.625, 1.8173872997105763e-23, nan 
55.125, 79.625, 2.2359730066676275e-23, nan 
55.375, 79.625, 1.698376940958622e-23, nan 
55.625, 79.625, 1.1545744697533798e-23, nan 
55.875, 79.625, 1.1808128967250117e-23, nan 
56.125, 79.625, 1.120460849515167e-23, nan 
56.375, 79.625, 2.7033355718720296e-23, nan 
56.625, 79.625, 2.2960063091784647e-23, nan 
56.875, 79.625, 1.8177298838844574e-23, nan 
57.125, 79.625, 1.8977518960396601e-23, nan 
57.375, 79.625, 9.433976445630588e-24, nan 
57.625, 79.625, 1.0434608025380162e-23, nan 
57.875, 79.625, 3.1131559728520517e-23, nan 
58.125, 79.625, 4.842265712990691e-23, nan 
58.375, 79.625, 6.630151338968136e-23, nan 
58.625, 79.625, 7.346514463341056e-23, nan 
58.875, 79.625, 8.878551729610511e-23, nan 
59.125, 79.625, 7.448795735093902e-23, nan 
59.375, 79.625, 7.138255284314592e-23, nan 
59.625, 79.625, 7.658054862147113e-23, nan 
59.875, 79.625, 8.255821976703222e-23, nan 
60.125, 79.625, 8.310183740722275e-23, nan 
60.375, 79.625, 7.191306453625202e-23, nan 
60.625, 79.625, 6.527592916092979e-23, nan 
60.875, 79.625, 6.138125057935171e-23, nan 
61.125, 79.625, 5.476000139288018e-23, nan 
61.375, 79.625, 6.011797292794253e-23, nan 
61.625, 79.625, 7.483882405055217e-23, nan 
61.875, 79.625, 8.17466961184777e-23, nan 
62.125, 79.625, 7.195010861692651e-23, nan 
62.375, 79.625, 6.212249429135819e-23, nan 
62.625, 79.625, 5.432224553030838e-23, nan 
62.875, 79.625, 4.1929503916954754e-23, nan 
63.125, 79.625, 3.203295709295903e-23, nan 
63.375, 79.625, 3.433072092080285e-23, nan 
63.625, 79.625, 3.749799967374674e-23, nan 
63.875, 79.625, 4.7029101235228645e-23, nan 
64.125, 79.625, 5.029885974621311e-23, nan 
64.375, 79.625, 5.756254904474227e-23, nan 
64.625, 79.625, 5.561237353714401e-23, nan 
64.875, 79.625, 5.699790054009611e-23, nan 
65.125, 79.625, 6.431719670273399e-23, nan 
65.375, 79.625, 8.23756432509726e-23, nan 
65.625, 79.625, 7.865602276160702e-23, nan 
65.875, 79.625, 8.780902069531153e-23, nan 
66.125, 79.625, 8.67275466795273e-23, nan 
66.375, 79.625, 7.767399643864766e-23, nan 
66.625, 79.625, 8.750749777667863e-23, nan 
66.875, 79.625, 9.484989108725876e-23, nan 
67.125, 79.625, 9.883819653160971e-23, nan 
67.375, 79.625, 9.193417375869245e-23, nan 
67.625, 79.625, 8.038346957635186e-23, nan 
67.875, 79.625, 9.097838231265558e-23, nan 
68.125, 79.625, 9.310056675308452e-23, nan 
68.375, 79.625, 8.481653236994684e-23, nan 
68.625, 79.625, 8.471312444748896e-23, nan 
68.875, 79.625, 7.816892393942224e-23, nan 
69.125, 79.625, 8.076904598561628e-23, nan 
69.375, 79.625, 6.656072227482488e-23, nan 
69.625, 79.625, 5.0855895243401517e-23, nan 
69.875, 79.625, 6.023097234786526e-23, nan 
70.125, 79.625, 6.21812362316934e-23, nan 
70.375, 79.625, 6.492615418871875e-23, nan 
70.625, 79.625, 5.963027036486051e-23, nan 
70.875, 79.625, 7.425585289895832e-23, nan 
71.125, 79.625, 5.553393179183647e-23, nan 
71.375, 79.625, 4.3218658878937484e-23, nan 
71.625, 79.625, 3.4311146749442165e-23, nan 
71.875, 79.625, 2.216385140763107e-23, nan 
72.125, 79.625, 4.878307861022286e-23, nan 
72.375, 79.625, 6.173449296697096e-23, nan 
72.625, 79.625, 7.522282776184463e-23, nan 
72.875, 79.625, 5.96381606034812e-23, nan 
73.125, 79.625, 5.951565665083447e-23, nan 
73.375, 79.625, 1.080918813618003e-22, nan 
73.625, 79.625, 1.1182334974590534e-22, nan 
73.875, 79.625, 1.4825017102924713e-22, nan 
74.125, 79.625, 1.9375342424491146e-22, nan 
74.375, 79.625, 1.905827497037426e-22, nan 
74.625, 79.625, 2.0498334256314467e-22, nan 
74.875, 79.625, 9.815848520989548e-23, nan 
75.125, 79.625, 9.762874702516867e-23, nan 
75.375, 79.625, 7.282630928948016e-23, nan 
75.625, 79.625, 4.5471424138088115e-23, nan 
75.875, 79.625, 4.334770046251681e-23, nan 
76.125, 79.625, 5.692087931822597e-23, nan 
76.375, 79.625, 5.380238143785723e-23, nan 
76.625, 79.625, 5.789774233622885e-23, nan 
76.875, 79.625, 6.984690032526856e-23, nan 
77.125, 79.625, 4.762757323149875e-23, nan 
77.375, 79.625, 7.376151163169548e-23, nan 
77.625, 79.625, 3.721666280478793e-23, nan 
77.875, 79.625, 4.4514175441082873e-23, nan 
78.125, 79.625, 8.431076352404179e-23, nan 
78.375, 79.625, 4.8896696255474037e-23, nan 
78.625, 79.625, 4.985288585290779e-23, nan 
78.875, 79.625, 4.9070995100878513e-23, nan 
79.125, 79.625, 5.251725447063268e-23, nan 
79.375, 79.625, 6.68537098999406e-23, nan 
79.625, 79.625, 7.846552626760739e-23, nan 
79.875, 79.625, 1.416052571075657e-22, nan 
80.125, 79.625, 9.356586884542715e-23, nan 
80.375, 79.625, 8.191336664570994e-23, nan 
80.625, 79.625, 5.960482455680136e-23, nan 
80.875, 79.625, 4.917943906734281e-23, nan 
81.125, 79.625, 7.852470793404523e-23, nan 
81.375, 79.625, 5.430462878299613e-23, nan 
81.625, 79.625, 6.174145152274983e-23, nan 
81.875, 79.625, 2.7946903060367895e-23, nan 
82.125, 79.625, 4.8059317890480624e-23, nan 
82.375, 79.625, 6.208587112160321e-23, nan 
82.625, 79.625, 5.694048569490253e-23, nan 
82.875, 79.625, 1.3118064988531078e-22, nan 
83.125, 79.625, 8.874594614179596e-23, nan 
83.375, 79.625, 2.2919994867803074e-23, nan 
83.625, 79.625, 9.19719564568402e-23, nan 
83.875, 79.625, 3.320856388648941e-23, nan 
84.125, 79.625, 5.178599769969299e-23, nan 
84.375, 79.625, 1.1037719585716825e-22, nan 
84.625, 79.625, 5.575472169291543e-23, nan 
84.875, 79.625, 1.3280130987593598e-22, nan 
85.125, 79.625, 6.64224913389237e-23, nan 
85.375, 79.625, 1.1576856809947085e-22, nan 
85.625, 79.625, 8.95602796448214e-23, nan 
85.875, 79.625, 1.4773822026032328e-22, nan 
86.125, 79.625, 1.2373563377894773e-22, nan 
86.375, 79.625, 7.030111731897305e-23, nan 
86.625, 79.625, 3.22650493232677e-23, nan 
86.875, 79.625, 7.385905100413697e-23, nan 
87.125, 79.625, 8.818136355200559e-23, nan 
87.375, 79.625, 6.551786636710924e-23, nan 
87.625, 79.625, 6.680187046963403e-23, nan 
87.875, 79.625, 5.973720826625324e-23, nan 
88.125, 79.625, 9.427179992578336e-23, nan 
88.375, 79.625, 9.199371102565718e-23, nan 
88.625, 79.625, 5.442654978815263e-23, nan 
88.875, 79.625, 4.8799457523012093e-23, nan 
89.125, 79.625, 1.0308758451668659e-22, nan 
89.375, 79.625, 1.0313099700724454e-22, nan 
89.625, 79.625, 8.631106997658494e-23, nan 
89.875, 79.625, 1.4074021873721435e-22, nan 
90.125, 79.625, 9.096709330144101e-23, nan 
90.375, 79.625, 1.1058984613148177e-22, nan 
90.625, 79.625, 1.3200339723074948e-22, nan 
90.875, 79.625, 1.2120594547312082e-22, nan 
91.125, 79.625, 1.5868863760821863e-22, nan 
91.375, 79.625, 1.12895757481242e-22, nan 
91.625, 79.625, 7.82653883144999e-23, nan 
91.875, 79.625, 1.4910424009246674e-22, nan 
92.125, 79.625, 1.1348363736437098e-22, nan 
92.375, 79.625, 1.317009701680391e-22, nan 
92.625, 79.625, 2.584957563164837e-22, nan 
92.875, 79.625, 2.4306039477450093e-22, nan 
93.125, 79.625, 1.8007840322921954e-22, nan 
93.375, 79.625, 1.4057309480302616e-22, nan 
93.625, 79.625, 1.8841786853892552e-22, nan 
93.875, 79.625, 2.777445413171504e-22, nan 
94.125, 79.625, 2.966227510060721e-22, nan 
94.375, 79.625, 2.55684210310081e-22, nan 
94.625, 79.625, 2.1127717004253795e-22, nan 
94.875, 79.625, 2.1624957968411833e-22, nan 
95.125, 79.625, 2.519061805756471e-22, nan 
95.375, 79.625, 2.177416789550151e-22, nan 
95.625, 79.625, 2.177028653236926e-22, nan 
95.875, 79.625, 1.7802583049532462e-22, nan 
96.125, 79.625, 2.8354012893001967e-22, nan 
96.375, 79.625, 8.926156442611046e-23, nan 
96.625, 79.625, 8.074298793419137e-23, nan 
96.875, 79.625, 1.3945386913452163e-22, nan 
97.125, 79.625, 1.0572046031517957e-22, nan 
97.375, 79.625, 2.775703349228105e-22, nan 
97.625, 79.625, 1.1424118573266886e-22, nan 
97.875, 79.625, 3.819270850292873e-22, nan 
98.125, 79.625, 2.1977757448014597e-22, nan 
98.375, 79.625, 1.45702414540317e-22, nan 
98.625, 79.625, 1.2539892809545045e-22, nan 
98.875, 79.625, 1.2449913372536245e-22, nan 
99.125, 79.625, 1.2212635763780242e-22, nan 
99.375, 79.625, 1.1750500363572733e-22, nan 
99.625, 79.625, 1.4152843128232536e-22, nan 
99.875, 79.625, 9.262162584701038e-23, nan 
100.125, 79.625, 4.2860957835056394e-23, nan 
100.375, 79.625, 1.000477457145765e-22, nan 
100.625, 79.625, 1.4025008521891652e-22, nan 
100.875, 79.625, 1.4235502310977262e-22, nan 
101.125, 79.625, 1.4484371156773414e-22, nan 
101.375, 79.625, 1.3866191251630115e-22, nan 
101.625, 79.625, 1.9335007437480178e-22, nan 
101.875, 79.625, 2.2258102465274477e-22, nan 
102.125, 79.625, 1.1879647046333052e-22, nan 
102.375, 79.625, 1.3359677210683363e-22, nan 
102.625, 79.625, 1.1404224134222366e-22, nan 
102.875, 79.625, 7.530246543359567e-23, nan 
103.125, 79.625, 1.0235455011888533e-22, nan 
103.375, 79.625, 5.197480353941552e-22, nan 
103.625, 79.625, 5.4681489147800285e-22, nan 
103.875, 79.625, 6.107474382342821e-22, nan 
104.125, 79.625, 5.481574285297812e-22, nan 
104.375, 79.625, 4.814414850335048e-22, nan 
104.625, 79.625, 3.6976866974676207e-22, nan 
104.875, 79.625, 1.9464553728547574e-22, nan 
105.125, 79.625, 3.5079711973842495e-22, nan 
105.375, 79.625, 5.950794656818092e-22, nan 
105.625, 79.625, 6.89463571897189e-22, nan 
105.875, 79.625, 2.9335506329779736e-22, nan 
106.125, 79.625, 2.611517627054105e-22, nan 
106.375, 79.625, 2.826808830732998e-22, nan 
106.625, 79.625, 3.077061231346691e-22, nan 
106.875, 79.625, 2.9167659999962706e-22, nan 
107.125, 79.625, 1.711415103632069e-22, nan 
107.375, 79.625, 1.9480735933854527e-22, nan 
107.625, 79.625, 2.0049546639626251e-22, nan 
107.875, 79.625, 1.8075651874639525e-22, nan 
108.125, 79.625, 1.4632283970885835e-22, nan 
108.375, 79.625, 1.2902625174562583e-22, nan 
108.625, 79.625, 2.1463092751989546e-22, nan 
108.875, 79.625, 1.6605304758741317e-22, nan 
109.125, 79.625, 1.5413545187574479e-22, nan 
109.375, 79.625, 1.8885287717899007e-22, nan 
109.625, 79.625, 2.512890323315832e-22, nan 
109.875, 79.625, 2.328409972209421e-22, nan 
110.125, 79.625, 2.3954662406727673e-22, nan 
110.375, 79.625, 2.5513073127540497e-22, nan 
110.625, 79.625, 5.161777951263393e-22, nan 
110.875, 79.625, 7.654925669834751e-22, nan 
111.125, 79.625, 7.5052544609298115e-22, nan 
111.375, 79.625, 6.586781690849563e-22, nan 
111.625, 79.625, 5.875564480968372e-22, nan 
111.875, 79.625, 7.250835836555363e-22, nan 
112.125, 79.625, 7.557507450913542e-22, nan 
112.375, 79.625, 8.956865143807208e-22, nan 
112.625, 79.625, 6.846758553739429e-22, nan 
112.875, 79.625, 5.082566644146835e-22, nan 
113.125, 79.625, 5.488051721319973e-22, nan 
113.375, 79.625, 5.630661812880264e-22, nan 
113.625, 79.625, 6.066105975249278e-22, nan 
113.875, 79.625, 5.719207788612141e-22, nan 
114.125, 79.625, 5.175350796071781e-22, nan 
114.375, 79.625, 5.140540358803094e-22, nan 
114.625, 79.625, 5.05215853151895e-22, nan 
114.875, 79.625, 5.306324850885918e-22, nan 
115.125, 79.625, 4.820484006196965e-22, nan 
115.375, 79.625, 4.788295223107011e-22, nan 
115.625, 79.625, 4.499193255415717e-22, nan 
115.875, 79.625, 4.793653021559783e-22, nan 
116.125, 79.625, 6.0167088494796295e-22, nan 
116.375, 79.625, 5.507043411235042e-22, nan 
116.625, 79.625, 4.0567457149234406e-22, nan 
116.875, 79.625, 3.792234157894439e-22, nan 
117.125, 79.625, 2.8908225990816275e-22, nan 
117.375, 79.625, 2.9052646150316658e-22, nan 
117.625, 79.625, 2.903508071429523e-22, nan 
117.875, 79.625, 2.5803108741623144e-22, nan 
118.125, 79.625, 2.3930950737185434e-22, nan 
118.375, 79.625, 1.9831561123572206e-22, nan 
118.625, 79.625, 2.39090413020186e-22, nan 
118.875, 79.625, 2.7956959161535397e-22, nan 
119.125, 79.625, 2.5697223884148636e-22, nan 
119.375, 79.625, 2.607680354078221e-22, nan 
119.625, 79.625, 2.5342588951595123e-22, nan 
119.875, 79.625, 2.844508186896649e-22, nan 
120.125, 79.625, 2.4803555228678623e-22, nan 
120.375, 79.625, 1.9779444633026363e-22, nan 
120.625, 79.625, 2.3306794441262334e-22, nan 
120.875, 79.625, 2.676143609512917e-22, nan 
121.125, 79.625, 2.7298117567214813e-22, nan 
121.375, 79.625, 2.441559677054049e-22, nan 
121.625, 79.625, 2.6124209296072482e-22, nan 
121.875, 79.625, 2.6042590688727464e-22, nan 
122.125, 79.625, 2.0340256602845417e-22, nan 
122.375, 79.625, 1.6055960577851796e-22, nan 
122.625, 79.625, 1.5655082253303093e-22, nan 
122.875, 79.625, 2.0157258225083135e-22, nan 
123.125, 79.625, 2.2505280528610475e-22, nan 
123.375, 79.625, 1.8051542539234808e-22, nan 
123.625, 79.625, 1.3769944966083482e-22, nan 
123.875, 79.625, 1.7204914919985464e-22, nan 
124.125, 79.625, 1.2726515241525477e-22, nan 
124.375, 79.625, 1.1341182952614313e-22, nan 
124.625, 79.625, 1.4546280440141382e-22, nan 
124.875, 79.625, 1.262978429468012e-22, nan 
125.125, 79.625, 1.2793154312015844e-22, nan 
125.375, 79.625, 1.057303474286794e-22, nan 
125.625, 79.625, 5.743114925365357e-23, nan 
125.875, 79.625, 8.470780240232689e-23, nan 
126.125, 79.625, 8.464799745620062e-23, nan 
126.375, 79.625, 5.547623821174252e-23, nan 
126.625, 79.625, 4.76503477496838e-23, nan 
126.875, 79.625, 5.0232077389821775e-23, nan 
127.125, 79.625, 6.941811985079115e-23, nan 
127.375, 79.625, 4.9773412822304755e-23, nan 
127.625, 79.625, 3.6842510221012026e-23, nan 
127.875, 79.625, 5.525360004463809e-23, nan 
128.125, 79.625, 5.041826570731604e-23, nan 
128.375, 79.625, 5.2118055110359884e-23, nan 
128.625, 79.625, 5.646681737271702e-23, nan 
128.875, 79.625, 5.563090544431932e-23, nan 
129.125, 79.625, 5.575034704100143e-23, nan 
129.375, 79.625, 5.047874327079304e-23, nan 
129.625, 79.625, 4.075826952100598e-23, nan 
129.875, 79.625, 4.9358054378746206e-23, nan 
130.125, 79.625, 7.190047074768972e-23, nan 
130.375, 79.625, 5.976083751123883e-23, nan 
130.625, 79.625, 5.365350443333138e-23, nan 
130.875, 79.625, 3.619338050576069e-23, nan 
131.125, 79.625, 4.5400266396045014e-23, nan 
131.375, 79.625, 1.965222818163499e-23, nan 
131.625, 79.625, 3.665086931753678e-23, nan 
131.875, 79.625, 4.9307425965316865e-23, nan 
132.125, 79.625, 2.0849336695838044e-23, nan 
132.375, 79.625, 4.239709495628829e-23, nan 
132.625, 79.625, 4.280571893097358e-23, nan 
132.875, 79.625, 5.538727858594462e-23, nan 
133.125, 79.625, 5.853997049099352e-23, nan 
133.375, 79.625, 4.584560443199882e-23, nan 
133.625, 79.625, 3.454704572608552e-23, nan 
133.875, 79.625, 2.8485228976629453e-23, nan 
134.125, 79.625, 4.466672053841227e-23, nan 
134.375, 79.625, 3.245067908966899e-23, nan 
134.625, 79.625, 2.5317511259222005e-23, nan 
134.875, 79.625, 1.6915539001755103e-23, nan 
135.125, 79.625, 3.3810821595024674e-23, nan 
135.375, 79.625, 3.6892820943414694e-23, nan 
135.625, 79.625, 2.3498969292225746e-23, nan 
135.875, 79.625, 3.2552523504111186e-23, nan 
136.125, 79.625, 2.7779079793504824e-23, nan 
136.375, 79.625, 2.4352832631167387e-23, nan 
136.625, 79.625, 2.979340639332078e-23, nan 
136.875, 79.625, 4.2065115045017965e-23, nan 
137.125, 79.625, 5.318916371449244e-23, nan 
137.375, 79.625, 4.8549584202882334e-23, nan 
137.625, 79.625, 4.382767829665682e-23, nan 
137.875, 79.625, 1.5960059296272183e-23, nan 
138.125, 79.625, 6.792729722026665e-23, nan 
138.375, 79.625, 2.778918691544266e-23, nan 
138.625, 79.625, 7.783926705642241e-23, nan 
138.875, 79.625, 8.142340307345203e-23, nan 
139.125, 79.625, 3.4298263480201145e-23, nan 
139.375, 79.625, 1.364417436452971e-22, nan 
139.625, 79.625, 3.0798899429686935e-23, nan 
139.875, 79.625, 5.2088617348388446e-23, nan 
140.125, 79.625, 5.394363828752335e-23, nan 
140.375, 79.625, 2.879310224781854e-23, nan 
140.625, 79.625, 7.356614241058962e-23, nan 
140.875, 79.625, 3.5605197811506947e-23, nan 
141.125, 79.625, 3.269515871018443e-23, nan 
141.375, 79.625, 4.149444534026612e-23, nan 
141.625, 79.625, 4.1556716494410696e-23, nan 
141.875, 79.625, 3.154347594666835e-23, nan 
142.125, 79.625, 3.451896506454421e-23, nan 
142.375, 79.625, 3.243465936091789e-23, nan 
142.625, 79.625, 3.464803594858845e-23, nan 
142.875, 79.625, 3.3856908482605974e-23, nan 
143.125, 79.625, 2.871042649417314e-23, nan 
143.375, 79.625, 2.675004362698922e-23, nan 
143.625, 79.625, 2.1794165833617603e-23, nan 
143.875, 79.625, 2.0530936826101323e-23, nan 
144.125, 79.625, 1.6916975519870535e-23, nan 
144.375, 79.625, 2.0879091155213705e-23, nan 
144.625, 79.625, 1.6962747044101227e-23, nan 
144.875, 79.625, 1.8392733760763804e-23, nan 
145.125, 79.625, 1.8327332976608206e-23, nan 
145.375, 79.625, 1.8743784115915523e-23, nan 
145.625, 79.625, 1.9783295725787745e-23, nan 
145.875, 79.625, 1.5835772505887937e-23, nan 
146.125, 79.625, 1.770614102045957e-23, nan 
146.375, 79.625, 1.4880281375293028e-23, nan 
146.625, 79.625, 1.0456402518160873e-23, nan 
146.875, 79.625, 1.0061434210172577e-23, nan 
147.125, 79.625, 9.15068412958465e-24, nan 
147.375, 79.625, 7.382445292594074e-24, nan 
147.625, 79.625, 3.806778164448584e-24, nan 
147.875, 79.625, 8.586940248675614e-24, nan 
148.125, 79.625, 9.360976077465756e-24, nan 
148.375, 79.625, 7.64352659283321e-24, nan 
148.625, 79.625, 7.975402585082115e-24, nan 
148.875, 79.625, 6.053573604920435e-24, nan 
149.125, 79.625, 9.165317613553898e-24, nan 
149.375, 79.625, 9.305529225564443e-24, nan 
149.625, 79.625, 4.845825263750433e-24, nan 
149.875, 79.625, 4.4082258075143506e-24, nan 
150.125, 79.625, 7.59459592687965e-24, nan 
150.375, 79.625, 1.086135545887996e-23, nan 
150.625, 79.625, 1.331250461366551e-23, nan 
150.875, 79.625, 9.473178563068173e-24, nan 
151.125, 79.625, 9.165704829824759e-24, nan 
151.375, 79.625, 8.008666074019236e-24, nan 
151.625, 79.625, 1.2005694442228169e-23, nan 
151.875, 79.625, 1.100009056016845e-23, nan 
152.125, 79.625, 1.1454584973997276e-23, nan 
152.375, 79.625, 1.1589590271703862e-23, nan 
152.625, 79.625, 1.2558409353348323e-23, nan 
152.875, 79.625, 6.433100429603503e-24, nan 
153.125, 79.625, 3.514861723239726e-24, nan 
153.375, 79.625, 3.559598008434642e-24, nan 
153.625, 79.625, 8.176869371073647e-24, nan 
153.875, 79.625, 7.924934912190984e-24, nan 
154.125, 79.625, 8.808912178243524e-24, nan 
154.375, 79.625, 7.672231607398005e-24, nan 
154.625, 79.625, 7.436659342983811e-24, nan 
154.875, 79.625, 9.000147040386553e-24, nan 
155.125, 79.625, 1.0159675869432203e-23, nan 
155.375, 79.625, 1.1056808547490794e-23, nan 
155.625, 79.625, 1.0887661109369805e-23, nan 
155.875, 79.625, 1.115754794378889e-23, nan 
156.125, 79.625, 1.2352371370170644e-23, nan 
156.375, 79.625, 1.315122409653447e-23, nan 
156.625, 79.625, 1.2481483429994956e-23, nan 
156.875, 79.625, 1.2469455783843191e-23, nan 
157.125, 79.625, 1.131245204358664e-23, nan 
157.375, 79.625, 1.2017995881445374e-23, nan 
157.625, 79.625, 1.1977116036415784e-23, nan 
157.875, 79.625, 1.2859901867292082e-23, nan 
158.125, 79.625, 1.016748049983209e-23, nan 
158.375, 79.625, 7.772734859295809e-24, nan 
158.625, 79.625, 4.808519719924302e-24, nan 
158.875, 79.625, 7.450855854776611e-24, nan 
159.125, 79.625, 1.0781357668322895e-23, nan 
159.375, 79.625, 1.536322216486021e-23, nan 
159.625, 79.625, 1.1308105638147056e-23, nan 
159.875, 79.625, 6.62780964645785e-24, nan 
160.125, 79.625, 6.4728229796814e-24, nan 
160.375, 79.625, 1.1796206445418974e-23, nan 
160.625, 79.625, 1.2268500936409428e-23, nan 
160.875, 79.625, 8.68091743815134e-24, nan 
161.125, 79.625, 6.6168033460885255e-24, nan 
161.375, 79.625, 3.2255429566041123e-24, nan 
161.625, 79.625, 3.9133951216842196e-24, nan 
161.875, 79.625, 5.2322249992222224e-24, nan 
162.125, 79.625, 4.002862400570823e-24, nan 
162.375, 79.625, 3.942514602504818e-24, nan 
162.625, 79.625, 3.6466857746860156e-24, nan 
162.875, 79.625, 4.65245524836989e-24, nan 
163.125, 79.625, 3.603945529753985e-24, nan 
163.375, 79.625, 8.110628115950182e-24, nan 
163.625, 79.625, 4.8047222911244766e-24, nan 
163.875, 79.625, 4.61639544960596e-24, nan 
164.125, 79.625, 4.139305135034446e-24, nan 
164.375, 79.625, 3.7173060998687685e-24, nan 
164.625, 79.625, 5.965334280022958e-24, nan 
164.875, 79.625, 4.6996304026195405e-24, nan 
165.125, 79.625, 5.208390931608856e-24, nan 
165.375, 79.625, 6.541563798710948e-24, nan 
165.625, 79.625, 7.065308037241595e-24, nan 
165.875, 79.625, 4.415706855807326e-24, nan 
166.125, 79.625, 5.190726450468823e-24, nan 
166.375, 79.625, 6.921636207525917e-24, nan 
166.625, 79.625, 9.571494191669522e-24, nan 
166.875, 79.625, 9.83152203179567e-24, nan 
167.125, 79.625, 8.166159128564238e-24, nan 
167.375, 79.625, 7.588479348899472e-24, nan 
167.625, 79.625, 8.570871891058931e-24, nan 
167.875, 79.625, 1.0957655125264368e-23, nan 
168.125, 79.625, 9.123589050890878e-24, nan 
168.375, 79.625, 6.469035273218399e-24, nan 
168.625, 79.625, 6.563397013470606e-24, nan 
168.875, 79.625, 7.069298907750272e-24, nan 
169.125, 79.625, 7.883543214527835e-24, nan 
169.375, 79.625, 7.504726100421726e-24, nan 
169.625, 79.625, 7.252960614019291e-24, nan 
169.875, 79.625, 7.175077133021155e-24, nan 
170.125, 79.625, 9.094962670393172e-24, nan 
170.375, 79.625, 6.179559490797586e-24, nan 
170.625, 79.625, 6.839621182173371e-24, nan 
170.875, 79.625, 6.53137410549481e-24, nan 
171.125, 79.625, 8.5227259378855e-24, nan 
171.375, 79.625, 6.988727097728315e-24, nan 
171.625, 79.625, 6.975809682328456e-24, nan 
171.875, 79.625, 7.637033670907012e-24, nan 
172.125, 79.625, 5.666281433258189e-24, nan 
172.375, 79.625, 5.843177414754657e-24, nan 
172.625, 79.625, 5.1519382249203355e-24, nan 
172.875, 79.625, 4.960225308879684e-24, nan 
173.125, 79.625, 6.097479593216207e-24, nan 
173.375, 79.625, 6.958747137285057e-24, nan 
173.625, 79.625, 7.752500479879634e-24, nan 
173.875, 79.625, 7.881570655713734e-24, nan 
174.125, 79.625, 7.952640328209159e-24, nan 
174.375, 79.625, 8.840549971067268e-24, nan 
174.625, 79.625, 8.548001064876393e-24, nan 
174.875, 79.625, 9.719258778397488e-24, nan 
175.125, 79.625, 7.538530709633958e-24, nan 
175.375, 79.625, 8.809476387574091e-24, nan 
175.625, 79.625, 7.639089230327502e-24, nan 
175.875, 79.625, 8.505892311887595e-24, nan 
176.125, 79.625, 8.210414441440058e-24, nan 
176.375, 79.625, 7.44514161764102e-24, nan 
176.625, 79.625, 6.988094879834787e-24, nan 
176.875, 79.625, 7.594111257386975e-24, nan 
177.125, 79.625, 7.04754559135001e-24, nan 
177.375, 79.625, 7.379009444054838e-24, nan 
177.625, 79.625, 6.588514128331291e-24, nan 
177.875, 79.625, 7.004336927948515e-24, nan 
178.125, 79.625, 6.933799106330205e-24, nan 
178.375, 79.625, 6.663029489233338e-24, nan 
178.625, 79.625, 6.1707199809570844e-24, nan 
178.875, 79.625, 6.5832277875612134e-24, nan 
179.125, 79.625, 6.0508567601150746e-24, nan 
179.375, 79.625, 6.596896699318097e-24, nan 
179.625, 79.625, 5.756255770720208e-24, nan 
179.875, 79.625, 6.5566244633590155e-24, nan 
-179.875, 79.875, 5.4175593933555616e-24, nan 
-179.625, 79.875, 5.779729846399188e-24, nan 
-179.375, 79.875, 5.481505575453164e-24, nan 
-179.125, 79.875, 5.605087236066922e-24, nan 
-178.875, 79.875, 5.345758768617946e-24, nan 
-178.625, 79.875, 5.25075246844594e-24, nan 
-178.375, 79.875, 5.527942821120403e-24, nan 
-178.125, 79.875, 5.247700887841722e-24, nan 
-177.875, 79.875, 5.2695641508391275e-24, nan 
-177.625, 79.875, 4.762329802270619e-24, nan 
-177.375, 79.875, 4.852194271251681e-24, nan 
-177.125, 79.875, 5.173906659115674e-24, nan 
-176.875, 79.875, 4.77489775085185e-24, nan 
-176.625, 79.875, 5.235273770566181e-24, nan 
-176.375, 79.875, 4.454481658170373e-24, nan 
-176.125, 79.875, 4.30059009654923e-24, nan 
-175.875, 79.875, 4.9991615286770976e-24, nan 
-175.625, 79.875, 4.6249739825319506e-24, nan 
-175.375, 79.875, 4.295813861639118e-24, nan 
18.125, 79.875, 5.241653565195918e-24, nan 
18.375, 79.875, 5.618793213511776e-24, nan 
18.625, 79.875, 4.96585560497366e-24, nan 
18.875, 79.875, 1.4356892755380307e-23, nan 
19.125, 79.875, 1.4335136162255422e-23, nan 
19.375, 79.875, 1.2852528788578408e-23, nan 
19.625, 79.875, 1.6404631957449856e-23, nan 
19.875, 79.875, 1.401285261955476e-23, nan 
20.125, 79.875, 1.7708903263337175e-23, nan 
20.375, 79.875, 1.959097105176558e-23, nan 
20.625, 79.875, 1.7930455020528035e-23, nan 
20.875, 79.875, 2.5224242676847518e-23, nan 
21.125, 79.875, 2.5956848908391943e-23, nan 
21.375, 79.875, 2.432858674037223e-23, nan 
21.625, 79.875, 2.371976249943241e-23, nan 
21.875, 79.875, 1.6755578216731215e-23, nan 
22.125, 79.875, 1.6526649013651857e-23, nan 
22.375, 79.875, 2.7699457850372704e-23, nan 
22.625, 79.875, 3.0635191370537144e-23, nan 
22.875, 79.875, 3.6227133475463796e-23, nan 
23.125, 79.875, 3.0107046267653596e-23, nan 
23.375, 79.875, 2.9139320316526073e-23, nan 
23.625, 79.875, 2.3756035420054953e-23, nan 
23.875, 79.875, 2.1853391730017406e-23, nan 
24.125, 79.875, 2.563415150622576e-23, nan 
24.375, 79.875, 3.119326533034847e-23, nan 
24.625, 79.875, 3.3926574037200444e-23, nan 
24.875, 79.875, 3.104053135836854e-23, nan 
25.125, 79.875, 3.791490079879907e-23, nan 
25.375, 79.875, 2.978624808270618e-23, nan 
25.625, 79.875, 2.7346703121063726e-23, nan 
25.875, 79.875, 3.2219025215025084e-23, nan 
26.125, 79.875, 2.984417076159307e-23, nan 
26.375, 79.875, 4.034614808229326e-23, nan 
26.625, 79.875, 3.9352308645719624e-23, nan 
26.875, 79.875, 3.731796684299412e-23, nan 
27.125, 79.875, 3.326831064688474e-23, nan 
27.375, 79.875, 2.0055660375016435e-23, nan 
27.625, 79.875, 6.488574435851203e-23, nan 
27.875, 79.875, 6.115673111751796e-23, nan 
28.125, 79.875, 5.399610950088904e-23, nan 
28.375, 79.875, 5.280919862950132e-23, nan 
28.625, 79.875, 4.2395854697784007e-23, nan 
28.875, 79.875, 5.934043360023616e-23, nan 
29.125, 79.875, 5.53054154752661e-23, nan 
29.375, 79.875, 5.0555785162136415e-23, nan 
29.625, 79.875, 5.516832982547175e-23, nan 
29.875, 79.875, 6.014109215982398e-23, nan 
30.125, 79.875, 6.64030215773755e-23, nan 
30.375, 79.875, 5.1517796323568574e-23, nan 
30.625, 79.875, 5.545133874361642e-23, nan 
30.875, 79.875, 6.651996980801406e-23, nan 
31.125, 79.875, 6.136401259406177e-23, nan 
31.375, 79.875, 5.705604898477797e-23, nan 
31.625, 79.875, 4.0701338864653996e-23, nan 
31.875, 79.875, 1.877422004105243e-23, nan 
32.125, 79.875, 1.2497930167680295e-23, nan 
32.375, 79.875, 1.239051285689375e-23, nan 
32.625, 79.875, 1.7301347911823045e-23, nan 
32.875, 79.875, 2.0443746570315555e-23, nan 
33.125, 79.875, 1.8032856544687972e-23, nan 
33.375, 79.875, 1.5105932907815591e-23, nan 
33.625, 79.875, 1.0590878936732842e-23, nan 
33.875, 79.875, 2.3493719743821373e-23, nan 
34.125, 79.875, 3.8361683025093456e-23, nan 
34.375, 79.875, 4.55547372222835e-23, nan 
34.625, 79.875, 4.9049090517922906e-23, nan 
34.875, 79.875, 3.234032882209114e-23, nan 
35.125, 79.875, 3.338305473659014e-23, nan 
35.375, 79.875, 4.985578544633816e-23, nan 
35.625, 79.875, 5.63290643549018e-23, nan 
35.875, 79.875, 5.374056136943314e-23, nan 
36.125, 79.875, 3.626800211649487e-23, nan 
36.375, 79.875, 3.1081498934434134e-23, nan 
36.625, 79.875, 3.567762819938073e-23, nan 
36.875, 79.875, 2.7202779553111183e-23, nan 
37.125, 79.875, 2.4445115727089207e-23, nan 
37.375, 79.875, 1.2738653339496619e-23, nan 
37.625, 79.875, 8.70449689241923e-24, nan 
37.875, 79.875, 7.9648709617393e-24, nan 
38.125, 79.875, 3.834389316058203e-24, nan 
38.375, 79.875, 4.7911146488473634e-24, nan 
38.625, 79.875, 4.161439370593232e-24, nan 
38.875, 79.875, 4.900309038907098e-24, nan 
39.125, 79.875, 4.3333608271878004e-24, nan 
39.375, 79.875, 6.262569244244305e-24, nan 
39.625, 79.875, 8.909048550717098e-24, nan 
39.875, 79.875, 1.1758562870314049e-23, nan 
40.125, 79.875, 1.5220233913156112e-23, nan 
40.375, 79.875, 1.5301542667608888e-23, nan 
40.625, 79.875, 1.3595613181709072e-23, nan 
40.875, 79.875, 1.477632094026283e-23, nan 
41.125, 79.875, 1.5562530439877405e-23, nan 
41.375, 79.875, 2.0808979141321207e-23, nan 
41.625, 79.875, 2.3396688186780002e-23, nan 
41.875, 79.875, 2.9472472118751016e-23, nan 
42.125, 79.875, 2.1712186369261525e-23, nan 
42.375, 79.875, 3.726969229753966e-23, nan 
42.625, 79.875, 2.6601273329254406e-23, nan 
42.875, 79.875, 3.793504985279871e-23, nan 
43.125, 79.875, 3.1288734002986735e-23, nan 
43.375, 79.875, 2.1960815093165535e-23, nan 
43.625, 79.875, 2.5964317096060922e-23, nan 
43.875, 79.875, 2.0730571741745157e-23, nan 
44.125, 79.875, 2.208834592780748e-23, nan 
44.375, 79.875, 1.9239866752660908e-23, nan 
44.625, 79.875, 2.1101981784684236e-23, nan 
44.875, 79.875, 1.9655788691787338e-23, nan 
45.125, 79.875, 1.8692919499192437e-23, nan 
45.375, 79.875, 1.5923558636283352e-23, nan 
45.625, 79.875, 1.5142194409710025e-23, nan 
45.875, 79.875, 1.4207174395015858e-23, nan 
46.125, 79.875, 1.6259617726173917e-23, nan 
46.375, 79.875, 1.6096919937030338e-23, nan 
46.625, 79.875, 2.1558124037657498e-23, nan 
46.875, 79.875, 1.9351314398639765e-23, nan 
47.125, 79.875, 2.0578390773123843e-23, nan 
47.375, 79.875, 2.4871401198639926e-23, nan 
47.625, 79.875, 1.7749069153120434e-23, nan 
47.875, 79.875, 3.08248489388339e-23, nan 
48.125, 79.875, 2.931057525578052e-23, nan 
48.375, 79.875, 2.6512716963089146e-23, nan 
48.625, 79.875, 1.3340405336199057e-23, nan 
48.875, 79.875, 7.38193118700373e-24, nan 
49.125, 79.875, 8.874014357814844e-24, nan 
49.375, 79.875, 6.5400139931721e-24, nan 
49.625, 79.875, 7.748818879000679e-24, nan 
49.875, 79.875, 6.4544599571670445e-24, nan 
50.125, 79.875, 9.686774274065558e-24, nan 
50.375, 79.875, 1.2909017201296158e-23, nan 
50.625, 79.875, 1.5754822802610367e-23, nan 
50.875, 79.875, 2.0315218361061255e-23, nan 
51.125, 79.875, 1.5508969558475917e-23, nan 
51.375, 79.875, 2.0744421172158996e-23, nan 
51.625, 79.875, 2.475784947326525e-23, nan 
51.875, 79.875, 3.119410612373741e-23, nan 
52.125, 79.875, 3.5829223330367646e-23, nan 
52.375, 79.875, 3.969255934133635e-23, nan 
52.625, 79.875, 3.680816993072608e-23, nan 
52.875, 79.875, 3.4818128852118996e-23, nan 
53.125, 79.875, 2.6646906515122223e-23, nan 
53.375, 79.875, 2.8885066443616227e-23, nan 
53.625, 79.875, 3.1927191814348643e-23, nan 
53.875, 79.875, 3.258042549922247e-23, nan 
54.125, 79.875, 3.090369657391896e-23, nan 
54.375, 79.875, 3.338908977535454e-23, nan 
54.625, 79.875, 3.2680551190848295e-23, nan 
54.875, 79.875, 3.559931340075439e-23, nan 
55.125, 79.875, 3.5056784861514576e-23, nan 
55.375, 79.875, 3.108885169959664e-23, nan 
55.625, 79.875, 2.81202160458325e-23, nan 
55.875, 79.875, 2.792597709386765e-23, nan 
56.125, 79.875, 1.6155256531925786e-23, nan 
56.375, 79.875, 2.757905886148443e-23, nan 
56.625, 79.875, 1.6856632397161515e-23, nan 
56.875, 79.875, 1.5172477158471448e-23, nan 
57.125, 79.875, 2.371334801162082e-23, nan 
57.375, 79.875, 1.9266244165258616e-23, nan 
57.625, 79.875, 3.283259623848786e-23, nan 
57.875, 79.875, 4.242995920492018e-23, nan 
58.125, 79.875, 4.9900167211224394e-23, nan 
58.375, 79.875, 5.694823853384404e-23, nan 
58.625, 79.875, 1.0635136110868103e-22, nan 
58.875, 79.875, 1.3647532172779582e-22, nan 
59.125, 79.875, 1.3181194739029065e-22, nan 
59.375, 79.875, 1.141229977183264e-22, nan 
59.625, 79.875, 9.23202048981382e-23, nan 
59.875, 79.875, 8.997935920459828e-23, nan 
60.125, 79.875, 7.299123262756568e-23, nan 
60.375, 79.875, 5.819523498156375e-23, nan 
60.625, 79.875, 4.815014291662685e-23, nan 
60.875, 79.875, 4.1322272082904185e-23, nan 
61.125, 79.875, 3.214160024782946e-23, nan 
61.375, 79.875, 2.937320561515637e-23, nan 
61.625, 79.875, 2.2742140110222407e-23, nan 
61.875, 79.875, 1.860589835487093e-23, nan 
62.125, 79.875, 1.4524042872554402e-23, nan 
62.375, 79.875, 1.5897747257247415e-23, nan 
62.625, 79.875, 1.4992880473227786e-23, nan 
62.875, 79.875, 1.3160701791423115e-23, nan 
63.125, 79.875, 1.5042692915394692e-23, nan 
63.375, 79.875, 1.6070633957274798e-23, nan 
63.625, 79.875, 1.9183467502866246e-23, nan 
63.875, 79.875, 2.7680741359017383e-23, nan 
64.125, 79.875, 2.9390889837804934e-23, nan 
64.375, 79.875, 2.5804776787996665e-23, nan 
64.625, 79.875, 3.1795941187299817e-23, nan 
64.875, 79.875, 3.332543340856802e-23, nan 
65.125, 79.875, 2.9033403621094523e-23, nan 
65.375, 79.875, 2.6464518912468622e-23, nan 
65.625, 79.875, 3.091851274554255e-23, nan 
65.875, 79.875, 3.38366171986611e-23, nan 
66.125, 79.875, 3.3850904887639225e-23, nan 
66.375, 79.875, 4.972472125583553e-23, nan 
66.625, 79.875, 3.7907689569516296e-23, nan 
66.875, 79.875, 4.248038978552181e-23, nan 
67.125, 79.875, 6.213967953514032e-23, nan 
67.375, 79.875, 5.974800505258502e-23, nan 
67.625, 79.875, 6.072486560758301e-23, nan 
67.875, 79.875, 6.545055592996262e-23, nan 
68.125, 79.875, 7.101735318912878e-23, nan 
68.375, 79.875, 8.036758107097584e-23, nan 
68.625, 79.875, 6.929983952140224e-23, nan 
68.875, 79.875, 5.653828306140674e-23, nan 
69.125, 79.875, 6.681474340753231e-23, nan 
69.375, 79.875, 5.565214286718169e-23, nan 
69.625, 79.875, 5.0458934257615555e-23, nan 
69.875, 79.875, 4.8533895159375044e-23, nan 
70.125, 79.875, 6.473083567449584e-23, nan 
70.375, 79.875, 7.104674275408443e-23, nan 
70.625, 79.875, 7.299813483168374e-23, nan 
70.875, 79.875, 5.931665043114757e-23, nan 
71.125, 79.875, 5.641041654216642e-23, nan 
71.375, 79.875, 5.604474554363375e-23, nan 
71.625, 79.875, 5.883185167548714e-23, nan 
71.875, 79.875, 8.619250105153948e-23, nan 
72.125, 79.875, 7.035134231622125e-23, nan 
72.375, 79.875, 7.392846500109391e-23, nan 
72.625, 79.875, 1.1340374440055391e-22, nan 
72.875, 79.875, 1.576901784132644e-22, nan 
73.125, 79.875, 1.3720514386122638e-22, nan 
73.375, 79.875, 1.0338038862931855e-22, nan 
73.625, 79.875, 1.1109908777159698e-22, nan 
73.875, 79.875, 1.8457114900474844e-22, nan 
74.125, 79.875, 2.876219449315657e-22, nan 
74.375, 79.875, 2.726230898571393e-22, nan 
74.625, 79.875, 2.4835687640385345e-22, nan 
74.875, 79.875, 1.2225029313206382e-22, nan 
75.125, 79.875, 1.4631365875203253e-22, nan 
75.375, 79.875, 1.8550626730149502e-22, nan 
75.625, 79.875, 1.8767714985244319e-22, nan 
75.875, 79.875, 1.9271811653682919e-22, nan 
76.125, 79.875, 1.301875082303631e-22, nan 
76.375, 79.875, 1.3369121169296115e-22, nan 
76.625, 79.875, 1.195024284667679e-22, nan 
76.875, 79.875, 1.09994236657775e-22, nan 
77.125, 79.875, 9.020093249838191e-23, nan 
77.375, 79.875, 1.0145931033797066e-22, nan 
77.625, 79.875, 9.25472982971559e-23, nan 
77.875, 79.875, 1.144980670093936e-22, nan 
78.125, 79.875, 1.2097657924933212e-22, nan 
78.375, 79.875, 1.0475555682896997e-22, nan 
78.625, 79.875, 1.3075872584305201e-22, nan 
78.875, 79.875, 1.4247138444227098e-22, nan 
79.125, 79.875, 1.2350368038702895e-22, nan 
79.375, 79.875, 1.1435616008902253e-22, nan 
79.625, 79.875, 1.520804163377131e-22, nan 
79.875, 79.875, 1.330773711447117e-22, nan 
80.125, 79.875, 1.2533584648806409e-22, nan 
80.375, 79.875, 9.403300634746401e-23, nan 
80.625, 79.875, 1.1572057407779004e-22, nan 
80.875, 79.875, 1.377634058193114e-22, nan 
81.125, 79.875, 1.1119737796881406e-22, nan 
81.375, 79.875, 8.099906191491225e-23, nan 
81.625, 79.875, 7.462242599274832e-23, nan 
81.875, 79.875, 8.026751831195109e-23, nan 
82.125, 79.875, 1.56398337245746e-22, nan 
82.375, 79.875, 9.877854185485746e-23, nan 
82.625, 79.875, 1.0664940803012851e-22, nan 
82.875, 79.875, 1.5928507406990565e-22, nan 
83.125, 79.875, 1.3048885229148161e-22, nan 
83.375, 79.875, 1.4723669154156095e-22, nan 
83.625, 79.875, 9.349808357761168e-23, nan 
83.875, 79.875, 1.0186687905398773e-22, nan 
84.125, 79.875, 1.3685652624802394e-22, nan 
84.375, 79.875, 9.07644260427041e-23, nan 
84.625, 79.875, 1.116443376658394e-22, nan 
84.875, 79.875, 9.963889701877594e-23, nan 
85.125, 79.875, 5.0881499782449796e-23, nan 
85.375, 79.875, 1.1507749077079437e-22, nan 
85.625, 79.875, 6.039687825743848e-23, nan 
85.875, 79.875, 1.2807326560596766e-22, nan 
86.125, 79.875, 1.341479838941153e-22, nan 
86.375, 79.875, 1.3345911894818537e-22, nan 
86.625, 79.875, 1.5039020555595193e-22, nan 
86.875, 79.875, 2.0501829906976435e-22, nan 
87.125, 79.875, 1.9090175841368526e-22, nan 
87.375, 79.875, 1.5331753823234009e-22, nan 
87.625, 79.875, 1.2567132990189414e-22, nan 
87.875, 79.875, 9.737914769174281e-23, nan 
88.125, 79.875, 1.9612167715390009e-22, nan 
88.375, 79.875, 2.0006009643947905e-22, nan 
88.625, 79.875, 5.620995234345882e-23, nan 
88.875, 79.875, 5.270260511876534e-23, nan 
89.125, 79.875, 5.979843298424992e-23, nan 
89.375, 79.875, 1.3611682761656964e-22, nan 
89.625, 79.875, 2.4026862762094302e-22, nan 
89.875, 79.875, 1.7450010390814026e-22, nan 
90.125, 79.875, 1.0518393221042133e-22, nan 
90.375, 79.875, 7.225461754579635e-23, nan 
90.625, 79.875, 7.86116674092094e-23, nan 
90.875, 79.875, 2.159895819268827e-22, nan 
91.125, 79.875, 2.1450113138331695e-22, nan 
91.375, 79.875, 2.237514561669692e-22, nan 
91.625, 79.875, 2.0101780675062444e-22, nan 
91.875, 79.875, 1.9336758296109302e-22, nan 
92.125, 79.875, 2.5506657503496335e-22, nan 
92.375, 79.875, 2.522972668450398e-22, nan 
92.625, 79.875, 2.862188599549615e-22, nan 
92.875, 79.875, 2.7372472910836422e-22, nan 
93.125, 79.875, 2.7696893398141166e-22, nan 
93.375, 79.875, 2.208181580979958e-22, nan 
93.625, 79.875, 1.6885747458284087e-22, nan 
93.875, 79.875, 1.5432689552545517e-22, nan 
94.125, 79.875, 2.241288706336674e-22, nan 
94.375, 79.875, 2.9264579537455907e-22, nan 
94.625, 79.875, 2.3842630810988216e-22, nan 
94.875, 79.875, 1.3663106580639728e-22, nan 
95.125, 79.875, 1.6389304023229848e-22, nan 
95.375, 79.875, 8.508055864117581e-23, nan 
95.625, 79.875, 1.1304310127868986e-22, nan 
95.875, 79.875, 8.956652372527093e-23, nan 
96.125, 79.875, 1.3602022520351513e-22, nan 
96.375, 79.875, 8.104176400896704e-23, nan 
96.625, 79.875, 3.1227250671284625e-22, nan 
96.875, 79.875, 1.6511284203808102e-22, nan 
97.125, 79.875, 1.145714214646428e-22, nan 
97.375, 79.875, 2.4219879337377206e-22, nan 
97.625, 79.875, 1.8543588808594582e-22, nan 
97.875, 79.875, 6.366761501421299e-22, nan 
98.125, 79.875, 2.7494009159351315e-22, nan 
98.375, 79.875, 1.9828916346106413e-22, nan 
98.625, 79.875, 2.4516138607372756e-22, nan 
98.875, 79.875, 1.8731082654111352e-22, nan 
99.125, 79.875, 3.183458600352904e-22, nan 
99.375, 79.875, 2.023600272955614e-22, nan 
99.625, 79.875, 1.2510395654152374e-22, nan 
99.875, 79.875, 1.8075962309573183e-22, nan 
100.125, 79.875, 1.5862480671762757e-22, nan 
100.375, 79.875, 1.3445405862567037e-22, nan 
100.625, 79.875, 1.5162205835210716e-22, nan 
100.875, 79.875, 1.3111318863890005e-22, nan 
101.125, 79.875, 1.3304636471466635e-22, nan 
101.375, 79.875, 1.256049102155238e-22, nan 
101.625, 79.875, 7.336069238503665e-23, nan 
101.875, 79.875, 1.325843003440488e-22, nan 
102.125, 79.875, 1.0412378348670654e-22, nan 
102.375, 79.875, 1.8026934062589448e-22, nan 
102.625, 79.875, 1.2938451432869974e-22, nan 
102.875, 79.875, 7.357121132313015e-23, nan 
103.125, 79.875, 7.597449386852114e-23, nan 
103.375, 79.875, 1.1506727970714647e-22, nan 
103.625, 79.875, 1.6029494557696177e-22, nan 
103.875, 79.875, 9.153318580343762e-23, nan 
104.125, 79.875, 7.082772876827966e-23, nan 
104.375, 79.875, 9.594229756849355e-23, nan 
104.625, 79.875, 1.1353780445640493e-22, nan 
104.875, 79.875, 1.8159842530083116e-22, nan 
105.125, 79.875, 2.013928089009943e-22, nan 
105.375, 79.875, 3.16922191127425e-22, nan 
105.625, 79.875, 4.274724522551101e-22, nan 
105.875, 79.875, 2.0061558266040894e-22, nan 
106.125, 79.875, 1.90841048020654e-22, nan 
106.375, 79.875, 1.5798009889062662e-22, nan 
106.625, 79.875, 2.1207558578686237e-22, nan 
106.875, 79.875, 2.023513098741314e-22, nan 
107.125, 79.875, 1.749853388206127e-22, nan 
107.375, 79.875, 2.3242983009831715e-22, nan 
107.625, 79.875, 2.2591167258238463e-22, nan 
107.875, 79.875, 3.389283883126735e-22, nan 
108.125, 79.875, 2.8985724795013717e-22, nan 
108.375, 79.875, 2.992981651053025e-22, nan 
108.625, 79.875, 2.6893235200501954e-22, nan 
108.875, 79.875, 2.632236555368952e-22, nan 
109.125, 79.875, 3.0386239054163548e-22, nan 
109.375, 79.875, 3.4929419637179103e-22, nan 
109.625, 79.875, 2.507988842989783e-22, nan 
109.875, 79.875, 2.9993622744315074e-22, nan 
110.125, 79.875, 2.3868025884047342e-22, nan 
110.375, 79.875, 2.591007903302343e-22, nan 
110.625, 79.875, 2.6756980228871084e-22, nan 
110.875, 79.875, 1.9531137427051362e-22, nan 
111.125, 79.875, 2.8173327535292376e-22, nan 
111.375, 79.875, 2.3922963713944898e-22, nan 
111.625, 79.875, 3.369622567926121e-22, nan 
111.875, 79.875, 3.83623831159286e-22, nan 
112.125, 79.875, 4.060744441600297e-22, nan 
112.375, 79.875, 5.665403696396688e-22, nan 
112.625, 79.875, 3.9143902257712713e-22, nan 
112.875, 79.875, 3.3075621175866523e-22, nan 
113.125, 79.875, 2.849916490561942e-22, nan 
113.375, 79.875, 3.918139780802729e-22, nan 
113.625, 79.875, 3.384718173932876e-22, nan 
113.875, 79.875, 3.3808222739095158e-22, nan 
114.125, 79.875, 2.9282525412188594e-22, nan 
114.375, 79.875, 2.9341281350204917e-22, nan 
114.625, 79.875, 2.7325536950411385e-22, nan 
114.875, 79.875, 2.64021811570917e-22, nan 
115.125, 79.875, 2.3181038691610537e-22, nan 
115.375, 79.875, 2.385774873071741e-22, nan 
115.625, 79.875, 2.2695348188328057e-22, nan 
115.875, 79.875, 2.2093307491672704e-22, nan 
116.125, 79.875, 1.63498442360093e-22, nan 
116.375, 79.875, 2.0086491562086958e-22, nan 
116.625, 79.875, 2.3116862775970984e-22, nan 
116.875, 79.875, 2.249335833762077e-22, nan 
117.125, 79.875, 2.209381346567518e-22, nan 
117.375, 79.875, 2.0462772365473816e-22, nan 
117.625, 79.875, 2.160745343336586e-22, nan 
117.875, 79.875, 1.7667196637266987e-22, nan 
118.125, 79.875, 2.111677072344823e-22, nan 
118.375, 79.875, 3.0120758967564275e-22, nan 
118.625, 79.875, 2.2441173147392096e-22, nan 
118.875, 79.875, 1.7892422513889432e-22, nan 
119.125, 79.875, 1.7454125543454143e-22, nan 
119.375, 79.875, 2.1465424799527655e-22, nan 
119.625, 79.875, 2.3035567522226176e-22, nan 
119.875, 79.875, 2.0197090793281532e-22, nan 
120.125, 79.875, 2.0476666949702644e-22, nan 
120.375, 79.875, 2.0390872378276666e-22, nan 
120.625, 79.875, 1.577081208124341e-22, nan 
120.875, 79.875, 1.4229348171618817e-22, nan 
121.125, 79.875, 1.5798679272635794e-22, nan 
121.375, 79.875, 1.7276450241791935e-22, nan 
121.625, 79.875, 1.7169328292431084e-22, nan 
121.875, 79.875, 1.5052893548016433e-22, nan 
122.125, 79.875, 1.2195183244011715e-22, nan 
122.375, 79.875, 1.0424142739231826e-22, nan 
122.625, 79.875, 1.2894363919439985e-22, nan 
122.875, 79.875, 1.15222630132326e-22, nan 
123.125, 79.875, 1.0009649186007106e-22, nan 
123.375, 79.875, 1.219594383576832e-22, nan 
123.625, 79.875, 1.184687366491445e-22, nan 
123.875, 79.875, 1.3095783853514918e-22, nan 
124.125, 79.875, 8.962485177171899e-23, nan 
124.375, 79.875, 4.859250551335359e-23, nan 
124.625, 79.875, 8.903845737537062e-23, nan 
124.875, 79.875, 8.818940583325836e-23, nan 
125.125, 79.875, 5.523846515285073e-23, nan 
125.375, 79.875, 8.889078187556524e-23, nan 
125.625, 79.875, 7.122409846540224e-23, nan 
125.875, 79.875, 7.105248053889375e-23, nan 
126.125, 79.875, 2.2355356331447515e-23, nan 
126.375, 79.875, 3.133521757136163e-23, nan 
126.625, 79.875, 3.9050821867699674e-23, nan 
126.875, 79.875, 4.92046696066657e-23, nan 
127.125, 79.875, 6.536655016704057e-23, nan 
127.375, 79.875, 1.7619127391947924e-23, nan 
127.625, 79.875, 5.797000859015223e-23, nan 
127.875, 79.875, 6.067025754146364e-23, nan 
128.125, 79.875, 5.78396503404049e-23, nan 
128.375, 79.875, 3.860434435335785e-23, nan 
128.625, 79.875, 4.620677216735686e-23, nan 
128.875, 79.875, 5.9748230283955e-23, nan 
129.125, 79.875, 4.308836690632082e-23, nan 
129.375, 79.875, 5.1214821220275444e-23, nan 
129.625, 79.875, 3.7606330322433805e-23, nan 
129.875, 79.875, 5.315986838056302e-23, nan 
130.125, 79.875, 5.384433131202109e-23, nan 
130.375, 79.875, 1.575034805820747e-23, nan 
130.625, 79.875, 3.2242782235354616e-23, nan 
130.875, 79.875, 2.848136660161205e-23, nan 
131.125, 79.875, 4.0277266134663236e-23, nan 
131.375, 79.875, 6.145661189877679e-23, nan 
131.625, 79.875, 4.924072925173929e-23, nan 
131.875, 79.875, 4.985684917324193e-23, nan 
132.125, 79.875, 3.586348363370061e-23, nan 
132.375, 79.875, 3.751132898815271e-23, nan 
132.625, 79.875, 4.935065860584222e-23, nan 
132.875, 79.875, 3.9631366016750156e-23, nan 
133.125, 79.875, 4.4316103110165515e-23, nan 
133.375, 79.875, 3.774068344277464e-23, nan 
133.625, 79.875, 2.0050204687300547e-23, nan 
133.875, 79.875, 2.6234715538078904e-23, nan 
134.125, 79.875, 2.4401603224371286e-23, nan 
134.375, 79.875, 3.494884174137875e-23, nan 
134.625, 79.875, 1.5367444889863302e-23, nan 
134.875, 79.875, 2.035071233921059e-23, nan 
135.125, 79.875, 2.928109661378886e-23, nan 
135.375, 79.875, 2.9038131049208986e-23, nan 
135.625, 79.875, 2.68290860366176e-23, nan 
135.875, 79.875, 1.948178529409476e-23, nan 
136.125, 79.875, 2.752737859587549e-23, nan 
136.375, 79.875, 2.8444229102914546e-23, nan 
136.625, 79.875, 3.7791484715790627e-23, nan 
136.875, 79.875, 4.921610601611229e-23, nan 
137.125, 79.875, 5.979576227585859e-23, nan 
137.375, 79.875, 4.683713843810372e-23, nan 
137.625, 79.875, 4.015882696789975e-23, nan 
137.875, 79.875, 3.1889920557740766e-23, nan 
138.125, 79.875, 5.223045350666401e-23, nan 
138.375, 79.875, 6.372394754981671e-23, nan 
138.625, 79.875, 7.042112506503038e-23, nan 
138.875, 79.875, 6.325514578891862e-23, nan 
139.125, 79.875, 4.794813342253041e-23, nan 
139.375, 79.875, 8.564412435683258e-23, nan 
139.625, 79.875, 4.8445974296989174e-23, nan 
139.875, 79.875, 4.571711892160337e-23, nan 
140.125, 79.875, 3.943186528970512e-23, nan 
140.375, 79.875, 3.264008526394447e-23, nan 
140.625, 79.875, 2.8644872925517436e-23, nan 
140.875, 79.875, 3.3640672062090814e-23, nan 
141.125, 79.875, 3.103069639774657e-23, nan 
141.375, 79.875, 3.339057668943776e-23, nan 
141.625, 79.875, 3.0556271551791527e-23, nan 
141.875, 79.875, 3.063357386430893e-23, nan 
142.125, 79.875, 2.4493567959471882e-23, nan 
142.375, 79.875, 2.8605199975287503e-23, nan 
142.625, 79.875, 2.959885428146408e-23, nan 
142.875, 79.875, 4.3732086787560614e-23, nan 
143.125, 79.875, 2.7790164629030946e-23, nan 
143.375, 79.875, 2.263305907352198e-23, nan 
143.625, 79.875, 1.974186138116316e-23, nan 
143.875, 79.875, 1.7613877032733968e-23, nan 
144.125, 79.875, 1.7144985881581827e-23, nan 
144.375, 79.875, 1.1917777509103216e-23, nan 
144.625, 79.875, 1.3681093349023884e-23, nan 
144.875, 79.875, 1.2920623207050433e-23, nan 
145.125, 79.875, 1.3589918714242748e-23, nan 
145.375, 79.875, 1.033740259618781e-23, nan 
145.625, 79.875, 1.132820311928914e-23, nan 
145.875, 79.875, 1.0026884158756339e-23, nan 
146.125, 79.875, 8.371766666763152e-24, nan 
146.375, 79.875, 1.0765394682519818e-23, nan 
146.625, 79.875, 7.542843073109499e-24, nan 
146.875, 79.875, 7.021642088700486e-24, nan 
147.125, 79.875, 7.823015989535845e-24, nan 
147.375, 79.875, 2.8740779826600316e-24, nan 
147.625, 79.875, 6.1216966047892036e-24, nan 
147.875, 79.875, 7.432955105300209e-24, nan 
148.125, 79.875, 6.426695448323455e-24, nan 
148.375, 79.875, 7.65997851009542e-24, nan 
148.625, 79.875, 8.384894864199671e-24, nan 
148.875, 79.875, 3.744551879534287e-24, nan 
149.125, 79.875, 5.2325039506438106e-24, nan 
149.375, 79.875, 5.183399231017427e-24, nan 
149.625, 79.875, 6.189718969772542e-24, nan 
149.875, 79.875, 8.046074528209674e-24, nan 
150.125, 79.875, 6.67673219154647e-24, nan 
150.375, 79.875, 7.2555051495197e-24, nan 
150.625, 79.875, 6.206402214282027e-24, nan 
150.875, 79.875, 7.322764172238215e-24, nan 
151.125, 79.875, 6.110901148067173e-24, nan 
151.375, 79.875, 6.775054059653228e-24, nan 
151.625, 79.875, 8.382960852741345e-24, nan 
151.875, 79.875, 7.5092553565324e-24, nan 
152.125, 79.875, 1.2035002366882737e-23, nan 
152.375, 79.875, 7.05533435706928e-24, nan 
152.625, 79.875, 9.073755620317229e-24, nan 
152.875, 79.875, 4.38810706326224e-24, nan 
153.125, 79.875, 7.12114019451686e-24, nan 
153.375, 79.875, 1.2437965874528427e-23, nan 
153.625, 79.875, 9.786946013841606e-24, nan 
153.875, 79.875, 1.2877786633393783e-23, nan 
154.125, 79.875, 9.774769754444931e-24, nan 
154.375, 79.875, 1.1334282773333274e-23, nan 
154.625, 79.875, 1.2727481576336e-23, nan 
154.875, 79.875, 1.0018422525555914e-23, nan 
155.125, 79.875, 1.2182013430107177e-23, nan 
155.375, 79.875, 1.0052590629033052e-23, nan 
155.625, 79.875, 1.05744718149427e-23, nan 
155.875, 79.875, 1.0828774940947894e-23, nan 
156.125, 79.875, 8.606023953953014e-24, nan 
156.375, 79.875, 9.969507833236924e-24, nan 
156.625, 79.875, 7.642952640336051e-24, nan 
156.875, 79.875, 7.280344994576906e-24, nan 
157.125, 79.875, 6.4945695351333806e-24, nan 
157.375, 79.875, 6.5822520199476806e-24, nan 
157.625, 79.875, 5.866992249812727e-24, nan 
157.875, 79.875, 5.551567210496835e-24, nan 
158.125, 79.875, 5.1232040427848496e-24, nan 
158.375, 79.875, 5.6646298811058335e-24, nan 
158.625, 79.875, 5.451202231109868e-24, nan 
158.875, 79.875, 5.4077298307390306e-24, nan 
159.125, 79.875, 5.368885048249672e-24, nan 
159.375, 79.875, 6.319444820594681e-24, nan 
159.625, 79.875, 6.473893239348256e-24, nan 
159.875, 79.875, 6.665367674698903e-24, nan 
160.125, 79.875, 9.797243882492347e-24, nan 
160.375, 79.875, 8.69865960350841e-24, nan 
160.625, 79.875, 5.884146042716513e-24, nan 
160.875, 79.875, 5.1033743390473466e-24, nan 
161.125, 79.875, 4.946795710437141e-24, nan 
161.375, 79.875, 7.08752992945844e-24, nan 
161.625, 79.875, 6.330882455291754e-24, nan 
161.875, 79.875, 5.8843928326401075e-24, nan 
162.125, 79.875, 7.043860009668348e-24, nan 
162.375, 79.875, 6.1507376975453176e-24, nan 
162.625, 79.875, 7.53972382448454e-24, nan 
162.875, 79.875, 9.19291470397139e-24, nan 
163.125, 79.875, 8.65742634642762e-24, nan 
163.375, 79.875, 1.1321469566272638e-23, nan 
163.625, 79.875, 8.505600060298115e-24, nan 
163.875, 79.875, 1.2742058799377512e-23, nan 
164.125, 79.875, 1.2176098269541619e-23, nan 
164.375, 79.875, 9.997546067680087e-24, nan 
164.625, 79.875, 9.334482861925934e-24, nan 
164.875, 79.875, 8.268585566955026e-24, nan 
165.125, 79.875, 8.909021801458172e-24, nan 
165.375, 79.875, 1.339176717411368e-23, nan 
165.625, 79.875, 8.055397788224098e-24, nan 
165.875, 79.875, 8.535341371002e-24, nan 
166.125, 79.875, 1.0764219442145617e-23, nan 
166.375, 79.875, 1.0623923411077444e-23, nan 
166.625, 79.875, 1.3348734214480492e-23, nan 
166.875, 79.875, 1.1590023530003653e-23, nan 
167.125, 79.875, 1.0391194479257144e-23, nan 
167.375, 79.875, 1.188450699770026e-23, nan 
167.625, 79.875, 1.156209763947333e-23, nan 
167.875, 79.875, 1.2054938250701932e-23, nan 
168.125, 79.875, 1.1596424707539592e-23, nan 
168.375, 79.875, 1.1253138614988435e-23, nan 
168.625, 79.875, 1.0033590690499558e-23, nan 
168.875, 79.875, 9.54883794625387e-24, nan 
169.125, 79.875, 8.783378696323643e-24, nan 
169.375, 79.875, 9.411493325199388e-24, nan 
169.625, 79.875, 1.0794925488885942e-23, nan 
169.875, 79.875, 9.98101139728824e-24, nan 
170.125, 79.875, 1.0576257813995379e-23, nan 
170.375, 79.875, 9.075411395052664e-24, nan 
170.625, 79.875, 8.912242363892173e-24, nan 
170.875, 79.875, 7.505422810219133e-24, nan 
171.125, 79.875, 9.20142399179137e-24, nan 
171.375, 79.875, 7.505215869275296e-24, nan 
171.625, 79.875, 8.11498808519375e-24, nan 
171.875, 79.875, 7.530153201875657e-24, nan 
172.125, 79.875, 7.412425798195202e-24, nan 
172.375, 79.875, 8.350903536671443e-24, nan 
172.625, 79.875, 8.905883119835047e-24, nan 
172.875, 79.875, 7.70434784041558e-24, nan 
173.125, 79.875, 7.608693922615854e-24, nan 
173.375, 79.875, 8.102972136017103e-24, nan 
173.625, 79.875, 7.970158597029441e-24, nan 
173.875, 79.875, 7.96553842762855e-24, nan 
174.125, 79.875, 8.168523491582671e-24, nan 
174.375, 79.875, 8.049341308912747e-24, nan 
174.625, 79.875, 7.944169026898969e-24, nan 
174.875, 79.875, 7.040937143326383e-24, nan 
175.125, 79.875, 7.568761815442996e-24, nan 
175.375, 79.875, 7.082627456562417e-24, nan 
175.625, 79.875, 7.462237140666103e-24, nan 
175.875, 79.875, 6.93586500156746e-24, nan 
176.125, 79.875, 5.601298409737924e-24, nan 
176.375, 79.875, 7.241906282794464e-24, nan 
176.625, 79.875, 6.502475286493931e-24, nan 
176.875, 79.875, 6.857365563907112e-24, nan 
177.125, 79.875, 5.8577918064652694e-24, nan 
177.375, 79.875, 6.386522840695952e-24, nan 
177.625, 79.875, 6.33104737006237e-24, nan 
177.875, 79.875, 6.5170033161014454e-24, nan 
178.125, 79.875, 6.019147212775902e-24, nan 
178.375, 79.875, 5.9339680478915666e-24, nan 
178.625, 79.875, 5.798097435741942e-24, nan 
178.875, 79.875, 6.247363552637076e-24, nan 
179.125, 79.875, 5.6302880351690056e-24, nan 
179.375, 79.875, 5.604007434124389e-24, nan 
179.625, 79.875, 5.954518562036049e-24, nan 
179.875, 79.875, 5.657211658468621e-24, nan 
-179.875, 80.125, 5.671207465170688e-24, nan 
-179.625, 80.125, 6.058559449260072e-24, nan 
-179.375, 80.125, 5.302047002040263e-24, nan 
-179.125, 80.125, 5.5924024886767515e-24, nan 
-178.875, 80.125, 5.330506692730853e-24, nan 
-178.625, 80.125, 5.179731977396637e-24, nan 
-178.375, 80.125, 5.169934209554537e-24, nan 
-178.125, 80.125, 4.9450585829553965e-24, nan 
-177.875, 80.125, 4.213256557023216e-24, nan 
-177.625, 80.125, 4.90306590282025e-24, nan 
-177.375, 80.125, 4.6083944229045036e-24, nan 
-177.125, 80.125, 4.294185112274608e-24, nan 
-176.875, 80.125, 4.11804077108764e-24, nan 
-176.625, 80.125, 3.7281074557075695e-24, nan 
-176.375, 80.125, 4.138401772487931e-24, nan 
-176.125, 80.125, 4.2114062395335305e-24, nan 
-175.875, 80.125, 3.567245282920027e-24, nan 
-175.625, 80.125, 3.392799014048516e-24, nan 
-175.375, 80.125, 3.981516290316658e-24, nan 
-175.125, 80.125, 3.79846703389291e-24, nan 
17.625, 80.125, 9.739539352077902e-24, nan 
17.875, 80.125, 8.919064208226093e-24, nan 
18.125, 80.125, 8.10091007633277e-24, nan 
18.375, 80.125, 6.819636756432776e-24, nan 
18.625, 80.125, 1.0726335526585762e-23, nan 
18.875, 80.125, 9.394691663001525e-24, nan 
19.125, 80.125, 7.91955275657342e-24, nan 
19.375, 80.125, 7.191720932176256e-24, nan 
19.625, 80.125, 6.799592577964571e-24, nan 
19.875, 80.125, 9.390156704092006e-24, nan 
20.125, 80.125, 1.2319092021723482e-23, nan 
20.375, 80.125, 1.251982997598241e-23, nan 
20.625, 80.125, 1.2645153595686707e-23, nan 
20.875, 80.125, 2.2150131745633653e-23, nan 
21.125, 80.125, 2.3903048610078664e-23, nan 
21.375, 80.125, 2.372359299844165e-23, nan 
21.625, 80.125, 2.1323926021441947e-23, nan 
21.875, 80.125, 2.0571476372295528e-23, nan 
22.125, 80.125, 2.107549179885388e-23, nan 
22.375, 80.125, 3.1343065977605525e-23, nan 
22.625, 80.125, 2.8489433143366034e-23, nan 
22.875, 80.125, 3.170039635786163e-23, nan 
23.125, 80.125, 2.6428284472724115e-23, nan 
23.375, 80.125, 2.6815518565277084e-23, nan 
23.625, 80.125, 2.8866202470831286e-23, nan 
23.875, 80.125, 3.877675900288613e-23, nan 
24.125, 80.125, 3.9699199580494266e-23, nan 
24.375, 80.125, 4.0326807917921446e-23, nan 
24.625, 80.125, 4.373884787624912e-23, nan 
24.875, 80.125, 3.327667739559374e-23, nan 
25.125, 80.125, 4.5552324301686825e-23, nan 
25.375, 80.125, 4.963581522715703e-23, nan 
25.625, 80.125, 5.418923721264727e-23, nan 
25.875, 80.125, 5.519955351150993e-23, nan 
26.125, 80.125, 3.2864507841205896e-23, nan 
26.375, 80.125, 2.8373937864292907e-23, nan 
26.625, 80.125, 7.041634895290684e-23, nan 
26.875, 80.125, 8.793533703392767e-23, nan 
27.125, 80.125, 9.562800767134742e-23, nan 
27.375, 80.125, 5.408953462042178e-23, nan 
27.625, 80.125, 5.2173605911238714e-23, nan 
27.875, 80.125, 7.119230786362479e-23, nan 
28.125, 80.125, 8.68905113056522e-23, nan 
28.375, 80.125, 9.211159172580753e-23, nan 
28.625, 80.125, 6.338800355069428e-23, nan 
28.875, 80.125, 4.55513626894303e-23, nan 
29.125, 80.125, 3.7320285014297203e-23, nan 
29.375, 80.125, 4.7037813150331406e-23, nan 
29.625, 80.125, 3.302551077235365e-23, nan 
29.875, 80.125, 2.152183292306255e-23, nan 
30.125, 80.125, 3.375238564997232e-23, nan 
30.375, 80.125, 3.8573060981657176e-23, nan 
30.625, 80.125, 8.532871534861975e-23, nan 
30.875, 80.125, 9.375805231709886e-23, nan 
31.125, 80.125, 7.413454071321807e-23, nan 
31.375, 80.125, 6.092904547179797e-23, nan 
31.625, 80.125, 4.700378490750307e-23, nan 
31.875, 80.125, 7.654511263904514e-23, nan 
32.125, 80.125, 7.646202810536408e-23, nan 
32.375, 80.125, 6.698328517331067e-23, nan 
32.625, 80.125, 6.22324941843611e-23, nan 
32.875, 80.125, 4.819279940326684e-23, nan 
33.125, 80.125, 4.929108425434267e-23, nan 
33.375, 80.125, 4.989740509745056e-23, nan 
33.625, 80.125, 5.054238309278745e-23, nan 
33.875, 80.125, 5.208176913885761e-23, nan 
34.125, 80.125, 5.2509117557910873e-23, nan 
34.375, 80.125, 4.6115036019496595e-23, nan 
34.625, 80.125, 4.6523207318606316e-23, nan 
34.875, 80.125, 4.237688177967901e-23, nan 
35.125, 80.125, 3.9457954327801453e-23, nan 
35.375, 80.125, 3.656438274093624e-23, nan 
35.625, 80.125, 2.696271134131125e-23, nan 
35.875, 80.125, 2.5215425952610654e-23, nan 
36.125, 80.125, 2.8236414373621764e-23, nan 
36.375, 80.125, 3.8322041646014316e-23, nan 
36.625, 80.125, 3.68945367365498e-23, nan 
36.875, 80.125, 2.677936372736291e-23, nan 
37.125, 80.125, 2.4851019741867838e-23, nan 
37.375, 80.125, 2.4029548043972352e-23, nan 
37.625, 80.125, 3.093037508796789e-23, nan 
37.875, 80.125, 2.7015391158332146e-23, nan 
38.125, 80.125, 2.3120800710560606e-23, nan 
38.375, 80.125, 1.1413360902426218e-23, nan 
38.625, 80.125, 2.884036961958852e-23, nan 
38.875, 80.125, 1.001393886143336e-23, nan 
39.125, 80.125, 8.083167599337415e-24, nan 
39.375, 80.125, 7.418785594374848e-24, nan 
39.625, 80.125, 1.4418035809805458e-23, nan 
39.875, 80.125, 1.702006565920589e-23, nan 
40.125, 80.125, 3.285350139078321e-24, nan 
40.375, 80.125, 6.405959462757836e-24, nan 
40.625, 80.125, 1.6641612636611337e-23, nan 
40.875, 80.125, 2.845837803665678e-23, nan 
41.125, 80.125, 4.741275628978899e-23, nan 
41.375, 80.125, 2.1666276775938908e-23, nan 
41.625, 80.125, 2.729608311800148e-23, nan 
41.875, 80.125, 3.467308340081423e-23, nan 
42.125, 80.125, 3.354088858819906e-23, nan 
42.375, 80.125, 5.2923657434138336e-23, nan 
42.625, 80.125, 3.117371987085688e-23, nan 
42.875, 80.125, 4.124002375922611e-23, nan 
43.125, 80.125, 3.345986664159511e-23, nan 
43.375, 80.125, 2.677059307148011e-23, nan 
43.625, 80.125, 2.9027738369637536e-23, nan 
43.875, 80.125, 1.7273715262751295e-23, nan 
44.125, 80.125, 2.275541432322282e-23, nan 
44.375, 80.125, 1.8782624436304965e-23, nan 
44.625, 80.125, 9.42779886899659e-24, nan 
44.875, 80.125, 1.2592816461220401e-23, nan 
45.125, 80.125, 7.089978780975789e-24, nan 
45.375, 80.125, 7.911487999201732e-24, nan 
45.625, 80.125, 6.943501064111254e-24, nan 
45.875, 80.125, 5.542328044036074e-24, nan 
46.125, 80.125, 6.512954974133544e-24, nan 
46.375, 80.125, 6.3690966159339144e-24, nan 
46.625, 80.125, 7.094426060558875e-24, nan 
46.875, 80.125, 6.923420480975502e-24, nan 
47.125, 80.125, 6.808831739004411e-24, nan 
47.375, 80.125, 6.520779222646022e-24, nan 
47.625, 80.125, 6.761408679662449e-24, nan 
47.875, 80.125, 9.332705849696066e-24, nan 
48.125, 80.125, 8.078298022530383e-24, nan 
48.375, 80.125, 6.494478112536496e-24, nan 
48.625, 80.125, 4.726082956519309e-24, nan 
48.875, 80.125, 4.026668461052143e-24, nan 
49.125, 80.125, 5.130969298067412e-24, nan 
49.375, 80.125, 5.5120811789396484e-24, nan 
49.625, 80.125, 1.1752866102561292e-23, nan 
49.875, 80.125, 9.011872435798382e-24, nan 
50.125, 80.125, 1.695205120247702e-23, nan 
50.375, 80.125, 1.2192491214544532e-23, nan 
50.625, 80.125, 1.1305872044032157e-23, nan 
50.875, 80.125, 1.520091234792765e-23, nan 
51.125, 80.125, 1.2477181031006223e-23, nan 
51.375, 80.125, 1.549044978885261e-23, nan 
51.625, 80.125, 1.915369856793986e-23, nan 
51.875, 80.125, 2.332433805191886e-23, nan 
52.125, 80.125, 7.729060226321749e-24, nan 
52.375, 80.125, 9.675220376350272e-24, nan 
52.625, 80.125, 9.889338164228674e-24, nan 
52.875, 80.125, 1.2384347155453585e-23, nan 
53.125, 80.125, 1.4149282704124305e-23, nan 
53.375, 80.125, 1.4680766776961552e-23, nan 
53.625, 80.125, 1.4212855837253237e-23, nan 
53.875, 80.125, 1.7555856319644647e-23, nan 
54.125, 80.125, 1.9060906436375263e-23, nan 
54.375, 80.125, 2.7461863265869557e-23, nan 
54.625, 80.125, 2.9024189678081836e-23, nan 
54.875, 80.125, 4.126208656625718e-23, nan 
55.125, 80.125, 4.504295709959735e-23, nan 
55.375, 80.125, 4.5926848943856857e-23, nan 
55.625, 80.125, 5.135390434165378e-23, nan 
55.875, 80.125, 4.8628015329349274e-23, nan 
56.125, 80.125, 4.6212377223417573e-23, nan 
56.375, 80.125, 4.9203049153301037e-23, nan 
56.625, 80.125, 4.545206922307145e-23, nan 
56.875, 80.125, 5.653085034175162e-23, nan 
57.125, 80.125, 4.7209714540338514e-23, nan 
57.375, 80.125, 1.1476813657140054e-22, nan 
57.625, 80.125, 1.7266707368321767e-22, nan 
57.875, 80.125, 1.750523159176482e-22, nan 
58.125, 80.125, 1.5986786792492116e-22, nan 
58.375, 80.125, 1.4034531523935992e-22, nan 
58.625, 80.125, 1.5430765099940022e-22, nan 
58.875, 80.125, 2.2926342208328706e-22, nan 
59.125, 80.125, 2.2902640400187294e-22, nan 
59.375, 80.125, 2.0391694669856676e-22, nan 
59.625, 80.125, 1.7183709243379288e-22, nan 
59.875, 80.125, 7.191671551132743e-23, nan 
60.125, 80.125, 7.228609102481154e-23, nan 
60.375, 80.125, 7.186387550122014e-23, nan 
60.625, 80.125, 5.918469667449221e-23, nan 
60.875, 80.125, 4.4828117388465797e-23, nan 
61.125, 80.125, 3.840730571324902e-23, nan 
61.375, 80.125, 3.0309103927807033e-23, nan 
61.625, 80.125, 2.801193691249482e-23, nan 
61.875, 80.125, 2.5605275824307842e-23, nan 
62.125, 80.125, 2.0310674994767784e-23, nan 
62.375, 80.125, 2.251968191759512e-23, nan 
62.625, 80.125, 2.21737163041116e-23, nan 
62.875, 80.125, 2.1247775660595304e-23, nan 
63.125, 80.125, 1.9474229123596808e-23, nan 
63.375, 80.125, 1.3051016269226412e-23, nan 
63.625, 80.125, 1.628366296279369e-23, nan 
63.875, 80.125, 1.2243215541618348e-23, nan 
64.125, 80.125, 1.644373219253325e-23, nan 
64.375, 80.125, 1.3623898594329886e-23, nan 
64.625, 80.125, 1.4918498350881885e-23, nan 
64.875, 80.125, 1.5189076717380956e-23, nan 
65.125, 80.125, 1.6144711094865158e-23, nan 
65.375, 80.125, 1.38943018365446e-23, nan 
65.625, 80.125, 1.7106926535784186e-23, nan 
65.875, 80.125, 2.367001980624406e-23, nan 
66.125, 80.125, 2.6314461785561527e-23, nan 
66.375, 80.125, 2.1697382449031814e-23, nan 
66.625, 80.125, 2.5047593987460197e-23, nan 
66.875, 80.125, 3.38397030105035e-23, nan 
67.125, 80.125, 3.4736036296926165e-23, nan 
67.375, 80.125, 3.736493314856971e-23, nan 
67.625, 80.125, 4.041956040799026e-23, nan 
67.875, 80.125, 4.4524117382432047e-23, nan 
68.125, 80.125, 4.1025582501694076e-23, nan 
68.375, 80.125, 4.4155582471551205e-23, nan 
68.625, 80.125, 3.826981642704889e-23, nan 
68.875, 80.125, 4.512621282604288e-23, nan 
69.125, 80.125, 4.5662594178066426e-23, nan 
69.375, 80.125, 3.688999917984722e-23, nan 
69.625, 80.125, 4.136769786305425e-23, nan 
69.875, 80.125, 2.85532138814104e-23, nan 
70.125, 80.125, 2.888005150177195e-23, nan 
70.375, 80.125, 1.7375534085504123e-23, nan 
70.625, 80.125, 1.684118458501722e-23, nan 
70.875, 80.125, 1.5111594232355654e-23, nan 
71.125, 80.125, 2.794142517081042e-23, nan 
71.375, 80.125, 3.188904356068008e-23, nan 
71.625, 80.125, 3.025609263199157e-23, nan 
71.875, 80.125, 4.8541027400646076e-23, nan 
72.125, 80.125, 2.799691205491507e-23, nan 
72.375, 80.125, 3.130707088296692e-23, nan 
72.625, 80.125, 4.0271964598888515e-23, nan 
72.875, 80.125, 5.019610415286636e-23, nan 
73.125, 80.125, 4.9389430447046156e-23, nan 
73.375, 80.125, 3.426174881928169e-23, nan 
73.625, 80.125, 3.581786820318937e-23, nan 
73.875, 80.125, 5.684870577137173e-23, nan 
74.125, 80.125, 8.22868830375338e-23, nan 
74.375, 80.125, 7.070524882953023e-23, nan 
74.625, 80.125, 5.631478019206096e-23, nan 
74.875, 80.125, 3.105490794691057e-23, nan 
75.125, 80.125, 2.2819115853577307e-23, nan 
75.375, 80.125, 4.6589784030522745e-23, nan 
75.625, 80.125, 7.071418744619567e-23, nan 
75.875, 80.125, 8.47826009410384e-23, nan 
76.125, 80.125, 1.0134019836221366e-22, nan 
76.375, 80.125, 9.714909372878205e-23, nan 
76.625, 80.125, 9.241370954914362e-23, nan 
76.875, 80.125, 9.683784613582584e-23, nan 
77.125, 80.125, 8.635875446584731e-23, nan 
77.375, 80.125, 8.413858340328428e-23, nan 
77.625, 80.125, 9.713472180992544e-23, nan 
77.875, 80.125, 1.0471668468176939e-22, nan 
78.125, 80.125, 1.0560081532988315e-22, nan 
78.375, 80.125, 9.319350114883401e-23, nan 
78.625, 80.125, 1.0644344042781312e-22, nan 
78.875, 80.125, 1.197375956596137e-22, nan 
79.125, 80.125, 1.1783279964295528e-22, nan 
79.375, 80.125, 1.0680140461264393e-22, nan 
79.625, 80.125, 1.4038388228491975e-22, nan 
79.875, 80.125, 1.190439554040861e-22, nan 
80.125, 80.125, 1.257463558751118e-22, nan 
80.375, 80.125, 1.2272723738831725e-22, nan 
80.625, 80.125, 1.3789447798290733e-22, nan 
80.875, 80.125, 1.3172403582003975e-22, nan 
81.125, 80.125, 1.2719005853155604e-22, nan 
81.375, 80.125, 1.5120620199950868e-22, nan 
81.625, 80.125, 1.7329544820609784e-22, nan 
81.875, 80.125, 1.7500601990398727e-22, nan 
82.125, 80.125, 1.4973602580604243e-22, nan 
82.375, 80.125, 1.3756655550125739e-22, nan 
82.625, 80.125, 1.3089259391637572e-22, nan 
82.875, 80.125, 1.4534106474224825e-22, nan 
83.125, 80.125, 1.6697706129500765e-22, nan 
83.375, 80.125, 1.7535661210493856e-22, nan 
83.625, 80.125, 1.5308262784129293e-22, nan 
83.875, 80.125, 1.3290465316682436e-22, nan 
84.125, 80.125, 1.4538677925306654e-22, nan 
84.375, 80.125, 1.7736212024395103e-22, nan 
84.625, 80.125, 1.7866735022496376e-22, nan 
84.875, 80.125, 1.8201757866690292e-22, nan 
85.125, 80.125, 2.104099153813682e-22, nan 
85.375, 80.125, 1.67792645753662e-22, nan 
85.625, 80.125, 1.5153489209008521e-22, nan 
85.875, 80.125, 1.843697939459012e-22, nan 
86.125, 80.125, 1.189751146084765e-22, nan 
86.375, 80.125, 1.5820065879791187e-22, nan 
86.625, 80.125, 1.7136572941475108e-22, nan 
86.875, 80.125, 2.3699573085581584e-22, nan 
87.125, 80.125, 2.303420565022527e-22, nan 
87.375, 80.125, 1.482730904754587e-22, nan 
87.625, 80.125, 1.4220991611378163e-22, nan 
87.875, 80.125, 1.5246147243476895e-22, nan 
88.125, 80.125, 2.0347404072632859e-22, nan 
88.375, 80.125, 1.8334101674466008e-22, nan 
88.625, 80.125, 1.1596928661940207e-22, nan 
88.875, 80.125, 7.519271883313976e-23, nan 
89.125, 80.125, 9.241531834036157e-23, nan 
89.375, 80.125, 1.2134228858241766e-22, nan 
89.625, 80.125, 1.1989659534985226e-22, nan 
89.875, 80.125, 1.2054570631671658e-22, nan 
90.125, 80.125, 1.2905802311278846e-22, nan 
90.375, 80.125, 1.6529974018824289e-22, nan 
90.625, 80.125, 1.727126611517669e-22, nan 
90.875, 80.125, 2.7756513175661644e-22, nan 
91.125, 80.125, 2.3696310436799945e-22, nan 
91.375, 80.125, 2.1622971437183026e-22, nan 
91.625, 80.125, 1.8780942116528392e-22, nan 
91.875, 80.125, 2.1745482896306293e-22, nan 
92.125, 80.125, 3.3293449471697507e-22, nan 
92.375, 80.125, 2.9250121220915954e-22, nan 
92.625, 80.125, 2.665960613910637e-22, nan 
92.875, 80.125, 2.4742584897606267e-22, nan 
93.125, 80.125, 2.960518960353198e-22, nan 
93.375, 80.125, 1.754785016199617e-22, nan 
93.625, 80.125, 1.3576265872768542e-22, nan 
93.875, 80.125, 1.2092303043272208e-22, nan 
94.125, 80.125, 1.5878339704420672e-22, nan 
94.375, 80.125, 2.372083124161392e-22, nan 
94.625, 80.125, 1.4308609449498855e-22, nan 
94.875, 80.125, 9.255192084760557e-23, nan 
95.125, 80.125, 1.4327018240013298e-22, nan 
95.375, 80.125, 8.675826906008465e-23, nan 
95.625, 80.125, 9.115330456221345e-23, nan 
95.875, 80.125, 1.0279823511257454e-22, nan 
96.125, 80.125, 1.4357760693970478e-22, nan 
96.375, 80.125, 1.9639763650216824e-22, nan 
96.625, 80.125, 1.4549995245480806e-22, nan 
96.875, 80.125, 1.1127390962505728e-22, nan 
97.125, 80.125, 1.285440263234694e-22, nan 
97.375, 80.125, 1.9145898932958903e-22, nan 
97.625, 80.125, 1.6628057286750574e-22, nan 
97.875, 80.125, 3.399164286396553e-22, nan 
98.125, 80.125, 2.0480987775755203e-22, nan 
98.375, 80.125, 1.9525967124856616e-22, nan 
98.625, 80.125, 2.3822717602798624e-22, nan 
98.875, 80.125, 1.7475789715492462e-22, nan 
99.125, 80.125, 1.6005136837548255e-22, nan 
99.375, 80.125, 1.9056214395737791e-22, nan 
99.625, 80.125, 1.6472981818960962e-22, nan 
99.875, 80.125, 2.075669568588084e-22, nan 
100.125, 80.125, 1.701501360651114e-22, nan 
100.375, 80.125, 1.5111735207219964e-22, nan 
100.625, 80.125, 1.868931891199641e-22, nan 
100.875, 80.125, 1.3642444790958819e-22, nan 
101.125, 80.125, 1.442506040020917e-22, nan 
101.375, 80.125, 1.6541901532003013e-22, nan 
101.625, 80.125, 1.6043535262706488e-22, nan 
101.875, 80.125, 1.8533800775061073e-22, nan 
102.125, 80.125, 1.9213739884889268e-22, nan 
102.375, 80.125, 2.200816861318016e-22, nan 
102.625, 80.125, 1.6032961206154998e-22, nan 
102.875, 80.125, 2.1064362681753376e-22, nan 
103.125, 80.125, 2.2982199437192376e-22, nan 
103.375, 80.125, 2.7027491362471247e-22, nan 
103.625, 80.125, 2.7230009073888366e-22, nan 
103.875, 80.125, 2.321839500320807e-22, nan 
104.125, 80.125, 1.7850517949273714e-22, nan 
104.375, 80.125, 1.82274980968147e-22, nan 
104.625, 80.125, 1.592506214189231e-22, nan 
104.875, 80.125, 2.0521390526133426e-22, nan 
105.125, 80.125, 2.483088440550156e-22, nan 
105.375, 80.125, 1.0576864732673359e-22, nan 
105.625, 80.125, 1.4313008056303855e-22, nan 
105.875, 80.125, 1.7883104104369167e-22, nan 
106.125, 80.125, 1.1100269910123841e-22, nan 
106.375, 80.125, 1.1304268987908558e-22, nan 
106.625, 80.125, 1.0593122398413296e-22, nan 
106.875, 80.125, 1.6586583476852954e-22, nan 
107.125, 80.125, 2.7429112437625645e-22, nan 
107.375, 80.125, 1.7937854978540252e-22, nan 
107.625, 80.125, 1.9225966487323547e-22, nan 
107.875, 80.125, 2.659347998075257e-22, nan 
108.125, 80.125, 2.601660888426528e-22, nan 
108.375, 80.125, 2.815040542786422e-22, nan 
108.625, 80.125, 2.253827545054331e-22, nan 
108.875, 80.125, 1.9175413459435827e-22, nan 
109.125, 80.125, 2.220867012275157e-22, nan 
109.375, 80.125, 2.397760273009611e-22, nan 
109.625, 80.125, 1.2079147785700428e-22, nan 
109.875, 80.125, 1.734768413074172e-22, nan 
110.125, 80.125, 1.4224357264879306e-22, nan 
110.375, 80.125, 1.4558777643483967e-22, nan 
110.625, 80.125, 1.3458098084573478e-22, nan 
110.875, 80.125, 1.0076931023324122e-22, nan 
111.125, 80.125, 7.491719346013846e-23, nan 
111.375, 80.125, 1.5084832369445263e-22, nan 
111.625, 80.125, 1.5105159157450352e-22, nan 
111.875, 80.125, 1.2838630168470317e-22, nan 
112.125, 80.125, 8.556759797863394e-23, nan 
112.375, 80.125, 1.1269794584493065e-22, nan 
112.625, 80.125, 1.0594058117083633e-22, nan 
112.875, 80.125, 1.3721539523833735e-22, nan 
113.125, 80.125, 1.5240522851214623e-22, nan 
113.375, 80.125, 1.1508978056431594e-22, nan 
113.625, 80.125, 9.913111287853996e-23, nan 
113.875, 80.125, 8.608762803063777e-23, nan 
114.125, 80.125, 1.0294738755983851e-22, nan 
114.375, 80.125, 8.956939467882676e-23, nan 
114.625, 80.125, 2.1115960633057495e-22, nan 
114.875, 80.125, 1.8073435022162892e-22, nan 
115.125, 80.125, 1.0526080170309749e-22, nan 
115.375, 80.125, 8.503225830459733e-23, nan 
115.625, 80.125, 9.153969694012834e-23, nan 
115.875, 80.125, 1.3820284366228345e-22, nan 
116.125, 80.125, 1.4306220366463582e-22, nan 
116.375, 80.125, 1.3675356678150006e-22, nan 
116.625, 80.125, 1.195044441101172e-22, nan 
116.875, 80.125, 1.1512877717571577e-22, nan 
117.125, 80.125, 1.4680133299146763e-22, nan 
117.375, 80.125, 1.678417270237065e-22, nan 
117.625, 80.125, 1.988351495113992e-22, nan 
117.875, 80.125, 1.0287491680338599e-22, nan 
118.125, 80.125, 1.46591546179209e-22, nan 
118.375, 80.125, 1.9325451199379388e-22, nan 
118.625, 80.125, 1.9220226934105653e-22, nan 
118.875, 80.125, 1.803486339748158e-22, nan 
119.125, 80.125, 1.151654644686757e-22, nan 
119.375, 80.125, 1.2200526289359212e-22, nan 
119.625, 80.125, 1.2260147387960267e-22, nan 
119.875, 80.125, 1.378071087148585e-22, nan 
120.125, 80.125, 1.6274265834061643e-22, nan 
120.375, 80.125, 1.5106023603652972e-22, nan 
120.625, 80.125, 1.226904481407645e-22, nan 
120.875, 80.125, 1.144576093544791e-22, nan 
121.125, 80.125, 9.779324423858719e-23, nan 
121.375, 80.125, 6.57262573419682e-23, nan 
121.625, 80.125, 8.197631669996517e-23, nan 
121.875, 80.125, 1.0088300800270596e-22, nan 
122.125, 80.125, 6.241810219304167e-23, nan 
122.375, 80.125, 8.557378552500623e-23, nan 
122.625, 80.125, 8.064727127147036e-23, nan 
122.875, 80.125, 4.821638417965572e-23, nan 
123.125, 80.125, 3.321581768173147e-23, nan 
123.375, 80.125, 8.465708788105328e-23, nan 
123.625, 80.125, 7.973196193337247e-23, nan 
123.875, 80.125, 5.741670074881099e-23, nan 
124.125, 80.125, 6.164836533463986e-23, nan 
124.375, 80.125, 6.14691169471589e-23, nan 
124.625, 80.125, 4.5840902682770924e-23, nan 
124.875, 80.125, 6.449549631385118e-23, nan 
125.125, 80.125, 6.697459096654032e-23, nan 
125.375, 80.125, 5.426720161073667e-23, nan 
125.625, 80.125, 8.088746705036525e-23, nan 
125.875, 80.125, 5.165441603703034e-23, nan 
126.125, 80.125, 7.736958668087655e-23, nan 
126.375, 80.125, 8.764818462428145e-23, nan 
126.625, 80.125, 9.06856050135171e-23, nan 
126.875, 80.125, 6.923880889906699e-23, nan 
127.125, 80.125, 3.705946388992181e-23, nan 
127.375, 80.125, 5.332991800646093e-23, nan 
127.625, 80.125, 4.967243509816336e-23, nan 
127.875, 80.125, 6.292211729501479e-23, nan 
128.125, 80.125, 4.456737486613739e-23, nan 
128.375, 80.125, 3.4149112830775975e-23, nan 
128.625, 80.125, 4.5607354017004876e-23, nan 
128.875, 80.125, 4.8333424107008215e-23, nan 
129.125, 80.125, 4.0615880747435e-23, nan 
129.375, 80.125, 4.2096256749644506e-23, nan 
129.625, 80.125, 3.4326980100662053e-23, nan 
129.875, 80.125, 3.7468830652335616e-23, nan 
130.125, 80.125, 5.1510090313810274e-23, nan 
130.375, 80.125, 5.806842340985152e-23, nan 
130.625, 80.125, 3.71239776725403e-23, nan 
130.875, 80.125, 2.7993006931672296e-23, nan 
131.125, 80.125, 3.933106431180764e-23, nan 
131.375, 80.125, 6.082168277420773e-23, nan 
131.625, 80.125, 8.702901818273139e-23, nan 
131.875, 80.125, 3.830681153765092e-23, nan 
132.125, 80.125, 3.857012553630609e-23, nan 
132.375, 80.125, 2.5725467724698e-23, nan 
132.625, 80.125, 1.445622055418109e-23, nan 
132.875, 80.125, 2.2716243527642792e-23, nan 
133.125, 80.125, 1.462989048868457e-23, nan 
133.375, 80.125, 2.041979439773033e-23, nan 
133.625, 80.125, 9.184686165903897e-24, nan 
133.875, 80.125, 1.0423928143864445e-23, nan 
134.125, 80.125, 1.1646508396085836e-23, nan 
134.375, 80.125, 2.3248613690092455e-23, nan 
134.625, 80.125, 9.440893693359512e-24, nan 
134.875, 80.125, 2.341778256881724e-23, nan 
135.125, 80.125, 2.5055574786831062e-23, nan 
135.375, 80.125, 2.902524598944197e-23, nan 
135.625, 80.125, 2.8031915567298127e-23, nan 
135.875, 80.125, 2.318782769388145e-23, nan 
136.125, 80.125, 2.573706839853672e-23, nan 
136.375, 80.125, 3.12345373493532e-23, nan 
136.625, 80.125, 3.095460731725955e-23, nan 
136.875, 80.125, 2.8026185058358564e-23, nan 
137.125, 80.125, 2.0956377622080628e-23, nan 
137.375, 80.125, 3.081856036720322e-23, nan 
137.625, 80.125, 3.9590316972532606e-23, nan 
137.875, 80.125, 3.252059096869813e-23, nan 
138.125, 80.125, 4.0618344983888856e-23, nan 
138.375, 80.125, 4.394374726189934e-23, nan 
138.625, 80.125, 5.0172541197081893e-23, nan 
138.875, 80.125, 4.2649121161406324e-23, nan 
139.125, 80.125, 4.2627794854378555e-23, nan 
139.375, 80.125, 3.475843406592289e-23, nan 
139.625, 80.125, 3.398209807169552e-23, nan 
139.875, 80.125, 3.210027652316504e-23, nan 
140.125, 80.125, 1.9564354499735947e-23, nan 
140.375, 80.125, 1.9304368448512867e-23, nan 
140.625, 80.125, 2.346764271113065e-23, nan 
140.875, 80.125, 1.7720742474758335e-23, nan 
141.125, 80.125, 2.742559078144721e-23, nan 
141.375, 80.125, 2.9647366689850533e-23, nan 
141.625, 80.125, 4.6272069010544625e-23, nan 
141.875, 80.125, 2.732551523312781e-23, nan 
142.125, 80.125, 9.525732112003901e-24, nan 
142.375, 80.125, 5.957180545138037e-23, nan 
142.625, 80.125, 6.980040521947998e-23, nan 
142.875, 80.125, 9.958150809563848e-23, nan 
143.125, 80.125, 5.172587567835642e-23, nan 
143.375, 80.125, 2.4476545532869184e-23, nan 
143.625, 80.125, 4.245559078100451e-23, nan 
143.875, 80.125, 4.8257844417764395e-23, nan 
144.125, 80.125, 6.20044458587991e-23, nan 
144.375, 80.125, 3.532471877507895e-23, nan 
144.625, 80.125, 1.8462124143293904e-23, nan 
144.875, 80.125, 8.504464835875132e-24, nan 
145.125, 80.125, 9.109837230828892e-24, nan 
145.375, 80.125, 6.519739511690704e-24, nan 
145.625, 80.125, 9.867878425118706e-24, nan 
145.875, 80.125, 8.881878512718505e-24, nan 
146.125, 80.125, 7.27442308033232e-24, nan 
146.375, 80.125, 6.372284317127858e-24, nan 
146.625, 80.125, 6.410005921453398e-24, nan 
146.875, 80.125, 4.825634248051735e-24, nan 
147.125, 80.125, 3.98794017038619e-24, nan 
147.375, 80.125, 3.9509896487956436e-24, nan 
147.625, 80.125, 4.542657119859943e-24, nan 
147.875, 80.125, 1.0096211185845173e-23, nan 
148.125, 80.125, 1.1122717248330593e-23, nan 
148.375, 80.125, 1.342980089048709e-23, nan 
148.625, 80.125, 1.3620038958297026e-23, nan 
148.875, 80.125, 1.0475265658994915e-23, nan 
149.125, 80.125, 1.0895134889505954e-23, nan 
149.375, 80.125, 1.1096468546851397e-23, nan 
149.625, 80.125, 1.2448220977030792e-23, nan 
149.875, 80.125, 1.2893801837728701e-23, nan 
150.125, 80.125, 9.628850242752951e-24, nan 
150.375, 80.125, 6.193427394561953e-24, nan 
150.625, 80.125, 6.907414253858672e-24, nan 
150.875, 80.125, 9.771137841655401e-24, nan 
151.125, 80.125, 8.96802298924366e-24, nan 
151.375, 80.125, 7.769443422666061e-24, nan 
151.625, 80.125, 7.192887104893479e-24, nan 
151.875, 80.125, 8.878663708208563e-24, nan 
152.125, 80.125, 1.2356716130536959e-23, nan 
152.375, 80.125, 1.0279013265001315e-23, nan 
152.625, 80.125, 5.9912934485525946e-24, nan 
152.875, 80.125, 5.138068221298587e-24, nan 
153.125, 80.125, 9.71579357336169e-24, nan 
153.375, 80.125, 1.1376768931231142e-23, nan 
153.625, 80.125, 1.0289244473611201e-23, nan 
153.875, 80.125, 7.27055146076792e-24, nan 
154.125, 80.125, 4.5108646286169396e-24, nan 
154.375, 80.125, 8.925777218953641e-24, nan 
154.625, 80.125, 9.01033653101864e-24, nan 
154.875, 80.125, 8.175993503235515e-24, nan 
155.125, 80.125, 6.044708623424802e-24, nan 
155.375, 80.125, 3.7561085985893965e-24, nan 
155.625, 80.125, 2.559195642974954e-24, nan 
155.875, 80.125, 4.0869823048278846e-24, nan 
156.125, 80.125, 2.694832380378874e-24, nan 
156.375, 80.125, 4.7153488425110424e-24, nan 
156.625, 80.125, 5.8191924400702815e-24, nan 
156.875, 80.125, 5.2332053641505505e-24, nan 
157.125, 80.125, 5.702565167097905e-24, nan 
157.375, 80.125, 8.311015711900788e-24, nan 
157.625, 80.125, 7.489849123068593e-24, nan 
157.875, 80.125, 8.282864658597748e-24, nan 
158.125, 80.125, 9.968413228427232e-24, nan 
158.375, 80.125, 8.870344629444201e-24, nan 
158.625, 80.125, 1.1131744816847875e-23, nan 
158.875, 80.125, 1.1377765766699528e-23, nan 
159.125, 80.125, 1.0123744849890474e-23, nan 
159.375, 80.125, 1.0439425034753269e-23, nan 
159.625, 80.125, 9.525683248148602e-24, nan 
159.875, 80.125, 9.885392434544943e-24, nan 
160.125, 80.125, 9.67627379111096e-24, nan 
160.375, 80.125, 8.861954109754671e-24, nan 
160.625, 80.125, 7.699189833136062e-24, nan 
160.875, 80.125, 7.58879460285668e-24, nan 
161.125, 80.125, 6.57304457164491e-24, nan 
161.375, 80.125, 7.772608058048245e-24, nan 
161.625, 80.125, 8.166711986995858e-24, nan 
161.875, 80.125, 7.10238260058749e-24, nan 
162.125, 80.125, 7.956872460951483e-24, nan 
162.375, 80.125, 9.782117917327301e-24, nan 
162.625, 80.125, 1.2510285604384897e-23, nan 
162.875, 80.125, 1.0860007259367377e-23, nan 
163.125, 80.125, 1.1032062961889252e-23, nan 
163.375, 80.125, 1.3038110544809861e-23, nan 
163.625, 80.125, 1.3753704111424043e-23, nan 
163.875, 80.125, 1.469885356547259e-23, nan 
164.125, 80.125, 1.3721646058434034e-23, nan 
164.375, 80.125, 1.3189071733930963e-23, nan 
164.625, 80.125, 1.3479778807835556e-23, nan 
164.875, 80.125, 1.3848078392201037e-23, nan 
165.125, 80.125, 1.3111123741340275e-23, nan 
165.375, 80.125, 1.483292550197222e-23, nan 
165.625, 80.125, 1.1907462872164513e-23, nan 
165.875, 80.125, 1.2774396979702715e-23, nan 
166.125, 80.125, 1.346588250699701e-23, nan 
166.375, 80.125, 1.25764194629874e-23, nan 
166.625, 80.125, 1.153188837698791e-23, nan 
166.875, 80.125, 1.273972198068204e-23, nan 
167.125, 80.125, 1.227723930090674e-23, nan 
167.375, 80.125, 1.1641428476947171e-23, nan 
167.625, 80.125, 1.135764565900438e-23, nan 
167.875, 80.125, 9.3866757373231e-24, nan 
168.125, 80.125, 1.07224449390136e-23, nan 
168.375, 80.125, 1.1779281387174401e-23, nan 
168.625, 80.125, 9.9701255795984e-24, nan 
168.875, 80.125, 1.049577667066407e-23, nan 
169.125, 80.125, 9.227671005220161e-24, nan 
169.375, 80.125, 9.277264042997204e-24, nan 
169.625, 80.125, 9.867394326838456e-24, nan 
169.875, 80.125, 8.390743308303613e-24, nan 
170.125, 80.125, 8.227735968628054e-24, nan 
170.375, 80.125, 8.403458219063575e-24, nan 
170.625, 80.125, 8.46969604022602e-24, nan 
170.875, 80.125, 7.930797875041286e-24, nan 
171.125, 80.125, 8.033660519259167e-24, nan 
171.375, 80.125, 9.192149744744658e-24, nan 
171.625, 80.125, 7.424483979275956e-24, nan 
171.875, 80.125, 9.483950045324177e-24, nan 
172.125, 80.125, 7.448518087782827e-24, nan 
172.375, 80.125, 8.237557337764162e-24, nan 
172.625, 80.125, 9.361508968779755e-24, nan 
172.875, 80.125, 7.951330542465145e-24, nan 
173.125, 80.125, 8.126344148859482e-24, nan 
173.375, 80.125, 6.996235036891411e-24, nan 
173.625, 80.125, 6.441421581048146e-24, nan 
173.875, 80.125, 6.711434867791415e-24, nan 
174.125, 80.125, 6.829698621362803e-24, nan 
174.375, 80.125, 6.071574211140997e-24, nan 
174.625, 80.125, 6.935386877125502e-24, nan 
174.875, 80.125, 6.0409216931125924e-24, nan 
175.125, 80.125, 6.9301752753425e-24, nan 
175.375, 80.125, 5.9739435184982966e-24, nan 
175.625, 80.125, 6.207002768352563e-24, nan 
175.875, 80.125, 6.2488576826658316e-24, nan 
176.125, 80.125, 6.5108445087977726e-24, nan 
176.375, 80.125, 6.4091546832845114e-24, nan 
176.625, 80.125, 5.566454916458737e-24, nan 
176.875, 80.125, 6.2737000466987946e-24, nan 
177.125, 80.125, 5.699677575104675e-24, nan 
177.375, 80.125, 6.4338658187446415e-24, nan 
177.625, 80.125, 5.776806590289405e-24, nan 
177.875, 80.125, 5.886599237832332e-24, nan 
178.125, 80.125, 5.816616331050688e-24, nan 
178.375, 80.125, 6.551024611199765e-24, nan 
178.625, 80.125, 5.667716015234964e-24, nan 
178.875, 80.125, 5.7608592220254095e-24, nan 
179.125, 80.125, 6.741537751938371e-24, nan 
179.375, 80.125, 5.6607479148515516e-24, nan 
179.625, 80.125, 6.036499289613036e-24, nan 
179.875, 80.125, 5.647613796974749e-24, nan 
-179.875, 80.375, 5.345449960569457e-24, nan 
-179.625, 80.375, 4.413024774360471e-24, nan 
-179.375, 80.375, 4.808316634628044e-24, nan 
-179.125, 80.375, 4.51942905572025e-24, nan 
-178.875, 80.375, 4.9157925711679e-24, nan 
-178.625, 80.375, 4.516026408637652e-24, nan 
-178.375, 80.375, 3.6014820776302786e-24, nan 
-178.125, 80.375, 4.0330016605784654e-24, nan 
-177.875, 80.375, 3.475591959956654e-24, nan 
-177.625, 80.375, 3.641690670923787e-24, nan 
-177.375, 80.375, 3.310331348436068e-24, nan 
-177.125, 80.375, 3.357910921581258e-24, nan 
-176.875, 80.375, 3.46756484830213e-24, nan 
-176.625, 80.375, 3.309630339813262e-24, nan 
-176.375, 80.375, 3.0521122978813583e-24, nan 
-176.125, 80.375, 2.73307196011053e-24, nan 
-175.875, 80.375, 2.9555482285889837e-24, nan 
-175.625, 80.375, 2.9883246104443763e-24, nan 
-175.375, 80.375, 2.501034781015818e-24, nan 
-175.125, 80.375, 2.2612751591705327e-24, nan 
-174.875, 80.375, 2.6130148720374573e-24, nan 
-174.625, 80.375, 2.3290957636088458e-24, nan 
17.375, 80.375, 2.570631952068835e-23, nan 
17.625, 80.375, 2.4206055423832787e-23, nan 
17.875, 80.375, 2.9067613244550806e-23, nan 
18.125, 80.375, 2.1906563494058302e-23, nan 
18.375, 80.375, 2.1694631569416557e-23, nan 
18.625, 80.375, 2.3715394315987744e-23, nan 
18.875, 80.375, 2.517137377445216e-23, nan 
19.125, 80.375, 3.2163015646911165e-23, nan 
19.375, 80.375, 2.3085056369559752e-23, nan 
19.625, 80.375, 2.2041180690236384e-23, nan 
19.875, 80.375, 1.6038496043988154e-23, nan 
20.125, 80.375, 1.2562027665489219e-23, nan 
20.375, 80.375, 1.515690109785119e-23, nan 
20.625, 80.375, 2.409442754195683e-23, nan 
20.875, 80.375, 1.627289298059224e-23, nan 
21.125, 80.375, 1.226944047025542e-23, nan 
21.375, 80.375, 1.8730045207516025e-23, nan 
21.625, 80.375, 1.7678943711644428e-23, nan 
21.875, 80.375, 4.4992642460534664e-23, nan 
22.125, 80.375, 2.676203013950257e-23, nan 
22.375, 80.375, 3.168790896416812e-23, nan 
22.625, 80.375, 3.426295735017645e-23, nan 
22.875, 80.375, 2.2311947855482285e-23, nan 
23.125, 80.375, 2.5039569905375822e-23, nan 
23.375, 80.375, 1.844244721325089e-23, nan 
23.625, 80.375, 3.0714434453108334e-23, nan 
23.875, 80.375, 3.7040478389040115e-23, nan 
24.125, 80.375, 2.756403503429251e-23, nan 
24.375, 80.375, 2.446005924425598e-23, nan 
24.625, 80.375, 2.539925338941653e-23, nan 
24.875, 80.375, 1.8085905298267784e-23, nan 
25.125, 80.375, 4.2352192107776885e-23, nan 
25.375, 80.375, 3.3381009894812163e-23, nan 
25.625, 80.375, 3.4930103931853806e-23, nan 
25.875, 80.375, 3.1346774170794334e-23, nan 
26.125, 80.375, 2.854058704895606e-23, nan 
26.375, 80.375, 3.207431418031161e-23, nan 
26.625, 80.375, 4.3883093308273117e-23, nan 
26.875, 80.375, 5.2894521410465033e-23, nan 
27.125, 80.375, 5.366282106887622e-23, nan 
27.375, 80.375, 4.192380974710637e-23, nan 
27.625, 80.375, 2.921194597988645e-23, nan 
27.875, 80.375, 2.7390293944679857e-23, nan 
28.125, 80.375, 3.2574443671613115e-23, nan 
28.375, 80.375, 2.7162587722012113e-23, nan 
28.625, 80.375, 3.986506362768821e-23, nan 
28.875, 80.375, 2.3657132645104077e-23, nan 
29.125, 80.375, 1.1125844328379247e-23, nan 
29.375, 80.375, 2.1151183401904255e-23, nan 
29.625, 80.375, 1.4872050577941264e-23, nan 
29.875, 80.375, 4.450655109021978e-23, nan 
30.125, 80.375, 3.640853988418229e-23, nan 
30.375, 80.375, 5.757910100867333e-23, nan 
30.625, 80.375, 8.209015147588266e-23, nan 
30.875, 80.375, 6.219663994430241e-23, nan 
31.125, 80.375, 3.356421948084391e-23, nan 
31.375, 80.375, 2.6255568395171095e-23, nan 
31.625, 80.375, 6.579990062114102e-23, nan 
31.875, 80.375, 1.0130189535416385e-22, nan 
32.125, 80.375, 7.687686724903276e-23, nan 
32.375, 80.375, 4.8374050021387787e-23, nan 
32.625, 80.375, 6.167310252922795e-23, nan 
32.875, 80.375, 5.7197097318651e-23, nan 
33.125, 80.375, 5.703300953965114e-23, nan 
33.375, 80.375, 5.756944032640518e-23, nan 
33.625, 80.375, 4.94647208039922e-23, nan 
33.875, 80.375, 4.858124383332641e-23, nan 
34.125, 80.375, 4.427738122457915e-23, nan 
34.375, 80.375, 3.029068105943547e-23, nan 
34.625, 80.375, 1.8656054492005286e-23, nan 
34.875, 80.375, 1.634593602318233e-23, nan 
35.125, 80.375, 1.2643601288760281e-23, nan 
35.375, 80.375, 1.2213200254059732e-23, nan 
35.625, 80.375, 1.6138467888801144e-23, nan 
35.875, 80.375, 1.8255432049114174e-23, nan 
36.125, 80.375, 3.026553254904031e-23, nan 
36.375, 80.375, 3.0980790363340804e-23, nan 
36.625, 80.375, 3.215508682286677e-23, nan 
36.875, 80.375, 1.7603624327229787e-23, nan 
37.125, 80.375, 2.087013031078219e-23, nan 
37.375, 80.375, 3.9718062373755015e-23, nan 
37.625, 80.375, 3.3575516944409993e-23, nan 
37.875, 80.375, 3.405075366492153e-23, nan 
38.125, 80.375, 2.8549733075894226e-23, nan 
38.375, 80.375, 1.6974142027793796e-23, nan 
38.625, 80.375, 5.963233370377281e-23, nan 
38.875, 80.375, 1.595626468111041e-23, nan 
39.125, 80.375, 1.3931352732358795e-23, nan 
39.375, 80.375, 2.2875712044100548e-23, nan 
39.625, 80.375, 2.679575041852167e-23, nan 
39.875, 80.375, 4.797082997249601e-23, nan 
40.125, 80.375, 2.7280957165859465e-23, nan 
40.375, 80.375, 3.278731110850179e-23, nan 
40.625, 80.375, 4.1258233075354514e-23, nan 
40.875, 80.375, 3.398812899825851e-23, nan 
41.125, 80.375, 3.928106514707016e-23, nan 
41.375, 80.375, 2.8550717352807116e-23, nan 
41.625, 80.375, 3.3923910311502454e-23, nan 
41.875, 80.375, 4.435240435443427e-23, nan 
42.125, 80.375, 3.5639728330588454e-23, nan 
42.375, 80.375, 2.741351816245207e-23, nan 
42.625, 80.375, 3.2667041024045517e-23, nan 
42.875, 80.375, 2.0737005365334982e-23, nan 
43.125, 80.375, 3.3247275681357097e-23, nan 
43.375, 80.375, 2.8330332140192323e-23, nan 
43.625, 80.375, 3.148792507450469e-23, nan 
43.875, 80.375, 3.440466068488658e-23, nan 
44.125, 80.375, 3.4299889994303525e-23, nan 
44.375, 80.375, 2.2057029706129497e-23, nan 
44.625, 80.375, 2.1686824601506938e-23, nan 
44.875, 80.375, 3.310606494683189e-23, nan 
45.125, 80.375, 3.7096051247847294e-23, nan 
45.375, 80.375, 1.2199475513482172e-23, nan 
45.625, 80.375, 1.909927496813393e-23, nan 
45.875, 80.375, 1.6639434855132627e-23, nan 
46.125, 80.375, 1.6283579688325595e-23, nan 
46.375, 80.375, 1.1042748360236542e-23, nan 
46.625, 80.375, 9.496360287155367e-24, nan 
46.875, 80.375, 7.86758544412313e-24, nan 
47.125, 80.375, 7.49789241426113e-24, nan 
47.375, 80.375, 7.293240323126065e-24, nan 
47.625, 80.375, 7.117579956876676e-24, nan 
47.875, 80.375, 7.412755275303171e-24, nan 
48.125, 80.375, 7.707908940183032e-24, nan 
48.375, 80.375, 1.1886941307990328e-23, nan 
48.625, 80.375, 8.238819699227676e-24, nan 
48.875, 80.375, 1.4303963620362974e-23, nan 
49.125, 80.375, 7.803219875753038e-24, nan 
49.375, 80.375, 9.123133576628425e-24, nan 
49.625, 80.375, 2.5698008565786387e-23, nan 
49.875, 80.375, 1.7416817943800313e-23, nan 
50.125, 80.375, 3.7725020954464015e-23, nan 
50.375, 80.375, 1.6095611254578227e-23, nan 
50.625, 80.375, 1.5124219600583083e-23, nan 
50.875, 80.375, 2.0211419163772635e-23, nan 
51.125, 80.375, 1.5283734767224957e-23, nan 
51.375, 80.375, 2.7885737522831605e-23, nan 
51.625, 80.375, 1.4382648746192298e-23, nan 
51.875, 80.375, 1.6294015783304158e-23, nan 
52.125, 80.375, 1.4715559004811468e-23, nan 
52.375, 80.375, 9.468350531570235e-24, nan 
52.625, 80.375, 1.0153785655120046e-23, nan 
52.875, 80.375, 7.77958280342122e-24, nan 
53.125, 80.375, 6.947862392337493e-24, nan 
53.375, 80.375, 1.0641728172417247e-23, nan 
53.625, 80.375, 2.2269896332539867e-23, nan 
53.875, 80.375, 2.1721565793928403e-23, nan 
54.125, 80.375, 2.308782383325728e-23, nan 
54.375, 80.375, 2.2468074441674694e-23, nan 
54.625, 80.375, 2.673074199382612e-23, nan 
54.875, 80.375, 2.3172103831556756e-23, nan 
55.125, 80.375, 2.887863528059707e-23, nan 
55.375, 80.375, 3.770987350461734e-23, nan 
55.625, 80.375, 2.9395654629492047e-23, nan 
55.875, 80.375, 4.138145038962072e-23, nan 
56.125, 80.375, 3.853901987069185e-23, nan 
56.375, 80.375, 4.9846658990114946e-23, nan 
56.625, 80.375, 5.303748550029105e-23, nan 
56.875, 80.375, 5.186514058154047e-23, nan 
57.125, 80.375, 4.705603853836645e-23, nan 
57.375, 80.375, 1.3280332789068867e-22, nan 
57.625, 80.375, 1.8951087024862886e-22, nan 
57.875, 80.375, 1.7715238698699712e-22, nan 
58.125, 80.375, 1.8404794144688484e-22, nan 
58.375, 80.375, 1.6274799422985385e-22, nan 
58.625, 80.375, 1.4811372527882672e-22, nan 
58.875, 80.375, 2.2291021576905434e-22, nan 
59.125, 80.375, 2.0373860529641798e-22, nan 
59.375, 80.375, 2.0558564417531857e-22, nan 
59.625, 80.375, 1.8287225300109908e-22, nan 
59.875, 80.375, 6.085346164012229e-23, nan 
60.125, 80.375, 7.093735415551813e-23, nan 
60.375, 80.375, 5.797133650357047e-23, nan 
60.625, 80.375, 5.519343391512296e-23, nan 
60.875, 80.375, 5.396442334999505e-23, nan 
61.125, 80.375, 5.79757005132568e-23, nan 
61.375, 80.375, 5.190852157218449e-23, nan 
61.625, 80.375, 4.0058737805836326e-23, nan 
61.875, 80.375, 3.035170455386453e-23, nan 
62.125, 80.375, 5.046911722823273e-23, nan 
62.375, 80.375, 6.330760378500607e-23, nan 
62.625, 80.375, 4.299458432102598e-23, nan 
62.875, 80.375, 7.084902013159362e-23, nan 
63.125, 80.375, 6.362291863432695e-23, nan 
63.375, 80.375, 6.755823180497645e-23, nan 
63.625, 80.375, 6.721195587492712e-23, nan 
63.875, 80.375, 6.447544577929222e-23, nan 
64.125, 80.375, 5.515596952795898e-23, nan 
64.375, 80.375, 5.071377886423424e-23, nan 
64.625, 80.375, 4.740122052992862e-23, nan 
64.875, 80.375, 4.4456676816234446e-23, nan 
65.125, 80.375, 3.931653989498746e-23, nan 
65.375, 80.375, 4.656676967389941e-23, nan 
65.625, 80.375, 5.068212989506147e-23, nan 
65.875, 80.375, 4.24394575969599e-23, nan 
66.125, 80.375, 4.496540095586843e-23, nan 
66.375, 80.375, 5.990344261077283e-23, nan 
66.625, 80.375, 5.703837798948691e-23, nan 
66.875, 80.375, 5.66349361585902e-23, nan 
67.125, 80.375, 4.9233565995516804e-23, nan 
67.375, 80.375, 5.97690177444628e-23, nan 
67.625, 80.375, 5.1304720832609637e-23, nan 
67.875, 80.375, 5.1594609271412295e-23, nan 
68.125, 80.375, 5.442163997664415e-23, nan 
68.375, 80.375, 5.681715653842083e-23, nan 
68.625, 80.375, 5.604875410750638e-23, nan 
68.875, 80.375, 5.449197554158051e-23, nan 
69.125, 80.375, 5.640756493818481e-23, nan 
69.375, 80.375, 5.075337519495851e-23, nan 
69.625, 80.375, 5.161445837877102e-23, nan 
69.875, 80.375, 3.9508494552625045e-23, nan 
70.125, 80.375, 3.806643531748409e-23, nan 
70.375, 80.375, 3.8074801140750447e-23, nan 
70.625, 80.375, 4.055292186311385e-23, nan 
70.875, 80.375, 3.1081343964444266e-23, nan 
71.125, 80.375, 3.0987750012237846e-23, nan 
71.375, 80.375, 5.81682641363414e-23, nan 
71.625, 80.375, 7.438478881219384e-23, nan 
71.875, 80.375, 5.919408665687999e-23, nan 
72.125, 80.375, 5.2585813993925684e-23, nan 
72.375, 80.375, 4.027829539792551e-23, nan 
72.625, 80.375, 5.968037688581805e-23, nan 
72.875, 80.375, 4.8704408829833223e-23, nan 
73.125, 80.375, 5.620265631870126e-23, nan 
73.375, 80.375, 2.916773491019717e-23, nan 
73.625, 80.375, 5.74931443981985e-23, nan 
73.875, 80.375, 2.4460888739503533e-23, nan 
74.125, 80.375, 3.3543246124882864e-23, nan 
74.375, 80.375, 1.8568164353088042e-23, nan 
74.625, 80.375, 1.738176708519021e-23, nan 
74.875, 80.375, 3.2161857382695225e-23, nan 
75.125, 80.375, 5.96259152882883e-23, nan 
75.375, 80.375, 4.023153579748634e-23, nan 
75.625, 80.375, 6.227583478845352e-23, nan 
75.875, 80.375, 7.569567713998548e-23, nan 
76.125, 80.375, 6.632747009389807e-23, nan 
76.375, 80.375, 5.30349443806744e-23, nan 
76.625, 80.375, 4.7966307075910524e-23, nan 
76.875, 80.375, 4.115143745108307e-23, nan 
77.125, 80.375, 4.431394790692565e-23, nan 
77.375, 80.375, 4.77092884354033e-23, nan 
77.625, 80.375, 5.154077400494606e-23, nan 
77.875, 80.375, 8.247120596348222e-23, nan 
78.125, 80.375, 9.322086112022107e-23, nan 
78.375, 80.375, 1.1706821422731011e-22, nan 
78.625, 80.375, 1.1570848844693154e-22, nan 
78.875, 80.375, 1.0216028281186196e-22, nan 
79.125, 80.375, 9.232150891183815e-23, nan 
79.375, 80.375, 8.660181595444271e-23, nan 
79.625, 80.375, 6.994179363196698e-23, nan 
79.875, 80.375, 9.096255126911588e-23, nan 
80.125, 80.375, 8.349166364982212e-23, nan 
80.375, 80.375, 1.3150498680324384e-22, nan 
80.625, 80.375, 9.627894639310968e-23, nan 
80.875, 80.375, 1.060803130254855e-22, nan 
81.125, 80.375, 1.5041408699047685e-22, nan 
81.375, 80.375, 1.2142143800114301e-22, nan 
81.625, 80.375, 1.5189802187115042e-22, nan 
81.875, 80.375, 1.4750144408677454e-22, nan 
82.125, 80.375, 1.286929903404671e-22, nan 
82.375, 80.375, 1.1787618348262046e-22, nan 
82.625, 80.375, 1.4229375562943622e-22, nan 
82.875, 80.375, 1.4047270455333518e-22, nan 
83.125, 80.375, 1.4509170586432515e-22, nan 
83.375, 80.375, 1.214705497654249e-22, nan 
83.625, 80.375, 1.4010526310808153e-22, nan 
83.875, 80.375, 1.955375952082007e-22, nan 
84.125, 80.375, 1.8961449137107855e-22, nan 
84.375, 80.375, 1.8482784960604891e-22, nan 
84.625, 80.375, 1.9510442482806286e-22, nan 
84.875, 80.375, 2.1595645426677397e-22, nan 
85.125, 80.375, 2.0684102077361857e-22, nan 
85.375, 80.375, 2.1140872342759711e-22, nan 
85.625, 80.375, 1.9531014431667192e-22, nan 
85.875, 80.375, 2.0398710594701194e-22, nan 
86.125, 80.375, 2.1156247606878128e-22, nan 
86.375, 80.375, 1.9163337873567616e-22, nan 
86.625, 80.375, 2.143112211326381e-22, nan 
86.875, 80.375, 1.8410098083530087e-22, nan 
87.125, 80.375, 2.328898133894825e-22, nan 
87.375, 80.375, 1.9042615856004296e-22, nan 
87.625, 80.375, 1.4830132308189193e-22, nan 
87.875, 80.375, 1.8267112670151188e-22, nan 
88.125, 80.375, 1.8826447568619674e-22, nan 
88.375, 80.375, 1.6238374655328269e-22, nan 
88.625, 80.375, 1.0298633477661269e-22, nan 
88.875, 80.375, 1.4067679172552516e-22, nan 
89.125, 80.375, 1.562025820454276e-22, nan 
89.375, 80.375, 2.071494630374557e-22, nan 
89.625, 80.375, 1.1452366513517438e-22, nan 
89.875, 80.375, 8.86558445250993e-23, nan 
90.125, 80.375, 1.4554410413423126e-22, nan 
90.375, 80.375, 1.481550289103348e-22, nan 
90.625, 80.375, 1.4320531307688587e-22, nan 
90.875, 80.375, 1.359622230730338e-22, nan 
91.125, 80.375, 1.2087796374123723e-22, nan 
91.375, 80.375, 1.2860123628376546e-22, nan 
91.625, 80.375, 7.524494914525253e-23, nan 
91.875, 80.375, 5.200415888879349e-23, nan 
92.125, 80.375, 9.644296765338201e-23, nan 
92.375, 80.375, 1.1778850544983667e-22, nan 
92.625, 80.375, 1.462798328176915e-22, nan 
92.875, 80.375, 1.6142615248290448e-22, nan 
93.125, 80.375, 1.4884997487700566e-22, nan 
93.375, 80.375, 9.065084272157686e-23, nan 
93.625, 80.375, 1.1605727143744452e-22, nan 
93.875, 80.375, 1.1593352849721797e-22, nan 
94.125, 80.375, 6.549855869687514e-23, nan 
94.375, 80.375, 4.351910814927518e-23, nan 
94.625, 80.375, 4.088261505394869e-23, nan 
94.875, 80.375, 1.3187845888349148e-22, nan 
95.125, 80.375, 2.7486012552695944e-22, nan 
95.375, 80.375, 1.8468359982428353e-22, nan 
95.625, 80.375, 1.6849670573837996e-22, nan 
95.875, 80.375, 1.2535753208832423e-22, nan 
96.125, 80.375, 1.6527142543035487e-22, nan 
96.375, 80.375, 2.583942602920038e-22, nan 
96.625, 80.375, 1.7917195030096332e-22, nan 
96.875, 80.375, 1.4334457856934694e-22, nan 
97.125, 80.375, 1.729284561114501e-22, nan 
97.375, 80.375, 1.2381995747728106e-22, nan 
97.625, 80.375, 1.0732659000471635e-22, nan 
97.875, 80.375, 1.1365832638830324e-22, nan 
98.125, 80.375, 1.417068669776017e-22, nan 
98.375, 80.375, 1.2420891223865877e-22, nan 
98.625, 80.375, 1.3490366649048966e-22, nan 
98.875, 80.375, 1.3218712498645584e-22, nan 
99.125, 80.375, 1.0630878790813113e-22, nan 
99.375, 80.375, 8.63352610686729e-23, nan 
99.625, 80.375, 1.123720457572281e-22, nan 
99.875, 80.375, 1.040382181480883e-22, nan 
100.125, 80.375, 1.3575939657654097e-22, nan 
100.375, 80.375, 1.5544419817292902e-22, nan 
100.625, 80.375, 1.4980615363326333e-22, nan 
100.875, 80.375, 1.1834222904438266e-22, nan 
101.125, 80.375, 1.2895924318701052e-22, nan 
101.375, 80.375, 1.3700928262541704e-22, nan 
101.625, 80.375, 1.566914385715737e-22, nan 
101.875, 80.375, 1.556729225404901e-22, nan 
102.125, 80.375, 1.0138092442290451e-22, nan 
102.375, 80.375, 1.9421237282498024e-22, nan 
102.625, 80.375, 1.76974783106077e-22, nan 
102.875, 80.375, 2.1066800152778533e-22, nan 
103.125, 80.375, 1.864836188076814e-22, nan 
103.375, 80.375, 1.7771689866254152e-22, nan 
103.625, 80.375, 2.4533622269807974e-22, nan 
103.875, 80.375, 1.740514397914015e-22, nan 
104.125, 80.375, 2.1625971898761525e-22, nan 
104.375, 80.375, 2.270892952044496e-22, nan 
104.625, 80.375, 2.1121114773534197e-22, nan 
104.875, 80.375, 1.6692180425617239e-22, nan 
105.125, 80.375, 1.7150186820219247e-22, nan 
105.375, 80.375, 1.6421449940107676e-22, nan 
105.625, 80.375, 1.568547809092403e-22, nan 
105.875, 80.375, 1.2330693857301686e-22, nan 
106.125, 80.375, 2.0519813657019382e-22, nan 
106.375, 80.375, 2.174129350503957e-22, nan 
106.625, 80.375, 1.8541067691054578e-22, nan 
106.875, 80.375, 1.583553746627676e-22, nan 
107.125, 80.375, 1.8331689686293664e-22, nan 
107.375, 80.375, 2.0722057697288406e-22, nan 
107.625, 80.375, 2.1747104254315e-22, nan 
107.875, 80.375, 1.6397306984099053e-22, nan 
108.125, 80.375, 1.889915584243138e-22, nan 
108.375, 80.375, 1.5255528465170988e-22, nan 
108.625, 80.375, 7.708293838782037e-23, nan 
108.875, 80.375, 7.759910982041427e-23, nan 
109.125, 80.375, 1.0201666474712985e-22, nan 
109.375, 80.375, 1.0929300440821471e-22, nan 
109.625, 80.375, 1.1475417625457943e-22, nan 
109.875, 80.375, 6.697825159650323e-23, nan 
110.125, 80.375, 6.286594073642156e-23, nan 
110.375, 80.375, 9.38029515429057e-23, nan 
110.625, 80.375, 7.651832062576211e-23, nan 
110.875, 80.375, 2.9625317627836594e-23, nan 
111.125, 80.375, 1.2982411490734284e-22, nan 
111.375, 80.375, 1.1567877939398095e-22, nan 
111.625, 80.375, 1.4053593813718973e-22, nan 
111.875, 80.375, 1.4830606063224024e-22, nan 
112.125, 80.375, 6.857188998382162e-23, nan 
112.375, 80.375, 1.1039038698838676e-22, nan 
112.625, 80.375, 1.3664905467397202e-22, nan 
112.875, 80.375, 1.5383773740520513e-22, nan 
113.125, 80.375, 1.7012859927066974e-22, nan 
113.375, 80.375, 1.2431306176348867e-22, nan 
113.625, 80.375, 7.382339462662366e-23, nan 
113.875, 80.375, 9.53541551586351e-23, nan 
114.125, 80.375, 5.217426724699388e-23, nan 
114.375, 80.375, 4.928158968651703e-23, nan 
114.625, 80.375, 6.773510038469567e-23, nan 
114.875, 80.375, 1.7957860925207875e-22, nan 
115.125, 80.375, 1.5668177278609617e-22, nan 
115.375, 80.375, 1.757888524945583e-22, nan 
115.625, 80.375, 1.3471676637284532e-22, nan 
115.875, 80.375, 9.305363699306362e-23, nan 
116.125, 80.375, 1.4935340476071697e-22, nan 
116.375, 80.375, 1.5428902568187207e-22, nan 
116.625, 80.375, 1.8713258245773133e-22, nan 
116.875, 80.375, 1.7321127040855847e-22, nan 
117.125, 80.375, 1.2144891334807449e-22, nan 
117.375, 80.375, 1.081414259910638e-22, nan 
117.625, 80.375, 1.2966681705764548e-22, nan 
117.875, 80.375, 1.367993345286384e-22, nan 
118.125, 80.375, 1.3907687426098697e-22, nan 
118.375, 80.375, 1.172387375523428e-22, nan 
118.625, 80.375, 1.253782725120764e-22, nan 
118.875, 80.375, 1.4013911477325829e-22, nan 
119.125, 80.375, 1.32091646305734e-22, nan 
119.375, 80.375, 1.4303525312177722e-22, nan 
119.625, 80.375, 1.3702478965528794e-22, nan 
119.875, 80.375, 1.3985919329758104e-22, nan 
120.125, 80.375, 1.0970641172625034e-22, nan 
120.375, 80.375, 1.0139429501925717e-22, nan 
120.625, 80.375, 9.460193093552672e-23, nan 
120.875, 80.375, 8.587936796172625e-23, nan 
121.125, 80.375, 9.99828148836541e-23, nan 
121.375, 80.375, 4.336890040554143e-23, nan 
121.625, 80.375, 6.749827972489795e-23, nan 
121.875, 80.375, 7.797777419274539e-23, nan 
122.125, 80.375, 4.184557038177941e-23, nan 
122.375, 80.375, 3.396053080388601e-23, nan 
122.625, 80.375, 4.281506648358576e-23, nan 
122.875, 80.375, 6.640089289761056e-23, nan 
123.125, 80.375, 6.391872059198532e-23, nan 
123.375, 80.375, 4.101750357678532e-23, nan 
123.625, 80.375, 4.555615785391591e-23, nan 
123.875, 80.375, 3.7422177673842644e-23, nan 
124.125, 80.375, 4.2530182842246356e-23, nan 
124.375, 80.375, 4.2544177649614815e-23, nan 
124.625, 80.375, 4.9957210490639675e-23, nan 
124.875, 80.375, 4.071586941248496e-23, nan 
125.125, 80.375, 3.702151464579542e-23, nan 
125.375, 80.375, 4.9489539069241466e-23, nan 
125.625, 80.375, 4.111076246160804e-23, nan 
125.875, 80.375, 5.115612098116932e-23, nan 
126.125, 80.375, 6.239613718941615e-23, nan 
126.375, 80.375, 6.159839968933163e-23, nan 
126.625, 80.375, 6.939043704918067e-23, nan 
126.875, 80.375, 5.074733464357403e-23, nan 
127.125, 80.375, 2.910190980430837e-23, nan 
127.375, 80.375, 3.56999972657814e-23, nan 
127.625, 80.375, 2.851710455354452e-23, nan 
127.875, 80.375, 1.0772229934012512e-23, nan 
128.125, 80.375, 1.364894517312095e-23, nan 
128.375, 80.375, 2.582053320143972e-23, nan 
128.625, 80.375, 2.2006798335503777e-23, nan 
128.875, 80.375, 3.4929870479977933e-23, nan 
129.125, 80.375, 1.64952904060631e-23, nan 
129.375, 80.375, 1.4538943228548137e-23, nan 
129.625, 80.375, 2.1078585017087307e-23, nan 
129.875, 80.375, 4.2091116140337634e-23, nan 
130.125, 80.375, 5.988827254817983e-23, nan 
130.375, 80.375, 7.305294870707961e-23, nan 
130.625, 80.375, 3.060284277367929e-23, nan 
130.875, 80.375, 8.614634559708171e-24, nan 
131.125, 80.375, 6.33632730320473e-23, nan 
131.375, 80.375, 8.002401503404192e-23, nan 
131.625, 80.375, 1.0207124139670482e-22, nan 
131.875, 80.375, 3.81657879756222e-23, nan 
132.125, 80.375, 3.4353333681684603e-23, nan 
132.375, 80.375, 5.01576570150493e-23, nan 
132.625, 80.375, 4.998220365289105e-23, nan 
132.875, 80.375, 5.883997799748489e-23, nan 
133.125, 80.375, 3.3390501280109834e-23, nan 
133.375, 80.375, 2.7932802405393484e-23, nan 
133.625, 80.375, 1.8084420004721167e-23, nan 
133.875, 80.375, 1.9470225057591515e-23, nan 
134.125, 80.375, 3.0203216953138247e-23, nan 
134.375, 80.375, 2.513808480592923e-23, nan 
134.625, 80.375, 2.331074228399065e-23, nan 
134.875, 80.375, 2.2089576104874952e-23, nan 
135.125, 80.375, 1.771061052246684e-23, nan 
135.375, 80.375, 1.6331286052971747e-23, nan 
135.625, 80.375, 1.1958287686258103e-23, nan 
135.875, 80.375, 2.2569173535205894e-23, nan 
136.125, 80.375, 1.504712168034988e-23, nan 
136.375, 80.375, 9.693526162150406e-24, nan 
136.625, 80.375, 1.7018827062987183e-23, nan 
136.875, 80.375, 1.4596249270789617e-23, nan 
137.125, 80.375, 9.057432339873406e-24, nan 
137.375, 80.375, 1.1880987881218627e-23, nan 
137.625, 80.375, 1.8522484723431664e-23, nan 
137.875, 80.375, 1.2775437348692099e-23, nan 
138.125, 80.375, 9.295706876271107e-24, nan 
138.375, 80.375, 1.0952615338495378e-23, nan 
138.625, 80.375, 1.592886766045573e-23, nan 
138.875, 80.375, 1.8714559144013477e-23, nan 
139.125, 80.375, 1.5511996857097856e-23, nan 
139.375, 80.375, 1.6569337984791302e-23, nan 
139.625, 80.375, 1.5067033400518752e-23, nan 
139.875, 80.375, 1.710917456848844e-23, nan 
140.125, 80.375, 1.8706649164419061e-23, nan 
140.375, 80.375, 1.5771553889906341e-23, nan 
140.625, 80.375, 1.6265571446388452e-23, nan 
140.875, 80.375, 2.1509830032568576e-23, nan 
141.125, 80.375, 1.8919775294403334e-23, nan 
141.375, 80.375, 1.9933060739004982e-23, nan 
141.625, 80.375, 2.300081491497464e-23, nan 
141.875, 80.375, 2.27158356695066e-23, nan 
142.125, 80.375, 2.7254198029706514e-23, nan 
142.375, 80.375, 3.5692400294481395e-23, nan 
142.625, 80.375, 3.622248275708778e-23, nan 
142.875, 80.375, 5.06838552786786e-23, nan 
143.125, 80.375, 3.4556358174794284e-23, nan 
143.375, 80.375, 2.797192278714617e-23, nan 
143.625, 80.375, 2.1966540107748017e-23, nan 
143.875, 80.375, 1.8542727478123154e-23, nan 
144.125, 80.375, 2.131901668008164e-23, nan 
144.375, 80.375, 2.1201629857124056e-23, nan 
144.625, 80.375, 1.6661399604694615e-23, nan 
144.875, 80.375, 1.9270274934634837e-23, nan 
145.125, 80.375, 1.6984268485116096e-23, nan 
145.375, 80.375, 1.6132867773891074e-23, nan 
145.625, 80.375, 1.5824219550801717e-23, nan 
145.875, 80.375, 1.4062782245669195e-23, nan 
146.125, 80.375, 1.3519084833323666e-23, nan 
146.375, 80.375, 1.2768696305074191e-23, nan 
146.625, 80.375, 1.3700108697340584e-23, nan 
146.875, 80.375, 1.1650768231516196e-23, nan 
147.125, 80.375, 1.1708598985932625e-23, nan 
147.375, 80.375, 1.138309977521365e-23, nan 
147.625, 80.375, 1.5585860004346326e-23, nan 
147.875, 80.375, 1.9936738806477537e-23, nan 
148.125, 80.375, 1.8156028251524345e-23, nan 
148.375, 80.375, 1.4492245215210902e-23, nan 
148.625, 80.375, 1.15187678097964e-23, nan 
148.875, 80.375, 1.331452068727594e-23, nan 
149.125, 80.375, 1.7010664580071742e-23, nan 
149.375, 80.375, 1.383699316177471e-23, nan 
149.625, 80.375, 1.0695787001411266e-23, nan 
149.875, 80.375, 8.277241700114724e-24, nan 
150.125, 80.375, 1.094293738087443e-23, nan 
150.375, 80.375, 1.3622698289364763e-23, nan 
150.625, 80.375, 1.4999347851072987e-23, nan 
150.875, 80.375, 1.589646284946458e-23, nan 
151.125, 80.375, 1.2063222097090173e-23, nan 
151.375, 80.375, 7.53077509121371e-24, nan 
151.625, 80.375, 6.74379635677099e-24, nan 
151.875, 80.375, 6.814315009822786e-24, nan 
152.125, 80.375, 8.712337454862528e-24, nan 
152.375, 80.375, 7.406518952119502e-24, nan 
152.625, 80.375, 6.526700422093052e-24, nan 
152.875, 80.375, 8.073538958277078e-24, nan 
153.125, 80.375, 7.00207128998918e-24, nan 
153.375, 80.375, 8.149801612182198e-24, nan 
153.625, 80.375, 8.79396208061552e-24, nan 
153.875, 80.375, 5.3953693453248826e-24, nan 
154.125, 80.375, 9.596893103763802e-24, nan 
154.375, 80.375, 1.1516199708840051e-23, nan 
154.625, 80.375, 1.0511796755787095e-23, nan 
154.875, 80.375, 1.2452935009191958e-23, nan 
155.125, 80.375, 9.268034804791773e-24, nan 
155.375, 80.375, 9.869422124892747e-24, nan 
155.625, 80.375, 1.089937813704996e-23, nan 
155.875, 80.375, 1.0146759342214768e-23, nan 
156.125, 80.375, 1.2746018238687132e-23, nan 
156.375, 80.375, 1.1537727315495218e-23, nan 
156.625, 80.375, 1.0254909202410821e-23, nan 
156.875, 80.375, 1.3820651875691866e-23, nan 
157.125, 80.375, 1.2090293994663192e-23, nan 
157.375, 80.375, 9.823983631950589e-24, nan 
157.625, 80.375, 9.772906879493181e-24, nan 
157.875, 80.375, 9.788101205014985e-24, nan 
158.125, 80.375, 1.1096753884983662e-23, nan 
158.375, 80.375, 1.0637317769244332e-23, nan 
158.625, 80.375, 1.2782113545588805e-23, nan 
158.875, 80.375, 1.1452838357519383e-23, nan 
159.125, 80.375, 1.1083176943162735e-23, nan 
159.375, 80.375, 1.3104959581821719e-23, nan 
159.625, 80.375, 8.734394016771395e-24, nan 
159.875, 80.375, 8.987301467266748e-24, nan 
160.125, 80.375, 1.4677554626471577e-23, nan 
160.375, 80.375, 2.082789873557923e-23, nan 
160.625, 80.375, 1.8689332969967558e-23, nan 
160.875, 80.375, 2.0526851989874825e-23, nan 
161.125, 80.375, 2.0957792498182165e-23, nan 
161.375, 80.375, 2.061995337206619e-23, nan 
161.625, 80.375, 2.031482722356884e-23, nan 
161.875, 80.375, 1.9189787422642258e-23, nan 
162.125, 80.375, 1.9912358089355722e-23, nan 
162.375, 80.375, 1.8583744165536178e-23, nan 
162.625, 80.375, 1.7782697850693478e-23, nan 
162.875, 80.375, 1.6143435344870508e-23, nan 
163.125, 80.375, 1.6144953074232153e-23, nan 
163.375, 80.375, 1.5056636979120172e-23, nan 
163.625, 80.375, 1.5892566660178348e-23, nan 
163.875, 80.375, 1.2242849467818456e-23, nan 
164.125, 80.375, 1.2796837671263615e-23, nan 
164.375, 80.375, 1.4114199013193397e-23, nan 
164.625, 80.375, 1.2875050501447563e-23, nan 
164.875, 80.375, 1.3400923456245382e-23, nan 
165.125, 80.375, 1.2835808523574731e-23, nan 
165.375, 80.375, 1.0848696618793608e-23, nan 
165.625, 80.375, 1.2446727435934751e-23, nan 
165.875, 80.375, 1.2501423572730508e-23, nan 
166.125, 80.375, 1.0027425454166737e-23, nan 
166.375, 80.375, 1.1956832243521295e-23, nan 
166.625, 80.375, 1.0375473123560251e-23, nan 
166.875, 80.375, 1.0713795672767867e-23, nan 
167.125, 80.375, 1.0601533600849816e-23, nan 
167.375, 80.375, 9.112734357933342e-24, nan 
167.625, 80.375, 1.003416230888645e-23, nan 
167.875, 80.375, 9.787015721724188e-24, nan 
168.125, 80.375, 8.55805574939623e-24, nan 
168.375, 80.375, 7.739854790588658e-24, nan 
168.625, 80.375, 7.783373266586617e-24, nan 
168.875, 80.375, 8.251187440180396e-24, nan 
169.125, 80.375, 8.20998588560254e-24, nan 
169.375, 80.375, 7.720563943101219e-24, nan 
169.625, 80.375, 5.9701124538895054e-24, nan 
169.875, 80.375, 6.650767742784444e-24, nan 
170.125, 80.375, 6.29652043587881e-24, nan 
170.375, 80.375, 6.454737817088815e-24, nan 
170.625, 80.375, 5.790184738543748e-24, nan 
170.875, 80.375, 6.685037215660504e-24, nan 
171.125, 80.375, 6.246678120976865e-24, nan 
171.375, 80.375, 6.504490543849599e-24, nan 
171.625, 80.375, 7.264932951244092e-24, nan 
171.875, 80.375, 8.458305983156163e-24, nan 
172.125, 80.375, 7.036842304454595e-24, nan 
172.375, 80.375, 5.9248213004461446e-24, nan 
172.625, 80.375, 5.799915194151731e-24, nan 
172.875, 80.375, 7.532403695776865e-24, nan 
173.125, 80.375, 7.71836824219107e-24, nan 
173.375, 80.375, 8.080709426055939e-24, nan 
173.625, 80.375, 7.40464180706707e-24, nan 
173.875, 80.375, 6.262575866574461e-24, nan 
174.125, 80.375, 6.77636774935313e-24, nan 
174.375, 80.375, 7.004123253083692e-24, nan 
174.625, 80.375, 7.108362902339643e-24, nan 
174.875, 80.375, 6.833213310650153e-24, nan 
175.125, 80.375, 6.406719675215704e-24, nan 
175.375, 80.375, 6.748755857964934e-24, nan 
175.625, 80.375, 7.259387610185093e-24, nan 
175.875, 80.375, 6.2544185514042106e-24, nan 
176.125, 80.375, 6.731241040108504e-24, nan 
176.375, 80.375, 7.379974607027784e-24, nan 
176.625, 80.375, 7.836052039322924e-24, nan 
176.875, 80.375, 7.906184261642332e-24, nan 
177.125, 80.375, 7.038823114995136e-24, nan 
177.375, 80.375, 6.760640245042953e-24, nan 
177.625, 80.375, 6.1805719151977915e-24, nan 
177.875, 80.375, 7.314488712282947e-24, nan 
178.125, 80.375, 5.933343417160314e-24, nan 
178.375, 80.375, 6.326303473549246e-24, nan 
178.625, 80.375, 6.70382354739319e-24, nan 
178.875, 80.375, 6.307567851429907e-24, nan 
179.125, 80.375, 6.632804333637083e-24, nan 
179.375, 80.375, 6.0722917994952644e-24, nan 
179.625, 80.375, 5.23217613659111e-24, nan 
179.875, 80.375, 5.795873496264621e-24, nan 
-179.875, 80.625, 4.16678771312622e-24, nan 
-179.625, 80.625, 3.6440844820817454e-24, nan 
-179.375, 80.625, 3.916081127032799e-24, nan 
-179.125, 80.625, 3.482602936987264e-24, nan 
-178.875, 80.625, 3.468785129990888e-24, nan 
-178.625, 80.625, 3.531932033623096e-24, nan 
-178.375, 80.625, 3.3681501909089985e-24, nan 
-178.125, 80.625, 3.712648821501111e-24, nan 
-177.875, 80.625, 3.1423244320279164e-24, nan 
-177.625, 80.625, 3.395956757261942e-24, nan 
-177.375, 80.625, 3.2063403079135153e-24, nan 
-177.125, 80.625, 2.995382492895347e-24, nan 
-176.875, 80.625, 2.6694814627387225e-24, nan 
-176.625, 80.625, 3.0554085713957614e-24, nan 
-176.375, 80.625, 2.5887948097269733e-24, nan 
-176.125, 80.625, 2.4849545589762078e-24, nan 
-175.875, 80.625, 2.3129776603112054e-24, nan 
-175.625, 80.625, 2.1702124026248125e-24, nan 
-175.375, 80.625, 1.9991103003805678e-24, nan 
-175.125, 80.625, 1.7836616125200256e-24, nan 
-174.875, 80.625, 1.4159139891488106e-24, nan 
-174.625, 80.625, 1.1710183712990238e-24, nan 
-174.375, 80.625, 1.1022513776671862e-24, nan 
17.125, 80.625, 2.5028289732466652e-23, nan 
17.375, 80.625, 2.4499679399665444e-23, nan 
17.625, 80.625, 2.3248320861360636e-23, nan 
17.875, 80.625, 8.864988809239039e-24, nan 
18.125, 80.625, 2.1875458378452076e-23, nan 
18.375, 80.625, 2.193762053916522e-23, nan 
18.625, 80.625, 2.4195457083201038e-23, nan 
18.875, 80.625, 2.6206225840411606e-23, nan 
19.125, 80.625, 2.849000610356992e-23, nan 
19.375, 80.625, 2.832251668594958e-23, nan 
19.625, 80.625, 2.9203185835437064e-23, nan 
19.875, 80.625, 1.9588693867823646e-23, nan 
20.125, 80.625, 1.3504881594273543e-23, nan 
20.375, 80.625, 1.2235688357222415e-23, nan 
20.625, 80.625, 1.5971991437109846e-23, nan 
20.875, 80.625, 2.707716459759415e-23, nan 
21.125, 80.625, 3.219652747459294e-23, nan 
21.375, 80.625, 3.3706611140796315e-23, nan 
21.625, 80.625, 2.3008517446762408e-23, nan 
21.875, 80.625, 4.4134093791159085e-23, nan 
22.125, 80.625, 4.238469716845471e-23, nan 
22.375, 80.625, 4.041471039578144e-23, nan 
22.625, 80.625, 4.076176849913245e-23, nan 
22.875, 80.625, 3.844178401706962e-23, nan 
23.125, 80.625, 1.4922816356828618e-23, nan 
23.375, 80.625, 3.354117726509004e-23, nan 
23.625, 80.625, 4.5966102400871776e-23, nan 
23.875, 80.625, 5.591579213025139e-23, nan 
24.125, 80.625, 5.481361391694899e-23, nan 
24.375, 80.625, 5.2897062972790057e-23, nan 
24.625, 80.625, 4.141602203429446e-23, nan 
24.875, 80.625, 2.1466440599176374e-23, nan 
25.125, 80.625, 5.460967738612972e-23, nan 
25.375, 80.625, 4.163627088238263e-23, nan 
25.625, 80.625, 4.931749706170264e-23, nan 
25.875, 80.625, 4.0240036178019207e-23, nan 
26.125, 80.625, 3.1282690217784595e-23, nan 
26.375, 80.625, 2.0554659414763328e-23, nan 
26.625, 80.625, 3.439855554861094e-23, nan 
26.875, 80.625, 4.6796240687480714e-23, nan 
27.125, 80.625, 3.6816543738682864e-23, nan 
27.375, 80.625, 4.092825221702913e-23, nan 
27.625, 80.625, 3.4813851928423246e-23, nan 
27.875, 80.625, 3.073472947528929e-23, nan 
28.125, 80.625, 2.912618423029519e-23, nan 
28.375, 80.625, 2.6101656640633713e-23, nan 
28.625, 80.625, 2.024555677529477e-23, nan 
28.875, 80.625, 2.5570291561908015e-23, nan 
29.125, 80.625, 2.5127711638700898e-23, nan 
29.375, 80.625, 4.372622276872735e-23, nan 
29.625, 80.625, 3.544076749652258e-23, nan 
29.875, 80.625, 5.713858068767754e-23, nan 
30.125, 80.625, 3.609135092217061e-23, nan 
30.375, 80.625, 2.2012814289714494e-23, nan 
30.625, 80.625, 3.1585366423285875e-23, nan 
30.875, 80.625, 3.936992735088944e-23, nan 
31.125, 80.625, 3.2127752828254634e-23, nan 
31.375, 80.625, 2.96025706485149e-23, nan 
31.625, 80.625, 5.1186511811235074e-23, nan 
31.875, 80.625, 4.7658491874581716e-23, nan 
32.125, 80.625, 5.972643765152503e-23, nan 
32.375, 80.625, 5.92446003252404e-23, nan 
32.625, 80.625, 7.436940728883402e-23, nan 
32.875, 80.625, 6.979836340495577e-23, nan 
33.125, 80.625, 7.253274558842018e-23, nan 
33.375, 80.625, 6.798827044048734e-23, nan 
33.625, 80.625, 7.055263592555541e-23, nan 
33.875, 80.625, 7.336257197524288e-23, nan 
34.125, 80.625, 7.599401393575783e-23, nan 
34.375, 80.625, 9.437576638423071e-23, nan 
34.625, 80.625, 8.829488657387192e-23, nan 
34.875, 80.625, 7.976097430745553e-23, nan 
35.125, 80.625, 2.1875351305262103e-23, nan 
35.375, 80.625, 4.2127622231740026e-23, nan 
35.625, 80.625, 9.134435556305384e-23, nan 
35.875, 80.625, 3.31056795909567e-23, nan 
36.125, 80.625, 8.337091099255593e-23, nan 
36.375, 80.625, 7.015939396373493e-23, nan 
36.625, 80.625, 9.098134487574798e-23, nan 
36.875, 80.625, 1.1247507720895835e-22, nan 
37.125, 80.625, 6.254918230051484e-23, nan 
37.375, 80.625, 4.000228619627909e-23, nan 
37.625, 80.625, 2.4660545346941984e-23, nan 
37.875, 80.625, 2.701236420289454e-23, nan 
38.125, 80.625, 4.039087466641769e-23, nan 
38.375, 80.625, 3.698115798779698e-23, nan 
38.625, 80.625, 4.1454820224782296e-23, nan 
38.875, 80.625, 9.824948567986436e-24, nan 
39.125, 80.625, 1.5968394859351372e-23, nan 
39.375, 80.625, 1.9115718383322354e-23, nan 
39.625, 80.625, 1.775013120749917e-23, nan 
39.875, 80.625, 2.152749145168224e-23, nan 
40.125, 80.625, 3.290216909129476e-23, nan 
40.375, 80.625, 2.713102941636494e-23, nan 
40.625, 80.625, 3.527701769928889e-23, nan 
40.875, 80.625, 4.3884525725868916e-23, nan 
41.125, 80.625, 3.855129206201293e-23, nan 
41.375, 80.625, 5.053465796980232e-23, nan 
41.625, 80.625, 5.058235743071204e-23, nan 
41.875, 80.625, 3.893955811363704e-23, nan 
42.125, 80.625, 6.47734892674453e-23, nan 
42.375, 80.625, 5.311353497851544e-23, nan 
42.625, 80.625, 4.411042853034591e-23, nan 
42.875, 80.625, 3.996447412068063e-23, nan 
43.125, 80.625, 7.467333999122384e-23, nan 
43.375, 80.625, 3.2028848172892785e-23, nan 
43.625, 80.625, 4.5797465847114846e-23, nan 
43.875, 80.625, 4.922217147408906e-23, nan 
44.125, 80.625, 4.7827613302224704e-23, nan 
44.375, 80.625, 5.172277696223565e-23, nan 
44.625, 80.625, 5.652466147240036e-23, nan 
44.875, 80.625, 5.351843789193385e-23, nan 
45.125, 80.625, 4.5664523296337995e-23, nan 
45.375, 80.625, 4.869827624136123e-23, nan 
45.625, 80.625, 4.0492158372296576e-23, nan 
45.875, 80.625, 3.6384497090516566e-23, nan 
46.125, 80.625, 1.636523043909237e-23, nan 
46.375, 80.625, 1.5094026117669747e-23, nan 
46.625, 80.625, 2.6689469059454857e-23, nan 
46.875, 80.625, 3.0203376002320277e-23, nan 
47.125, 80.625, 7.170539411254042e-24, nan 
47.375, 80.625, 1.1886339085200628e-23, nan 
47.625, 80.625, 7.337977689694325e-24, nan 
47.875, 80.625, 7.291937232996435e-24, nan 
48.125, 80.625, 6.61122399231922e-24, nan 
48.375, 80.625, 7.216631780244702e-24, nan 
48.625, 80.625, 1.0198632032735843e-23, nan 
48.875, 80.625, 1.0690484305443194e-23, nan 
49.125, 80.625, 9.655157232444278e-24, nan 
49.375, 80.625, 9.33572499380752e-24, nan 
49.625, 80.625, 1.888623576717974e-23, nan 
49.875, 80.625, 1.3232057753463594e-23, nan 
50.125, 80.625, 2.4043679882278526e-23, nan 
50.375, 80.625, 1.719483975870208e-23, nan 
50.625, 80.625, 1.6586128091111332e-23, nan 
50.875, 80.625, 1.3140567104445183e-23, nan 
51.125, 80.625, 1.1169809224238839e-23, nan 
51.375, 80.625, 1.1375289089207447e-23, nan 
51.625, 80.625, 8.63526894124962e-24, nan 
51.875, 80.625, 2.2683990554783522e-23, nan 
52.125, 80.625, 2.5311597125486707e-23, nan 
52.375, 80.625, 2.932871840284304e-23, nan 
52.625, 80.625, 3.3442781108181946e-23, nan 
52.875, 80.625, 2.507784365020533e-23, nan 
53.125, 80.625, 4.2463923702364763e-23, nan 
53.375, 80.625, 2.2804528738387264e-23, nan 
53.625, 80.625, 5.384577923414926e-23, nan 
53.875, 80.625, 5.024241280630507e-23, nan 
54.125, 80.625, 3.291062706256582e-23, nan 
54.375, 80.625, 6.784059430515367e-23, nan 
54.625, 80.625, 1.1308094639132286e-22, nan 
54.875, 80.625, 1.8292421329274878e-23, nan 
55.125, 80.625, 1.4993252537870708e-23, nan 
55.375, 80.625, 2.5487381943073679e-23, nan 
55.625, 80.625, 4.1956409096530565e-23, nan 
55.875, 80.625, 5.036345783858941e-23, nan 
56.125, 80.625, 4.4303245441315784e-23, nan 
56.375, 80.625, 5.607267390603373e-23, nan 
56.625, 80.625, 5.590004499144783e-23, nan 
56.875, 80.625, 6.787118342643167e-23, nan 
57.125, 80.625, 6.409177057580615e-23, nan 
57.375, 80.625, 7.846485745782483e-23, nan 
57.625, 80.625, 9.872842478338905e-23, nan 
57.875, 80.625, 2.3018231603025e-22, nan 
58.125, 80.625, 1.9018522420210432e-22, nan 
58.375, 80.625, 2.0064057674348421e-22, nan 
58.625, 80.625, 1.2148395384861993e-22, nan 
58.875, 80.625, 1.559087828652041e-22, nan 
59.125, 80.625, 1.429781811475585e-22, nan 
59.375, 80.625, 1.4552095075350057e-22, nan 
59.625, 80.625, 1.3185813962309207e-22, nan 
59.875, 80.625, 1.2009709463541534e-22, nan 
60.125, 80.625, 1.1354363719320624e-22, nan 
60.375, 80.625, 7.980548298125234e-23, nan 
60.625, 80.625, 9.451824774059802e-23, nan 
60.875, 80.625, 8.900613264030419e-23, nan 
61.125, 80.625, 8.303931504687862e-23, nan 
61.375, 80.625, 7.608394989711842e-23, nan 
61.625, 80.625, 7.017892823485784e-23, nan 
61.875, 80.625, 6.554719129429343e-23, nan 
62.125, 80.625, 5.651647449905664e-23, nan 
62.375, 80.625, 7.399465363104914e-23, nan 
62.625, 80.625, 5.772927850052855e-23, nan 
62.875, 80.625, 8.18177254499296e-23, nan 
63.125, 80.625, 6.739014518831809e-23, nan 
63.375, 80.625, 7.66547625293308e-23, nan 
63.625, 80.625, 7.435672606053856e-23, nan 
63.875, 80.625, 6.471455968078625e-23, nan 
64.125, 80.625, 5.597654108036755e-23, nan 
64.375, 80.625, 4.805528600840253e-23, nan 
64.625, 80.625, 5.644952075243025e-23, nan 
64.875, 80.625, 5.187142135879065e-23, nan 
65.125, 80.625, 5.167143174958247e-23, nan 
65.375, 80.625, 5.496456970422897e-23, nan 
65.625, 80.625, 5.36051226075702e-23, nan 
65.875, 80.625, 4.910743177010407e-23, nan 
66.125, 80.625, 6.047288563741159e-23, nan 
66.375, 80.625, 8.819439234366128e-23, nan 
66.625, 80.625, 6.725340454827363e-23, nan 
66.875, 80.625, 7.82507474506641e-23, nan 
67.125, 80.625, 4.953089993597846e-23, nan 
67.375, 80.625, 6.276282169289542e-23, nan 
67.625, 80.625, 6.413700035876882e-23, nan 
67.875, 80.625, 6.737965995745784e-23, nan 
68.125, 80.625, 7.781222587468007e-23, nan 
68.375, 80.625, 8.623992999301637e-23, nan 
68.625, 80.625, 8.49197139776061e-23, nan 
68.875, 80.625, 8.775899029312519e-23, nan 
69.125, 80.625, 8.16732639233033e-23, nan 
69.375, 80.625, 7.494353441003318e-23, nan 
69.625, 80.625, 9.370548312628534e-23, nan 
69.875, 80.625, 1.0552407871232976e-22, nan 
70.125, 80.625, 1.0946120732620089e-22, nan 
70.375, 80.625, 1.135230937662009e-22, nan 
70.625, 80.625, 1.1731024777470819e-22, nan 
70.875, 80.625, 1.2068648378429944e-22, nan 
71.125, 80.625, 1.120111676245078e-22, nan 
71.375, 80.625, 9.683780020993759e-23, nan 
71.625, 80.625, 1.2530263309783953e-22, nan 
71.875, 80.625, 3.628391300537438e-22, nan 
72.125, 80.625, 4.548509901045309e-22, nan 
72.375, 80.625, 3.9416892595991686e-22, nan 
72.625, 80.625, 2.821667209508541e-22, nan 
72.875, 80.625, 2.647832157034132e-22, nan 
73.125, 80.625, 3.5462675604291376e-22, nan 
73.375, 80.625, 3.2596613657538695e-22, nan 
73.625, 80.625, 3.526996143879276e-22, nan 
73.875, 80.625, 3.052690413272798e-22, nan 
74.125, 80.625, 2.992133410792711e-22, nan 
74.375, 80.625, 2.751477815039941e-22, nan 
74.625, 80.625, 2.2319711274633385e-22, nan 
74.875, 80.625, 1.6881187527315517e-22, nan 
75.125, 80.625, 1.320693977486975e-22, nan 
75.375, 80.625, 1.3254989686753192e-22, nan 
75.625, 80.625, 1.1316904740058026e-22, nan 
75.875, 80.625, 1.2471219166394926e-22, nan 
76.125, 80.625, 1.4359391902507542e-22, nan 
76.375, 80.625, 1.2722311735624406e-22, nan 
76.625, 80.625, 1.3639080351183934e-22, nan 
76.875, 80.625, 1.2391684619707738e-22, nan 
77.125, 80.625, 1.1992479050077285e-22, nan 
77.375, 80.625, 1.229164210722005e-22, nan 
77.625, 80.625, 1.2514325930702087e-22, nan 
77.875, 80.625, 1.606926816478614e-22, nan 
78.125, 80.625, 1.9854590056687455e-22, nan 
78.375, 80.625, 2.0851416789627265e-22, nan 
78.625, 80.625, 2.6013598194475274e-22, nan 
78.875, 80.625, 2.8167997794740405e-22, nan 
79.125, 80.625, 3.1482210636874094e-22, nan 
79.375, 80.625, 3.6109141407246227e-22, nan 
79.625, 80.625, 3.2094226175883244e-22, nan 
79.875, 80.625, 2.4595485623169847e-22, nan 
80.125, 80.625, 3.239513373202681e-22, nan 
80.375, 80.625, 2.9550896611784436e-22, nan 
80.625, 80.625, 2.521879366779024e-22, nan 
80.875, 80.625, 2.471582500157973e-22, nan 
81.125, 80.625, 2.7118023960657203e-22, nan 
81.375, 80.625, 2.0700136372901736e-22, nan 
81.625, 80.625, 2.2705444573652533e-22, nan 
81.875, 80.625, 2.1681856698090795e-22, nan 
82.125, 80.625, 1.8948449223924983e-22, nan 
82.375, 80.625, 2.0465165732506123e-22, nan 
82.625, 80.625, 1.9852990272789793e-22, nan 
82.875, 80.625, 2.100776085981954e-22, nan 
83.125, 80.625, 2.130445253584389e-22, nan 
83.375, 80.625, 2.0028998958218676e-22, nan 
83.625, 80.625, 1.860406043145729e-22, nan 
83.875, 80.625, 2.0718421884251183e-22, nan 
84.125, 80.625, 2.0780587943207738e-22, nan 
84.375, 80.625, 1.9504430434084507e-22, nan 
84.625, 80.625, 1.905159579133956e-22, nan 
84.875, 80.625, 1.636319790849636e-22, nan 
85.125, 80.625, 1.3903875437550082e-22, nan 
85.375, 80.625, 1.6298449183786385e-22, nan 
85.625, 80.625, 1.7801444277683868e-22, nan 
85.875, 80.625, 1.8434983202938284e-22, nan 
86.125, 80.625, 2.1428998685886056e-22, nan 
86.375, 80.625, 1.7901418994001137e-22, nan 
86.625, 80.625, 1.975099601445585e-22, nan 
86.875, 80.625, 2.0291501525127582e-22, nan 
87.125, 80.625, 2.1635152044431405e-22, nan 
87.375, 80.625, 2.0296737933248407e-22, nan 
87.625, 80.625, 1.790813027085921e-22, nan 
87.875, 80.625, 1.7766892525780758e-22, nan 
88.125, 80.625, 1.8461593175587606e-22, nan 
88.375, 80.625, 1.5744960261369152e-22, nan 
88.625, 80.625, 1.6135655744352278e-22, nan 
88.875, 80.625, 1.880076539908856e-22, nan 
89.125, 80.625, 1.9571031879732234e-22, nan 
89.375, 80.625, 2.17410115803206e-22, nan 
89.625, 80.625, 2.487184166002775e-22, nan 
89.875, 80.625, 2.5701315189143247e-22, nan 
90.125, 80.625, 2.3026037359618866e-22, nan 
90.375, 80.625, 2.3408037889295557e-22, nan 
90.625, 80.625, 2.0506514004520242e-22, nan 
90.875, 80.625, 2.289921054913987e-22, nan 
91.125, 80.625, 2.320147760582135e-22, nan 
91.375, 80.625, 1.9664211754980582e-22, nan 
91.625, 80.625, 1.7897954084715224e-22, nan 
91.875, 80.625, 2.3816491769535196e-22, nan 
92.125, 80.625, 2.3719830507133497e-22, nan 
92.375, 80.625, 2.3214166916100133e-22, nan 
92.625, 80.625, 1.926122828493998e-22, nan 
92.875, 80.625, 2.0248125642871421e-22, nan 
93.125, 80.625, 1.9053774411746752e-22, nan 
93.375, 80.625, 1.2930100865222922e-22, nan 
93.625, 80.625, 1.0739678772642402e-22, nan 
93.875, 80.625, 1.3500862048225434e-22, nan 
94.125, 80.625, 9.234991014714238e-23, nan 
94.375, 80.625, 8.716035873231368e-23, nan 
94.625, 80.625, 7.324240885230642e-23, nan 
94.875, 80.625, 9.936944129173298e-23, nan 
95.125, 80.625, 1.49301808907426e-22, nan 
95.375, 80.625, 1.2824259386176603e-22, nan 
95.625, 80.625, 1.410551930901129e-22, nan 
95.875, 80.625, 1.5313427204581834e-22, nan 
96.125, 80.625, 1.150701513325683e-22, nan 
96.375, 80.625, 9.231863547361787e-23, nan 
96.625, 80.625, 1.3050727948166316e-22, nan 
96.875, 80.625, 8.890487009740205e-23, nan 
97.125, 80.625, 1.0121515996837843e-22, nan 
97.375, 80.625, 6.525582785426122e-23, nan 
97.625, 80.625, 1.1009444971144223e-22, nan 
97.875, 80.625, 8.648732034348918e-23, nan 
98.125, 80.625, 6.428810526173969e-23, nan 
98.375, 80.625, 7.85000835373721e-23, nan 
98.625, 80.625, 5.65152561089795e-23, nan 
98.875, 80.625, 2.4650979249478732e-23, nan 
99.125, 80.625, 6.92506141496707e-23, nan 
99.375, 80.625, 6.981656446147883e-23, nan 
99.625, 80.625, 8.908607061971064e-23, nan 
99.875, 80.625, 8.640115081620765e-23, nan 
100.125, 80.625, 8.799577655021227e-23, nan 
100.375, 80.625, 1.1899708441364887e-22, nan 
100.625, 80.625, 1.2611331809815636e-22, nan 
100.875, 80.625, 1.2153448091095555e-22, nan 
101.125, 80.625, 9.614172255395106e-23, nan 
101.375, 80.625, 8.379324031023099e-23, nan 
101.625, 80.625, 1.1751723677022733e-22, nan 
101.875, 80.625, 1.3298738858318165e-22, nan 
102.125, 80.625, 1.4659670875143184e-22, nan 
102.375, 80.625, 1.7531578670318512e-22, nan 
102.625, 80.625, 1.3075535211865411e-22, nan 
102.875, 80.625, 1.1862007889329139e-22, nan 
103.125, 80.625, 1.0649886699706305e-22, nan 
103.375, 80.625, 1.1339159548993233e-22, nan 
103.625, 80.625, 1.9974305625092258e-22, nan 
103.875, 80.625, 1.4948887342978325e-22, nan 
104.125, 80.625, 2.0236019003094802e-22, nan 
104.375, 80.625, 1.6567604157146567e-22, nan 
104.625, 80.625, 2.3226373091886384e-22, nan 
104.875, 80.625, 1.9181042121766836e-22, nan 
105.125, 80.625, 1.611249110631125e-22, nan 
105.375, 80.625, 1.5789771929395466e-22, nan 
105.625, 80.625, 1.3402719033425711e-22, nan 
105.875, 80.625, 1.7166497815420973e-22, nan 
106.125, 80.625, 2.518711241224903e-22, nan 
106.375, 80.625, 3.774447754281122e-22, nan 
106.625, 80.625, 3.26912141996012e-22, nan 
106.875, 80.625, 2.282161655797823e-22, nan 
107.125, 80.625, 1.7330624256932112e-22, nan 
107.375, 80.625, 9.928770723371394e-23, nan 
107.625, 80.625, 1.2036776218462377e-22, nan 
107.875, 80.625, 1.705894324618221e-22, nan 
108.125, 80.625, 2.3234002474590895e-22, nan 
108.375, 80.625, 2.0557036767152147e-22, nan 
108.625, 80.625, 1.541454025634722e-22, nan 
108.875, 80.625, 1.314491020098312e-22, nan 
109.125, 80.625, 9.226842159076441e-23, nan 
109.375, 80.625, 1.4704820673252068e-22, nan 
109.625, 80.625, 1.2046376980627022e-22, nan 
109.875, 80.625, 1.390044542480421e-22, nan 
110.125, 80.625, 9.713148822912007e-23, nan 
110.375, 80.625, 7.858243284935448e-23, nan 
110.625, 80.625, 1.217176435544522e-22, nan 
110.875, 80.625, 8.609556261179322e-23, nan 
111.125, 80.625, 1.9331400599671479e-22, nan 
111.375, 80.625, 1.3072482824013374e-22, nan 
111.625, 80.625, 1.8304979022194028e-22, nan 
111.875, 80.625, 7.470562930888598e-23, nan 
112.125, 80.625, 3.7212476345665086e-23, nan 
112.375, 80.625, 5.969636437537918e-23, nan 
112.625, 80.625, 1.1603006725391632e-22, nan 
112.875, 80.625, 1.6138654157786256e-22, nan 
113.125, 80.625, 1.9504145534506137e-22, nan 
113.375, 80.625, 1.6223874683283205e-22, nan 
113.625, 80.625, 1.1624243267020294e-22, nan 
113.875, 80.625, 7.967151566564788e-23, nan 
114.125, 80.625, 6.789719745018366e-23, nan 
114.375, 80.625, 1.0823007769306383e-22, nan 
114.625, 80.625, 1.1764737640517567e-22, nan 
114.875, 80.625, 1.5814282652388203e-22, nan 
115.125, 80.625, 1.4892599188343708e-22, nan 
115.375, 80.625, 1.2240083523967554e-22, nan 
115.625, 80.625, 1.0503517751227744e-22, nan 
115.875, 80.625, 7.354914079561842e-23, nan 
116.125, 80.625, 7.35741899597328e-23, nan 
116.375, 80.625, 7.15092615483675e-23, nan 
116.625, 80.625, 5.220255039221539e-23, nan 
116.875, 80.625, 8.053733388105168e-23, nan 
117.125, 80.625, 7.081729024516221e-23, nan 
117.375, 80.625, 5.1478944053923777e-23, nan 
117.625, 80.625, 8.558849128960043e-23, nan 
117.875, 80.625, 1.0155631430645934e-22, nan 
118.125, 80.625, 1.2951285757780893e-22, nan 
118.375, 80.625, 1.337601069186885e-22, nan 
118.625, 80.625, 7.032330271222831e-23, nan 
118.875, 80.625, 8.843183205082617e-23, nan 
119.125, 80.625, 6.957724285560506e-23, nan 
119.375, 80.625, 8.276471877120566e-23, nan 
119.625, 80.625, 6.281531061925059e-23, nan 
119.875, 80.625, 1.014601312588854e-22, nan 
120.125, 80.625, 9.92242863348233e-23, nan 
120.375, 80.625, 5.507183943748828e-23, nan 
120.625, 80.625, 3.4109435769795343e-23, nan 
120.875, 80.625, 4.2892814238072794e-23, nan 
121.125, 80.625, 3.7102912458306813e-23, nan 
121.375, 80.625, 4.733873538530206e-23, nan 
121.625, 80.625, 5.669030718071424e-23, nan 
121.875, 80.625, 5.985728465558198e-23, nan 
122.125, 80.625, 5.387183214969792e-23, nan 
122.375, 80.625, 4.631958483427911e-23, nan 
122.625, 80.625, 4.203450968872417e-23, nan 
122.875, 80.625, 1.884060404117507e-23, nan 
123.125, 80.625, 4.1007445939958075e-23, nan 
123.375, 80.625, 5.019336428881254e-23, nan 
123.625, 80.625, 5.008362311279859e-23, nan 
123.875, 80.625, 3.7917224515073906e-23, nan 
124.125, 80.625, 3.4431052005312376e-23, nan 
124.375, 80.625, 3.288688505806635e-23, nan 
124.625, 80.625, 4.356193129666239e-23, nan 
124.875, 80.625, 3.9377065141734086e-23, nan 
125.125, 80.625, 5.010741230666454e-23, nan 
125.375, 80.625, 3.114424659597944e-23, nan 
125.625, 80.625, 2.4769473305167927e-23, nan 
125.875, 80.625, 1.737950710302086e-23, nan 
126.125, 80.625, 1.930814625478485e-23, nan 
126.375, 80.625, 3.256288512218144e-23, nan 
126.625, 80.625, 3.374718595645375e-23, nan 
126.875, 80.625, 3.615477319822828e-23, nan 
127.125, 80.625, 2.8997681767540706e-23, nan 
127.375, 80.625, 3.053304415445688e-23, nan 
127.625, 80.625, 1.815058539705671e-23, nan 
127.875, 80.625, 1.166003544318599e-23, nan 
128.125, 80.625, 9.519264460320335e-24, nan 
128.375, 80.625, 2.0296826119600835e-23, nan 
128.625, 80.625, 2.3432210605650835e-23, nan 
128.875, 80.625, 2.5331815828476635e-23, nan 
129.125, 80.625, 2.3302234028958e-23, nan 
129.375, 80.625, 2.6581741090293783e-23, nan 
129.625, 80.625, 2.82875683351508e-23, nan 
129.875, 80.625, 2.836878510138878e-23, nan 
130.125, 80.625, 1.9660808929080494e-23, nan 
130.375, 80.625, 1.600548069961545e-23, nan 
130.625, 80.625, 2.0677298484112672e-23, nan 
130.875, 80.625, 1.0164198873988017e-23, nan 
131.125, 80.625, 2.197109351570403e-23, nan 
131.375, 80.625, 4.1064524377521485e-23, nan 
131.625, 80.625, 4.890713961139377e-23, nan 
131.875, 80.625, 3.209998203982108e-23, nan 
132.125, 80.625, 3.2103923864068436e-23, nan 
132.375, 80.625, 4.7312652120690935e-23, nan 
132.625, 80.625, 3.615273949085625e-23, nan 
132.875, 80.625, 4.1230527988117206e-23, nan 
133.125, 80.625, 3.613322151808097e-23, nan 
133.375, 80.625, 3.273587980150703e-23, nan 
133.625, 80.625, 2.5641782212281824e-23, nan 
133.875, 80.625, 2.6267565952169573e-23, nan 
134.125, 80.625, 2.942036879001838e-23, nan 
134.375, 80.625, 2.584346109495329e-23, nan 
134.625, 80.625, 2.9364966263960963e-23, nan 
134.875, 80.625, 2.285897157592229e-23, nan 
135.125, 80.625, 1.7192465001640957e-23, nan 
135.375, 80.625, 1.1585152649827938e-23, nan 
135.625, 80.625, 9.207435372088225e-24, nan 
135.875, 80.625, 1.0671175398689251e-23, nan 
136.125, 80.625, 1.0036108794486391e-23, nan 
136.375, 80.625, 7.954512898984441e-24, nan 
136.625, 80.625, 9.754368468381485e-24, nan 
136.875, 80.625, 1.1220470965020774e-23, nan 
137.125, 80.625, 8.222345494767715e-24, nan 
137.375, 80.625, 6.146578508643697e-24, nan 
137.625, 80.625, 8.647849752831862e-24, nan 
137.875, 80.625, 1.0811295814484273e-23, nan 
138.125, 80.625, 7.180757373767334e-24, nan 
138.375, 80.625, 7.877578750232978e-24, nan 
138.625, 80.625, 8.313054992692865e-24, nan 
138.875, 80.625, 1.0670444339043696e-23, nan 
139.125, 80.625, 1.2040256169066967e-23, nan 
139.375, 80.625, 1.1379796178738993e-23, nan 
139.625, 80.625, 1.0965208106548103e-23, nan 
139.875, 80.625, 1.366970246428806e-23, nan 
140.125, 80.625, 1.5707698573567865e-23, nan 
140.375, 80.625, 1.3120504434390755e-23, nan 
140.625, 80.625, 1.332891571731369e-23, nan 
140.875, 80.625, 1.5330245743009575e-23, nan 
141.125, 80.625, 1.5277796272822547e-23, nan 
141.375, 80.625, 1.9362305098763732e-23, nan 
141.625, 80.625, 1.9430821890330464e-23, nan 
141.875, 80.625, 1.7142715508612788e-23, nan 
142.125, 80.625, 2.0691765671752768e-23, nan 
142.375, 80.625, 1.9284618322157062e-23, nan 
142.625, 80.625, 2.0537927353952296e-23, nan 
142.875, 80.625, 2.095244498768088e-23, nan 
143.125, 80.625, 2.204607747239691e-23, nan 
143.375, 80.625, 2.3868483925680422e-23, nan 
143.625, 80.625, 2.2000662231264258e-23, nan 
143.875, 80.625, 2.0255627490752902e-23, nan 
144.125, 80.625, 2.1713520416173293e-23, nan 
144.375, 80.625, 2.2149248877581887e-23, nan 
144.625, 80.625, 2.0247428442855306e-23, nan 
144.875, 80.625, 2.1082615047221118e-23, nan 
145.125, 80.625, 1.9029716878753232e-23, nan 
145.375, 80.625, 2.0201174411815488e-23, nan 
145.625, 80.625, 1.9699594572985785e-23, nan 
145.875, 80.625, 1.6533924153270456e-23, nan 
146.125, 80.625, 1.6271168310170828e-23, nan 
146.375, 80.625, 1.7182886258969065e-23, nan 
146.625, 80.625, 1.626366859763632e-23, nan 
146.875, 80.625, 1.3582138150815107e-23, nan 
147.125, 80.625, 1.615404118920969e-23, nan 
147.375, 80.625, 1.62630111444959e-23, nan 
147.625, 80.625, 1.5904573054273388e-23, nan 
147.875, 80.625, 1.5669183038283282e-23, nan 
148.125, 80.625, 1.4949519945821577e-23, nan 
148.375, 80.625, 1.1836450158979977e-23, nan 
148.625, 80.625, 1.1755274331482724e-23, nan 
148.875, 80.625, 9.811457434688962e-24, nan 
149.125, 80.625, 6.867359286198209e-24, nan 
149.375, 80.625, 1.1078139803259687e-23, nan 
149.625, 80.625, 1.1416445982459658e-23, nan 
149.875, 80.625, 1.1950232803726519e-23, nan 
150.125, 80.625, 1.3422551994475866e-23, nan 
150.375, 80.625, 1.4604557305946616e-23, nan 
150.625, 80.625, 1.6276611108711457e-23, nan 
150.875, 80.625, 1.5830260769012406e-23, nan 
151.125, 80.625, 1.3377948263232988e-23, nan 
151.375, 80.625, 1.0822546964203132e-23, nan 
151.625, 80.625, 1.2850065888481143e-23, nan 
151.875, 80.625, 1.2168525765886106e-23, nan 
152.125, 80.625, 1.294642139703413e-23, nan 
152.375, 80.625, 1.3541250210803988e-23, nan 
152.625, 80.625, 1.3698881811430713e-23, nan 
152.875, 80.625, 1.2792682806048521e-23, nan 
153.125, 80.625, 1.3239501093548974e-23, nan 
153.375, 80.625, 1.3609265773728818e-23, nan 
153.625, 80.625, 1.3504414406776372e-23, nan 
153.875, 80.625, 1.572300363563353e-23, nan 
154.125, 80.625, 1.5091560185285966e-23, nan 
154.375, 80.625, 1.4096277540984545e-23, nan 
154.625, 80.625, 1.524517392448998e-23, nan 
154.875, 80.625, 1.6853424620089846e-23, nan 
155.125, 80.625, 1.5134044428037268e-23, nan 
155.375, 80.625, 1.504033191695181e-23, nan 
155.625, 80.625, 1.592954899398909e-23, nan 
155.875, 80.625, 1.499361767453419e-23, nan 
156.125, 80.625, 1.5120905782101813e-23, nan 
156.375, 80.625, 1.58680103313568e-23, nan 
156.625, 80.625, 1.7277929336219037e-23, nan 
156.875, 80.625, 1.4441406741964598e-23, nan 
157.125, 80.625, 1.3313452683355053e-23, nan 
157.375, 80.625, 2.0109955196171593e-23, nan 
157.625, 80.625, 2.2429519975031746e-23, nan 
157.875, 80.625, 2.090890040429087e-23, nan 
158.125, 80.625, 2.0898890992023044e-23, nan 
158.375, 80.625, 2.2896535978903383e-23, nan 
158.625, 80.625, 2.3088908716715705e-23, nan 
158.875, 80.625, 2.404546314464762e-23, nan 
159.125, 80.625, 2.476448305999956e-23, nan 
159.375, 80.625, 2.1409012097511757e-23, nan 
159.625, 80.625, 2.7115400593530223e-23, nan 
159.875, 80.625, 2.576002989753178e-23, nan 
160.125, 80.625, 1.9652641994773532e-23, nan 
160.375, 80.625, 2.330233731268439e-23, nan 
160.625, 80.625, 2.1628758782908413e-23, nan 
160.875, 80.625, 2.3161445851698147e-23, nan 
161.125, 80.625, 2.2349887378572286e-23, nan 
161.375, 80.625, 2.3711506640102516e-23, nan 
161.625, 80.625, 2.3279768961323442e-23, nan 
161.875, 80.625, 1.9538599291213995e-23, nan 
162.125, 80.625, 1.8791988064912128e-23, nan 
162.375, 80.625, 1.650137943359822e-23, nan 
162.625, 80.625, 1.5145566622611147e-23, nan 
162.875, 80.625, 1.504863080506466e-23, nan 
163.125, 80.625, 1.4407401726485232e-23, nan 
163.375, 80.625, 1.2964743353661633e-23, nan 
163.625, 80.625, 1.3471902000299182e-23, nan 
163.875, 80.625, 1.338059876474854e-23, nan 
164.125, 80.625, 1.3010078646346727e-23, nan 
164.375, 80.625, 1.2463634620373555e-23, nan 
164.625, 80.625, 1.1839112990589537e-23, nan 
164.875, 80.625, 1.1219470314738389e-23, nan 
165.125, 80.625, 1.1228508095235103e-23, nan 
165.375, 80.625, 1.1309205027102066e-23, nan 
165.625, 80.625, 1.1055439623221992e-23, nan 
165.875, 80.625, 1.0231019784678802e-23, nan 
166.125, 80.625, 1.0284915297924007e-23, nan 
166.375, 80.625, 1.0517906931815594e-23, nan 
166.625, 80.625, 9.578785535787004e-24, nan 
166.875, 80.625, 9.102495067784345e-24, nan 
167.125, 80.625, 9.64278296095206e-24, nan 
167.375, 80.625, 8.973580150242546e-24, nan 
167.625, 80.625, 8.616873747283032e-24, nan 
167.875, 80.625, 8.751870598720341e-24, nan 
168.125, 80.625, 8.586201074865527e-24, nan 
168.375, 80.625, 7.45572353266442e-24, nan 
168.625, 80.625, 7.498171230852172e-24, nan 
168.875, 80.625, 6.4346611621547134e-24, nan 
169.125, 80.625, 6.009103558077193e-24, nan 
169.375, 80.625, 5.739192521283225e-24, nan 
169.625, 80.625, 7.802437224276172e-24, nan 
169.875, 80.625, 9.621790847340145e-24, nan 
170.125, 80.625, 6.741527504656478e-24, nan 
170.375, 80.625, 8.470067169780591e-24, nan 
170.625, 80.625, 8.646610954947859e-24, nan 
170.875, 80.625, 8.604593929233502e-24, nan 
171.125, 80.625, 1.02954757109465e-23, nan 
171.375, 80.625, 1.0358898935914866e-23, nan 
171.625, 80.625, 9.56488132126796e-24, nan 
171.875, 80.625, 9.930684733358043e-24, nan 
172.125, 80.625, 9.384114781147655e-24, nan 
172.375, 80.625, 1.0070591881126259e-23, nan 
172.625, 80.625, 9.473608212125374e-24, nan 
172.875, 80.625, 9.834737535207978e-24, nan 
173.125, 80.625, 9.977232046799877e-24, nan 
173.375, 80.625, 8.706758786721794e-24, nan 
173.625, 80.625, 9.465327456395264e-24, nan 
173.875, 80.625, 9.594913815624481e-24, nan 
174.125, 80.625, 9.260394225158183e-24, nan 
174.375, 80.625, 8.113371521860385e-24, nan 
174.625, 80.625, 8.387103755806209e-24, nan 
174.875, 80.625, 8.58562425294888e-24, nan 
175.125, 80.625, 8.77524435021252e-24, nan 
175.375, 80.625, 7.799319006585386e-24, nan 
175.625, 80.625, 8.1634892673338e-24, nan 
175.875, 80.625, 7.270245536425606e-24, nan 
176.125, 80.625, 7.318759813096956e-24, nan 
176.375, 80.625, 7.370591803459946e-24, nan 
176.625, 80.625, 7.89158706618761e-24, nan 
176.875, 80.625, 7.131066048801794e-24, nan 
177.125, 80.625, 6.54529987126393e-24, nan 
177.375, 80.625, 6.726472498390304e-24, nan 
177.625, 80.625, 5.7442278352029845e-24, nan 
177.875, 80.625, 5.866364988488504e-24, nan 
178.125, 80.625, 5.6870945258258355e-24, nan 
178.375, 80.625, 5.2252510063962244e-24, nan 
178.625, 80.625, 5.3434220948978445e-24, nan 
178.875, 80.625, 5.07576519281953e-24, nan 
179.125, 80.625, 4.310321931118922e-24, nan 
179.375, 80.625, 4.787239725916173e-24, nan 
179.625, 80.625, 4.113499476385603e-24, nan 
179.875, 80.625, 3.98214869471235e-24, nan 
-179.875, 80.875, 4.318665370255846e-24, nan 
-179.625, 80.875, 4.0691220072613446e-24, nan 
-179.375, 80.875, 3.911052193067751e-24, nan 
-179.125, 80.875, 4.052340783407606e-24, nan 
-178.875, 80.875, 3.794830398573032e-24, nan 
-178.625, 80.875, 3.698395525064438e-24, nan 
-178.375, 80.875, 3.760282927396917e-24, nan 
-178.125, 80.875, 3.642024755467289e-24, nan 
-177.875, 80.875, 3.5334234037312346e-24, nan 
-177.625, 80.875, 3.817276944323298e-24, nan 
-177.375, 80.875, 3.510926222237183e-24, nan 
-177.125, 80.875, 3.522363421978867e-24, nan 
-176.875, 80.875, 3.449121048906927e-24, nan 
-176.625, 80.875, 3.563268651371691e-24, nan 
-176.375, 80.875, 3.1778515475854655e-24, nan 
-176.125, 80.875, 3.682629137137228e-24, nan 
-175.875, 80.875, 3.3085097587766967e-24, nan 
-175.625, 80.875, 3.143443157243169e-24, nan 
-175.375, 80.875, 3.1426193154763576e-24, nan 
-175.125, 80.875, 2.915396924933257e-24, nan 
-174.875, 80.875, 2.8650052961657384e-24, nan 
-174.625, 80.875, 2.841481548280647e-24, nan 
-174.375, 80.875, 2.5892756964893522e-24, nan 
-174.125, 80.875, 2.5108586618853008e-24, nan 
-173.875, 80.875, 2.215546588896289e-24, nan 
16.625, 80.875, 3.1786544368602034e-24, nan 
16.875, 80.875, 3.491516015067251e-24, nan 
17.125, 80.875, 2.824955712535332e-24, nan 
17.375, 80.875, 2.9650320110694995e-24, nan 
17.625, 80.875, 4.020431082740006e-24, nan 
17.875, 80.875, 5.0265591350197224e-24, nan 
18.125, 80.875, 5.3010220588735074e-24, nan 
18.375, 80.875, 9.784762891716239e-24, nan 
18.625, 80.875, 1.4743966345897828e-23, nan 
18.875, 80.875, 1.826613511479458e-23, nan 
19.125, 80.875, 9.633222258222413e-24, nan 
19.375, 80.875, 8.833726516816355e-24, nan 
19.625, 80.875, 7.485352997652767e-24, nan 
19.875, 80.875, 8.725543995532454e-24, nan 
20.125, 80.875, 1.0720724610586382e-23, nan 
20.375, 80.875, 1.7854137318145482e-23, nan 
20.625, 80.875, 2.334960540351639e-23, nan 
20.875, 80.875, 1.5642443560834075e-23, nan 
21.125, 80.875, 1.9395919357802552e-23, nan 
21.375, 80.875, 2.5521563353477658e-23, nan 
21.625, 80.875, 2.1182024082618816e-23, nan 
21.875, 80.875, 2.2872460248715067e-23, nan 
22.125, 80.875, 3.006216149448448e-23, nan 
22.375, 80.875, 2.8028109222167834e-23, nan 
22.625, 80.875, 1.0966442436619694e-23, nan 
22.875, 80.875, 7.198487580217094e-24, nan 
23.125, 80.875, 1.0226546637684522e-23, nan 
23.375, 80.875, 2.3333816088656376e-23, nan 
23.625, 80.875, 3.230500997846327e-23, nan 
23.875, 80.875, 3.6764223065153664e-23, nan 
24.125, 80.875, 3.2496726391586876e-23, nan 
24.375, 80.875, 3.3307524839805285e-23, nan 
24.625, 80.875, 3.0254326359667375e-23, nan 
24.875, 80.875, 2.481652681793369e-23, nan 
25.125, 80.875, 2.425788287520602e-23, nan 
25.375, 80.875, 1.9188768951438473e-23, nan 
25.625, 80.875, 3.3300146087607815e-23, nan 
25.875, 80.875, 3.4916008944151553e-23, nan 
26.125, 80.875, 4.3820788015540755e-23, nan 
26.375, 80.875, 3.3308203251935684e-23, nan 
26.625, 80.875, 3.063339678025884e-23, nan 
26.875, 80.875, 3.881074113053173e-23, nan 
27.125, 80.875, 3.501612432710905e-23, nan 
27.375, 80.875, 4.388317807470388e-23, nan 
27.625, 80.875, 4.191704793238371e-23, nan 
27.875, 80.875, 4.7800848089735853e-23, nan 
28.125, 80.875, 4.299966316898667e-23, nan 
28.375, 80.875, 5.712046444974323e-23, nan 
28.625, 80.875, 4.017890872226176e-23, nan 
28.875, 80.875, 4.395602254033802e-23, nan 
29.125, 80.875, 4.0667652472545564e-23, nan 
29.375, 80.875, 4.7111103856644057e-23, nan 
29.625, 80.875, 5.278935138612788e-23, nan 
29.875, 80.875, 5.291205123724724e-23, nan 
30.125, 80.875, 8.302144325488947e-23, nan 
30.375, 80.875, 7.819094551001604e-23, nan 
30.625, 80.875, 8.582681886822647e-23, nan 
30.875, 80.875, 9.048593638736659e-23, nan 
31.125, 80.875, 8.533936356582375e-23, nan 
31.375, 80.875, 9.132856895039926e-23, nan 
31.625, 80.875, 9.351138181385779e-23, nan 
31.875, 80.875, 8.685075417002574e-23, nan 
32.125, 80.875, 6.876036106133249e-23, nan 
32.375, 80.875, 7.422101005494571e-23, nan 
32.625, 80.875, 6.828866974710089e-23, nan 
32.875, 80.875, 6.44304386887236e-23, nan 
33.125, 80.875, 8.972605406558427e-23, nan 
33.375, 80.875, 1.1346810998135836e-22, nan 
33.625, 80.875, 1.0296533520885749e-22, nan 
33.875, 80.875, 7.315484948463401e-23, nan 
34.125, 80.875, 9.575530952348947e-23, nan 
34.375, 80.875, 8.829618934484004e-23, nan 
34.625, 80.875, 8.730512574371828e-23, nan 
34.875, 80.875, 7.912647495656988e-23, nan 
35.125, 80.875, 1.3106211851824018e-22, nan 
35.375, 80.875, 8.389363645719108e-23, nan 
35.625, 80.875, 1.064968754031754e-22, nan 
35.875, 80.875, 1.0407246249157986e-22, nan 
36.125, 80.875, 1.2443704303743304e-22, nan 
36.375, 80.875, 1.093747958249741e-22, nan 
36.625, 80.875, 1.253112304362106e-22, nan 
36.875, 80.875, 1.62097264584221e-22, nan 
37.125, 80.875, 7.888625995561679e-23, nan 
37.375, 80.875, 8.553855093486267e-23, nan 
37.625, 80.875, 6.934411826488174e-23, nan 
37.875, 80.875, 1.1875566138515724e-22, nan 
38.125, 80.875, 9.890601927328829e-23, nan 
38.375, 80.875, 1.0749317100001237e-22, nan 
38.625, 80.875, 1.0331533041878754e-22, nan 
38.875, 80.875, 6.16417809980444e-23, nan 
39.125, 80.875, 6.419241757180579e-23, nan 
39.375, 80.875, 6.616006996029903e-23, nan 
39.625, 80.875, 5.453777569951147e-23, nan 
39.875, 80.875, 4.7723051940351613e-23, nan 
40.125, 80.875, 5.533839131530448e-23, nan 
40.375, 80.875, 3.009182744673785e-23, nan 
40.625, 80.875, 3.561845139815946e-23, nan 
40.875, 80.875, 6.708259801857307e-23, nan 
41.125, 80.875, 6.8870135572659e-23, nan 
41.375, 80.875, 7.860494388505144e-23, nan 
41.625, 80.875, 7.972200566158485e-23, nan 
41.875, 80.875, 6.883662506299142e-23, nan 
42.125, 80.875, 7.591785830748106e-23, nan 
42.375, 80.875, 7.702245387567977e-23, nan 
42.625, 80.875, 7.967406997491026e-23, nan 
42.875, 80.875, 7.749367152352417e-23, nan 
43.125, 80.875, 8.405200237925309e-23, nan 
43.375, 80.875, 6.693858017175434e-23, nan 
43.625, 80.875, 4.975275842017618e-23, nan 
43.875, 80.875, 4.494613654112671e-23, nan 
44.125, 80.875, 6.063157634676563e-23, nan 
44.375, 80.875, 6.891090574445198e-23, nan 
44.625, 80.875, 7.136779751873479e-23, nan 
44.875, 80.875, 5.971181296999691e-23, nan 
45.125, 80.875, 5.517015702399893e-23, nan 
45.375, 80.875, 6.001431559076947e-23, nan 
45.625, 80.875, 5.468683522820525e-23, nan 
45.875, 80.875, 4.603534755214597e-23, nan 
46.125, 80.875, 3.9249080902114874e-23, nan 
46.375, 80.875, 4.3045753182715405e-23, nan 
46.625, 80.875, 5.238540780018331e-23, nan 
46.875, 80.875, 4.87795979085379e-23, nan 
47.125, 80.875, 4.3166286716449715e-23, nan 
47.375, 80.875, 4.692818621187251e-23, nan 
47.625, 80.875, 3.3339265891356244e-23, nan 
47.875, 80.875, 1.5728167944533394e-23, nan 
48.125, 80.875, 1.190258290543851e-23, nan 
48.375, 80.875, 7.86415716502333e-24, nan 
48.625, 80.875, 1.2902657247045182e-23, nan 
48.875, 80.875, 2.0377464055123208e-23, nan 
49.125, 80.875, 2.3045066780206929e-23, nan 
49.375, 80.875, 2.4916815198691208e-23, nan 
49.625, 80.875, 3.453361573450756e-23, nan 
49.875, 80.875, 3.481607587566101e-23, nan 
50.125, 80.875, 4.461252478095158e-23, nan 
50.375, 80.875, 4.881540413862638e-23, nan 
50.625, 80.875, 5.704235008283593e-23, nan 
50.875, 80.875, 3.7600969872301707e-23, nan 
51.125, 80.875, 1.835722599103671e-23, nan 
51.375, 80.875, 2.1147903321588908e-23, nan 
51.625, 80.875, 2.0635213844378588e-23, nan 
51.875, 80.875, 2.1019378644154046e-23, nan 
52.125, 80.875, 3.9723978728621477e-23, nan 
52.375, 80.875, 8.893855343194608e-23, nan 
52.625, 80.875, 1.3686232831118985e-22, nan 
52.875, 80.875, 1.6842486716153945e-22, nan 
53.125, 80.875, 1.6034635087750426e-22, nan 
53.375, 80.875, 1.3829178626189566e-22, nan 
53.625, 80.875, 1.6164869532959682e-22, nan 
53.875, 80.875, 1.5925601432963598e-22, nan 
54.125, 80.875, 1.1987157800523603e-22, nan 
54.375, 80.875, 1.5533344931772081e-22, nan 
54.625, 80.875, 2.227168963323471e-22, nan 
54.875, 80.875, 1.3570950292949618e-22, nan 
55.125, 80.875, 1.1257227474977063e-22, nan 
55.375, 80.875, 9.41907481946717e-23, nan 
55.625, 80.875, 8.429805694403757e-23, nan 
55.875, 80.875, 8.608968646413187e-23, nan 
56.125, 80.875, 1.604054389979887e-22, nan 
56.375, 80.875, 2.3710270909349924e-22, nan 
56.625, 80.875, 2.006130359458399e-22, nan 
56.875, 80.875, 2.1545952879123745e-22, nan 
57.125, 80.875, 2.1033183605235015e-22, nan 
57.375, 80.875, 2.1073626944748064e-22, nan 
57.625, 80.875, 2.224781821677474e-22, nan 
57.875, 80.875, 2.510032670563223e-22, nan 
58.125, 80.875, 2.2990836722770415e-22, nan 
58.375, 80.875, 2.569932592406298e-22, nan 
58.625, 80.875, 2.182080452313629e-22, nan 
58.875, 80.875, 2.3567222161235755e-22, nan 
59.125, 80.875, 2.167826543999714e-22, nan 
59.375, 80.875, 2.1014861580184816e-22, nan 
59.625, 80.875, 7.601006520429264e-23, nan 
59.875, 80.875, 7.556489168259842e-23, nan 
60.125, 80.875, 8.836627420002509e-23, nan 
60.375, 80.875, 9.338031173033179e-23, nan 
60.625, 80.875, 1.2705807334078872e-22, nan 
60.875, 80.875, 1.0501094032857245e-22, nan 
61.125, 80.875, 1.2164151863564983e-22, nan 
61.375, 80.875, 1.147016694726882e-22, nan 
61.625, 80.875, 9.22520423978097e-23, nan 
61.875, 80.875, 9.362225101157278e-23, nan 
62.125, 80.875, 8.295391408631371e-23, nan 
62.375, 80.875, 9.700096716708194e-23, nan 
62.625, 80.875, 1.0148263731506469e-22, nan 
62.875, 80.875, 1.1245309800163797e-22, nan 
63.125, 80.875, 1.0859666478213147e-22, nan 
63.375, 80.875, 9.321100898415122e-23, nan 
63.625, 80.875, 8.521591557882416e-23, nan 
63.875, 80.875, 6.759468215167022e-23, nan 
64.125, 80.875, 5.308032029280451e-23, nan 
64.375, 80.875, 6.179984318999476e-23, nan 
64.625, 80.875, 6.779825101050561e-23, nan 
64.875, 80.875, 7.680549549958906e-23, nan 
65.125, 80.875, 7.794398848511269e-23, nan 
65.375, 80.875, 1.1879034703350546e-22, nan 
65.625, 80.875, 6.561709170751225e-23, nan 
65.875, 80.875, 8.415316774711739e-23, nan 
66.125, 80.875, 1.6729320372021123e-22, nan 
66.375, 80.875, 1.847148139317273e-22, nan 
66.625, 80.875, 1.2405218862027412e-22, nan 
66.875, 80.875, 1.570613818124393e-22, nan 
67.125, 80.875, 1.1351050742991474e-22, nan 
67.375, 80.875, 7.434582189311348e-23, nan 
67.625, 80.875, 8.277662090974583e-23, nan 
67.875, 80.875, 1.053117576147392e-22, nan 
68.125, 80.875, 1.2500751455889789e-22, nan 
68.375, 80.875, 1.5303157106924027e-22, nan 
68.625, 80.875, 1.5990396657024189e-22, nan 
68.875, 80.875, 1.5584679151306547e-22, nan 
69.125, 80.875, 1.4521699018814099e-22, nan 
69.375, 80.875, 1.3864641304738656e-22, nan 
69.625, 80.875, 1.1987571669029233e-22, nan 
69.875, 80.875, 1.4331960653089165e-22, nan 
70.125, 80.875, 3.2975496497359006e-22, nan 
70.375, 80.875, 4.111794168789656e-22, nan 
70.625, 80.875, 3.9927080391550525e-22, nan 
70.875, 80.875, 3.4320142220566674e-22, nan 
71.125, 80.875, 4.567651790637174e-22, nan 
71.375, 80.875, 4.561837680153301e-22, nan 
71.625, 80.875, 4.678700245289802e-22, nan 
71.875, 80.875, 4.579271926005077e-22, nan 
72.125, 80.875, 5.997610067987361e-22, nan 
72.375, 80.875, 5.457990258532529e-22, nan 
72.625, 80.875, 3.937003215474967e-22, nan 
72.875, 80.875, 3.8297217211020117e-22, nan 
73.125, 80.875, 4.565204185430848e-22, nan 
73.375, 80.875, 4.299684412228685e-22, nan 
73.625, 80.875, 3.471563098027663e-22, nan 
73.875, 80.875, 3.344681000688305e-22, nan 
74.125, 80.875, 3.3863301419736613e-22, nan 
74.375, 80.875, 3.2178432731749873e-22, nan 
74.625, 80.875, 2.9013273276649487e-22, nan 
74.875, 80.875, 3.027487429587904e-22, nan 
75.125, 80.875, 2.4649225039379414e-22, nan 
75.375, 80.875, 2.7140688844923434e-22, nan 
75.625, 80.875, 2.4797585824070403e-22, nan 
75.875, 80.875, 2.3373872021527265e-22, nan 
76.125, 80.875, 2.404627501358659e-22, nan 
76.375, 80.875, 2.343931092968599e-22, nan 
76.625, 80.875, 3.0881833861628956e-22, nan 
76.875, 80.875, 3.5279371626536752e-22, nan 
77.125, 80.875, 4.284992899147854e-22, nan 
77.375, 80.875, 4.60378471900579e-22, nan 
77.625, 80.875, 4.297770759799333e-22, nan 
77.875, 80.875, 5.18310554893014e-22, nan 
78.125, 80.875, 5.030438097047536e-22, nan 
78.375, 80.875, 4.227308023602996e-22, nan 
78.625, 80.875, 4.234746833727388e-22, nan 
78.875, 80.875, 3.589399881324798e-22, nan 
79.125, 80.875, 3.9989025687415535e-22, nan 
79.375, 80.875, 4.0040186752804696e-22, nan 
79.625, 80.875, 4.377713725106469e-22, nan 
79.875, 80.875, 3.4896970544762875e-22, nan 
80.125, 80.875, 3.566542154504515e-22, nan 
80.375, 80.875, 3.0820598307362894e-22, nan 
80.625, 80.875, 2.1522747122320613e-22, nan 
80.875, 80.875, 1.7019152602106543e-22, nan 
81.125, 80.875, 1.276882291290878e-22, nan 
81.375, 80.875, 1.7964238871784536e-22, nan 
81.625, 80.875, 2.2191674984865027e-22, nan 
81.875, 80.875, 1.7364000169357415e-22, nan 
82.125, 80.875, 1.8337132702328493e-22, nan 
82.375, 80.875, 1.9582084438226974e-22, nan 
82.625, 80.875, 1.7377903054689151e-22, nan 
82.875, 80.875, 1.6907215307667273e-22, nan 
83.125, 80.875, 1.7268538000599328e-22, nan 
83.375, 80.875, 1.9547425350561436e-22, nan 
83.625, 80.875, 1.668529453166461e-22, nan 
83.875, 80.875, 1.7476108206198323e-22, nan 
84.125, 80.875, 1.8669624335464577e-22, nan 
84.375, 80.875, 1.6777925546480546e-22, nan 
84.625, 80.875, 1.570019033628495e-22, nan 
84.875, 80.875, 1.9113180501962404e-22, nan 
85.125, 80.875, 2.2061278108340325e-22, nan 
85.375, 80.875, 1.999055472666912e-22, nan 
85.625, 80.875, 1.9711801414296713e-22, nan 
85.875, 80.875, 2.0955892755008688e-22, nan 
86.125, 80.875, 2.684090099357308e-22, nan 
86.375, 80.875, 2.1507925608746847e-22, nan 
86.625, 80.875, 2.5552170254203575e-22, nan 
86.875, 80.875, 2.578318202137316e-22, nan 
87.125, 80.875, 1.8071487916138031e-22, nan 
87.375, 80.875, 1.761780651930739e-22, nan 
87.625, 80.875, 1.6961066297836594e-22, nan 
87.875, 80.875, 2.284392063015879e-22, nan 
88.125, 80.875, 2.152263226598035e-22, nan 
88.375, 80.875, 2.483271847342378e-22, nan 
88.625, 80.875, 2.2013310408440876e-22, nan 
88.875, 80.875, 1.5933015179117197e-22, nan 
89.125, 80.875, 1.6880586501924817e-22, nan 
89.375, 80.875, 3.7522526947206984e-22, nan 
89.625, 80.875, 2.2202262019297505e-22, nan 
89.875, 80.875, 2.2253162818020195e-22, nan 
90.125, 80.875, 1.911728999979355e-22, nan 
90.375, 80.875, 1.9760598527298717e-22, nan 
90.625, 80.875, 1.538377563274581e-22, nan 
90.875, 80.875, 2.046480976483706e-22, nan 
91.125, 80.875, 2.065501216638825e-22, nan 
91.375, 80.875, 1.894492779320758e-22, nan 
91.625, 80.875, 1.9424436069352364e-22, nan 
91.875, 80.875, 2.365505657199121e-22, nan 
92.125, 80.875, 2.339435832803965e-22, nan 
92.375, 80.875, 2.33234019325244e-22, nan 
92.625, 80.875, 2.200638078707674e-22, nan 
92.875, 80.875, 2.349497089065381e-22, nan 
93.125, 80.875, 2.118603061096409e-22, nan 
93.375, 80.875, 1.8507724606955003e-22, nan 
93.625, 80.875, 1.8761316175848435e-22, nan 
93.875, 80.875, 1.9907061588743096e-22, nan 
94.125, 80.875, 1.793321492329132e-22, nan 
94.375, 80.875, 1.688855451980065e-22, nan 
94.625, 80.875, 1.9910752822115994e-22, nan 
94.875, 80.875, 1.8515042312299594e-22, nan 
95.125, 80.875, 1.7168626949362967e-22, nan 
95.375, 80.875, 1.6843028480411687e-22, nan 
95.625, 80.875, 1.2368140443247426e-22, nan 
95.875, 80.875, 8.397902272080345e-23, nan 
96.125, 80.875, 7.989188566490994e-23, nan 
96.375, 80.875, 7.275635678978237e-23, nan 
96.625, 80.875, 9.563723722574974e-23, nan 
96.875, 80.875, 1.3590612138512598e-22, nan 
97.125, 80.875, 1.377935923475363e-22, nan 
97.375, 80.875, 1.5673203069347636e-22, nan 
97.625, 80.875, 1.176129544489162e-22, nan 
97.875, 80.875, 1.6121384774047995e-22, nan 
98.125, 80.875, 6.195314846492811e-23, nan 
98.375, 80.875, 1.0736004757674284e-22, nan 
98.625, 80.875, 5.33505225885683e-23, nan 
98.875, 80.875, 6.887499657043738e-23, nan 
99.125, 80.875, 7.381956863135764e-23, nan 
99.375, 80.875, 6.426576142265801e-23, nan 
99.625, 80.875, 1.1097678438865695e-22, nan 
99.875, 80.875, 8.358991117252473e-23, nan 
100.125, 80.875, 5.15100132466194e-23, nan 
100.375, 80.875, 5.316136031645502e-23, nan 
100.625, 80.875, 1.1386794612608724e-22, nan 
100.875, 80.875, 1.230393536361614e-22, nan 
101.125, 80.875, 8.484870463325384e-23, nan 
101.375, 80.875, 5.693652177352884e-23, nan 
101.625, 80.875, 5.372070217351552e-23, nan 
101.875, 80.875, 6.683016342502886e-23, nan 
102.125, 80.875, 1.034584902104367e-22, nan 
102.375, 80.875, 1.0488556469801429e-22, nan 
102.625, 80.875, 9.033385074888226e-23, nan 
102.875, 80.875, 9.068337528062853e-23, nan 
103.125, 80.875, 7.775063424936394e-23, nan 
103.375, 80.875, 8.039608756840154e-23, nan 
103.625, 80.875, 8.814309374345842e-23, nan 
103.875, 80.875, 8.221543913308797e-23, nan 
104.125, 80.875, 1.3902906619762008e-22, nan 
104.375, 80.875, 1.069719423160338e-22, nan 
104.625, 80.875, 7.904897213842675e-23, nan 
104.875, 80.875, 7.979577891580799e-23, nan 
105.125, 80.875, 8.235981716837546e-23, nan 
105.375, 80.875, 1.040207984906197e-22, nan 
105.625, 80.875, 8.157648988106257e-23, nan 
105.875, 80.875, 1.2169147324909523e-22, nan 
106.125, 80.875, 1.7386398518668962e-22, nan 
106.375, 80.875, 2.1435852978434065e-22, nan 
106.625, 80.875, 1.908734719570235e-22, nan 
106.875, 80.875, 1.7238360929939574e-22, nan 
107.125, 80.875, 1.384664354913203e-22, nan 
107.375, 80.875, 8.930723916933446e-23, nan 
107.625, 80.875, 7.021324519411156e-23, nan 
107.875, 80.875, 6.48502405175333e-23, nan 
108.125, 80.875, 7.474969239719534e-23, nan 
108.375, 80.875, 7.863840714655206e-23, nan 
108.625, 80.875, 9.042862332277795e-23, nan 
108.875, 80.875, 7.334291107420941e-23, nan 
109.125, 80.875, 8.025862873049286e-23, nan 
109.375, 80.875, 9.301464264211339e-23, nan 
109.625, 80.875, 9.505884133263372e-23, nan 
109.875, 80.875, 8.109403842014435e-23, nan 
110.125, 80.875, 7.79903592571749e-23, nan 
110.375, 80.875, 8.163225453163232e-23, nan 
110.625, 80.875, 1.1498449865857752e-22, nan 
110.875, 80.875, 1.1206307499481836e-22, nan 
111.125, 80.875, 1.6015472403036463e-22, nan 
111.375, 80.875, 9.291772647498419e-23, nan 
111.625, 80.875, 1.1378286913190421e-22, nan 
111.875, 80.875, 1.0465277717335045e-22, nan 
112.125, 80.875, 1.0661590829996236e-22, nan 
112.375, 80.875, 1.0328749981057112e-22, nan 
112.625, 80.875, 1.4658733008714021e-22, nan 
112.875, 80.875, 1.585445580496936e-22, nan 
113.125, 80.875, 1.0981842979654112e-22, nan 
113.375, 80.875, 1.180668922213338e-22, nan 
113.625, 80.875, 1.0086786323123189e-22, nan 
113.875, 80.875, 1.2316291142563635e-22, nan 
114.125, 80.875, 9.970269786192615e-23, nan 
114.375, 80.875, 1.1640068779446442e-22, nan 
114.625, 80.875, 1.2343143181727107e-22, nan 
114.875, 80.875, 8.528180571101698e-23, nan 
115.125, 80.875, 1.139900308638689e-22, nan 
115.375, 80.875, 1.0371356994764306e-22, nan 
115.625, 80.875, 9.575626530445283e-23, nan 
115.875, 80.875, 7.787690726644851e-23, nan 
116.125, 80.875, 5.329474791315624e-23, nan 
116.375, 80.875, 6.823492742100023e-23, nan 
116.625, 80.875, 4.0726088106167027e-23, nan 
116.875, 80.875, 8.256164907189313e-23, nan 
117.125, 80.875, 5.854143139283464e-23, nan 
117.375, 80.875, 5.994799648585387e-23, nan 
117.625, 80.875, 4.984782414365206e-23, nan 
117.875, 80.875, 5.439368602770305e-23, nan 
118.125, 80.875, 6.174343247062124e-23, nan 
118.375, 80.875, 8.234868231292632e-23, nan 
118.625, 80.875, 8.208285099241089e-23, nan 
118.875, 80.875, 7.759533980755116e-23, nan 
119.125, 80.875, 5.895814328797697e-23, nan 
119.375, 80.875, 3.136888266782041e-23, nan 
119.625, 80.875, 3.7853360224505e-23, nan 
119.875, 80.875, 4.6997558010374105e-23, nan 
120.125, 80.875, 5.44356626450156e-23, nan 
120.375, 80.875, 7.2908610181951e-23, nan 
120.625, 80.875, 7.122528310628264e-23, nan 
120.875, 80.875, 4.001995742962831e-23, nan 
121.125, 80.875, 3.0023070132080315e-23, nan 
121.375, 80.875, 4.0305202936768684e-23, nan 
121.625, 80.875, 4.289803473853972e-23, nan 
121.875, 80.875, 3.662074310418845e-23, nan 
122.125, 80.875, 4.106881641498047e-23, nan 
122.375, 80.875, 4.080420584436965e-23, nan 
122.625, 80.875, 3.606723807564229e-23, nan 
122.875, 80.875, 2.576750097673701e-23, nan 
123.125, 80.875, 3.4841378305274857e-23, nan 
123.375, 80.875, 3.012694464123644e-23, nan 
123.625, 80.875, 2.4690424801925246e-23, nan 
123.875, 80.875, 1.2270988052841022e-23, nan 
124.125, 80.875, 1.8087636908803598e-23, nan 
124.375, 80.875, 2.096751137647944e-23, nan 
124.625, 80.875, 2.825779478948488e-23, nan 
124.875, 80.875, 2.926354544779152e-23, nan 
125.125, 80.875, 3.3550112531839105e-23, nan 
125.375, 80.875, 2.2053132148799845e-23, nan 
125.625, 80.875, 1.3095078337578769e-23, nan 
125.875, 80.875, 6.639800052627488e-24, nan 
126.125, 80.875, 1.7862435073988202e-23, nan 
126.375, 80.875, 1.6242591918750507e-23, nan 
126.625, 80.875, 1.3411070004235594e-23, nan 
126.875, 80.875, 7.06862245050289e-24, nan 
127.125, 80.875, 8.659003886134089e-24, nan 
127.375, 80.875, 9.08471359666712e-24, nan 
127.625, 80.875, 6.493285185322541e-24, nan 
127.875, 80.875, 7.554770207304721e-24, nan 
128.125, 80.875, 5.0277195670006984e-24, nan 
128.375, 80.875, 9.140251332595714e-24, nan 
128.625, 80.875, 1.351816296773712e-23, nan 
128.875, 80.875, 1.2197903225986638e-23, nan 
129.125, 80.875, 1.4071844941237848e-23, nan 
129.375, 80.875, 1.830031729961926e-23, nan 
129.625, 80.875, 1.3323461688982516e-23, nan 
129.875, 80.875, 9.046710545637567e-24, nan 
130.125, 80.875, 1.3404095245426383e-23, nan 
130.375, 80.875, 8.930200942251221e-24, nan 
130.625, 80.875, 8.22457583787378e-24, nan 
130.875, 80.875, 8.647480888302469e-24, nan 
131.125, 80.875, 2.0325632472245724e-23, nan 
131.375, 80.875, 3.0395797004948254e-23, nan 
131.625, 80.875, 3.081094509960568e-23, nan 
131.875, 80.875, 2.171800937347578e-23, nan 
132.125, 80.875, 2.3579581372038337e-23, nan 
132.375, 80.875, 2.4211581761714582e-23, nan 
132.625, 80.875, 2.2533326811368317e-23, nan 
132.875, 80.875, 2.6229191510085802e-23, nan 
133.125, 80.875, 1.9992903543505534e-23, nan 
133.375, 80.875, 1.8720511665568585e-23, nan 
133.625, 80.875, 1.552092529778342e-23, nan 
133.875, 80.875, 1.474176817303442e-23, nan 
134.125, 80.875, 1.368259850528001e-23, nan 
134.375, 80.875, 1.653529996522682e-23, nan 
134.625, 80.875, 1.3571958458351275e-23, nan 
134.875, 80.875, 9.824119842169818e-24, nan 
135.125, 80.875, 9.843474749620058e-24, nan 
135.375, 80.875, 9.394878228360374e-24, nan 
135.625, 80.875, 6.0662749846606466e-24, nan 
135.875, 80.875, 5.710325624127374e-24, nan 
136.125, 80.875, 7.140883338462703e-24, nan 
136.375, 80.875, 3.82248533167548e-24, nan 
136.625, 80.875, 1.0711717616162752e-23, nan 
136.875, 80.875, 1.1005845439300881e-23, nan 
137.125, 80.875, 1.0086374458770467e-23, nan 
137.375, 80.875, 1.1263912824645769e-23, nan 
137.625, 80.875, 9.188459305726564e-24, nan 
137.875, 80.875, 7.77659871780336e-24, nan 
138.125, 80.875, 5.408089913139555e-24, nan 
138.375, 80.875, 6.471469048486383e-24, nan 
138.625, 80.875, 7.784107087589574e-24, nan 
138.875, 80.875, 1.836833282161194e-23, nan 
139.125, 80.875, 1.2612252863455792e-23, nan 
139.375, 80.875, 2.4220469565011588e-23, nan 
139.625, 80.875, 2.0236789084968962e-23, nan 
139.875, 80.875, 2.3263998311585042e-23, nan 
140.125, 80.875, 1.8467482772512972e-23, nan 
140.375, 80.875, 1.9869908018734666e-23, nan 
140.625, 80.875, 1.8608841355304848e-23, nan 
140.875, 80.875, 1.7156379866586912e-23, nan 
141.125, 80.875, 1.985929232363861e-23, nan 
141.375, 80.875, 1.5830707774104202e-23, nan 
141.625, 80.875, 1.5591367254226856e-23, nan 
141.875, 80.875, 1.6606478074111303e-23, nan 
142.125, 80.875, 1.569013111295885e-23, nan 
142.375, 80.875, 1.4179056870040795e-23, nan 
142.625, 80.875, 1.5799987828187566e-23, nan 
142.875, 80.875, 1.6128738882351335e-23, nan 
143.125, 80.875, 1.4632692174522987e-23, nan 
143.375, 80.875, 1.6452562754302796e-23, nan 
143.625, 80.875, 1.460931570057212e-23, nan 
143.875, 80.875, 1.5048563410114247e-23, nan 
144.125, 80.875, 1.4281240430054784e-23, nan 
144.375, 80.875, 1.5165999901744786e-23, nan 
144.625, 80.875, 1.4518312626107074e-23, nan 
144.875, 80.875, 1.3335500223222866e-23, nan 
145.125, 80.875, 1.4383655806156703e-23, nan 
145.375, 80.875, 1.4522252371442872e-23, nan 
145.625, 80.875, 1.454332514629673e-23, nan 
145.875, 80.875, 1.465569570106377e-23, nan 
146.125, 80.875, 1.4034734061395064e-23, nan 
146.375, 80.875, 1.4326128107901835e-23, nan 
146.625, 80.875, 1.4359993675089677e-23, nan 
146.875, 80.875, 1.4875137433867407e-23, nan 
147.125, 80.875, 1.5036936588797674e-23, nan 
147.375, 80.875, 1.6069558944400064e-23, nan 
147.625, 80.875, 1.630937796312237e-23, nan 
147.875, 80.875, 1.4038846178314308e-23, nan 
148.125, 80.875, 1.3726960562129088e-23, nan 
148.375, 80.875, 1.390843252932723e-23, nan 
148.625, 80.875, 1.3025378677360216e-23, nan 
148.875, 80.875, 1.447138489674539e-23, nan 
149.125, 80.875, 1.4283110382859908e-23, nan 
149.375, 80.875, 1.420654957557547e-23, nan 
149.625, 80.875, 1.5477702674452488e-23, nan 
149.875, 80.875, 1.3596200204642668e-23, nan 
150.125, 80.875, 1.3310523812748694e-23, nan 
150.375, 80.875, 1.2037408713012191e-23, nan 
150.625, 80.875, 1.2224097093063351e-23, nan 
150.875, 80.875, 1.2585528606621178e-23, nan 
151.125, 80.875, 1.4673689996801893e-23, nan 
151.375, 80.875, 1.4695496838306316e-23, nan 
151.625, 80.875, 1.6820231468352483e-23, nan 
151.875, 80.875, 1.823036470862772e-23, nan 
152.125, 80.875, 1.7610551280562564e-23, nan 
152.375, 80.875, 1.8592751653983718e-23, nan 
152.625, 80.875, 1.736035584824712e-23, nan 
152.875, 80.875, 1.802255072157894e-23, nan 
153.125, 80.875, 1.9735709280614915e-23, nan 
153.375, 80.875, 1.8209845834834052e-23, nan 
153.625, 80.875, 1.8808259069123787e-23, nan 
153.875, 80.875, 1.9831552167828443e-23, nan 
154.125, 80.875, 1.905752598101631e-23, nan 
154.375, 80.875, 1.8242664071907455e-23, nan 
154.625, 80.875, 1.9286115791898344e-23, nan 
154.875, 80.875, 1.8237869544549615e-23, nan 
155.125, 80.875, 1.6994178560220556e-23, nan 
155.375, 80.875, 1.8955920604449302e-23, nan 
155.625, 80.875, 1.9102712714518087e-23, nan 
155.875, 80.875, 2.0327557384233985e-23, nan 
156.125, 80.875, 2.0109952581842082e-23, nan 
156.375, 80.875, 1.8786438413355302e-23, nan 
156.625, 80.875, 1.9685505087160762e-23, nan 
156.875, 80.875, 2.1677726690726286e-23, nan 
157.125, 80.875, 2.266562591016012e-23, nan 
157.375, 80.875, 2.227509591415308e-23, nan 
157.625, 80.875, 2.288655327694206e-23, nan 
157.875, 80.875, 2.2916826165591138e-23, nan 
158.125, 80.875, 2.3601640912392604e-23, nan 
158.375, 80.875, 2.24007510394893e-23, nan 
158.625, 80.875, 2.1162851505496785e-23, nan 
158.875, 80.875, 2.3551230382004344e-23, nan 
159.125, 80.875, 2.0696697057968936e-23, nan 
159.375, 80.875, 1.6333752621313054e-23, nan 
159.625, 80.875, 2.2670836496432917e-23, nan 
159.875, 80.875, 2.1651267196343125e-23, nan 
160.125, 80.875, 1.2329126911701003e-23, nan 
160.375, 80.875, 6.773263269234315e-24, nan 
160.625, 80.875, 8.035809527811e-24, nan 
160.875, 80.875, 9.771234262212356e-24, nan 
161.125, 80.875, 1.625190085407058e-23, nan 
161.375, 80.875, 1.1344418367175855e-23, nan 
161.625, 80.875, 1.0918964321120501e-23, nan 
161.875, 80.875, 1.1971222032849347e-23, nan 
162.125, 80.875, 1.2792075793403486e-23, nan 
162.375, 80.875, 1.0874220048682662e-23, nan 
162.625, 80.875, 1.0974072056770979e-23, nan 
162.875, 80.875, 9.871709064587464e-24, nan 
163.125, 80.875, 1.1584294035251019e-23, nan 
163.375, 80.875, 1.1224962474128394e-23, nan 
163.625, 80.875, 1.1061694433212026e-23, nan 
163.875, 80.875, 1.2586482077713755e-23, nan 
164.125, 80.875, 1.1764614160466597e-23, nan 
164.375, 80.875, 9.83673504343231e-24, nan 
164.625, 80.875, 1.1439812514107287e-23, nan 
164.875, 80.875, 1.0569250306862942e-23, nan 
165.125, 80.875, 1.0319657189296416e-23, nan 
165.375, 80.875, 1.1892156834357605e-23, nan 
165.625, 80.875, 1.007020183962099e-23, nan 
165.875, 80.875, 1.0311439244306074e-23, nan 
166.125, 80.875, 1.1342533491737896e-23, nan 
166.375, 80.875, 9.16919128815101e-24, nan 
166.625, 80.875, 9.95375241362308e-24, nan 
166.875, 80.875, 1.0309974515463168e-23, nan 
167.125, 80.875, 9.118426823292292e-24, nan 
167.375, 80.875, 1.0242594573460328e-23, nan 
167.625, 80.875, 1.0252124388543829e-23, nan 
167.875, 80.875, 8.78672400706643e-24, nan 
168.125, 80.875, 1.0394928523870585e-23, nan 
168.375, 80.875, 9.685331939373371e-24, nan 
168.625, 80.875, 9.884096812910107e-24, nan 
168.875, 80.875, 1.0779448485801617e-23, nan 
169.125, 80.875, 1.1361638053781146e-23, nan 
169.375, 80.875, 1.2501591238538587e-23, nan 
169.625, 80.875, 1.0846643862900809e-23, nan 
169.875, 80.875, 1.1510879164540591e-23, nan 
170.125, 80.875, 1.1987952210514424e-23, nan 
170.375, 80.875, 1.2096917555392727e-23, nan 
170.625, 80.875, 1.1798614608096548e-23, nan 
170.875, 80.875, 1.145401327796744e-23, nan 
171.125, 80.875, 1.2298763950277212e-23, nan 
171.375, 80.875, 1.15439287692996e-23, nan 
171.625, 80.875, 1.0504773527031366e-23, nan 
171.875, 80.875, 1.1956243286656922e-23, nan 
172.125, 80.875, 1.0888662994849166e-23, nan 
172.375, 80.875, 1.0899607315199704e-23, nan 
172.625, 80.875, 1.0111996475091657e-23, nan 
172.875, 80.875, 8.773021561877927e-24, nan 
173.125, 80.875, 8.89378326354169e-24, nan 
173.375, 80.875, 7.826778855772426e-24, nan 
173.625, 80.875, 8.541394233351866e-24, nan 
173.875, 80.875, 8.770062942206358e-24, nan 
174.125, 80.875, 8.309320431115012e-24, nan 
174.375, 80.875, 7.59291635880524e-24, nan 
174.625, 80.875, 7.177921881107893e-24, nan 
174.875, 80.875, 7.209344260806396e-24, nan 
175.125, 80.875, 7.791342190553115e-24, nan 
175.375, 80.875, 6.4850882478282596e-24, nan 
175.625, 80.875, 6.166146735096997e-24, nan 
175.875, 80.875, 6.3524517941330445e-24, nan 
176.125, 80.875, 6.576413010748022e-24, nan 
176.375, 80.875, 4.5974075566251156e-24, nan 
176.625, 80.875, 4.917003164097537e-24, nan 
176.875, 80.875, 4.4440432376392145e-24, nan 
177.125, 80.875, 4.735910908673866e-24, nan 
177.375, 80.875, 4.687663493958736e-24, nan 
177.625, 80.875, 4.953352756348465e-24, nan 
177.875, 80.875, 4.6450960226347415e-24, nan 
178.125, 80.875, 4.572802391821952e-24, nan 
178.375, 80.875, 4.526946091875304e-24, nan 
178.625, 80.875, 4.242340678150635e-24, nan 
178.875, 80.875, 4.35524133544433e-24, nan 
179.125, 80.875, 4.1158308929129126e-24, nan 
179.375, 80.875, 4.1160734894167866e-24, nan 
179.625, 80.875, 4.3327532281132264e-24, nan 
179.875, 80.875, 4.025681073195344e-24, nan 
-179.875, 81.125, 3.87157810670168e-24, nan 
-179.625, 81.125, 4.191899384522433e-24, nan 
-179.375, 81.125, 3.8920165258378516e-24, nan 
-179.125, 81.125, 3.938885713369833e-24, nan 
-178.875, 81.125, 3.944747183546811e-24, nan 
-178.625, 81.125, 3.794593964345242e-24, nan 
-178.375, 81.125, 3.734104753719842e-24, nan 
-178.125, 81.125, 3.565597932569477e-24, nan 
-177.875, 81.125, 3.8002641383257804e-24, nan 
-177.625, 81.125, 3.472370430127565e-24, nan 
-177.375, 81.125, 3.428156731700724e-24, nan 
-177.125, 81.125, 3.799350949708944e-24, nan 
-176.875, 81.125, 3.8903300290733496e-24, nan 
-176.625, 81.125, 3.571618176916851e-24, nan 
-176.375, 81.125, 3.737545737410259e-24, nan 
-176.125, 81.125, 4.277513856716162e-24, nan 
-175.875, 81.125, 4.0192695674507625e-24, nan 
-175.625, 81.125, 4.0468769750157075e-24, nan 
-175.375, 81.125, 4.312956355728596e-24, nan 
-175.125, 81.125, 4.1439811497337255e-24, nan 
-174.875, 81.125, 4.2240287215114424e-24, nan 
-174.625, 81.125, 4.4817299522052775e-24, nan 
-174.375, 81.125, 4.550487297187996e-24, nan 
-174.125, 81.125, 4.2575577853705855e-24, nan 
-173.875, 81.125, 4.270880771454015e-24, nan 
-173.625, 81.125, 3.971516501784161e-24, nan 
16.375, 81.125, 4.685782109139704e-24, nan 
16.625, 81.125, 4.657169896660652e-24, nan 
16.875, 81.125, 4.300290079351996e-24, nan 
17.125, 81.125, 4.5511013336010754e-24, nan 
17.375, 81.125, 4.203565915108161e-24, nan 
17.625, 81.125, 5.335892947098708e-24, nan 
17.875, 81.125, 7.369860515291816e-24, nan 
18.125, 81.125, 1.0001163353099293e-23, nan 
18.375, 81.125, 1.3225858663323556e-23, nan 
18.625, 81.125, 1.492980606795714e-23, nan 
18.875, 81.125, 1.4107950817694345e-23, nan 
19.125, 81.125, 1.0555803900902875e-23, nan 
19.375, 81.125, 8.487687248137457e-24, nan 
19.625, 81.125, 6.749044973055881e-24, nan 
19.875, 81.125, 1.193422283432856e-23, nan 
20.125, 81.125, 2.0198600059819633e-23, nan 
20.375, 81.125, 2.677116250777514e-23, nan 
20.625, 81.125, 2.960444984410776e-23, nan 
20.875, 81.125, 1.6680260196451652e-23, nan 
21.125, 81.125, 1.4995111200971382e-23, nan 
21.375, 81.125, 1.5117806783545252e-23, nan 
21.625, 81.125, 1.8693488942710126e-23, nan 
21.875, 81.125, 2.428564850354331e-23, nan 
22.125, 81.125, 3.458691968630054e-23, nan 
22.375, 81.125, 3.400762364973582e-23, nan 
22.625, 81.125, 2.315791657288056e-23, nan 
22.875, 81.125, 2.7276924621834265e-23, nan 
23.125, 81.125, 2.2569766972184293e-23, nan 
23.375, 81.125, 2.982221874342853e-23, nan 
23.625, 81.125, 2.6175830412805705e-23, nan 
23.875, 81.125, 3.4316233935433746e-23, nan 
24.125, 81.125, 3.321497019509798e-23, nan 
24.375, 81.125, 3.104428196098589e-23, nan 
24.625, 81.125, 3.86886820266768e-23, nan 
24.875, 81.125, 4.62893264546003e-23, nan 
25.125, 81.125, 2.745759731323603e-23, nan 
25.375, 81.125, 1.1643471857903885e-23, nan 
25.625, 81.125, 3.058984800337327e-23, nan 
25.875, 81.125, 3.475265275896554e-23, nan 
26.125, 81.125, 4.57510817981711e-23, nan 
26.375, 81.125, 3.9090157457827963e-23, nan 
26.625, 81.125, 4.2545782328021413e-23, nan 
26.875, 81.125, 3.050028288638465e-23, nan 
27.125, 81.125, 2.0060701676562338e-23, nan 
27.375, 81.125, 3.222205143147077e-23, nan 
27.625, 81.125, 2.866321993494988e-23, nan 
27.875, 81.125, 5.1393933809605014e-23, nan 
28.125, 81.125, 4.0213056515547425e-23, nan 
28.375, 81.125, 6.656692628876861e-23, nan 
28.625, 81.125, 5.669583523718033e-23, nan 
28.875, 81.125, 6.081048475921885e-23, nan 
29.125, 81.125, 7.30546803264685e-23, nan 
29.375, 81.125, 5.297178486708402e-23, nan 
29.625, 81.125, 4.4045914432669865e-23, nan 
29.875, 81.125, 4.3803733684331614e-23, nan 
30.125, 81.125, 7.463448043767433e-23, nan 
30.375, 81.125, 6.934079767282573e-23, nan 
30.625, 81.125, 7.567706186373207e-23, nan 
30.875, 81.125, 8.138173610995015e-23, nan 
31.125, 81.125, 7.09842131713018e-23, nan 
31.375, 81.125, 6.343065122746239e-23, nan 
31.625, 81.125, 6.749680617216713e-23, nan 
31.875, 81.125, 6.416714305192687e-23, nan 
32.125, 81.125, 2.463792149751437e-23, nan 
32.375, 81.125, 1.8419304338830285e-23, nan 
32.625, 81.125, 9.416261242428861e-24, nan 
32.875, 81.125, 1.2887546491817824e-23, nan 
33.125, 81.125, 1.0409382691335889e-23, nan 
33.375, 81.125, 1.665941422454375e-23, nan 
33.625, 81.125, 1.5653195441326096e-23, nan 
33.875, 81.125, 8.833494585393572e-24, nan 
34.125, 81.125, 6.4439680887144676e-24, nan 
34.375, 81.125, 6.5893294064076416e-24, nan 
34.625, 81.125, 7.16125949946177e-24, nan 
34.875, 81.125, 1.3459596032839784e-23, nan 
35.125, 81.125, 7.960851358779902e-23, nan 
35.375, 81.125, 6.822830472940416e-23, nan 
35.625, 81.125, 4.902664990209138e-23, nan 
35.875, 81.125, 9.0137778004261e-23, nan 
36.125, 81.125, 6.388323555883841e-23, nan 
36.375, 81.125, 8.188797205699449e-23, nan 
36.625, 81.125, 8.97946331071369e-23, nan 
36.875, 81.125, 9.209104975484765e-23, nan 
37.125, 81.125, 6.140908160112098e-23, nan 
37.375, 81.125, 6.438105261294653e-23, nan 
37.625, 81.125, 8.667998531949507e-23, nan 
37.875, 81.125, 9.212597517936931e-23, nan 
38.125, 81.125, 8.967479144285874e-23, nan 
38.375, 81.125, 9.002212773925118e-23, nan 
38.625, 81.125, 8.14788871285974e-23, nan 
38.875, 81.125, 5.835899234381451e-23, nan 
39.125, 81.125, 5.406827772356876e-23, nan 
39.375, 81.125, 6.396468215219332e-23, nan 
39.625, 81.125, 5.2374488966443106e-23, nan 
39.875, 81.125, 4.769308870631516e-23, nan 
40.125, 81.125, 5.803372667424873e-23, nan 
40.375, 81.125, 5.0460341943669265e-23, nan 
40.625, 81.125, 4.607901624992117e-23, nan 
40.875, 81.125, 8.243192570778287e-23, nan 
41.125, 81.125, 9.160498416135442e-23, nan 
41.375, 81.125, 1.0641779270385287e-22, nan 
41.625, 81.125, 1.291135836257063e-22, nan 
41.875, 81.125, 1.3668366010214477e-22, nan 
42.125, 81.125, 1.3614396945281136e-22, nan 
42.375, 81.125, 1.6042630046041183e-22, nan 
42.625, 81.125, 1.8106156237328618e-22, nan 
42.875, 81.125, 1.8585933336358e-22, nan 
43.125, 81.125, 1.7432202642823817e-22, nan 
43.375, 81.125, 1.761598428290719e-22, nan 
43.625, 81.125, 1.3911774095287214e-22, nan 
43.875, 81.125, 1.3752536733856284e-22, nan 
44.125, 81.125, 1.5608919513204144e-22, nan 
44.375, 81.125, 1.5946245420744918e-22, nan 
44.625, 81.125, 1.6078451155987606e-22, nan 
44.875, 81.125, 1.6912170484866443e-22, nan 
45.125, 81.125, 1.6702756255193147e-22, nan 
45.375, 81.125, 1.6484786960425023e-22, nan 
45.625, 81.125, 1.5184506910441206e-22, nan 
45.875, 81.125, 7.932636944049243e-23, nan 
46.125, 81.125, 3.368140273958817e-23, nan 
46.375, 81.125, 3.094427078999737e-23, nan 
46.625, 81.125, 5.024977935653909e-23, nan 
46.875, 81.125, 4.9914914409612643e-23, nan 
47.125, 81.125, 5.543529190112413e-23, nan 
47.375, 81.125, 6.451792922278905e-23, nan 
47.625, 81.125, 5.828118961541719e-23, nan 
47.875, 81.125, 3.883259732199068e-23, nan 
48.125, 81.125, 3.2962844847111297e-23, nan 
48.375, 81.125, 5.367840007594378e-23, nan 
48.625, 81.125, 5.1990858279450363e-23, nan 
48.875, 81.125, 5.0730981136890156e-23, nan 
49.125, 81.125, 5.302741656481465e-23, nan 
49.375, 81.125, 5.163803555116037e-23, nan 
49.625, 81.125, 5.99384409184085e-23, nan 
49.875, 81.125, 6.68845097569367e-23, nan 
50.125, 81.125, 7.382111089322147e-23, nan 
50.375, 81.125, 9.302167080564621e-23, nan 
50.625, 81.125, 6.921499390846796e-23, nan 
50.875, 81.125, 5.868110092530865e-23, nan 
51.125, 81.125, 8.19009660918646e-23, nan 
51.375, 81.125, 1.1695206058392933e-22, nan 
51.625, 81.125, 1.3596349732325854e-22, nan 
51.875, 81.125, 1.4994164266452408e-22, nan 
52.125, 81.125, 1.857587487112351e-22, nan 
52.375, 81.125, 9.789049176514223e-23, nan 
52.625, 81.125, 1.2182353264484653e-22, nan 
52.875, 81.125, 1.5034042746160884e-22, nan 
53.125, 81.125, 2.1437733402991515e-22, nan 
53.375, 81.125, 2.167863388193204e-22, nan 
53.625, 81.125, 2.2136211900079817e-22, nan 
53.875, 81.125, 2.5488259795444576e-22, nan 
54.125, 81.125, 1.7595410834492394e-22, nan 
54.375, 81.125, 1.791499499163075e-22, nan 
54.625, 81.125, 1.4983940463679423e-22, nan 
54.875, 81.125, 1.787029428859714e-22, nan 
55.125, 81.125, 1.3446642622621203e-22, nan 
55.375, 81.125, 1.078929503666629e-22, nan 
55.625, 81.125, 1.119745533202339e-22, nan 
55.875, 81.125, 1.7078930161855988e-22, nan 
56.125, 81.125, 2.0468128933113432e-22, nan 
56.375, 81.125, 2.183042268086463e-22, nan 
56.625, 81.125, 2.0012704194462324e-22, nan 
56.875, 81.125, 2.0872372444344513e-22, nan 
57.125, 81.125, 2.085506033575093e-22, nan 
57.375, 81.125, 2.083325092653758e-22, nan 
57.625, 81.125, 1.9658183732291193e-22, nan 
57.875, 81.125, 1.6231088089514063e-22, nan 
58.125, 81.125, 1.1205918319908968e-22, nan 
58.375, 81.125, 7.771398067812731e-23, nan 
58.625, 81.125, 6.352219935834898e-23, nan 
58.875, 81.125, 8.676091415843983e-23, nan 
59.125, 81.125, 7.574299849634652e-23, nan 
59.375, 81.125, 8.054104929490411e-23, nan 
59.625, 81.125, 1.205038475824639e-22, nan 
59.875, 81.125, 1.0773644659749609e-22, nan 
60.125, 81.125, 1.238131059950495e-22, nan 
60.375, 81.125, 1.2494722471444287e-22, nan 
60.625, 81.125, 2.086446610818882e-22, nan 
60.875, 81.125, 1.4560834391491601e-22, nan 
61.125, 81.125, 2.0101060267343597e-22, nan 
61.375, 81.125, 2.010115743965391e-22, nan 
61.625, 81.125, 1.4128894329424984e-22, nan 
61.875, 81.125, 1.3022113019981428e-22, nan 
62.125, 81.125, 1.2138901077537083e-22, nan 
62.375, 81.125, 1.8174769955053643e-22, nan 
62.625, 81.125, 1.7200767361375127e-22, nan 
62.875, 81.125, 2.217175951218785e-22, nan 
63.125, 81.125, 2.2437788506573518e-22, nan 
63.375, 81.125, 1.9024216857162014e-22, nan 
63.625, 81.125, 2.114306847282223e-22, nan 
63.875, 81.125, 8.759815089380915e-23, nan 
64.125, 81.125, 1.0408814003278061e-22, nan 
64.375, 81.125, 1.6332487143040743e-22, nan 
64.625, 81.125, 2.3282722797321954e-22, nan 
64.875, 81.125, 2.744672644561975e-22, nan 
65.125, 81.125, 2.9569204014967683e-22, nan 
65.375, 81.125, 3.855199376630958e-22, nan 
65.625, 81.125, 1.294284287390445e-22, nan 
65.875, 81.125, 1.3343926844576022e-22, nan 
66.125, 81.125, 1.8748263843995044e-22, nan 
66.375, 81.125, 2.170387859072786e-22, nan 
66.625, 81.125, 1.9672149507738704e-22, nan 
66.875, 81.125, 2.2017476592849654e-22, nan 
67.125, 81.125, 2.6086501406731514e-22, nan 
67.375, 81.125, 1.5923090602684846e-22, nan 
67.625, 81.125, 1.5119243469108057e-22, nan 
67.875, 81.125, 1.8173918174766018e-22, nan 
68.125, 81.125, 1.5003179364313633e-22, nan 
68.375, 81.125, 1.6696120976579419e-22, nan 
68.625, 81.125, 1.602339256054013e-22, nan 
68.875, 81.125, 1.6714448220103633e-22, nan 
69.125, 81.125, 9.919434059500121e-23, nan 
69.375, 81.125, 1.4426940148531836e-22, nan 
69.625, 81.125, 2.101772675756504e-22, nan 
69.875, 81.125, 2.475909925131508e-22, nan 
70.125, 81.125, 2.8042916548557755e-22, nan 
70.375, 81.125, 3.49515699005575e-22, nan 
70.625, 81.125, 3.9664362859221364e-22, nan 
70.875, 81.125, 2.69348242806795e-22, nan 
71.125, 81.125, 3.3700362268158054e-22, nan 
71.375, 81.125, 3.898084986602042e-22, nan 
71.625, 81.125, 4.451824245683725e-22, nan 
71.875, 81.125, 2.988568159440275e-22, nan 
72.125, 81.125, 3.5353445682646923e-22, nan 
72.375, 81.125, 3.673372989066724e-22, nan 
72.625, 81.125, 2.9541145642998305e-22, nan 
72.875, 81.125, 2.335784077030814e-22, nan 
73.125, 81.125, 3.018738432222534e-22, nan 
73.375, 81.125, 2.8717542732441464e-22, nan 
73.625, 81.125, 2.9046267871231882e-22, nan 
73.875, 81.125, 2.4974877407409797e-22, nan 
74.125, 81.125, 2.7445241824027836e-22, nan 
74.375, 81.125, 2.788923548300555e-22, nan 
74.625, 81.125, 3.386860407985681e-22, nan 
74.875, 81.125, 4.967038319716989e-22, nan 
75.125, 81.125, 4.580983212416668e-22, nan 
75.375, 81.125, 4.940623616097939e-22, nan 
75.625, 81.125, 4.447641275910292e-22, nan 
75.875, 81.125, 3.2257093305499705e-22, nan 
76.125, 81.125, 1.7917416843668275e-22, nan 
76.375, 81.125, 5.093186332702187e-22, nan 
76.625, 81.125, 3.1577698780004376e-22, nan 
76.875, 81.125, 3.842639342387052e-22, nan 
77.125, 81.125, 4.133601417954147e-22, nan 
77.375, 81.125, 4.235204153634692e-22, nan 
77.625, 81.125, 3.4147221264331287e-22, nan 
77.875, 81.125, 3.987635373648594e-22, nan 
78.125, 81.125, 5.223860505567222e-22, nan 
78.375, 81.125, 3.4203515032856868e-22, nan 
78.625, 81.125, 3.142093482468255e-22, nan 
78.875, 81.125, 2.220152062837772e-22, nan 
79.125, 81.125, 3.042065339200933e-22, nan 
79.375, 81.125, 2.739771278060221e-22, nan 
79.625, 81.125, 2.650861761736161e-22, nan 
79.875, 81.125, 2.7113033983008253e-22, nan 
80.125, 81.125, 2.841301945978251e-22, nan 
80.375, 81.125, 2.9244790035377495e-22, nan 
80.625, 81.125, 2.794937568102823e-22, nan 
80.875, 81.125, 2.800377728795022e-22, nan 
81.125, 81.125, 1.2777764648230516e-22, nan 
81.375, 81.125, 5.998298130555283e-22, nan 
81.625, 81.125, 6.583900676545928e-22, nan 
81.875, 81.125, 3.6130284460433327e-22, nan 
82.125, 81.125, 6.376302380963025e-22, nan 
82.375, 81.125, 5.055121479119159e-22, nan 
82.625, 81.125, 3.6459874919440266e-22, nan 
82.875, 81.125, 4.0742776093842994e-22, nan 
83.125, 81.125, 1.541263095995452e-22, nan 
83.375, 81.125, 1.509149694217449e-22, nan 
83.625, 81.125, 1.3482076345774064e-22, nan 
83.875, 81.125, 1.3916954739810902e-22, nan 
84.125, 81.125, 1.3655098172174262e-22, nan 
84.375, 81.125, 1.0131954324494808e-22, nan 
84.625, 81.125, 5.1629333426599194e-23, nan 
84.875, 81.125, 1.3091824903912456e-22, nan 
85.125, 81.125, 1.8455720869957205e-22, nan 
85.375, 81.125, 1.6116362022304173e-22, nan 
85.625, 81.125, 1.5393601692954955e-22, nan 
85.875, 81.125, 1.8137603835754088e-22, nan 
86.125, 81.125, 2.414080434461664e-22, nan 
86.375, 81.125, 1.6197068434359462e-22, nan 
86.625, 81.125, 2.1202329691946794e-22, nan 
86.875, 81.125, 2.530996239797218e-22, nan 
87.125, 81.125, 1.78872252405027e-22, nan 
87.375, 81.125, 1.7989418382903502e-22, nan 
87.625, 81.125, 2.821638753464319e-22, nan 
87.875, 81.125, 2.77859919941299e-22, nan 
88.125, 81.125, 2.542395488299792e-22, nan 
88.375, 81.125, 2.9294405784952777e-22, nan 
88.625, 81.125, 2.835775501399093e-22, nan 
88.875, 81.125, 2.757231057767156e-22, nan 
89.125, 81.125, 2.9590765051923604e-22, nan 
89.375, 81.125, 4.680688898269852e-22, nan 
89.625, 81.125, 3.341748235245258e-22, nan 
89.875, 81.125, 3.9172974776436325e-22, nan 
90.125, 81.125, 4.146859336993358e-22, nan 
90.375, 81.125, 4.037990901237246e-22, nan 
90.625, 81.125, 4.148747188134924e-22, nan 
90.875, 81.125, 4.370063729599372e-22, nan 
91.125, 81.125, 5.239505506616335e-22, nan 
91.375, 81.125, 4.457128349674923e-22, nan 
91.625, 81.125, 4.1531484769181596e-22, nan 
91.875, 81.125, 4.45251960905269e-22, nan 
92.125, 81.125, 4.679324129619011e-22, nan 
92.375, 81.125, 4.423992607205387e-22, nan 
92.625, 81.125, 4.495173906515597e-22, nan 
92.875, 81.125, 4.887559566558395e-22, nan 
93.125, 81.125, 4.623051313684151e-22, nan 
93.375, 81.125, 5.102970143270551e-22, nan 
93.625, 81.125, 5.103206567046817e-22, nan 
93.875, 81.125, 5.100486670938781e-22, nan 
94.125, 81.125, 5.265935162962127e-22, nan 
94.375, 81.125, 5.46189655180479e-22, nan 
94.625, 81.125, 5.502634991308298e-22, nan 
94.875, 81.125, 5.062748203000832e-22, nan 
95.125, 81.125, 5.609379493045354e-22, nan 
95.375, 81.125, 4.493147803613806e-22, nan 
95.625, 81.125, 4.576610865639155e-22, nan 
95.875, 81.125, 5.844461013649454e-22, nan 
96.125, 81.125, 7.149007994132934e-22, nan 
96.375, 81.125, 6.19932365799031e-22, nan 
96.625, 81.125, 4.946318965836587e-22, nan 
96.875, 81.125, 4.306958687085671e-22, nan 
97.125, 81.125, 5.171976122230834e-22, nan 
97.375, 81.125, 3.6823432904179516e-22, nan 
97.625, 81.125, 3.8314728599283586e-22, nan 
97.875, 81.125, 4.383651157896996e-22, nan 
98.125, 81.125, 3.3632550766594703e-22, nan 
98.375, 81.125, 3.2607916423682937e-22, nan 
98.625, 81.125, 3.985846581794219e-22, nan 
98.875, 81.125, 2.9425990756346114e-22, nan 
99.125, 81.125, 1.8987717427613132e-22, nan 
99.375, 81.125, 1.392434294732112e-22, nan 
99.625, 81.125, 1.290863079353753e-22, nan 
99.875, 81.125, 1.0096168105474359e-22, nan 
100.125, 81.125, 1.1159651697420497e-22, nan 
100.375, 81.125, 5.483220680811614e-23, nan 
100.625, 81.125, 6.73203669579747e-23, nan 
100.875, 81.125, 5.153711158798898e-23, nan 
101.125, 81.125, 5.617020193806038e-23, nan 
101.375, 81.125, 6.835867610866714e-23, nan 
101.625, 81.125, 5.140603729717698e-23, nan 
101.875, 81.125, 2.0853975794569786e-23, nan 
102.125, 81.125, 1.3216845970713696e-23, nan 
102.375, 81.125, 4.675747710967429e-23, nan 
102.625, 81.125, 3.7011230533950526e-23, nan 
102.875, 81.125, 5.726147737109043e-23, nan 
103.125, 81.125, 5.295740103175334e-23, nan 
103.375, 81.125, 5.839521520266436e-23, nan 
103.625, 81.125, 5.829379433503194e-23, nan 
103.875, 81.125, 5.407410641885801e-23, nan 
104.125, 81.125, 6.440218928822563e-23, nan 
104.375, 81.125, 8.30329485555671e-23, nan 
104.625, 81.125, 9.783717567977377e-23, nan 
104.875, 81.125, 9.678623613047195e-23, nan 
105.125, 81.125, 1.122608403338456e-22, nan 
105.375, 81.125, 8.439844917962748e-23, nan 
105.625, 81.125, 7.975301241674708e-23, nan 
105.875, 81.125, 5.48337554451985e-23, nan 
106.125, 81.125, 5.0980007837175876e-23, nan 
106.375, 81.125, 5.1351794029360474e-23, nan 
106.625, 81.125, 7.568216011545138e-23, nan 
106.875, 81.125, 1.0729715557054502e-22, nan 
107.125, 81.125, 9.313789372630833e-23, nan 
107.375, 81.125, 6.553476343805044e-23, nan 
107.625, 81.125, 6.343862441170385e-23, nan 
107.875, 81.125, 4.9608556667368635e-23, nan 
108.125, 81.125, 6.088080581973469e-23, nan 
108.375, 81.125, 7.565166592640542e-23, nan 
108.625, 81.125, 8.051280444657107e-23, nan 
108.875, 81.125, 7.148288643655306e-23, nan 
109.125, 81.125, 6.985138132936692e-23, nan 
109.375, 81.125, 8.154245671225775e-23, nan 
109.625, 81.125, 6.275009237311929e-23, nan 
109.875, 81.125, 9.046298489185321e-23, nan 
110.125, 81.125, 1.0214255997440563e-22, nan 
110.375, 81.125, 6.981888303271723e-23, nan 
110.625, 81.125, 6.804065667556577e-23, nan 
110.875, 81.125, 5.229936623205737e-23, nan 
111.125, 81.125, 9.150139513471072e-23, nan 
111.375, 81.125, 6.659501461043931e-23, nan 
111.625, 81.125, 5.619431743647139e-23, nan 
111.875, 81.125, 8.000179335660519e-23, nan 
112.125, 81.125, 7.903137451456596e-23, nan 
112.375, 81.125, 8.531992147262796e-23, nan 
112.625, 81.125, 1.07336172470495e-22, nan 
112.875, 81.125, 1.069844424083997e-22, nan 
113.125, 81.125, 8.376343543263415e-23, nan 
113.375, 81.125, 8.717595133397832e-23, nan 
113.625, 81.125, 8.725941820235804e-23, nan 
113.875, 81.125, 9.295767181896316e-23, nan 
114.125, 81.125, 8.705069112429468e-23, nan 
114.375, 81.125, 9.588351048398235e-23, nan 
114.625, 81.125, 8.35520079177667e-23, nan 
114.875, 81.125, 8.778883434617101e-23, nan 
115.125, 81.125, 1.179355843752058e-22, nan 
115.375, 81.125, 9.762959508517891e-23, nan 
115.625, 81.125, 5.618785939951827e-23, nan 
115.875, 81.125, 2.5225191454971792e-23, nan 
116.125, 81.125, 4.56924249095551e-23, nan 
116.375, 81.125, 1.0557491684013354e-22, nan 
116.625, 81.125, 1.170934048843963e-22, nan 
116.875, 81.125, 1.0644749556695117e-22, nan 
117.125, 81.125, 8.188715583009874e-23, nan 
117.375, 81.125, 5.0141511600480594e-23, nan 
117.625, 81.125, 8.131751587807722e-23, nan 
117.875, 81.125, 8.05006218841001e-23, nan 
118.125, 81.125, 5.674900385168026e-23, nan 
118.375, 81.125, 5.367930849906531e-23, nan 
118.625, 81.125, 7.109219727460476e-23, nan 
118.875, 81.125, 3.7983304702666637e-23, nan 
119.125, 81.125, 3.621913224642073e-23, nan 
119.375, 81.125, 2.8164310565498904e-23, nan 
119.625, 81.125, 3.492261006154381e-23, nan 
119.875, 81.125, 3.803066012844887e-23, nan 
120.125, 81.125, 4.3040523004373864e-23, nan 
120.375, 81.125, 4.124875593362626e-23, nan 
120.625, 81.125, 4.756901985708036e-23, nan 
120.875, 81.125, 4.3222331663959044e-23, nan 
121.125, 81.125, 3.8134028917781164e-23, nan 
121.375, 81.125, 4.6226892383050854e-23, nan 
121.625, 81.125, 4.6132575081226134e-23, nan 
121.875, 81.125, 4.5760763461988597e-23, nan 
122.125, 81.125, 4.6909437324916316e-23, nan 
122.375, 81.125, 4.098361619528946e-23, nan 
122.625, 81.125, 2.7560537149984696e-23, nan 
122.875, 81.125, 3.3610097075026035e-23, nan 
123.125, 81.125, 4.1392648243394934e-23, nan 
123.375, 81.125, 3.7652521974149317e-23, nan 
123.625, 81.125, 2.8115824972373353e-23, nan 
123.875, 81.125, 2.4940239660973416e-23, nan 
124.125, 81.125, 2.833007886662178e-23, nan 
124.375, 81.125, 1.9598892568962283e-23, nan 
124.625, 81.125, 1.3703202081906995e-23, nan 
124.875, 81.125, 1.2977018858432225e-23, nan 
125.125, 81.125, 1.196375995927304e-23, nan 
125.375, 81.125, 1.1798126786866303e-23, nan 
125.625, 81.125, 1.1546875787887413e-23, nan 
125.875, 81.125, 8.367627084033799e-24, nan 
126.125, 81.125, 1.0205454289041815e-23, nan 
126.375, 81.125, 1.2667608660297992e-23, nan 
126.625, 81.125, 7.456509406274437e-24, nan 
126.875, 81.125, 5.694567908310043e-24, nan 
127.125, 81.125, 9.557579147158656e-24, nan 
127.375, 81.125, 8.244522827269308e-24, nan 
127.625, 81.125, 5.510380210952977e-24, nan 
127.875, 81.125, 4.719922237722551e-24, nan 
128.125, 81.125, 7.566292110517196e-24, nan 
128.375, 81.125, 1.1426254987957354e-23, nan 
128.625, 81.125, 1.1547969977547183e-23, nan 
128.875, 81.125, 1.4964591715346472e-23, nan 
129.125, 81.125, 1.059049991222712e-23, nan 
129.375, 81.125, 4.477164031859367e-24, nan 
129.625, 81.125, 6.067535361484011e-24, nan 
129.875, 81.125, 6.146861641067045e-24, nan 
130.125, 81.125, 7.815996525175304e-24, nan 
130.375, 81.125, 8.172755319128798e-24, nan 
130.625, 81.125, 4.604740590270645e-24, nan 
130.875, 81.125, 5.211660122981609e-24, nan 
131.125, 81.125, 6.69273276013668e-24, nan 
131.375, 81.125, 1.0762257374011997e-23, nan 
131.625, 81.125, 4.755999436133344e-24, nan 
131.875, 81.125, 1.155816661057044e-23, nan 
132.125, 81.125, 1.5857450695386004e-23, nan 
132.375, 81.125, 1.1289959507569279e-23, nan 
132.625, 81.125, 1.2185892422232904e-23, nan 
132.875, 81.125, 1.0728773318863314e-23, nan 
133.125, 81.125, 1.205155752149185e-23, nan 
133.375, 81.125, 1.5579974720239062e-23, nan 
133.625, 81.125, 1.2441372971732238e-23, nan 
133.875, 81.125, 1.18931138915774e-23, nan 
134.125, 81.125, 1.2723671933384807e-23, nan 
134.375, 81.125, 1.2803101107528786e-23, nan 
134.625, 81.125, 1.2061755703858491e-23, nan 
134.875, 81.125, 1.0562514512266425e-23, nan 
135.125, 81.125, 1.4528393123400464e-23, nan 
135.375, 81.125, 9.053356346223398e-24, nan 
135.625, 81.125, 1.0396419412839314e-23, nan 
135.875, 81.125, 9.213245735457622e-24, nan 
136.125, 81.125, 1.3125578263064884e-23, nan 
136.375, 81.125, 7.380352112858832e-24, nan 
136.625, 81.125, 5.3876008415532225e-24, nan 
136.875, 81.125, 1.0413093031842848e-23, nan 
137.125, 81.125, 2.2380755764879536e-23, nan 
137.375, 81.125, 2.2671014440756718e-23, nan 
137.625, 81.125, 3.0171238333068226e-23, nan 
137.875, 81.125, 2.0771846089074742e-23, nan 
138.125, 81.125, 3.2773264674879374e-23, nan 
138.375, 81.125, 3.282963295599672e-23, nan 
138.625, 81.125, 2.9495160314097224e-23, nan 
138.875, 81.125, 2.7993240685356895e-23, nan 
139.125, 81.125, 2.5523021406794582e-23, nan 
139.375, 81.125, 3.4506245106950466e-23, nan 
139.625, 81.125, 2.4288313181123826e-23, nan 
139.875, 81.125, 3.0354571276968175e-23, nan 
140.125, 81.125, 2.5336415209084392e-23, nan 
140.375, 81.125, 2.377543407741731e-23, nan 
140.625, 81.125, 2.032273351557029e-23, nan 
140.875, 81.125, 2.0449876477241272e-23, nan 
141.125, 81.125, 2.0704878244300594e-23, nan 
141.375, 81.125, 1.76128224344781e-23, nan 
141.625, 81.125, 1.8813876396753923e-23, nan 
141.875, 81.125, 1.8281644076717804e-23, nan 
142.125, 81.125, 1.7827496697067698e-23, nan 
142.375, 81.125, 1.812748096545563e-23, nan 
142.625, 81.125, 1.8775947671984112e-23, nan 
142.875, 81.125, 1.8264625105680996e-23, nan 
143.125, 81.125, 1.639387822661167e-23, nan 
143.375, 81.125, 1.6501100481331077e-23, nan 
143.625, 81.125, 1.508215377827538e-23, nan 
143.875, 81.125, 1.6229074614223133e-23, nan 
144.125, 81.125, 1.6190692333705652e-23, nan 
144.375, 81.125, 1.4900714249242684e-23, nan 
144.625, 81.125, 1.4209549424836247e-23, nan 
144.875, 81.125, 1.6233103545347162e-23, nan 
145.125, 81.125, 1.618453964833195e-23, nan 
145.375, 81.125, 1.4521887262452496e-23, nan 
145.625, 81.125, 1.3284202954392493e-23, nan 
145.875, 81.125, 1.5259585528029568e-23, nan 
146.125, 81.125, 1.5882662685726606e-23, nan 
146.375, 81.125, 1.7136385645027393e-23, nan 
146.625, 81.125, 1.679346124002188e-23, nan 
146.875, 81.125, 1.9930808124344516e-23, nan 
147.125, 81.125, 1.6673301345417427e-23, nan 
147.375, 81.125, 1.6645608013295004e-23, nan 
147.625, 81.125, 1.911991756879768e-23, nan 
147.875, 81.125, 1.8654042995248426e-23, nan 
148.125, 81.125, 1.9023530243364249e-23, nan 
148.375, 81.125, 1.9839736938140118e-23, nan 
148.625, 81.125, 1.809403866597771e-23, nan 
148.875, 81.125, 1.9658696003458195e-23, nan 
149.125, 81.125, 2.1072560244234077e-23, nan 
149.375, 81.125, 1.778188737130271e-23, nan 
149.625, 81.125, 1.854142162784496e-23, nan 
149.875, 81.125, 1.7503773900878635e-23, nan 
150.125, 81.125, 1.76615186537327e-23, nan 
150.375, 81.125, 1.9031678228149626e-23, nan 
150.625, 81.125, 1.7263612688382836e-23, nan 
150.875, 81.125, 1.9251211085944525e-23, nan 
151.125, 81.125, 2.021286933993226e-23, nan 
151.375, 81.125, 1.9982215868963665e-23, nan 
151.625, 81.125, 1.9027190125703304e-23, nan 
151.875, 81.125, 2.003700070548315e-23, nan 
152.125, 81.125, 1.944139136513007e-23, nan 
152.375, 81.125, 2.0194450884561266e-23, nan 
152.625, 81.125, 2.0000803629530608e-23, nan 
152.875, 81.125, 1.9420861341497384e-23, nan 
153.125, 81.125, 1.9235419753711987e-23, nan 
153.375, 81.125, 1.778950768285559e-23, nan 
153.625, 81.125, 1.9718078303994058e-23, nan 
153.875, 81.125, 1.7694640741836195e-23, nan 
154.125, 81.125, 1.7848579699209566e-23, nan 
154.375, 81.125, 1.912544365613848e-23, nan 
154.625, 81.125, 1.8741905409217254e-23, nan 
154.875, 81.125, 1.7268902912389304e-23, nan 
155.125, 81.125, 1.838128416450064e-23, nan 
155.375, 81.125, 1.916411068583495e-23, nan 
155.625, 81.125, 1.7767112580393142e-23, nan 
155.875, 81.125, 1.7849184780445738e-23, nan 
156.125, 81.125, 1.940997668373911e-23, nan 
156.375, 81.125, 1.8358946924497365e-23, nan 
156.625, 81.125, 1.6705940423184673e-23, nan 
156.875, 81.125, 2.0064278555887716e-23, nan 
157.125, 81.125, 2.0120426560175696e-23, nan 
157.375, 81.125, 1.414169650902949e-23, nan 
157.625, 81.125, 1.3028727558459327e-23, nan 
157.875, 81.125, 1.3510699836536037e-23, nan 
158.125, 81.125, 1.3098937320561638e-23, nan 
158.375, 81.125, 1.1784250377105953e-23, nan 
158.625, 81.125, 1.3546218698219646e-23, nan 
158.875, 81.125, 1.2532351884178158e-23, nan 
159.125, 81.125, 1.198011147064756e-23, nan 
159.375, 81.125, 1.7202643557258065e-23, nan 
159.625, 81.125, 1.2752525012179583e-23, nan 
159.875, 81.125, 1.1801826160690736e-23, nan 
160.125, 81.125, 1.6249993834525438e-23, nan 
160.375, 81.125, 1.891246135859562e-23, nan 
160.625, 81.125, 1.5397704176874237e-23, nan 
160.875, 81.125, 1.1778870331409847e-23, nan 
161.125, 81.125, 1.9576154620091684e-23, nan 
161.375, 81.125, 1.3551884158028743e-23, nan 
161.625, 81.125, 1.2841147366526447e-23, nan 
161.875, 81.125, 1.423768823333732e-23, nan 
162.125, 81.125, 1.649284595697004e-23, nan 
162.375, 81.125, 1.3589572859729598e-23, nan 
162.625, 81.125, 1.107116299688434e-23, nan 
162.875, 81.125, 1.2348598077298393e-23, nan 
163.125, 81.125, 1.1123295808129251e-23, nan 
163.375, 81.125, 1.0729641783332862e-23, nan 
163.625, 81.125, 1.0513015736193955e-23, nan 
163.875, 81.125, 1.038192638765867e-23, nan 
164.125, 81.125, 1.061281529715094e-23, nan 
164.375, 81.125, 9.828091532196793e-24, nan 
164.625, 81.125, 1.0721734602150419e-23, nan 
164.875, 81.125, 1.0539316869106347e-23, nan 
165.125, 81.125, 1.0005656474467956e-23, nan 
165.375, 81.125, 9.981503566624504e-24, nan 
165.625, 81.125, 1.013151347411396e-23, nan 
165.875, 81.125, 1.0010694270914935e-23, nan 
166.125, 81.125, 1.0080012294514997e-23, nan 
166.375, 81.125, 9.828710616076125e-24, nan 
166.625, 81.125, 1.0337658484576943e-23, nan 
166.875, 81.125, 9.879031093595186e-24, nan 
167.125, 81.125, 9.594754040592343e-24, nan 
167.375, 81.125, 1.0672175871221733e-23, nan 
167.625, 81.125, 1.0337003598741356e-23, nan 
167.875, 81.125, 1.0228655181993169e-23, nan 
168.125, 81.125, 1.0292221923351635e-23, nan 
168.375, 81.125, 1.083651463276812e-23, nan 
168.625, 81.125, 1.078378608808633e-23, nan 
168.875, 81.125, 1.1072717091066955e-23, nan 
169.125, 81.125, 1.1679141700307777e-23, nan 
169.375, 81.125, 1.1989724264769782e-23, nan 
169.625, 81.125, 9.583841435090628e-24, nan 
169.875, 81.125, 9.087479077246797e-24, nan 
170.125, 81.125, 1.0889787604633351e-23, nan 
170.375, 81.125, 9.893077250890127e-24, nan 
170.625, 81.125, 9.512376177272756e-24, nan 
170.875, 81.125, 9.158454417458466e-24, nan 
171.125, 81.125, 8.474344214346714e-24, nan 
171.375, 81.125, 8.084481421785355e-24, nan 
171.625, 81.125, 8.30799804166762e-24, nan 
171.875, 81.125, 8.002711461259714e-24, nan 
172.125, 81.125, 6.93690357216171e-24, nan 
172.375, 81.125, 6.976323765889675e-24, nan 
172.625, 81.125, 7.014338425548925e-24, nan 
172.875, 81.125, 6.0882967443507654e-24, nan 
173.125, 81.125, 5.997246611914605e-24, nan 
173.375, 81.125, 5.977532227514362e-24, nan 
173.625, 81.125, 5.0857412909584014e-24, nan 
173.875, 81.125, 4.632093140156635e-24, nan 
174.125, 81.125, 4.367569181275559e-24, nan 
174.375, 81.125, 4.881198734528907e-24, nan 
174.625, 81.125, 4.594794058764491e-24, nan 
174.875, 81.125, 4.598992980744009e-24, nan 
175.125, 81.125, 4.403249807916633e-24, nan 
175.375, 81.125, 4.407493550661411e-24, nan 
175.625, 81.125, 4.5402346329844845e-24, nan 
175.875, 81.125, 4.226795965861544e-24, nan 
176.125, 81.125, 4.464880649678261e-24, nan 
176.375, 81.125, 4.4946435683925225e-24, nan 
176.625, 81.125, 4.373278736651782e-24, nan 
176.875, 81.125, 4.802252864008115e-24, nan 
177.125, 81.125, 4.513173302146676e-24, nan 
177.375, 81.125, 4.3386174585989604e-24, nan 
177.625, 81.125, 4.6828403756623005e-24, nan 
177.875, 81.125, 4.451113382290495e-24, nan 
178.125, 81.125, 4.280003140812843e-24, nan 
178.375, 81.125, 4.063148460922615e-24, nan 
178.625, 81.125, 4.1079999716394136e-24, nan 
178.875, 81.125, 4.3015699260235955e-24, nan 
179.125, 81.125, 3.921510829593865e-24, nan 
179.375, 81.125, 4.039175361461846e-24, nan 
179.625, 81.125, 4.396735053913989e-24, nan 
179.875, 81.125, 4.1158015113976266e-24, nan 
-179.875, 81.375, 3.710038865630852e-24, nan 
-179.625, 81.375, 3.818282491868801e-24, nan 
-179.375, 81.375, 3.694444717965009e-24, nan 
-179.125, 81.375, 3.505585232595542e-24, nan 
-178.875, 81.375, 3.699486078618683e-24, nan 
-178.625, 81.375, 3.5205850375663996e-24, nan 
-178.375, 81.375, 3.609451312341269e-24, nan 
-178.125, 81.375, 3.342778883532612e-24, nan 
-177.875, 81.375, 3.4846273983888085e-24, nan 
-177.625, 81.375, 3.1175351358891254e-24, nan 
-177.375, 81.375, 3.51296251971609e-24, nan 
-177.125, 81.375, 3.1646642454372987e-24, nan 
-176.875, 81.375, 3.271742744438762e-24, nan 
-176.625, 81.375, 3.507001583251547e-24, nan 
-176.375, 81.375, 3.653915748995998e-24, nan 
-176.125, 81.375, 3.2171296722000397e-24, nan 
-175.875, 81.375, 3.73294808118807e-24, nan 
-175.625, 81.375, 3.614921581601171e-24, nan 
-175.375, 81.375, 3.625466822835908e-24, nan 
-175.125, 81.375, 4.244989763219604e-24, nan 
-174.875, 81.375, 4.233204713888561e-24, nan 
-174.625, 81.375, 3.7733702278075165e-24, nan 
-174.375, 81.375, 4.0508404642502896e-24, nan 
-174.125, 81.375, 3.639872869118342e-24, nan 
-173.875, 81.375, 3.842422286567092e-24, nan 
-173.625, 81.375, 3.8433683116042444e-24, nan 
-173.375, 81.375, 4.1440049625563294e-24, nan 
15.875, 81.375, 4.4663577969150804e-24, nan 
16.125, 81.375, 3.84733217970707e-24, nan 
16.375, 81.375, 3.140101209431488e-24, nan 
16.625, 81.375, 3.0447883616923248e-24, nan 
16.875, 81.375, 4.1480836477093224e-24, nan 
17.125, 81.375, 4.553811115732046e-24, nan 
17.375, 81.375, 6.014796509565514e-24, nan 
17.625, 81.375, 1.2849291221447028e-23, nan 
17.875, 81.375, 1.524312483488398e-23, nan 
18.125, 81.375, 1.3468830247715878e-23, nan 
18.375, 81.375, 1.1605576910361464e-23, nan 
18.625, 81.375, 1.0982002807336298e-23, nan 
18.875, 81.375, 6.75650805808375e-24, nan 
19.125, 81.375, 8.648009803861732e-24, nan 
19.375, 81.375, 2.2904617698567176e-23, nan 
19.625, 81.375, 2.727328747358732e-23, nan 
19.875, 81.375, 2.3580180501520587e-23, nan 
20.125, 81.375, 2.2549107099120105e-23, nan 
20.375, 81.375, 2.3302482476735958e-23, nan 
20.625, 81.375, 1.986437746187539e-23, nan 
20.875, 81.375, 1.6648631508822132e-23, nan 
21.125, 81.375, 1.793293953731814e-23, nan 
21.375, 81.375, 2.7929695037201874e-23, nan 
21.625, 81.375, 1.5450729094852736e-23, nan 
21.875, 81.375, 1.8850385534483397e-23, nan 
22.125, 81.375, 3.5771347605133003e-23, nan 
22.375, 81.375, 3.269930188574527e-23, nan 
22.625, 81.375, 2.4905916122808723e-23, nan 
22.875, 81.375, 2.824331172102019e-23, nan 
23.125, 81.375, 3.569075763797749e-23, nan 
23.375, 81.375, 2.798002706070828e-23, nan 
23.625, 81.375, 2.4142666943584245e-23, nan 
23.875, 81.375, 5.665373082263031e-23, nan 
24.125, 81.375, 5.1394444454844155e-23, nan 
24.375, 81.375, 3.092350032595272e-23, nan 
24.625, 81.375, 3.337233836938467e-23, nan 
24.875, 81.375, 3.2159031578580134e-23, nan 
25.125, 81.375, 2.838242139523448e-23, nan 
25.375, 81.375, 7.714040447831387e-24, nan 
25.625, 81.375, 2.0844271919439026e-23, nan 
25.875, 81.375, 2.387351997026383e-23, nan 
26.125, 81.375, 3.3925873991128555e-23, nan 
26.375, 81.375, 4.0207964654306056e-23, nan 
26.625, 81.375, 4.249590976549287e-23, nan 
26.875, 81.375, 3.68051359593075e-23, nan 
27.125, 81.375, 3.032796776615855e-23, nan 
27.375, 81.375, 2.617468870956833e-23, nan 
27.625, 81.375, 2.61762257012216e-23, nan 
27.875, 81.375, 3.8856473836846675e-23, nan 
28.125, 81.375, 3.8900015795126437e-23, nan 
28.375, 81.375, 4.9705062208985065e-23, nan 
28.625, 81.375, 4.6356545125111245e-23, nan 
28.875, 81.375, 4.737118948782182e-23, nan 
29.125, 81.375, 5.457989175314283e-23, nan 
29.375, 81.375, 4.0551397381295875e-23, nan 
29.625, 81.375, 8.074680984372713e-24, nan 
29.875, 81.375, 8.967518403231569e-24, nan 
30.125, 81.375, 9.705630201498911e-24, nan 
30.375, 81.375, 9.548190945058217e-24, nan 
30.625, 81.375, 8.474233713724573e-24, nan 
30.875, 81.375, 1.0364353771838363e-23, nan 
31.125, 81.375, 1.2270076672438202e-23, nan 
31.375, 81.375, 1.5482363715287464e-23, nan 
31.625, 81.375, 1.9409125465102473e-23, nan 
31.875, 81.375, 2.312459008859253e-23, nan 
32.125, 81.375, 1.8285831956871512e-23, nan 
32.375, 81.375, 1.568407007909625e-23, nan 
32.625, 81.375, 1.1300198159784552e-23, nan 
32.875, 81.375, 1.8696445260009246e-23, nan 
33.125, 81.375, 2.4357698714485714e-23, nan 
33.375, 81.375, 3.501131817602123e-23, nan 
33.625, 81.375, 3.188337501286152e-23, nan 
33.875, 81.375, 2.0114565666170732e-23, nan 
34.125, 81.375, 1.5265759465875934e-23, nan 
34.375, 81.375, 2.6171650006038573e-23, nan 
34.625, 81.375, 3.746163146630077e-23, nan 
34.875, 81.375, 5.2268734455986914e-23, nan 
35.125, 81.375, 5.500958123178979e-23, nan 
35.375, 81.375, 5.504709970420394e-23, nan 
35.625, 81.375, 5.508518118024732e-23, nan 
35.875, 81.375, 6.679422692249873e-23, nan 
36.125, 81.375, 7.077597997621769e-23, nan 
36.375, 81.375, 8.206611647857781e-23, nan 
36.625, 81.375, 1.0863533968214172e-22, nan 
36.875, 81.375, 1.1039041429764923e-22, nan 
37.125, 81.375, 1.0431987836983441e-22, nan 
37.375, 81.375, 6.417452732016476e-23, nan 
37.625, 81.375, 6.8200661919283e-23, nan 
37.875, 81.375, 6.887418473225646e-23, nan 
38.125, 81.375, 4.982003000759254e-23, nan 
38.375, 81.375, 5.74561752919301e-23, nan 
38.625, 81.375, 7.34413723824027e-23, nan 
38.875, 81.375, 1.1187845326376476e-22, nan 
39.125, 81.375, 9.053586397434555e-23, nan 
39.375, 81.375, 1.3160042838059862e-22, nan 
39.625, 81.375, 5.1776099434847736e-23, nan 
39.875, 81.375, 6.608332399403451e-23, nan 
40.125, 81.375, 7.081864179948962e-23, nan 
40.375, 81.375, 8.238806884114072e-23, nan 
40.625, 81.375, 9.591055883189828e-23, nan 
40.875, 81.375, 1.0104863733838816e-22, nan 
41.125, 81.375, 1.2625701556190337e-22, nan 
41.375, 81.375, 1.0458370368267969e-22, nan 
41.625, 81.375, 1.300960266172719e-22, nan 
41.875, 81.375, 1.3453918920531553e-22, nan 
42.125, 81.375, 1.354028934312592e-22, nan 
42.375, 81.375, 1.6075186476748288e-22, nan 
42.625, 81.375, 1.671722907879166e-22, nan 
42.875, 81.375, 1.6643884217323046e-22, nan 
43.125, 81.375, 1.6162889282315845e-22, nan 
43.375, 81.375, 1.6389995303806138e-22, nan 
43.625, 81.375, 1.313087488066448e-22, nan 
43.875, 81.375, 1.3167424788534115e-22, nan 
44.125, 81.375, 1.6173970145622103e-22, nan 
44.375, 81.375, 1.8875198822004249e-22, nan 
44.625, 81.375, 2.3010109993215056e-22, nan 
44.875, 81.375, 2.3982369474132023e-22, nan 
45.125, 81.375, 2.394261352165128e-22, nan 
45.375, 81.375, 2.386298989608239e-22, nan 
45.625, 81.375, 2.2674674919357547e-22, nan 
45.875, 81.375, 1.5867359381220221e-22, nan 
46.125, 81.375, 1.656901308401469e-22, nan 
46.375, 81.375, 2.4886480547060636e-22, nan 
46.625, 81.375, 2.6413794630163056e-22, nan 
46.875, 81.375, 2.6841095327376375e-22, nan 
47.125, 81.375, 2.675423074711906e-22, nan 
47.375, 81.375, 2.686313191632454e-22, nan 
47.625, 81.375, 2.1784439723216843e-22, nan 
47.875, 81.375, 1.6830456410174975e-22, nan 
48.125, 81.375, 1.4796404312176446e-22, nan 
48.375, 81.375, 1.3801904588087123e-22, nan 
48.625, 81.375, 1.4367957905235013e-22, nan 
48.875, 81.375, 1.3290625067357375e-22, nan 
49.125, 81.375, 1.1003176400694081e-22, nan 
49.375, 81.375, 8.136175387390794e-23, nan 
49.625, 81.375, 4.9676402428287166e-23, nan 
49.875, 81.375, 2.2513614310212118e-23, nan 
50.125, 81.375, 4.220385700232597e-23, nan 
50.375, 81.375, 5.324416115594366e-23, nan 
50.625, 81.375, 6.692432763449309e-23, nan 
50.875, 81.375, 7.014121481175631e-23, nan 
51.125, 81.375, 1.076283157397958e-22, nan 
51.375, 81.375, 3.9028815161466877e-23, nan 
51.625, 81.375, 1.5994941972528275e-22, nan 
51.875, 81.375, 1.4775335384888762e-22, nan 
52.125, 81.375, 1.6942812231142288e-22, nan 
52.375, 81.375, 1.5530283948972642e-22, nan 
52.625, 81.375, 1.4014197992411116e-22, nan 
52.875, 81.375, 1.4049459571420776e-22, nan 
53.125, 81.375, 1.9252428947699815e-22, nan 
53.375, 81.375, 1.9503048320142309e-22, nan 
53.625, 81.375, 1.5729665797413002e-22, nan 
53.875, 81.375, 2.39413562597401e-22, nan 
54.125, 81.375, 2.4711219930713426e-22, nan 
54.375, 81.375, 2.6901775886368807e-22, nan 
54.625, 81.375, 2.7394088681181836e-22, nan 
54.875, 81.375, 2.844619527057836e-22, nan 
55.125, 81.375, 2.479321559271802e-22, nan 
55.375, 81.375, 2.4045019700221703e-22, nan 
55.625, 81.375, 1.6542375267007899e-22, nan 
55.875, 81.375, 2.1048252887505433e-22, nan 
56.125, 81.375, 2.345012311784188e-22, nan 
56.375, 81.375, 2.463608969743658e-22, nan 
56.625, 81.375, 2.542366054840918e-22, nan 
56.875, 81.375, 2.505010219994973e-22, nan 
57.125, 81.375, 2.6267246232392625e-22, nan 
57.375, 81.375, 2.1860640551472355e-22, nan 
57.625, 81.375, 1.7819534125338762e-22, nan 
57.875, 81.375, 1.4117651350482057e-22, nan 
58.125, 81.375, 1.2020516688971581e-22, nan 
58.375, 81.375, 1.3765570838608824e-22, nan 
58.625, 81.375, 1.518426469220652e-22, nan 
58.875, 81.375, 1.8483901810415494e-22, nan 
59.125, 81.375, 2.243751961515803e-22, nan 
59.375, 81.375, 1.919989941247842e-22, nan 
59.625, 81.375, 1.1056795807662923e-22, nan 
59.875, 81.375, 1.1192122075614792e-22, nan 
60.125, 81.375, 1.4299204623281724e-22, nan 
60.375, 81.375, 1.3179121081175938e-22, nan 
60.625, 81.375, 1.5739709297901942e-22, nan 
60.875, 81.375, 1.2006009028980213e-22, nan 
61.125, 81.375, 1.2252822706293505e-22, nan 
61.375, 81.375, 1.5357348637121858e-22, nan 
61.625, 81.375, 1.4960476818297404e-22, nan 
61.875, 81.375, 1.7170037729069115e-22, nan 
62.125, 81.375, 1.881552718471383e-22, nan 
62.375, 81.375, 1.9504073144708296e-22, nan 
62.625, 81.375, 1.8768074124911571e-22, nan 
62.875, 81.375, 1.7729297195889965e-22, nan 
63.125, 81.375, 2.0747134746796406e-22, nan 
63.375, 81.375, 1.6417080290475324e-22, nan 
63.625, 81.375, 1.7321708628471437e-22, nan 
63.875, 81.375, 1.6424515143749982e-22, nan 
64.125, 81.375, 1.7234901121244469e-22, nan 
64.375, 81.375, 1.6699513311016124e-22, nan 
64.625, 81.375, 1.710431318144362e-22, nan 
64.875, 81.375, 1.9181719007969972e-22, nan 
65.125, 81.375, 2.006667983854976e-22, nan 
65.375, 81.375, 2.5167311642678263e-22, nan 
65.625, 81.375, 1.2625299459773565e-22, nan 
65.875, 81.375, 1.3262830622838247e-22, nan 
66.125, 81.375, 9.529312228660577e-23, nan 
66.375, 81.375, 8.575833067984168e-23, nan 
66.625, 81.375, 8.036973244757713e-23, nan 
66.875, 81.375, 8.903943485206074e-23, nan 
67.125, 81.375, 2.229140445257316e-22, nan 
67.375, 81.375, 2.4092609647941753e-22, nan 
67.625, 81.375, 2.2262673772441696e-22, nan 
67.875, 81.375, 2.758738235032899e-22, nan 
68.125, 81.375, 2.0715919182261317e-22, nan 
68.375, 81.375, 2.314005361350601e-22, nan 
68.625, 81.375, 1.334353272692201e-22, nan 
68.875, 81.375, 3.015896035151266e-22, nan 
69.125, 81.375, 3.3914707005804473e-22, nan 
69.375, 81.375, 4.129257751222981e-22, nan 
69.625, 81.375, 5.283839027262763e-22, nan 
69.875, 81.375, 4.930253423360444e-22, nan 
70.125, 81.375, 5.903786899396306e-22, nan 
70.375, 81.375, 4.414902288321884e-22, nan 
70.625, 81.375, 3.9137828576416115e-22, nan 
70.875, 81.375, 3.564475699280329e-22, nan 
71.125, 81.375, 2.978177854661179e-22, nan 
71.375, 81.375, 3.0816475327091043e-22, nan 
71.625, 81.375, 3.3070183467533208e-22, nan 
71.875, 81.375, 3.74555269761632e-22, nan 
72.125, 81.375, 2.6513762558312406e-22, nan 
72.375, 81.375, 2.2620877996331276e-22, nan 
72.625, 81.375, 2.519400026245531e-22, nan 
72.875, 81.375, 2.3363400441452265e-22, nan 
73.125, 81.375, 2.050147613430599e-22, nan 
73.375, 81.375, 2.507602621336027e-22, nan 
73.625, 81.375, 1.157769634221332e-22, nan 
73.875, 81.375, 1.208514690850995e-22, nan 
74.125, 81.375, 2.6832104582893503e-22, nan 
74.375, 81.375, 2.9849994835185933e-22, nan 
74.625, 81.375, 2.873821349044626e-22, nan 
74.875, 81.375, 3.3366468166201915e-22, nan 
75.125, 81.375, 3.2596622384441946e-22, nan 
75.375, 81.375, 3.1199012504883695e-22, nan 
75.625, 81.375, 4.529714432885062e-22, nan 
75.875, 81.375, 3.6295603717734357e-22, nan 
76.125, 81.375, 5.040676737527918e-22, nan 
76.375, 81.375, 5.391165690383993e-22, nan 
76.625, 81.375, 4.250147339840202e-22, nan 
76.875, 81.375, 5.156952604087449e-22, nan 
77.125, 81.375, 4.845015296708036e-22, nan 
77.375, 81.375, 6.010495318618835e-22, nan 
77.625, 81.375, 6.528074442369534e-22, nan 
77.875, 81.375, 6.673558501210175e-22, nan 
78.125, 81.375, 4.182850911257644e-22, nan 
78.375, 81.375, 3.934760025236696e-22, nan 
78.625, 81.375, 3.9708971000293655e-22, nan 
78.875, 81.375, 3.5643047794236867e-22, nan 
79.125, 81.375, 3.5059472509453486e-22, nan 
79.375, 81.375, 4.62730770044363e-22, nan 
79.625, 81.375, 8.063465697634021e-22, nan 
79.875, 81.375, 7.801561527618738e-22, nan 
80.125, 81.375, 7.517519141778424e-22, nan 
80.375, 81.375, 8.670001116867134e-22, nan 
80.625, 81.375, 8.330196148568604e-22, nan 
80.875, 81.375, 7.976366534245498e-22, nan 
81.125, 81.375, 5.685051274566026e-22, nan 
81.375, 81.375, 9.198731714345278e-22, nan 
81.625, 81.375, 8.882115188761402e-22, nan 
81.875, 81.375, 5.361307523484001e-22, nan 
82.125, 81.375, 8.677075645188197e-22, nan 
82.375, 81.375, 7.103436544380923e-22, nan 
82.625, 81.375, 6.097304151925169e-22, nan 
82.875, 81.375, 5.821748469869854e-22, nan 
83.125, 81.375, 5.252881707217402e-22, nan 
83.375, 81.375, 4.975303106463687e-22, nan 
83.625, 81.375, 3.135853912987546e-22, nan 
83.875, 81.375, 4.753191601773634e-22, nan 
84.125, 81.375, 3.956299252644826e-22, nan 
84.375, 81.375, 3.44346031884719e-22, nan 
84.625, 81.375, 4.612556365630152e-22, nan 
84.875, 81.375, 2.9050489820233123e-22, nan 
85.125, 81.375, 4.653903924590501e-22, nan 
85.375, 81.375, 4.450529768075827e-22, nan 
85.625, 81.375, 4.194243733805279e-22, nan 
85.875, 81.375, 3.4032781781167928e-22, nan 
86.125, 81.375, 2.637227521505236e-22, nan 
86.375, 81.375, 3.379995032840402e-22, nan 
86.625, 81.375, 6.019895672407848e-22, nan 
86.875, 81.375, 3.041996147262736e-22, nan 
87.125, 81.375, 2.0890507485946546e-22, nan 
87.375, 81.375, 1.6491260152066995e-22, nan 
87.625, 81.375, 2.791277076020413e-22, nan 
87.875, 81.375, 3.4752010168152423e-22, nan 
88.125, 81.375, 2.586622778804583e-22, nan 
88.375, 81.375, 2.2530721782225566e-22, nan 
88.625, 81.375, 2.665163165916891e-22, nan 
88.875, 81.375, 2.7680303325727824e-22, nan 
89.125, 81.375, 2.547334157580771e-22, nan 
89.375, 81.375, 1.4219024836036647e-22, nan 
89.625, 81.375, 3.4187551527807706e-22, nan 
89.875, 81.375, 3.716742150063173e-22, nan 
90.125, 81.375, 3.6826423796924196e-22, nan 
90.375, 81.375, 3.4701075147467704e-22, nan 
90.625, 81.375, 3.635522460249534e-22, nan 
90.875, 81.375, 3.6882330390280247e-22, nan 
91.125, 81.375, 3.594817959185169e-22, nan 
91.375, 81.375, 3.787208261929104e-22, nan 
91.625, 81.375, 3.51819945852984e-22, nan 
91.875, 81.375, 3.760407660668909e-22, nan 
92.125, 81.375, 4.0475677914139175e-22, nan 
92.375, 81.375, 3.8009753831512237e-22, nan 
92.625, 81.375, 3.9243901578769836e-22, nan 
92.875, 81.375, 4.314431924764249e-22, nan 
93.125, 81.375, 4.1111820649979933e-22, nan 
93.375, 81.375, 4.369197840524043e-22, nan 
93.625, 81.375, 4.688288706745881e-22, nan 
93.875, 81.375, 4.724463082171034e-22, nan 
94.125, 81.375, 4.6528525042483605e-22, nan 
94.375, 81.375, 4.662621041829565e-22, nan 
94.625, 81.375, 4.606149841141867e-22, nan 
94.875, 81.375, 4.645408567008093e-22, nan 
95.125, 81.375, 5.078710317965652e-22, nan 
95.375, 81.375, 4.437133238250964e-22, nan 
95.625, 81.375, 4.96798978704606e-22, nan 
95.875, 81.375, 5.483421107919528e-22, nan 
96.125, 81.375, 6.105655449140937e-22, nan 
96.375, 81.375, 5.769452280575639e-22, nan 
96.625, 81.375, 5.373833139706413e-22, nan 
96.875, 81.375, 4.828355150232944e-22, nan 
97.125, 81.375, 5.218989930697326e-22, nan 
97.375, 81.375, 4.612442708975872e-22, nan 
97.625, 81.375, 4.844872929239275e-22, nan 
97.875, 81.375, 5.284337932328379e-22, nan 
98.125, 81.375, 4.934608757001525e-22, nan 
98.375, 81.375, 4.779376646761983e-22, nan 
98.625, 81.375, 5.574049130996889e-22, nan 
98.875, 81.375, 5.468735432610165e-22, nan 
99.125, 81.375, 5.971689702471569e-22, nan 
99.375, 81.375, 5.783587800519556e-22, nan 
99.625, 81.375, 5.680891201431328e-22, nan 
99.875, 81.375, 4.810244213079688e-22, nan 
100.125, 81.375, 6.448259968745236e-22, nan 
100.375, 81.375, 5.711719103143962e-22, nan 
100.625, 81.375, 5.6944385242209735e-22, nan 
100.875, 81.375, 5.719295857809548e-22, nan 
101.125, 81.375, 5.442888008907817e-22, nan 
101.375, 81.375, 4.643926545542437e-22, nan 
101.625, 81.375, 3.4363901888535465e-22, nan 
101.875, 81.375, 3.9320417919539853e-22, nan 
102.125, 81.375, 3.2352401346818915e-22, nan 
102.375, 81.375, 2.694441778609952e-22, nan 
102.625, 81.375, 3.1518217471718006e-22, nan 
102.875, 81.375, 3.1871821412672174e-22, nan 
103.125, 81.375, 8.248212678748472e-23, nan 
103.375, 81.375, 2.3299461438020163e-22, nan 
103.625, 81.375, 1.54900204436082e-22, nan 
103.875, 81.375, 6.731762662507225e-23, nan 
104.125, 81.375, 5.293825681781156e-23, nan 
104.375, 81.375, 8.74557307096667e-23, nan 
104.625, 81.375, 9.949998649314177e-23, nan 
104.875, 81.375, 8.604385901293114e-23, nan 
105.125, 81.375, 9.818342659927279e-23, nan 
105.375, 81.375, 7.334042767796929e-23, nan 
105.625, 81.375, 6.751790190075578e-23, nan 
105.875, 81.375, 5.912725095892111e-23, nan 
106.125, 81.375, 5.753854870513909e-23, nan 
106.375, 81.375, 5.243573173755166e-23, nan 
106.625, 81.375, 5.567583676554291e-23, nan 
106.875, 81.375, 5.871846140702606e-23, nan 
107.125, 81.375, 6.007879178539594e-23, nan 
107.375, 81.375, 5.588629253173558e-23, nan 
107.625, 81.375, 5.1271578399809443e-23, nan 
107.875, 81.375, 6.982284483896405e-23, nan 
108.125, 81.375, 6.908835839245664e-23, nan 
108.375, 81.375, 5.430861377371312e-23, nan 
108.625, 81.375, 4.9795663048423833e-23, nan 
108.875, 81.375, 4.9824009835915896e-23, nan 
109.125, 81.375, 7.447838721527013e-23, nan 
109.375, 81.375, 1.4542568605572055e-22, nan 
109.625, 81.375, 6.60732251752767e-23, nan 
109.875, 81.375, 8.289410798087412e-23, nan 
110.125, 81.375, 8.441153498733784e-23, nan 
110.375, 81.375, 7.276888787986704e-23, nan 
110.625, 81.375, 6.498380535038193e-23, nan 
110.875, 81.375, 6.103319059845406e-23, nan 
111.125, 81.375, 1.7578057132459263e-22, nan 
111.375, 81.375, 5.097655812197578e-23, nan 
111.625, 81.375, 5.626628762000899e-23, nan 
111.875, 81.375, 6.914753953428614e-23, nan 
112.125, 81.375, 3.3310263846206185e-23, nan 
112.375, 81.375, 6.683512284592319e-23, nan 
112.625, 81.375, 8.091754483566663e-23, nan 
112.875, 81.375, 8.608545056649574e-23, nan 
113.125, 81.375, 4.3068306133511574e-23, nan 
113.375, 81.375, 7.145023679540848e-23, nan 
113.625, 81.375, 7.970389583631739e-23, nan 
113.875, 81.375, 7.464193523518704e-23, nan 
114.125, 81.375, 1.0009215090824051e-22, nan 
114.375, 81.375, 9.037111494778305e-23, nan 
114.625, 81.375, 6.595599678014733e-23, nan 
114.875, 81.375, 7.711009917242958e-23, nan 
115.125, 81.375, 7.907979040666762e-23, nan 
115.375, 81.375, 9.290577564355274e-23, nan 
115.625, 81.375, 9.42412839453012e-23, nan 
115.875, 81.375, 1.0430631645907392e-22, nan 
116.125, 81.375, 6.011260672783997e-23, nan 
116.375, 81.375, 1.1517209180590035e-22, nan 
116.625, 81.375, 1.522831997888309e-22, nan 
116.875, 81.375, 1.0167653815450147e-22, nan 
117.125, 81.375, 1.0681135809149621e-22, nan 
117.375, 81.375, 7.138092045233016e-23, nan 
117.625, 81.375, 1.1722858469126737e-22, nan 
117.875, 81.375, 1.184585161387428e-22, nan 
118.125, 81.375, 8.596728867993608e-23, nan 
118.375, 81.375, 9.800221381112311e-23, nan 
118.625, 81.375, 1.0558148121647124e-22, nan 
118.875, 81.375, 8.236023606964444e-23, nan 
119.125, 81.375, 3.9756650720008903e-23, nan 
119.375, 81.375, 7.228038905952729e-23, nan 
119.625, 81.375, 8.180573188948069e-23, nan 
119.875, 81.375, 4.992111302435976e-23, nan 
120.125, 81.375, 5.794140029929012e-23, nan 
120.375, 81.375, 7.886956149650065e-23, nan 
120.625, 81.375, 5.09547739207912e-23, nan 
120.875, 81.375, 4.487067416198026e-23, nan 
121.125, 81.375, 3.291766253939913e-23, nan 
121.375, 81.375, 2.7218532259158427e-23, nan 
121.625, 81.375, 2.749181576241356e-23, nan 
121.875, 81.375, 3.9886811527747174e-23, nan 
122.125, 81.375, 4.7596420849228735e-23, nan 
122.375, 81.375, 1.929718589791159e-23, nan 
122.625, 81.375, 4.3086988437765144e-23, nan 
122.875, 81.375, 3.4786934359201e-23, nan 
123.125, 81.375, 3.003973818621688e-23, nan 
123.375, 81.375, 2.229383747136991e-23, nan 
123.625, 81.375, 1.702070511504094e-23, nan 
123.875, 81.375, 1.9158592209162642e-23, nan 
124.125, 81.375, 2.6317429208294585e-23, nan 
124.375, 81.375, 1.4693081755930258e-23, nan 
124.625, 81.375, 1.7781182016268758e-23, nan 
124.875, 81.375, 1.806408471085432e-23, nan 
125.125, 81.375, 1.8413753458498608e-23, nan 
125.375, 81.375, 1.7044560585789983e-23, nan 
125.625, 81.375, 1.7953244943522122e-23, nan 
125.875, 81.375, 1.9760285648814596e-23, nan 
126.125, 81.375, 1.6919365678751544e-23, nan 
126.375, 81.375, 1.8155972229400814e-23, nan 
126.625, 81.375, 1.6361959860762026e-23, nan 
126.875, 81.375, 1.4154340271655627e-23, nan 
127.125, 81.375, 1.3592506656381138e-23, nan 
127.375, 81.375, 1.1197503593073695e-23, nan 
127.625, 81.375, 1.4946279287641918e-23, nan 
127.875, 81.375, 1.6953234156935245e-23, nan 
128.125, 81.375, 1.0555560833402806e-23, nan 
128.375, 81.375, 1.5373943868730364e-23, nan 
128.625, 81.375, 1.8217543355034462e-23, nan 
128.875, 81.375, 2.3375352955411114e-23, nan 
129.125, 81.375, 1.4290180668917104e-23, nan 
129.375, 81.375, 9.147562270715687e-24, nan 
129.625, 81.375, 9.64689777146236e-24, nan 
129.875, 81.375, 1.0855003615409381e-23, nan 
130.125, 81.375, 1.5249161680635912e-23, nan 
130.375, 81.375, 1.518797605682882e-23, nan 
130.625, 81.375, 1.6002852290989066e-23, nan 
130.875, 81.375, 1.0823045864821822e-23, nan 
131.125, 81.375, 8.000053040195139e-24, nan 
131.375, 81.375, 1.1672985797716047e-23, nan 
131.625, 81.375, 7.600394233262317e-24, nan 
131.875, 81.375, 4.978977810641341e-24, nan 
132.125, 81.375, 8.263097833357662e-24, nan 
132.375, 81.375, 4.9166541241937596e-24, nan 
132.625, 81.375, 1.1140093569058699e-23, nan 
132.875, 81.375, 1.1168549769792361e-23, nan 
133.125, 81.375, 1.3485788958762225e-23, nan 
133.375, 81.375, 1.5029837460834264e-23, nan 
133.625, 81.375, 1.5189473659774275e-23, nan 
133.875, 81.375, 1.5689199749121562e-23, nan 
134.125, 81.375, 1.5053478766084642e-23, nan 
134.375, 81.375, 1.5597241035137163e-23, nan 
134.625, 81.375, 1.5807424641226004e-23, nan 
134.875, 81.375, 1.6280228432089903e-23, nan 
135.125, 81.375, 1.6210281651963297e-23, nan 
135.375, 81.375, 1.5721157720270612e-23, nan 
135.625, 81.375, 1.6269797526135062e-23, nan 
135.875, 81.375, 1.6663401252601153e-23, nan 
136.125, 81.375, 2.2901315497661512e-23, nan 
136.375, 81.375, 2.829919792517558e-23, nan 
136.625, 81.375, 2.8101755693925087e-23, nan 
136.875, 81.375, 3.159005248620464e-23, nan 
137.125, 81.375, 2.736617402548441e-23, nan 
137.375, 81.375, 3.144707960538006e-23, nan 
137.625, 81.375, 4.580120269879796e-23, nan 
137.875, 81.375, 2.9712952567802615e-23, nan 
138.125, 81.375, 3.8215428064257695e-23, nan 
138.375, 81.375, 4.0517619050722135e-23, nan 
138.625, 81.375, 3.9288377312411676e-23, nan 
138.875, 81.375, 3.156506985395379e-23, nan 
139.125, 81.375, 3.4761497787757963e-23, nan 
139.375, 81.375, 3.339885740515511e-23, nan 
139.625, 81.375, 1.9719732906594662e-23, nan 
139.875, 81.375, 1.5506833259611513e-23, nan 
140.125, 81.375, 1.7414877098629066e-23, nan 
140.375, 81.375, 1.5859153940307698e-23, nan 
140.625, 81.375, 1.5080142312772746e-23, nan 
140.875, 81.375, 1.4036123559117797e-23, nan 
141.125, 81.375, 1.203736452709753e-23, nan 
141.375, 81.375, 1.5604935499389383e-23, nan 
141.625, 81.375, 1.589170047563239e-23, nan 
141.875, 81.375, 1.5527329585583424e-23, nan 
142.125, 81.375, 1.5863651553622053e-23, nan 
142.375, 81.375, 1.731878255890072e-23, nan 
142.625, 81.375, 1.7004228926134722e-23, nan 
142.875, 81.375, 1.647762293352325e-23, nan 
143.125, 81.375, 1.8108747361157766e-23, nan 
143.375, 81.375, 1.827688259820891e-23, nan 
143.625, 81.375, 1.8177776976072204e-23, nan 
143.875, 81.375, 1.8299557454347965e-23, nan 
144.125, 81.375, 1.819013381987027e-23, nan 
144.375, 81.375, 2.0044545900510536e-23, nan 
144.625, 81.375, 2.1075478373048177e-23, nan 
144.875, 81.375, 1.8513241550524134e-23, nan 
145.125, 81.375, 1.8323568126007677e-23, nan 
145.375, 81.375, 2.1945772400054674e-23, nan 
145.625, 81.375, 2.225394991838085e-23, nan 
145.875, 81.375, 2.0851187710406275e-23, nan 
146.125, 81.375, 2.0305211798656092e-23, nan 
146.375, 81.375, 2.2642790578865583e-23, nan 
146.625, 81.375, 2.0553405116642564e-23, nan 
146.875, 81.375, 2.100577980720819e-23, nan 
147.125, 81.375, 2.198947079531539e-23, nan 
147.375, 81.375, 2.3168368578277342e-23, nan 
147.625, 81.375, 2.156943785573496e-23, nan 
147.875, 81.375, 2.1566157051048797e-23, nan 
148.125, 81.375, 2.0521451097868478e-23, nan 
148.375, 81.375, 2.1273272680862222e-23, nan 
148.625, 81.375, 2.2517757354214638e-23, nan 
148.875, 81.375, 2.1832376832348795e-23, nan 
149.125, 81.375, 2.1506123648396207e-23, nan 
149.375, 81.375, 2.0094415474161564e-23, nan 
149.625, 81.375, 2.0137743329404235e-23, nan 
149.875, 81.375, 2.0527572866619875e-23, nan 
150.125, 81.375, 1.8614458066907774e-23, nan 
150.375, 81.375, 1.9765350039184343e-23, nan 
150.625, 81.375, 1.965272599828607e-23, nan 
150.875, 81.375, 2.056989743963692e-23, nan 
151.125, 81.375, 1.871516887899114e-23, nan 
151.375, 81.375, 1.9558642964167154e-23, nan 
151.625, 81.375, 1.8983699909756792e-23, nan 
151.875, 81.375, 1.894255140782838e-23, nan 
152.125, 81.375, 1.8087675527846782e-23, nan 
152.375, 81.375, 1.8069600895147292e-23, nan 
152.625, 81.375, 1.8125836815258566e-23, nan 
152.875, 81.375, 1.7648183807553483e-23, nan 
153.125, 81.375, 1.7479856054497676e-23, nan 
153.375, 81.375, 1.7031618299838199e-23, nan 
153.625, 81.375, 1.6989716696325552e-23, nan 
153.875, 81.375, 1.5584895964667875e-23, nan 
154.125, 81.375, 1.6211334297357656e-23, nan 
154.375, 81.375, 1.6092240057321516e-23, nan 
154.625, 81.375, 1.565848684990606e-23, nan 
154.875, 81.375, 1.6511597625876998e-23, nan 
155.125, 81.375, 1.7042241949416547e-23, nan 
155.375, 81.375, 1.4869659978198736e-23, nan 
155.625, 81.375, 1.612982715273771e-23, nan 
155.875, 81.375, 1.5720410751633574e-23, nan 
156.125, 81.375, 1.5078593258578605e-23, nan 
156.375, 81.375, 1.5271955143838573e-23, nan 
156.625, 81.375, 1.5107761127046497e-23, nan 
156.875, 81.375, 1.4864562826847467e-23, nan 
157.125, 81.375, 1.3643385690032887e-23, nan 
157.375, 81.375, 1.3326411064174185e-23, nan 
157.625, 81.375, 1.434831845783054e-23, nan 
157.875, 81.375, 1.317095862980145e-23, nan 
158.125, 81.375, 1.1707736437186037e-23, nan 
158.375, 81.375, 1.2913661826275174e-23, nan 
158.625, 81.375, 1.507310856860549e-23, nan 
158.875, 81.375, 1.222456790424212e-23, nan 
159.125, 81.375, 1.2161699451526448e-23, nan 
159.375, 81.375, 1.4311850989137342e-23, nan 
159.625, 81.375, 1.2793381433848225e-23, nan 
159.875, 81.375, 1.3408852611171038e-23, nan 
160.125, 81.375, 1.5132714573199847e-23, nan 
160.375, 81.375, 1.6038813313349578e-23, nan 
160.625, 81.375, 1.5067203322927098e-23, nan 
160.875, 81.375, 1.1786167289404684e-23, nan 
161.125, 81.375, 6.979546025927021e-24, nan 
161.375, 81.375, 9.721567273842557e-24, nan 
161.625, 81.375, 1.0307708998820513e-23, nan 
161.875, 81.375, 8.89813265119985e-24, nan 
162.125, 81.375, 7.331711658688347e-24, nan 
162.375, 81.375, 9.366747231167404e-24, nan 
162.625, 81.375, 9.936349882762594e-24, nan 
162.875, 81.375, 1.0369377646204857e-23, nan 
163.125, 81.375, 8.039822774571792e-24, nan 
163.375, 81.375, 8.939388012836368e-24, nan 
163.625, 81.375, 9.314870685600353e-24, nan 
163.875, 81.375, 8.625281002344138e-24, nan 
164.125, 81.375, 8.537457606277464e-24, nan 
164.375, 81.375, 9.130891650260177e-24, nan 
164.625, 81.375, 8.357630216088154e-24, nan 
164.875, 81.375, 8.5035707320139e-24, nan 
165.125, 81.375, 9.079812900050479e-24, nan 
165.375, 81.375, 7.806280858809694e-24, nan 
165.625, 81.375, 8.731636913758425e-24, nan 
165.875, 81.375, 7.914824385599349e-24, nan 
166.125, 81.375, 8.399092251864163e-24, nan 
166.375, 81.375, 8.62270767967058e-24, nan 
166.625, 81.375, 8.091371044842013e-24, nan 
166.875, 81.375, 8.126103806097939e-24, nan 
167.125, 81.375, 8.88273245351076e-24, nan 
167.375, 81.375, 8.026566727951327e-24, nan 
167.625, 81.375, 7.08115753103161e-24, nan 
167.875, 81.375, 8.637512700745954e-24, nan 
168.125, 81.375, 7.845834498430664e-24, nan 
168.375, 81.375, 7.705287922833999e-24, nan 
168.625, 81.375, 7.793153621163807e-24, nan 
168.875, 81.375, 7.627359556230824e-24, nan 
169.125, 81.375, 6.723534590402455e-24, nan 
169.375, 81.375, 7.202337456955508e-24, nan 
169.625, 81.375, 7.017470332415063e-24, nan 
169.875, 81.375, 6.143977102144419e-24, nan 
170.125, 81.375, 6.061819091546442e-24, nan 
170.375, 81.375, 5.742002224361549e-24, nan 
170.625, 81.375, 6.376825684321924e-24, nan 
170.875, 81.375, 6.058394604884364e-24, nan 
171.125, 81.375, 6.0404292343705386e-24, nan 
171.375, 81.375, 5.8742250197001e-24, nan 
171.625, 81.375, 5.215893853053e-24, nan 
171.875, 81.375, 4.728706708714675e-24, nan 
172.125, 81.375, 4.888884988942547e-24, nan 
172.375, 81.375, 4.424223674549956e-24, nan 
172.625, 81.375, 4.1503997615981656e-24, nan 
172.875, 81.375, 4.482862181950749e-24, nan 
173.125, 81.375, 4.345837163113583e-24, nan 
173.375, 81.375, 4.387153666062884e-24, nan 
173.625, 81.375, 4.162642226344308e-24, nan 
173.875, 81.375, 4.575915301484462e-24, nan 
174.125, 81.375, 4.425312871352536e-24, nan 
174.375, 81.375, 4.3932373828798396e-24, nan 
174.625, 81.375, 4.355381214702623e-24, nan 
174.875, 81.375, 4.719498703700719e-24, nan 
175.125, 81.375, 4.255801926530972e-24, nan 
175.375, 81.375, 4.615319685625672e-24, nan 
175.625, 81.375, 6.034496181964618e-24, nan 
175.875, 81.375, 5.113578436778856e-24, nan 
176.125, 81.375, 4.4858628190020046e-24, nan 
176.375, 81.375, 4.6736551852448e-24, nan 
176.625, 81.375, 4.2898537995747835e-24, nan 
176.875, 81.375, 4.302480930230425e-24, nan 
177.125, 81.375, 4.861188557433362e-24, nan 
177.375, 81.375, 4.3855039274607254e-24, nan 
177.625, 81.375, 4.257584140251044e-24, nan 
177.875, 81.375, 4.069626200109127e-24, nan 
178.125, 81.375, 4.398951248836403e-24, nan 
178.375, 81.375, 4.047045484752081e-24, nan 
178.625, 81.375, 3.841204176764019e-24, nan 
178.875, 81.375, 3.995886079183193e-24, nan 
179.125, 81.375, 4.193122364703039e-24, nan 
179.375, 81.375, 3.9061743523546884e-24, nan 
179.625, 81.375, 3.6277053999694185e-24, nan 
179.875, 81.375, 3.8002981261066994e-24, nan 
-179.875, 81.625, 3.1321487954553997e-24, nan 
-179.625, 81.625, 3.0891639258277477e-24, nan 
-179.375, 81.625, 3.2550023532427196e-24, nan 
-179.125, 81.625, 3.218203948283668e-24, nan 
-178.875, 81.625, 2.984170011122955e-24, nan 
-178.625, 81.625, 3.0250133326730197e-24, nan 
-178.375, 81.625, 3.122379123170268e-24, nan 
-178.125, 81.625, 3.0374244435107456e-24, nan 
-177.875, 81.625, 2.9735460339224468e-24, nan 
-177.625, 81.625, 2.9957845095815652e-24, nan 
-177.375, 81.625, 3.2279011565784904e-24, nan 
-177.125, 81.625, 2.962605335510462e-24, nan 
-176.875, 81.625, 2.8671072027942213e-24, nan 
-176.625, 81.625, 3.0073391591321076e-24, nan 
-176.375, 81.625, 3.132577180008281e-24, nan 
-176.125, 81.625, 2.8793935683830395e-24, nan 
-175.875, 81.625, 3.341848573652392e-24, nan 
-175.625, 81.625, 3.279720461077251e-24, nan 
-175.375, 81.625, 3.06003966446072e-24, nan 
-175.125, 81.625, 3.2633981033271304e-24, nan 
-174.875, 81.625, 3.145528473016438e-24, nan 
-174.625, 81.625, 3.081702467697129e-24, nan 
-174.375, 81.625, 3.34768072341009e-24, nan 
-174.125, 81.625, 3.246958481779147e-24, nan 
-173.875, 81.625, 3.150250712298788e-24, nan 
-173.625, 81.625, 3.279315028264405e-24, nan 
-173.375, 81.625, 3.9729604299706826e-24, nan 
-173.125, 81.625, 3.884792891470692e-24, nan 
-172.875, 81.625, 4.0396706594760935e-24, nan 
15.625, 81.625, 2.4962048827380862e-24, nan 
15.875, 81.625, 2.14384418850338e-24, nan 
16.125, 81.625, 2.1264225397378756e-24, nan 
16.375, 81.625, 1.8832979084215453e-24, nan 
16.625, 81.625, 2.27394887895494e-24, nan 
16.875, 81.625, 1.760443178753013e-24, nan 
17.125, 81.625, 1.7669465427267008e-24, nan 
17.375, 81.625, 2.1004196807363094e-24, nan 
17.625, 81.625, 1.971533666068761e-24, nan 
17.875, 81.625, 1.7910704811673875e-24, nan 
18.125, 81.625, 2.1679866880594557e-24, nan 
18.375, 81.625, 4.099790820945421e-24, nan 
18.625, 81.625, 4.799126766921078e-24, nan 
18.875, 81.625, 4.9246356289993275e-24, nan 
19.125, 81.625, 7.283923928981792e-24, nan 
19.375, 81.625, 1.4713335450630887e-23, nan 
19.625, 81.625, 1.7129701412340818e-23, nan 
19.875, 81.625, 1.5311872751474734e-23, nan 
20.125, 81.625, 1.4226302978551185e-23, nan 
20.375, 81.625, 1.431098707935939e-23, nan 
20.625, 81.625, 7.019169320674992e-24, nan 
20.875, 81.625, 8.97853670483329e-24, nan 
21.125, 81.625, 4.400912032156922e-24, nan 
21.375, 81.625, 3.3731112920030135e-24, nan 
21.625, 81.625, 3.7859718897564005e-24, nan 
21.875, 81.625, 3.480992154826182e-24, nan 
22.125, 81.625, 3.2381389355125544e-24, nan 
22.375, 81.625, 3.0006962259891795e-24, nan 
22.625, 81.625, 3.704864051199918e-24, nan 
22.875, 81.625, 9.893581779260154e-24, nan 
23.125, 81.625, 2.7623435849020426e-23, nan 
23.375, 81.625, 1.2419788599916178e-23, nan 
23.625, 81.625, 2.622768604991477e-23, nan 
23.875, 81.625, 4.1272961030009544e-23, nan 
24.125, 81.625, 3.809477721283136e-23, nan 
24.375, 81.625, 1.8397913646187192e-23, nan 
24.625, 81.625, 2.154185486372359e-23, nan 
24.875, 81.625, 1.8651356521553298e-23, nan 
25.125, 81.625, 2.329450133343755e-23, nan 
25.375, 81.625, 3.713102607271487e-23, nan 
25.625, 81.625, 2.5367155948818724e-23, nan 
25.875, 81.625, 2.6097989353060966e-23, nan 
26.125, 81.625, 2.3806526915468713e-23, nan 
26.375, 81.625, 2.812471767728261e-23, nan 
26.625, 81.625, 2.879774556753631e-23, nan 
26.875, 81.625, 2.874205961170872e-23, nan 
27.125, 81.625, 3.0278197394095524e-23, nan 
27.375, 81.625, 2.159262177326957e-23, nan 
27.625, 81.625, 1.4340052785428234e-23, nan 
27.875, 81.625, 5.159484030417888e-24, nan 
28.125, 81.625, 3.5287958601296545e-24, nan 
28.375, 81.625, 4.543495849037741e-24, nan 
28.625, 81.625, 6.887584565917553e-24, nan 
28.875, 81.625, 7.553679256174119e-24, nan 
29.125, 81.625, 1.3858472795876705e-23, nan 
29.375, 81.625, 1.5956146800694975e-23, nan 
29.625, 81.625, 1.7526315081648984e-23, nan 
29.875, 81.625, 1.7741492169718573e-23, nan 
30.125, 81.625, 2.47697414825803e-23, nan 
30.375, 81.625, 2.3126045305922048e-23, nan 
30.625, 81.625, 2.1726863479075824e-23, nan 
30.875, 81.625, 1.6297332427462514e-23, nan 
31.125, 81.625, 1.7719538581921528e-23, nan 
31.375, 81.625, 2.290875177996477e-23, nan 
31.625, 81.625, 2.5999306687051892e-23, nan 
31.875, 81.625, 4.324152117586669e-23, nan 
32.125, 81.625, 4.0497145913228024e-23, nan 
32.375, 81.625, 3.4404352577601845e-23, nan 
32.625, 81.625, 2.4169378517303658e-23, nan 
32.875, 81.625, 4.290745685408471e-23, nan 
33.125, 81.625, 4.27013317809762e-23, nan 
33.375, 81.625, 2.666193386968057e-23, nan 
33.625, 81.625, 3.144730447902584e-23, nan 
33.875, 81.625, 2.879235574990443e-23, nan 
34.125, 81.625, 3.3462309732338907e-23, nan 
34.375, 81.625, 6.59792062708769e-23, nan 
34.625, 81.625, 8.729579023187894e-23, nan 
34.875, 81.625, 8.409477669598018e-23, nan 
35.125, 81.625, 2.1511973110433194e-23, nan 
35.375, 81.625, 2.318000217238531e-23, nan 
35.625, 81.625, 6.983571139025732e-23, nan 
35.875, 81.625, 9.548123833473914e-23, nan 
36.125, 81.625, 7.787206788792224e-23, nan 
36.375, 81.625, 1.087369545561155e-22, nan 
36.625, 81.625, 1.1968704488513313e-22, nan 
36.875, 81.625, 8.831555347332744e-23, nan 
37.125, 81.625, 8.465910161669653e-23, nan 
37.375, 81.625, 9.909967113599568e-23, nan 
37.625, 81.625, 1.2553458337309212e-22, nan 
37.875, 81.625, 8.366155155998964e-23, nan 
38.125, 81.625, 1.241083034553408e-22, nan 
38.375, 81.625, 1.3275110824380133e-22, nan 
38.625, 81.625, 1.0618861155753917e-22, nan 
38.875, 81.625, 1.0958051921764892e-22, nan 
39.125, 81.625, 8.713790875910832e-23, nan 
39.375, 81.625, 1.0043980288549351e-22, nan 
39.625, 81.625, 6.498845512532464e-23, nan 
39.875, 81.625, 7.382252412835548e-23, nan 
40.125, 81.625, 6.994443222410669e-23, nan 
40.375, 81.625, 5.90971163016519e-23, nan 
40.625, 81.625, 6.410217298552955e-23, nan 
40.875, 81.625, 5.727495814230094e-23, nan 
41.125, 81.625, 4.912485857256492e-23, nan 
41.375, 81.625, 3.583334499682646e-23, nan 
41.625, 81.625, 3.385767746578617e-23, nan 
41.875, 81.625, 3.5040691014820456e-23, nan 
42.125, 81.625, 3.061962893302663e-23, nan 
42.375, 81.625, 3.7371621367570315e-23, nan 
42.625, 81.625, 3.512752977727142e-23, nan 
42.875, 81.625, 3.6166012721503646e-23, nan 
43.125, 81.625, 2.3592344719944728e-23, nan 
43.375, 81.625, 2.45461441617704e-23, nan 
43.625, 81.625, 2.0404777067491517e-23, nan 
43.875, 81.625, 2.4931239254102988e-23, nan 
44.125, 81.625, 2.51194259222956e-23, nan 
44.375, 81.625, 3.6794215467917546e-23, nan 
44.625, 81.625, 3.302615784451242e-23, nan 
44.875, 81.625, 3.5419358631819447e-23, nan 
45.125, 81.625, 3.242499484221438e-23, nan 
45.375, 81.625, 3.447739891493614e-23, nan 
45.625, 81.625, 2.5852000335185416e-23, nan 
45.875, 81.625, 4.799397086450641e-23, nan 
46.125, 81.625, 9.329528874069757e-23, nan 
46.375, 81.625, 1.5355821630462632e-22, nan 
46.625, 81.625, 1.6040936473915745e-22, nan 
46.875, 81.625, 1.6529983185739247e-22, nan 
47.125, 81.625, 1.6519787113342154e-22, nan 
47.375, 81.625, 1.7539393775724987e-22, nan 
47.625, 81.625, 1.7801346958620765e-22, nan 
47.875, 81.625, 1.7827524789016805e-22, nan 
48.125, 81.625, 1.8883154158462256e-22, nan 
48.375, 81.625, 1.7236893256073374e-22, nan 
48.625, 81.625, 1.9860224363226228e-22, nan 
48.875, 81.625, 1.9221698282830079e-22, nan 
49.125, 81.625, 1.4053461751011963e-22, nan 
49.375, 81.625, 1.1981528660452894e-22, nan 
49.625, 81.625, 1.4778490764332041e-22, nan 
49.875, 81.625, 2.473777172209359e-22, nan 
50.125, 81.625, 2.5737327698738837e-22, nan 
50.375, 81.625, 3.0759748485577378e-22, nan 
50.625, 81.625, 3.2754613428852016e-22, nan 
50.875, 81.625, 2.3355058456172106e-22, nan 
51.125, 81.625, 1.2593471359731787e-22, nan 
51.375, 81.625, 1.7752767237140074e-22, nan 
51.625, 81.625, 2.1509375955130274e-22, nan 
51.875, 81.625, 2.0267502237550983e-22, nan 
52.125, 81.625, 2.37456241063727e-22, nan 
52.375, 81.625, 2.5421349506291473e-22, nan 
52.625, 81.625, 1.9240762518586036e-22, nan 
52.875, 81.625, 1.2917320180281553e-22, nan 
53.125, 81.625, 2.0960736944287585e-22, nan 
53.375, 81.625, 1.6113994087133399e-22, nan 
53.625, 81.625, 1.3314450262261123e-22, nan 
53.875, 81.625, 1.7667816806623104e-22, nan 
54.125, 81.625, 1.627559487031397e-22, nan 
54.375, 81.625, 1.7003584954079104e-22, nan 
54.625, 81.625, 1.7486921069643385e-22, nan 
54.875, 81.625, 1.8657893625547804e-22, nan 
55.125, 81.625, 1.689660724287708e-22, nan 
55.375, 81.625, 1.6679290903455938e-22, nan 
55.625, 81.625, 7.188191615941082e-23, nan 
55.875, 81.625, 1.2853093361419852e-23, nan 
56.125, 81.625, 1.3175209395755622e-23, nan 
56.375, 81.625, 1.2998886605746835e-23, nan 
56.625, 81.625, 1.3743104585079264e-23, nan 
56.875, 81.625, 1.0733235030091007e-23, nan 
57.125, 81.625, 1.2919940678365511e-23, nan 
57.375, 81.625, 1.1215160118748856e-23, nan 
57.625, 81.625, 1.616289650530796e-23, nan 
57.875, 81.625, 2.458778056737125e-23, nan 
58.125, 81.625, 8.039998983356662e-23, nan 
58.375, 81.625, 9.369344505889576e-23, nan 
58.625, 81.625, 1.1797514455471e-22, nan 
58.875, 81.625, 1.492334785778373e-22, nan 
59.125, 81.625, 1.6952027454539658e-22, nan 
59.375, 81.625, 1.4577834624155898e-22, nan 
59.625, 81.625, 5.202511937966296e-23, nan 
59.875, 81.625, 4.639048822438084e-23, nan 
60.125, 81.625, 4.423140675225377e-23, nan 
60.375, 81.625, 8.713165929679065e-23, nan 
60.625, 81.625, 1.266620193550007e-22, nan 
60.875, 81.625, 1.3138837582724004e-22, nan 
61.125, 81.625, 1.1619813145945538e-22, nan 
61.375, 81.625, 8.45521045985337e-23, nan 
61.625, 81.625, 1.0717349201514533e-22, nan 
61.875, 81.625, 1.2299518651854427e-22, nan 
62.125, 81.625, 1.5712978866760386e-22, nan 
62.375, 81.625, 1.9568516878885386e-22, nan 
62.625, 81.625, 2.1921959618141605e-22, nan 
62.875, 81.625, 2.0420975773036917e-22, nan 
63.125, 81.625, 1.9950942920413928e-22, nan 
63.375, 81.625, 1.750695426863885e-22, nan 
63.625, 81.625, 2.2856867556196417e-22, nan 
63.875, 81.625, 2.158575436814149e-22, nan 
64.125, 81.625, 1.9351624997372285e-22, nan 
64.375, 81.625, 2.0109028150895105e-22, nan 
64.625, 81.625, 1.646137913007002e-22, nan 
64.875, 81.625, 1.4414606552836575e-22, nan 
65.125, 81.625, 1.2524408197434925e-22, nan 
65.375, 81.625, 1.1274831356815138e-22, nan 
65.625, 81.625, 9.904063730204716e-23, nan 
65.875, 81.625, 9.028203316342221e-23, nan 
66.125, 81.625, 9.392355670460857e-23, nan 
66.375, 81.625, 8.465307532562133e-23, nan 
66.625, 81.625, 8.180726796543513e-23, nan 
66.875, 81.625, 8.810518890512923e-23, nan 
67.125, 81.625, 5.703341632970677e-23, nan 
67.375, 81.625, 6.819806002111721e-23, nan 
67.625, 81.625, 1.3680504941799698e-22, nan 
67.875, 81.625, 1.8235081127834687e-22, nan 
68.125, 81.625, 1.810369735358363e-22, nan 
68.375, 81.625, 1.8856563916049257e-22, nan 
68.625, 81.625, 2.098377245657994e-22, nan 
68.875, 81.625, 2.240036057580185e-22, nan 
69.125, 81.625, 2.346457514992449e-22, nan 
69.375, 81.625, 3.2646328608026024e-22, nan 
69.625, 81.625, 4.166308171000654e-22, nan 
69.875, 81.625, 4.2187082631299373e-22, nan 
70.125, 81.625, 4.428108247154951e-22, nan 
70.375, 81.625, 3.800033660437681e-22, nan 
70.625, 81.625, 2.899164269164182e-22, nan 
70.875, 81.625, 2.703655333116354e-22, nan 
71.125, 81.625, 2.210848829653709e-22, nan 
71.375, 81.625, 1.8961497581384362e-22, nan 
71.625, 81.625, 2.277961557894133e-22, nan 
71.875, 81.625, 1.545126739221894e-22, nan 
72.125, 81.625, 2.0269842993039637e-22, nan 
72.375, 81.625, 2.4940060963155977e-22, nan 
72.625, 81.625, 2.727843757900378e-22, nan 
72.875, 81.625, 2.513799956765211e-22, nan 
73.125, 81.625, 2.260906452562013e-22, nan 
73.375, 81.625, 2.830432032715792e-22, nan 
73.625, 81.625, 2.924720744113054e-22, nan 
73.875, 81.625, 3.965662141504199e-22, nan 
74.125, 81.625, 4.336092138223683e-22, nan 
74.375, 81.625, 5.910290677396248e-22, nan 
74.625, 81.625, 6.427123883116907e-22, nan 
74.875, 81.625, 6.753576894299402e-22, nan 
75.125, 81.625, 7.818230962847697e-22, nan 
75.375, 81.625, 4.1172615579404305e-22, nan 
75.625, 81.625, 4.9380026831046455e-22, nan 
75.875, 81.625, 5.018306741071898e-22, nan 
76.125, 81.625, 6.935638046228087e-22, nan 
76.375, 81.625, 6.404420232475174e-22, nan 
76.625, 81.625, 6.012943236040864e-22, nan 
76.875, 81.625, 7.299488195208431e-22, nan 
77.125, 81.625, 5.409123652946372e-22, nan 
77.375, 81.625, 6.684008569646814e-22, nan 
77.625, 81.625, 7.164010145078393e-22, nan 
77.875, 81.625, 6.507609069442817e-22, nan 
78.125, 81.625, 3.9012565787358943e-22, nan 
78.375, 81.625, 4.0659278245144684e-22, nan 
78.625, 81.625, 4.0252168037397426e-22, nan 
78.875, 81.625, 3.9951793583198985e-22, nan 
79.125, 81.625, 6.3841772995091225e-22, nan 
79.375, 81.625, 6.112444026877068e-22, nan 
79.625, 81.625, 5.518057662606383e-22, nan 
79.875, 81.625, 4.718113230448526e-22, nan 
80.125, 81.625, 5.35587440992308e-22, nan 
80.375, 81.625, 5.500564239776395e-22, nan 
80.625, 81.625, 5.669105660944065e-22, nan 
80.875, 81.625, 5.925198767806556e-22, nan 
81.125, 81.625, 4.366205757166541e-22, nan 
81.375, 81.625, 1.311278482906886e-22, nan 
81.625, 81.625, 2.8419389438979504e-22, nan 
81.875, 81.625, 3.185283884842049e-22, nan 
82.125, 81.625, 2.909527821572963e-22, nan 
82.375, 81.625, 2.9375682814984082e-22, nan 
82.625, 81.625, 3.114722083768051e-22, nan 
82.875, 81.625, 3.037543867580958e-22, nan 
83.125, 81.625, 3.7365464945462223e-22, nan 
83.375, 81.625, 4.143445566286127e-22, nan 
83.625, 81.625, 4.129723929243891e-22, nan 
83.875, 81.625, 4.400448671465989e-22, nan 
84.125, 81.625, 4.651517070603821e-22, nan 
84.375, 81.625, 4.72255113931718e-22, nan 
84.625, 81.625, 4.747528948180558e-22, nan 
84.875, 81.625, 4.56235869739356e-22, nan 
85.125, 81.625, 4.868962708873196e-22, nan 
85.375, 81.625, 4.888520422192285e-22, nan 
85.625, 81.625, 4.862500083100318e-22, nan 
85.875, 81.625, 4.033814266718086e-22, nan 
86.125, 81.625, 3.463530562072443e-22, nan 
86.375, 81.625, 4.097653006246473e-22, nan 
86.625, 81.625, 6.523692645528673e-22, nan 
86.875, 81.625, 4.199511850516829e-22, nan 
87.125, 81.625, 3.49358438937778e-22, nan 
87.375, 81.625, 3.802787954540255e-22, nan 
87.625, 81.625, 3.878099839838572e-22, nan 
87.875, 81.625, 3.5041718408125005e-22, nan 
88.125, 81.625, 3.1021054060860625e-22, nan 
88.375, 81.625, 4.526082231537819e-22, nan 
88.625, 81.625, 2.680498292601182e-22, nan 
88.875, 81.625, 2.8989199907876234e-22, nan 
89.125, 81.625, 2.767137600830837e-22, nan 
89.375, 81.625, 2.2685257919213724e-22, nan 
89.625, 81.625, 1.8954976742444773e-22, nan 
89.875, 81.625, 2.521261975594077e-22, nan 
90.125, 81.625, 2.922893618465832e-22, nan 
90.375, 81.625, 3.795249648254041e-22, nan 
90.625, 81.625, 3.7439388499785216e-22, nan 
90.875, 81.625, 5.054429560105931e-22, nan 
91.125, 81.625, 4.802772673504024e-22, nan 
91.375, 81.625, 4.061431129778436e-22, nan 
91.625, 81.625, 4.428220703797243e-22, nan 
91.875, 81.625, 4.378404530178165e-22, nan 
92.125, 81.625, 3.580315186019447e-22, nan 
92.375, 81.625, 3.6371492730134504e-22, nan 
92.625, 81.625, 3.735842120867745e-22, nan 
92.875, 81.625, 3.304338599290993e-22, nan 
93.125, 81.625, 2.9641260622121403e-22, nan 
93.375, 81.625, 3.315400467116415e-22, nan 
93.625, 81.625, 3.073920227572716e-22, nan 
93.875, 81.625, 3.024998704711892e-22, nan 
94.125, 81.625, 2.91690304684702e-22, nan 
94.375, 81.625, 3.0713403314961653e-22, nan 
94.625, 81.625, 3.2726112159608705e-22, nan 
94.875, 81.625, 3.5171656683393555e-22, nan 
95.125, 81.625, 3.5280991047449616e-22, nan 
95.375, 81.625, 3.4352844448431734e-22, nan 
95.625, 81.625, 3.7286427721743296e-22, nan 
95.875, 81.625, 4.073721113019743e-22, nan 
96.125, 81.625, 3.0474864963311557e-22, nan 
96.375, 81.625, 4.153881933851672e-22, nan 
96.625, 81.625, 4.342281998737591e-22, nan 
96.875, 81.625, 3.1179093733284393e-22, nan 
97.125, 81.625, 4.0678779849879162e-22, nan 
97.375, 81.625, 4.619838708071888e-22, nan 
97.625, 81.625, 4.524107119139891e-22, nan 
97.875, 81.625, 3.418195998115942e-22, nan 
98.125, 81.625, 3.730112217198421e-22, nan 
98.375, 81.625, 4.373387276060761e-22, nan 
98.625, 81.625, 3.776083240770491e-22, nan 
98.875, 81.625, 3.34499655802616e-22, nan 
99.125, 81.625, 4.541512248662266e-22, nan 
99.375, 81.625, 4.877138525060102e-22, nan 
99.625, 81.625, 4.281467129419129e-22, nan 
99.875, 81.625, 4.1096225045650104e-22, nan 
100.125, 81.625, 5.328708856649061e-22, nan 
100.375, 81.625, 4.783134582976992e-22, nan 
100.625, 81.625, 5.090283691119233e-22, nan 
100.875, 81.625, 5.299405295671329e-22, nan 
101.125, 81.625, 4.933774901621911e-22, nan 
101.375, 81.625, 5.11742811983809e-22, nan 
101.625, 81.625, 3.8275622758024048e-22, nan 
101.875, 81.625, 4.685385765365372e-22, nan 
102.125, 81.625, 4.290971764466836e-22, nan 
102.375, 81.625, 4.477329737188163e-22, nan 
102.625, 81.625, 4.41560279996111e-22, nan 
102.875, 81.625, 4.2245763952521486e-22, nan 
103.125, 81.625, 4.326240328958037e-22, nan 
103.375, 81.625, 3.5877964036852706e-22, nan 
103.625, 81.625, 4.417144426544503e-22, nan 
103.875, 81.625, 3.9151813428293133e-22, nan 
104.125, 81.625, 4.1496733527876833e-22, nan 
104.375, 81.625, 3.508384714983355e-22, nan 
104.625, 81.625, 3.614862740187259e-22, nan 
104.875, 81.625, 2.7476528124514353e-22, nan 
105.125, 81.625, 3.594121885954964e-22, nan 
105.375, 81.625, 3.1965860378213926e-22, nan 
105.625, 81.625, 2.8500580723343283e-22, nan 
105.875, 81.625, 3.1220552168679276e-22, nan 
106.125, 81.625, 2.168357924516971e-22, nan 
106.375, 81.625, 7.928133284609303e-23, nan 
106.625, 81.625, 8.254412606494399e-23, nan 
106.875, 81.625, 1.2456430567512827e-22, nan 
107.125, 81.625, 1.3303736529650187e-22, nan 
107.375, 81.625, 6.13507209785193e-23, nan 
107.625, 81.625, 6.493237462784245e-23, nan 
107.875, 81.625, 6.682684499937642e-23, nan 
108.125, 81.625, 7.041764009778114e-23, nan 
108.375, 81.625, 5.746455533190884e-23, nan 
108.625, 81.625, 2.876011291949437e-23, nan 
108.875, 81.625, 3.621420706713044e-23, nan 
109.125, 81.625, 3.8606609839323246e-23, nan 
109.375, 81.625, 8.051375330607187e-23, nan 
109.625, 81.625, 8.679010167628055e-23, nan 
109.875, 81.625, 8.465910649578395e-23, nan 
110.125, 81.625, 9.243722658433833e-23, nan 
110.375, 81.625, 7.96385953124414e-23, nan 
110.625, 81.625, 7.000331071551071e-23, nan 
110.875, 81.625, 7.37131035868725e-23, nan 
111.125, 81.625, 9.75219609960395e-23, nan 
111.375, 81.625, 7.783350676364803e-23, nan 
111.625, 81.625, 1.0041047775244436e-22, nan 
111.875, 81.625, 1.0160723017941166e-22, nan 
112.125, 81.625, 7.601748738702662e-23, nan 
112.375, 81.625, 7.221342394178353e-23, nan 
112.625, 81.625, 7.556730495509737e-23, nan 
112.875, 81.625, 4.170663264003914e-23, nan 
113.125, 81.625, 5.386158346846395e-23, nan 
113.375, 81.625, 1.19609981896776e-22, nan 
113.625, 81.625, 1.0459180471012832e-22, nan 
113.875, 81.625, 6.527537265092325e-23, nan 
114.125, 81.625, 5.392936235675383e-23, nan 
114.375, 81.625, 3.3952572893807696e-23, nan 
114.625, 81.625, 2.5589696371358307e-23, nan 
114.875, 81.625, 3.203189089741602e-23, nan 
115.125, 81.625, 6.131362120903292e-23, nan 
115.375, 81.625, 6.570253090456546e-23, nan 
115.625, 81.625, 6.298362004350746e-23, nan 
115.875, 81.625, 4.598486552605469e-23, nan 
116.125, 81.625, 1.8257244115088e-23, nan 
116.375, 81.625, 5.863650821577189e-23, nan 
116.625, 81.625, 7.291088372107689e-23, nan 
116.875, 81.625, 8.503123331837909e-23, nan 
117.125, 81.625, 8.361683915083049e-23, nan 
117.375, 81.625, 8.618805791414664e-23, nan 
117.625, 81.625, 7.22424269528383e-23, nan 
117.875, 81.625, 6.738071027413445e-23, nan 
118.125, 81.625, 7.187036701061087e-23, nan 
118.375, 81.625, 6.707392271140398e-23, nan 
118.625, 81.625, 7.749475795197802e-23, nan 
118.875, 81.625, 7.931287474333631e-23, nan 
119.125, 81.625, 7.529793615937806e-23, nan 
119.375, 81.625, 6.548410447670761e-23, nan 
119.625, 81.625, 5.547084930428193e-23, nan 
119.875, 81.625, 2.8452741074455496e-23, nan 
120.125, 81.625, 3.126371273261915e-23, nan 
120.375, 81.625, 3.3557929048487133e-23, nan 
120.625, 81.625, 1.6974951098250165e-23, nan 
120.875, 81.625, 1.5827624726448424e-23, nan 
121.125, 81.625, 1.3618150933663747e-23, nan 
121.375, 81.625, 1.0487030099296057e-23, nan 
121.625, 81.625, 1.4434655802030882e-23, nan 
121.875, 81.625, 2.5286479027201876e-23, nan 
122.125, 81.625, 2.920774767650851e-23, nan 
122.375, 81.625, 2.1906370132742465e-23, nan 
122.625, 81.625, 4.1403336018860546e-23, nan 
122.875, 81.625, 3.3880634487985806e-23, nan 
123.125, 81.625, 2.1483956276082594e-23, nan 
123.375, 81.625, 1.0659075692731173e-23, nan 
123.625, 81.625, 1.2704853951795537e-23, nan 
123.875, 81.625, 8.848150693645561e-24, nan 
124.125, 81.625, 1.9090094668692366e-23, nan 
124.375, 81.625, 2.8004459493030973e-23, nan 
124.625, 81.625, 2.508926707974084e-23, nan 
124.875, 81.625, 1.9395816275232287e-23, nan 
125.125, 81.625, 1.337330552290747e-23, nan 
125.375, 81.625, 1.333053288623728e-23, nan 
125.625, 81.625, 1.3756598112374588e-23, nan 
125.875, 81.625, 1.1818363568077534e-23, nan 
126.125, 81.625, 1.036660113221342e-23, nan 
126.375, 81.625, 1.1240068024316498e-23, nan 
126.625, 81.625, 1.0487387671281686e-23, nan 
126.875, 81.625, 1.0778637089351101e-23, nan 
127.125, 81.625, 8.118068527672182e-24, nan 
127.375, 81.625, 8.260969302881499e-24, nan 
127.625, 81.625, 1.3307389366248897e-23, nan 
127.875, 81.625, 1.3770619141773806e-23, nan 
128.125, 81.625, 1.159948337066524e-23, nan 
128.375, 81.625, 1.1911687390877689e-23, nan 
128.625, 81.625, 1.186567166609096e-23, nan 
128.875, 81.625, 1.1988075477281214e-23, nan 
129.125, 81.625, 7.60168075291285e-24, nan 
129.375, 81.625, 1.0352565797598521e-23, nan 
129.625, 81.625, 9.486903727627051e-24, nan 
129.875, 81.625, 1.3665709042888528e-23, nan 
130.125, 81.625, 1.3284880041510364e-23, nan 
130.375, 81.625, 1.2774311257589698e-23, nan 
130.625, 81.625, 1.6663407241417853e-23, nan 
130.875, 81.625, 1.6774256747339334e-23, nan 
131.125, 81.625, 1.3296822506149704e-23, nan 
131.375, 81.625, 1.4329918748890748e-23, nan 
131.625, 81.625, 1.657082756983972e-23, nan 
131.875, 81.625, 1.4027264624759528e-23, nan 
132.125, 81.625, 6.955411547678292e-24, nan 
132.375, 81.625, 1.0650142047171888e-23, nan 
132.625, 81.625, 1.1618591509658835e-23, nan 
132.875, 81.625, 1.1195647146118581e-23, nan 
133.125, 81.625, 8.45313445145403e-24, nan 
133.375, 81.625, 1.4400878122699692e-23, nan 
133.625, 81.625, 1.1553961745769646e-23, nan 
133.875, 81.625, 8.679910079373537e-24, nan 
134.125, 81.625, 1.186785813473382e-23, nan 
134.375, 81.625, 1.573102757916558e-23, nan 
134.625, 81.625, 1.757431619191235e-23, nan 
134.875, 81.625, 1.5947723241790147e-23, nan 
135.125, 81.625, 1.633545175437894e-23, nan 
135.375, 81.625, 1.9913148784190596e-23, nan 
135.625, 81.625, 1.5509761779291918e-23, nan 
135.875, 81.625, 2.459131249241032e-23, nan 
136.125, 81.625, 3.4780847285517975e-23, nan 
136.375, 81.625, 4.287368636304092e-23, nan 
136.625, 81.625, 4.335593637162959e-23, nan 
136.875, 81.625, 4.3147183773411247e-23, nan 
137.125, 81.625, 5.010027716383123e-23, nan 
137.375, 81.625, 4.43416424094491e-23, nan 
137.625, 81.625, 3.740210661949618e-23, nan 
137.875, 81.625, 3.082089209212232e-23, nan 
138.125, 81.625, 3.7646201852697306e-23, nan 
138.375, 81.625, 3.931338211902567e-23, nan 
138.625, 81.625, 3.717574158300432e-23, nan 
138.875, 81.625, 4.0417189007397803e-23, nan 
139.125, 81.625, 3.701113765061279e-23, nan 
139.375, 81.625, 2.1177709818213e-23, nan 
139.625, 81.625, 1.6022594501897822e-23, nan 
139.875, 81.625, 1.382682591887026e-23, nan 
140.125, 81.625, 1.4122100325574257e-23, nan 
140.375, 81.625, 1.4343076828511904e-23, nan 
140.625, 81.625, 1.5303722446326153e-23, nan 
140.875, 81.625, 1.4847620232898023e-23, nan 
141.125, 81.625, 1.587262011998632e-23, nan 
141.375, 81.625, 1.4747600404461525e-23, nan 
141.625, 81.625, 1.5875875001275873e-23, nan 
141.875, 81.625, 1.5472523308040218e-23, nan 
142.125, 81.625, 1.483307928241015e-23, nan 
142.375, 81.625, 1.513631623503992e-23, nan 
142.625, 81.625, 1.520155306285066e-23, nan 
142.875, 81.625, 1.6936758056881875e-23, nan 
143.125, 81.625, 1.5912468557456268e-23, nan 
143.375, 81.625, 1.5700251121713327e-23, nan 
143.625, 81.625, 1.857286075644519e-23, nan 
143.875, 81.625, 1.973575866596409e-23, nan 
144.125, 81.625, 1.8513088741523022e-23, nan 
144.375, 81.625, 1.887782251484079e-23, nan 
144.625, 81.625, 2.119336735987785e-23, nan 
144.875, 81.625, 2.0484753105073376e-23, nan 
145.125, 81.625, 2.140710432543119e-23, nan 
145.375, 81.625, 2.2247242727211046e-23, nan 
145.625, 81.625, 2.2677753736962307e-23, nan 
145.875, 81.625, 2.2472450148222477e-23, nan 
146.125, 81.625, 2.2635979085870104e-23, nan 
146.375, 81.625, 2.0964879935815653e-23, nan 
146.625, 81.625, 1.975290971162845e-23, nan 
146.875, 81.625, 2.0384436209074142e-23, nan 
147.125, 81.625, 2.1527863740075906e-23, nan 
147.375, 81.625, 2.1127567402127052e-23, nan 
147.625, 81.625, 1.8943019324433632e-23, nan 
147.875, 81.625, 2.0453133803547888e-23, nan 
148.125, 81.625, 2.0501248813580515e-23, nan 
148.375, 81.625, 1.8875088731494467e-23, nan 
148.625, 81.625, 1.9951352406048776e-23, nan 
148.875, 81.625, 1.8690341126296665e-23, nan 
149.125, 81.625, 1.845678421207146e-23, nan 
149.375, 81.625, 1.819873257569729e-23, nan 
149.625, 81.625, 1.7901998567914113e-23, nan 
149.875, 81.625, 1.8278313766068012e-23, nan 
150.125, 81.625, 1.832932897798011e-23, nan 
150.375, 81.625, 1.739460932881991e-23, nan 
150.625, 81.625, 1.7050172249081613e-23, nan 
150.875, 81.625, 1.647365797112608e-23, nan 
151.125, 81.625, 1.6079957550033212e-23, nan 
151.375, 81.625, 1.674009381605803e-23, nan 
151.625, 81.625, 1.5882900858783713e-23, nan 
151.875, 81.625, 1.635459227250996e-23, nan 
152.125, 81.625, 1.6177809845776932e-23, nan 
152.375, 81.625, 1.6555793169053936e-23, nan 
152.625, 81.625, 1.521991810409563e-23, nan 
152.875, 81.625, 1.4838540236464718e-23, nan 
153.125, 81.625, 1.5370240952887908e-23, nan 
153.375, 81.625, 1.5120490700096997e-23, nan 
153.625, 81.625, 1.4334643238671947e-23, nan 
153.875, 81.625, 1.4837444417315003e-23, nan 
154.125, 81.625, 1.472563687028412e-23, nan 
154.375, 81.625, 1.3505432414925368e-23, nan 
154.625, 81.625, 1.3348975655958078e-23, nan 
154.875, 81.625, 1.3619729982862485e-23, nan 
155.125, 81.625, 1.365998776125489e-23, nan 
155.375, 81.625, 1.2653607352836488e-23, nan 
155.625, 81.625, 1.373320942930546e-23, nan 
155.875, 81.625, 1.325286942897892e-23, nan 
156.125, 81.625, 1.2230060956026851e-23, nan 
156.375, 81.625, 1.2397541724221376e-23, nan 
156.625, 81.625, 1.1972103075390571e-23, nan 
156.875, 81.625, 1.2120365391859519e-23, nan 
157.125, 81.625, 1.1435033284632487e-23, nan 
157.375, 81.625, 1.0935047026009459e-23, nan 
157.625, 81.625, 1.0878286189186823e-23, nan 
157.875, 81.625, 1.1125067962932768e-23, nan 
158.125, 81.625, 1.1732493194303303e-23, nan 
158.375, 81.625, 1.0723517216548518e-23, nan 
158.625, 81.625, 9.440218182051402e-24, nan 
158.875, 81.625, 9.645140885774007e-24, nan 
159.125, 81.625, 1.0350489170317541e-23, nan 
159.375, 81.625, 9.941458341231008e-24, nan 
159.625, 81.625, 8.988542488909628e-24, nan 
159.875, 81.625, 1.014572617046405e-23, nan 
160.125, 81.625, 8.960806146816595e-24, nan 
160.375, 81.625, 7.945492680630429e-24, nan 
160.625, 81.625, 8.9626683069052e-24, nan 
160.875, 81.625, 8.854899480423637e-24, nan 
161.125, 81.625, 7.09197517977445e-24, nan 
161.375, 81.625, 7.158709898847614e-24, nan 
161.625, 81.625, 6.578351900888918e-24, nan 
161.875, 81.625, 6.701899027231146e-24, nan 
162.125, 81.625, 7.05322852347384e-24, nan 
162.375, 81.625, 7.020013990487177e-24, nan 
162.625, 81.625, 6.3119990234637815e-24, nan 
162.875, 81.625, 6.595397040983616e-24, nan 
163.125, 81.625, 6.687305265011656e-24, nan 
163.375, 81.625, 7.29225004680929e-24, nan 
163.625, 81.625, 6.645738406181762e-24, nan 
163.875, 81.625, 6.453325323234545e-24, nan 
164.125, 81.625, 6.6856315547367e-24, nan 
164.375, 81.625, 7.31275036535706e-24, nan 
164.625, 81.625, 6.229252694285267e-24, nan 
164.875, 81.625, 6.270990809587015e-24, nan 
165.125, 81.625, 6.87137286348196e-24, nan 
165.375, 81.625, 6.625393923908186e-24, nan 
165.625, 81.625, 6.708111422243055e-24, nan 
165.875, 81.625, 6.1399169095941115e-24, nan 
166.125, 81.625, 6.212724797294448e-24, nan 
166.375, 81.625, 6.457248416881542e-24, nan 
166.625, 81.625, 6.010963908441547e-24, nan 
166.875, 81.625, 5.9186900675893485e-24, nan 
167.125, 81.625, 5.982777532352872e-24, nan 
167.375, 81.625, 5.58932312194224e-24, nan 
167.625, 81.625, 5.766869927556843e-24, nan 
167.875, 81.625, 5.4724742742323634e-24, nan 
168.125, 81.625, 5.097118919112336e-24, nan 
168.375, 81.625, 5.040661629433767e-24, nan 
168.625, 81.625, 5.475549002840373e-24, nan 
168.875, 81.625, 5.4849643215765694e-24, nan 
169.125, 81.625, 4.8652332839090846e-24, nan 
169.375, 81.625, 5.481994721764252e-24, nan 
169.625, 81.625, 5.5840069259497824e-24, nan 
169.875, 81.625, 5.20386686929658e-24, nan 
170.125, 81.625, 5.50382182290385e-24, nan 
170.375, 81.625, 5.3458711872455576e-24, nan 
170.625, 81.625, 5.181533994014625e-24, nan 
170.875, 81.625, 4.905131767363143e-24, nan 
171.125, 81.625, 4.405885256536733e-24, nan 
171.375, 81.625, 4.73681071949231e-24, nan 
171.625, 81.625, 4.469516813912419e-24, nan 
171.875, 81.625, 4.2910694231735075e-24, nan 
172.125, 81.625, 4.411104091802735e-24, nan 
172.375, 81.625, 4.395162192096412e-24, nan 
172.625, 81.625, 4.297845425787322e-24, nan 
172.875, 81.625, 4.1267286466778934e-24, nan 
173.125, 81.625, 4.018123659741231e-24, nan 
173.375, 81.625, 4.398367262294823e-24, nan 
173.625, 81.625, 4.1875240066876646e-24, nan 
173.875, 81.625, 5.119357712863072e-24, nan 
174.125, 81.625, 4.436338037343201e-24, nan 
174.375, 81.625, 4.546468823606589e-24, nan 
174.625, 81.625, 4.082755192758765e-24, nan 
174.875, 81.625, 4.0351807413262736e-24, nan 
175.125, 81.625, 4.116582902033951e-24, nan 
175.375, 81.625, 4.449309801131612e-24, nan 
175.625, 81.625, 6.091204883469883e-24, nan 
175.875, 81.625, 4.8124573524952125e-24, nan 
176.125, 81.625, 4.2417721261248934e-24, nan 
176.375, 81.625, 4.407050256231178e-24, nan 
176.625, 81.625, 4.321915405540432e-24, nan 
176.875, 81.625, 3.953420999886599e-24, nan 
177.125, 81.625, 4.1613354829791344e-24, nan 
177.375, 81.625, 3.790721524556532e-24, nan 
177.625, 81.625, 3.791585638171263e-24, nan 
177.875, 81.625, 3.600951902246238e-24, nan 
178.125, 81.625, 3.634446912791055e-24, nan 
178.375, 81.625, 3.673999941233797e-24, nan 
178.625, 81.625, 3.636352399635598e-24, nan 
178.875, 81.625, 3.365467048257673e-24, nan 
179.125, 81.625, 3.390914003823686e-24, nan 
179.375, 81.625, 3.222880902961148e-24, nan 
179.625, 81.625, 3.20921369024282e-24, nan 
179.875, 81.625, 3.392696599211327e-24, nan 
-179.875, 81.875, 2.332113290281555e-24, nan 
-179.625, 81.875, 2.2945040993806128e-24, nan 
-179.375, 81.875, 2.203214591178574e-24, nan 
-179.125, 81.875, 2.3431920354707804e-24, nan 
-178.875, 81.875, 2.31965385834387e-24, nan 
-178.625, 81.875, 2.3016198529787942e-24, nan 
-178.375, 81.875, 2.1364436401716402e-24, nan 
-178.125, 81.875, 2.3123743966613663e-24, nan 
-177.875, 81.875, 2.346378066467695e-24, nan 
-177.625, 81.875, 2.356706894869556e-24, nan 
-177.375, 81.875, 2.0590775179027832e-24, nan 
-177.125, 81.875, 2.227960519731605e-24, nan 
-176.875, 81.875, 2.165552234837832e-24, nan 
-176.625, 81.875, 2.2099305928571172e-24, nan 
-176.375, 81.875, 2.1797448136494036e-24, nan 
-176.125, 81.875, 2.2035735367134606e-24, nan 
-175.875, 81.875, 2.1066882013866076e-24, nan 
-175.625, 81.875, 2.4136660638690276e-24, nan 
-175.375, 81.875, 2.4697916002372576e-24, nan 
-175.125, 81.875, 2.4416874883759847e-24, nan 
-174.875, 81.875, 2.4382667634549765e-24, nan 
-174.625, 81.875, 2.7172940739031868e-24, nan 
-174.375, 81.875, 3.1219477445816315e-24, nan 
-174.125, 81.875, 2.9254714696287206e-24, nan 
-173.875, 81.875, 3.1218534188193552e-24, nan 
-173.625, 81.875, 3.5511585168144205e-24, nan 
-173.375, 81.875, 3.311716309908277e-24, nan 
-173.125, 81.875, 2.9634660790956336e-24, nan 
-172.875, 81.875, 3.315349562872022e-24, nan 
-172.625, 81.875, 4.478549117744494e-24, nan 
15.375, 81.875, 1.1031052915379285e-24, nan 
15.625, 81.875, 1.1425320074580612e-24, nan 
15.875, 81.875, 1.1207963126276262e-24, nan 
16.125, 81.875, 1.0660294668670607e-24, nan 
16.375, 81.875, 1.002000629318811e-24, nan 
16.625, 81.875, 9.708230626014408e-25, nan 
16.875, 81.875, 9.647629675848007e-25, nan 
17.125, 81.875, 1.2078180356905739e-24, nan 
17.375, 81.875, 1.487905922998279e-24, nan 
17.625, 81.875, 1.798683427462182e-24, nan 
17.875, 81.875, 1.658014792878587e-24, nan 
18.125, 81.875, 1.2290020803457766e-24, nan 
18.375, 81.875, 7.300938112302209e-25, nan 
18.625, 81.875, 6.694287943552525e-25, nan 
18.875, 81.875, 7.715661184169087e-25, nan 
19.125, 81.875, 1.180571019827212e-24, nan 
19.375, 81.875, 1.4088579377758122e-24, nan 
19.625, 81.875, 1.2340861244118032e-24, nan 
19.875, 81.875, 1.539007058491653e-24, nan 
20.125, 81.875, 1.5639522699837569e-24, nan 
20.375, 81.875, 1.1911234081411054e-24, nan 
20.625, 81.875, 7.673754428350872e-25, nan 
20.875, 81.875, 1.1045715454419113e-24, nan 
21.125, 81.875, 7.331384225214524e-25, nan 
21.375, 81.875, 3.748239309465302e-25, nan 
21.625, 81.875, 2.891421689819756e-25, nan 
21.875, 81.875, 4.948991670571993e-25, nan 
22.125, 81.875, 6.092978371816562e-25, nan 
22.375, 81.875, 6.002735129733963e-25, nan 
22.625, 81.875, 1.100045170036423e-24, nan 
22.875, 81.875, 1.265340082039483e-24, nan 
23.125, 81.875, 1.041326464977594e-24, nan 
23.375, 81.875, 1.2599546521164029e-24, nan 
23.625, 81.875, 1.9140156894761558e-24, nan 
23.875, 81.875, 2.3650782619695204e-24, nan 
24.125, 81.875, 3.1442006129244564e-24, nan 
24.375, 81.875, 4.73482889207185e-24, nan 
24.625, 81.875, 1.2067227576560842e-23, nan 
24.875, 81.875, 8.886970997925645e-24, nan 
25.125, 81.875, 1.2447567884250897e-23, nan 
25.375, 81.875, 2.3215637214726133e-23, nan 
25.625, 81.875, 1.634641165897384e-23, nan 
25.875, 81.875, 1.686988390202599e-23, nan 
26.125, 81.875, 9.775408363075599e-24, nan 
26.375, 81.875, 8.136764700323163e-24, nan 
26.625, 81.875, 5.884790491815709e-24, nan 
26.875, 81.875, 3.34035646876942e-24, nan 
27.125, 81.875, 4.338041003311873e-24, nan 
27.375, 81.875, 3.691649451994927e-24, nan 
27.625, 81.875, 6.293417216446129e-24, nan 
27.875, 81.875, 9.685431238283298e-24, nan 
28.125, 81.875, 5.592841203738115e-24, nan 
28.375, 81.875, 8.046475027757722e-24, nan 
28.625, 81.875, 1.3046289848657234e-23, nan 
28.875, 81.875, 1.6493583075982806e-23, nan 
29.125, 81.875, 1.8238534075993507e-23, nan 
29.375, 81.875, 1.7001276436660255e-23, nan 
29.625, 81.875, 8.6975127325342e-24, nan 
29.875, 81.875, 7.366245498949924e-24, nan 
30.125, 81.875, 1.1248819136933055e-23, nan 
30.375, 81.875, 1.882697152827792e-23, nan 
30.625, 81.875, 2.3466604464103204e-23, nan 
30.875, 81.875, 2.6080701443405895e-23, nan 
31.125, 81.875, 2.217335463475737e-23, nan 
31.375, 81.875, 1.1604228791722304e-23, nan 
31.625, 81.875, 1.4987531782005664e-23, nan 
31.875, 81.875, 2.3734531968563098e-23, nan 
32.125, 81.875, 2.5083827623126796e-23, nan 
32.375, 81.875, 2.5682537939828113e-23, nan 
32.625, 81.875, 1.877152968857006e-23, nan 
32.875, 81.875, 1.4666409024131015e-23, nan 
33.125, 81.875, 1.4261690328446772e-23, nan 
33.375, 81.875, 1.5124961652447415e-23, nan 
33.625, 81.875, 1.1579499388256847e-23, nan 
33.875, 81.875, 1.3747913609073082e-23, nan 
34.125, 81.875, 2.5313666337905665e-23, nan 
34.375, 81.875, 4.5232666221526683e-23, nan 
34.625, 81.875, 5.46068971889864e-23, nan 
34.875, 81.875, 5.387464907688411e-23, nan 
35.125, 81.875, 2.071975663605851e-23, nan 
35.375, 81.875, 2.6078145217960783e-23, nan 
35.625, 81.875, 2.2407027720073962e-23, nan 
35.875, 81.875, 1.512750336699644e-23, nan 
36.125, 81.875, 1.3760486124757643e-23, nan 
36.375, 81.875, 2.715315856846277e-23, nan 
36.625, 81.875, 2.617637673693936e-23, nan 
36.875, 81.875, 2.6526524324489343e-23, nan 
37.125, 81.875, 2.2626085055115936e-23, nan 
37.375, 81.875, 7.208830595106445e-23, nan 
37.625, 81.875, 8.615851749218901e-23, nan 
37.875, 81.875, 5.30847186763063e-23, nan 
38.125, 81.875, 8.642463047164385e-23, nan 
38.375, 81.875, 8.968729659339091e-23, nan 
38.625, 81.875, 7.51651814817439e-23, nan 
38.875, 81.875, 6.234228837299351e-23, nan 
39.125, 81.875, 6.969716563529013e-23, nan 
39.375, 81.875, 5.956833334271491e-23, nan 
39.625, 81.875, 5.654211925109594e-23, nan 
39.875, 81.875, 6.135556029321021e-23, nan 
40.125, 81.875, 5.783816666032978e-23, nan 
40.375, 81.875, 5.122415967086993e-23, nan 
40.625, 81.875, 5.0743744582276467e-23, nan 
40.875, 81.875, 4.6289108700513124e-23, nan 
41.125, 81.875, 3.900323101956929e-23, nan 
41.375, 81.875, 2.2706528951296295e-23, nan 
41.625, 81.875, 2.4194099901651456e-23, nan 
41.875, 81.875, 1.9472638053024665e-23, nan 
42.125, 81.875, 1.5632295133038443e-23, nan 
42.375, 81.875, 1.0809250260347005e-23, nan 
42.625, 81.875, 3.5495837613426115e-23, nan 
42.875, 81.875, 2.3369807402460948e-23, nan 
43.125, 81.875, 2.140926875134664e-23, nan 
43.375, 81.875, 4.000374530672345e-23, nan 
43.625, 81.875, 3.681578442013328e-23, nan 
43.875, 81.875, 3.851339011815568e-23, nan 
44.125, 81.875, 3.4208537492727067e-23, nan 
44.375, 81.875, 5.650031321401996e-23, nan 
44.625, 81.875, 3.4133640714021424e-23, nan 
44.875, 81.875, 3.163704995476537e-23, nan 
45.125, 81.875, 5.40545551356961e-23, nan 
45.375, 81.875, 5.353244434275677e-23, nan 
45.625, 81.875, 5.0400068763961287e-23, nan 
45.875, 81.875, 4.627435388409527e-23, nan 
46.125, 81.875, 3.344089366897162e-23, nan 
46.375, 81.875, 3.1208314004844545e-23, nan 
46.625, 81.875, 3.1877185658752754e-23, nan 
46.875, 81.875, 2.6237518018215468e-23, nan 
47.125, 81.875, 2.1749897207343545e-23, nan 
47.375, 81.875, 2.116126356690812e-23, nan 
47.625, 81.875, 3.1701936295461686e-23, nan 
47.875, 81.875, 5.885622270690966e-23, nan 
48.125, 81.875, 1.344444137764242e-23, nan 
48.375, 81.875, 1.2699117524884167e-23, nan 
48.625, 81.875, 3.8884656911706356e-23, nan 
48.875, 81.875, 1.4477464380217717e-23, nan 
49.125, 81.875, 4.1456175160654607e-23, nan 
49.375, 81.875, 7.412052009140659e-23, nan 
49.625, 81.875, 1.0433585642459698e-22, nan 
49.875, 81.875, 1.415089710730135e-22, nan 
50.125, 81.875, 1.4734003536447967e-22, nan 
50.375, 81.875, 1.7487557103780852e-22, nan 
50.625, 81.875, 1.8996892727574919e-22, nan 
50.875, 81.875, 1.425784394276559e-22, nan 
51.125, 81.875, 5.682646173436583e-23, nan 
51.375, 81.875, 1.196601463336414e-22, nan 
51.625, 81.875, 2.5088866226907245e-23, nan 
51.875, 81.875, 3.364106069889563e-23, nan 
52.125, 81.875, 3.076979101836272e-23, nan 
52.375, 81.875, 2.766227018066259e-23, nan 
52.625, 81.875, 2.3253135914614646e-23, nan 
52.875, 81.875, 2.134241025904497e-23, nan 
53.125, 81.875, 1.529228146908132e-23, nan 
53.375, 81.875, 1.4155184952546218e-23, nan 
53.625, 81.875, 1.2421129679838024e-23, nan 
53.875, 81.875, 1.318921811926848e-23, nan 
54.125, 81.875, 9.901047373979992e-24, nan 
54.375, 81.875, 1.3723288271917044e-23, nan 
54.625, 81.875, 1.0431637204411318e-23, nan 
54.875, 81.875, 9.109665474048469e-24, nan 
55.125, 81.875, 8.75344663083904e-24, nan 
55.375, 81.875, 2.1153630327639194e-23, nan 
55.625, 81.875, 1.879031435575892e-23, nan 
55.875, 81.875, 1.4751113852461223e-23, nan 
56.125, 81.875, 2.5935096606350492e-23, nan 
56.375, 81.875, 5.656774387525104e-23, nan 
56.625, 81.875, 3.652325083426625e-23, nan 
56.875, 81.875, 3.422262636217369e-23, nan 
57.125, 81.875, 3.5453156534284755e-23, nan 
57.375, 81.875, 4.1364546044696393e-23, nan 
57.625, 81.875, 4.873770935568715e-23, nan 
57.875, 81.875, 5.1744825045786364e-23, nan 
58.125, 81.875, 1.0827436409086521e-22, nan 
58.375, 81.875, 6.731002691629989e-23, nan 
58.625, 81.875, 6.501327370553598e-23, nan 
58.875, 81.875, 6.365890348552325e-23, nan 
59.125, 81.875, 7.308220940079858e-23, nan 
59.375, 81.875, 8.40637080644022e-23, nan 
59.625, 81.875, 5.554693248023689e-23, nan 
59.875, 81.875, 7.019358000675825e-23, nan 
60.125, 81.875, 5.1185524523758665e-23, nan 
60.375, 81.875, 4.525750716470167e-23, nan 
60.625, 81.875, 5.367848575276885e-23, nan 
60.875, 81.875, 3.984196209231426e-23, nan 
61.125, 81.875, 3.076980435736091e-23, nan 
61.375, 81.875, 2.811385788514199e-23, nan 
61.625, 81.875, 8.886784174074209e-23, nan 
61.875, 81.875, 1.4828753874311498e-22, nan 
62.125, 81.875, 1.6902544031280249e-22, nan 
62.375, 81.875, 1.5066936153063766e-22, nan 
62.625, 81.875, 1.6415924334475125e-22, nan 
62.875, 81.875, 1.3646756804661724e-22, nan 
63.125, 81.875, 1.0786230885372209e-22, nan 
63.375, 81.875, 1.074909082889845e-22, nan 
63.625, 81.875, 2.0309154097517445e-22, nan 
63.875, 81.875, 2.4767920467742474e-22, nan 
64.125, 81.875, 2.2430833308512925e-22, nan 
64.375, 81.875, 2.868095226334148e-22, nan 
64.625, 81.875, 2.440023746281844e-22, nan 
64.875, 81.875, 2.4079394024825183e-22, nan 
65.125, 81.875, 2.398502718844329e-22, nan 
65.375, 81.875, 2.2296071142137125e-22, nan 
65.625, 81.875, 2.198161330527938e-22, nan 
65.875, 81.875, 1.9300891438738435e-22, nan 
66.125, 81.875, 2.086820072475692e-22, nan 
66.375, 81.875, 2.0925531674737939e-22, nan 
66.625, 81.875, 2.1405385864245437e-22, nan 
66.875, 81.875, 1.829706304608689e-22, nan 
67.125, 81.875, 1.9063853095059015e-22, nan 
67.375, 81.875, 1.8475269354442409e-22, nan 
67.625, 81.875, 1.7571757702363347e-22, nan 
67.875, 81.875, 2.0776581454722947e-22, nan 
68.125, 81.875, 1.8313691892300963e-22, nan 
68.375, 81.875, 1.8752454363704741e-22, nan 
68.625, 81.875, 1.8548684305170026e-22, nan 
68.875, 81.875, 1.6782968865203487e-22, nan 
69.125, 81.875, 1.3193539537664175e-22, nan 
69.375, 81.875, 8.886499051301106e-23, nan 
69.625, 81.875, 9.174952138116548e-23, nan 
69.875, 81.875, 5.31702287146597e-23, nan 
70.125, 81.875, 1.0453849137417463e-22, nan 
70.375, 81.875, 1.4185397099414304e-22, nan 
70.625, 81.875, 1.7206836079904366e-22, nan 
70.875, 81.875, 1.7716608660248072e-22, nan 
71.125, 81.875, 1.1062658124202148e-22, nan 
71.375, 81.875, 1.547258400087274e-22, nan 
71.625, 81.875, 2.542855336634436e-22, nan 
71.875, 81.875, 3.19978037126761e-22, nan 
72.125, 81.875, 3.211992354424485e-22, nan 
72.375, 81.875, 2.780836738410789e-22, nan 
72.625, 81.875, 1.9203185224547254e-22, nan 
72.875, 81.875, 1.1383727888624094e-22, nan 
73.125, 81.875, 3.336993541549529e-22, nan 
73.375, 81.875, 5.613732232460896e-22, nan 
73.625, 81.875, 7.509775475472772e-22, nan 
73.875, 81.875, 6.68669665638402e-22, nan 
74.125, 81.875, 5.578528917243261e-22, nan 
74.375, 81.875, 4.0418099549607993e-22, nan 
74.625, 81.875, 4.0212950673389066e-22, nan 
74.875, 81.875, 5.817615209427511e-22, nan 
75.125, 81.875, 7.167871091434287e-22, nan 
75.375, 81.875, 6.834365034524869e-22, nan 
75.625, 81.875, 5.8976211453630965e-22, nan 
75.875, 81.875, 5.4594961154633125e-22, nan 
76.125, 81.875, 3.9821438293692904e-22, nan 
76.375, 81.875, 1.93811621528508e-22, nan 
76.625, 81.875, 1.167847352272733e-22, nan 
76.875, 81.875, 7.313208402551933e-23, nan 
77.125, 81.875, 9.55534207226638e-23, nan 
77.375, 81.875, 6.913517097327597e-23, nan 
77.625, 81.875, 1.229533807378485e-22, nan 
77.875, 81.875, 1.8077052518406302e-22, nan 
78.125, 81.875, 2.2787508305270105e-22, nan 
78.375, 81.875, 3.324988683399682e-22, nan 
78.625, 81.875, 2.63962523708012e-22, nan 
78.875, 81.875, 2.549866813237835e-22, nan 
79.125, 81.875, 3.8095738257446407e-22, nan 
79.375, 81.875, 3.647607760769129e-22, nan 
79.625, 81.875, 2.9718150965473446e-22, nan 
79.875, 81.875, 2.91590299973881e-22, nan 
80.125, 81.875, 4.322698836370315e-22, nan 
80.375, 81.875, 2.793526012864972e-22, nan 
80.625, 81.875, 1.8271804552959657e-22, nan 
80.875, 81.875, 2.526487060604193e-22, nan 
81.125, 81.875, 4.0982450516474545e-22, nan 
81.375, 81.875, 2.466406046828677e-22, nan 
81.625, 81.875, 2.494121306246865e-22, nan 
81.875, 81.875, 2.9470448360977284e-22, nan 
82.125, 81.875, 2.4200431567117294e-22, nan 
82.375, 81.875, 2.0812930176530692e-22, nan 
82.625, 81.875, 2.330572064883785e-22, nan 
82.875, 81.875, 3.265024652720765e-22, nan 
83.125, 81.875, 2.866826512564045e-22, nan 
83.375, 81.875, 3.1192461096554977e-22, nan 
83.625, 81.875, 3.0691158711378064e-22, nan 
83.875, 81.875, 3.2663560881667903e-22, nan 
84.125, 81.875, 3.5193580792636927e-22, nan 
84.375, 81.875, 3.756156793548257e-22, nan 
84.625, 81.875, 3.4784042334105155e-22, nan 
84.875, 81.875, 2.9415365024278214e-22, nan 
85.125, 81.875, 2.7766930091302646e-22, nan 
85.375, 81.875, 3.1365423662306226e-22, nan 
85.625, 81.875, 2.97409545304201e-22, nan 
85.875, 81.875, 2.494072496090963e-22, nan 
86.125, 81.875, 2.861558565914949e-22, nan 
86.375, 81.875, 3.033248095400448e-22, nan 
86.625, 81.875, 1.7461959453295715e-22, nan 
86.875, 81.875, 3.2109185395154724e-22, nan 
87.125, 81.875, 3.041220957740419e-22, nan 
87.375, 81.875, 3.4548732207122175e-22, nan 
87.625, 81.875, 3.7167720905052934e-22, nan 
87.875, 81.875, 4.080795702860068e-22, nan 
88.125, 81.875, 4.1548083904641896e-22, nan 
88.375, 81.875, 3.898434460658721e-22, nan 
88.625, 81.875, 4.0759381794350267e-22, nan 
88.875, 81.875, 3.9233770659772787e-22, nan 
89.125, 81.875, 4.0669624290476705e-22, nan 
89.375, 81.875, 4.71008011417295e-22, nan 
89.625, 81.875, 4.735706687424399e-22, nan 
89.875, 81.875, 3.9559330066300047e-22, nan 
90.125, 81.875, 3.351592290808079e-22, nan 
90.375, 81.875, 3.411913588406563e-22, nan 
90.625, 81.875, 3.3449326813481718e-22, nan 
90.875, 81.875, 4.340110308344663e-22, nan 
91.125, 81.875, 4.289845364935272e-22, nan 
91.375, 81.875, 4.0042771364347623e-22, nan 
91.625, 81.875, 4.165703554901605e-22, nan 
91.875, 81.875, 3.8208878444885396e-22, nan 
92.125, 81.875, 3.1198636265545914e-22, nan 
92.375, 81.875, 3.2553648878415803e-22, nan 
92.625, 81.875, 3.5991473352277403e-22, nan 
92.875, 81.875, 2.827149884227603e-22, nan 
93.125, 81.875, 2.933612091838934e-22, nan 
93.375, 81.875, 3.1817922175693875e-22, nan 
93.625, 81.875, 2.5239607513426445e-22, nan 
93.875, 81.875, 2.59882439584376e-22, nan 
94.125, 81.875, 2.4442259352829597e-22, nan 
94.375, 81.875, 2.588039556017227e-22, nan 
94.625, 81.875, 2.7374230862344556e-22, nan 
94.875, 81.875, 2.7260809156592156e-22, nan 
95.125, 81.875, 3.263616438441889e-22, nan 
95.375, 81.875, 2.439882744062696e-22, nan 
95.625, 81.875, 2.331964240187246e-22, nan 
95.875, 81.875, 3.2332459025678014e-22, nan 
96.125, 81.875, 2.470369119660381e-22, nan 
96.375, 81.875, 3.974205494802208e-22, nan 
96.625, 81.875, 3.0920271272879973e-22, nan 
96.875, 81.875, 2.379183888613378e-22, nan 
97.125, 81.875, 4.368847911540309e-22, nan 
97.375, 81.875, 4.334767022767966e-22, nan 
97.625, 81.875, 3.7773220187347135e-22, nan 
97.875, 81.875, 2.9990428845485292e-22, nan 
98.125, 81.875, 3.3478741096218137e-22, nan 
98.375, 81.875, 3.9304234344420604e-22, nan 
98.625, 81.875, 2.7459190298611574e-22, nan 
98.875, 81.875, 3.7405795457573174e-22, nan 
99.125, 81.875, 3.4938167543837177e-22, nan 
99.375, 81.875, 3.4076150638683044e-22, nan 
99.625, 81.875, 3.1735643556567337e-22, nan 
99.875, 81.875, 3.04536197351164e-22, nan 
100.125, 81.875, 3.688307735041122e-22, nan 
100.375, 81.875, 3.537675020459738e-22, nan 
100.625, 81.875, 3.1061654764416696e-22, nan 
100.875, 81.875, 2.9659677407165817e-22, nan 
101.125, 81.875, 3.7570803094078425e-22, nan 
101.375, 81.875, 3.610649748749066e-22, nan 
101.625, 81.875, 3.7259348615918705e-22, nan 
101.875, 81.875, 3.7230706646022605e-22, nan 
102.125, 81.875, 4.191255200008762e-22, nan 
102.375, 81.875, 4.34621265245604e-22, nan 
102.625, 81.875, 4.0047418059404283e-22, nan 
102.875, 81.875, 4.025412107399944e-22, nan 
103.125, 81.875, 4.801406439708817e-22, nan 
103.375, 81.875, 4.248100706994744e-22, nan 
103.625, 81.875, 4.2198736159371557e-22, nan 
103.875, 81.875, 4.515944651476744e-22, nan 
104.125, 81.875, 4.657801865462743e-22, nan 
104.375, 81.875, 4.521310545132334e-22, nan 
104.625, 81.875, 4.522083686860025e-22, nan 
104.875, 81.875, 4.348937911059027e-22, nan 
105.125, 81.875, 4.1441831931436157e-22, nan 
105.375, 81.875, 4.050365762220837e-22, nan 
105.625, 81.875, 3.7917022752948138e-22, nan 
105.875, 81.875, 3.7475327187820896e-22, nan 
106.125, 81.875, 3.1416507766688026e-22, nan 
106.375, 81.875, 3.0882862802184508e-22, nan 
106.625, 81.875, 2.861624803944907e-22, nan 
106.875, 81.875, 2.276060475203099e-22, nan 
107.125, 81.875, 2.017814550250515e-22, nan 
107.375, 81.875, 2.147403095428061e-22, nan 
107.625, 81.875, 2.2410582396547744e-22, nan 
107.875, 81.875, 1.5528826743528157e-22, nan 
108.125, 81.875, 6.358523066056192e-23, nan 
108.375, 81.875, 6.958417675835511e-23, nan 
108.625, 81.875, 1.0018736148703387e-22, nan 
108.875, 81.875, 1.0812890407294894e-22, nan 
109.125, 81.875, 9.270721696935786e-23, nan 
109.375, 81.875, 9.832505497650001e-23, nan 
109.625, 81.875, 9.263952406708153e-23, nan 
109.875, 81.875, 9.742149144882096e-23, nan 
110.125, 81.875, 8.787294023750375e-23, nan 
110.375, 81.875, 8.101432196860168e-23, nan 
110.625, 81.875, 7.649046618476842e-23, nan 
110.875, 81.875, 7.042105554922645e-23, nan 
111.125, 81.875, 9.101062191736495e-23, nan 
111.375, 81.875, 9.917298969722204e-23, nan 
111.625, 81.875, 9.770987301632093e-23, nan 
111.875, 81.875, 8.97034541546211e-23, nan 
112.125, 81.875, 9.02593191721073e-23, nan 
112.375, 81.875, 7.963721982328165e-23, nan 
112.625, 81.875, 5.56417056849496e-23, nan 
112.875, 81.875, 4.175679277849806e-23, nan 
113.125, 81.875, 5.029842279554069e-23, nan 
113.375, 81.875, 7.594873635152284e-23, nan 
113.625, 81.875, 7.581060995612368e-23, nan 
113.875, 81.875, 6.411348216277997e-23, nan 
114.125, 81.875, 7.161057153196173e-23, nan 
114.375, 81.875, 6.477627616341172e-23, nan 
114.625, 81.875, 5.730183293517773e-23, nan 
114.875, 81.875, 4.9321572904379736e-23, nan 
115.125, 81.875, 6.250762144498866e-23, nan 
115.375, 81.875, 6.969753538752976e-23, nan 
115.625, 81.875, 6.595925379595908e-23, nan 
115.875, 81.875, 5.40906003260576e-23, nan 
116.125, 81.875, 6.453983264775383e-23, nan 
116.375, 81.875, 6.910373553490292e-23, nan 
116.625, 81.875, 6.392271832346317e-23, nan 
116.875, 81.875, 4.450721522907612e-23, nan 
117.125, 81.875, 3.3302403198531146e-23, nan 
117.375, 81.875, 3.671922357244267e-23, nan 
117.625, 81.875, 3.078771708226605e-23, nan 
117.875, 81.875, 3.4563354023906387e-23, nan 
118.125, 81.875, 6.544862439727221e-23, nan 
118.375, 81.875, 5.654833364974534e-23, nan 
118.625, 81.875, 5.16844308847892e-23, nan 
118.875, 81.875, 5.24780005586822e-23, nan 
119.125, 81.875, 4.805603913732318e-23, nan 
119.375, 81.875, 4.1786957474574394e-23, nan 
119.625, 81.875, 4.277542532564083e-23, nan 
119.875, 81.875, 5.939124616261594e-23, nan 
120.125, 81.875, 5.261848732441001e-23, nan 
120.375, 81.875, 5.491063162159579e-23, nan 
120.625, 81.875, 5.467774095692425e-23, nan 
120.875, 81.875, 4.1142670345037934e-23, nan 
121.125, 81.875, 3.442229831808273e-23, nan 
121.375, 81.875, 2.7325152157253404e-23, nan 
121.625, 81.875, 2.4806876425319337e-23, nan 
121.875, 81.875, 2.3978852252650825e-23, nan 
122.125, 81.875, 2.0614791003299104e-23, nan 
122.375, 81.875, 1.3436165425160384e-23, nan 
122.625, 81.875, 2.0804974138184957e-23, nan 
122.875, 81.875, 2.207649949427401e-23, nan 
123.125, 81.875, 2.1051254900119754e-23, nan 
123.375, 81.875, 1.6640587211776464e-23, nan 
123.625, 81.875, 1.720438657550676e-23, nan 
123.875, 81.875, 1.5147880306392895e-23, nan 
124.125, 81.875, 1.4681679837801955e-23, nan 
124.375, 81.875, 1.1783260612231991e-23, nan 
124.625, 81.875, 1.2474068817237517e-23, nan 
124.875, 81.875, 1.8828648194260265e-23, nan 
125.125, 81.875, 1.703618420538434e-23, nan 
125.375, 81.875, 1.5099071923165245e-23, nan 
125.625, 81.875, 1.4414118349407747e-23, nan 
125.875, 81.875, 1.184492125153921e-23, nan 
126.125, 81.875, 9.860569331032655e-24, nan 
126.375, 81.875, 1.1452513049593361e-23, nan 
126.625, 81.875, 1.2138115610865616e-23, nan 
126.875, 81.875, 9.113907147035352e-24, nan 
127.125, 81.875, 6.666128612952899e-24, nan 
127.375, 81.875, 5.64271546285062e-24, nan 
127.625, 81.875, 1.1374707633632753e-23, nan 
127.875, 81.875, 6.660805369246903e-24, nan 
128.125, 81.875, 1.3090113332736656e-23, nan 
128.375, 81.875, 1.5234246201984618e-23, nan 
128.625, 81.875, 1.0291484945529743e-23, nan 
128.875, 81.875, 9.40602677009555e-24, nan 
129.125, 81.875, 7.641964162819912e-24, nan 
129.375, 81.875, 1.0386217478167538e-23, nan 
129.625, 81.875, 7.97611688474813e-24, nan 
129.875, 81.875, 1.186274128131964e-23, nan 
130.125, 81.875, 9.799562398964233e-24, nan 
130.375, 81.875, 1.2132906496948037e-23, nan 
130.625, 81.875, 1.6545542932852986e-23, nan 
130.875, 81.875, 1.6985879695758384e-23, nan 
131.125, 81.875, 1.047931892253991e-23, nan 
131.375, 81.875, 1.1514516111190317e-23, nan 
131.625, 81.875, 1.2721099900189097e-23, nan 
131.875, 81.875, 1.193709727299871e-23, nan 
132.125, 81.875, 1.4324905303781968e-23, nan 
132.375, 81.875, 1.4683563685818367e-23, nan 
132.625, 81.875, 1.803564816020693e-23, nan 
132.875, 81.875, 1.748232543304884e-23, nan 
133.125, 81.875, 1.3358966561649165e-23, nan 
133.375, 81.875, 1.0377218930809222e-23, nan 
133.625, 81.875, 1.2098241242701448e-23, nan 
133.875, 81.875, 1.357149629922409e-23, nan 
134.125, 81.875, 1.4390750538367073e-23, nan 
134.375, 81.875, 1.4707137105789986e-23, nan 
134.625, 81.875, 1.2282012759929313e-23, nan 
134.875, 81.875, 1.4349154108653177e-23, nan 
135.125, 81.875, 1.7512868245993979e-23, nan 
135.375, 81.875, 1.677637381969976e-23, nan 
135.625, 81.875, 2.0405199968413598e-23, nan 
135.875, 81.875, 1.959525923253702e-23, nan 
136.125, 81.875, 2.182083236786736e-23, nan 
136.375, 81.875, 2.3426461588179728e-23, nan 
136.625, 81.875, 2.309843603601614e-23, nan 
136.875, 81.875, 2.4448639373593152e-23, nan 
137.125, 81.875, 2.9896727176723833e-23, nan 
137.375, 81.875, 2.8310820336813153e-23, nan 
137.625, 81.875, 1.912873993945342e-23, nan 
137.875, 81.875, 1.7241953316401094e-23, nan 
138.125, 81.875, 1.8575643680519684e-23, nan 
138.375, 81.875, 1.8169275413344944e-23, nan 
138.625, 81.875, 1.6208814343764239e-23, nan 
138.875, 81.875, 1.5970725889066538e-23, nan 
139.125, 81.875, 1.3972750141551278e-23, nan 
139.375, 81.875, 1.4765208247109807e-23, nan 
139.625, 81.875, 1.2955145892055127e-23, nan 
139.875, 81.875, 1.2895180061336128e-23, nan 
140.125, 81.875, 1.2783576494164914e-23, nan 
140.375, 81.875, 1.2808244754423774e-23, nan 
140.625, 81.875, 1.453362954643322e-23, nan 
140.875, 81.875, 1.4250313969690806e-23, nan 
141.125, 81.875, 1.534222714013716e-23, nan 
141.375, 81.875, 1.5017845483106743e-23, nan 
141.625, 81.875, 1.4540699044581902e-23, nan 
141.875, 81.875, 1.5258627084513223e-23, nan 
142.125, 81.875, 1.5802199676472517e-23, nan 
142.375, 81.875, 1.5165491951114737e-23, nan 
142.625, 81.875, 1.5270073536763586e-23, nan 
142.875, 81.875, 1.5532337577655043e-23, nan 
143.125, 81.875, 1.5424160809004875e-23, nan 
143.375, 81.875, 1.547743314768983e-23, nan 
143.625, 81.875, 1.5452523625626612e-23, nan 
143.875, 81.875, 1.6132037981394404e-23, nan 
144.125, 81.875, 1.5881662329361326e-23, nan 
144.375, 81.875, 1.605515332897e-23, nan 
144.625, 81.875, 1.492952849393597e-23, nan 
144.875, 81.875, 1.7019962878037602e-23, nan 
145.125, 81.875, 1.8901945438355094e-23, nan 
145.375, 81.875, 1.565368526098915e-23, nan 
145.625, 81.875, 1.4904423451374486e-23, nan 
145.875, 81.875, 1.7018207939201254e-23, nan 
146.125, 81.875, 1.8992459344684046e-23, nan 
146.375, 81.875, 1.6637064057193577e-23, nan 
146.625, 81.875, 1.61581678348064e-23, nan 
146.875, 81.875, 1.6760136825122814e-23, nan 
147.125, 81.875, 1.599313156803822e-23, nan 
147.375, 81.875, 1.5344778407048922e-23, nan 
147.625, 81.875, 1.5252490581203093e-23, nan 
147.875, 81.875, 1.5890810142145805e-23, nan 
148.125, 81.875, 1.625448124859805e-23, nan 
148.375, 81.875, 1.5354790783361676e-23, nan 
148.625, 81.875, 1.450057495618821e-23, nan 
148.875, 81.875, 1.3300782478262984e-23, nan 
149.125, 81.875, 1.4599812006842648e-23, nan 
149.375, 81.875, 1.466207417928685e-23, nan 
149.625, 81.875, 1.39543608069242e-23, nan 
149.875, 81.875, 1.3511127500553905e-23, nan 
150.125, 81.875, 1.479251172097969e-23, nan 
150.375, 81.875, 1.438105190278273e-23, nan 
150.625, 81.875, 1.405212028121382e-23, nan 
150.875, 81.875, 1.2897755531372508e-23, nan 
151.125, 81.875, 1.3074793609612495e-23, nan 
151.375, 81.875, 1.2366864798751277e-23, nan 
151.625, 81.875, 1.2136469956840806e-23, nan 
151.875, 81.875, 1.180322706240527e-23, nan 
152.125, 81.875, 1.2150205546943493e-23, nan 
152.375, 81.875, 1.299868135142474e-23, nan 
152.625, 81.875, 1.2440526822051584e-23, nan 
152.875, 81.875, 1.1416599474686328e-23, nan 
153.125, 81.875, 1.1279538012356039e-23, nan 
153.375, 81.875, 1.1549296650687776e-23, nan 
153.625, 81.875, 1.1416113120971377e-23, nan 
153.875, 81.875, 1.1598775449648666e-23, nan 
154.125, 81.875, 1.0359825987623174e-23, nan 
154.375, 81.875, 1.046233682743112e-23, nan 
154.625, 81.875, 1.0539546040609569e-23, nan 
154.875, 81.875, 9.892333633889145e-24, nan 
155.125, 81.875, 9.590572420032183e-24, nan 
155.375, 81.875, 9.136675287498925e-24, nan 
155.625, 81.875, 9.193973636097122e-24, nan 
155.875, 81.875, 8.890850619337295e-24, nan 
156.125, 81.875, 9.920097828497758e-24, nan 
156.375, 81.875, 9.275422467630621e-24, nan 
156.625, 81.875, 7.983100516073982e-24, nan 
156.875, 81.875, 8.020941108551355e-24, nan 
157.125, 81.875, 8.520203039475307e-24, nan 
157.375, 81.875, 8.249884922512867e-24, nan 
157.625, 81.875, 7.582349500363796e-24, nan 
157.875, 81.875, 7.568453361743515e-24, nan 
158.125, 81.875, 7.964087103625668e-24, nan 
158.375, 81.875, 7.724606933239179e-24, nan 
158.625, 81.875, 6.659881609919882e-24, nan 
158.875, 81.875, 7.543531679228518e-24, nan 
159.125, 81.875, 7.155065359865483e-24, nan 
159.375, 81.875, 6.498950388339429e-24, nan 
159.625, 81.875, 6.876782847700163e-24, nan 
159.875, 81.875, 6.361882360508646e-24, nan 
160.125, 81.875, 6.4618169059938806e-24, nan 
160.375, 81.875, 6.609525936044243e-24, nan 
160.625, 81.875, 6.157548256203242e-24, nan 
160.875, 81.875, 5.635836093172402e-24, nan 
161.125, 81.875, 5.674598847836773e-24, nan 
161.375, 81.875, 6.519601227984095e-24, nan 
161.625, 81.875, 5.9244622396123124e-24, nan 
161.875, 81.875, 5.2335328729098506e-24, nan 
162.125, 81.875, 5.7201837845465734e-24, nan 
162.375, 81.875, 6.1854986777410664e-24, nan 
162.625, 81.875, 5.728954569415387e-24, nan 
162.875, 81.875, 5.327393607127438e-24, nan 
163.125, 81.875, 5.500437915118884e-24, nan 
163.375, 81.875, 5.421031188054844e-24, nan 
163.625, 81.875, 5.363729620643867e-24, nan 
163.875, 81.875, 5.192165827020079e-24, nan 
164.125, 81.875, 5.0017618505099604e-24, nan 
164.375, 81.875, 5.2478547973916114e-24, nan 
164.625, 81.875, 5.353933543883508e-24, nan 
164.875, 81.875, 5.287076377737701e-24, nan 
165.125, 81.875, 4.8121580422742e-24, nan 
165.375, 81.875, 4.824139290445372e-24, nan 
165.625, 81.875, 5.1375701920190606e-24, nan 
165.875, 81.875, 4.996991027245043e-24, nan 
166.125, 81.875, 4.234358829676527e-24, nan 
166.375, 81.875, 4.8983186700911874e-24, nan 
166.625, 81.875, 4.4656576367747076e-24, nan 
166.875, 81.875, 4.500289073073319e-24, nan 
167.125, 81.875, 4.4894651912435864e-24, nan 
167.375, 81.875, 4.219416689252514e-24, nan 
167.625, 81.875, 4.612335751013296e-24, nan 
167.875, 81.875, 4.3523528784474394e-24, nan 
168.125, 81.875, 4.0569037726020066e-24, nan 
168.375, 81.875, 4.485577951785586e-24, nan 
168.625, 81.875, 3.9914863528227325e-24, nan 
168.875, 81.875, 3.869617458092502e-24, nan 
169.125, 81.875, 4.025717629245048e-24, nan 
169.375, 81.875, 4.021572652476794e-24, nan 
169.625, 81.875, 3.9993956787554874e-24, nan 
169.875, 81.875, 4.108073277045883e-24, nan 
170.125, 81.875, 4.311367718200505e-24, nan 
170.375, 81.875, 3.841418918875196e-24, nan 
170.625, 81.875, 3.999196254961927e-24, nan 
170.875, 81.875, 3.995773489156374e-24, nan 
171.125, 81.875, 3.95209998369553e-24, nan 
171.375, 81.875, 3.747195955907892e-24, nan 
171.625, 81.875, 3.732880695514252e-24, nan 
171.875, 81.875, 3.765511660851019e-24, nan 
172.125, 81.875, 3.666914778250754e-24, nan 
172.375, 81.875, 3.7766239558144786e-24, nan 
172.625, 81.875, 3.890151449992932e-24, nan 
172.875, 81.875, 3.706658580555568e-24, nan 
173.125, 81.875, 3.678704839571113e-24, nan 
173.375, 81.875, 3.6897909600511986e-24, nan 
173.625, 81.875, 3.8217069734771036e-24, nan 
173.875, 81.875, 3.951328139138154e-24, nan 
174.125, 81.875, 3.371672817022402e-24, nan 
174.375, 81.875, 3.5014960418096235e-24, nan 
174.625, 81.875, 3.658706741091277e-24, nan 
174.875, 81.875, 3.792269756346271e-24, nan 
175.125, 81.875, 3.714478519805182e-24, nan 
175.375, 81.875, 3.195805541202274e-24, nan 
175.625, 81.875, 2.2124761287884622e-24, nan 
175.875, 81.875, 2.635097336978269e-24, nan 
176.125, 81.875, 3.1080677702142174e-24, nan 
176.375, 81.875, 3.125731653943994e-24, nan 
176.625, 81.875, 3.2280646899479143e-24, nan 
176.875, 81.875, 2.8814001448771886e-24, nan 
177.125, 81.875, 2.5708597720584042e-24, nan 
177.375, 81.875, 2.605430654022648e-24, nan 
177.625, 81.875, 2.7832174903118326e-24, nan 
177.875, 81.875, 2.807293264958361e-24, nan 
178.125, 81.875, 2.596675462816616e-24, nan 
178.375, 81.875, 2.627512568837272e-24, nan 
178.625, 81.875, 2.7972729022386207e-24, nan 
178.875, 81.875, 2.59866088024462e-24, nan 
179.125, 81.875, 2.41235112486227e-24, nan 
179.375, 81.875, 2.5404693076884602e-24, nan 
179.625, 81.875, 2.3359524664653888e-24, nan 
179.875, 81.875, 2.411745802400183e-24, nan 
-179.875, 82.125, 1.335080539732457e-24, nan 
-179.625, 82.125, 1.3967695258002487e-24, nan 
-179.375, 82.125, 1.440297752356334e-24, nan 
-179.125, 82.125, 1.2852318746304083e-24, nan 
-178.875, 82.125, 1.3294215379287365e-24, nan 
-178.625, 82.125, 1.536483355387792e-24, nan 
-178.375, 82.125, 1.5836272331028836e-24, nan 
-178.125, 82.125, 1.5088042796077159e-24, nan 
-177.875, 82.125, 1.3830951943898417e-24, nan 
-177.625, 82.125, 1.3248205124260873e-24, nan 
-177.375, 82.125, 1.4983948678233014e-24, nan 
-177.125, 82.125, 1.5443034584024271e-24, nan 
-176.875, 82.125, 1.5038185270932352e-24, nan 
-176.625, 82.125, 1.3632382814929594e-24, nan 
-176.375, 82.125, 1.4377771512784118e-24, nan 
-176.125, 82.125, 1.5537493907086624e-24, nan 
-175.875, 82.125, 1.4146272373971035e-24, nan 
-175.625, 82.125, 1.4304709360869977e-24, nan 
-175.375, 82.125, 1.4188424688164122e-24, nan 
-175.125, 82.125, 1.4522547465589928e-24, nan 
-174.875, 82.125, 1.643887995308893e-24, nan 
-174.625, 82.125, 1.683329505240031e-24, nan 
-174.375, 82.125, 1.6465356944655731e-24, nan 
-174.125, 82.125, 1.8200067215817898e-24, nan 
-173.875, 82.125, 1.916575405310345e-24, nan 
-173.625, 82.125, 1.7067084392434056e-24, nan 
-173.375, 82.125, 1.8369155332198854e-24, nan 
-173.125, 82.125, 1.9633976090178825e-24, nan 
-172.875, 82.125, 2.259623664669546e-24, nan 
-172.625, 82.125, 2.446713860404899e-24, nan 
-172.375, 82.125, 1.6856320140668196e-24, nan 
-172.125, 82.125, 2.334126501265428e-24, nan 
14.875, 82.125, 1.1539057555599557e-24, nan 
15.125, 82.125, 1.2706647835415505e-24, nan 
15.375, 82.125, 1.3725870046991416e-24, nan 
15.625, 82.125, 1.2367553193259257e-24, nan 
15.875, 82.125, 1.1163869103782786e-24, nan 
16.125, 82.125, 1.3051666283315598e-24, nan 
16.375, 82.125, 1.3987759414550092e-24, nan 
16.625, 82.125, 1.460125111336115e-24, nan 
16.875, 82.125, 1.388283853172148e-24, nan 
17.125, 82.125, 1.1597831577709329e-24, nan 
17.375, 82.125, 1.0943162880079636e-24, nan 
17.625, 82.125, 1.0009957219403454e-24, nan 
17.875, 82.125, 9.159036172338686e-25, nan 
18.125, 82.125, 9.43232321902503e-25, nan 
18.375, 82.125, 1.0472139502405796e-24, nan 
18.625, 82.125, 8.887922079264732e-25, nan 
18.875, 82.125, 7.076231541376024e-25, nan 
19.125, 82.125, 6.223352727678669e-25, nan 
19.375, 82.125, 7.781402515922107e-25, nan 
19.625, 82.125, 7.721021040391638e-25, nan 
19.875, 82.125, 5.418675674540971e-25, nan 
20.125, 82.125, 3.0954994890611885e-25, nan 
20.375, 82.125, 3.1093980478642055e-25, nan 
20.625, 82.125, 3.7193867122996803e-25, nan 
20.875, 82.125, 5.203301047018379e-25, nan 
21.125, 82.125, 5.358419813134676e-25, nan 
21.375, 82.125, 7.419547188300835e-25, nan 
21.625, 82.125, 9.283491294490645e-25, nan 
21.875, 82.125, 9.803755125281728e-25, nan 
22.125, 82.125, 1.0274596414082357e-24, nan 
22.375, 82.125, 1.1996410690696018e-24, nan 
22.625, 82.125, 1.4750064550174215e-24, nan 
22.875, 82.125, 1.6134256563728722e-24, nan 
23.125, 82.125, 1.4851190146630724e-24, nan 
23.375, 82.125, 1.4081124151682977e-24, nan 
23.625, 82.125, 1.6063950545379624e-24, nan 
23.875, 82.125, 1.773032000345288e-24, nan 
24.125, 82.125, 2.063140182607953e-24, nan 
24.375, 82.125, 2.7024564359351975e-24, nan 
24.625, 82.125, 3.5064566806960816e-24, nan 
24.875, 82.125, 3.9290157261558576e-24, nan 
25.125, 82.125, 4.793800014317793e-24, nan 
25.375, 82.125, 5.85003824827216e-24, nan 
25.625, 82.125, 6.753277379583412e-24, nan 
25.875, 82.125, 6.432765446199462e-24, nan 
26.125, 82.125, 5.016559269460065e-24, nan 
26.375, 82.125, 5.634598466035925e-24, nan 
26.625, 82.125, 6.387833206744467e-24, nan 
26.875, 82.125, 6.81839230809182e-24, nan 
27.125, 82.125, 9.614069634498289e-24, nan 
27.375, 82.125, 1.1093269361579889e-23, nan 
27.625, 82.125, 1.0370676680884467e-23, nan 
27.875, 82.125, 8.438445844826767e-24, nan 
28.125, 82.125, 8.201376944686636e-24, nan 
28.375, 82.125, 9.236245991579391e-24, nan 
28.625, 82.125, 7.64077201078531e-24, nan 
28.875, 82.125, 8.208177130204212e-24, nan 
29.125, 82.125, 1.0835590055435135e-23, nan 
29.375, 82.125, 1.1850840824771838e-23, nan 
29.625, 82.125, 1.3323473535226103e-23, nan 
29.875, 82.125, 1.4114592815015847e-23, nan 
30.125, 82.125, 1.1843998993957493e-23, nan 
30.375, 82.125, 1.581359692605362e-23, nan 
30.625, 82.125, 1.8597417147817358e-23, nan 
30.875, 82.125, 1.938476967244355e-23, nan 
31.125, 82.125, 1.6828185362172402e-23, nan 
31.375, 82.125, 2.368869094041107e-23, nan 
31.625, 82.125, 2.5465391321951252e-23, nan 
31.875, 82.125, 2.155831831308473e-23, nan 
32.125, 82.125, 2.509028443124252e-23, nan 
32.375, 82.125, 2.287710851772285e-23, nan 
32.625, 82.125, 1.7282681400049743e-23, nan 
32.875, 82.125, 1.2168313028492487e-23, nan 
33.125, 82.125, 1.7372232403322969e-23, nan 
33.375, 82.125, 2.107789963401686e-23, nan 
33.625, 82.125, 2.408664589052623e-23, nan 
33.875, 82.125, 2.7956952642617064e-23, nan 
34.125, 82.125, 2.2000538031309998e-23, nan 
34.375, 82.125, 1.8800584333181737e-23, nan 
34.625, 82.125, 2.477611807020764e-23, nan 
34.875, 82.125, 2.3607893464907517e-23, nan 
35.125, 82.125, 1.894406751042912e-23, nan 
35.375, 82.125, 2.3598595135424987e-23, nan 
35.625, 82.125, 3.7199245548302747e-23, nan 
35.875, 82.125, 2.7992449867427424e-23, nan 
36.125, 82.125, 2.863430816768963e-23, nan 
36.375, 82.125, 4.4760702574031436e-23, nan 
36.625, 82.125, 3.896244422785149e-23, nan 
36.875, 82.125, 3.326155996360617e-23, nan 
37.125, 82.125, 3.752604722838336e-23, nan 
37.375, 82.125, 4.701370292752766e-23, nan 
37.625, 82.125, 4.338622551862217e-23, nan 
37.875, 82.125, 5.485726060583632e-23, nan 
38.125, 82.125, 5.316299835891668e-23, nan 
38.375, 82.125, 4.305147888017069e-23, nan 
38.625, 82.125, 4.534433683469844e-23, nan 
38.875, 82.125, 4.6664135416500704e-23, nan 
39.125, 82.125, 4.705718423122294e-23, nan 
39.375, 82.125, 3.878657106107461e-23, nan 
39.625, 82.125, 2.952750451051162e-23, nan 
39.875, 82.125, 2.2909921017801353e-23, nan 
40.125, 82.125, 3.2311530420428794e-23, nan 
40.375, 82.125, 2.299064440410558e-23, nan 
40.625, 82.125, 2.3598638141324415e-23, nan 
40.875, 82.125, 2.2447538554518092e-23, nan 
41.125, 82.125, 1.688579713552856e-23, nan 
41.375, 82.125, 1.6000222973088286e-23, nan 
41.625, 82.125, 1.5205780095393054e-23, nan 
41.875, 82.125, 1.422075052477623e-23, nan 
42.125, 82.125, 1.0813241090999329e-23, nan 
42.375, 82.125, 1.2137304085386117e-23, nan 
42.625, 82.125, 8.708641673007562e-24, nan 
42.875, 82.125, 6.0967563691063624e-24, nan 
43.125, 82.125, 6.757893154749023e-24, nan 
43.375, 82.125, 9.986247178034385e-24, nan 
43.625, 82.125, 1.214454743558105e-23, nan 
43.875, 82.125, 1.1378153107407877e-23, nan 
44.125, 82.125, 1.3922706925905096e-23, nan 
44.375, 82.125, 3.79876484438686e-23, nan 
44.625, 82.125, 2.654304524230867e-23, nan 
44.875, 82.125, 2.1502414698911445e-23, nan 
45.125, 82.125, 3.5645012370965826e-23, nan 
45.375, 82.125, 3.463388125805046e-23, nan 
45.625, 82.125, 3.328319467521577e-23, nan 
45.875, 82.125, 2.9788483587619964e-23, nan 
46.125, 82.125, 3.1244270972912905e-23, nan 
46.375, 82.125, 3.022371671166203e-23, nan 
46.625, 82.125, 2.8689136043397903e-23, nan 
46.875, 82.125, 2.6145623791920723e-23, nan 
47.125, 82.125, 2.4331484445930037e-23, nan 
47.375, 82.125, 2.3840151935877518e-23, nan 
47.625, 82.125, 3.4418457777108886e-23, nan 
47.875, 82.125, 4.4087322587249205e-23, nan 
48.125, 82.125, 2.2771814345892147e-23, nan 
48.375, 82.125, 2.725292717335169e-23, nan 
48.625, 82.125, 3.427018029123944e-23, nan 
48.875, 82.125, 1.8677896534967574e-23, nan 
49.125, 82.125, 1.2374524744928517e-23, nan 
49.375, 82.125, 2.115334374627586e-23, nan 
49.625, 82.125, 1.2054884625043067e-23, nan 
49.875, 82.125, 1.1520701553382426e-23, nan 
50.125, 82.125, 1.1010108932773527e-23, nan 
50.375, 82.125, 1.1017697526615633e-23, nan 
50.625, 82.125, 6.205395982192928e-24, nan 
50.875, 82.125, 1.7667815460391213e-23, nan 
51.125, 82.125, 1.5218567784184828e-23, nan 
51.375, 82.125, 1.8802334041416103e-23, nan 
51.625, 82.125, 2.5235279277528403e-23, nan 
51.875, 82.125, 3.0353955489305816e-23, nan 
52.125, 82.125, 2.692313408406141e-23, nan 
52.375, 82.125, 2.0906089523740795e-23, nan 
52.625, 82.125, 1.8648501409832856e-23, nan 
52.875, 82.125, 1.6880950523966077e-23, nan 
53.125, 82.125, 1.7288738906227828e-23, nan 
53.375, 82.125, 1.8089705390025613e-23, nan 
53.625, 82.125, 1.574920828898557e-23, nan 
53.875, 82.125, 1.4410816805112036e-23, nan 
54.125, 82.125, 1.5417698806859963e-23, nan 
54.375, 82.125, 1.768479456337986e-23, nan 
54.625, 82.125, 7.22796304140817e-24, nan 
54.875, 82.125, 1.333781816932551e-23, nan 
55.125, 82.125, 1.0180653201267682e-23, nan 
55.375, 82.125, 1.804466375286162e-23, nan 
55.625, 82.125, 8.298629549855173e-24, nan 
55.875, 82.125, 1.5374189391034235e-23, nan 
56.125, 82.125, 2.276214048894941e-23, nan 
56.375, 82.125, 1.0531957213630046e-23, nan 
56.625, 82.125, 3.7798186785298654e-23, nan 
56.875, 82.125, 2.862794886459313e-23, nan 
57.125, 82.125, 3.44617307227666e-23, nan 
57.375, 82.125, 5.712159627105706e-23, nan 
57.625, 82.125, 7.072646800115127e-23, nan 
57.875, 82.125, 7.627200143858296e-23, nan 
58.125, 82.125, 1.0465608243209275e-22, nan 
58.375, 82.125, 9.718550372701792e-23, nan 
58.625, 82.125, 7.83249343700112e-23, nan 
58.875, 82.125, 6.564951925954104e-23, nan 
59.125, 82.125, 1.0504477117509347e-22, nan 
59.375, 82.125, 1.0881048586970276e-22, nan 
59.625, 82.125, 7.24394321870576e-23, nan 
59.875, 82.125, 9.443400135827738e-23, nan 
60.125, 82.125, 1.2402807749369427e-22, nan 
60.375, 82.125, 1.315683751935862e-22, nan 
60.625, 82.125, 1.3486332001772372e-22, nan 
60.875, 82.125, 1.2513319842527452e-22, nan 
61.125, 82.125, 1.0728584935916062e-22, nan 
61.375, 82.125, 9.83749589827799e-23, nan 
61.625, 82.125, 8.700261818164059e-23, nan 
61.875, 82.125, 1.4251971149010547e-22, nan 
62.125, 82.125, 2.129084695793029e-22, nan 
62.375, 82.125, 2.583669643062635e-22, nan 
62.625, 82.125, 2.7984864786861615e-22, nan 
62.875, 82.125, 2.797121726111354e-22, nan 
63.125, 82.125, 2.6947568393329854e-22, nan 
63.375, 82.125, 2.4063033344984897e-22, nan 
63.625, 82.125, 2.17279293490692e-22, nan 
63.875, 82.125, 2.190972458437468e-22, nan 
64.125, 82.125, 2.5621418481886434e-22, nan 
64.375, 82.125, 3.0937622361162964e-22, nan 
64.625, 82.125, 2.857759136456075e-22, nan 
64.875, 82.125, 2.7678771797612962e-22, nan 
65.125, 82.125, 2.7216859362079795e-22, nan 
65.375, 82.125, 2.5381947241840757e-22, nan 
65.625, 82.125, 2.124332077799999e-22, nan 
65.875, 82.125, 1.7458521541145212e-22, nan 
66.125, 82.125, 1.8508521195226834e-22, nan 
66.375, 82.125, 1.8854641035842436e-22, nan 
66.625, 82.125, 1.9369181814688006e-22, nan 
66.875, 82.125, 1.6256006701678626e-22, nan 
67.125, 82.125, 1.7869341669242727e-22, nan 
67.375, 82.125, 1.754248948089774e-22, nan 
67.625, 82.125, 1.6466912527346446e-22, nan 
67.875, 82.125, 1.9623999354645193e-22, nan 
68.125, 82.125, 2.0003014135765534e-22, nan 
68.375, 82.125, 2.4260882905551935e-22, nan 
68.625, 82.125, 2.412995154297433e-22, nan 
68.875, 82.125, 2.52127525443781e-22, nan 
69.125, 82.125, 2.414133651661545e-22, nan 
69.375, 82.125, 1.882816334736621e-22, nan 
69.625, 82.125, 1.7944582346295436e-22, nan 
69.875, 82.125, 1.808449417636553e-22, nan 
70.125, 82.125, 2.555659701201604e-22, nan 
70.375, 82.125, 3.1067280246158527e-22, nan 
70.625, 82.125, 3.7447514514802924e-22, nan 
70.875, 82.125, 4.0264330175244593e-22, nan 
71.125, 82.125, 2.5621970577537656e-22, nan 
71.375, 82.125, 3.0013544379145843e-22, nan 
71.625, 82.125, 3.3403593751396634e-22, nan 
71.875, 82.125, 2.010521138864578e-22, nan 
72.125, 82.125, 3.0418941621088254e-22, nan 
72.375, 82.125, 3.524640439857018e-22, nan 
72.625, 82.125, 4.1824864027079705e-22, nan 
72.875, 82.125, 2.15270534349791e-22, nan 
73.125, 82.125, 2.5059268695292183e-22, nan 
73.375, 82.125, 3.6434370893027236e-22, nan 
73.625, 82.125, 3.834138701223966e-22, nan 
73.875, 82.125, 4.680229799852262e-22, nan 
74.125, 82.125, 5.029782464923163e-22, nan 
74.375, 82.125, 5.829315943757869e-22, nan 
74.625, 82.125, 3.491330140922901e-22, nan 
74.875, 82.125, 2.516791716134148e-22, nan 
75.125, 82.125, 1.9746338979006634e-22, nan 
75.375, 82.125, 2.2868988079541933e-22, nan 
75.625, 82.125, 2.592775182497493e-22, nan 
75.875, 82.125, 2.8528019246075895e-22, nan 
76.125, 82.125, 3.7764138690224906e-22, nan 
76.375, 82.125, 2.9309780666209567e-22, nan 
76.625, 82.125, 1.759619202093753e-22, nan 
76.875, 82.125, 1.230615449316597e-22, nan 
77.125, 82.125, 1.4657674001567377e-22, nan 
77.375, 82.125, 1.3387133301192846e-22, nan 
77.625, 82.125, 1.96961054413637e-22, nan 
77.875, 82.125, 1.911340165160087e-22, nan 
78.125, 82.125, 1.6623253011178702e-22, nan 
78.375, 82.125, 1.7155487043965228e-22, nan 
78.625, 82.125, 2.0632854234377316e-22, nan 
78.875, 82.125, 2.0864707660697726e-22, nan 
79.125, 82.125, 1.9298585889257912e-22, nan 
79.375, 82.125, 1.636360538602281e-22, nan 
79.625, 82.125, 1.951063636080558e-22, nan 
79.875, 82.125, 1.8127913044950725e-22, nan 
80.125, 82.125, 2.528434049888825e-22, nan 
80.375, 82.125, 1.9532004674305268e-22, nan 
80.625, 82.125, 1.5745052017556878e-22, nan 
80.875, 82.125, 1.8937190470692928e-22, nan 
81.125, 82.125, 2.7025152377938447e-22, nan 
81.375, 82.125, 2.015597086986824e-22, nan 
81.625, 82.125, 1.0853657563573115e-22, nan 
81.875, 82.125, 1.8812659451370235e-22, nan 
82.125, 82.125, 1.990405523211176e-22, nan 
82.375, 82.125, 2.0608823234603936e-22, nan 
82.625, 82.125, 1.9869344008507255e-22, nan 
82.875, 82.125, 1.9966134515550177e-22, nan 
83.125, 82.125, 1.9045486052308813e-22, nan 
83.375, 82.125, 2.2588284197146826e-22, nan 
83.625, 82.125, 2.1361133447907446e-22, nan 
83.875, 82.125, 2.2409481112294635e-22, nan 
84.125, 82.125, 2.3781175598700383e-22, nan 
84.375, 82.125, 1.950193522191877e-22, nan 
84.625, 82.125, 2.327385968066898e-22, nan 
84.875, 82.125, 2.240752441194834e-22, nan 
85.125, 82.125, 1.9132540179894707e-22, nan 
85.375, 82.125, 2.9641627654012313e-22, nan 
85.625, 82.125, 2.307874291143072e-22, nan 
85.875, 82.125, 2.4514264529649597e-22, nan 
86.125, 82.125, 3.0681901376160905e-22, nan 
86.375, 82.125, 4.0519821734592745e-22, nan 
86.625, 82.125, 3.6435887789880367e-22, nan 
86.875, 82.125, 3.0491428668267605e-22, nan 
87.125, 82.125, 5.865443154095563e-22, nan 
87.375, 82.125, 2.9029890666983763e-22, nan 
87.625, 82.125, 2.5552166639202883e-22, nan 
87.875, 82.125, 3.551368411981326e-22, nan 
88.125, 82.125, 3.970885486861035e-22, nan 
88.375, 82.125, 3.431283449565942e-22, nan 
88.625, 82.125, 4.542207158472203e-22, nan 
88.875, 82.125, 5.68208731636689e-22, nan 
89.125, 82.125, 4.6539192201104145e-22, nan 
89.375, 82.125, 4.668052325254056e-22, nan 
89.625, 82.125, 4.978283971704756e-22, nan 
89.875, 82.125, 5.050824243939268e-22, nan 
90.125, 82.125, 4.1304711118106004e-22, nan 
90.375, 82.125, 5.030593587803838e-22, nan 
90.625, 82.125, 5.216243461333514e-22, nan 
90.875, 82.125, 5.496053039963968e-22, nan 
91.125, 82.125, 5.443171034434228e-22, nan 
91.375, 82.125, 5.811329047542092e-22, nan 
91.625, 82.125, 6.695649180611566e-22, nan 
91.875, 82.125, 5.824151829662194e-22, nan 
92.125, 82.125, 3.958346156678146e-22, nan 
92.375, 82.125, 4.1568434627566837e-22, nan 
92.625, 82.125, 5.217847687899331e-22, nan 
92.875, 82.125, 4.323792168704636e-22, nan 
93.125, 82.125, 5.136507607730189e-22, nan 
93.375, 82.125, 4.576180073982639e-22, nan 
93.625, 82.125, 4.097140041689477e-22, nan 
93.875, 82.125, 4.109998591884544e-22, nan 
94.125, 82.125, 3.890919929254653e-22, nan 
94.375, 82.125, 3.687543670081475e-22, nan 
94.625, 82.125, 3.680727673601094e-22, nan 
94.875, 82.125, 3.3902629719702436e-22, nan 
95.125, 82.125, 3.4636628936899787e-22, nan 
95.375, 82.125, 3.1950155988037983e-22, nan 
95.625, 82.125, 3.536522678772991e-22, nan 
95.875, 82.125, 3.8195789722428675e-22, nan 
96.125, 82.125, 3.427249543687055e-22, nan 
96.375, 82.125, 4.1860199400565554e-22, nan 
96.625, 82.125, 4.007069871629804e-22, nan 
96.875, 82.125, 3.3054245072043283e-22, nan 
97.125, 82.125, 3.3295814627691193e-22, nan 
97.375, 82.125, 3.120619276187622e-22, nan 
97.625, 82.125, 3.041959211415024e-22, nan 
97.875, 82.125, 3.028120978935025e-22, nan 
98.125, 82.125, 2.915724338941548e-22, nan 
98.375, 82.125, 2.485255581928636e-22, nan 
98.625, 82.125, 2.5540247227220864e-22, nan 
98.875, 82.125, 3.1984830821961584e-22, nan 
99.125, 82.125, 2.7081630922116514e-22, nan 
99.375, 82.125, 1.6277247493861948e-22, nan 
99.625, 82.125, 1.9213623157858773e-22, nan 
99.875, 82.125, 2.164704000258074e-22, nan 
100.125, 82.125, 2.310045636585037e-22, nan 
100.375, 82.125, 2.245178949339048e-22, nan 
100.625, 82.125, 2.5212268459953617e-22, nan 
100.875, 82.125, 2.3571558487279714e-22, nan 
101.125, 82.125, 2.587768518721215e-22, nan 
101.375, 82.125, 2.5395074727350816e-22, nan 
101.625, 82.125, 2.6092550200430335e-22, nan 
101.875, 82.125, 3.0170065224252047e-22, nan 
102.125, 82.125, 3.20002081964462e-22, nan 
102.375, 82.125, 3.3975941792261333e-22, nan 
102.625, 82.125, 2.9158979198791023e-22, nan 
102.875, 82.125, 3.232767170939648e-22, nan 
103.125, 82.125, 3.518289165942012e-22, nan 
103.375, 82.125, 3.465594177621869e-22, nan 
103.625, 82.125, 3.0292393331733344e-22, nan 
103.875, 82.125, 3.6439507426131434e-22, nan 
104.125, 82.125, 3.804226186838842e-22, nan 
104.375, 82.125, 3.9715821481210393e-22, nan 
104.625, 82.125, 3.986845501703667e-22, nan 
104.875, 82.125, 3.9943944455277226e-22, nan 
105.125, 82.125, 3.996998498470724e-22, nan 
105.375, 82.125, 4.053398007840195e-22, nan 
105.625, 82.125, 4.1079176135953046e-22, nan 
105.875, 82.125, 4.283694468414958e-22, nan 
106.125, 82.125, 4.4644514234752415e-22, nan 
106.375, 82.125, 4.691431915489135e-22, nan 
106.625, 82.125, 4.707825272306288e-22, nan 
106.875, 82.125, 4.529881847210724e-22, nan 
107.125, 82.125, 4.592724068212047e-22, nan 
107.375, 82.125, 4.664099444385849e-22, nan 
107.625, 82.125, 4.745291304947877e-22, nan 
107.875, 82.125, 4.49416960592276e-22, nan 
108.125, 82.125, 4.3093704788452125e-22, nan 
108.375, 82.125, 4.1332115556972365e-22, nan 
108.625, 82.125, 3.823233917196619e-22, nan 
108.875, 82.125, 3.394641127086278e-22, nan 
109.125, 82.125, 2.886727143201898e-22, nan 
109.375, 82.125, 2.2447264430840487e-22, nan 
109.625, 82.125, 1.3949596781905723e-22, nan 
109.875, 82.125, 9.984509192811279e-23, nan 
110.125, 82.125, 7.791771004502612e-23, nan 
110.375, 82.125, 6.288247968776188e-23, nan 
110.625, 82.125, 6.283756722352439e-23, nan 
110.875, 82.125, 7.647258570699652e-23, nan 
111.125, 82.125, 9.457972550953687e-23, nan 
111.375, 82.125, 9.29093784398908e-23, nan 
111.625, 82.125, 9.243866716319875e-23, nan 
111.875, 82.125, 8.327680872858732e-23, nan 
112.125, 82.125, 7.760377365163773e-23, nan 
112.375, 82.125, 6.772147857819944e-23, nan 
112.625, 82.125, 6.639957648895924e-23, nan 
112.875, 82.125, 7.177158927522064e-23, nan 
113.125, 82.125, 5.716929271968176e-23, nan 
113.375, 82.125, 6.186270958969398e-23, nan 
113.625, 82.125, 5.677039435103596e-23, nan 
113.875, 82.125, 5.257033217741874e-23, nan 
114.125, 82.125, 5.497689689531391e-23, nan 
114.375, 82.125, 5.140727177569712e-23, nan 
114.625, 82.125, 4.928096119212972e-23, nan 
114.875, 82.125, 3.755890609513805e-23, nan 
115.125, 82.125, 6.200059231210057e-23, nan 
115.375, 82.125, 7.867791998700588e-23, nan 
115.625, 82.125, 6.948129552159682e-23, nan 
115.875, 82.125, 5.698772997726953e-23, nan 
116.125, 82.125, 6.924644253555323e-23, nan 
116.375, 82.125, 8.27853610937381e-23, nan 
116.625, 82.125, 8.003338556972774e-23, nan 
116.875, 82.125, 4.7878029837871166e-23, nan 
117.125, 82.125, 5.383250527765601e-23, nan 
117.375, 82.125, 4.682584703642013e-23, nan 
117.625, 82.125, 4.399752578393454e-23, nan 
117.875, 82.125, 5.443224235445241e-23, nan 
118.125, 82.125, 7.004374942910849e-23, nan 
118.375, 82.125, 7.358067002258626e-23, nan 
118.625, 82.125, 4.275964419568771e-23, nan 
118.875, 82.125, 3.730615560043811e-23, nan 
119.125, 82.125, 4.463354148188878e-23, nan 
119.375, 82.125, 4.3546762348837446e-23, nan 
119.625, 82.125, 4.662317509000238e-23, nan 
119.875, 82.125, 4.087106144866412e-23, nan 
120.125, 82.125, 3.805377255837331e-23, nan 
120.375, 82.125, 4.1235922236958324e-23, nan 
120.625, 82.125, 4.514179695330673e-23, nan 
120.875, 82.125, 3.3246943740491156e-23, nan 
121.125, 82.125, 3.1037119096902104e-23, nan 
121.375, 82.125, 3.232757458217162e-23, nan 
121.625, 82.125, 3.2933162021634e-23, nan 
121.875, 82.125, 3.063646202923992e-23, nan 
122.125, 82.125, 3.015007824106724e-23, nan 
122.375, 82.125, 3.231119707540257e-23, nan 
122.625, 82.125, 2.753978464335983e-23, nan 
122.875, 82.125, 2.943079676577259e-23, nan 
123.125, 82.125, 2.8233366825104386e-23, nan 
123.375, 82.125, 3.145484305534756e-23, nan 
123.625, 82.125, 3.237105700644648e-23, nan 
123.875, 82.125, 3.0312551443437746e-23, nan 
124.125, 82.125, 2.389550578758849e-23, nan 
124.375, 82.125, 2.14442813487742e-23, nan 
124.625, 82.125, 2.2590517936147285e-23, nan 
124.875, 82.125, 1.932892266748245e-23, nan 
125.125, 82.125, 1.914281629521348e-23, nan 
125.375, 82.125, 2.4339875164592157e-23, nan 
125.625, 82.125, 2.625666426123241e-23, nan 
125.875, 82.125, 2.4419895866885334e-23, nan 
126.125, 82.125, 1.881302381356453e-23, nan 
126.375, 82.125, 1.3190897609515026e-23, nan 
126.625, 82.125, 1.0512019234123405e-23, nan 
126.875, 82.125, 1.0212041307696263e-23, nan 
127.125, 82.125, 1.0312853853771715e-23, nan 
127.375, 82.125, 1.2867625186647011e-23, nan 
127.625, 82.125, 1.4517372428425616e-23, nan 
127.875, 82.125, 1.4981533012288877e-23, nan 
128.125, 82.125, 1.3003620511564095e-23, nan 
128.375, 82.125, 1.2813709932205983e-23, nan 
128.625, 82.125, 1.1936354195534413e-23, nan 
128.875, 82.125, 7.99826736403754e-24, nan 
129.125, 82.125, 2.983966047830738e-24, nan 
129.375, 82.125, 7.905992983445262e-24, nan 
129.625, 82.125, 9.818860808878046e-24, nan 
129.875, 82.125, 1.3092368632681251e-23, nan 
130.125, 82.125, 1.3503509924047617e-23, nan 
130.375, 82.125, 1.8106227133992439e-23, nan 
130.625, 82.125, 2.0528423808153538e-23, nan 
130.875, 82.125, 1.9841132041394973e-23, nan 
131.125, 82.125, 1.341982194625308e-23, nan 
131.375, 82.125, 1.0622578642476994e-23, nan 
131.625, 82.125, 1.1444468282846809e-23, nan 
131.875, 82.125, 1.0429246366396331e-23, nan 
132.125, 82.125, 1.8059822072577517e-23, nan 
132.375, 82.125, 1.9116432275936295e-23, nan 
132.625, 82.125, 2.2557687272532615e-23, nan 
132.875, 82.125, 1.943346560907051e-23, nan 
133.125, 82.125, 1.4107710153194104e-23, nan 
133.375, 82.125, 1.4031417909172013e-23, nan 
133.625, 82.125, 1.1708194504134031e-23, nan 
133.875, 82.125, 1.2473624596369513e-23, nan 
134.125, 82.125, 1.1286361859692792e-23, nan 
134.375, 82.125, 1.0850231461439248e-23, nan 
134.625, 82.125, 1.3372853934069897e-23, nan 
134.875, 82.125, 1.2650901748516057e-23, nan 
135.125, 82.125, 1.5005908465759917e-23, nan 
135.375, 82.125, 1.4782650558610744e-23, nan 
135.625, 82.125, 1.6340495223410035e-23, nan 
135.875, 82.125, 1.5024790981119854e-23, nan 
136.125, 82.125, 1.6107485344827534e-23, nan 
136.375, 82.125, 1.7552358005199695e-23, nan 
136.625, 82.125, 1.699253786698729e-23, nan 
136.875, 82.125, 1.5393890757148194e-23, nan 
137.125, 82.125, 1.5641078806081215e-23, nan 
137.375, 82.125, 1.4245950510316556e-23, nan 
137.625, 82.125, 1.4975819164551087e-23, nan 
137.875, 82.125, 1.4123182718984147e-23, nan 
138.125, 82.125, 1.5064208703761822e-23, nan 
138.375, 82.125, 1.5779789856185694e-23, nan 
138.625, 82.125, 1.4424397594626356e-23, nan 
138.875, 82.125, 1.4396193630681408e-23, nan 
139.125, 82.125, 1.3366662712348927e-23, nan 
139.375, 82.125, 1.4002087887350606e-23, nan 
139.625, 82.125, 1.3078025789333759e-23, nan 
139.875, 82.125, 1.1425850078846211e-23, nan 
140.125, 82.125, 1.1412534608280379e-23, nan 
140.375, 82.125, 1.0873507275777878e-23, nan 
140.625, 82.125, 1.0598520394069305e-23, nan 
140.875, 82.125, 1.0657909815827711e-23, nan 
141.125, 82.125, 1.1393646225768474e-23, nan 
141.375, 82.125, 1.2357058894539064e-23, nan 
141.625, 82.125, 1.0987452696721673e-23, nan 
141.875, 82.125, 1.159961585414917e-23, nan 
142.125, 82.125, 1.1863484317491057e-23, nan 
142.375, 82.125, 1.132271882467373e-23, nan 
142.625, 82.125, 1.150702532043742e-23, nan 
142.875, 82.125, 1.0765601078424071e-23, nan 
143.125, 82.125, 1.1877799750918331e-23, nan 
143.375, 82.125, 1.3096469746329189e-23, nan 
143.625, 82.125, 1.219191119113939e-23, nan 
143.875, 82.125, 1.1691231395751704e-23, nan 
144.125, 82.125, 1.240934804962281e-23, nan 
144.375, 82.125, 1.3152795966124934e-23, nan 
144.625, 82.125, 1.1918716239331924e-23, nan 
144.875, 82.125, 1.0692597482983738e-23, nan 
145.125, 82.125, 1.1568050469212414e-23, nan 
145.375, 82.125, 1.1133634530638419e-23, nan 
145.625, 82.125, 1.1991624766692134e-23, nan 
145.875, 82.125, 1.184867766853367e-23, nan 
146.125, 82.125, 1.069514985347102e-23, nan 
146.375, 82.125, 1.0813921088161065e-23, nan 
146.625, 82.125, 1.25950717967159e-23, nan 
146.875, 82.125, 1.2051743889635727e-23, nan 
147.125, 82.125, 1.0780287520521089e-23, nan 
147.375, 82.125, 1.0679968839537394e-23, nan 
147.625, 82.125, 1.0704241653392e-23, nan 
147.875, 82.125, 9.90021752339305e-24, nan 
148.125, 82.125, 8.485509870149888e-24, nan 
148.375, 82.125, 9.873066596463909e-24, nan 
148.625, 82.125, 9.763861763885821e-24, nan 
148.875, 82.125, 9.421147025263507e-24, nan 
149.125, 82.125, 9.288214526292434e-24, nan 
149.375, 82.125, 8.65494760792241e-24, nan 
149.625, 82.125, 8.829083905011663e-24, nan 
149.875, 82.125, 9.476819622013163e-24, nan 
150.125, 82.125, 8.989749973235535e-24, nan 
150.375, 82.125, 8.701693461549817e-24, nan 
150.625, 82.125, 9.658923355022887e-24, nan 
150.875, 82.125, 1.0180310620537947e-23, nan 
151.125, 82.125, 8.550911737672814e-24, nan 
151.375, 82.125, 8.330772870836433e-24, nan 
151.625, 82.125, 8.36140920012316e-24, nan 
151.875, 82.125, 7.92612966852478e-24, nan 
152.125, 82.125, 7.543934323341775e-24, nan 
152.375, 82.125, 6.555381976728953e-24, nan 
152.625, 82.125, 7.614287581849412e-24, nan 
152.875, 82.125, 7.822765537539015e-24, nan 
153.125, 82.125, 7.80690331862257e-24, nan 
153.375, 82.125, 7.183393504826352e-24, nan 
153.625, 82.125, 6.909723439635348e-24, nan 
153.875, 82.125, 6.896712436804913e-24, nan 
154.125, 82.125, 6.577497259463158e-24, nan 
154.375, 82.125, 7.101909431634914e-24, nan 
154.625, 82.125, 6.871037541116107e-24, nan 
154.875, 82.125, 6.23303624010732e-24, nan 
155.125, 82.125, 6.291486916974175e-24, nan 
155.375, 82.125, 6.614397719642472e-24, nan 
155.625, 82.125, 6.084067995200717e-24, nan 
155.875, 82.125, 5.400410112603017e-24, nan 
156.125, 82.125, 5.374416639784025e-24, nan 
156.375, 82.125, 6.004379019889414e-24, nan 
156.625, 82.125, 6.333435326343302e-24, nan 
156.875, 82.125, 5.865420038368386e-24, nan 
157.125, 82.125, 5.309699250696963e-24, nan 
157.375, 82.125, 5.5491271339839856e-24, nan 
157.625, 82.125, 5.7281160909580305e-24, nan 
157.875, 82.125, 5.101300838973329e-24, nan 
158.125, 82.125, 4.654946635859364e-24, nan 
158.375, 82.125, 5.103525945590002e-24, nan 
158.625, 82.125, 5.207579050079435e-24, nan 
158.875, 82.125, 4.9480164573067895e-24, nan 
159.125, 82.125, 4.847282675043775e-24, nan 
159.375, 82.125, 4.764814606092146e-24, nan 
159.625, 82.125, 5.247220182794074e-24, nan 
159.875, 82.125, 4.5589302507444495e-24, nan 
160.125, 82.125, 4.155468371766841e-24, nan 
160.375, 82.125, 4.599705837908726e-24, nan 
160.625, 82.125, 4.7201366349263096e-24, nan 
160.875, 82.125, 4.6308740839467044e-24, nan 
161.125, 82.125, 4.210842104961406e-24, nan 
161.375, 82.125, 3.977058059824734e-24, nan 
161.625, 82.125, 4.182462245719818e-24, nan 
161.875, 82.125, 4.34033033167838e-24, nan 
162.125, 82.125, 3.998302134116883e-24, nan 
162.375, 82.125, 3.791412518124269e-24, nan 
162.625, 82.125, 4.175969230094859e-24, nan 
162.875, 82.125, 4.194368619999894e-24, nan 
163.125, 82.125, 4.06862014565781e-24, nan 
163.375, 82.125, 3.751572636834929e-24, nan 
163.625, 82.125, 3.706116505131053e-24, nan 
163.875, 82.125, 4.030702804878868e-24, nan 
164.125, 82.125, 3.5294454210700525e-24, nan 
164.375, 82.125, 3.349933744559034e-24, nan 
164.625, 82.125, 3.761807049421231e-24, nan 
164.875, 82.125, 3.6252782979749574e-24, nan 
165.125, 82.125, 3.667364410382771e-24, nan 
165.375, 82.125, 3.643100887229534e-24, nan 
165.625, 82.125, 3.439791265990778e-24, nan 
165.875, 82.125, 3.5910219709735906e-24, nan 
166.125, 82.125, 3.3920280877254814e-24, nan 
166.375, 82.125, 3.717024433287941e-24, nan 
166.625, 82.125, 3.472656975185478e-24, nan 
166.875, 82.125, 3.2160128124798057e-24, nan 
167.125, 82.125, 3.1595568768863743e-24, nan 
167.375, 82.125, 3.2118370144946032e-24, nan 
167.625, 82.125, 3.2891445938812863e-24, nan 
167.875, 82.125, 3.327101345933801e-24, nan 
168.125, 82.125, 3.2665293803442057e-24, nan 
168.375, 82.125, 3.424698982078006e-24, nan 
168.625, 82.125, 3.2798126153217488e-24, nan 
168.875, 82.125, 3.149783446928414e-24, nan 
169.125, 82.125, 3.131132314120505e-24, nan 
169.375, 82.125, 3.051191454312651e-24, nan 
169.625, 82.125, 3.007682299383523e-24, nan 
169.875, 82.125, 3.1940629790932747e-24, nan 
170.125, 82.125, 2.960794506268994e-24, nan 
170.375, 82.125, 3.019484407840384e-24, nan 
170.625, 82.125, 2.9980896539152397e-24, nan 
170.875, 82.125, 3.2774092741701975e-24, nan 
171.125, 82.125, 3.2125205151956674e-24, nan 
171.375, 82.125, 2.880763996239987e-24, nan 
171.625, 82.125, 2.958493253729377e-24, nan 
171.875, 82.125, 3.038046707927202e-24, nan 
172.125, 82.125, 2.9109435492516867e-24, nan 
172.375, 82.125, 2.6930680925655974e-24, nan 
172.625, 82.125, 2.956920598622994e-24, nan 
172.875, 82.125, 3.1866146333350915e-24, nan 
173.125, 82.125, 3.0463206422017433e-24, nan 
173.375, 82.125, 2.511108744447681e-24, nan 
173.625, 82.125, 2.554109480886407e-24, nan 
173.875, 82.125, 2.783099806184303e-24, nan 
174.125, 82.125, 2.6064882483665947e-24, nan 
174.375, 82.125, 2.530370320537027e-24, nan 
174.625, 82.125, 2.4785809665898455e-24, nan 
174.875, 82.125, 2.3293024961222046e-24, nan 
175.125, 82.125, 2.3606225163905637e-24, nan 
175.375, 82.125, 2.0311394985619024e-24, nan 
175.625, 82.125, 1.8393865023303345e-24, nan 
175.875, 82.125, 1.759250436770149e-24, nan 
176.125, 82.125, 1.751462870001174e-24, nan 
176.375, 82.125, 1.4508869639967176e-24, nan 
176.625, 82.125, 1.4456911472572755e-24, nan 
176.875, 82.125, 1.6767581635492475e-24, nan 
177.125, 82.125, 1.7583398425248874e-24, nan 
177.375, 82.125, 1.6006771856748048e-24, nan 
177.625, 82.125, 1.3809308669028748e-24, nan 
177.875, 82.125, 1.3585857854270183e-24, nan 
178.125, 82.125, 1.4716128451068188e-24, nan 
178.375, 82.125, 1.5270082760626693e-24, nan 
178.625, 82.125, 1.3604803589012033e-24, nan 
178.875, 82.125, 1.364325419534098e-24, nan 
179.125, 82.125, 1.5609985679678353e-24, nan 
179.375, 82.125, 1.5881618043552307e-24, nan 
179.625, 82.125, 1.3527788263922393e-24, nan 
179.875, 82.125, 1.2335090951105033e-24, nan 
-179.875, 82.375, 1.0037274156938074e-24, nan 
-179.625, 82.375, 9.52193346153063e-25, nan 
-179.375, 82.375, 8.646539331943172e-25, nan 
-179.125, 82.375, 9.533584160903501e-25, nan 
-178.875, 82.375, 9.226936637577384e-25, nan 
-178.625, 82.375, 8.305142418500989e-25, nan 
-178.375, 82.375, 7.632842648751531e-25, nan 
-178.125, 82.375, 7.960019418109268e-25, nan 
-177.875, 82.375, 9.230913045795687e-25, nan 
-177.625, 82.375, 9.543638111612775e-25, nan 
-177.375, 82.375, 8.1327722498803135e-25, nan 
-177.125, 82.375, 8.869651274367614e-25, nan 
-176.875, 82.375, 1.0104868729775053e-24, nan 
-176.625, 82.375, 9.448943838901102e-25, nan 
-176.375, 82.375, 9.474061441606994e-25, nan 
-176.125, 82.375, 8.96541482083822e-25, nan 
-175.875, 82.375, 9.53592010371823e-25, nan 
-175.625, 82.375, 1.0615292763377716e-24, nan 
-175.375, 82.375, 1.0260057392135903e-24, nan 
-175.125, 82.375, 1.0113173200632886e-24, nan 
-174.875, 82.375, 9.788646110282398e-25, nan 
-174.625, 82.375, 1.0206557967179792e-24, nan 
-174.375, 82.375, 9.265724323215622e-25, nan 
-174.125, 82.375, 9.680816318184086e-25, nan 
-173.875, 82.375, 1.089865726958174e-24, nan 
-173.625, 82.375, 1.017125282231833e-24, nan 
-173.375, 82.375, 1.0367836767953707e-24, nan 
-173.125, 82.375, 9.269356081502034e-25, nan 
-172.875, 82.375, 7.935661780242261e-25, nan 
-172.625, 82.375, 1.0612808741406084e-24, nan 
-172.375, 82.375, 1.063956515258157e-24, nan 
-172.125, 82.375, 1.0007961789246447e-24, nan 
-171.875, 82.375, 9.09065172719674e-25, nan 
14.375, 82.375, 1.3668727396270817e-24, nan 
14.625, 82.375, 1.4066913190715218e-24, nan 
14.875, 82.375, 1.3412092147946045e-24, nan 
15.125, 82.375, 1.4155421529957683e-24, nan 
15.375, 82.375, 1.554446429270578e-24, nan 
15.625, 82.375, 1.5413762089075633e-24, nan 
15.875, 82.375, 1.7935153105884295e-24, nan 
16.125, 82.375, 1.7122354106190065e-24, nan 
16.375, 82.375, 1.6225208680196985e-24, nan 
16.625, 82.375, 1.6336827267916206e-24, nan 
16.875, 82.375, 1.8547101670470692e-24, nan 
17.125, 82.375, 1.9526759503948134e-24, nan 
17.375, 82.375, 1.804123076545205e-24, nan 
17.625, 82.375, 1.844806946976169e-24, nan 
17.875, 82.375, 1.7999051342616855e-24, nan 
18.125, 82.375, 1.8062062058511768e-24, nan 
18.375, 82.375, 1.838866840909101e-24, nan 
18.625, 82.375, 1.7179770259434796e-24, nan 
18.875, 82.375, 1.6833259857849708e-24, nan 
19.125, 82.375, 1.7497767068451733e-24, nan 
19.375, 82.375, 1.757954878421021e-24, nan 
19.625, 82.375, 1.6185917908023408e-24, nan 
19.875, 82.375, 1.6020074726394974e-24, nan 
20.125, 82.375, 1.7091797446477428e-24, nan 
20.375, 82.375, 1.6540505366778384e-24, nan 
20.625, 82.375, 1.5635760964733528e-24, nan 
20.875, 82.375, 1.5215777482345762e-24, nan 
21.125, 82.375, 1.645051277691967e-24, nan 
21.375, 82.375, 1.6028175629805986e-24, nan 
21.625, 82.375, 1.4303974259804293e-24, nan 
21.875, 82.375, 1.2731557599237875e-24, nan 
22.125, 82.375, 1.3299793058761028e-24, nan 
22.375, 82.375, 1.4538227218941004e-24, nan 
22.625, 82.375, 1.357219525610411e-24, nan 
22.875, 82.375, 1.2358923438260283e-24, nan 
23.125, 82.375, 1.3624026073901934e-24, nan 
23.375, 82.375, 1.2502778474210932e-24, nan 
23.625, 82.375, 1.2031753166754967e-24, nan 
23.875, 82.375, 1.0300983587783773e-24, nan 
24.125, 82.375, 9.92920835524793e-25, nan 
24.375, 82.375, 1.001880982104549e-24, nan 
24.625, 82.375, 9.110343416194659e-25, nan 
24.875, 82.375, 5.534300958644952e-25, nan 
25.125, 82.375, 7.801199389670406e-25, nan 
25.375, 82.375, 1.035025315794797e-24, nan 
25.625, 82.375, 1.1605874105171139e-24, nan 
25.875, 82.375, 1.95139496021251e-24, nan 
26.125, 82.375, 2.7233262724350296e-24, nan 
26.375, 82.375, 2.946594526105808e-24, nan 
26.625, 82.375, 3.2012649712736446e-24, nan 
26.875, 82.375, 4.557402448865772e-24, nan 
27.125, 82.375, 6.164191237583757e-24, nan 
27.375, 82.375, 6.777538842961652e-24, nan 
27.625, 82.375, 6.694646154564126e-24, nan 
27.875, 82.375, 5.327976256731008e-24, nan 
28.125, 82.375, 6.5986240835206445e-24, nan 
28.375, 82.375, 8.414398218227866e-24, nan 
28.625, 82.375, 6.966400512537164e-24, nan 
28.875, 82.375, 2.7034965805436103e-24, nan 
29.125, 82.375, 2.3045576421661697e-24, nan 
29.375, 82.375, 6.2714723811746914e-24, nan 
29.625, 82.375, 3.5329209698410715e-24, nan 
29.875, 82.375, 4.728926314168683e-24, nan 
30.125, 82.375, 7.313401677883046e-24, nan 
30.375, 82.375, 7.593775191381933e-24, nan 
30.625, 82.375, 9.92868751949624e-24, nan 
30.875, 82.375, 1.059836563243491e-23, nan 
31.125, 82.375, 1.3957792605006866e-23, nan 
31.375, 82.375, 1.7020417855361496e-23, nan 
31.625, 82.375, 2.3830951786887287e-23, nan 
31.875, 82.375, 2.401602968748086e-23, nan 
32.125, 82.375, 2.764088197527013e-23, nan 
32.375, 82.375, 2.894632142768722e-23, nan 
32.625, 82.375, 2.967792382158885e-23, nan 
32.875, 82.375, 2.1562329395257054e-23, nan 
33.125, 82.375, 1.3273446799540424e-23, nan 
33.375, 82.375, 2.8020165147722907e-23, nan 
33.625, 82.375, 3.208380826062303e-23, nan 
33.875, 82.375, 3.9281965957962555e-23, nan 
34.125, 82.375, 4.128021794964471e-23, nan 
34.375, 82.375, 4.603440852883343e-23, nan 
34.625, 82.375, 3.0922677263321253e-23, nan 
34.875, 82.375, 2.1358171512364432e-23, nan 
35.125, 82.375, 2.866904153799615e-23, nan 
35.375, 82.375, 4.2626458613397336e-23, nan 
35.625, 82.375, 3.065524671448412e-23, nan 
35.875, 82.375, 2.5416774185178623e-23, nan 
36.125, 82.375, 2.760392674007519e-23, nan 
36.375, 82.375, 3.221097889232185e-23, nan 
36.625, 82.375, 3.087986912437695e-23, nan 
36.875, 82.375, 2.7695010405058744e-23, nan 
37.125, 82.375, 4.4409671843704587e-23, nan 
37.375, 82.375, 4.128354121028568e-23, nan 
37.625, 82.375, 3.268000853164892e-23, nan 
37.875, 82.375, 4.6987722139431355e-23, nan 
38.125, 82.375, 5.755321502625827e-23, nan 
38.375, 82.375, 4.3721436806412864e-23, nan 
38.625, 82.375, 4.8477269009586857e-23, nan 
38.875, 82.375, 4.756398700736999e-23, nan 
39.125, 82.375, 4.5399341731784644e-23, nan 
39.375, 82.375, 3.902982934821184e-23, nan 
39.625, 82.375, 3.3167275405597e-23, nan 
39.875, 82.375, 4.3674465755588036e-23, nan 
40.125, 82.375, 3.454924707390454e-23, nan 
40.375, 82.375, 3.6810529576916864e-23, nan 
40.625, 82.375, 3.429709924546698e-23, nan 
40.875, 82.375, 2.993444397263057e-23, nan 
41.125, 82.375, 2.746705147717408e-23, nan 
41.375, 82.375, 2.1896183230720124e-23, nan 
41.625, 82.375, 2.4603694651023968e-23, nan 
41.875, 82.375, 2.781071084930008e-23, nan 
42.125, 82.375, 1.838596769469647e-23, nan 
42.375, 82.375, 2.2902861635484508e-23, nan 
42.625, 82.375, 2.933149687219898e-23, nan 
42.875, 82.375, 2.812332744782792e-23, nan 
43.125, 82.375, 2.1782160886981476e-23, nan 
43.375, 82.375, 2.466490995107178e-23, nan 
43.625, 82.375, 2.564796342176585e-23, nan 
43.875, 82.375, 1.9916446978221222e-23, nan 
44.125, 82.375, 2.4309883752331054e-23, nan 
44.375, 82.375, 3.8319120256756544e-23, nan 
44.625, 82.375, 3.385782186839686e-23, nan 
44.875, 82.375, 2.1679588685884754e-23, nan 
45.125, 82.375, 2.09280349771095e-23, nan 
45.375, 82.375, 1.271804091469412e-23, nan 
45.625, 82.375, 1.6551300558110762e-23, nan 
45.875, 82.375, 2.195674440270881e-23, nan 
46.125, 82.375, 4.650017192686589e-23, nan 
46.375, 82.375, 3.6935795449261615e-23, nan 
46.625, 82.375, 3.983069076748513e-23, nan 
46.875, 82.375, 3.834050856117162e-23, nan 
47.125, 82.375, 2.545191399511925e-23, nan 
47.375, 82.375, 2.3846612588216262e-23, nan 
47.625, 82.375, 2.819024762605573e-23, nan 
47.875, 82.375, 4.062939424899591e-23, nan 
48.125, 82.375, 3.3654467781275313e-23, nan 
48.375, 82.375, 4.710758548291252e-23, nan 
48.625, 82.375, 4.5849463194588014e-23, nan 
48.875, 82.375, 3.327996432908367e-23, nan 
49.125, 82.375, 3.8882089010077145e-23, nan 
49.375, 82.375, 3.845429165719558e-23, nan 
49.625, 82.375, 3.741917898304324e-23, nan 
49.875, 82.375, 2.7866187622493797e-23, nan 
50.125, 82.375, 2.8443522345680323e-23, nan 
50.375, 82.375, 2.39511023026416e-23, nan 
50.625, 82.375, 2.0881422165226397e-23, nan 
50.875, 82.375, 1.5270463285817796e-23, nan 
51.125, 82.375, 2.1783969157218928e-23, nan 
51.375, 82.375, 1.9858506907687776e-23, nan 
51.625, 82.375, 1.995265203557877e-23, nan 
51.875, 82.375, 1.6601535745358207e-23, nan 
52.125, 82.375, 1.1627220382275538e-23, nan 
52.375, 82.375, 6.036759259951642e-24, nan 
52.625, 82.375, 5.16542651965489e-24, nan 
52.875, 82.375, 1.2489639038862669e-23, nan 
53.125, 82.375, 1.15040195868446e-23, nan 
53.375, 82.375, 1.4163679545665072e-23, nan 
53.625, 82.375, 1.8487532873252494e-23, nan 
53.875, 82.375, 2.0160708371588545e-23, nan 
54.125, 82.375, 2.2553507972832504e-23, nan 
54.375, 82.375, 2.0911817406332822e-23, nan 
54.625, 82.375, 2.3105010465229204e-23, nan 
54.875, 82.375, 4.519328440483825e-23, nan 
55.125, 82.375, 3.980911407312462e-23, nan 
55.375, 82.375, 5.1349955318237787e-23, nan 
55.625, 82.375, 5.888981228004545e-23, nan 
55.875, 82.375, 7.689459655504664e-23, nan 
56.125, 82.375, 7.644411718002638e-23, nan 
56.375, 82.375, 8.855948048939596e-23, nan 
56.625, 82.375, 7.916467345744709e-23, nan 
56.875, 82.375, 5.688503362625383e-23, nan 
57.125, 82.375, 5.1180030095180424e-23, nan 
57.375, 82.375, 7.585317063632873e-23, nan 
57.625, 82.375, 8.572577428743289e-23, nan 
57.875, 82.375, 1.0674276496278076e-22, nan 
58.125, 82.375, 1.4473077242679798e-22, nan 
58.375, 82.375, 1.505489160815261e-22, nan 
58.625, 82.375, 1.2434865552241617e-22, nan 
58.875, 82.375, 1.1938513062832041e-22, nan 
59.125, 82.375, 1.5663249107386948e-22, nan 
59.375, 82.375, 1.5547828249094292e-22, nan 
59.625, 82.375, 1.2954197476253814e-22, nan 
59.875, 82.375, 1.3057065124660263e-22, nan 
60.125, 82.375, 1.4762906034281675e-22, nan 
60.375, 82.375, 1.4314422503818091e-22, nan 
60.625, 82.375, 1.421795223250978e-22, nan 
60.875, 82.375, 1.2308971445472102e-22, nan 
61.125, 82.375, 1.353296955557984e-22, nan 
61.375, 82.375, 1.8685859610609498e-22, nan 
61.625, 82.375, 2.0510270712955792e-22, nan 
61.875, 82.375, 2.0749841598608012e-22, nan 
62.125, 82.375, 1.7576920044741819e-22, nan 
62.375, 82.375, 1.8371833201189e-22, nan 
62.625, 82.375, 1.7525635664731865e-22, nan 
62.875, 82.375, 1.6885101383508664e-22, nan 
63.125, 82.375, 2.0831627648029554e-22, nan 
63.375, 82.375, 2.129952419654184e-22, nan 
63.625, 82.375, 1.9835406257729644e-22, nan 
63.875, 82.375, 1.3303587945986006e-22, nan 
64.125, 82.375, 1.1893967778001594e-22, nan 
64.375, 82.375, 9.697761653970747e-23, nan 
64.625, 82.375, 2.851788777935001e-23, nan 
64.875, 82.375, 8.260031629589795e-24, nan 
65.125, 82.375, 1.1040476153347836e-23, nan 
65.375, 82.375, 1.0625832614279755e-23, nan 
65.625, 82.375, 2.4076641420006618e-23, nan 
65.875, 82.375, 5.300721613944698e-23, nan 
66.125, 82.375, 7.68553637652837e-23, nan 
66.375, 82.375, 7.172440415534402e-23, nan 
66.625, 82.375, 7.908191118867852e-23, nan 
66.875, 82.375, 1.035241705356596e-22, nan 
67.125, 82.375, 1.2404757166808482e-22, nan 
67.375, 82.375, 1.2985787636570466e-22, nan 
67.625, 82.375, 1.4481870621558627e-22, nan 
67.875, 82.375, 1.2668124485972197e-22, nan 
68.125, 82.375, 9.118802225843942e-23, nan 
68.375, 82.375, 9.876134135285506e-23, nan 
68.625, 82.375, 1.064908459066779e-22, nan 
68.875, 82.375, 1.253211072866805e-22, nan 
69.125, 82.375, 1.3983962985470847e-22, nan 
69.375, 82.375, 1.8482952604549227e-22, nan 
69.625, 82.375, 1.9808146369355782e-22, nan 
69.875, 82.375, 1.5060520217117702e-22, nan 
70.125, 82.375, 1.9688236247761048e-22, nan 
70.375, 82.375, 2.1462040742551377e-22, nan 
70.625, 82.375, 2.244248662001862e-22, nan 
70.875, 82.375, 2.4161064488633807e-22, nan 
71.125, 82.375, 2.1624394239844093e-22, nan 
71.375, 82.375, 2.707306890075808e-22, nan 
71.625, 82.375, 2.9789776910439036e-22, nan 
71.875, 82.375, 2.1339484528058827e-22, nan 
72.125, 82.375, 1.7939477602763576e-22, nan 
72.375, 82.375, 1.4457678443994975e-22, nan 
72.625, 82.375, 1.3901189751963564e-22, nan 
72.875, 82.375, 2.119016038778868e-22, nan 
73.125, 82.375, 2.285373474837466e-22, nan 
73.375, 82.375, 2.8378182833726303e-22, nan 
73.625, 82.375, 2.244683016888593e-22, nan 
73.875, 82.375, 2.8738696901378747e-22, nan 
74.125, 82.375, 3.100371505948796e-22, nan 
74.375, 82.375, 3.2082192070904734e-22, nan 
74.625, 82.375, 2.6076846563168284e-22, nan 
74.875, 82.375, 1.425048159399156e-22, nan 
75.125, 82.375, 1.518862447622076e-22, nan 
75.375, 82.375, 1.1622726476095113e-22, nan 
75.625, 82.375, 1.0364412922225947e-22, nan 
75.875, 82.375, 1.290913701251603e-22, nan 
76.125, 82.375, 8.520410062403599e-23, nan 
76.375, 82.375, 1.1803236351026209e-22, nan 
76.625, 82.375, 8.730279453279686e-23, nan 
76.875, 82.375, 9.789862168773812e-23, nan 
77.125, 82.375, 8.85314228154836e-23, nan 
77.375, 82.375, 8.683919117516702e-23, nan 
77.625, 82.375, 2.5383696636854488e-22, nan 
77.875, 82.375, 2.4487208158074357e-22, nan 
78.125, 82.375, 2.0227297885451567e-22, nan 
78.375, 82.375, 2.4867014747231064e-22, nan 
78.625, 82.375, 2.694120267672632e-22, nan 
78.875, 82.375, 2.6716283653099653e-22, nan 
79.125, 82.375, 2.4539535723419224e-22, nan 
79.375, 82.375, 1.8161168269862903e-22, nan 
79.625, 82.375, 1.5671676217009664e-22, nan 
79.875, 82.375, 1.4382215090272445e-22, nan 
80.125, 82.375, 1.7387904441072695e-22, nan 
80.375, 82.375, 1.8862161814821789e-22, nan 
80.625, 82.375, 2.155381448634639e-22, nan 
80.875, 82.375, 2.270738376426801e-22, nan 
81.125, 82.375, 2.2696927457968965e-22, nan 
81.375, 82.375, 1.2591997164785612e-22, nan 
81.625, 82.375, 2.1253254906479335e-22, nan 
81.875, 82.375, 1.7501186548003137e-22, nan 
82.125, 82.375, 1.9805003914863111e-22, nan 
82.375, 82.375, 2.166568035122045e-22, nan 
82.625, 82.375, 2.3662946702753815e-22, nan 
82.875, 82.375, 2.3461806539913267e-22, nan 
83.125, 82.375, 1.8293831922639198e-22, nan 
83.375, 82.375, 2.4080066674738434e-22, nan 
83.625, 82.375, 1.9046523190918322e-22, nan 
83.875, 82.375, 2.0426998803745727e-22, nan 
84.125, 82.375, 2.1865537612422553e-22, nan 
84.375, 82.375, 1.8357307832650733e-22, nan 
84.625, 82.375, 1.687848126066151e-22, nan 
84.875, 82.375, 1.9692886204255367e-22, nan 
85.125, 82.375, 1.9322630451806035e-22, nan 
85.375, 82.375, 2.118039852819978e-22, nan 
85.625, 82.375, 2.5844549902775494e-22, nan 
85.875, 82.375, 2.498161333911854e-22, nan 
86.125, 82.375, 2.406133740947556e-22, nan 
86.375, 82.375, 2.7350833948957e-22, nan 
86.625, 82.375, 2.643956731677851e-22, nan 
86.875, 82.375, 2.357595139750311e-22, nan 
87.125, 82.375, 3.7050929692702036e-22, nan 
87.375, 82.375, 2.1450415542444834e-22, nan 
87.625, 82.375, 1.5021876616737092e-22, nan 
87.875, 82.375, 1.0891826673468011e-22, nan 
88.125, 82.375, 9.483134455895862e-23, nan 
88.375, 82.375, 1.223875411787971e-22, nan 
88.625, 82.375, 1.3046615394289272e-22, nan 
88.875, 82.375, 1.2959366798470418e-22, nan 
89.125, 82.375, 1.0494815026826035e-22, nan 
89.375, 82.375, 1.0209408016968743e-22, nan 
89.625, 82.375, 8.76814976909658e-23, nan 
89.875, 82.375, 8.807067671151249e-23, nan 
90.125, 82.375, 1.1806898493784634e-22, nan 
90.375, 82.375, 3.3932310202976896e-22, nan 
90.625, 82.375, 3.4930341255956866e-22, nan 
90.875, 82.375, 3.683797000381859e-22, nan 
91.125, 82.375, 3.77741008119364e-22, nan 
91.375, 82.375, 3.934737347075116e-22, nan 
91.625, 82.375, 4.515541628913902e-22, nan 
91.875, 82.375, 4.1476636654118025e-22, nan 
92.125, 82.375, 3.4189017042002417e-22, nan 
92.375, 82.375, 3.644063862229412e-22, nan 
92.625, 82.375, 4.305513896345651e-22, nan 
92.875, 82.375, 3.8081103098828566e-22, nan 
93.125, 82.375, 4.2786151780912025e-22, nan 
93.375, 82.375, 3.990147479620193e-22, nan 
93.625, 82.375, 3.657251238402102e-22, nan 
93.875, 82.375, 3.4667159341778742e-22, nan 
94.125, 82.375, 3.445096557162814e-22, nan 
94.375, 82.375, 3.295410821216155e-22, nan 
94.625, 82.375, 3.19982658149533e-22, nan 
94.875, 82.375, 2.7776327228725974e-22, nan 
95.125, 82.375, 2.937575444497948e-22, nan 
95.375, 82.375, 2.6919292658544355e-22, nan 
95.625, 82.375, 3.092529466318668e-22, nan 
95.875, 82.375, 3.2804421226924093e-22, nan 
96.125, 82.375, 3.080003437681695e-22, nan 
96.375, 82.375, 3.5961805446620546e-22, nan 
96.625, 82.375, 3.464890994223936e-22, nan 
96.875, 82.375, 2.994588071349024e-22, nan 
97.125, 82.375, 3.1119294787466283e-22, nan 
97.375, 82.375, 3.034293696389854e-22, nan 
97.625, 82.375, 3.0258911963938464e-22, nan 
97.875, 82.375, 3.4719737897129507e-22, nan 
98.125, 82.375, 3.4174138067753283e-22, nan 
98.375, 82.375, 2.727768747320394e-22, nan 
98.625, 82.375, 2.8036223227950027e-22, nan 
98.875, 82.375, 2.9903759898191446e-22, nan 
99.125, 82.375, 2.4399708047302135e-22, nan 
99.375, 82.375, 2.1601350399766037e-22, nan 
99.625, 82.375, 2.26043813996425e-22, nan 
99.875, 82.375, 2.3294244589208676e-22, nan 
100.125, 82.375, 2.085096644604636e-22, nan 
100.375, 82.375, 2.146736921977996e-22, nan 
100.625, 82.375, 2.643520940948113e-22, nan 
100.875, 82.375, 2.148610310565615e-22, nan 
101.125, 82.375, 2.286593580403856e-22, nan 
101.375, 82.375, 2.3659375110311987e-22, nan 
101.625, 82.375, 2.4311467625750694e-22, nan 
101.875, 82.375, 2.394620759608776e-22, nan 
102.125, 82.375, 2.461542786197431e-22, nan 
102.375, 82.375, 3.3886135374049104e-22, nan 
102.625, 82.375, 2.856874837774653e-22, nan 
102.875, 82.375, 3.345136271269009e-22, nan 
103.125, 82.375, 2.703960645870452e-22, nan 
103.375, 82.375, 2.758940253024335e-22, nan 
103.625, 82.375, 2.6074240617972114e-22, nan 
103.875, 82.375, 2.81076424372107e-22, nan 
104.125, 82.375, 2.6120109303948557e-22, nan 
104.375, 82.375, 2.639700347890048e-22, nan 
104.625, 82.375, 2.1364277066273864e-22, nan 
104.875, 82.375, 2.2403093250364693e-22, nan 
105.125, 82.375, 2.0509864487545492e-22, nan 
105.375, 82.375, 2.1030659682571608e-22, nan 
105.625, 82.375, 1.8971134387947085e-22, nan 
105.875, 82.375, 1.9047069148361113e-22, nan 
106.125, 82.375, 2.0786584611072538e-22, nan 
106.375, 82.375, 2.428390096851412e-22, nan 
106.625, 82.375, 2.638171115679836e-22, nan 
106.875, 82.375, 2.769513087712311e-22, nan 
107.125, 82.375, 3.147172294350354e-22, nan 
107.375, 82.375, 3.607685133211237e-22, nan 
107.625, 82.375, 3.820374077730477e-22, nan 
107.875, 82.375, 4.1217740711754055e-22, nan 
108.125, 82.375, 4.307423645599683e-22, nan 
108.375, 82.375, 4.262143602914223e-22, nan 
108.625, 82.375, 4.136961868470984e-22, nan 
108.875, 82.375, 3.9097280123468613e-22, nan 
109.125, 82.375, 3.557770254724068e-22, nan 
109.375, 82.375, 3.2009976948217844e-22, nan 
109.625, 82.375, 2.9992948534605877e-22, nan 
109.875, 82.375, 3.0098179085106943e-22, nan 
110.125, 82.375, 2.889513203643143e-22, nan 
110.375, 82.375, 2.8122573469881456e-22, nan 
110.625, 82.375, 2.5563422351285785e-22, nan 
110.875, 82.375, 2.3682857838713045e-22, nan 
111.125, 82.375, 2.204998812262447e-22, nan 
111.375, 82.375, 1.8685438391986317e-22, nan 
111.625, 82.375, 1.8499989942532304e-22, nan 
111.875, 82.375, 1.428325410931306e-22, nan 
112.125, 82.375, 1.2196053090346229e-22, nan 
112.375, 82.375, 6.076729327697652e-23, nan 
112.625, 82.375, 1.2152716441751775e-22, nan 
112.875, 82.375, 1.1680186466965477e-22, nan 
113.125, 82.375, 9.187012176521657e-23, nan 
113.375, 82.375, 4.759478892774647e-23, nan 
113.625, 82.375, 7.660152369130621e-23, nan 
113.875, 82.375, 6.677221794282414e-23, nan 
114.125, 82.375, 3.045471309736958e-23, nan 
114.375, 82.375, 2.1692123495700786e-23, nan 
114.625, 82.375, 2.744975628737823e-23, nan 
114.875, 82.375, 3.240874700545904e-23, nan 
115.125, 82.375, 3.6291222955915215e-23, nan 
115.375, 82.375, 3.427178947761865e-23, nan 
115.625, 82.375, 3.538424478016184e-23, nan 
115.875, 82.375, 3.052104486603295e-23, nan 
116.125, 82.375, 3.4039085343051885e-23, nan 
116.375, 82.375, 3.7688853188841656e-23, nan 
116.625, 82.375, 3.634499422366143e-23, nan 
116.875, 82.375, 3.72270330723499e-23, nan 
117.125, 82.375, 4.078182782421399e-23, nan 
117.375, 82.375, 3.4764642124205155e-23, nan 
117.625, 82.375, 3.6467287006994194e-23, nan 
117.875, 82.375, 4.257115669952146e-23, nan 
118.125, 82.375, 5.308977363004495e-23, nan 
118.375, 82.375, 4.096598968550465e-23, nan 
118.625, 82.375, 2.9931745810298445e-23, nan 
118.875, 82.375, 2.7875232996639525e-23, nan 
119.125, 82.375, 3.158546152526025e-23, nan 
119.375, 82.375, 3.095697037864847e-23, nan 
119.625, 82.375, 2.950989206363956e-23, nan 
119.875, 82.375, 1.870592802583506e-23, nan 
120.125, 82.375, 1.5750685844769342e-23, nan 
120.375, 82.375, 1.5756942934560965e-23, nan 
120.625, 82.375, 1.2859783626016633e-23, nan 
120.875, 82.375, 1.0834237475582972e-23, nan 
121.125, 82.375, 9.234763178881212e-24, nan 
121.375, 82.375, 9.001767682635667e-24, nan 
121.625, 82.375, 1.570924564557877e-23, nan 
121.875, 82.375, 2.113801665345851e-23, nan 
122.125, 82.375, 1.7459350494815693e-23, nan 
122.375, 82.375, 2.3914540079042712e-23, nan 
122.625, 82.375, 2.5906732081941293e-23, nan 
122.875, 82.375, 2.745271804293932e-23, nan 
123.125, 82.375, 2.760531250149933e-23, nan 
123.375, 82.375, 3.360644256286956e-23, nan 
123.625, 82.375, 3.4205857945747056e-23, nan 
123.875, 82.375, 3.023566636767107e-23, nan 
124.125, 82.375, 2.6705320936773635e-23, nan 
124.375, 82.375, 2.977125456247554e-23, nan 
124.625, 82.375, 3.17885460393508e-23, nan 
124.875, 82.375, 3.450689748205178e-23, nan 
125.125, 82.375, 3.9238626695700633e-23, nan 
125.375, 82.375, 3.986617775859978e-23, nan 
125.625, 82.375, 3.8320936605756513e-23, nan 
125.875, 82.375, 3.4799621593083857e-23, nan 
126.125, 82.375, 3.7230486526272945e-23, nan 
126.375, 82.375, 3.634900496705621e-23, nan 
126.625, 82.375, 3.613992299378892e-23, nan 
126.875, 82.375, 3.456205255151753e-23, nan 
127.125, 82.375, 3.3104704484670476e-23, nan 
127.375, 82.375, 3.0251225002666225e-23, nan 
127.625, 82.375, 2.8381287478245125e-23, nan 
127.875, 82.375, 2.6093141208382372e-23, nan 
128.125, 82.375, 2.087439511912473e-23, nan 
128.375, 82.375, 1.539855002112423e-23, nan 
128.625, 82.375, 1.1001580192024901e-23, nan 
128.875, 82.375, 8.423138390317748e-24, nan 
129.125, 82.375, 8.820878948755925e-24, nan 
129.375, 82.375, 6.080130903784328e-24, nan 
129.625, 82.375, 7.540536747790318e-24, nan 
129.875, 82.375, 8.063695194982524e-24, nan 
130.125, 82.375, 7.215375641534715e-24, nan 
130.375, 82.375, 7.039597938593851e-24, nan 
130.625, 82.375, 7.368489277880789e-24, nan 
130.875, 82.375, 6.120537700692916e-24, nan 
131.125, 82.375, 3.5626141253957276e-24, nan 
131.375, 82.375, 5.2414452781444666e-24, nan 
131.625, 82.375, 3.9622801062347765e-24, nan 
131.875, 82.375, 5.860237169027148e-24, nan 
132.125, 82.375, 1.072431770643798e-23, nan 
132.375, 82.375, 1.2428627294520072e-23, nan 
132.625, 82.375, 1.3356778065487088e-23, nan 
132.875, 82.375, 1.728146351959526e-23, nan 
133.125, 82.375, 1.6425573894352907e-23, nan 
133.375, 82.375, 1.9280581264893157e-23, nan 
133.625, 82.375, 1.4502483184897907e-23, nan 
133.875, 82.375, 1.3153840879342004e-23, nan 
134.125, 82.375, 1.399592879744868e-23, nan 
134.375, 82.375, 1.4687646811498028e-23, nan 
134.625, 82.375, 1.9626124186603294e-23, nan 
134.875, 82.375, 1.7732938900685525e-23, nan 
135.125, 82.375, 1.9412859887779617e-23, nan 
135.375, 82.375, 1.7743785040166113e-23, nan 
135.625, 82.375, 1.331305445577822e-23, nan 
135.875, 82.375, 1.2073625234939595e-23, nan 
136.125, 82.375, 1.3830916648384345e-23, nan 
136.375, 82.375, 1.065818060493948e-23, nan 
136.625, 82.375, 9.167754744220989e-24, nan 
136.875, 82.375, 7.748384337641195e-24, nan 
137.125, 82.375, 7.13053403564134e-24, nan 
137.375, 82.375, 8.138228288720777e-24, nan 
137.625, 82.375, 7.966674786901466e-24, nan 
137.875, 82.375, 1.0356570556647241e-23, nan 
138.125, 82.375, 1.3277527593159115e-23, nan 
138.375, 82.375, 1.3224660266725961e-23, nan 
138.625, 82.375, 1.2011347475997084e-23, nan 
138.875, 82.375, 1.1752130193517039e-23, nan 
139.125, 82.375, 9.521327114856599e-24, nan 
139.375, 82.375, 1.0080221591456037e-23, nan 
139.625, 82.375, 1.158500990165774e-23, nan 
139.875, 82.375, 1.396817725482201e-23, nan 
140.125, 82.375, 1.3650501700605038e-23, nan 
140.375, 82.375, 1.2258850097202815e-23, nan 
140.625, 82.375, 1.2298500078548981e-23, nan 
140.875, 82.375, 1.1946642935692204e-23, nan 
141.125, 82.375, 1.1236726681495923e-23, nan 
141.375, 82.375, 9.83062301035262e-24, nan 
141.625, 82.375, 1.0392652658445178e-23, nan 
141.875, 82.375, 9.676175293472918e-24, nan 
142.125, 82.375, 8.8281749544725e-24, nan 
142.375, 82.375, 9.102016243685121e-24, nan 
142.625, 82.375, 1.175577295074022e-23, nan 
142.875, 82.375, 1.0684237528707163e-23, nan 
143.125, 82.375, 1.0069541545176819e-23, nan 
143.375, 82.375, 9.958796257253047e-24, nan 
143.625, 82.375, 9.738202897030315e-24, nan 
143.875, 82.375, 9.44039107617974e-24, nan 
144.125, 82.375, 8.299197607781717e-24, nan 
144.375, 82.375, 7.459326632496346e-24, nan 
144.625, 82.375, 7.009664611978849e-24, nan 
144.875, 82.375, 7.138081009864364e-24, nan 
145.125, 82.375, 6.941346944405226e-24, nan 
145.375, 82.375, 5.9756378959937435e-24, nan 
145.625, 82.375, 5.953527558238378e-24, nan 
145.875, 82.375, 7.248775901601764e-24, nan 
146.125, 82.375, 6.917796133344651e-24, nan 
146.375, 82.375, 7.226120094080313e-24, nan 
146.625, 82.375, 7.167759228459458e-24, nan 
146.875, 82.375, 7.549844328583013e-24, nan 
147.125, 82.375, 8.011286533859141e-24, nan 
147.375, 82.375, 8.027129762631311e-24, nan 
147.625, 82.375, 8.117094791160622e-24, nan 
147.875, 82.375, 8.202444519609596e-24, nan 
148.125, 82.375, 8.01470327355939e-24, nan 
148.375, 82.375, 7.607611980790857e-24, nan 
148.625, 82.375, 7.769107244983962e-24, nan 
148.875, 82.375, 8.347934241512992e-24, nan 
149.125, 82.375, 8.228583935713516e-24, nan 
149.375, 82.375, 7.303532866482262e-24, nan 
149.625, 82.375, 7.194446305859564e-24, nan 
149.875, 82.375, 7.00194871080569e-24, nan 
150.125, 82.375, 6.833532899236203e-24, nan 
150.375, 82.375, 6.409771923157148e-24, nan 
150.625, 82.375, 6.624663437413857e-24, nan 
150.875, 82.375, 6.314603195498549e-24, nan 
151.125, 82.375, 5.945053974322093e-24, nan 
151.375, 82.375, 6.059502944107303e-24, nan 
151.625, 82.375, 6.2246029496060295e-24, nan 
151.875, 82.375, 5.431999504813902e-24, nan 
152.125, 82.375, 5.321095941996841e-24, nan 
152.375, 82.375, 5.079286951225256e-24, nan 
152.625, 82.375, 5.168843493870115e-24, nan 
152.875, 82.375, 5.392639878117689e-24, nan 
153.125, 82.375, 4.980454931530816e-24, nan 
153.375, 82.375, 4.863807804693725e-24, nan 
153.625, 82.375, 4.871646508032711e-24, nan 
153.875, 82.375, 5.153213898555042e-24, nan 
154.125, 82.375, 4.715313932649628e-24, nan 
154.375, 82.375, 4.388332278037746e-24, nan 
154.625, 82.375, 4.8641970573940565e-24, nan 
154.875, 82.375, 4.702589555720223e-24, nan 
155.125, 82.375, 4.6157234647694835e-24, nan 
155.375, 82.375, 4.330540225237159e-24, nan 
155.625, 82.375, 4.552317456076817e-24, nan 
155.875, 82.375, 4.534084031398098e-24, nan 
156.125, 82.375, 4.3783015036577255e-24, nan 
156.375, 82.375, 3.993795473356325e-24, nan 
156.625, 82.375, 4.01514450190914e-24, nan 
156.875, 82.375, 3.990319128463158e-24, nan 
157.125, 82.375, 4.34966910685652e-24, nan 
157.375, 82.375, 4.069290560845939e-24, nan 
157.625, 82.375, 3.942550750846907e-24, nan 
157.875, 82.375, 4.1526877880782965e-24, nan 
158.125, 82.375, 3.780364208595127e-24, nan 
158.375, 82.375, 3.796210708777985e-24, nan 
158.625, 82.375, 3.89910879886012e-24, nan 
158.875, 82.375, 3.8653152988477486e-24, nan 
159.125, 82.375, 3.5249929514191456e-24, nan 
159.375, 82.375, 3.386008814044308e-24, nan 
159.625, 82.375, 3.3891109844671e-24, nan 
159.875, 82.375, 3.6481700996874595e-24, nan 
160.125, 82.375, 3.701464578678878e-24, nan 
160.375, 82.375, 3.629647421218412e-24, nan 
160.625, 82.375, 3.317604856638396e-24, nan 
160.875, 82.375, 3.242047533078732e-24, nan 
161.125, 82.375, 3.4018997472363494e-24, nan 
161.375, 82.375, 3.1882942256200086e-24, nan 
161.625, 82.375, 3.353486286325758e-24, nan 
161.875, 82.375, 3.051713492521817e-24, nan 
162.125, 82.375, 3.0978966133395452e-24, nan 
162.375, 82.375, 2.8795750935447076e-24, nan 
162.625, 82.375, 2.9255684419908832e-24, nan 
162.875, 82.375, 3.0553573832948443e-24, nan 
163.125, 82.375, 2.9137492301025875e-24, nan 
163.375, 82.375, 2.857565497669069e-24, nan 
163.625, 82.375, 2.9426726297893514e-24, nan 
163.875, 82.375, 2.7797979681468967e-24, nan 
164.125, 82.375, 2.945024193338394e-24, nan 
164.375, 82.375, 2.5849352226355133e-24, nan 
164.625, 82.375, 2.706398230394682e-24, nan 
164.875, 82.375, 2.5652113491247228e-24, nan 
165.125, 82.375, 2.472980389892063e-24, nan 
165.375, 82.375, 2.665110470826159e-24, nan 
165.625, 82.375, 2.373318841157016e-24, nan 
165.875, 82.375, 2.7703145130150832e-24, nan 
166.125, 82.375, 2.643076344952607e-24, nan 
166.375, 82.375, 2.3972600542145193e-24, nan 
166.625, 82.375, 2.5126398212041855e-24, nan 
166.875, 82.375, 2.6698137342197662e-24, nan 
167.125, 82.375, 2.433510812679644e-24, nan 
167.375, 82.375, 2.457962926177883e-24, nan 
167.625, 82.375, 2.200403467854653e-24, nan 
167.875, 82.375, 2.4864209846220507e-24, nan 
168.125, 82.375, 2.5864173584929895e-24, nan 
168.375, 82.375, 2.4531683794617115e-24, nan 
168.625, 82.375, 2.5378778536176234e-24, nan 
168.875, 82.375, 2.4205998733464162e-24, nan 
169.125, 82.375, 2.559190567653485e-24, nan 
169.375, 82.375, 2.56124889673566e-24, nan 
169.625, 82.375, 2.189843968386637e-24, nan 
169.875, 82.375, 2.1713484589919198e-24, nan 
170.125, 82.375, 2.1306278405059315e-24, nan 
170.375, 82.375, 2.2018036766905556e-24, nan 
170.625, 82.375, 2.4116263553480153e-24, nan 
170.875, 82.375, 2.3220847402371185e-24, nan 
171.125, 82.375, 2.3101779594478847e-24, nan 
171.375, 82.375, 2.2413716207515637e-24, nan 
171.625, 82.375, 2.1698983978962455e-24, nan 
171.875, 82.375, 2.00824538162555e-24, nan 
172.125, 82.375, 2.205280525901351e-24, nan 
172.375, 82.375, 2.4087181589281063e-24, nan 
172.625, 82.375, 1.975150111557375e-24, nan 
172.875, 82.375, 1.8343600958948446e-24, nan 
173.125, 82.375, 2.0616953030697317e-24, nan 
173.375, 82.375, 1.8744181034775712e-24, nan 
173.625, 82.375, 1.887558242008247e-24, nan 
173.875, 82.375, 1.6510231640474036e-24, nan 
174.125, 82.375, 1.5054530062408038e-24, nan 
174.375, 82.375, 1.5402434029839196e-24, nan 
174.625, 82.375, 1.4053721247039343e-24, nan 
174.875, 82.375, 1.3781512568284158e-24, nan 
175.125, 82.375, 1.31324826401463e-24, nan 
175.375, 82.375, 1.4485582089645904e-24, nan 
175.625, 82.375, 1.2124607110778668e-24, nan 
175.875, 82.375, 1.0608165906946823e-24, nan 
176.125, 82.375, 8.44025852974548e-25, nan 
176.375, 82.375, 9.979052360191354e-25, nan 
176.625, 82.375, 9.837159174744528e-25, nan 
176.875, 82.375, 9.459297417009395e-25, nan 
177.125, 82.375, 7.879744922313796e-25, nan 
177.375, 82.375, 8.352759820430675e-25, nan 
177.625, 82.375, 9.29032340581214e-25, nan 
177.875, 82.375, 8.771181837829473e-25, nan 
178.125, 82.375, 7.784145491909447e-25, nan 
178.375, 82.375, 7.691667717838061e-25, nan 
178.625, 82.375, 7.923305645119663e-25, nan 
178.875, 82.375, 8.425757599396337e-25, nan 
179.125, 82.375, 6.90916841514269e-25, nan 
179.375, 82.375, 8.14837204302087e-25, nan 
179.625, 82.375, 8.858571930979562e-25, nan 
179.875, 82.375, 8.9038602814292e-25, nan 
-179.875, 82.625, 9.465477708787e-25, nan 
-179.625, 82.625, 8.6466305938376e-25, nan 
-179.375, 82.625, 7.195266542047894e-25, nan 
-179.125, 82.625, 7.373395018335468e-25, nan 
-178.875, 82.625, 6.680319610922007e-25, nan 
-178.625, 82.625, 6.516732481009222e-25, nan 
-178.375, 82.625, 6.602078064478729e-25, nan 
-178.125, 82.625, 6.753762296921638e-25, nan 
-177.875, 82.625, 7.015430667450473e-25, nan 
-177.625, 82.625, 6.962988251877108e-25, nan 
-177.375, 82.625, 6.322545556550805e-25, nan 
-177.125, 82.625, 6.985048742245561e-25, nan 
-176.875, 82.625, 7.7960397947589445e-25, nan 
-176.625, 82.625, 6.8726719015830965e-25, nan 
-176.375, 82.625, 6.885409304334566e-25, nan 
-176.125, 82.625, 7.997581584166641e-25, nan 
-175.875, 82.625, 8.982813141697682e-25, nan 
-175.625, 82.625, 8.294726164455733e-25, nan 
-175.375, 82.625, 9.82963997839861e-25, nan 
-175.125, 82.625, 1.0664877628852305e-24, nan 
-174.875, 82.625, 1.253475129597263e-24, nan 
-174.625, 82.625, 1.2765177932791116e-24, nan 
-174.375, 82.625, 1.2660768286390898e-24, nan 
-174.125, 82.625, 1.3065875095606282e-24, nan 
-173.875, 82.625, 1.0953811810964411e-24, nan 
-173.625, 82.625, 1.057850478586902e-24, nan 
-173.375, 82.625, 1.1474514180782234e-24, nan 
-173.125, 82.625, 1.0990855934320084e-24, nan 
-172.875, 82.625, 1.1300969881844541e-24, nan 
-172.625, 82.625, 1.1427021220636336e-24, nan 
-172.375, 82.625, 1.1783163896296269e-24, nan 
-172.125, 82.625, 1.5127591150794222e-24, nan 
-171.875, 82.625, 1.653935538868466e-24, nan 
-171.625, 82.625, 1.4340472793708094e-24, nan 
-171.375, 82.625, 1.6564344641340107e-24, nan 
14.125, 82.625, 1.750646093939603e-24, nan 
14.375, 82.625, 1.9005574227683608e-24, nan 
14.625, 82.625, 2.0086162762928685e-24, nan 
14.875, 82.625, 1.8562505626490522e-24, nan 
15.125, 82.625, 1.9371660735519876e-24, nan 
15.375, 82.625, 1.846389736029453e-24, nan 
15.625, 82.625, 1.972563535938985e-24, nan 
15.875, 82.625, 2.2090065546840514e-24, nan 
16.125, 82.625, 1.6515634037668811e-24, nan 
16.375, 82.625, 1.591342615754697e-24, nan 
16.625, 82.625, 1.896422169484976e-24, nan 
16.875, 82.625, 1.9797992848037204e-24, nan 
17.125, 82.625, 2.1020955103980532e-24, nan 
17.375, 82.625, 2.0799343342140336e-24, nan 
17.625, 82.625, 2.2939402974298113e-24, nan 
17.875, 82.625, 2.436267581395559e-24, nan 
18.125, 82.625, 2.3768293554610465e-24, nan 
18.375, 82.625, 2.312594506099912e-24, nan 
18.625, 82.625, 2.423013887551741e-24, nan 
18.875, 82.625, 2.5408349977590282e-24, nan 
19.125, 82.625, 2.676372888664519e-24, nan 
19.375, 82.625, 2.573576740260057e-24, nan 
19.625, 82.625, 2.5446132960266496e-24, nan 
19.875, 82.625, 2.809769290876121e-24, nan 
20.125, 82.625, 3.0321233921150698e-24, nan 
20.375, 82.625, 2.691688497319344e-24, nan 
20.625, 82.625, 2.487156683316017e-24, nan 
20.875, 82.625, 2.5782510646532244e-24, nan 
21.125, 82.625, 2.6866542326889073e-24, nan 
21.375, 82.625, 2.619122133882131e-24, nan 
21.625, 82.625, 2.3172254628681025e-24, nan 
21.875, 82.625, 2.23044646094408e-24, nan 
22.125, 82.625, 2.4703925085984283e-24, nan 
22.375, 82.625, 2.3905157783666233e-24, nan 
22.625, 82.625, 2.0143853087969175e-24, nan 
22.875, 82.625, 2.070177820981786e-24, nan 
23.125, 82.625, 2.075835148941597e-24, nan 
23.375, 82.625, 2.1377093329077053e-24, nan 
23.625, 82.625, 1.916667634014128e-24, nan 
23.875, 82.625, 1.831382893167687e-24, nan 
24.125, 82.625, 1.9095434660503947e-24, nan 
24.375, 82.625, 1.881412736567156e-24, nan 
24.625, 82.625, 1.6113361075435725e-24, nan 
24.875, 82.625, 1.765622840910676e-24, nan 
25.125, 82.625, 1.869170928400114e-24, nan 
25.375, 82.625, 1.7744965411146177e-24, nan 
25.625, 82.625, 1.672258927895424e-24, nan 
25.875, 82.625, 1.4703774783052072e-24, nan 
26.125, 82.625, 1.411339424927113e-24, nan 
26.375, 82.625, 1.3420711261215054e-24, nan 
26.625, 82.625, 1.1317566891633024e-24, nan 
26.875, 82.625, 1.2261172859131558e-24, nan 
27.125, 82.625, 1.0884251869620945e-24, nan 
27.375, 82.625, 1.030947702100368e-24, nan 
27.625, 82.625, 1.4073500553769217e-24, nan 
27.875, 82.625, 1.700209535629481e-24, nan 
28.125, 82.625, 1.4021632258007432e-24, nan 
28.375, 82.625, 1.1974639665637708e-24, nan 
28.625, 82.625, 1.4578647827526405e-24, nan 
28.875, 82.625, 1.7684062225207177e-24, nan 
29.125, 82.625, 1.7703084762685475e-24, nan 
29.375, 82.625, 2.010464018828995e-24, nan 
29.625, 82.625, 2.2846772098767543e-24, nan 
29.875, 82.625, 3.2273497229199794e-24, nan 
30.125, 82.625, 4.873440393002818e-24, nan 
30.375, 82.625, 3.306821702616711e-24, nan 
30.625, 82.625, 2.597817228150865e-24, nan 
30.875, 82.625, 3.477965641388553e-24, nan 
31.125, 82.625, 8.301021107294247e-24, nan 
31.375, 82.625, 3.1509663055231363e-24, nan 
31.625, 82.625, 3.1637952917126426e-24, nan 
31.875, 82.625, 3.922138880265878e-24, nan 
32.125, 82.625, 4.2371582651794906e-24, nan 
32.375, 82.625, 3.683109072997446e-24, nan 
32.625, 82.625, 3.767887486826744e-24, nan 
32.875, 82.625, 3.6405366152801224e-24, nan 
33.125, 82.625, 7.56545312206261e-24, nan 
33.375, 82.625, 1.89534787745439e-23, nan 
33.625, 82.625, 2.164159144675438e-23, nan 
33.875, 82.625, 2.4713230348355335e-23, nan 
34.125, 82.625, 2.5882714670429823e-23, nan 
34.375, 82.625, 2.86141609321045e-23, nan 
34.625, 82.625, 2.1508528449284474e-23, nan 
34.875, 82.625, 1.8366147986976336e-23, nan 
35.125, 82.625, 2.407789076572681e-23, nan 
35.375, 82.625, 3.0363561855800673e-23, nan 
35.625, 82.625, 1.3803150050178378e-23, nan 
35.875, 82.625, 1.512071164388165e-23, nan 
36.125, 82.625, 1.478643446678165e-23, nan 
36.375, 82.625, 1.6136926988166132e-23, nan 
36.625, 82.625, 2.0013061740273358e-23, nan 
36.875, 82.625, 1.344276301591083e-23, nan 
37.125, 82.625, 1.0890263126580411e-23, nan 
37.375, 82.625, 1.5077138986326326e-23, nan 
37.625, 82.625, 2.431161785999353e-23, nan 
37.875, 82.625, 2.4758426465977757e-23, nan 
38.125, 82.625, 2.4399057007756937e-23, nan 
38.375, 82.625, 2.939545667876179e-23, nan 
38.625, 82.625, 3.2566114578750074e-23, nan 
38.875, 82.625, 2.957909076430993e-23, nan 
39.125, 82.625, 2.6836701034833606e-23, nan 
39.375, 82.625, 2.677451761949941e-23, nan 
39.625, 82.625, 2.8694050853005927e-23, nan 
39.875, 82.625, 3.194628091865058e-23, nan 
40.125, 82.625, 2.9598843469375215e-23, nan 
40.375, 82.625, 3.063152695971824e-23, nan 
40.625, 82.625, 2.856760497439421e-23, nan 
40.875, 82.625, 2.5098838631903e-23, nan 
41.125, 82.625, 2.0857750114648523e-23, nan 
41.375, 82.625, 2.1557517622055234e-23, nan 
41.625, 82.625, 2.4204400151170942e-23, nan 
41.875, 82.625, 2.4834450612487052e-23, nan 
42.125, 82.625, 2.458581905483428e-23, nan 
42.375, 82.625, 2.6305157530212428e-23, nan 
42.625, 82.625, 2.70449309474411e-23, nan 
42.875, 82.625, 2.362718341388467e-23, nan 
43.125, 82.625, 2.441829740532013e-23, nan 
43.375, 82.625, 2.541267168525646e-23, nan 
43.625, 82.625, 2.287057685405235e-23, nan 
43.875, 82.625, 2.3077385638385202e-23, nan 
44.125, 82.625, 2.2305528161733415e-23, nan 
44.375, 82.625, 2.137731074635646e-23, nan 
44.625, 82.625, 2.4664920131067813e-23, nan 
44.875, 82.625, 2.351089276864358e-23, nan 
45.125, 82.625, 2.092728894554336e-23, nan 
45.375, 82.625, 1.831378182257685e-23, nan 
45.625, 82.625, 2.5291620509738233e-23, nan 
45.875, 82.625, 1.959591478083529e-23, nan 
46.125, 82.625, 2.9671819974468326e-23, nan 
46.375, 82.625, 3.13720900729855e-23, nan 
46.625, 82.625, 3.1396782039657347e-23, nan 
46.875, 82.625, 3.7085901335003334e-23, nan 
47.125, 82.625, 3.981851523906572e-23, nan 
47.375, 82.625, 7.075816190957899e-23, nan 
47.625, 82.625, 6.450129114671937e-23, nan 
47.875, 82.625, 6.335529592346994e-23, nan 
48.125, 82.625, 4.8316898670841414e-23, nan 
48.375, 82.625, 4.456587095774383e-23, nan 
48.625, 82.625, 3.439819444679352e-23, nan 
48.875, 82.625, 2.854974411813804e-23, nan 
49.125, 82.625, 7.560010076204474e-23, nan 
49.375, 82.625, 7.198857284737031e-23, nan 
49.625, 82.625, 6.966276165451532e-23, nan 
49.875, 82.625, 4.968351780533269e-23, nan 
50.125, 82.625, 3.271306806652308e-23, nan 
50.375, 82.625, 2.5236635737981378e-23, nan 
50.625, 82.625, 2.684874968993385e-23, nan 
50.875, 82.625, 3.408557993231677e-23, nan 
51.125, 82.625, 4.360162913718776e-23, nan 
51.375, 82.625, 4.349783785482096e-23, nan 
51.625, 82.625, 4.2040720747629835e-23, nan 
51.875, 82.625, 4.0149606684437356e-23, nan 
52.125, 82.625, 3.395184358597443e-23, nan 
52.375, 82.625, 3.153801256368701e-23, nan 
52.625, 82.625, 3.644406509877366e-23, nan 
52.875, 82.625, 3.2056547621792445e-23, nan 
53.125, 82.625, 3.730757385385958e-23, nan 
53.375, 82.625, 3.922441993188205e-23, nan 
53.625, 82.625, 4.192459765536901e-23, nan 
53.875, 82.625, 3.9798539304750974e-23, nan 
54.125, 82.625, 5.505633219627802e-23, nan 
54.375, 82.625, 5.012765487655869e-23, nan 
54.625, 82.625, 5.286141639712128e-23, nan 
54.875, 82.625, 6.270221328697047e-23, nan 
55.125, 82.625, 4.666062510579469e-23, nan 
55.375, 82.625, 4.248894184402964e-23, nan 
55.625, 82.625, 4.940779149824119e-23, nan 
55.875, 82.625, 9.078070716070175e-23, nan 
56.125, 82.625, 9.327881625676999e-23, nan 
56.375, 82.625, 1.315070869709113e-22, nan 
56.625, 82.625, 1.7868525362905506e-22, nan 
56.875, 82.625, 1.6074902959613247e-22, nan 
57.125, 82.625, 1.336683567004249e-22, nan 
57.375, 82.625, 1.2152138349430768e-22, nan 
57.625, 82.625, 1.3409911928215746e-22, nan 
57.875, 82.625, 1.1877520293830066e-22, nan 
58.125, 82.625, 1.5061627182292615e-22, nan 
58.375, 82.625, 1.863875146093134e-22, nan 
58.625, 82.625, 1.5560656604914052e-22, nan 
58.875, 82.625, 1.4479397402125428e-22, nan 
59.125, 82.625, 1.5797486601483756e-22, nan 
59.375, 82.625, 1.582029016949952e-22, nan 
59.625, 82.625, 1.281756929666838e-22, nan 
59.875, 82.625, 1.1425226672715935e-22, nan 
60.125, 82.625, 1.2864605496914617e-22, nan 
60.375, 82.625, 1.256668102198992e-22, nan 
60.625, 82.625, 1.2563462070659912e-22, nan 
60.875, 82.625, 1.1226422931385268e-22, nan 
61.125, 82.625, 1.097423709662725e-22, nan 
61.375, 82.625, 1.3247417048074283e-22, nan 
61.625, 82.625, 1.427962928239952e-22, nan 
61.875, 82.625, 1.4200190121365712e-22, nan 
62.125, 82.625, 1.1126824323539653e-22, nan 
62.375, 82.625, 1.1538971184587376e-22, nan 
62.625, 82.625, 9.956137273591909e-23, nan 
62.875, 82.625, 5.388324352423656e-23, nan 
63.125, 82.625, 4.48368679925392e-23, nan 
63.375, 82.625, 4.777108021659438e-23, nan 
63.625, 82.625, 4.80462622558953e-23, nan 
63.875, 82.625, 6.116693408085756e-23, nan 
64.125, 82.625, 8.416051534241427e-23, nan 
64.375, 82.625, 8.665254166944809e-23, nan 
64.625, 82.625, 6.601506936166114e-23, nan 
64.875, 82.625, 5.971962656834412e-23, nan 
65.125, 82.625, 7.091960366843864e-23, nan 
65.375, 82.625, 8.749170321949964e-23, nan 
65.625, 82.625, 9.80135728234351e-23, nan 
65.875, 82.625, 1.29630701294222e-22, nan 
66.125, 82.625, 1.3813425384336246e-22, nan 
66.375, 82.625, 1.2778841767508532e-22, nan 
66.625, 82.625, 1.1450959848921954e-22, nan 
66.875, 82.625, 1.3034086701661796e-22, nan 
67.125, 82.625, 1.412145007524933e-22, nan 
67.375, 82.625, 1.3613575119350985e-22, nan 
67.625, 82.625, 1.3777487443695652e-22, nan 
67.875, 82.625, 1.2706402986100897e-22, nan 
68.125, 82.625, 1.238220336866192e-22, nan 
68.375, 82.625, 1.423234368890074e-22, nan 
68.625, 82.625, 1.517455849195956e-22, nan 
68.875, 82.625, 1.581732724876291e-22, nan 
69.125, 82.625, 1.550438793926548e-22, nan 
69.375, 82.625, 1.487374532526002e-22, nan 
69.625, 82.625, 1.3867349774038177e-22, nan 
69.875, 82.625, 1.2311624188361123e-22, nan 
70.125, 82.625, 1.3475980789583102e-22, nan 
70.375, 82.625, 1.6087285609522348e-22, nan 
70.625, 82.625, 1.7039492960038745e-22, nan 
70.875, 82.625, 1.6308501888927488e-22, nan 
71.125, 82.625, 1.4572545815175052e-22, nan 
71.375, 82.625, 1.219830334803764e-22, nan 
71.625, 82.625, 1.1197419226068984e-22, nan 
71.875, 82.625, 1.1289277273577236e-22, nan 
72.125, 82.625, 1.1579078192812142e-22, nan 
72.375, 82.625, 1.080877228465483e-22, nan 
72.625, 82.625, 1.0702527539342292e-22, nan 
72.875, 82.625, 9.316323064053145e-23, nan 
73.125, 82.625, 1.1162009460232767e-22, nan 
73.375, 82.625, 8.664316816819609e-23, nan 
73.625, 82.625, 7.182409017689945e-23, nan 
73.875, 82.625, 9.608754642666212e-23, nan 
74.125, 82.625, 8.450111269051246e-23, nan 
74.375, 82.625, 9.561538495291679e-23, nan 
74.625, 82.625, 1.6344081366084872e-22, nan 
74.875, 82.625, 1.6103865158800742e-22, nan 
75.125, 82.625, 1.5511526669927407e-22, nan 
75.375, 82.625, 1.2421330870256087e-22, nan 
75.625, 82.625, 1.5606751551012525e-22, nan 
75.875, 82.625, 1.4971826564713984e-22, nan 
76.125, 82.625, 1.472854160428776e-22, nan 
76.375, 82.625, 1.4009379480397819e-22, nan 
76.625, 82.625, 1.7604859930604367e-22, nan 
76.875, 82.625, 2.2914696136638403e-22, nan 
77.125, 82.625, 1.9149807601035728e-22, nan 
77.375, 82.625, 1.751225246789216e-22, nan 
77.625, 82.625, 1.7504942202215403e-22, nan 
77.875, 82.625, 1.6176625923221735e-22, nan 
78.125, 82.625, 1.476972474530848e-22, nan 
78.375, 82.625, 1.9314379563764987e-22, nan 
78.625, 82.625, 2.237209850086806e-22, nan 
78.875, 82.625, 2.169181175525781e-22, nan 
79.125, 82.625, 2.083759191769926e-22, nan 
79.375, 82.625, 1.3274076708896915e-22, nan 
79.625, 82.625, 1.1055063331435108e-22, nan 
79.875, 82.625, 9.998301740089113e-23, nan 
80.125, 82.625, 1.1092155823979535e-22, nan 
80.375, 82.625, 1.2268672212120906e-22, nan 
80.625, 82.625, 1.432372779361065e-22, nan 
80.875, 82.625, 1.6350944449795424e-22, nan 
81.125, 82.625, 1.6134118554263977e-22, nan 
81.375, 82.625, 1.1700109483710767e-22, nan 
81.625, 82.625, 1.6287040928894964e-22, nan 
81.875, 82.625, 7.57704732924624e-23, nan 
82.125, 82.625, 8.370129274642126e-23, nan 
82.375, 82.625, 9.509134593137449e-23, nan 
82.625, 82.625, 1.4278159034173892e-22, nan 
82.875, 82.625, 1.03426450579651e-22, nan 
83.125, 82.625, 1.3086165678668928e-22, nan 
83.375, 82.625, 1.5336057558614818e-22, nan 
83.625, 82.625, 1.1074620061534117e-22, nan 
83.875, 82.625, 9.862344628906166e-23, nan 
84.125, 82.625, 1.5658588571718313e-22, nan 
84.375, 82.625, 2.335750937969871e-22, nan 
84.625, 82.625, 1.0336277197654895e-22, nan 
84.875, 82.625, 1.3002258615022417e-22, nan 
85.125, 82.625, 1.3918241406729067e-22, nan 
85.375, 82.625, 1.2034231956608117e-22, nan 
85.625, 82.625, 1.5857641512439565e-22, nan 
85.875, 82.625, 1.5998698332985766e-22, nan 
86.125, 82.625, 1.9043963150076375e-22, nan 
86.375, 82.625, 1.3597051124145603e-22, nan 
86.625, 82.625, 1.3080228531981316e-22, nan 
86.875, 82.625, 9.611558804210777e-23, nan 
87.125, 82.625, 1.3990851961124652e-22, nan 
87.375, 82.625, 1.568764803900494e-22, nan 
87.625, 82.625, 1.2772388725302753e-22, nan 
87.875, 82.625, 1.4524107689217852e-22, nan 
88.125, 82.625, 1.925316020144066e-22, nan 
88.375, 82.625, 1.8113300632496472e-22, nan 
88.625, 82.625, 1.630983066883961e-22, nan 
88.875, 82.625, 1.7368959969779399e-22, nan 
89.125, 82.625, 1.8683432687063182e-22, nan 
89.375, 82.625, 1.9784142735467019e-22, nan 
89.625, 82.625, 1.8823067773055419e-22, nan 
89.875, 82.625, 2.23180879333787e-22, nan 
90.125, 82.625, 2.003461049708049e-22, nan 
90.375, 82.625, 1.9479077573994083e-22, nan 
90.625, 82.625, 1.8520478436626746e-22, nan 
90.875, 82.625, 1.2190251468101048e-22, nan 
91.125, 82.625, 8.088869041550283e-23, nan 
91.375, 82.625, 2.1931242845501212e-23, nan 
91.625, 82.625, 3.823145870957624e-23, nan 
91.875, 82.625, 3.9425553639246646e-23, nan 
92.125, 82.625, 9.683844880248112e-23, nan 
92.375, 82.625, 8.428629170568505e-23, nan 
92.625, 82.625, 9.781178202255342e-23, nan 
92.875, 82.625, 1.0741533403496878e-22, nan 
93.125, 82.625, 1.1381138790864936e-22, nan 
93.375, 82.625, 1.332662157455332e-22, nan 
93.625, 82.625, 1.388032642560429e-22, nan 
93.875, 82.625, 1.4257418295603302e-22, nan 
94.125, 82.625, 1.472566599875421e-22, nan 
94.375, 82.625, 1.4403649524781439e-22, nan 
94.625, 82.625, 1.2599158647110664e-22, nan 
94.875, 82.625, 1.5333752644394665e-22, nan 
95.125, 82.625, 1.4331813439061703e-22, nan 
95.375, 82.625, 1.743683405538432e-22, nan 
95.625, 82.625, 1.0125952858047367e-22, nan 
95.875, 82.625, 1.6657742046332982e-22, nan 
96.125, 82.625, 1.0791895025680674e-22, nan 
96.375, 82.625, 9.647833194727477e-23, nan 
96.625, 82.625, 2.3755453114331977e-22, nan 
96.875, 82.625, 2.1765791191421047e-22, nan 
97.125, 82.625, 2.704423850429411e-22, nan 
97.375, 82.625, 2.3488996484624395e-22, nan 
97.625, 82.625, 2.046007905825381e-22, nan 
97.875, 82.625, 2.3424332999761325e-22, nan 
98.125, 82.625, 2.3828727766697496e-22, nan 
98.375, 82.625, 3.2466596440764384e-22, nan 
98.625, 82.625, 2.535681650316542e-22, nan 
98.875, 82.625, 2.8531093230069255e-22, nan 
99.125, 82.625, 2.708142761596753e-22, nan 
99.375, 82.625, 1.6228048444717238e-22, nan 
99.625, 82.625, 2.4038198589821322e-22, nan 
99.875, 82.625, 2.1859057046132554e-22, nan 
100.125, 82.625, 9.404689951341302e-23, nan 
100.375, 82.625, 1.8425301688292727e-22, nan 
100.625, 82.625, 1.080249818086178e-22, nan 
100.875, 82.625, 8.828002265354096e-23, nan 
101.125, 82.625, 1.071716578658846e-22, nan 
101.375, 82.625, 2.119090381672833e-22, nan 
101.625, 82.625, 2.1963826204794357e-22, nan 
101.875, 82.625, 2.6395871981511723e-22, nan 
102.125, 82.625, 2.6273175501471555e-22, nan 
102.375, 82.625, 2.7568547628588453e-22, nan 
102.625, 82.625, 2.2494133730609556e-22, nan 
102.875, 82.625, 2.717460058319964e-22, nan 
103.125, 82.625, 3.1416239334032046e-22, nan 
103.375, 82.625, 3.5041581884929807e-22, nan 
103.625, 82.625, 3.316314512878447e-22, nan 
103.875, 82.625, 3.1661441212425535e-22, nan 
104.125, 82.625, 3.4606434655080004e-22, nan 
104.375, 82.625, 4.479477441569363e-22, nan 
104.625, 82.625, 3.9264120451072146e-22, nan 
104.875, 82.625, 3.325219540382517e-22, nan 
105.125, 82.625, 3.0290193444713333e-22, nan 
105.375, 82.625, 3.008599154241523e-22, nan 
105.625, 82.625, 2.594379931968846e-22, nan 
105.875, 82.625, 2.556510810560051e-22, nan 
106.125, 82.625, 3.6743165360865735e-22, nan 
106.375, 82.625, 3.80645671410175e-22, nan 
106.625, 82.625, 3.8373509833078813e-22, nan 
106.875, 82.625, 3.5357933710159795e-22, nan 
107.125, 82.625, 3.660945725398286e-22, nan 
107.375, 82.625, 3.7406966402687456e-22, nan 
107.625, 82.625, 3.9247840261917123e-22, nan 
107.875, 82.625, 3.825250186038642e-22, nan 
108.125, 82.625, 3.9760394897215985e-22, nan 
108.375, 82.625, 4.375577133613797e-22, nan 
108.625, 82.625, 4.492952564592332e-22, nan 
108.875, 82.625, 4.658034312036378e-22, nan 
109.125, 82.625, 5.021859830524885e-22, nan 
109.375, 82.625, 5.346886035698267e-22, nan 
109.625, 82.625, 4.7024298130132865e-22, nan 
109.875, 82.625, 5.850523143508554e-22, nan 
110.125, 82.625, 5.781220359489794e-22, nan 
110.375, 82.625, 5.631860041871097e-22, nan 
110.625, 82.625, 5.829867994560364e-22, nan 
110.875, 82.625, 4.587541381359256e-22, nan 
111.125, 82.625, 3.8631605975268652e-22, nan 
111.375, 82.625, 2.7056057308459235e-22, nan 
111.625, 82.625, 2.609446058302484e-22, nan 
111.875, 82.625, 1.9226010520122092e-22, nan 
112.125, 82.625, 1.459544868439438e-22, nan 
112.375, 82.625, 1.3087332698062227e-22, nan 
112.625, 82.625, 1.3686142348603793e-22, nan 
112.875, 82.625, 1.2432540931392176e-22, nan 
113.125, 82.625, 1.0745627165484752e-22, nan 
113.375, 82.625, 1.335805669154694e-22, nan 
113.625, 82.625, 8.098805162811292e-23, nan 
113.875, 82.625, 6.851866161043139e-23, nan 
114.125, 82.625, 5.506713480603486e-23, nan 
114.375, 82.625, 9.58711208164604e-23, nan 
114.625, 82.625, 7.255216271189893e-23, nan 
114.875, 82.625, 5.341160293558061e-23, nan 
115.125, 82.625, 3.1293402608791476e-23, nan 
115.375, 82.625, 5.228153990915395e-23, nan 
115.625, 82.625, 4.2312302209170414e-23, nan 
115.875, 82.625, 2.5231306704460237e-23, nan 
116.125, 82.625, 3.5450329230962066e-23, nan 
116.375, 82.625, 3.767622813161572e-23, nan 
116.625, 82.625, 3.380713184664138e-23, nan 
116.875, 82.625, 3.3760318104804604e-23, nan 
117.125, 82.625, 4.103880528815087e-23, nan 
117.375, 82.625, 3.0410135514212325e-23, nan 
117.625, 82.625, 2.148570989854167e-23, nan 
117.875, 82.625, 3.027413240309112e-23, nan 
118.125, 82.625, 4.867374729582976e-23, nan 
118.375, 82.625, 2.917631909535577e-23, nan 
118.625, 82.625, 2.9080150315437906e-23, nan 
118.875, 82.625, 2.760596545124989e-23, nan 
119.125, 82.625, 2.672502717601277e-23, nan 
119.375, 82.625, 3.0019862498989936e-23, nan 
119.625, 82.625, 3.396780406338473e-23, nan 
119.875, 82.625, 4.2587297659467707e-23, nan 
120.125, 82.625, 2.959352624407065e-23, nan 
120.375, 82.625, 3.105079636325085e-23, nan 
120.625, 82.625, 3.3692828759107423e-23, nan 
120.875, 82.625, 2.3769578070158826e-23, nan 
121.125, 82.625, 1.855549952431072e-23, nan 
121.375, 82.625, 1.7655909973965922e-23, nan 
121.625, 82.625, 1.4947684678123768e-23, nan 
121.875, 82.625, 1.7225999532856447e-23, nan 
122.125, 82.625, 2.4103994465097326e-23, nan 
122.375, 82.625, 2.4777655004262112e-23, nan 
122.625, 82.625, 2.1085326548905551e-23, nan 
122.875, 82.625, 1.739798244152765e-23, nan 
123.125, 82.625, 1.4653799807187573e-23, nan 
123.375, 82.625, 7.589112042074504e-24, nan 
123.625, 82.625, 8.0686729651e-24, nan 
123.875, 82.625, 1.0200945196068502e-23, nan 
124.125, 82.625, 1.411572440281446e-23, nan 
124.375, 82.625, 1.592188918173813e-23, nan 
124.625, 82.625, 1.81813723178265e-23, nan 
124.875, 82.625, 2.3810339148620904e-23, nan 
125.125, 82.625, 2.6857427606408925e-23, nan 
125.375, 82.625, 2.654686525312034e-23, nan 
125.625, 82.625, 2.6166928159528747e-23, nan 
125.875, 82.625, 2.6864049566921965e-23, nan 
126.125, 82.625, 3.197378303765638e-23, nan 
126.375, 82.625, 3.307913831122139e-23, nan 
126.625, 82.625, 3.414450526396113e-23, nan 
126.875, 82.625, 3.4253729338252735e-23, nan 
127.125, 82.625, 3.4929511240108527e-23, nan 
127.375, 82.625, 3.257295124287871e-23, nan 
127.625, 82.625, 3.2402386653264095e-23, nan 
127.875, 82.625, 2.998342475246991e-23, nan 
128.125, 82.625, 2.6620758297905275e-23, nan 
128.375, 82.625, 2.4640531854168774e-23, nan 
128.625, 82.625, 2.3403097661384017e-23, nan 
128.875, 82.625, 2.1598210746090936e-23, nan 
129.125, 82.625, 2.0503946170829373e-23, nan 
129.375, 82.625, 2.3505460539704377e-23, nan 
129.625, 82.625, 2.393686228774948e-23, nan 
129.875, 82.625, 2.1241417701396509e-23, nan 
130.125, 82.625, 1.7297899757116752e-23, nan 
130.375, 82.625, 1.7362964736416112e-23, nan 
130.625, 82.625, 1.360085409118967e-23, nan 
130.875, 82.625, 1.4450094338512752e-23, nan 
131.125, 82.625, 1.465272229108414e-23, nan 
131.375, 82.625, 1.4104364028462e-23, nan 
131.625, 82.625, 1.4256677503786553e-23, nan 
131.875, 82.625, 1.6127414737391424e-23, nan 
132.125, 82.625, 1.491934013449393e-23, nan 
132.375, 82.625, 1.2381930148634929e-23, nan 
132.625, 82.625, 1.2557855339904021e-23, nan 
132.875, 82.625, 1.219932687496892e-23, nan 
133.125, 82.625, 1.0798705435526822e-23, nan 
133.375, 82.625, 8.445864353319133e-24, nan 
133.625, 82.625, 7.204952058429125e-24, nan 
133.875, 82.625, 6.554696835456796e-24, nan 
134.125, 82.625, 8.763156481671553e-24, nan 
134.375, 82.625, 1.0224462020534776e-23, nan 
134.625, 82.625, 1.2430354759370369e-23, nan 
134.875, 82.625, 1.3081651784182524e-23, nan 
135.125, 82.625, 1.1625559123972416e-23, nan 
135.375, 82.625, 1.390586295984688e-23, nan 
135.625, 82.625, 1.4562531721863673e-23, nan 
135.875, 82.625, 1.1441008242917616e-23, nan 
136.125, 82.625, 1.1233686328478325e-23, nan 
136.375, 82.625, 1.1132855654661219e-23, nan 
136.625, 82.625, 1.2095715915258086e-23, nan 
136.875, 82.625, 1.2087601214283881e-23, nan 
137.125, 82.625, 1.3895996928723817e-23, nan 
137.375, 82.625, 1.3637600618922863e-23, nan 
137.625, 82.625, 1.0444221466315402e-23, nan 
137.875, 82.625, 1.0577408614783306e-23, nan 
138.125, 82.625, 1.0924149422847563e-23, nan 
138.375, 82.625, 1.1197622233540847e-23, nan 
138.625, 82.625, 1.0924700042319083e-23, nan 
138.875, 82.625, 1.0762862267396779e-23, nan 
139.125, 82.625, 1.1299138004008798e-23, nan 
139.375, 82.625, 1.0802816003744716e-23, nan 
139.625, 82.625, 1.01081224598716e-23, nan 
139.875, 82.625, 9.850972870970282e-24, nan 
140.125, 82.625, 9.168857850563927e-24, nan 
140.375, 82.625, 9.120846850119537e-24, nan 
140.625, 82.625, 9.499760565894703e-24, nan 
140.875, 82.625, 9.100835059798074e-24, nan 
141.125, 82.625, 8.172907575471472e-24, nan 
141.375, 82.625, 6.68293328110494e-24, nan 
141.625, 82.625, 7.346211636859465e-24, nan 
141.875, 82.625, 6.881009140983217e-24, nan 
142.125, 82.625, 6.020512643227021e-24, nan 
142.375, 82.625, 6.0701876840400516e-24, nan 
142.625, 82.625, 8.326710065948918e-24, nan 
142.875, 82.625, 8.728029036021812e-24, nan 
143.125, 82.625, 9.481734695830556e-24, nan 
143.375, 82.625, 8.579321850512239e-24, nan 
143.625, 82.625, 8.245478555421948e-24, nan 
143.875, 82.625, 8.164530340880814e-24, nan 
144.125, 82.625, 7.937311366720386e-24, nan 
144.375, 82.625, 8.779703571271343e-24, nan 
144.625, 82.625, 9.092921508505145e-24, nan 
144.875, 82.625, 9.800050069658795e-24, nan 
145.125, 82.625, 9.538383582663236e-24, nan 
145.375, 82.625, 9.504252930413085e-24, nan 
145.625, 82.625, 9.447891373661702e-24, nan 
145.875, 82.625, 9.752586020882713e-24, nan 
146.125, 82.625, 7.974313655711906e-24, nan 
146.375, 82.625, 7.195938596764175e-24, nan 
146.625, 82.625, 7.102373837590088e-24, nan 
146.875, 82.625, 7.420503208176771e-24, nan 
147.125, 82.625, 8.193352682650381e-24, nan 
147.375, 82.625, 7.39810818826717e-24, nan 
147.625, 82.625, 6.295588583134898e-24, nan 
147.875, 82.625, 6.182689499352552e-24, nan 
148.125, 82.625, 6.3084405155615425e-24, nan 
148.375, 82.625, 5.8426753964014095e-24, nan 
148.625, 82.625, 5.843992164908042e-24, nan 
148.875, 82.625, 5.682628710047227e-24, nan 
149.125, 82.625, 5.74318698716383e-24, nan 
149.375, 82.625, 5.840775123378797e-24, nan 
149.625, 82.625, 6.0772134934588914e-24, nan 
149.875, 82.625, 6.0494211176892514e-24, nan 
150.125, 82.625, 5.949555287197495e-24, nan 
150.375, 82.625, 6.077186271440694e-24, nan 
150.625, 82.625, 5.5019502559070535e-24, nan 
150.875, 82.625, 5.639141308282931e-24, nan 
151.125, 82.625, 5.684844088510316e-24, nan 
151.375, 82.625, 5.773408692926832e-24, nan 
151.625, 82.625, 5.61338939311918e-24, nan 
151.875, 82.625, 5.590396625965502e-24, nan 
152.125, 82.625, 5.9575334245716316e-24, nan 
152.375, 82.625, 5.080186060299734e-24, nan 
152.625, 82.625, 4.994457101034829e-24, nan 
152.875, 82.625, 4.891645116807175e-24, nan 
153.125, 82.625, 4.271265789973512e-24, nan 
153.375, 82.625, 4.381394268530066e-24, nan 
153.625, 82.625, 4.285769784844567e-24, nan 
153.875, 82.625, 4.0454181009247255e-24, nan 
154.125, 82.625, 4.19820156539681e-24, nan 
154.375, 82.625, 4.0041905823873375e-24, nan 
154.625, 82.625, 3.666184038672712e-24, nan 
154.875, 82.625, 3.969879699542505e-24, nan 
155.125, 82.625, 3.813967721134249e-24, nan 
155.375, 82.625, 4.068734333809278e-24, nan 
155.625, 82.625, 3.8947535779551985e-24, nan 
155.875, 82.625, 3.750497215057106e-24, nan 
156.125, 82.625, 3.598056965905748e-24, nan 
156.375, 82.625, 3.281258097856634e-24, nan 
156.625, 82.625, 3.4010498241994375e-24, nan 
156.875, 82.625, 3.3038337240834967e-24, nan 
157.125, 82.625, 3.618686797184206e-24, nan 
157.375, 82.625, 3.0433110554039415e-24, nan 
157.625, 82.625, 2.981783015508766e-24, nan 
157.875, 82.625, 2.9418945640374493e-24, nan 
158.125, 82.625, 3.032992262862044e-24, nan 
158.375, 82.625, 2.9755900282497983e-24, nan 
158.625, 82.625, 3.1109107145077264e-24, nan 
158.875, 82.625, 2.812245160538769e-24, nan 
159.125, 82.625, 2.9659996424917534e-24, nan 
159.375, 82.625, 2.9677511600043824e-24, nan 
159.625, 82.625, 2.8807496488589522e-24, nan 
159.875, 82.625, 2.8803112532928817e-24, nan 
160.125, 82.625, 2.6421642705141046e-24, nan 
160.375, 82.625, 2.7526058792820897e-24, nan 
160.625, 82.625, 2.7091063853527936e-24, nan 
160.875, 82.625, 2.4844966835921735e-24, nan 
161.125, 82.625, 2.6701212285713173e-24, nan 
161.375, 82.625, 2.920006121050962e-24, nan 
161.625, 82.625, 2.6837396633491457e-24, nan 
161.875, 82.625, 2.4429471561899706e-24, nan 
162.125, 82.625, 2.4108883716306564e-24, nan 
162.375, 82.625, 2.5023006472027644e-24, nan 
162.625, 82.625, 2.3657132817952037e-24, nan 
162.875, 82.625, 2.5625047777698703e-24, nan 
163.125, 82.625, 2.2856944594720064e-24, nan 
163.375, 82.625, 2.5686250683943647e-24, nan 
163.625, 82.625, 2.4060715460944957e-24, nan 
163.875, 82.625, 2.4074967963048065e-24, nan 
164.125, 82.625, 2.2561131977273154e-24, nan 
164.375, 82.625, 2.494186425196398e-24, nan 
164.625, 82.625, 2.2661094004442867e-24, nan 
164.875, 82.625, 2.3970889156202198e-24, nan 
165.125, 82.625, 2.1744153209482597e-24, nan 
165.375, 82.625, 2.3526951383764647e-24, nan 
165.625, 82.625, 2.4090391143063974e-24, nan 
165.875, 82.625, 2.2320248469765176e-24, nan 
166.125, 82.625, 2.3672520026620196e-24, nan 
166.375, 82.625, 2.2319459178290054e-24, nan 
166.625, 82.625, 2.399142768411247e-24, nan 
166.875, 82.625, 2.422467202997543e-24, nan 
167.125, 82.625, 2.5696484867874133e-24, nan 
167.375, 82.625, 2.3355800550283536e-24, nan 
167.625, 82.625, 2.416448169120099e-24, nan 
167.875, 82.625, 2.5293915310534973e-24, nan 
168.125, 82.625, 2.7826785612771546e-24, nan 
168.375, 82.625, 2.4035976143499216e-24, nan 
168.625, 82.625, 2.516914424736057e-24, nan 
168.875, 82.625, 2.6340204022692023e-24, nan 
169.125, 82.625, 2.333116344118811e-24, nan 
169.375, 82.625, 2.4312919618307262e-24, nan 
169.625, 82.625, 2.3994621289418496e-24, nan 
169.875, 82.625, 2.165932711811296e-24, nan 
170.125, 82.625, 2.5033187030532237e-24, nan 
170.375, 82.625, 1.8998664064019492e-24, nan 
170.625, 82.625, 2.0491884191103997e-24, nan 
170.875, 82.625, 2.2147738725281515e-24, nan 
171.125, 82.625, 2.2424495221539532e-24, nan 
171.375, 82.625, 2.054366432089065e-24, nan 
171.625, 82.625, 1.912202245022357e-24, nan 
171.875, 82.625, 1.8862577049552007e-24, nan 
172.125, 82.625, 1.8322559851835277e-24, nan 
172.375, 82.625, 1.822111826898216e-24, nan 
172.625, 82.625, 1.835865316259279e-24, nan 
172.875, 82.625, 1.6720443639494267e-24, nan 
173.125, 82.625, 1.8255968900114004e-24, nan 
173.375, 82.625, 1.8819884677053095e-24, nan 
173.625, 82.625, 1.844171093576092e-24, nan 
173.875, 82.625, 1.8167398124217163e-24, nan 
174.125, 82.625, 1.6564246356331255e-24, nan 
174.375, 82.625, 1.5808548444599823e-24, nan 
174.625, 82.625, 1.4052976907153835e-24, nan 
174.875, 82.625, 1.4554181990163886e-24, nan 
175.125, 82.625, 1.4610704989924648e-24, nan 
175.375, 82.625, 1.428882490081642e-24, nan 
175.625, 82.625, 1.4638832883642746e-24, nan 
175.875, 82.625, 1.2365787308198264e-24, nan 
176.125, 82.625, 1.0686608572228238e-24, nan 
176.375, 82.625, 1.1271765771270696e-24, nan 
176.625, 82.625, 1.0069288222230313e-24, nan 
176.875, 82.625, 1.0500914017418851e-24, nan 
177.125, 82.625, 8.086625323833667e-25, nan 
177.375, 82.625, 8.548503509934425e-25, nan 
177.625, 82.625, 8.502161302625231e-25, nan 
177.875, 82.625, 7.609091425330343e-25, nan 
178.125, 82.625, 7.677135374097859e-25, nan 
178.375, 82.625, 6.18054549795471e-25, nan 
178.625, 82.625, 6.276053057941891e-25, nan 
178.875, 82.625, 6.644135977667995e-25, nan 
179.125, 82.625, 5.937592171655752e-25, nan 
179.375, 82.625, 5.753381790910789e-25, nan 
179.625, 82.625, 6.872117018165186e-25, nan 
179.875, 82.625, 8.065340763571725e-25, nan 
-179.875, 82.875, 1.110082750836084e-24, nan 
-179.625, 82.875, 1.3244041731022315e-24, nan 
-179.375, 82.875, 1.3519735781940081e-24, nan 
-179.125, 82.875, 8.755551835851452e-25, nan 
-178.875, 82.875, 6.619496430249358e-25, nan 
-178.625, 82.875, 1.26559242519793e-24, nan 
-178.375, 82.875, 1.3173668716457052e-24, nan 
-178.125, 82.875, 1.370370357757937e-24, nan 
-177.875, 82.875, 1.36487823200565e-24, nan 
-177.625, 82.875, 1.525028406960373e-24, nan 
-177.375, 82.875, 1.5907917235159505e-24, nan 
-177.125, 82.875, 1.46892481645846e-24, nan 
-176.875, 82.875, 1.1305940585421744e-24, nan 
-176.625, 82.875, 1.4648349814391629e-24, nan 
-176.375, 82.875, 1.6827441022853826e-24, nan 
-176.125, 82.875, 1.5783176079858662e-24, nan 
-175.875, 82.875, 1.4205221059564088e-24, nan 
-175.625, 82.875, 1.5199122101993544e-24, nan 
-175.375, 82.875, 1.548225560154598e-24, nan 
-175.125, 82.875, 1.6001995904087152e-24, nan 
-174.875, 82.875, 1.3774580493394075e-24, nan 
-174.625, 82.875, 1.4256764635601826e-24, nan 
-174.375, 82.875, 1.6278001820449234e-24, nan 
-174.125, 82.875, 1.7981677609008044e-24, nan 
-173.875, 82.875, 1.666822096561635e-24, nan 
-173.625, 82.875, 1.6022466367154633e-24, nan 
-173.375, 82.875, 1.6277580038289491e-24, nan 
-173.125, 82.875, 1.735204090789351e-24, nan 
-172.875, 82.875, 1.726060600975803e-24, nan 
-172.625, 82.875, 1.7119515358206256e-24, nan 
-172.375, 82.875, 1.7314207491638258e-24, nan 
-172.125, 82.875, 1.6419014185951608e-24, nan 
-171.875, 82.875, 1.7695370614713403e-24, nan 
-171.625, 82.875, 1.7106512088567282e-24, nan 
-171.375, 82.875, 1.7366618704040806e-24, nan 
-171.125, 82.875, 1.7328874179493144e-24, nan 
-170.875, 82.875, 1.8370020460957593e-24, nan 
13.625, 82.875, 2.937720376765735e-24, nan 
13.875, 82.875, 2.8817907714272065e-24, nan 
14.125, 82.875, 2.7401061876678678e-24, nan 
14.375, 82.875, 2.8404583881716148e-24, nan 
14.625, 82.875, 3.103993620855816e-24, nan 
14.875, 82.875, 2.7184760256868064e-24, nan 
15.125, 82.875, 2.3743236729059195e-24, nan 
15.375, 82.875, 2.1840206534134868e-24, nan 
15.625, 82.875, 2.2193465168474578e-24, nan 
15.875, 82.875, 2.2293213257512354e-24, nan 
16.125, 82.875, 2.2835721732998946e-24, nan 
16.375, 82.875, 2.3154204515554077e-24, nan 
16.625, 82.875, 2.449811361733718e-24, nan 
16.875, 82.875, 2.3259566533830886e-24, nan 
17.125, 82.875, 1.8489133994156864e-24, nan 
17.375, 82.875, 1.9159929204890092e-24, nan 
17.625, 82.875, 1.8563792098900156e-24, nan 
17.875, 82.875, 2.0591297732149025e-24, nan 
18.125, 82.875, 2.2715610809978922e-24, nan 
18.375, 82.875, 2.3822650204774214e-24, nan 
18.625, 82.875, 2.5083826608723354e-24, nan 
18.875, 82.875, 2.5859255691016047e-24, nan 
19.125, 82.875, 2.6868960970988654e-24, nan 
19.375, 82.875, 2.743508504779839e-24, nan 
19.625, 82.875, 2.9071096335945937e-24, nan 
19.875, 82.875, 3.1480655267407924e-24, nan 
20.125, 82.875, 3.458798254790515e-24, nan 
20.375, 82.875, 3.3474805531503876e-24, nan 
20.625, 82.875, 3.3629991470171466e-24, nan 
20.875, 82.875, 3.573070643308957e-24, nan 
21.125, 82.875, 3.520044711080591e-24, nan 
21.375, 82.875, 3.484207052330268e-24, nan 
21.625, 82.875, 3.352067291079092e-24, nan 
21.875, 82.875, 3.2088592257388475e-24, nan 
22.125, 82.875, 3.323622520054652e-24, nan 
22.375, 82.875, 3.517512968734464e-24, nan 
22.625, 82.875, 3.201687236016406e-24, nan 
22.875, 82.875, 2.907247892931987e-24, nan 
23.125, 82.875, 2.813573174253841e-24, nan 
23.375, 82.875, 2.8480785369151374e-24, nan 
23.625, 82.875, 2.8378432704057705e-24, nan 
23.875, 82.875, 2.6739145417112953e-24, nan 
24.125, 82.875, 2.602032567238932e-24, nan 
24.375, 82.875, 2.72762774562492e-24, nan 
24.625, 82.875, 2.5618554760008244e-24, nan 
24.875, 82.875, 2.3234859813626524e-24, nan 
25.125, 82.875, 2.3761499795400056e-24, nan 
25.375, 82.875, 2.420774459471588e-24, nan 
25.625, 82.875, 2.4512560193026956e-24, nan 
25.875, 82.875, 2.2926265430172053e-24, nan 
26.125, 82.875, 2.2354283497846923e-24, nan 
26.375, 82.875, 2.2071077511318345e-24, nan 
26.625, 82.875, 2.2747772233159954e-24, nan 
26.875, 82.875, 2.2356932645644447e-24, nan 
27.125, 82.875, 2.2451167019168628e-24, nan 
27.375, 82.875, 2.245263622921418e-24, nan 
27.625, 82.875, 2.318723231759179e-24, nan 
27.875, 82.875, 2.2596796132702874e-24, nan 
28.125, 82.875, 2.0546001891081256e-24, nan 
28.375, 82.875, 1.8536055598483745e-24, nan 
28.625, 82.875, 2.033983109213881e-24, nan 
28.875, 82.875, 2.0083426169831066e-24, nan 
29.125, 82.875, 1.9936766357254364e-24, nan 
29.375, 82.875, 1.9825666719286898e-24, nan 
29.625, 82.875, 1.9729726991669142e-24, nan 
29.875, 82.875, 2.0116098672558718e-24, nan 
30.125, 82.875, 2.0926323463027633e-24, nan 
30.375, 82.875, 2.0794268483667843e-24, nan 
30.625, 82.875, 1.8391464811554517e-24, nan 
30.875, 82.875, 1.8757736398369308e-24, nan 
31.125, 82.875, 1.9601919772550095e-24, nan 
31.375, 82.875, 1.6864026249250636e-24, nan 
31.625, 82.875, 1.6110900222773219e-24, nan 
31.875, 82.875, 1.6928413534212232e-24, nan 
32.125, 82.875, 1.8455057687928248e-24, nan 
32.375, 82.875, 1.7374559889318668e-24, nan 
32.625, 82.875, 1.5377891468169916e-24, nan 
32.875, 82.875, 1.740093270250995e-24, nan 
33.125, 82.875, 1.773212807262456e-24, nan 
33.375, 82.875, 1.7619885322446436e-24, nan 
33.625, 82.875, 1.6287929686926876e-24, nan 
33.875, 82.875, 1.522542069670901e-24, nan 
34.125, 82.875, 1.772850825176546e-24, nan 
34.375, 82.875, 2.3909421325052164e-24, nan 
34.625, 82.875, 2.4683814045441275e-24, nan 
34.875, 82.875, 3.2094273980676933e-24, nan 
35.125, 82.875, 5.585652295527121e-24, nan 
35.375, 82.875, 1.2161934732031905e-23, nan 
35.625, 82.875, 1.4643852569740078e-23, nan 
35.875, 82.875, 1.579085529576825e-23, nan 
36.125, 82.875, 1.6789770008914858e-23, nan 
36.375, 82.875, 2.1236925344374206e-23, nan 
36.625, 82.875, 2.0537009656378844e-23, nan 
36.875, 82.875, 2.0837517554102426e-23, nan 
37.125, 82.875, 2.1564040139565754e-23, nan 
37.375, 82.875, 2.3909793995107378e-23, nan 
37.625, 82.875, 2.58603455448441e-23, nan 
37.875, 82.875, 2.96566695385101e-23, nan 
38.125, 82.875, 3.091350759803272e-23, nan 
38.375, 82.875, 3.3242039128183085e-23, nan 
38.625, 82.875, 4.076550946828788e-23, nan 
38.875, 82.875, 3.89164475017614e-23, nan 
39.125, 82.875, 3.8104856730497277e-23, nan 
39.375, 82.875, 3.8723034378880075e-23, nan 
39.625, 82.875, 4.2660172376882217e-23, nan 
39.875, 82.875, 3.778363998342262e-23, nan 
40.125, 82.875, 3.7970944755731987e-23, nan 
40.375, 82.875, 3.953723326111894e-23, nan 
40.625, 82.875, 4.0359933747071926e-23, nan 
40.875, 82.875, 4.003245886245465e-23, nan 
41.125, 82.875, 4.2283491650772295e-23, nan 
41.375, 82.875, 4.252258074933539e-23, nan 
41.625, 82.875, 4.4325272388518915e-23, nan 
41.875, 82.875, 4.576545164731349e-23, nan 
42.125, 82.875, 4.7051526256643266e-23, nan 
42.375, 82.875, 4.9262066913761813e-23, nan 
42.625, 82.875, 5.472863422503359e-23, nan 
42.875, 82.875, 5.281302147559402e-23, nan 
43.125, 82.875, 5.2874393624812933e-23, nan 
43.375, 82.875, 5.568468868051389e-23, nan 
43.625, 82.875, 5.417238696790528e-23, nan 
43.875, 82.875, 5.4764127812399e-23, nan 
44.125, 82.875, 5.309087180297289e-23, nan 
44.375, 82.875, 4.847015047866168e-23, nan 
44.625, 82.875, 4.913103205176108e-23, nan 
44.875, 82.875, 4.92553715460954e-23, nan 
45.125, 82.875, 4.715058383693849e-23, nan 
45.375, 82.875, 4.855533185402671e-23, nan 
45.625, 82.875, 4.926287909596195e-23, nan 
45.875, 82.875, 4.663783774479679e-23, nan 
46.125, 82.875, 4.5129818053800504e-23, nan 
46.375, 82.875, 4.917188582370941e-23, nan 
46.625, 82.875, 4.508107676484751e-23, nan 
46.875, 82.875, 4.1363961938645456e-23, nan 
47.125, 82.875, 4.214394280781409e-23, nan 
47.375, 82.875, 4.769468012053852e-23, nan 
47.625, 82.875, 4.955112651070001e-23, nan 
47.875, 82.875, 5.357377881506137e-23, nan 
48.125, 82.875, 4.733073584977269e-23, nan 
48.375, 82.875, 5.0606556180751505e-23, nan 
48.625, 82.875, 4.659401562051835e-23, nan 
48.875, 82.875, 4.234250728700464e-23, nan 
49.125, 82.875, 3.8163760620537054e-23, nan 
49.375, 82.875, 4.45047713620889e-23, nan 
49.625, 82.875, 5.09284194688909e-23, nan 
49.875, 82.875, 5.788613127039743e-23, nan 
50.125, 82.875, 6.049185540474619e-23, nan 
50.375, 82.875, 5.857411352636194e-23, nan 
50.625, 82.875, 6.178935759258335e-23, nan 
50.875, 82.875, 6.854247887035079e-23, nan 
51.125, 82.875, 6.566421913859409e-23, nan 
51.375, 82.875, 6.946381847384736e-23, nan 
51.625, 82.875, 8.096154499363668e-23, nan 
51.875, 82.875, 8.007410576269145e-23, nan 
52.125, 82.875, 7.688521917897387e-23, nan 
52.375, 82.875, 7.911637084423406e-23, nan 
52.625, 82.875, 8.066946128009339e-23, nan 
52.875, 82.875, 7.695849250191049e-23, nan 
53.125, 82.875, 7.477294878211135e-23, nan 
53.375, 82.875, 8.141943964965949e-23, nan 
53.625, 82.875, 8.209174090556918e-23, nan 
53.875, 82.875, 7.404287128558413e-23, nan 
54.125, 82.875, 7.765506794697418e-23, nan 
54.375, 82.875, 8.59762004456181e-23, nan 
54.625, 82.875, 1.063134580341261e-22, nan 
54.875, 82.875, 1.0248297510976146e-22, nan 
55.125, 82.875, 1.0132296561366046e-22, nan 
55.375, 82.875, 1.0458025619104785e-22, nan 
55.625, 82.875, 1.0816579066701925e-22, nan 
55.875, 82.875, 1.1468284984512188e-22, nan 
56.125, 82.875, 1.0003747833805348e-22, nan 
56.375, 82.875, 1.0727260372383595e-22, nan 
56.625, 82.875, 1.1297964367898024e-22, nan 
56.875, 82.875, 1.2717670314436848e-22, nan 
57.125, 82.875, 1.134166827622223e-22, nan 
57.375, 82.875, 1.0170055398345009e-22, nan 
57.625, 82.875, 1.0857268152436272e-22, nan 
57.875, 82.875, 9.283205458599128e-23, nan 
58.125, 82.875, 8.069482348280268e-23, nan 
58.375, 82.875, 6.344466964453503e-23, nan 
58.625, 82.875, 6.647971668198769e-23, nan 
58.875, 82.875, 3.402191291728016e-23, nan 
59.125, 82.875, 1.0781793951861157e-23, nan 
59.375, 82.875, 1.2597844475625913e-23, nan 
59.625, 82.875, 1.7228234578553254e-23, nan 
59.875, 82.875, 2.345436925847329e-23, nan 
60.125, 82.875, 2.846621338479024e-23, nan 
60.375, 82.875, 3.452610236465686e-23, nan 
60.625, 82.875, 4.1264028507431076e-23, nan 
60.875, 82.875, 5.0093879495393116e-23, nan 
61.125, 82.875, 5.066343142052104e-23, nan 
61.375, 82.875, 4.945250557363598e-23, nan 
61.625, 82.875, 5.320102823987492e-23, nan 
61.875, 82.875, 6.472499091003667e-23, nan 
62.125, 82.875, 6.817724951598696e-23, nan 
62.375, 82.875, 5.838141369998855e-23, nan 
62.625, 82.875, 6.527183621652924e-23, nan 
62.875, 82.875, 8.169586095839952e-23, nan 
63.125, 82.875, 1.0125826238946091e-22, nan 
63.375, 82.875, 1.110224040507052e-22, nan 
63.625, 82.875, 1.1007016379087394e-22, nan 
63.875, 82.875, 1.1990458392551356e-22, nan 
64.125, 82.875, 1.3267493630791326e-22, nan 
64.375, 82.875, 1.3610396030630847e-22, nan 
64.625, 82.875, 8.513701540898302e-23, nan 
64.875, 82.875, 3.7409447778363386e-23, nan 
65.125, 82.875, 4.8354135313362294e-23, nan 
65.375, 82.875, 7.614980162305316e-23, nan 
65.625, 82.875, 9.294379379999319e-23, nan 
65.875, 82.875, 1.0683558887924534e-22, nan 
66.125, 82.875, 1.1496262982230774e-22, nan 
66.375, 82.875, 1.2161707031036584e-22, nan 
66.625, 82.875, 1.1864330427059457e-22, nan 
66.875, 82.875, 1.112224213901474e-22, nan 
67.125, 82.875, 1.0190907859150325e-22, nan 
67.375, 82.875, 1.0704301457955953e-22, nan 
67.625, 82.875, 1.152566468234514e-22, nan 
67.875, 82.875, 1.093848337895474e-22, nan 
68.125, 82.875, 1.0505982767008184e-22, nan 
68.375, 82.875, 1.123652533153839e-22, nan 
68.625, 82.875, 1.0587035649455622e-22, nan 
68.875, 82.875, 1.0139660187583376e-22, nan 
69.125, 82.875, 9.603864805532596e-23, nan 
69.375, 82.875, 8.226994626112705e-23, nan 
69.625, 82.875, 7.345930330763396e-23, nan 
69.875, 82.875, 6.603983367902626e-23, nan 
70.125, 82.875, 4.7073680917469196e-23, nan 
70.375, 82.875, 5.083152158831386e-23, nan 
70.625, 82.875, 4.062394121414912e-23, nan 
70.875, 82.875, 4.421355298542284e-23, nan 
71.125, 82.875, 4.7014761243494046e-23, nan 
71.375, 82.875, 6.663670618143899e-23, nan 
71.625, 82.875, 7.262593679584423e-23, nan 
71.875, 82.875, 1.5314367964183615e-22, nan 
72.125, 82.875, 1.8478411477387132e-22, nan 
72.375, 82.875, 1.700643904792546e-22, nan 
72.625, 82.875, 2.0128632494006339e-22, nan 
72.875, 82.875, 1.5304003819264983e-22, nan 
73.125, 82.875, 1.485371925831065e-22, nan 
73.375, 82.875, 1.5135882460733544e-22, nan 
73.625, 82.875, 7.340411005816632e-23, nan 
73.875, 82.875, 7.657446605750066e-23, nan 
74.125, 82.875, 9.979054454330886e-23, nan 
74.375, 82.875, 9.865666208643809e-23, nan 
74.625, 82.875, 1.093411273441511e-22, nan 
74.875, 82.875, 1.5846027261869124e-22, nan 
75.125, 82.875, 1.3746137945801872e-22, nan 
75.375, 82.875, 1.0847905297924396e-22, nan 
75.625, 82.875, 1.473603104518752e-22, nan 
75.875, 82.875, 1.2701242428748373e-22, nan 
76.125, 82.875, 1.1654995011883463e-22, nan 
76.375, 82.875, 1.1502324280042475e-22, nan 
76.625, 82.875, 1.3187359036343946e-22, nan 
76.875, 82.875, 1.5308941751830898e-22, nan 
77.125, 82.875, 1.2719084321432357e-22, nan 
77.375, 82.875, 1.2351361186339316e-22, nan 
77.625, 82.875, 8.484979811375906e-23, nan 
77.875, 82.875, 6.499437093526945e-23, nan 
78.125, 82.875, 4.9152762722298534e-23, nan 
78.375, 82.875, 3.805722719523e-23, nan 
78.625, 82.875, 5.544198584064263e-23, nan 
78.875, 82.875, 4.6798848847163635e-23, nan 
79.125, 82.875, 3.284824310004497e-23, nan 
79.375, 82.875, 4.801593340783291e-23, nan 
79.625, 82.875, 4.731793969730641e-23, nan 
79.875, 82.875, 3.018570396722059e-23, nan 
80.125, 82.875, 2.0097466954433433e-23, nan 
80.375, 82.875, 1.6991505194632308e-23, nan 
80.625, 82.875, 3.35072007863439e-23, nan 
80.875, 82.875, 2.974150912259852e-23, nan 
81.125, 82.875, 2.3186426214290462e-23, nan 
81.375, 82.875, 4.854251269139193e-23, nan 
81.625, 82.875, 5.1845059928048385e-23, nan 
81.875, 82.875, 8.950598580340587e-23, nan 
82.125, 82.875, 9.901968979117273e-23, nan 
82.375, 82.875, 9.218951768269704e-23, nan 
82.625, 82.875, 8.72836706893443e-23, nan 
82.875, 82.875, 1.2005049672058175e-22, nan 
83.125, 82.875, 1.238818252478891e-22, nan 
83.375, 82.875, 1.2996234734831657e-22, nan 
83.625, 82.875, 1.2490555775142347e-22, nan 
83.875, 82.875, 1.267183903470276e-22, nan 
84.125, 82.875, 1.448049055444694e-22, nan 
84.375, 82.875, 1.822807570043074e-22, nan 
84.625, 82.875, 1.2541240298217512e-22, nan 
84.875, 82.875, 1.2330219452024528e-22, nan 
85.125, 82.875, 1.335600045033317e-22, nan 
85.375, 82.875, 1.3832736061787878e-22, nan 
85.625, 82.875, 1.5024784225213997e-22, nan 
85.875, 82.875, 1.67904195565457e-22, nan 
86.125, 82.875, 1.6767394210121793e-22, nan 
86.375, 82.875, 2.0270923574759055e-22, nan 
86.625, 82.875, 2.4693614571011863e-22, nan 
86.875, 82.875, 1.0811245320457127e-22, nan 
87.125, 82.875, 1.0926152829602919e-22, nan 
87.375, 82.875, 1.3534663000379367e-22, nan 
87.625, 82.875, 1.0557995954275091e-22, nan 
87.875, 82.875, 1.1419148955457737e-22, nan 
88.125, 82.875, 1.802788033055555e-22, nan 
88.375, 82.875, 1.8386909702607834e-22, nan 
88.625, 82.875, 1.7982490869931966e-22, nan 
88.875, 82.875, 2.268256755468264e-22, nan 
89.125, 82.875, 2.285273342795616e-22, nan 
89.375, 82.875, 2.2003846291044304e-22, nan 
89.625, 82.875, 2.0753609454199198e-22, nan 
89.875, 82.875, 2.257894285323191e-22, nan 
90.125, 82.875, 2.1920295737860625e-22, nan 
90.375, 82.875, 2.273554144427357e-22, nan 
90.625, 82.875, 2.04290375537388e-22, nan 
90.875, 82.875, 1.5608937211117282e-22, nan 
91.125, 82.875, 1.9852714981650736e-22, nan 
91.375, 82.875, 2.9235187266680325e-22, nan 
91.625, 82.875, 3.002353121478975e-22, nan 
91.875, 82.875, 3.0178775924965477e-22, nan 
92.125, 82.875, 2.9125920736105563e-22, nan 
92.375, 82.875, 3.0308004103005226e-22, nan 
92.625, 82.875, 3.3624626472128393e-22, nan 
92.875, 82.875, 3.1376192120432472e-22, nan 
93.125, 82.875, 2.874200841919091e-22, nan 
93.375, 82.875, 2.1593072735842007e-22, nan 
93.625, 82.875, 2.3339895189268016e-22, nan 
93.875, 82.875, 2.5539946630337726e-22, nan 
94.125, 82.875, 2.2135996699934554e-22, nan 
94.375, 82.875, 2.313026745015725e-22, nan 
94.625, 82.875, 2.3245741948628796e-22, nan 
94.875, 82.875, 2.295770196131645e-22, nan 
95.125, 82.875, 2.1513018346287964e-22, nan 
95.375, 82.875, 2.4896493794043716e-22, nan 
95.625, 82.875, 2.512846550734007e-22, nan 
95.875, 82.875, 2.5070870347474274e-22, nan 
96.125, 82.875, 2.113295928824209e-22, nan 
96.375, 82.875, 2.218585675451189e-22, nan 
96.625, 82.875, 2.495412813201208e-22, nan 
96.875, 82.875, 2.471595974422425e-22, nan 
97.125, 82.875, 2.335122374027861e-22, nan 
97.375, 82.875, 2.1115231648408087e-22, nan 
97.625, 82.875, 2.780576759921373e-22, nan 
97.875, 82.875, 2.5466385536844023e-22, nan 
98.125, 82.875, 1.578669419997884e-22, nan 
98.375, 82.875, 2.5359634264272865e-22, nan 
98.625, 82.875, 2.688014429322549e-22, nan 
98.875, 82.875, 2.5150450490736086e-22, nan 
99.125, 82.875, 2.794928071150345e-22, nan 
99.375, 82.875, 2.8917178010788086e-22, nan 
99.625, 82.875, 3.112828512649473e-22, nan 
99.875, 82.875, 3.45241295404638e-22, nan 
100.125, 82.875, 3.298333673899035e-22, nan 
100.375, 82.875, 2.433676017010506e-22, nan 
100.625, 82.875, 2.991578822436764e-22, nan 
100.875, 82.875, 3.7231496791329674e-22, nan 
101.125, 82.875, 3.529651098056076e-22, nan 
101.375, 82.875, 4.252141787478297e-22, nan 
101.625, 82.875, 4.381204323832842e-22, nan 
101.875, 82.875, 4.825560530915483e-22, nan 
102.125, 82.875, 4.83585475733223e-22, nan 
102.375, 82.875, 4.1131267882621876e-22, nan 
102.625, 82.875, 3.3283588479518817e-22, nan 
102.875, 82.875, 3.5134093149459194e-22, nan 
103.125, 82.875, 5.302860631196417e-22, nan 
103.375, 82.875, 5.716989878767902e-22, nan 
103.625, 82.875, 5.659878722947284e-22, nan 
103.875, 82.875, 5.069068505147443e-22, nan 
104.125, 82.875, 5.443308988957844e-22, nan 
104.375, 82.875, 5.793356128576469e-22, nan 
104.625, 82.875, 5.270425421351244e-22, nan 
104.875, 82.875, 4.977725989193211e-22, nan 
105.125, 82.875, 4.448541913767457e-22, nan 
105.375, 82.875, 4.2152960955536984e-22, nan 
105.625, 82.875, 4.04214061164003e-22, nan 
105.875, 82.875, 3.9453936825041034e-22, nan 
106.125, 82.875, 4.1660829101509363e-22, nan 
106.375, 82.875, 3.6738079803759097e-22, nan 
106.625, 82.875, 3.581818872086157e-22, nan 
106.875, 82.875, 3.378939251642793e-22, nan 
107.125, 82.875, 2.329892372594062e-22, nan 
107.375, 82.875, 2.4288059292367107e-22, nan 
107.625, 82.875, 2.9357010974928494e-22, nan 
107.875, 82.875, 3.0887193972950367e-22, nan 
108.125, 82.875, 2.7421329977778305e-22, nan 
108.375, 82.875, 3.4582495771242084e-22, nan 
108.625, 82.875, 3.3740255395782756e-22, nan 
108.875, 82.875, 3.4744937637946954e-22, nan 
109.125, 82.875, 4.340717128430064e-22, nan 
109.375, 82.875, 4.767455968077034e-22, nan 
109.625, 82.875, 4.203968653318196e-22, nan 
109.875, 82.875, 5.299272575999127e-22, nan 
110.125, 82.875, 5.863197620512502e-22, nan 
110.375, 82.875, 5.625037344532547e-22, nan 
110.625, 82.875, 5.592170786564482e-22, nan 
110.875, 82.875, 4.888824691746761e-22, nan 
111.125, 82.875, 4.230463689595214e-22, nan 
111.375, 82.875, 3.151719211392263e-22, nan 
111.625, 82.875, 2.9599031637404345e-22, nan 
111.875, 82.875, 2.628461994820179e-22, nan 
112.125, 82.875, 3.017783515485498e-22, nan 
112.375, 82.875, 3.471931173803109e-22, nan 
112.625, 82.875, 3.2518351026290705e-22, nan 
112.875, 82.875, 3.0665875071640183e-22, nan 
113.125, 82.875, 2.9504791417944648e-22, nan 
113.375, 82.875, 2.699601874082652e-22, nan 
113.625, 82.875, 1.8211270863051503e-22, nan 
113.875, 82.875, 1.5195564203965396e-22, nan 
114.125, 82.875, 1.2820779669831144e-22, nan 
114.375, 82.875, 9.068146945038052e-23, nan 
114.625, 82.875, 7.373487627988944e-23, nan 
114.875, 82.875, 7.79092446813214e-23, nan 
115.125, 82.875, 8.131430225718259e-23, nan 
115.375, 82.875, 7.75955550737962e-23, nan 
115.625, 82.875, 7.262578751957676e-23, nan 
115.875, 82.875, 6.910452238642053e-23, nan 
116.125, 82.875, 6.997468578242201e-23, nan 
116.375, 82.875, 7.085865500821898e-23, nan 
116.625, 82.875, 7.342229227480776e-23, nan 
116.875, 82.875, 5.768173086904125e-23, nan 
117.125, 82.875, 4.2487935732897907e-23, nan 
117.375, 82.875, 3.4783585889162754e-23, nan 
117.625, 82.875, 4.523418561027022e-23, nan 
117.875, 82.875, 4.750329030257272e-23, nan 
118.125, 82.875, 4.0791382821467e-23, nan 
118.375, 82.875, 5.523694647500491e-23, nan 
118.625, 82.875, 5.372217976816084e-23, nan 
118.875, 82.875, 4.065670424883649e-23, nan 
119.125, 82.875, 3.7376776632505014e-23, nan 
119.375, 82.875, 4.9599717535456364e-23, nan 
119.625, 82.875, 5.1689258644278104e-23, nan 
119.875, 82.875, 4.498674298177851e-23, nan 
120.125, 82.875, 3.650895020449278e-23, nan 
120.375, 82.875, 3.283605951930796e-23, nan 
120.625, 82.875, 3.2877440358725884e-23, nan 
120.875, 82.875, 2.1644919773787128e-23, nan 
121.125, 82.875, 1.8327468167071157e-23, nan 
121.375, 82.875, 2.0469492232089283e-23, nan 
121.625, 82.875, 2.5233012452075907e-23, nan 
121.875, 82.875, 3.2968379240874073e-23, nan 
122.125, 82.875, 2.5915402607455574e-23, nan 
122.375, 82.875, 2.6406007540777126e-23, nan 
122.625, 82.875, 2.561333927344542e-23, nan 
122.875, 82.875, 2.637582679627223e-23, nan 
123.125, 82.875, 2.5146409153911183e-23, nan 
123.375, 82.875, 2.7778675928026476e-23, nan 
123.625, 82.875, 3.5649711808903113e-23, nan 
123.875, 82.875, 3.507325738365584e-23, nan 
124.125, 82.875, 2.986957989239406e-23, nan 
124.375, 82.875, 2.9296988573515086e-23, nan 
124.625, 82.875, 3.179818959202912e-23, nan 
124.875, 82.875, 3.2699666116007204e-23, nan 
125.125, 82.875, 2.9538685311139075e-23, nan 
125.375, 82.875, 2.252597422308409e-23, nan 
125.625, 82.875, 1.6023325569930968e-23, nan 
125.875, 82.875, 1.3276796186753497e-23, nan 
126.125, 82.875, 1.4229249231726207e-23, nan 
126.375, 82.875, 1.1891901200627063e-23, nan 
126.625, 82.875, 8.554576347115457e-24, nan 
126.875, 82.875, 1.2065492900481077e-23, nan 
127.125, 82.875, 1.0450075024902886e-23, nan 
127.375, 82.875, 8.661491832888284e-24, nan 
127.625, 82.875, 6.638034278956823e-24, nan 
127.875, 82.875, 7.977680026929155e-24, nan 
128.125, 82.875, 1.0382228795757958e-23, nan 
128.375, 82.875, 1.6329341911086112e-23, nan 
128.625, 82.875, 1.3905513800069315e-23, nan 
128.875, 82.875, 8.968996529823149e-24, nan 
129.125, 82.875, 1.1415774848375516e-23, nan 
129.375, 82.875, 1.5549315243546933e-23, nan 
129.625, 82.875, 1.698093705375762e-23, nan 
129.875, 82.875, 1.3753757366808872e-23, nan 
130.125, 82.875, 1.2987149835675958e-23, nan 
130.375, 82.875, 1.4835994514080242e-23, nan 
130.625, 82.875, 1.396370822269247e-23, nan 
130.875, 82.875, 1.394289051606217e-23, nan 
131.125, 82.875, 1.34600504899998e-23, nan 
131.375, 82.875, 1.3240345763527968e-23, nan 
131.625, 82.875, 1.3027596720952239e-23, nan 
131.875, 82.875, 1.3934172368264107e-23, nan 
132.125, 82.875, 1.3160809765388173e-23, nan 
132.375, 82.875, 1.1606471724743723e-23, nan 
132.625, 82.875, 1.2303378955953045e-23, nan 
132.875, 82.875, 1.0442324302356846e-23, nan 
133.125, 82.875, 8.070071709108977e-24, nan 
133.375, 82.875, 6.152389405682941e-24, nan 
133.625, 82.875, 7.129435799979948e-24, nan 
133.875, 82.875, 9.676454447349849e-24, nan 
134.125, 82.875, 7.804566312415123e-24, nan 
134.375, 82.875, 6.21783802169078e-24, nan 
134.625, 82.875, 4.547360335936578e-24, nan 
134.875, 82.875, 4.621276617032311e-24, nan 
135.125, 82.875, 3.0235038193946095e-24, nan 
135.375, 82.875, 5.788754630891377e-24, nan 
135.625, 82.875, 8.262269698698145e-24, nan 
135.875, 82.875, 9.13000581606086e-24, nan 
136.125, 82.875, 1.0776830804190601e-23, nan 
136.375, 82.875, 1.0117505438765014e-23, nan 
136.625, 82.875, 1.0897898105460748e-23, nan 
136.875, 82.875, 1.816958407685919e-23, nan 
137.125, 82.875, 2.2788714611659445e-23, nan 
137.375, 82.875, 2.2689916734751491e-23, nan 
137.625, 82.875, 1.6941988947943094e-23, nan 
137.875, 82.875, 1.5112312200090652e-23, nan 
138.125, 82.875, 1.6007715112596515e-23, nan 
138.375, 82.875, 1.5554059379797593e-23, nan 
138.625, 82.875, 1.5083659679586296e-23, nan 
138.875, 82.875, 1.6440191068497648e-23, nan 
139.125, 82.875, 1.6860505956846478e-23, nan 
139.375, 82.875, 1.6837798331318617e-23, nan 
139.625, 82.875, 1.5356473523328996e-23, nan 
139.875, 82.875, 1.187112554797768e-23, nan 
140.125, 82.875, 1.0023612680849178e-23, nan 
140.375, 82.875, 8.805434813830275e-24, nan 
140.625, 82.875, 8.743106418588883e-24, nan 
140.875, 82.875, 7.217879390153158e-24, nan 
141.125, 82.875, 7.13620674251043e-24, nan 
141.375, 82.875, 6.166471839663925e-24, nan 
141.625, 82.875, 5.694315075548126e-24, nan 
141.875, 82.875, 4.931337715855107e-24, nan 
142.125, 82.875, 4.867257885981887e-24, nan 
142.375, 82.875, 5.017323196414139e-24, nan 
142.625, 82.875, 3.846499848438613e-24, nan 
142.875, 82.875, 2.5184251238897542e-24, nan 
143.125, 82.875, 3.415843127496846e-24, nan 
143.375, 82.875, 3.8607276832051845e-24, nan 
143.625, 82.875, 3.462231542465407e-24, nan 
143.875, 82.875, 3.521230036483606e-24, nan 
144.125, 82.875, 4.9023561602743224e-24, nan 
144.375, 82.875, 5.945939400990782e-24, nan 
144.625, 82.875, 5.716476326724882e-24, nan 
144.875, 82.875, 5.720695056919282e-24, nan 
145.125, 82.875, 6.915725059401078e-24, nan 
145.375, 82.875, 8.32880582104779e-24, nan 
145.625, 82.875, 7.633241968094605e-24, nan 
145.875, 82.875, 8.910576169564839e-24, nan 
146.125, 82.875, 8.40313430115603e-24, nan 
146.375, 82.875, 8.366681969176122e-24, nan 
146.625, 82.875, 8.907697346026526e-24, nan 
146.875, 82.875, 8.67017524754381e-24, nan 
147.125, 82.875, 9.239121024331267e-24, nan 
147.375, 82.875, 8.915278998712949e-24, nan 
147.625, 82.875, 8.843632579660135e-24, nan 
147.875, 82.875, 8.59556835493144e-24, nan 
148.125, 82.875, 9.215770499086131e-24, nan 
148.375, 82.875, 8.71026425556038e-24, nan 
148.625, 82.875, 8.230830342301847e-24, nan 
148.875, 82.875, 8.39881203054143e-24, nan 
149.125, 82.875, 8.191031241703775e-24, nan 
149.375, 82.875, 8.512492605543129e-24, nan 
149.625, 82.875, 7.882074136255705e-24, nan 
149.875, 82.875, 6.5883189459789974e-24, nan 
150.125, 82.875, 6.830163425442693e-24, nan 
150.375, 82.875, 6.120876399861117e-24, nan 
150.625, 82.875, 6.069165728920664e-24, nan 
150.875, 82.875, 5.991570303509877e-24, nan 
151.125, 82.875, 5.504671298485221e-24, nan 
151.375, 82.875, 5.4021815209415546e-24, nan 
151.625, 82.875, 5.321716367615314e-24, nan 
151.875, 82.875, 5.46233253389862e-24, nan 
152.125, 82.875, 5.368669239931315e-24, nan 
152.375, 82.875, 4.84555017861857e-24, nan 
152.625, 82.875, 4.6194979411736014e-24, nan 
152.875, 82.875, 4.9630352253035115e-24, nan 
153.125, 82.875, 4.9530199505203655e-24, nan 
153.375, 82.875, 5.117312009480229e-24, nan 
153.625, 82.875, 4.9957463569887795e-24, nan 
153.875, 82.875, 4.5552200010427985e-24, nan 
154.125, 82.875, 4.523424093320283e-24, nan 
154.375, 82.875, 4.5100497583618944e-24, nan 
154.625, 82.875, 3.980790129787331e-24, nan 
154.875, 82.875, 3.973204270606851e-24, nan 
155.125, 82.875, 3.876354546692356e-24, nan 
155.375, 82.875, 3.7961989315892265e-24, nan 
155.625, 82.875, 3.7798728550661356e-24, nan 
155.875, 82.875, 3.506888374215737e-24, nan 
156.125, 82.875, 3.540592401106895e-24, nan 
156.375, 82.875, 3.5822577449081884e-24, nan 
156.625, 82.875, 3.203525934896188e-24, nan 
156.875, 82.875, 3.1295469061081316e-24, nan 
157.125, 82.875, 3.3286694594785504e-24, nan 
157.375, 82.875, 3.032670892471788e-24, nan 
157.625, 82.875, 3.1381950383457307e-24, nan 
157.875, 82.875, 2.9800329592250896e-24, nan 
158.125, 82.875, 2.900121322293174e-24, nan 
158.375, 82.875, 2.8929749880195458e-24, nan 
158.625, 82.875, 3.151442008820606e-24, nan 
158.875, 82.875, 2.737635396592151e-24, nan 
159.125, 82.875, 2.6846136434645982e-24, nan 
159.375, 82.875, 2.8574642932800306e-24, nan 
159.625, 82.875, 2.747932273877255e-24, nan 
159.875, 82.875, 2.5209461216865948e-24, nan 
160.125, 82.875, 2.3301240766814776e-24, nan 
160.375, 82.875, 2.7100275037504487e-24, nan 
160.625, 82.875, 2.6364476787299185e-24, nan 
160.875, 82.875, 2.186290754248545e-24, nan 
161.125, 82.875, 2.3048429266736746e-24, nan 
161.375, 82.875, 2.9077551698309524e-24, nan 
161.625, 82.875, 2.4998796434539215e-24, nan 
161.875, 82.875, 2.347388293264024e-24, nan 
162.125, 82.875, 2.2879292328691085e-24, nan 
162.375, 82.875, 2.3836562412658555e-24, nan 
162.625, 82.875, 2.2879829493141297e-24, nan 
162.875, 82.875, 2.4085928611102744e-24, nan 
163.125, 82.875, 2.4251761410179374e-24, nan 
163.375, 82.875, 2.2339972372635962e-24, nan 
163.625, 82.875, 2.529843635267397e-24, nan 
163.875, 82.875, 2.3979864337704905e-24, nan 
164.125, 82.875, 2.290613255599307e-24, nan 
164.375, 82.875, 2.2154624994085445e-24, nan 
164.625, 82.875, 2.3776540628278646e-24, nan 
164.875, 82.875, 2.0433617064383384e-24, nan 
165.125, 82.875, 2.0640082531128847e-24, nan 
165.375, 82.875, 2.2817595127663434e-24, nan 
165.625, 82.875, 2.2553147377281847e-24, nan 
165.875, 82.875, 1.7142021163692577e-24, nan 
166.125, 82.875, 2.1092156317124473e-24, nan 
166.375, 82.875, 2.2401631177830076e-24, nan 
166.625, 82.875, 2.221048608181169e-24, nan 
166.875, 82.875, 2.14464098763672e-24, nan 
167.125, 82.875, 2.2963192699425575e-24, nan 
167.375, 82.875, 2.1875430201819167e-24, nan 
167.625, 82.875, 2.1836971906195068e-24, nan 
167.875, 82.875, 2.2530037796023804e-24, nan 
168.125, 82.875, 2.335693163718783e-24, nan 
168.375, 82.875, 2.093260010235403e-24, nan 
168.625, 82.875, 2.0761500599788656e-24, nan 
168.875, 82.875, 2.2914098832175427e-24, nan 
169.125, 82.875, 2.2379913277944914e-24, nan 
169.375, 82.875, 2.3841937834512562e-24, nan 
169.625, 82.875, 2.5674876999932012e-24, nan 
169.875, 82.875, 2.5477006099035746e-24, nan 
170.125, 82.875, 2.6649296307461696e-24, nan 
170.375, 82.875, 2.494152388473518e-24, nan 
170.625, 82.875, 2.5748830590483607e-24, nan 
170.875, 82.875, 2.49490561020033e-24, nan 
171.125, 82.875, 2.5043033115919196e-24, nan 
171.375, 82.875, 2.469513552069546e-24, nan 
171.625, 82.875, 2.4413434628339293e-24, nan 
171.875, 82.875, 2.417020978235513e-24, nan 
172.125, 82.875, 2.167198369331272e-24, nan 
172.375, 82.875, 2.4144286826909332e-24, nan 
172.625, 82.875, 2.3227241745438657e-24, nan 
172.875, 82.875, 2.2092439296732156e-24, nan 
173.125, 82.875, 2.164768319291313e-24, nan 
173.375, 82.875, 2.0937421260335706e-24, nan 
173.625, 82.875, 2.0901273489004212e-24, nan 
173.875, 82.875, 1.9861536110817306e-24, nan 
174.125, 82.875, 1.960970455485451e-24, nan 
174.375, 82.875, 1.812720667315207e-24, nan 
174.625, 82.875, 1.7654639317407785e-24, nan 
174.875, 82.875, 1.794338030735821e-24, nan 
175.125, 82.875, 1.6291907614564543e-24, nan 
175.375, 82.875, 1.6400465211174334e-24, nan 
175.625, 82.875, 1.5859381623207092e-24, nan 
175.875, 82.875, 1.521440712501062e-24, nan 
176.125, 82.875, 1.4317527582069284e-24, nan 
176.375, 82.875, 1.4350018216285382e-24, nan 
176.625, 82.875, 1.3095538534224906e-24, nan 
176.875, 82.875, 1.155506928990215e-24, nan 
177.125, 82.875, 1.0526050334449563e-24, nan 
177.375, 82.875, 1.072267478980453e-24, nan 
177.625, 82.875, 1.121508827853669e-24, nan 
177.875, 82.875, 1.036193716853261e-24, nan 
178.125, 82.875, 9.312640168617666e-25, nan 
178.375, 82.875, 1.1115575870118024e-24, nan 
178.625, 82.875, 7.28301537634977e-25, nan 
178.875, 82.875, 7.506214167211635e-25, nan 
179.125, 82.875, 7.311462697017855e-25, nan 
179.375, 82.875, 1.12479593608832e-24, nan 
179.625, 82.875, 9.743759872846403e-25, nan 
179.875, 82.875, 5.484288071988666e-25, nan 
-179.875, 83.125, 1.5912286909672241e-24, nan 
-179.625, 83.125, 1.8040381311094094e-24, nan 
-179.375, 83.125, 1.5331901532091822e-24, nan 
-179.125, 83.125, 1.3711743760914525e-24, nan 
-178.875, 83.125, 1.5086174056715784e-24, nan 
-178.625, 83.125, 1.6888961731232002e-24, nan 
-178.375, 83.125, 1.5440287383172779e-24, nan 
-178.125, 83.125, 1.45842068161376e-24, nan 
-177.875, 83.125, 1.634268048173402e-24, nan 
-177.625, 83.125, 1.675430839659241e-24, nan 
-177.375, 83.125, 1.72456583186002e-24, nan 
-177.125, 83.125, 1.597305937905236e-24, nan 
-176.875, 83.125, 1.5838232303741585e-24, nan 
-176.625, 83.125, 1.928281823375713e-24, nan 
-176.375, 83.125, 1.9153677598895127e-24, nan 
-176.125, 83.125, 1.724916928791826e-24, nan 
-175.875, 83.125, 1.5230397161857023e-24, nan 
-175.625, 83.125, 1.6444131294998503e-24, nan 
-175.375, 83.125, 1.6648292585040947e-24, nan 
-175.125, 83.125, 1.718620729753926e-24, nan 
-174.875, 83.125, 1.7385285651035732e-24, nan 
-174.625, 83.125, 1.6251250824552627e-24, nan 
-174.375, 83.125, 1.5601328601593048e-24, nan 
-174.125, 83.125, 1.6355657171106796e-24, nan 
-173.875, 83.125, 1.7300594617738844e-24, nan 
-173.625, 83.125, 1.6906518201775036e-24, nan 
-173.375, 83.125, 1.659617417244548e-24, nan 
-173.125, 83.125, 1.6973848831852536e-24, nan 
-172.875, 83.125, 1.685081228519627e-24, nan 
-172.625, 83.125, 1.7149030186732765e-24, nan 
-172.375, 83.125, 1.682793153333963e-24, nan 
-172.125, 83.125, 1.337705005191905e-24, nan 
-171.875, 83.125, 1.3043745684469313e-24, nan 
-171.625, 83.125, 1.5129342684286824e-24, nan 
-171.375, 83.125, 1.3995725366121582e-24, nan 
-171.125, 83.125, 1.4353315655487729e-24, nan 
-170.875, 83.125, 1.5228471652823428e-24, nan 
-170.625, 83.125, 1.5765624094318506e-24, nan 
13.375, 83.125, 3.426645838644459e-24, nan 
13.625, 83.125, 3.1694118416659096e-24, nan 
13.875, 83.125, 3.3025525500119802e-24, nan 
14.125, 83.125, 3.468557607083436e-24, nan 
14.375, 83.125, 3.432055981563689e-24, nan 
14.625, 83.125, 3.484561617411395e-24, nan 
14.875, 83.125, 3.420001599607207e-24, nan 
15.125, 83.125, 3.1200777297549435e-24, nan 
15.375, 83.125, 3.333837717978222e-24, nan 
15.625, 83.125, 3.52255785693532e-24, nan 
15.875, 83.125, 3.2814777289046244e-24, nan 
16.125, 83.125, 3.1371347632964547e-24, nan 
16.375, 83.125, 2.7170162714573056e-24, nan 
16.625, 83.125, 2.5248712634199587e-24, nan 
16.875, 83.125, 2.4371494504927375e-24, nan 
17.125, 83.125, 2.6750812745458775e-24, nan 
17.375, 83.125, 2.811637360667407e-24, nan 
17.625, 83.125, 3.0292561656098056e-24, nan 
17.875, 83.125, 3.217632381631871e-24, nan 
18.125, 83.125, 2.353667620214852e-24, nan 
18.375, 83.125, 1.7431950751768374e-24, nan 
18.625, 83.125, 1.7077570962100878e-24, nan 
18.875, 83.125, 1.977011066317669e-24, nan 
19.125, 83.125, 2.176549943473183e-24, nan 
19.375, 83.125, 2.351181214618415e-24, nan 
19.625, 83.125, 2.5134198609041413e-24, nan 
19.875, 83.125, 2.493427295287193e-24, nan 
20.125, 83.125, 2.4439586701830748e-24, nan 
20.375, 83.125, 2.8713434174724254e-24, nan 
20.625, 83.125, 3.2589307370258982e-24, nan 
20.875, 83.125, 3.499208958022657e-24, nan 
21.125, 83.125, 3.5581983382572e-24, nan 
21.375, 83.125, 3.589397989204687e-24, nan 
21.625, 83.125, 3.7527087121006366e-24, nan 
21.875, 83.125, 3.715419353077024e-24, nan 
22.125, 83.125, 3.678428302414349e-24, nan 
22.375, 83.125, 3.864025669806435e-24, nan 
22.625, 83.125, 3.957692776159649e-24, nan 
22.875, 83.125, 3.884671626318187e-24, nan 
23.125, 83.125, 3.950434572657031e-24, nan 
23.375, 83.125, 4.00511091868213e-24, nan 
23.625, 83.125, 3.893210838460352e-24, nan 
23.875, 83.125, 3.609086257614076e-24, nan 
24.125, 83.125, 3.36263307794076e-24, nan 
24.375, 83.125, 3.457133565786001e-24, nan 
24.625, 83.125, 3.4902910840764e-24, nan 
24.875, 83.125, 3.1983651031272333e-24, nan 
25.125, 83.125, 3.0246367739954732e-24, nan 
25.375, 83.125, 2.97211149578343e-24, nan 
25.625, 83.125, 2.9402224187862025e-24, nan 
25.875, 83.125, 2.8227226485444077e-24, nan 
26.125, 83.125, 2.8960199980597475e-24, nan 
26.375, 83.125, 2.7997847447893683e-24, nan 
26.625, 83.125, 2.917230489146702e-24, nan 
26.875, 83.125, 2.7492372950899276e-24, nan 
27.125, 83.125, 2.6760005568160658e-24, nan 
27.375, 83.125, 2.6831541091667682e-24, nan 
27.625, 83.125, 2.748002976963999e-24, nan 
27.875, 83.125, 2.58125575471425e-24, nan 
28.125, 83.125, 2.5990004948438824e-24, nan 
28.375, 83.125, 2.5909125502329126e-24, nan 
28.625, 83.125, 2.4852130633602233e-24, nan 
28.875, 83.125, 2.3190130285394618e-24, nan 
29.125, 83.125, 2.408347545296415e-24, nan 
29.375, 83.125, 2.5453543806396975e-24, nan 
29.625, 83.125, 2.3051755476434585e-24, nan 
29.875, 83.125, 2.4121747583956018e-24, nan 
30.125, 83.125, 2.3920191252943275e-24, nan 
30.375, 83.125, 2.2507463325795125e-24, nan 
30.625, 83.125, 2.068251189816225e-24, nan 
30.875, 83.125, 2.2126363604204646e-24, nan 
31.125, 83.125, 2.110705900026505e-24, nan 
31.375, 83.125, 1.959680981899963e-24, nan 
31.625, 83.125, 1.9952971494059227e-24, nan 
31.875, 83.125, 2.0133668871933526e-24, nan 
32.125, 83.125, 1.8687879790806347e-24, nan 
32.375, 83.125, 1.8446212957430052e-24, nan 
32.625, 83.125, 1.9277969877922225e-24, nan 
32.875, 83.125, 1.9190577776776754e-24, nan 
33.125, 83.125, 1.9675608974862897e-24, nan 
33.375, 83.125, 2.123224432224817e-24, nan 
33.625, 83.125, 1.9858881105361588e-24, nan 
33.875, 83.125, 1.9912542797736277e-24, nan 
34.125, 83.125, 2.1236116062992484e-24, nan 
34.375, 83.125, 2.3314608168606702e-24, nan 
34.625, 83.125, 2.097627383461753e-24, nan 
34.875, 83.125, 1.7693293485559972e-24, nan 
35.125, 83.125, 1.8492957392902492e-24, nan 
35.375, 83.125, 1.8222226777270514e-24, nan 
35.625, 83.125, 1.5553216783375558e-24, nan 
35.875, 83.125, 1.4762278568643399e-24, nan 
36.125, 83.125, 1.6424782554975257e-24, nan 
36.375, 83.125, 2.1028874812799447e-24, nan 
36.625, 83.125, 2.4732544993380808e-24, nan 
36.875, 83.125, 2.834941374156689e-24, nan 
37.125, 83.125, 3.508426955008065e-24, nan 
37.375, 83.125, 5.868073713990735e-24, nan 
37.625, 83.125, 1.359188878385827e-23, nan 
37.875, 83.125, 1.6887634031187735e-23, nan 
38.125, 83.125, 1.8360517199333158e-23, nan 
38.375, 83.125, 1.9601489278405187e-23, nan 
38.625, 83.125, 2.5462245946132188e-23, nan 
38.875, 83.125, 2.4942096621845394e-23, nan 
39.125, 83.125, 2.5246063977973686e-23, nan 
39.375, 83.125, 2.675792982603118e-23, nan 
39.625, 83.125, 3.0713859924273346e-23, nan 
39.875, 83.125, 2.977691203708489e-23, nan 
40.125, 83.125, 3.098586695018124e-23, nan 
40.375, 83.125, 3.142029993521931e-23, nan 
40.625, 83.125, 3.3016936175432733e-23, nan 
40.875, 83.125, 3.448013408063082e-23, nan 
41.125, 83.125, 3.571539159179764e-23, nan 
41.375, 83.125, 3.633743621375038e-23, nan 
41.625, 83.125, 3.839660641979921e-23, nan 
41.875, 83.125, 4.090831389952263e-23, nan 
42.125, 83.125, 4.210428990364746e-23, nan 
42.375, 83.125, 4.4145317498360456e-23, nan 
42.625, 83.125, 4.791823633605936e-23, nan 
42.875, 83.125, 4.719661310942167e-23, nan 
43.125, 83.125, 4.7689500283213156e-23, nan 
43.375, 83.125, 5.0073557722757637e-23, nan 
43.625, 83.125, 4.9614173424093176e-23, nan 
43.875, 83.125, 5.0444841121822427e-23, nan 
44.125, 83.125, 5.025072796870403e-23, nan 
44.375, 83.125, 4.697888679524343e-23, nan 
44.625, 83.125, 4.669005558634587e-23, nan 
44.875, 83.125, 4.7203469081036417e-23, nan 
45.125, 83.125, 4.54744834680138e-23, nan 
45.375, 83.125, 4.5212372624959764e-23, nan 
45.625, 83.125, 4.503094938932528e-23, nan 
45.875, 83.125, 4.3463428050054875e-23, nan 
46.125, 83.125, 4.026104342055253e-23, nan 
46.375, 83.125, 4.495237395251894e-23, nan 
46.625, 83.125, 4.3413795203029446e-23, nan 
46.875, 83.125, 3.327749127848804e-23, nan 
47.125, 83.125, 3.09038426146372e-23, nan 
47.375, 83.125, 3.2600941272345477e-23, nan 
47.625, 83.125, 2.5348160735822957e-23, nan 
47.875, 83.125, 2.287356354882017e-23, nan 
48.125, 83.125, 2.614082181578484e-23, nan 
48.375, 83.125, 2.111162410933397e-23, nan 
48.625, 83.125, 2.5199471762265668e-23, nan 
48.875, 83.125, 3.7888206640273805e-23, nan 
49.125, 83.125, 3.75528493750228e-23, nan 
49.375, 83.125, 3.131627661354333e-23, nan 
49.625, 83.125, 3.913613756410481e-23, nan 
49.875, 83.125, 4.656202209995613e-23, nan 
50.125, 83.125, 4.849029286083955e-23, nan 
50.375, 83.125, 4.851336899921134e-23, nan 
50.625, 83.125, 4.8931376939834846e-23, nan 
50.875, 83.125, 5.626439909172945e-23, nan 
51.125, 83.125, 5.686541559732609e-23, nan 
51.375, 83.125, 6.173367898027716e-23, nan 
51.625, 83.125, 6.745725307361685e-23, nan 
51.875, 83.125, 6.803005937403956e-23, nan 
52.125, 83.125, 6.809103235176024e-23, nan 
52.375, 83.125, 7.046592239788446e-23, nan 
52.625, 83.125, 7.0875696549263e-23, nan 
52.875, 83.125, 7.02404923889569e-23, nan 
53.125, 83.125, 6.933569317101737e-23, nan 
53.375, 83.125, 7.446698220936237e-23, nan 
53.625, 83.125, 7.564041580777701e-23, nan 
53.875, 83.125, 6.988941275815547e-23, nan 
54.125, 83.125, 7.330100227826464e-23, nan 
54.375, 83.125, 7.528517855625352e-23, nan 
54.625, 83.125, 8.03694532497391e-23, nan 
54.875, 83.125, 7.870011082294455e-23, nan 
55.125, 83.125, 7.946271365701932e-23, nan 
55.375, 83.125, 7.826245627749857e-23, nan 
55.625, 83.125, 8.049773771976725e-23, nan 
55.875, 83.125, 8.107840518957276e-23, nan 
56.125, 83.125, 6.813860792024876e-23, nan 
56.375, 83.125, 7.20971666014113e-23, nan 
56.625, 83.125, 4.243461429488888e-23, nan 
56.875, 83.125, 1.4815736946767773e-23, nan 
57.125, 83.125, 1.7612463330642517e-23, nan 
57.375, 83.125, 1.98257049064734e-23, nan 
57.625, 83.125, 1.8828885727284052e-23, nan 
57.875, 83.125, 1.972171807703402e-23, nan 
58.125, 83.125, 2.1948748971213312e-23, nan 
58.375, 83.125, 1.906652095452853e-23, nan 
58.625, 83.125, 2.1276412516277547e-23, nan 
58.875, 83.125, 2.3690568550918343e-23, nan 
59.125, 83.125, 2.4838376084482198e-23, nan 
59.375, 83.125, 2.623210732866362e-23, nan 
59.625, 83.125, 2.2614704198545228e-23, nan 
59.875, 83.125, 2.5718706071464136e-23, nan 
60.125, 83.125, 2.1532312011176914e-23, nan 
60.375, 83.125, 2.499950754012881e-23, nan 
60.625, 83.125, 2.5599620689725805e-23, nan 
60.875, 83.125, 2.793400303195785e-23, nan 
61.125, 83.125, 1.813154207692567e-23, nan 
61.375, 83.125, 3.350991227635648e-23, nan 
61.625, 83.125, 4.131728651538197e-23, nan 
61.875, 83.125, 3.258652702915893e-23, nan 
62.125, 83.125, 3.9317328553900374e-23, nan 
62.375, 83.125, 4.5187061538869895e-23, nan 
62.625, 83.125, 5.252443799454842e-23, nan 
62.875, 83.125, 6.2462067589204e-23, nan 
63.125, 83.125, 7.294857862552228e-23, nan 
63.375, 83.125, 7.761156873069022e-23, nan 
63.625, 83.125, 7.47939090948225e-23, nan 
63.875, 83.125, 7.868462609464232e-23, nan 
64.125, 83.125, 8.650353712446676e-23, nan 
64.375, 83.125, 8.922687549190202e-23, nan 
64.625, 83.125, 6.729555001682374e-23, nan 
64.875, 83.125, 4.1423807603128815e-23, nan 
65.125, 83.125, 3.8996437089777944e-23, nan 
65.375, 83.125, 3.5974374492113296e-23, nan 
65.625, 83.125, 3.801707815534298e-23, nan 
65.875, 83.125, 3.6215068095651336e-23, nan 
66.125, 83.125, 3.507474084751987e-23, nan 
66.375, 83.125, 4.8124006780006905e-23, nan 
66.625, 83.125, 5.1879154302741545e-23, nan 
66.875, 83.125, 4.252812227565623e-23, nan 
67.125, 83.125, 4.0757406899276986e-23, nan 
67.375, 83.125, 5.254453493793806e-23, nan 
67.625, 83.125, 5.507363796547293e-23, nan 
67.875, 83.125, 4.750812607060959e-23, nan 
68.125, 83.125, 3.426086350031831e-23, nan 
68.375, 83.125, 3.6767520971673694e-23, nan 
68.625, 83.125, 3.468977028722512e-23, nan 
68.875, 83.125, 1.0234712648212523e-23, nan 
69.125, 83.125, 2.776440400330896e-23, nan 
69.375, 83.125, 2.3665562721821474e-23, nan 
69.625, 83.125, 6.592266990140091e-23, nan 
69.875, 83.125, 9.437748524976373e-23, nan 
70.125, 83.125, 1.0722350070927303e-22, nan 
70.375, 83.125, 9.738167370861776e-23, nan 
70.625, 83.125, 1.2823464684269286e-22, nan 
70.875, 83.125, 1.5701946935102177e-22, nan 
71.125, 83.125, 1.0389282569357211e-22, nan 
71.375, 83.125, 1.0645904104317812e-22, nan 
71.625, 83.125, 9.220603723569233e-23, nan 
71.875, 83.125, 1.321275013441151e-22, nan 
72.125, 83.125, 1.54388992193978e-22, nan 
72.375, 83.125, 1.4724829975251018e-22, nan 
72.625, 83.125, 1.528293594543884e-22, nan 
72.875, 83.125, 1.4154635481139462e-22, nan 
73.125, 83.125, 1.5234283707933096e-22, nan 
73.375, 83.125, 1.2781470934207314e-22, nan 
73.625, 83.125, 7.570880608161628e-23, nan 
73.875, 83.125, 6.235554908368398e-23, nan 
74.125, 83.125, 7.91386137186957e-23, nan 
74.375, 83.125, 7.002726732934349e-23, nan 
74.625, 83.125, 5.759028428000339e-23, nan 
74.875, 83.125, 4.4803630113112755e-23, nan 
75.125, 83.125, 4.589109909034075e-23, nan 
75.375, 83.125, 5.2180022676023194e-23, nan 
75.625, 83.125, 4.175429467534127e-23, nan 
75.875, 83.125, 3.9858722106942614e-23, nan 
76.125, 83.125, 4.538774801748142e-23, nan 
76.375, 83.125, 6.033992109026504e-23, nan 
76.625, 83.125, 8.984063121569876e-23, nan 
76.875, 83.125, 7.790903754009324e-23, nan 
77.125, 83.125, 5.2240962634830787e-23, nan 
77.375, 83.125, 6.686146803265622e-23, nan 
77.625, 83.125, 5.497400841617521e-23, nan 
77.875, 83.125, 2.4278624331601453e-23, nan 
78.125, 83.125, 6.049141206383627e-23, nan 
78.375, 83.125, 7.852106429002067e-23, nan 
78.625, 83.125, 8.240232716816155e-23, nan 
78.875, 83.125, 9.20940573494959e-23, nan 
79.125, 83.125, 8.84391771205324e-23, nan 
79.375, 83.125, 8.488593904018664e-23, nan 
79.625, 83.125, 8.142459494995314e-23, nan 
79.875, 83.125, 8.595752947688041e-23, nan 
80.125, 83.125, 8.419273679433405e-23, nan 
80.375, 83.125, 8.263378935529709e-23, nan 
80.625, 83.125, 9.498234667252363e-23, nan 
80.875, 83.125, 1.0614819224481348e-22, nan 
81.125, 83.125, 1.1367843203044439e-22, nan 
81.375, 83.125, 1.293352175694155e-22, nan 
81.625, 83.125, 1.3177263433677153e-22, nan 
81.875, 83.125, 7.464995600655143e-23, nan 
82.125, 83.125, 9.523076972359412e-23, nan 
82.375, 83.125, 8.75517983935496e-23, nan 
82.625, 83.125, 6.260371860983573e-23, nan 
82.875, 83.125, 1.11015482605448e-22, nan 
83.125, 83.125, 1.1507249192737057e-22, nan 
83.375, 83.125, 1.139861490347306e-22, nan 
83.625, 83.125, 1.2031736581920582e-22, nan 
83.875, 83.125, 1.2671861133595526e-22, nan 
84.125, 83.125, 9.464601170555789e-23, nan 
84.375, 83.125, 1.0451055296151192e-22, nan 
84.625, 83.125, 1.0319335007940935e-22, nan 
84.875, 83.125, 1.1229177174134851e-22, nan 
85.125, 83.125, 1.1640143013288228e-22, nan 
85.375, 83.125, 1.2170948322580059e-22, nan 
85.625, 83.125, 1.2355893655182484e-22, nan 
85.875, 83.125, 1.2116852651601202e-22, nan 
86.125, 83.125, 1.2579211992516278e-22, nan 
86.375, 83.125, 1.428761684031101e-22, nan 
86.625, 83.125, 1.5413034666741435e-22, nan 
86.875, 83.125, 1.1036435918251637e-22, nan 
87.125, 83.125, 9.446610746276217e-23, nan 
87.375, 83.125, 8.309953072187585e-23, nan 
87.625, 83.125, 1.0263411092977726e-22, nan 
87.875, 83.125, 1.0802500632058956e-22, nan 
88.125, 83.125, 1.1250749469584753e-22, nan 
88.375, 83.125, 1.2220654673108298e-22, nan 
88.625, 83.125, 1.308161820180217e-22, nan 
88.875, 83.125, 1.0388857558237283e-22, nan 
89.125, 83.125, 1.7809041629809274e-22, nan 
89.375, 83.125, 1.3163425263143142e-22, nan 
89.625, 83.125, 1.4501410516679778e-22, nan 
89.875, 83.125, 1.7720773702893678e-22, nan 
90.125, 83.125, 1.4941252108453993e-22, nan 
90.375, 83.125, 1.7109426557364764e-22, nan 
90.625, 83.125, 2.234872841483257e-22, nan 
90.875, 83.125, 2.4600360066481333e-22, nan 
91.125, 83.125, 1.444086269294678e-22, nan 
91.375, 83.125, 2.341746909837094e-22, nan 
91.625, 83.125, 2.33349118772429e-22, nan 
91.875, 83.125, 2.329616909832433e-22, nan 
92.125, 83.125, 2.3816047325261744e-22, nan 
92.375, 83.125, 2.4244412734148973e-22, nan 
92.625, 83.125, 2.688146994022608e-22, nan 
92.875, 83.125, 2.8108033518655985e-22, nan 
93.125, 83.125, 2.7671806698861453e-22, nan 
93.375, 83.125, 1.8009311656275591e-22, nan 
93.625, 83.125, 1.9078878288831242e-22, nan 
93.875, 83.125, 2.1082985704578637e-22, nan 
94.125, 83.125, 1.661774799369808e-22, nan 
94.375, 83.125, 1.8020190135455316e-22, nan 
94.625, 83.125, 1.8818494795175462e-22, nan 
94.875, 83.125, 1.7353415438087049e-22, nan 
95.125, 83.125, 1.711437104244612e-22, nan 
95.375, 83.125, 1.9062708264051657e-22, nan 
95.625, 83.125, 2.111542796681605e-22, nan 
95.875, 83.125, 2.338606147209244e-22, nan 
96.125, 83.125, 2.046017781024351e-22, nan 
96.375, 83.125, 1.8935482317621333e-22, nan 
96.625, 83.125, 2.203828943616128e-22, nan 
96.875, 83.125, 2.2305836760422744e-22, nan 
97.125, 83.125, 2.0610649470804164e-22, nan 
97.375, 83.125, 1.8205177362485147e-22, nan 
97.625, 83.125, 1.947731446003627e-22, nan 
97.875, 83.125, 2.0737012695110296e-22, nan 
98.125, 83.125, 2.0906862615322762e-22, nan 
98.375, 83.125, 1.9432406312716862e-22, nan 
98.625, 83.125, 2.1329670926396164e-22, nan 
98.875, 83.125, 2.23517604768209e-22, nan 
99.125, 83.125, 2.0899939106307826e-22, nan 
99.375, 83.125, 2.1282551668672856e-22, nan 
99.625, 83.125, 2.321579930973314e-22, nan 
99.875, 83.125, 2.759199204170258e-22, nan 
100.125, 83.125, 2.7592259758298714e-22, nan 
100.375, 83.125, 1.858144176548702e-22, nan 
100.625, 83.125, 2.4865211038549434e-22, nan 
100.875, 83.125, 3.026529587139349e-22, nan 
101.125, 83.125, 2.754632059805344e-22, nan 
101.375, 83.125, 3.2871026016185717e-22, nan 
101.625, 83.125, 3.447161957358615e-22, nan 
101.875, 83.125, 3.774157432314731e-22, nan 
102.125, 83.125, 3.8707156127449557e-22, nan 
102.375, 83.125, 3.378865412033089e-22, nan 
102.625, 83.125, 2.4971517430683776e-22, nan 
102.875, 83.125, 2.8570525508099885e-22, nan 
103.125, 83.125, 4.137085178998646e-22, nan 
103.375, 83.125, 4.329160434426191e-22, nan 
103.625, 83.125, 4.424200204852935e-22, nan 
103.875, 83.125, 4.157310398262076e-22, nan 
104.125, 83.125, 4.397110448038447e-22, nan 
104.375, 83.125, 4.498112490400457e-22, nan 
104.625, 83.125, 4.254223758959257e-22, nan 
104.875, 83.125, 4.983106685984838e-22, nan 
105.125, 83.125, 4.493592201330877e-22, nan 
105.375, 83.125, 3.708800204738727e-22, nan 
105.625, 83.125, 3.7034872580734624e-22, nan 
105.875, 83.125, 3.831099843465174e-22, nan 
106.125, 83.125, 3.8409344588777193e-22, nan 
106.375, 83.125, 3.309362846530677e-22, nan 
106.625, 83.125, 2.927549523207503e-22, nan 
106.875, 83.125, 3.0246812394034707e-22, nan 
107.125, 83.125, 3.856289282896906e-22, nan 
107.375, 83.125, 3.1263139461758625e-22, nan 
107.625, 83.125, 2.2647595939958276e-22, nan 
107.875, 83.125, 2.2027791099000157e-22, nan 
108.125, 83.125, 2.0999561868521779e-22, nan 
108.375, 83.125, 2.003105420012569e-22, nan 
108.625, 83.125, 2.185210212009728e-22, nan 
108.875, 83.125, 2.5474233860673414e-22, nan 
109.125, 83.125, 2.3496247090596827e-22, nan 
109.375, 83.125, 2.159057463836196e-22, nan 
109.625, 83.125, 2.323791103992277e-22, nan 
109.875, 83.125, 2.9235721818516036e-22, nan 
110.125, 83.125, 2.735911617231849e-22, nan 
110.375, 83.125, 2.5973640250545244e-22, nan 
110.625, 83.125, 2.709172309188152e-22, nan 
110.875, 83.125, 2.613452716122661e-22, nan 
111.125, 83.125, 3.2242801042285438e-22, nan 
111.375, 83.125, 2.654244926945033e-22, nan 
111.625, 83.125, 2.5926254388169387e-22, nan 
111.875, 83.125, 3.1268318144911843e-22, nan 
112.125, 83.125, 3.5542938286301833e-22, nan 
112.375, 83.125, 3.4416228369707843e-22, nan 
112.625, 83.125, 3.2515827848068334e-22, nan 
112.875, 83.125, 3.443563985220347e-22, nan 
113.125, 83.125, 3.2197621081238683e-22, nan 
113.375, 83.125, 3.0899867648961153e-22, nan 
113.625, 83.125, 2.8167020274074085e-22, nan 
113.875, 83.125, 2.6861941168247724e-22, nan 
114.125, 83.125, 2.4334199504930116e-22, nan 
114.375, 83.125, 2.357105810738026e-22, nan 
114.625, 83.125, 2.0358494259327717e-22, nan 
114.875, 83.125, 1.7469083816526488e-22, nan 
115.125, 83.125, 1.6243435540286942e-22, nan 
115.375, 83.125, 1.7023192531072334e-22, nan 
115.625, 83.125, 1.6724972605245795e-22, nan 
115.875, 83.125, 1.8310175489923786e-22, nan 
116.125, 83.125, 1.9832030526231668e-22, nan 
116.375, 83.125, 1.9420545342269943e-22, nan 
116.625, 83.125, 2.0269217158334922e-22, nan 
116.875, 83.125, 1.6252511484045878e-22, nan 
117.125, 83.125, 1.368182302628306e-22, nan 
117.375, 83.125, 1.1802551579440238e-22, nan 
117.625, 83.125, 9.076144055856548e-23, nan 
117.875, 83.125, 9.101043639047548e-23, nan 
118.125, 83.125, 4.362071741099406e-23, nan 
118.375, 83.125, 5.546354560471667e-23, nan 
118.625, 83.125, 5.298915857649248e-23, nan 
118.875, 83.125, 5.399694325178984e-23, nan 
119.125, 83.125, 5.341382445612801e-23, nan 
119.375, 83.125, 5.1679452157559903e-23, nan 
119.625, 83.125, 3.7025220705258133e-23, nan 
119.875, 83.125, 4.7366900728258076e-23, nan 
120.125, 83.125, 3.9318651687869495e-23, nan 
120.375, 83.125, 2.9296321066112815e-23, nan 
120.625, 83.125, 3.0076928537031236e-23, nan 
120.875, 83.125, 3.1120433454378044e-23, nan 
121.125, 83.125, 2.412497892753935e-23, nan 
121.375, 83.125, 2.4364450181079465e-23, nan 
121.625, 83.125, 2.5624273740525052e-23, nan 
121.875, 83.125, 2.88400878780353e-23, nan 
122.125, 83.125, 2.4363296793657091e-23, nan 
122.375, 83.125, 1.917307724776182e-23, nan 
122.625, 83.125, 1.1090729328245128e-23, nan 
122.875, 83.125, 1.8373512601102126e-23, nan 
123.125, 83.125, 2.447798235624413e-23, nan 
123.375, 83.125, 2.877069797513e-23, nan 
123.625, 83.125, 3.7118349969885556e-23, nan 
123.875, 83.125, 3.675715816700026e-23, nan 
124.125, 83.125, 3.0546234279693053e-23, nan 
124.375, 83.125, 2.9217541968745074e-23, nan 
124.625, 83.125, 2.9873938323914643e-23, nan 
124.875, 83.125, 2.816103571654992e-23, nan 
125.125, 83.125, 2.5386298900706177e-23, nan 
125.375, 83.125, 2.3226301750063338e-23, nan 
125.625, 83.125, 2.214052985926486e-23, nan 
125.875, 83.125, 2.316272084068408e-23, nan 
126.125, 83.125, 2.4479780540952706e-23, nan 
126.375, 83.125, 2.262586182393495e-23, nan 
126.625, 83.125, 1.8940695674061056e-23, nan 
126.875, 83.125, 1.9414545436020465e-23, nan 
127.125, 83.125, 1.8587340313619943e-23, nan 
127.375, 83.125, 1.7234318656649942e-23, nan 
127.625, 83.125, 1.5162364367561267e-23, nan 
127.875, 83.125, 1.4235670968537006e-23, nan 
128.125, 83.125, 1.4370212715849623e-23, nan 
128.375, 83.125, 2.0020068133797433e-23, nan 
128.625, 83.125, 2.1253076801510094e-23, nan 
128.875, 83.125, 1.6337167824843618e-23, nan 
129.125, 83.125, 1.7636599766987872e-23, nan 
129.375, 83.125, 2.1454423556665396e-23, nan 
129.625, 83.125, 2.2859977601158963e-23, nan 
129.875, 83.125, 2.6372752515822018e-23, nan 
130.125, 83.125, 3.136762301079705e-23, nan 
130.375, 83.125, 3.3611873561395805e-23, nan 
130.625, 83.125, 3.261540035075457e-23, nan 
130.875, 83.125, 3.3564515052395025e-23, nan 
131.125, 83.125, 3.9207938085498276e-23, nan 
131.375, 83.125, 3.589949538748558e-23, nan 
131.625, 83.125, 4.3804886078007073e-23, nan 
131.875, 83.125, 4.583832701313784e-23, nan 
132.125, 83.125, 4.4559803549888915e-23, nan 
132.375, 83.125, 4.3016673928740975e-23, nan 
132.625, 83.125, 4.184451625994643e-23, nan 
132.875, 83.125, 3.7051403359969013e-23, nan 
133.125, 83.125, 2.2010916938540483e-23, nan 
133.375, 83.125, 3.790206289458026e-23, nan 
133.625, 83.125, 4.1853287079346874e-23, nan 
133.875, 83.125, 3.095014466614448e-23, nan 
134.125, 83.125, 3.201354843561948e-23, nan 
134.375, 83.125, 1.1746966136104548e-23, nan 
134.625, 83.125, 1.2914373635425488e-23, nan 
134.875, 83.125, 1.5412595296342018e-23, nan 
135.125, 83.125, 1.8345481727381575e-23, nan 
135.375, 83.125, 1.624421625436525e-23, nan 
135.625, 83.125, 1.6048967827600147e-23, nan 
135.875, 83.125, 1.8142798727993004e-23, nan 
136.125, 83.125, 1.692656774076416e-23, nan 
136.375, 83.125, 1.8994154800113522e-23, nan 
136.625, 83.125, 2.1556541887473586e-23, nan 
136.875, 83.125, 1.95210975687313e-23, nan 
137.125, 83.125, 2.0822294308482198e-23, nan 
137.375, 83.125, 2.1585004933286883e-23, nan 
137.625, 83.125, 1.8175591232046638e-23, nan 
137.875, 83.125, 1.752719612537435e-23, nan 
138.125, 83.125, 1.7398161184780093e-23, nan 
138.375, 83.125, 1.6185422023331774e-23, nan 
138.625, 83.125, 1.8708083420321814e-23, nan 
138.875, 83.125, 2.1583433898008692e-23, nan 
139.125, 83.125, 1.727522934248291e-23, nan 
139.375, 83.125, 1.2891521991982301e-23, nan 
139.625, 83.125, 1.068278377731583e-23, nan 
139.875, 83.125, 9.945663682037386e-24, nan 
140.125, 83.125, 8.232291570750982e-24, nan 
140.375, 83.125, 7.522893822216411e-24, nan 
140.625, 83.125, 7.160669749344043e-24, nan 
140.875, 83.125, 8.290133673282564e-24, nan 
141.125, 83.125, 1.1168307720725162e-23, nan 
141.375, 83.125, 1.3075923666841608e-23, nan 
141.625, 83.125, 1.2417738657324465e-23, nan 
141.875, 83.125, 1.0365224133132104e-23, nan 
142.125, 83.125, 7.933284183307177e-24, nan 
142.375, 83.125, 6.727266856545663e-24, nan 
142.625, 83.125, 5.73708855176958e-24, nan 
142.875, 83.125, 4.4823567971617694e-24, nan 
143.125, 83.125, 4.170175648429538e-24, nan 
143.375, 83.125, 3.830901029518341e-24, nan 
143.625, 83.125, 4.120460254441504e-24, nan 
143.875, 83.125, 4.154398126998557e-24, nan 
144.125, 83.125, 4.453319439300318e-24, nan 
144.375, 83.125, 4.285251145658363e-24, nan 
144.625, 83.125, 4.741637161163259e-24, nan 
144.875, 83.125, 4.88683795575662e-24, nan 
145.125, 83.125, 4.556920272098545e-24, nan 
145.375, 83.125, 5.737080234323415e-24, nan 
145.625, 83.125, 6.943977762237376e-24, nan 
145.875, 83.125, 7.676721138569576e-24, nan 
146.125, 83.125, 8.940526084306698e-24, nan 
146.375, 83.125, 1.0203199094423015e-23, nan 
146.625, 83.125, 1.0283472417861059e-23, nan 
146.875, 83.125, 8.592424675876123e-24, nan 
147.125, 83.125, 6.495732577028604e-24, nan 
147.375, 83.125, 7.915905342061289e-24, nan 
147.625, 83.125, 1.0373672552131217e-23, nan 
147.875, 83.125, 9.578779137968997e-24, nan 
148.125, 83.125, 8.892727452643581e-24, nan 
148.375, 83.125, 8.793261291090569e-24, nan 
148.625, 83.125, 8.731284155273085e-24, nan 
148.875, 83.125, 8.727689206433951e-24, nan 
149.125, 83.125, 8.201864815837622e-24, nan 
149.375, 83.125, 7.46590591727547e-24, nan 
149.625, 83.125, 6.780899417348241e-24, nan 
149.875, 83.125, 7.274076894820247e-24, nan 
150.125, 83.125, 7.116867704506293e-24, nan 
150.375, 83.125, 7.178743784373414e-24, nan 
150.625, 83.125, 6.689424940886835e-24, nan 
150.875, 83.125, 6.3189588118279226e-24, nan 
151.125, 83.125, 5.946739890620955e-24, nan 
151.375, 83.125, 5.7360625541667596e-24, nan 
151.625, 83.125, 6.066610425230476e-24, nan 
151.875, 83.125, 5.83376592233964e-24, nan 
152.125, 83.125, 5.723963788256915e-24, nan 
152.375, 83.125, 5.710865355359681e-24, nan 
152.625, 83.125, 5.436926187913499e-24, nan 
152.875, 83.125, 4.832636608363591e-24, nan 
153.125, 83.125, 4.9978768221603695e-24, nan 
153.375, 83.125, 4.935757037625325e-24, nan 
153.625, 83.125, 4.708168537854952e-24, nan 
153.875, 83.125, 4.205506587241717e-24, nan 
154.125, 83.125, 4.254702533841678e-24, nan 
154.375, 83.125, 4.096111920644711e-24, nan 
154.625, 83.125, 3.8111320067669344e-24, nan 
154.875, 83.125, 3.5224729037870874e-24, nan 
155.125, 83.125, 4.0912338083329976e-24, nan 
155.375, 83.125, 4.177061360360487e-24, nan 
155.625, 83.125, 4.2369022807689386e-24, nan 
155.875, 83.125, 4.04941844599822e-24, nan 
156.125, 83.125, 3.638136942925334e-24, nan 
156.375, 83.125, 3.691346744660217e-24, nan 
156.625, 83.125, 3.3654024512594606e-24, nan 
156.875, 83.125, 3.154715314677179e-24, nan 
157.125, 83.125, 3.0410228204520106e-24, nan 
157.375, 83.125, 3.0941803925284576e-24, nan 
157.625, 83.125, 3.2886208207172392e-24, nan 
157.875, 83.125, 3.222182522852039e-24, nan 
158.125, 83.125, 3.048636184705301e-24, nan 
158.375, 83.125, 3.1611235167408102e-24, nan 
158.625, 83.125, 3.503708445519634e-24, nan 
158.875, 83.125, 3.123652633051774e-24, nan 
159.125, 83.125, 2.8793753107596186e-24, nan 
159.375, 83.125, 2.761625539495563e-24, nan 
159.625, 83.125, 2.702085099638681e-24, nan 
159.875, 83.125, 2.7069948575436706e-24, nan 
160.125, 83.125, 2.5137284543474544e-24, nan 
160.375, 83.125, 2.4738882026787775e-24, nan 
160.625, 83.125, 2.5776608616330694e-24, nan 
160.875, 83.125, 2.751410925613701e-24, nan 
161.125, 83.125, 2.694840208713394e-24, nan 
161.375, 83.125, 2.5947567819634284e-24, nan 
161.625, 83.125, 2.6759592230308875e-24, nan 
161.875, 83.125, 2.709050837750397e-24, nan 
162.125, 83.125, 2.6039416735486095e-24, nan 
162.375, 83.125, 2.3471433815808248e-24, nan 
162.625, 83.125, 2.4428429815350013e-24, nan 
162.875, 83.125, 2.42122111177675e-24, nan 
163.125, 83.125, 2.30290120943077e-24, nan 
163.375, 83.125, 2.291805008214948e-24, nan 
163.625, 83.125, 2.484820381130443e-24, nan 
163.875, 83.125, 2.425577709637096e-24, nan 
164.125, 83.125, 2.3115283916877957e-24, nan 
164.375, 83.125, 2.336719281692917e-24, nan 
164.625, 83.125, 2.2125515490789873e-24, nan 
164.875, 83.125, 2.153191745959458e-24, nan 
165.125, 83.125, 2.1076771695390212e-24, nan 
165.375, 83.125, 1.9851094793510342e-24, nan 
165.625, 83.125, 1.8800454345382192e-24, nan 
165.875, 83.125, 2.016068170747515e-24, nan 
166.125, 83.125, 2.1710761202923115e-24, nan 
166.375, 83.125, 2.1700171524449426e-24, nan 
166.625, 83.125, 1.96604643432304e-24, nan 
166.875, 83.125, 1.985337167223799e-24, nan 
167.125, 83.125, 2.1271909935504533e-24, nan 
167.375, 83.125, 2.107212270722309e-24, nan 
167.625, 83.125, 2.0163262421686872e-24, nan 
167.875, 83.125, 2.0362316976474257e-24, nan 
168.125, 83.125, 1.952175788853264e-24, nan 
168.375, 83.125, 2.0882369776153372e-24, nan 
168.625, 83.125, 2.2029278139333348e-24, nan 
168.875, 83.125, 2.1244401792596562e-24, nan 
169.125, 83.125, 2.4164534490476883e-24, nan 
169.375, 83.125, 2.729642913079177e-24, nan 
169.625, 83.125, 2.8193603900056775e-24, nan 
169.875, 83.125, 2.9319746539708453e-24, nan 
170.125, 83.125, 2.8644763826072272e-24, nan 
170.375, 83.125, 2.684969517849047e-24, nan 
170.625, 83.125, 2.5011094943479004e-24, nan 
170.875, 83.125, 2.232205651909488e-24, nan 
171.125, 83.125, 2.3087408559683706e-24, nan 
171.375, 83.125, 2.5952627514717757e-24, nan 
171.625, 83.125, 2.618477739274964e-24, nan 
171.875, 83.125, 2.7676604631138156e-24, nan 
172.125, 83.125, 2.713303962714539e-24, nan 
172.375, 83.125, 2.8342769036596728e-24, nan 
172.625, 83.125, 3.27004314084761e-24, nan 
172.875, 83.125, 3.226809986960881e-24, nan 
173.125, 83.125, 3.150676106474446e-24, nan 
173.375, 83.125, 2.9101866176048955e-24, nan 
173.625, 83.125, 3.0823546463583307e-24, nan 
173.875, 83.125, 3.436620328533636e-24, nan 
174.125, 83.125, 3.510008468005817e-24, nan 
174.375, 83.125, 3.018029740582462e-24, nan 
174.625, 83.125, 3.0453944113663854e-24, nan 
174.875, 83.125, 2.9584097745739454e-24, nan 
175.125, 83.125, 2.825841423430923e-24, nan 
175.375, 83.125, 2.7969429096416072e-24, nan 
175.625, 83.125, 2.7311449097245682e-24, nan 
175.875, 83.125, 2.440933826530975e-24, nan 
176.125, 83.125, 2.5855426615031895e-24, nan 
176.375, 83.125, 2.3973546452372807e-24, nan 
176.625, 83.125, 2.171693592146349e-24, nan 
176.875, 83.125, 2.130292258901771e-24, nan 
177.125, 83.125, 2.325015821872497e-24, nan 
177.375, 83.125, 2.1049700102972645e-24, nan 
177.625, 83.125, 1.819819620625767e-24, nan 
177.875, 83.125, 2.236605584433972e-24, nan 
178.125, 83.125, 2.0009228879414498e-24, nan 
178.375, 83.125, 1.549122099443705e-24, nan 
178.625, 83.125, 1.5503789869300366e-24, nan 
178.875, 83.125, 1.918529780326205e-24, nan 
179.125, 83.125, 1.606701841136104e-24, nan 
179.375, 83.125, 1.6432621401035839e-24, nan 
179.625, 83.125, 1.5524979836811468e-24, nan 
179.875, 83.125, 1.5377660771097097e-24, nan 
-179.875, 83.375, 1.2647016975409883e-24, nan 
-179.625, 83.375, 1.2803983168343159e-24, nan 
-179.375, 83.375, 1.2749488082592393e-24, nan 
-179.125, 83.375, 1.4663129575637426e-24, nan 
-178.875, 83.375, 1.7391394556294884e-24, nan 
-178.625, 83.375, 1.4422066738767128e-24, nan 
-178.375, 83.375, 1.3555878006699427e-24, nan 
-178.125, 83.375, 1.223251322327826e-24, nan 
-177.875, 83.375, 1.4205104408683643e-24, nan 
-177.625, 83.375, 1.352630844364769e-24, nan 
-177.375, 83.375, 1.3159788906352963e-24, nan 
-177.125, 83.375, 1.3718563143829353e-24, nan 
-176.875, 83.375, 1.5941214934420267e-24, nan 
-176.625, 83.375, 1.5718068679119659e-24, nan 
-176.375, 83.375, 1.3241607452551687e-24, nan 
-176.125, 83.375, 1.2724445169171519e-24, nan 
-175.875, 83.375, 1.4716375369707836e-24, nan 
-175.625, 83.375, 1.3842315890692127e-24, nan 
-175.375, 83.375, 1.347247840669347e-24, nan 
-175.125, 83.375, 1.4867468849248424e-24, nan 
-174.875, 83.375, 1.752011384751146e-24, nan 
-174.625, 83.375, 1.5783701610162355e-24, nan 
-174.375, 83.375, 1.530394364987577e-24, nan 
-174.125, 83.375, 1.6582613447739343e-24, nan 
-173.875, 83.375, 1.6118676379033535e-24, nan 
-173.625, 83.375, 1.7210417871737337e-24, nan 
-173.375, 83.375, 1.7826857149850814e-24, nan 
-173.125, 83.375, 1.728945905096757e-24, nan 
-172.875, 83.375, 1.6501793261867242e-24, nan 
-172.625, 83.375, 1.5463954083087228e-24, nan 
-172.375, 83.375, 1.598285081568897e-24, nan 
-172.125, 83.375, 1.591741657792214e-24, nan 
-171.875, 83.375, 1.481511256021379e-24, nan 
-171.625, 83.375, 1.5276110393073606e-24, nan 
-171.375, 83.375, 1.5998099593891714e-24, nan 
-171.125, 83.375, 1.5771721620785761e-24, nan 
-170.875, 83.375, 1.6055427487031566e-24, nan 
-170.625, 83.375, 1.6479472160781703e-24, nan 
-170.375, 83.375, 1.6469246740582846e-24, nan 
-170.125, 83.375, 1.654601550878932e-24, nan 
12.875, 83.375, 3.7948658515081915e-24, nan 
13.125, 83.375, 3.652239137363805e-24, nan 
13.375, 83.375, 3.408262972449145e-24, nan 
13.625, 83.375, 3.513814522067002e-24, nan 
13.875, 83.375, 3.762228540458831e-24, nan 
14.125, 83.375, 3.98265142216673e-24, nan 
14.375, 83.375, 4.028972687246942e-24, nan 
14.625, 83.375, 4.037195428020033e-24, nan 
14.875, 83.375, 3.9829885961640306e-24, nan 
15.125, 83.375, 4.35459024341498e-24, nan 
15.375, 83.375, 4.701611648514035e-24, nan 
15.625, 83.375, 4.482332696845071e-24, nan 
15.875, 83.375, 4.181475997306497e-24, nan 
16.125, 83.375, 4.430778770907046e-24, nan 
16.375, 83.375, 4.8555645600914075e-24, nan 
16.625, 83.375, 4.625257618055289e-24, nan 
16.875, 83.375, 4.175957490990949e-24, nan 
17.125, 83.375, 3.49786888513778e-24, nan 
17.375, 83.375, 3.150237459646997e-24, nan 
17.625, 83.375, 3.295766244246761e-24, nan 
17.875, 83.375, 3.701340468908376e-24, nan 
18.125, 83.375, 3.1721255245737773e-24, nan 
18.375, 83.375, 3.4670366101314706e-24, nan 
18.625, 83.375, 3.0875011706355404e-24, nan 
18.875, 83.375, 2.7518544739148388e-24, nan 
19.125, 83.375, 2.22665758153527e-24, nan 
19.375, 83.375, 2.100921490502955e-24, nan 
19.625, 83.375, 2.2374830584409e-24, nan 
19.875, 83.375, 2.445440809255162e-24, nan 
20.125, 83.375, 2.7019606952868738e-24, nan 
20.375, 83.375, 2.113753902317814e-24, nan 
20.625, 83.375, 2.0084416360366257e-24, nan 
20.875, 83.375, 2.0437854842708227e-24, nan 
21.125, 83.375, 2.0918140088821537e-24, nan 
21.375, 83.375, 2.5336980306251504e-24, nan 
21.625, 83.375, 3.035298715238077e-24, nan 
21.875, 83.375, 3.2257242524100436e-24, nan 
22.125, 83.375, 3.1463283204548476e-24, nan 
22.375, 83.375, 3.183718167334195e-24, nan 
22.625, 83.375, 3.4072041705413266e-24, nan 
22.875, 83.375, 3.547426965555183e-24, nan 
23.125, 83.375, 3.6800275280677345e-24, nan 
23.375, 83.375, 3.9914416108901766e-24, nan 
23.625, 83.375, 4.193514515866189e-24, nan 
23.875, 83.375, 4.16398510238631e-24, nan 
24.125, 83.375, 4.045477880386403e-24, nan 
24.375, 83.375, 3.9694920142892105e-24, nan 
24.625, 83.375, 3.972857018861673e-24, nan 
24.875, 83.375, 3.887550864621225e-24, nan 
25.125, 83.375, 3.758701515397158e-24, nan 
25.375, 83.375, 3.7022820182695254e-24, nan 
25.625, 83.375, 3.833613032483795e-24, nan 
25.875, 83.375, 3.597720008636707e-24, nan 
26.125, 83.375, 3.406346117169361e-24, nan 
26.375, 83.375, 3.2994292078289666e-24, nan 
26.625, 83.375, 3.473601182350136e-24, nan 
26.875, 83.375, 3.280109404223551e-24, nan 
27.125, 83.375, 3.127510227048593e-24, nan 
27.375, 83.375, 3.1573834229613684e-24, nan 
27.625, 83.375, 3.048166801610437e-24, nan 
27.875, 83.375, 2.8822368884650096e-24, nan 
28.125, 83.375, 2.8382808648711886e-24, nan 
28.375, 83.375, 3.003577275692632e-24, nan 
28.625, 83.375, 2.8333297708906554e-24, nan 
28.875, 83.375, 2.7074678254470223e-24, nan 
29.125, 83.375, 2.671908720227315e-24, nan 
29.375, 83.375, 2.5954688446754567e-24, nan 
29.625, 83.375, 2.479739118347832e-24, nan 
29.875, 83.375, 2.4447922729320894e-24, nan 
30.125, 83.375, 2.295844207414814e-24, nan 
30.375, 83.375, 2.253087722540349e-24, nan 
30.625, 83.375, 2.103439572179055e-24, nan 
30.875, 83.375, 2.139536567620765e-24, nan 
31.125, 83.375, 2.039594795847731e-24, nan 
31.375, 83.375, 2.074158428449649e-24, nan 
31.625, 83.375, 2.111038598404957e-24, nan 
31.875, 83.375, 2.0303138109330908e-24, nan 
32.125, 83.375, 2.0091233551327422e-24, nan 
32.375, 83.375, 2.049366899340136e-24, nan 
32.625, 83.375, 2.1173411151108566e-24, nan 
32.875, 83.375, 2.0847693119576108e-24, nan 
33.125, 83.375, 2.1048735078815872e-24, nan 
33.375, 83.375, 1.9872853967620477e-24, nan 
33.625, 83.375, 2.1493822205506757e-24, nan 
33.875, 83.375, 2.2423693740798055e-24, nan 
34.125, 83.375, 2.1893962575657543e-24, nan 
34.375, 83.375, 2.0966518361891053e-24, nan 
34.625, 83.375, 1.9669331694076805e-24, nan 
34.875, 83.375, 1.9405881110248746e-24, nan 
35.125, 83.375, 1.8158898471186153e-24, nan 
35.375, 83.375, 1.834149478854894e-24, nan 
35.625, 83.375, 1.83412319377511e-24, nan 
35.875, 83.375, 1.7897853020339717e-24, nan 
36.125, 83.375, 1.8721043156077125e-24, nan 
36.375, 83.375, 1.8937708548010825e-24, nan 
36.625, 83.375, 1.9513269196068648e-24, nan 
36.875, 83.375, 1.8027616062845437e-24, nan 
37.125, 83.375, 1.69331469671317e-24, nan 
37.375, 83.375, 1.5615466349975507e-24, nan 
37.625, 83.375, 1.5612944941810193e-24, nan 
37.875, 83.375, 1.7307005388158115e-24, nan 
38.125, 83.375, 1.8862312074121665e-24, nan 
38.375, 83.375, 2.1882169541614212e-24, nan 
38.625, 83.375, 2.382424110058309e-24, nan 
38.875, 83.375, 2.9319100268642e-24, nan 
39.125, 83.375, 3.626282696870511e-24, nan 
39.375, 83.375, 4.022367594923048e-24, nan 
39.625, 83.375, 4.3676136503667886e-24, nan 
39.875, 83.375, 4.298873290737038e-24, nan 
40.125, 83.375, 4.886924263741203e-24, nan 
40.375, 83.375, 6.260834409417497e-24, nan 
40.625, 83.375, 6.949165807011955e-24, nan 
40.875, 83.375, 7.726896087309717e-24, nan 
41.125, 83.375, 9.824311968138743e-24, nan 
41.375, 83.375, 1.1619173467242323e-23, nan 
41.625, 83.375, 1.2111404120157057e-23, nan 
41.875, 83.375, 1.2248908934728064e-23, nan 
42.125, 83.375, 1.3169388334446913e-23, nan 
42.375, 83.375, 1.3668981125847566e-23, nan 
42.625, 83.375, 1.2600606216997403e-23, nan 
42.875, 83.375, 1.2637272662340707e-23, nan 
43.125, 83.375, 1.2800878534857194e-23, nan 
43.375, 83.375, 1.3400526126692075e-23, nan 
43.625, 83.375, 1.5466686644880168e-23, nan 
43.875, 83.375, 1.5302270027373907e-23, nan 
44.125, 83.375, 1.5053968764641545e-23, nan 
44.375, 83.375, 1.5814707301254714e-23, nan 
44.625, 83.375, 1.6451753186257127e-23, nan 
44.875, 83.375, 1.4517603753471678e-23, nan 
45.125, 83.375, 1.4321364325902338e-23, nan 
45.375, 83.375, 1.4389016344633587e-23, nan 
45.625, 83.375, 1.3071366162372286e-23, nan 
45.875, 83.375, 1.323582279782322e-23, nan 
46.125, 83.375, 1.2439577736729142e-23, nan 
46.375, 83.375, 1.333226525506997e-23, nan 
46.625, 83.375, 1.35795515156898e-23, nan 
46.875, 83.375, 1.1613866363099585e-23, nan 
47.125, 83.375, 1.0814204805338693e-23, nan 
47.375, 83.375, 1.0856974826082963e-23, nan 
47.625, 83.375, 1.0383088935523901e-23, nan 
47.875, 83.375, 1.0438328579599815e-23, nan 
48.125, 83.375, 9.743982649207528e-24, nan 
48.375, 83.375, 1.0805787060011319e-23, nan 
48.625, 83.375, 1.1295193072241529e-23, nan 
48.875, 83.375, 1.1474159983087561e-23, nan 
49.125, 83.375, 2.106494099554273e-23, nan 
49.375, 83.375, 1.3325606017452826e-23, nan 
49.625, 83.375, 1.1502906195840865e-23, nan 
49.875, 83.375, 1.1958169734541873e-23, nan 
50.125, 83.375, 1.0500619679933369e-23, nan 
50.375, 83.375, 9.886767810589007e-24, nan 
50.625, 83.375, 1.5188035850193826e-23, nan 
50.875, 83.375, 1.7181455969521172e-23, nan 
51.125, 83.375, 1.1673021450713312e-23, nan 
51.375, 83.375, 9.639661928059246e-24, nan 
51.625, 83.375, 1.6547220280801005e-23, nan 
51.875, 83.375, 2.1354340620655375e-23, nan 
52.125, 83.375, 1.74512946433432e-23, nan 
52.375, 83.375, 1.6480251779479006e-23, nan 
52.625, 83.375, 2.725986690272039e-23, nan 
52.875, 83.375, 3.005645831692766e-23, nan 
53.125, 83.375, 2.2777767047548862e-23, nan 
53.375, 83.375, 1.88583459945762e-23, nan 
53.625, 83.375, 1.8000953178582386e-23, nan 
53.875, 83.375, 1.130940590410122e-23, nan 
54.125, 83.375, 2.004252872321983e-23, nan 
54.375, 83.375, 2.5343626007653288e-23, nan 
54.625, 83.375, 2.5125617665367477e-23, nan 
54.875, 83.375, 4.4987876080631497e-23, nan 
55.125, 83.375, 5.485454325253126e-23, nan 
55.375, 83.375, 3.705319633037191e-23, nan 
55.625, 83.375, 3.5683585283070054e-23, nan 
55.875, 83.375, 3.657963447001609e-23, nan 
56.125, 83.375, 2.8836509696282214e-23, nan 
56.375, 83.375, 2.5377291785591328e-23, nan 
56.625, 83.375, 3.439789688369812e-23, nan 
56.875, 83.375, 3.1549031084283955e-23, nan 
57.125, 83.375, 2.755864198227944e-23, nan 
57.375, 83.375, 3.2850342771484073e-23, nan 
57.625, 83.375, 2.4767072392717216e-23, nan 
57.875, 83.375, 2.5586217953510984e-23, nan 
58.125, 83.375, 2.7221534693863524e-23, nan 
58.375, 83.375, 2.1511364925814048e-23, nan 
58.625, 83.375, 2.157469612665694e-23, nan 
58.875, 83.375, 2.7593975856588197e-23, nan 
59.125, 83.375, 2.7201862506002443e-23, nan 
59.375, 83.375, 1.9560240862268146e-23, nan 
59.625, 83.375, 1.9589717724671094e-23, nan 
59.875, 83.375, 2.320981289783584e-23, nan 
60.125, 83.375, 2.1467007269990706e-23, nan 
60.375, 83.375, 2.5162118510658073e-23, nan 
60.625, 83.375, 2.871659243461049e-23, nan 
60.875, 83.375, 4.1946034684750074e-23, nan 
61.125, 83.375, 3.9375081395994164e-23, nan 
61.375, 83.375, 3.637008200823317e-23, nan 
61.625, 83.375, 4.2178143494573184e-23, nan 
61.875, 83.375, 2.887275031799981e-23, nan 
62.125, 83.375, 2.864410006044816e-23, nan 
62.375, 83.375, 3.501576622264663e-23, nan 
62.625, 83.375, 3.569451565621459e-23, nan 
62.875, 83.375, 3.580865873729396e-23, nan 
63.125, 83.375, 4.910273019329719e-23, nan 
63.375, 83.375, 5.317425247634321e-23, nan 
63.625, 83.375, 3.214854157884247e-23, nan 
63.875, 83.375, 4.0188353345084216e-23, nan 
64.125, 83.375, 3.8813207204731175e-23, nan 
64.375, 83.375, 3.7515575318552386e-23, nan 
64.625, 83.375, 5.1869200949334277e-23, nan 
64.875, 83.375, 5.634063475003945e-23, nan 
65.125, 83.375, 5.683867284598156e-23, nan 
65.375, 83.375, 2.3339992972924717e-23, nan 
65.625, 83.375, 1.91458087249635e-23, nan 
65.875, 83.375, 1.969102319607107e-23, nan 
66.125, 83.375, 3.123242250185767e-23, nan 
66.375, 83.375, 2.7039271779495787e-23, nan 
66.625, 83.375, 2.994417628935426e-23, nan 
66.875, 83.375, 3.109102781120765e-23, nan 
67.125, 83.375, 3.2100468143313404e-23, nan 
67.375, 83.375, 4.978332294911364e-23, nan 
67.625, 83.375, 4.7211602915713766e-23, nan 
67.875, 83.375, 4.149723116593422e-23, nan 
68.125, 83.375, 4.569462936876242e-23, nan 
68.375, 83.375, 5.2359037795624855e-23, nan 
68.625, 83.375, 6.215023986737658e-23, nan 
68.875, 83.375, 8.249003719369606e-23, nan 
69.125, 83.375, 9.191867176755957e-23, nan 
69.375, 83.375, 9.560209482825838e-23, nan 
69.625, 83.375, 8.285190043428696e-23, nan 
69.875, 83.375, 7.312461262110265e-23, nan 
70.125, 83.375, 7.643864784530705e-23, nan 
70.375, 83.375, 8.128728482999541e-23, nan 
70.625, 83.375, 1.0469516370636839e-22, nan 
70.875, 83.375, 1.2460065281223938e-22, nan 
71.125, 83.375, 1.0251518579181208e-22, nan 
71.375, 83.375, 1.0868700427174128e-22, nan 
71.625, 83.375, 9.998341022220026e-23, nan 
71.875, 83.375, 6.713522544585156e-23, nan 
72.125, 83.375, 4.584368337527332e-23, nan 
72.375, 83.375, 3.261989344835754e-23, nan 
72.625, 83.375, 3.301995091877179e-23, nan 
72.875, 83.375, 3.3165531607551866e-23, nan 
73.125, 83.375, 2.1057098442705568e-23, nan 
73.375, 83.375, 2.6424891751864508e-23, nan 
73.625, 83.375, 3.287877711940346e-23, nan 
73.875, 83.375, 3.557350642574302e-23, nan 
74.125, 83.375, 3.9402722399395464e-23, nan 
74.375, 83.375, 3.930061125044841e-23, nan 
74.625, 83.375, 3.642661527505166e-23, nan 
74.875, 83.375, 3.94857663454353e-23, nan 
75.125, 83.375, 3.8256877539055715e-23, nan 
75.375, 83.375, 3.5211017168132697e-23, nan 
75.625, 83.375, 3.364159571525555e-23, nan 
75.875, 83.375, 5.0102375083249555e-23, nan 
76.125, 83.375, 6.060337442580952e-23, nan 
76.375, 83.375, 7.692904967918283e-23, nan 
76.625, 83.375, 8.485352986036592e-23, nan 
76.875, 83.375, 8.577035943348858e-23, nan 
77.125, 83.375, 8.066993896779582e-23, nan 
77.375, 83.375, 7.598035921902689e-23, nan 
77.625, 83.375, 9.226634304297594e-23, nan 
77.875, 83.375, 7.786193740614408e-23, nan 
78.125, 83.375, 6.591831588876591e-23, nan 
78.375, 83.375, 7.766729398384239e-23, nan 
78.625, 83.375, 6.75203291703031e-23, nan 
78.875, 83.375, 7.830615854750673e-23, nan 
79.125, 83.375, 8.764064825096582e-23, nan 
79.375, 83.375, 7.402445835286441e-23, nan 
79.625, 83.375, 7.231357968297669e-23, nan 
79.875, 83.375, 9.260413193008739e-23, nan 
80.125, 83.375, 8.213702266608915e-23, nan 
80.375, 83.375, 7.863166208358485e-23, nan 
80.625, 83.375, 8.179550275010174e-23, nan 
80.875, 83.375, 8.619581279177193e-23, nan 
81.125, 83.375, 9.153838229916566e-23, nan 
81.375, 83.375, 1.0205544807976263e-22, nan 
81.625, 83.375, 1.061880417047534e-22, nan 
81.875, 83.375, 5.975993264558462e-23, nan 
82.125, 83.375, 1.1263070224272694e-22, nan 
82.375, 83.375, 7.530990884008001e-23, nan 
82.625, 83.375, 7.848294084696913e-23, nan 
82.875, 83.375, 1.0099390585577727e-22, nan 
83.125, 83.375, 1.0337542681394248e-22, nan 
83.375, 83.375, 7.844039376998714e-23, nan 
83.625, 83.375, 1.0269340163222786e-22, nan 
83.875, 83.375, 1.271537963918894e-22, nan 
84.125, 83.375, 5.071738942925799e-23, nan 
84.375, 83.375, 9.411662496428132e-23, nan 
84.625, 83.375, 6.23255556202625e-23, nan 
84.875, 83.375, 6.449082448508835e-23, nan 
85.125, 83.375, 7.880805660035039e-23, nan 
85.375, 83.375, 7.703046835670353e-23, nan 
85.625, 83.375, 6.564457009387556e-23, nan 
85.875, 83.375, 7.29926218889711e-23, nan 
86.125, 83.375, 8.408843915687628e-23, nan 
86.375, 83.375, 6.114745163152849e-23, nan 
86.625, 83.375, 9.331956670630493e-23, nan 
86.875, 83.375, 6.312862079702346e-23, nan 
87.125, 83.375, 7.719042728898528e-23, nan 
87.375, 83.375, 6.436850523538849e-23, nan 
87.625, 83.375, 6.804410356066839e-23, nan 
87.875, 83.375, 8.790939322158554e-23, nan 
88.125, 83.375, 9.12498873254305e-23, nan 
88.375, 83.375, 8.491624396592395e-23, nan 
88.625, 83.375, 8.676630021987455e-23, nan 
88.875, 83.375, 1.0451516675105543e-22, nan 
89.125, 83.375, 1.169111428985113e-22, nan 
89.375, 83.375, 9.269340579901463e-23, nan 
89.625, 83.375, 1.0403305351979419e-22, nan 
89.875, 83.375, 1.173301088076786e-22, nan 
90.125, 83.375, 1.0727450876302223e-22, nan 
90.375, 83.375, 1.1836800162815034e-22, nan 
90.625, 83.375, 1.4119496211749636e-22, nan 
90.875, 83.375, 1.5409477704896577e-22, nan 
91.125, 83.375, 6.230899238247805e-23, nan 
91.375, 83.375, 4.4431852855827685e-23, nan 
91.625, 83.375, 3.9430719505963473e-23, nan 
91.875, 83.375, 4.4542162550572583e-23, nan 
92.125, 83.375, 6.307931509449815e-23, nan 
92.375, 83.375, 7.07818613913853e-23, nan 
92.625, 83.375, 4.064635202706059e-23, nan 
92.875, 83.375, 9.510120254371919e-23, nan 
93.125, 83.375, 4.985877962403879e-23, nan 
93.375, 83.375, 8.230421459143804e-23, nan 
93.625, 83.375, 9.65266500859022e-23, nan 
93.875, 83.375, 9.595631556894203e-23, nan 
94.125, 83.375, 6.875623435944264e-23, nan 
94.375, 83.375, 7.581972147763334e-23, nan 
94.625, 83.375, 9.256793792989379e-23, nan 
94.875, 83.375, 9.336816456754229e-23, nan 
95.125, 83.375, 8.263788762878045e-23, nan 
95.375, 83.375, 8.555784346147639e-23, nan 
95.625, 83.375, 9.373528195962327e-23, nan 
95.875, 83.375, 9.354895443178735e-23, nan 
96.125, 83.375, 8.756959848494868e-23, nan 
96.375, 83.375, 6.482110810239576e-23, nan 
96.625, 83.375, 6.124331941805907e-23, nan 
96.875, 83.375, 6.384475288516353e-23, nan 
97.125, 83.375, 3.9521326073950816e-23, nan 
97.375, 83.375, 6.007735379204964e-23, nan 
97.625, 83.375, 6.843962236155834e-23, nan 
97.875, 83.375, 7.604369235818508e-23, nan 
98.125, 83.375, 1.0240329389619975e-22, nan 
98.375, 83.375, 1.188798261771095e-22, nan 
98.625, 83.375, 1.0763747777168206e-22, nan 
98.875, 83.375, 9.983951626177814e-23, nan 
99.125, 83.375, 9.610340272724989e-23, nan 
99.375, 83.375, 9.476615585238227e-23, nan 
99.625, 83.375, 1.1922734986832733e-22, nan 
99.875, 83.375, 1.2646803177515764e-22, nan 
100.125, 83.375, 1.194550666518698e-22, nan 
100.375, 83.375, 1.1554032022554754e-22, nan 
100.625, 83.375, 1.2272597850934834e-22, nan 
100.875, 83.375, 1.491684070218538e-22, nan 
101.125, 83.375, 1.4737307054925238e-22, nan 
101.375, 83.375, 1.3301452765481283e-22, nan 
101.625, 83.375, 1.3217819749433776e-22, nan 
101.875, 83.375, 1.4496646895128976e-22, nan 
102.125, 83.375, 1.4935729817613764e-22, nan 
102.375, 83.375, 1.4360655821372963e-22, nan 
102.625, 83.375, 1.287339288591818e-22, nan 
102.875, 83.375, 9.580198805447799e-23, nan 
103.125, 83.375, 8.741764864536543e-23, nan 
103.375, 83.375, 8.984424981787408e-23, nan 
103.625, 83.375, 9.079414276403231e-23, nan 
103.875, 83.375, 1.0207236489293947e-22, nan 
104.125, 83.375, 1.2706695938150924e-22, nan 
104.375, 83.375, 1.6241932440025688e-22, nan 
104.625, 83.375, 1.5265907253847641e-22, nan 
104.875, 83.375, 1.4528374424882757e-22, nan 
105.125, 83.375, 1.6012226142607978e-22, nan 
105.375, 83.375, 1.6445009468070208e-22, nan 
105.625, 83.375, 1.878430604221262e-22, nan 
105.875, 83.375, 1.972392454806797e-22, nan 
106.125, 83.375, 2.1144772851637623e-22, nan 
106.375, 83.375, 2.1238376224511995e-22, nan 
106.625, 83.375, 2.2326519733753734e-22, nan 
106.875, 83.375, 2.2504456023644204e-22, nan 
107.125, 83.375, 3.208007493188106e-22, nan 
107.375, 83.375, 2.7952034867058194e-22, nan 
107.625, 83.375, 2.4973068696644987e-22, nan 
107.875, 83.375, 2.9396568401933074e-22, nan 
108.125, 83.375, 3.172150609799112e-22, nan 
108.375, 83.375, 2.97798671533856e-22, nan 
108.625, 83.375, 2.388963260004587e-22, nan 
108.875, 83.375, 1.49301777902883e-22, nan 
109.125, 83.375, 1.1766846679914384e-22, nan 
109.375, 83.375, 2.344371046627549e-22, nan 
109.625, 83.375, 1.6168705114397518e-22, nan 
109.875, 83.375, 1.2926323607864815e-22, nan 
110.125, 83.375, 1.2590135140034482e-22, nan 
110.375, 83.375, 1.7337135261427989e-22, nan 
110.625, 83.375, 1.4649927866099557e-22, nan 
110.875, 83.375, 1.1943745378045488e-22, nan 
111.125, 83.375, 2.258267453190533e-22, nan 
111.375, 83.375, 1.8284001148388585e-22, nan 
111.625, 83.375, 2.0193088485214725e-22, nan 
111.875, 83.375, 2.2746893102906278e-22, nan 
112.125, 83.375, 2.6549481749119107e-22, nan 
112.375, 83.375, 2.6693172077162804e-22, nan 
112.625, 83.375, 2.586128085891868e-22, nan 
112.875, 83.375, 2.6850167405944467e-22, nan 
113.125, 83.375, 2.786248309675673e-22, nan 
113.375, 83.375, 2.9401240881138754e-22, nan 
113.625, 83.375, 2.634449460804406e-22, nan 
113.875, 83.375, 2.4594310442881977e-22, nan 
114.125, 83.375, 2.3280262862503464e-22, nan 
114.375, 83.375, 2.307204337580367e-22, nan 
114.625, 83.375, 2.3383476817347473e-22, nan 
114.875, 83.375, 2.1274588769217734e-22, nan 
115.125, 83.375, 2.1670133697865823e-22, nan 
115.375, 83.375, 2.2242371227856604e-22, nan 
115.625, 83.375, 2.191364932488878e-22, nan 
115.875, 83.375, 2.3097096781559465e-22, nan 
116.125, 83.375, 2.3085402095351267e-22, nan 
116.375, 83.375, 2.313032590422739e-22, nan 
116.625, 83.375, 2.36670963126282e-22, nan 
116.875, 83.375, 2.215029601173606e-22, nan 
117.125, 83.375, 2.1616776800739458e-22, nan 
117.375, 83.375, 1.9268538796425794e-22, nan 
117.625, 83.375, 1.9282157458728972e-22, nan 
117.875, 83.375, 1.7470466453601114e-22, nan 
118.125, 83.375, 2.613467811494966e-22, nan 
118.375, 83.375, 2.459371872310153e-22, nan 
118.625, 83.375, 2.026997993407028e-22, nan 
118.875, 83.375, 1.9525109707728665e-22, nan 
119.125, 83.375, 1.9706759760064877e-22, nan 
119.375, 83.375, 1.2788999557672172e-22, nan 
119.625, 83.375, 8.60142014243626e-23, nan 
119.875, 83.375, 4.805166372856283e-23, nan 
120.125, 83.375, 5.798874803050617e-23, nan 
120.375, 83.375, 5.850845055322925e-23, nan 
120.625, 83.375, 5.1723641075796315e-23, nan 
120.875, 83.375, 3.936900429407304e-23, nan 
121.125, 83.375, 4.1027797039439433e-23, nan 
121.375, 83.375, 4.902025924335476e-23, nan 
121.625, 83.375, 4.959402067774027e-23, nan 
121.875, 83.375, 2.509935168889856e-23, nan 
122.125, 83.375, 1.6936797507309203e-23, nan 
122.375, 83.375, 2.326445739548371e-23, nan 
122.625, 83.375, 2.828324604734306e-23, nan 
122.875, 83.375, 2.5454934615531252e-23, nan 
123.125, 83.375, 5.569941718407577e-23, nan 
123.375, 83.375, 8.666425813875422e-23, nan 
123.625, 83.375, 9.385165626406795e-23, nan 
123.875, 83.375, 7.803074707252648e-23, nan 
124.125, 83.375, 6.625016912742459e-23, nan 
124.375, 83.375, 5.621162789120126e-23, nan 
124.625, 83.375, 4.4991721332478696e-23, nan 
124.875, 83.375, 4.3539746976839077e-23, nan 
125.125, 83.375, 2.5547032916367978e-23, nan 
125.375, 83.375, 1.860213107528926e-23, nan 
125.625, 83.375, 1.6303680555245917e-23, nan 
125.875, 83.375, 1.982901258103736e-23, nan 
126.125, 83.375, 2.1720310478647312e-23, nan 
126.375, 83.375, 1.9257580634872544e-23, nan 
126.625, 83.375, 1.5866575140756323e-23, nan 
126.875, 83.375, 1.9683424550318283e-23, nan 
127.125, 83.375, 2.4854937326983198e-23, nan 
127.375, 83.375, 2.5611946603699053e-23, nan 
127.625, 83.375, 2.8711784646857696e-23, nan 
127.875, 83.375, 3.1903514931381575e-23, nan 
128.125, 83.375, 3.048684776027345e-23, nan 
128.375, 83.375, 2.527025675615647e-23, nan 
128.625, 83.375, 2.3431277082716786e-23, nan 
128.875, 83.375, 2.817239247378937e-23, nan 
129.125, 83.375, 2.3342989284990843e-23, nan 
129.375, 83.375, 2.7995749195227424e-23, nan 
129.625, 83.375, 3.051942115742219e-23, nan 
129.875, 83.375, 3.3226912843394406e-23, nan 
130.125, 83.375, 4.0717128981039534e-23, nan 
130.375, 83.375, 4.1259919700118374e-23, nan 
130.625, 83.375, 5.787171994164339e-23, nan 
130.875, 83.375, 6.077416620853583e-23, nan 
131.125, 83.375, 6.491315219880987e-23, nan 
131.375, 83.375, 6.407492122783649e-23, nan 
131.625, 83.375, 7.912523872600811e-23, nan 
131.875, 83.375, 8.569688335006814e-23, nan 
132.125, 83.375, 8.968345103422926e-23, nan 
132.375, 83.375, 9.339625567519478e-23, nan 
132.625, 83.375, 9.761692600463422e-23, nan 
132.875, 83.375, 9.358550847496843e-23, nan 
133.125, 83.375, 7.193350937887375e-23, nan 
133.375, 83.375, 9.645162782448359e-23, nan 
133.625, 83.375, 1.0459334382439661e-22, nan 
133.875, 83.375, 8.77148844218944e-23, nan 
134.125, 83.375, 8.880968611624746e-23, nan 
134.375, 83.375, 6.059807016523838e-23, nan 
134.625, 83.375, 5.226187507492615e-23, nan 
134.875, 83.375, 5.133007131240236e-23, nan 
135.125, 83.375, 4.8750660990160305e-23, nan 
135.375, 83.375, 3.903284800553635e-23, nan 
135.625, 83.375, 4.802299235176533e-23, nan 
135.875, 83.375, 5.10054398706738e-23, nan 
136.125, 83.375, 4.1798648988770016e-23, nan 
136.375, 83.375, 4.323939655033848e-23, nan 
136.625, 83.375, 3.165509004554374e-23, nan 
136.875, 83.375, 2.893025493237302e-23, nan 
137.125, 83.375, 2.494889087060284e-23, nan 
137.375, 83.375, 1.7430011896171316e-23, nan 
137.625, 83.375, 1.7222696061788109e-23, nan 
137.875, 83.375, 1.6563630283094734e-23, nan 
138.125, 83.375, 1.1484820960195718e-23, nan 
138.375, 83.375, 6.546712015648243e-24, nan 
138.625, 83.375, 8.014820596889008e-24, nan 
138.875, 83.375, 1.0344976497588822e-23, nan 
139.125, 83.375, 1.360022628733509e-23, nan 
139.375, 83.375, 1.0670378048148382e-23, nan 
139.625, 83.375, 1.0986563281002524e-23, nan 
139.875, 83.375, 2.8714327967590795e-23, nan 
140.125, 83.375, 4.170654918219005e-23, nan 
140.375, 83.375, 3.3961383493693545e-23, nan 
140.625, 83.375, 2.420452373941448e-23, nan 
140.875, 83.375, 1.9075820144757432e-23, nan 
141.125, 83.375, 1.840468083757545e-23, nan 
141.375, 83.375, 2.0377416635733872e-23, nan 
141.625, 83.375, 1.9773817812805535e-23, nan 
141.875, 83.375, 1.6922232172311178e-23, nan 
142.125, 83.375, 1.2683803307736486e-23, nan 
142.375, 83.375, 1.2007212155290357e-23, nan 
142.625, 83.375, 1.2266251095042793e-23, nan 
142.875, 83.375, 1.0992604445140129e-23, nan 
143.125, 83.375, 1.2133613812031044e-23, nan 
143.375, 83.375, 1.463489602288679e-23, nan 
143.625, 83.375, 1.6593670464101448e-23, nan 
143.875, 83.375, 1.6224104839810876e-23, nan 
144.125, 83.375, 1.4887120297099678e-23, nan 
144.375, 83.375, 1.3724655253811777e-23, nan 
144.625, 83.375, 1.245501018174699e-23, nan 
144.875, 83.375, 1.1175277007423942e-23, nan 
145.125, 83.375, 1.0981164064077586e-23, nan 
145.375, 83.375, 1.1734638629113163e-23, nan 
145.625, 83.375, 1.1107948367142769e-23, nan 
145.875, 83.375, 1.0369416628054869e-23, nan 
146.125, 83.375, 1.0132305397247818e-23, nan 
146.375, 83.375, 1.0324382410562903e-23, nan 
146.625, 83.375, 1.096073111389006e-23, nan 
146.875, 83.375, 9.076944478335413e-24, nan 
147.125, 83.375, 7.326135405160912e-24, nan 
147.375, 83.375, 8.459680796169752e-24, nan 
147.625, 83.375, 9.92981339112812e-24, nan 
147.875, 83.375, 8.030041699565534e-24, nan 
148.125, 83.375, 6.4622687280839214e-24, nan 
148.375, 83.375, 6.049744260557672e-24, nan 
148.625, 83.375, 5.807772236981164e-24, nan 
148.875, 83.375, 5.158433468308605e-24, nan 
149.125, 83.375, 4.572555809579219e-24, nan 
149.375, 83.375, 4.86687933554795e-24, nan 
149.625, 83.375, 5.36184072227412e-24, nan 
149.875, 83.375, 3.765235140284671e-24, nan 
150.125, 83.375, 3.690180100847744e-24, nan 
150.375, 83.375, 5.0745207942871006e-24, nan 
150.625, 83.375, 5.880456999455371e-24, nan 
150.875, 83.375, 5.446546237634242e-24, nan 
151.125, 83.375, 4.8139748069965744e-24, nan 
151.375, 83.375, 5.545754557045637e-24, nan 
151.625, 83.375, 6.2923955278871604e-24, nan 
151.875, 83.375, 5.3166136695949974e-24, nan 
152.125, 83.375, 4.638198525991625e-24, nan 
152.375, 83.375, 5.659280929140633e-24, nan 
152.625, 83.375, 5.545939012547812e-24, nan 
152.875, 83.375, 4.365358262183078e-24, nan 
153.125, 83.375, 4.510740574137776e-24, nan 
153.375, 83.375, 4.757343831263583e-24, nan 
153.625, 83.375, 4.9105423884661985e-24, nan 
153.875, 83.375, 5.65761598631215e-24, nan 
154.125, 83.375, 6.017100287156872e-24, nan 
154.375, 83.375, 6.022897735952551e-24, nan 
154.625, 83.375, 5.9890174347670075e-24, nan 
154.875, 83.375, 5.641985945361166e-24, nan 
155.125, 83.375, 5.447837073164682e-24, nan 
155.375, 83.375, 5.170175007706755e-24, nan 
155.625, 83.375, 5.3269501165226065e-24, nan 
155.875, 83.375, 4.685032347599194e-24, nan 
156.125, 83.375, 3.769543366144002e-24, nan 
156.375, 83.375, 4.0756288948954575e-24, nan 
156.625, 83.375, 4.016024077532683e-24, nan 
156.875, 83.375, 3.25078804129929e-24, nan 
157.125, 83.375, 4.014849492429059e-24, nan 
157.375, 83.375, 5.418918124307619e-24, nan 
157.625, 83.375, 5.567665913108872e-24, nan 
157.875, 83.375, 4.210016847961216e-24, nan 
158.125, 83.375, 4.1548626832212594e-24, nan 
158.375, 83.375, 4.772579468538982e-24, nan 
158.625, 83.375, 4.521979986994935e-24, nan 
158.875, 83.375, 3.5448643639744494e-24, nan 
159.125, 83.375, 2.8600663054768743e-24, nan 
159.375, 83.375, 2.494625252958625e-24, nan 
159.625, 83.375, 2.6612603999043997e-24, nan 
159.875, 83.375, 3.1964921799074633e-24, nan 
160.125, 83.375, 3.9889069978436015e-24, nan 
160.375, 83.375, 3.99395397026121e-24, nan 
160.625, 83.375, 3.1229390066696465e-24, nan 
160.875, 83.375, 3.3063105783648973e-24, nan 
161.125, 83.375, 3.752121660341759e-24, nan 
161.375, 83.375, 3.616264486338381e-24, nan 
161.625, 83.375, 3.5496243003532196e-24, nan 
161.875, 83.375, 3.588610704252695e-24, nan 
162.125, 83.375, 3.818612115906331e-24, nan 
162.375, 83.375, 3.545916088914873e-24, nan 
162.625, 83.375, 3.4849043696831025e-24, nan 
162.875, 83.375, 3.43527448936753e-24, nan 
163.125, 83.375, 3.387352184208306e-24, nan 
163.375, 83.375, 3.633761028045229e-24, nan 
163.625, 83.375, 3.4947856654732675e-24, nan 
163.875, 83.375, 3.534676741141587e-24, nan 
164.125, 83.375, 3.487354396535932e-24, nan 
164.375, 83.375, 3.870948067278051e-24, nan 
164.625, 83.375, 4.171280674355963e-24, nan 
164.875, 83.375, 4.493669051090735e-24, nan 
165.125, 83.375, 9.784052093630768e-24, nan 
165.375, 83.375, 1.235482781614695e-23, nan 
165.625, 83.375, 6.2923299700779214e-24, nan 
165.875, 83.375, 7.72637318288851e-24, nan 
166.125, 83.375, 1.2057324606435937e-23, nan 
166.375, 83.375, 1.0062993771852267e-23, nan 
166.625, 83.375, 7.025168209306764e-24, nan 
166.875, 83.375, 6.933620234598798e-24, nan 
167.125, 83.375, 5.523595155430368e-24, nan 
167.375, 83.375, 5.070924022830751e-24, nan 
167.625, 83.375, 4.680599987266635e-24, nan 
167.875, 83.375, 4.480534680147141e-24, nan 
168.125, 83.375, 4.254915685615202e-24, nan 
168.375, 83.375, 3.520589034613455e-24, nan 
168.625, 83.375, 2.3508641110607714e-24, nan 
168.875, 83.375, 3.353713393947878e-24, nan 
169.125, 83.375, 3.4891864838497265e-24, nan 
169.375, 83.375, 4.3265567853363894e-24, nan 
169.625, 83.375, 4.609952415867048e-24, nan 
169.875, 83.375, 4.5105137181337445e-24, nan 
170.125, 83.375, 5.739485567710745e-24, nan 
170.375, 83.375, 7.357972570173105e-24, nan 
170.625, 83.375, 7.20522227853387e-24, nan 
170.875, 83.375, 6.035736694090743e-24, nan 
171.125, 83.375, 5.982988679929104e-24, nan 
171.375, 83.375, 6.796630382988977e-24, nan 
171.625, 83.375, 7.328756528562903e-24, nan 
171.875, 83.375, 7.2729316469306e-24, nan 
172.125, 83.375, 6.983149998691496e-24, nan 
172.375, 83.375, 6.85798785131744e-24, nan 
172.625, 83.375, 6.662220623950908e-24, nan 
172.875, 83.375, 6.390178971885768e-24, nan 
173.125, 83.375, 5.873886694218538e-24, nan 
173.375, 83.375, 5.3004511742841624e-24, nan 
173.625, 83.375, 4.972113840434165e-24, nan 
173.875, 83.375, 4.779209167058351e-24, nan 
174.125, 83.375, 4.458171451283061e-24, nan 
174.375, 83.375, 4.173648225577749e-24, nan 
174.625, 83.375, 3.829847257831289e-24, nan 
174.875, 83.375, 3.396612110581688e-24, nan 
175.125, 83.375, 3.1587089273910724e-24, nan 
175.375, 83.375, 3.034172677827891e-24, nan 
175.625, 83.375, 3.0329306256056254e-24, nan 
175.875, 83.375, 2.6183843094593776e-24, nan 
176.125, 83.375, 2.242491132013353e-24, nan 
176.375, 83.375, 1.940542877433483e-24, nan 
176.625, 83.375, 2.230486985813317e-24, nan 
176.875, 83.375, 2.071952307415822e-24, nan 
177.125, 83.375, 1.978364993589394e-24, nan 
177.375, 83.375, 1.8676981587888793e-24, nan 
177.625, 83.375, 1.7796587759843722e-24, nan 
177.875, 83.375, 1.7768936675049818e-24, nan 
178.125, 83.375, 1.7016709346848285e-24, nan 
178.375, 83.375, 1.4079581697643915e-24, nan 
178.625, 83.375, 1.5974940076010878e-24, nan 
178.875, 83.375, 1.6774212375294012e-24, nan 
179.125, 83.375, 1.4029080737290176e-24, nan 
179.375, 83.375, 9.902753244443717e-25, nan 
179.625, 83.375, 1.1110211359778247e-24, nan 
179.875, 83.375, 1.4305787466157163e-24, nan 
-179.875, 83.625, 1.1630132162664505e-24, nan 
-179.625, 83.625, 1.1662818124536575e-24, nan 
-179.375, 83.625, 1.1362452275608327e-24, nan 
-179.125, 83.625, 1.1035527684436524e-24, nan 
-178.875, 83.625, 1.2182690465308952e-24, nan 
-178.625, 83.625, 1.172560726191014e-24, nan 
-178.375, 83.625, 1.1638812182083688e-24, nan 
-178.125, 83.625, 1.2672835907176765e-24, nan 
-177.875, 83.625, 1.3713731804245865e-24, nan 
-177.625, 83.625, 1.1620491665684603e-24, nan 
-177.375, 83.625, 1.2087049755320781e-24, nan 
-177.125, 83.625, 1.1669929303806837e-24, nan 
-176.875, 83.625, 1.1297491006782852e-24, nan 
-176.625, 83.625, 1.2508960292485572e-24, nan 
-176.375, 83.625, 1.39248927147785e-24, nan 
-176.125, 83.625, 1.235064914808518e-24, nan 
-175.875, 83.625, 1.499309705378252e-24, nan 
-175.625, 83.625, 1.4838223612558577e-24, nan 
-175.375, 83.625, 1.2266802621907802e-24, nan 
-175.125, 83.625, 1.2012294928041538e-24, nan 
-174.875, 83.625, 1.0380615405867943e-24, nan 
-174.625, 83.625, 1.0606705763519325e-24, nan 
-174.375, 83.625, 1.3298242637381584e-24, nan 
-174.125, 83.625, 1.689807320687353e-24, nan 
-173.875, 83.625, 1.4147046480948202e-24, nan 
-173.625, 83.625, 1.4776710614989128e-24, nan 
-173.375, 83.625, 1.749897085417653e-24, nan 
-173.125, 83.625, 1.7974631176355825e-24, nan 
-172.875, 83.625, 1.5264025663249487e-24, nan 
-172.625, 83.625, 1.331258360084216e-24, nan 
-172.375, 83.625, 1.5137955404526748e-24, nan 
-172.125, 83.625, 1.4093245403275954e-24, nan 
-171.875, 83.625, 1.1374013925715837e-24, nan 
-171.625, 83.625, 1.192203920916833e-24, nan 
-171.375, 83.625, 1.2447893911031306e-24, nan 
-171.125, 83.625, 1.0966916067372852e-24, nan 
-170.875, 83.625, 9.559690355598374e-25, nan 
-170.625, 83.625, 9.066127936654636e-25, nan 
-170.375, 83.625, 9.814885996181785e-25, nan 
-170.125, 83.625, 9.897761661264327e-25, nan 
-169.875, 83.625, 9.14503350917431e-25, nan 
-169.625, 83.625, 8.367848793826571e-25, nan 
12.375, 83.625, 4.896482074067376e-24, nan 
12.625, 83.625, 4.658998423318365e-24, nan 
12.875, 83.625, 4.1297537323410874e-24, nan 
13.125, 83.625, 3.821340410920305e-24, nan 
13.375, 83.625, 4.158439660460264e-24, nan 
13.625, 83.625, 4.387347907620213e-24, nan 
13.875, 83.625, 4.5837134154063864e-24, nan 
14.125, 83.625, 4.361744205931943e-24, nan 
14.375, 83.625, 4.037345655191126e-24, nan 
14.625, 83.625, 3.662928365243918e-24, nan 
14.875, 83.625, 3.956183513676783e-24, nan 
15.125, 83.625, 4.910469747830908e-24, nan 
15.375, 83.625, 6.140436124148239e-24, nan 
15.625, 83.625, 7.344288767140102e-24, nan 
15.875, 83.625, 8.902972243991506e-24, nan 
16.125, 83.625, 9.295916288452645e-24, nan 
16.375, 83.625, 8.256787225883733e-24, nan 
16.625, 83.625, 7.250079531678037e-24, nan 
16.875, 83.625, 6.478417720505699e-24, nan 
17.125, 83.625, 5.806711163843588e-24, nan 
17.375, 83.625, 5.4402310323896816e-24, nan 
17.625, 83.625, 5.532919875019734e-24, nan 
17.875, 83.625, 4.879235167468043e-24, nan 
18.125, 83.625, 4.2220106360812626e-24, nan 
18.375, 83.625, 4.5195236204006796e-24, nan 
18.625, 83.625, 4.7249188385354444e-24, nan 
18.875, 83.625, 4.517809176948142e-24, nan 
19.125, 83.625, 3.95968040494509e-24, nan 
19.375, 83.625, 3.2994497746454107e-24, nan 
19.625, 83.625, 2.834303257356647e-24, nan 
19.875, 83.625, 2.6440956918747523e-24, nan 
20.125, 83.625, 2.9604722180500154e-24, nan 
20.375, 83.625, 3.0187709473232128e-24, nan 
20.625, 83.625, 2.9001252752269576e-24, nan 
20.875, 83.625, 2.6996823964800413e-24, nan 
21.125, 83.625, 2.5219421331473932e-24, nan 
21.375, 83.625, 2.3129336949036797e-24, nan 
21.625, 83.625, 2.0388153273762382e-24, nan 
21.875, 83.625, 2.0383392053995042e-24, nan 
22.125, 83.625, 2.0966250295617952e-24, nan 
22.375, 83.625, 2.4120676932763913e-24, nan 
22.625, 83.625, 2.629970599033595e-24, nan 
22.875, 83.625, 2.7563236861794236e-24, nan 
23.125, 83.625, 2.911253450381217e-24, nan 
23.375, 83.625, 3.2244213818777732e-24, nan 
23.625, 83.625, 3.557377354531075e-24, nan 
23.875, 83.625, 3.644433164588941e-24, nan 
24.125, 83.625, 3.64164635257239e-24, nan 
24.375, 83.625, 3.5852420801059455e-24, nan 
24.625, 83.625, 3.643324401242635e-24, nan 
24.875, 83.625, 3.6303731099638506e-24, nan 
25.125, 83.625, 3.6136995514653266e-24, nan 
25.375, 83.625, 3.659898435658078e-24, nan 
25.625, 83.625, 3.9431352869444785e-24, nan 
25.875, 83.625, 4.014075266084332e-24, nan 
26.125, 83.625, 3.862284369635104e-24, nan 
26.375, 83.625, 3.751966162658493e-24, nan 
26.625, 83.625, 3.780952226650491e-24, nan 
26.875, 83.625, 3.566994397772816e-24, nan 
27.125, 83.625, 3.428172817784307e-24, nan 
27.375, 83.625, 3.425404818894381e-24, nan 
27.625, 83.625, 3.341202641896888e-24, nan 
27.875, 83.625, 3.211292443675573e-24, nan 
28.125, 83.625, 3.040544326716271e-24, nan 
28.375, 83.625, 3.0567249723632322e-24, nan 
28.625, 83.625, 2.891093301423304e-24, nan 
28.875, 83.625, 2.8284388810710862e-24, nan 
29.125, 83.625, 2.771913301546951e-24, nan 
29.375, 83.625, 2.6623861703202853e-24, nan 
29.625, 83.625, 2.5752244997331244e-24, nan 
29.875, 83.625, 2.4244425947309313e-24, nan 
30.125, 83.625, 2.32851620305663e-24, nan 
30.375, 83.625, 2.3169165419990495e-24, nan 
30.625, 83.625, 2.296094215687465e-24, nan 
30.875, 83.625, 2.1613454942724697e-24, nan 
31.125, 83.625, 2.1489340805242074e-24, nan 
31.375, 83.625, 2.0823376012899713e-24, nan 
31.625, 83.625, 1.9931354185337268e-24, nan 
31.875, 83.625, 1.94434556910807e-24, nan 
32.125, 83.625, 1.955306079646664e-24, nan 
32.375, 83.625, 1.990401779644652e-24, nan 
32.625, 83.625, 2.0119692455610534e-24, nan 
32.875, 83.625, 2.0679678780747214e-24, nan 
33.125, 83.625, 1.9987272199545946e-24, nan 
33.375, 83.625, 1.9600659549843265e-24, nan 
33.625, 83.625, 2.0981942255716415e-24, nan 
33.875, 83.625, 2.1093132117933227e-24, nan 
34.125, 83.625, 2.092520340715147e-24, nan 
34.375, 83.625, 2.0086893955814208e-24, nan 
34.625, 83.625, 2.0067197460147673e-24, nan 
34.875, 83.625, 1.999969576936493e-24, nan 
35.125, 83.625, 1.9437958432345794e-24, nan 
35.375, 83.625, 1.943125174194801e-24, nan 
35.625, 83.625, 1.836295249295849e-24, nan 
35.875, 83.625, 1.889308486161072e-24, nan 
36.125, 83.625, 1.9507881291535613e-24, nan 
36.375, 83.625, 1.925439253961065e-24, nan 
36.625, 83.625, 1.8772416159698777e-24, nan 
36.875, 83.625, 1.6842898705490304e-24, nan 
37.125, 83.625, 1.5362621281734654e-24, nan 
37.375, 83.625, 1.3941893059624742e-24, nan 
37.625, 83.625, 1.4441483883411687e-24, nan 
37.875, 83.625, 1.4567449106408946e-24, nan 
38.125, 83.625, 1.3345099857388525e-24, nan 
38.375, 83.625, 1.4146965590658806e-24, nan 
38.625, 83.625, 1.4618283814639004e-24, nan 
38.875, 83.625, 1.5647999248011676e-24, nan 
39.125, 83.625, 1.6502586826431398e-24, nan 
39.375, 83.625, 1.791531194859208e-24, nan 
39.625, 83.625, 1.977507388064263e-24, nan 
39.875, 83.625, 2.0450767367648763e-24, nan 
40.125, 83.625, 2.3718551542096953e-24, nan 
40.375, 83.625, 2.4364385989544863e-24, nan 
40.625, 83.625, 2.5780592645120044e-24, nan 
40.875, 83.625, 2.6781518339219688e-24, nan 
41.125, 83.625, 3.087897542261686e-24, nan 
41.375, 83.625, 3.558769426332413e-24, nan 
41.625, 83.625, 3.75572633198293e-24, nan 
41.875, 83.625, 3.9305147873970914e-24, nan 
42.125, 83.625, 3.985945321893445e-24, nan 
42.375, 83.625, 4.522655503506314e-24, nan 
42.625, 83.625, 5.745996987413157e-24, nan 
42.875, 83.625, 6.288420682078862e-24, nan 
43.125, 83.625, 6.6160641200801376e-24, nan 
43.375, 83.625, 8.662053499995635e-24, nan 
43.625, 83.625, 1.0791795569844224e-23, nan 
43.875, 83.625, 1.126556368615268e-23, nan 
44.125, 83.625, 1.1635024330676103e-23, nan 
44.375, 83.625, 1.3416135936817244e-23, nan 
44.625, 83.625, 1.5426886986607356e-23, nan 
44.875, 83.625, 1.503246375455597e-23, nan 
45.125, 83.625, 1.4717772033404095e-23, nan 
45.375, 83.625, 1.4753552831461424e-23, nan 
45.625, 83.625, 1.4482498408162756e-23, nan 
45.875, 83.625, 1.6263152709994035e-23, nan 
46.125, 83.625, 1.4809914649489794e-23, nan 
46.375, 83.625, 1.3958827799510512e-23, nan 
46.625, 83.625, 1.56418195951345e-23, nan 
46.875, 83.625, 1.6971600843410475e-23, nan 
47.125, 83.625, 1.7223731673501668e-23, nan 
47.375, 83.625, 1.85221698955517e-23, nan 
47.625, 83.625, 2.0374779161806237e-23, nan 
47.875, 83.625, 1.9128921085940568e-23, nan 
48.125, 83.625, 1.865775849806002e-23, nan 
48.375, 83.625, 2.3282948069305242e-23, nan 
48.625, 83.625, 2.6300301773814081e-23, nan 
48.875, 83.625, 2.2986884724921255e-23, nan 
49.125, 83.625, 1.992323583888577e-23, nan 
49.375, 83.625, 2.537334487766277e-23, nan 
49.625, 83.625, 2.990725856754954e-23, nan 
49.875, 83.625, 2.920907974685905e-23, nan 
50.125, 83.625, 2.637239629012053e-23, nan 
50.375, 83.625, 3.014117618456945e-23, nan 
50.625, 83.625, 3.823443925977764e-23, nan 
50.875, 83.625, 4.2418734622929834e-23, nan 
51.125, 83.625, 3.1597058368269996e-23, nan 
51.375, 83.625, 2.8080224751911696e-23, nan 
51.625, 83.625, 4.1793028024992e-23, nan 
51.875, 83.625, 5.1624822573463514e-23, nan 
52.125, 83.625, 4.131550064159423e-23, nan 
52.375, 83.625, 3.8899364648994473e-23, nan 
52.625, 83.625, 5.68979868761789e-23, nan 
52.875, 83.625, 5.776048831014713e-23, nan 
53.125, 83.625, 5.251058175833344e-23, nan 
53.375, 83.625, 4.522353599006669e-23, nan 
53.625, 83.625, 4.547818705671029e-23, nan 
53.875, 83.625, 2.458681031508673e-23, nan 
54.125, 83.625, 3.086798548739398e-23, nan 
54.375, 83.625, 2.968507556364278e-23, nan 
54.625, 83.625, 2.7942352785321113e-23, nan 
54.875, 83.625, 4.2002405819495657e-23, nan 
55.125, 83.625, 4.968928365851328e-23, nan 
55.375, 83.625, 4.192186991355541e-23, nan 
55.625, 83.625, 3.6248527659395135e-23, nan 
55.875, 83.625, 3.676712493852601e-23, nan 
56.125, 83.625, 2.6313399435209003e-23, nan 
56.375, 83.625, 2.502244237938724e-23, nan 
56.625, 83.625, 2.9769248921920543e-23, nan 
56.875, 83.625, 2.7262207759390465e-23, nan 
57.125, 83.625, 1.5773340900033946e-23, nan 
57.375, 83.625, 1.8452254978966426e-23, nan 
57.625, 83.625, 1.927958792869461e-23, nan 
57.875, 83.625, 1.938430726607394e-23, nan 
58.125, 83.625, 1.9227271584724687e-23, nan 
58.375, 83.625, 2.166678953827008e-23, nan 
58.625, 83.625, 2.2299503415394927e-23, nan 
58.875, 83.625, 2.1531552441632718e-23, nan 
59.125, 83.625, 2.1016305736268578e-23, nan 
59.375, 83.625, 2.1313156755337942e-23, nan 
59.625, 83.625, 2.1478675711851896e-23, nan 
59.875, 83.625, 2.0409404566146693e-23, nan 
60.125, 83.625, 2.3196836338752453e-23, nan 
60.375, 83.625, 2.2359177919481596e-23, nan 
60.625, 83.625, 2.1640838965747652e-23, nan 
60.875, 83.625, 2.2793341464502234e-23, nan 
61.125, 83.625, 2.2704858353164115e-23, nan 
61.375, 83.625, 2.18028406738393e-23, nan 
61.625, 83.625, 2.2251898426405733e-23, nan 
61.875, 83.625, 2.2619287179695543e-23, nan 
62.125, 83.625, 2.4114385197239137e-23, nan 
62.375, 83.625, 2.1336483013882824e-23, nan 
62.625, 83.625, 2.1116099820050815e-23, nan 
62.875, 83.625, 2.0493356464418496e-23, nan 
63.125, 83.625, 2.630070142773683e-23, nan 
63.375, 83.625, 2.3993127502552613e-23, nan 
63.625, 83.625, 1.5925655320583895e-23, nan 
63.875, 83.625, 2.1959890056395522e-23, nan 
64.125, 83.625, 2.5186641176016686e-23, nan 
64.375, 83.625, 4.137982135921508e-23, nan 
64.625, 83.625, 4.616620522254381e-23, nan 
64.875, 83.625, 3.768981206475293e-23, nan 
65.125, 83.625, 4.888027955994549e-23, nan 
65.375, 83.625, 4.6980202425244e-23, nan 
65.625, 83.625, 4.9819384722219306e-23, nan 
65.875, 83.625, 5.218524919859164e-23, nan 
66.125, 83.625, 5.3870926274639e-23, nan 
66.375, 83.625, 4.809949474490679e-23, nan 
66.625, 83.625, 4.991940310016065e-23, nan 
66.875, 83.625, 5.2521181370954186e-23, nan 
67.125, 83.625, 5.964178416171804e-23, nan 
67.375, 83.625, 6.475390716109548e-23, nan 
67.625, 83.625, 7.068757547577462e-23, nan 
67.875, 83.625, 7.84610909161567e-23, nan 
68.125, 83.625, 8.432451714998682e-23, nan 
68.375, 83.625, 8.252746827352341e-23, nan 
68.625, 83.625, 6.005521441642176e-23, nan 
68.875, 83.625, 6.019998579823328e-23, nan 
69.125, 83.625, 6.503492660197912e-23, nan 
69.375, 83.625, 7.168538433425064e-23, nan 
69.625, 83.625, 6.754311217623222e-23, nan 
69.875, 83.625, 6.172291241201099e-23, nan 
70.125, 83.625, 5.925549214680018e-23, nan 
70.375, 83.625, 6.033136864906372e-23, nan 
70.625, 83.625, 5.903855014080382e-23, nan 
70.875, 83.625, 3.950080672316849e-23, nan 
71.125, 83.625, 2.9762570089622336e-23, nan 
71.375, 83.625, 2.66011360615458e-23, nan 
71.625, 83.625, 2.5696585905564106e-23, nan 
71.875, 83.625, 2.511178149220086e-23, nan 
72.125, 83.625, 2.7371920754812094e-23, nan 
72.375, 83.625, 2.8457669895736693e-23, nan 
72.625, 83.625, 2.842432998284565e-23, nan 
72.875, 83.625, 2.90133754961732e-23, nan 
73.125, 83.625, 3.638033604463525e-23, nan 
73.375, 83.625, 4.106651849129258e-23, nan 
73.625, 83.625, 4.1304688952892485e-23, nan 
73.875, 83.625, 4.6645897904091964e-23, nan 
74.125, 83.625, 5.08455149479569e-23, nan 
74.375, 83.625, 5.29867719567695e-23, nan 
74.625, 83.625, 5.437908130202192e-23, nan 
74.875, 83.625, 5.583201024471052e-23, nan 
75.125, 83.625, 5.263657328616025e-23, nan 
75.375, 83.625, 6.65773356620578e-23, nan 
75.625, 83.625, 3.1878166883990186e-23, nan 
75.875, 83.625, 4.268839032675945e-23, nan 
76.125, 83.625, 5.309778094160975e-23, nan 
76.375, 83.625, 6.322397011889793e-23, nan 
76.625, 83.625, 6.347434055826381e-23, nan 
76.875, 83.625, 6.73540703748392e-23, nan 
77.125, 83.625, 6.878672980175533e-23, nan 
77.375, 83.625, 6.250082081934149e-23, nan 
77.625, 83.625, 8.082398929760374e-23, nan 
77.875, 83.625, 6.494456973525484e-23, nan 
78.125, 83.625, 3.80508375056725e-23, nan 
78.375, 83.625, 3.6322605334294665e-23, nan 
78.625, 83.625, 2.732447459897925e-23, nan 
78.875, 83.625, 2.6852712979242515e-23, nan 
79.125, 83.625, 2.7347179967556256e-23, nan 
79.375, 83.625, 2.7074585376841176e-23, nan 
79.625, 83.625, 2.658952710223366e-23, nan 
79.875, 83.625, 3.020386615982628e-23, nan 
80.125, 83.625, 3.4360770205769755e-23, nan 
80.375, 83.625, 3.1397573334190244e-23, nan 
80.625, 83.625, 3.561348759064317e-23, nan 
80.875, 83.625, 4.679781074256651e-23, nan 
81.125, 83.625, 4.8132471066487836e-23, nan 
81.375, 83.625, 4.1074491761223115e-23, nan 
81.625, 83.625, 3.870720153492531e-23, nan 
81.875, 83.625, 4.8290906427856396e-23, nan 
82.125, 83.625, 7.140789989452539e-23, nan 
82.375, 83.625, 5.661114887868527e-23, nan 
82.625, 83.625, 5.59685399132368e-23, nan 
82.875, 83.625, 6.88196149828133e-23, nan 
83.125, 83.625, 7.333549219327168e-23, nan 
83.375, 83.625, 6.257740619564894e-23, nan 
83.625, 83.625, 7.531360301806984e-23, nan 
83.875, 83.625, 8.630801337890242e-23, nan 
84.125, 83.625, 3.770745675787353e-23, nan 
84.375, 83.625, 2.315105222297526e-23, nan 
84.625, 83.625, 2.898970635603738e-23, nan 
84.875, 83.625, 2.4805799298303693e-23, nan 
85.125, 83.625, 2.3685159058129368e-23, nan 
85.375, 83.625, 2.6685847737982915e-23, nan 
85.625, 83.625, 3.3329498270036224e-23, nan 
85.875, 83.625, 4.027451956069086e-23, nan 
86.125, 83.625, 3.817171981585935e-23, nan 
86.375, 83.625, 5.1383369716117e-23, nan 
86.625, 83.625, 7.941978497761335e-23, nan 
86.875, 83.625, 5.612845414452152e-23, nan 
87.125, 83.625, 4.7337849398194345e-23, nan 
87.375, 83.625, 4.6614995980722e-23, nan 
87.625, 83.625, 4.33724689596344e-23, nan 
87.875, 83.625, 3.2412059839931486e-23, nan 
88.125, 83.625, 3.6827323123417814e-23, nan 
88.375, 83.625, 3.287494962912692e-23, nan 
88.625, 83.625, 5.326339251731834e-23, nan 
88.875, 83.625, 7.312346422340702e-23, nan 
89.125, 83.625, 5.87914175229666e-23, nan 
89.375, 83.625, 4.941093989901929e-23, nan 
89.625, 83.625, 5.808202092732828e-23, nan 
89.875, 83.625, 6.24590877835995e-23, nan 
90.125, 83.625, 4.602667862456073e-23, nan 
90.375, 83.625, 6.520607798068976e-23, nan 
90.625, 83.625, 1.1477067658275583e-22, nan 
90.875, 83.625, 8.785950347284737e-23, nan 
91.125, 83.625, 9.584807443019855e-23, nan 
91.375, 83.625, 6.381028086583889e-23, nan 
91.625, 83.625, 1.0345202725145385e-22, nan 
91.875, 83.625, 9.44905936479276e-23, nan 
92.125, 83.625, 6.530070337904472e-23, nan 
92.375, 83.625, 5.882322937688196e-23, nan 
92.625, 83.625, 9.391648370261293e-23, nan 
92.875, 83.625, 2.2077524801845187e-22, nan 
93.125, 83.625, 1.3201938101397772e-22, nan 
93.375, 83.625, 8.170370987538797e-23, nan 
93.625, 83.625, 8.388034937136965e-23, nan 
93.875, 83.625, 9.838196000405464e-23, nan 
94.125, 83.625, 7.522795872204022e-23, nan 
94.375, 83.625, 8.385829454303812e-23, nan 
94.625, 83.625, 9.814361582485115e-23, nan 
94.875, 83.625, 1.467530293684069e-22, nan 
95.125, 83.625, 1.6045317115348133e-22, nan 
95.375, 83.625, 1.0689775240039358e-22, nan 
95.625, 83.625, 8.731977640163218e-23, nan 
95.875, 83.625, 9.876547455515853e-23, nan 
96.125, 83.625, 1.3660092119737321e-22, nan 
96.375, 83.625, 1.3124610923741037e-22, nan 
96.625, 83.625, 1.2498760436043888e-22, nan 
96.875, 83.625, 1.3109762088609954e-22, nan 
97.125, 83.625, 2.0038994091946062e-22, nan 
97.375, 83.625, 1.6437491534805673e-22, nan 
97.625, 83.625, 1.45449930618851e-22, nan 
97.875, 83.625, 1.4813664891557393e-22, nan 
98.125, 83.625, 1.4349392080381889e-22, nan 
98.375, 83.625, 1.935096064682656e-22, nan 
98.625, 83.625, 1.9641023226107416e-22, nan 
98.875, 83.625, 1.6798986550167605e-22, nan 
99.125, 83.625, 1.4404698474897354e-22, nan 
99.375, 83.625, 1.587199489832978e-22, nan 
99.625, 83.625, 2.0455353865389233e-22, nan 
99.875, 83.625, 2.282526364742902e-22, nan 
100.125, 83.625, 2.2778027106787465e-22, nan 
100.375, 83.625, 2.126508834772462e-22, nan 
100.625, 83.625, 1.9168649856333587e-22, nan 
100.875, 83.625, 2.0394125910593734e-22, nan 
101.125, 83.625, 2.0686270204682392e-22, nan 
101.375, 83.625, 1.9811927554903255e-22, nan 
101.625, 83.625, 1.8119570642134167e-22, nan 
101.875, 83.625, 1.8670176564138465e-22, nan 
102.125, 83.625, 1.9594356702076466e-22, nan 
102.375, 83.625, 2.127089355117072e-22, nan 
102.625, 83.625, 1.9812382508842275e-22, nan 
102.875, 83.625, 1.588282930968052e-22, nan 
103.125, 83.625, 1.4401409666009678e-22, nan 
103.375, 83.625, 1.6238443489683628e-22, nan 
103.625, 83.625, 1.4859642836406509e-22, nan 
103.875, 83.625, 1.2711938738559067e-22, nan 
104.125, 83.625, 1.0927467714284846e-22, nan 
104.375, 83.625, 1.0712121949694452e-22, nan 
104.625, 83.625, 1.129615164599744e-22, nan 
104.875, 83.625, 1.027144813412017e-22, nan 
105.125, 83.625, 9.639314102208632e-23, nan 
105.375, 83.625, 9.113922627379025e-23, nan 
105.625, 83.625, 8.796571487008413e-23, nan 
105.875, 83.625, 8.692569053868836e-23, nan 
106.125, 83.625, 9.032238147051282e-23, nan 
106.375, 83.625, 1.2807887989405928e-22, nan 
106.625, 83.625, 1.6037969251127315e-22, nan 
106.875, 83.625, 2.1269772185410303e-22, nan 
107.125, 83.625, 2.377325717945206e-22, nan 
107.375, 83.625, 2.258148142981674e-22, nan 
107.625, 83.625, 2.154996891603768e-22, nan 
107.875, 83.625, 2.4877809128034916e-22, nan 
108.125, 83.625, 2.7069272389525413e-22, nan 
108.375, 83.625, 2.49339764339225e-22, nan 
108.625, 83.625, 2.234267667525167e-22, nan 
108.875, 83.625, 1.7463430370715612e-22, nan 
109.125, 83.625, 1.6928030149479918e-22, nan 
109.375, 83.625, 2.333147451452252e-22, nan 
109.625, 83.625, 1.9136281742339056e-22, nan 
109.875, 83.625, 1.4892366746794192e-22, nan 
110.125, 83.625, 1.7583822736397094e-22, nan 
110.375, 83.625, 2.040082238051519e-22, nan 
110.625, 83.625, 1.8502331254202506e-22, nan 
110.875, 83.625, 1.302535288286235e-22, nan 
111.125, 83.625, 1.0873916829335716e-22, nan 
111.375, 83.625, 1.2214535931395084e-22, nan 
111.625, 83.625, 1.6541669033275658e-22, nan 
111.875, 83.625, 1.4733452727816075e-22, nan 
112.125, 83.625, 1.2754629838884013e-22, nan 
112.375, 83.625, 1.4202088101795995e-22, nan 
112.625, 83.625, 1.7332594806805394e-22, nan 
112.875, 83.625, 1.667345716585128e-22, nan 
113.125, 83.625, 1.5603199589244064e-22, nan 
113.375, 83.625, 1.8658137946482067e-22, nan 
113.625, 83.625, 1.9816134379354627e-22, nan 
113.875, 83.625, 1.8792176739829124e-22, nan 
114.125, 83.625, 1.4630399184454462e-22, nan 
114.375, 83.625, 2.1786189770521313e-22, nan 
114.625, 83.625, 2.343481354729728e-22, nan 
114.875, 83.625, 2.602179112828441e-22, nan 
115.125, 83.625, 2.631058101016372e-22, nan 
115.375, 83.625, 2.6414193354645857e-22, nan 
115.625, 83.625, 2.602446652227096e-22, nan 
115.875, 83.625, 2.5094454684738914e-22, nan 
116.125, 83.625, 2.3661219852127613e-22, nan 
116.375, 83.625, 2.3865019735482393e-22, nan 
116.625, 83.625, 2.3851497620079357e-22, nan 
116.875, 83.625, 2.4304529215445326e-22, nan 
117.125, 83.625, 3.1632904967874877e-22, nan 
117.375, 83.625, 3.1253181885554517e-22, nan 
117.625, 83.625, 3.127974242290082e-22, nan 
117.875, 83.625, 3.184400501249479e-22, nan 
118.125, 83.625, 3.6486450310458064e-22, nan 
118.375, 83.625, 3.4429587068434953e-22, nan 
118.625, 83.625, 2.9461156520695375e-22, nan 
118.875, 83.625, 2.9815230980717097e-22, nan 
119.125, 83.625, 3.1478816851868918e-22, nan 
119.375, 83.625, 4.504709032631242e-22, nan 
119.625, 83.625, 4.2186445692616987e-22, nan 
119.875, 83.625, 3.796126563708076e-22, nan 
120.125, 83.625, 3.7351354643278887e-22, nan 
120.375, 83.625, 3.1535968062909403e-22, nan 
120.625, 83.625, 2.6782163906175924e-22, nan 
120.875, 83.625, 1.3663295512310084e-22, nan 
121.125, 83.625, 1.6060973594444911e-22, nan 
121.375, 83.625, 1.9725797330361344e-22, nan 
121.625, 83.625, 1.5627618324706379e-22, nan 
121.875, 83.625, 1.6578265433090015e-22, nan 
122.125, 83.625, 1.696732375834007e-22, nan 
122.375, 83.625, 5.177188998729248e-23, nan 
122.625, 83.625, 8.956355407031828e-23, nan 
122.875, 83.625, 7.87325927255793e-23, nan 
123.125, 83.625, 2.6354592263392815e-22, nan 
123.375, 83.625, 3.1667001969295633e-22, nan 
123.625, 83.625, 3.100762942060398e-22, nan 
123.875, 83.625, 2.833788197409454e-22, nan 
124.125, 83.625, 2.655776604995128e-22, nan 
124.375, 83.625, 2.579141312177254e-22, nan 
124.625, 83.625, 2.3438231435714837e-22, nan 
124.875, 83.625, 2.2395960519019692e-22, nan 
125.125, 83.625, 2.044714320791034e-22, nan 
125.375, 83.625, 1.9499540519573157e-22, nan 
125.625, 83.625, 1.9590978121474214e-22, nan 
125.875, 83.625, 1.5941255973521522e-22, nan 
126.125, 83.625, 1.2254739576334667e-22, nan 
126.375, 83.625, 1.3569112331146834e-22, nan 
126.625, 83.625, 1.4413858602320317e-22, nan 
126.875, 83.625, 1.4131333614162728e-22, nan 
127.125, 83.625, 1.487791133277098e-22, nan 
127.375, 83.625, 1.5828514025154384e-22, nan 
127.625, 83.625, 1.6061728915412916e-22, nan 
127.875, 83.625, 1.2130702816111482e-22, nan 
128.125, 83.625, 1.0229602964199946e-22, nan 
128.375, 83.625, 1.3260378243086925e-22, nan 
128.625, 83.625, 1.495221116486403e-22, nan 
128.875, 83.625, 1.1039709377943471e-22, nan 
129.125, 83.625, 9.708555754306923e-23, nan 
129.375, 83.625, 1.086206628477475e-22, nan 
129.625, 83.625, 1.244948593744866e-22, nan 
129.875, 83.625, 1.3035109803312468e-22, nan 
130.125, 83.625, 1.2175873566973078e-22, nan 
130.375, 83.625, 1.183495541283343e-22, nan 
130.625, 83.625, 8.930164996904035e-23, nan 
130.875, 83.625, 8.934805779556846e-23, nan 
131.125, 83.625, 8.933665992577023e-23, nan 
131.375, 83.625, 8.536032391829922e-23, nan 
131.625, 83.625, 9.005900576950055e-23, nan 
131.875, 83.625, 9.276953467094738e-23, nan 
132.125, 83.625, 9.294256904000235e-23, nan 
132.375, 83.625, 9.067120600458328e-23, nan 
132.625, 83.625, 9.252626268188741e-23, nan 
132.875, 83.625, 7.412473182046751e-23, nan 
133.125, 83.625, 5.956610032019968e-23, nan 
133.375, 83.625, 7.526078269883717e-23, nan 
133.625, 83.625, 7.725834936572361e-23, nan 
133.875, 83.625, 6.884783292164105e-23, nan 
134.125, 83.625, 6.776654956101137e-23, nan 
134.375, 83.625, 4.722710572038053e-23, nan 
134.625, 83.625, 3.7501149826706644e-23, nan 
134.875, 83.625, 3.346288925469256e-23, nan 
135.125, 83.625, 2.9942812381207225e-23, nan 
135.375, 83.625, 2.8827863090235614e-23, nan 
135.625, 83.625, 3.089708996957578e-23, nan 
135.875, 83.625, 3.3326196687594166e-23, nan 
136.125, 83.625, 3.1463728107848646e-23, nan 
136.375, 83.625, 2.833367847570387e-23, nan 
136.625, 83.625, 3.258420951135365e-23, nan 
136.875, 83.625, 3.997856381807278e-23, nan 
137.125, 83.625, 3.5799752177075004e-23, nan 
137.375, 83.625, 2.934558035010017e-23, nan 
137.625, 83.625, 4.8452364938479255e-23, nan 
137.875, 83.625, 6.103890022825579e-23, nan 
138.125, 83.625, 5.466438337942279e-23, nan 
138.375, 83.625, 4.889131527612222e-23, nan 
138.625, 83.625, 5.2634836430072726e-23, nan 
138.875, 83.625, 4.9234930241919386e-23, nan 
139.125, 83.625, 3.6228151125725975e-23, nan 
139.375, 83.625, 2.642556027823796e-23, nan 
139.625, 83.625, 2.7604185352407424e-23, nan 
139.875, 83.625, 6.339087077679511e-23, nan 
140.125, 83.625, 8.845103997697039e-23, nan 
140.375, 83.625, 7.757700820548917e-23, nan 
140.625, 83.625, 6.075323967828805e-23, nan 
140.875, 83.625, 4.969768595054424e-23, nan 
141.125, 83.625, 4.127323037116733e-23, nan 
141.375, 83.625, 3.9229011080313156e-23, nan 
141.625, 83.625, 3.8715025111148194e-23, nan 
141.875, 83.625, 3.284784529177067e-23, nan 
142.125, 83.625, 3.4030980177274315e-23, nan 
142.375, 83.625, 4.2502822621615696e-23, nan 
142.625, 83.625, 3.8521504463859173e-23, nan 
142.875, 83.625, 3.1808237171266427e-23, nan 
143.125, 83.625, 2.739833391551624e-23, nan 
143.375, 83.625, 2.5335240126335183e-23, nan 
143.625, 83.625, 2.3721855762878208e-23, nan 
143.875, 83.625, 2.2676466998774463e-23, nan 
144.125, 83.625, 1.9939185280088003e-23, nan 
144.375, 83.625, 1.7151432202556216e-23, nan 
144.625, 83.625, 1.4725156694452447e-23, nan 
144.875, 83.625, 1.1471462575650354e-23, nan 
145.125, 83.625, 9.953882648056494e-24, nan 
145.375, 83.625, 9.196923278216972e-24, nan 
145.625, 83.625, 7.780572723430771e-24, nan 
145.875, 83.625, 6.837789878523317e-24, nan 
146.125, 83.625, 6.696685823064187e-24, nan 
146.375, 83.625, 6.38919610451554e-24, nan 
146.625, 83.625, 5.609169611221069e-24, nan 
146.875, 83.625, 5.658130649278636e-24, nan 
147.125, 83.625, 6.3180434711575996e-24, nan 
147.375, 83.625, 4.973310299740637e-24, nan 
147.625, 83.625, 3.7697638212539465e-24, nan 
147.875, 83.625, 3.601542046446789e-24, nan 
148.125, 83.625, 4.3209663065444954e-24, nan 
148.375, 83.625, 4.753696663763531e-24, nan 
148.625, 83.625, 4.679794590605076e-24, nan 
148.875, 83.625, 3.8467869793025806e-24, nan 
149.125, 83.625, 3.2475236559438168e-24, nan 
149.375, 83.625, 4.101333199072599e-24, nan 
149.625, 83.625, 5.0146904598827116e-24, nan 
149.875, 83.625, 3.2697635308459585e-24, nan 
150.125, 83.625, 3.656525660396048e-24, nan 
150.375, 83.625, 4.952428781772582e-24, nan 
150.625, 83.625, 4.850987434804154e-24, nan 
150.875, 83.625, 4.815574242775437e-24, nan 
151.125, 83.625, 5.616240383252746e-24, nan 
151.375, 83.625, 6.799570516883236e-24, nan 
151.625, 83.625, 7.87898792876397e-24, nan 
151.875, 83.625, 7.714329750935823e-24, nan 
152.125, 83.625, 7.8194698174369e-24, nan 
152.375, 83.625, 8.516230332823213e-24, nan 
152.625, 83.625, 8.715147589217915e-24, nan 
152.875, 83.625, 8.570068560709979e-24, nan 
153.125, 83.625, 6.871445789498154e-24, nan 
153.375, 83.625, 6.380386368640788e-24, nan 
153.625, 83.625, 6.665305962110487e-24, nan 
153.875, 83.625, 6.909676650679605e-24, nan 
154.125, 83.625, 7.087610076226449e-24, nan 
154.375, 83.625, 7.47446688446421e-24, nan 
154.625, 83.625, 7.295136960107134e-24, nan 
154.875, 83.625, 7.288964497462711e-24, nan 
155.125, 83.625, 7.994457255983492e-24, nan 
155.375, 83.625, 7.123856856428062e-24, nan 
155.625, 83.625, 6.338724331281232e-24, nan 
155.875, 83.625, 6.204481537599014e-24, nan 
156.125, 83.625, 5.706293738211495e-24, nan 
156.375, 83.625, 5.59169189674508e-24, nan 
156.625, 83.625, 6.080208962088808e-24, nan 
156.875, 83.625, 5.7872708571233814e-24, nan 
157.125, 83.625, 7.252677651918672e-24, nan 
157.375, 83.625, 9.654386676541897e-24, nan 
157.625, 83.625, 1.1030325988527976e-23, nan 
157.875, 83.625, 9.545566823808868e-24, nan 
158.125, 83.625, 9.0784148476368e-24, nan 
158.375, 83.625, 1.0469876682417392e-23, nan 
158.625, 83.625, 1.2574869389827231e-23, nan 
158.875, 83.625, 1.2753492174059432e-23, nan 
159.125, 83.625, 1.1534236702411242e-23, nan 
159.375, 83.625, 1.1039217005545079e-23, nan 
159.625, 83.625, 1.793075516798944e-23, nan 
159.875, 83.625, 1.9892202879346432e-23, nan 
160.125, 83.625, 1.823567159784961e-23, nan 
160.375, 83.625, 1.6778258287369977e-23, nan 
160.625, 83.625, 1.7350653772732624e-23, nan 
160.875, 83.625, 1.653230563807141e-23, nan 
161.125, 83.625, 1.23526729055887e-23, nan 
161.375, 83.625, 9.447796707203354e-24, nan 
161.625, 83.625, 8.464952475556098e-24, nan 
161.875, 83.625, 7.182886153758286e-24, nan 
162.125, 83.625, 6.4795304135876834e-24, nan 
162.375, 83.625, 7.005936623988535e-24, nan 
162.625, 83.625, 5.4746839613957294e-24, nan 
162.875, 83.625, 7.52898457618216e-24, nan 
163.125, 83.625, 1.0784693407426115e-23, nan 
163.375, 83.625, 6.289891829142776e-24, nan 
163.625, 83.625, 7.38405661328801e-24, nan 
163.875, 83.625, 1.1281531121283305e-23, nan 
164.125, 83.625, 9.91952333489821e-24, nan 
164.375, 83.625, 7.49168662984744e-24, nan 
164.625, 83.625, 6.784461955587583e-24, nan 
164.875, 83.625, 5.0022890505693296e-24, nan 
165.125, 83.625, 1.2253549547078406e-23, nan 
165.375, 83.625, 1.7928726620587812e-23, nan 
165.625, 83.625, 6.834963348882971e-24, nan 
165.875, 83.625, 1.0228302578889293e-23, nan 
166.125, 83.625, 2.127747422852446e-23, nan 
166.375, 83.625, 1.949769387063904e-23, nan 
166.625, 83.625, 1.526668711332023e-23, nan 
166.875, 83.625, 1.3680415871401643e-23, nan 
167.125, 83.625, 1.4108791011173946e-23, nan 
167.375, 83.625, 1.5267469701606668e-23, nan 
167.625, 83.625, 1.5929399703455295e-23, nan 
167.875, 83.625, 1.4888397743499494e-23, nan 
168.125, 83.625, 1.6686663510653458e-23, nan 
168.375, 83.625, 1.7791800141170033e-23, nan 
168.625, 83.625, 1.5737155452612426e-23, nan 
168.875, 83.625, 1.586531450263332e-23, nan 
169.125, 83.625, 1.657348194724139e-23, nan 
169.375, 83.625, 1.6451363093806653e-23, nan 
169.625, 83.625, 1.53975532044802e-23, nan 
169.875, 83.625, 1.4744218407280382e-23, nan 
170.125, 83.625, 1.1979101244839599e-23, nan 
170.375, 83.625, 1.1435388178288681e-23, nan 
170.625, 83.625, 1.111792041652241e-23, nan 
170.875, 83.625, 9.78007458749259e-24, nan 
171.125, 83.625, 1.0222491530764089e-23, nan 
171.375, 83.625, 1.1056620101742105e-23, nan 
171.625, 83.625, 1.1357571910883148e-23, nan 
171.875, 83.625, 1.0762916137497851e-23, nan 
172.125, 83.625, 1.0457915630122434e-23, nan 
172.375, 83.625, 7.803268236604049e-24, nan 
172.625, 83.625, 5.295129720433667e-24, nan 
172.875, 83.625, 4.854033364856475e-24, nan 
173.125, 83.625, 4.94844582478177e-24, nan 
173.375, 83.625, 3.9964335448169635e-24, nan 
173.625, 83.625, 3.1968561389521246e-24, nan 
173.875, 83.625, 2.6472780371406807e-24, nan 
174.125, 83.625, 2.4971107768408043e-24, nan 
174.375, 83.625, 2.3804958737553444e-24, nan 
174.625, 83.625, 2.108581210587341e-24, nan 
174.875, 83.625, 1.935729761510198e-24, nan 
175.125, 83.625, 1.7653555091944868e-24, nan 
175.375, 83.625, 1.677394341178155e-24, nan 
175.625, 83.625, 1.5462421841583727e-24, nan 
175.875, 83.625, 1.4782468602790171e-24, nan 
176.125, 83.625, 1.3919173283118217e-24, nan 
176.375, 83.625, 1.2904316274512698e-24, nan 
176.625, 83.625, 1.3657673787269937e-24, nan 
176.875, 83.625, 1.3147588643454942e-24, nan 
177.125, 83.625, 1.1389411126003814e-24, nan 
177.375, 83.625, 1.1609479816772274e-24, nan 
177.625, 83.625, 1.169244760158002e-24, nan 
177.875, 83.625, 1.4496005139354755e-24, nan 
178.125, 83.625, 1.393271228681629e-24, nan 
178.375, 83.625, 1.4000079065838791e-24, nan 
178.625, 83.625, 1.4295270695752613e-24, nan 
178.875, 83.625, 1.429376512269231e-24, nan 
179.125, 83.625, 1.3509608480705264e-24, nan 
179.375, 83.625, 1.1939647696620774e-24, nan 
179.625, 83.625, 1.0714554526388311e-24, nan 
179.875, 83.625, 1.0899919493601293e-24, nan 
-179.875, 83.875, 1.0492779623210085e-24, nan 
-179.625, 83.875, 1.0996568227700045e-24, nan 
-179.375, 83.875, 1.205395371891533e-24, nan 
-179.125, 83.875, 1.3442763714702661e-24, nan 
-178.875, 83.875, 1.4801422656899092e-24, nan 
-178.625, 83.875, 1.2748020530926122e-24, nan 
-178.375, 83.875, 8.919766429187366e-25, nan 
-178.125, 83.875, 1.1089428502302998e-24, nan 
-177.875, 83.875, 1.2504477853803616e-24, nan 
-177.625, 83.875, 1.3914946545179715e-24, nan 
-177.375, 83.875, 1.5711769402051074e-24, nan 
-177.125, 83.875, 1.7634246120671783e-24, nan 
-176.875, 83.875, 1.84851874219824e-24, nan 
-176.625, 83.875, 1.949368760134246e-24, nan 
-176.375, 83.875, 1.790309129761056e-24, nan 
-176.125, 83.875, 1.3951304970402541e-24, nan 
-175.875, 83.875, 1.651581031435572e-24, nan 
-175.625, 83.875, 1.682054225156582e-24, nan 
-175.375, 83.875, 1.2199717899251176e-24, nan 
-175.125, 83.875, 1.0373288601819258e-24, nan 
-174.875, 83.875, 9.21371671003833e-25, nan 
-174.625, 83.875, 8.254868696983431e-25, nan 
-174.375, 83.875, 6.745705182545658e-25, nan 
-174.125, 83.875, 6.583321902466349e-25, nan 
-173.875, 83.875, 6.135480557583517e-25, nan 
-173.625, 83.875, 4.997246833158025e-25, nan 
-173.375, 83.875, 6.52203312134708e-25, nan 
-173.125, 83.875, 9.338793811879358e-25, nan 
-172.875, 83.875, 8.049533042227236e-25, nan 
-172.625, 83.875, 5.47111937350554e-25, nan 
-172.375, 83.875, 5.4828865354514575e-25, nan 
-172.125, 83.875, 4.550681667408664e-25, nan 
-171.875, 83.875, 3.7886508636056903e-25, nan 
-171.625, 83.875, 3.9502616460117757e-25, nan 
-171.375, 83.875, 5.712278331327195e-25, nan 
-171.125, 83.875, 6.041709023021497e-25, nan 
-170.875, 83.875, 6.348564471152454e-25, nan 
-170.625, 83.875, 5.226111937706004e-25, nan 
-170.375, 83.875, 5.911568422554298e-25, nan 
-170.125, 83.875, 5.299627638726821e-25, nan 
-169.875, 83.875, 3.491821843278095e-25, nan 
-169.625, 83.875, 6.020112212723353e-25, nan 
-169.375, 83.875, 1.0809470261356705e-24, nan 
-169.125, 83.875, 1.3120697555549455e-24, nan 
11.875, 83.875, 4.525102051348708e-24, nan 
12.125, 83.875, 4.8384689842310006e-24, nan 
12.375, 83.875, 5.85718399186007e-24, nan 
12.625, 83.875, 6.315448130986853e-24, nan 
12.875, 83.875, 5.388785042492052e-24, nan 
13.125, 83.875, 4.797498818134691e-24, nan 
13.375, 83.875, 5.224116174604499e-24, nan 
13.625, 83.875, 6.030079665278869e-24, nan 
13.875, 83.875, 5.926590669800064e-24, nan 
14.125, 83.875, 5.400092459114639e-24, nan 
14.375, 83.875, 4.705070555490469e-24, nan 
14.625, 83.875, 4.499515664249385e-24, nan 
14.875, 83.875, 4.325726886907428e-24, nan 
15.125, 83.875, 3.1543870061165803e-24, nan 
15.375, 83.875, 5.0234603200994315e-24, nan 
15.625, 83.875, 9.115335809995362e-24, nan 
15.875, 83.875, 1.2911285544889078e-23, nan 
16.125, 83.875, 1.3730141257668932e-23, nan 
16.375, 83.875, 1.2750976635762645e-23, nan 
16.625, 83.875, 1.067726871946154e-23, nan 
16.875, 83.875, 8.623474595475784e-24, nan 
17.125, 83.875, 7.556249874132271e-24, nan 
17.375, 83.875, 6.599854144315411e-24, nan 
17.625, 83.875, 6.926524393663725e-24, nan 
17.875, 83.875, 8.634126713322513e-24, nan 
18.125, 83.875, 1.134434210297531e-23, nan 
18.375, 83.875, 1.1913088245151495e-23, nan 
18.625, 83.875, 9.946346302981882e-24, nan 
18.875, 83.875, 8.139134261822747e-24, nan 
19.125, 83.875, 6.769351835177244e-24, nan 
19.375, 83.875, 5.924000459286506e-24, nan 
19.625, 83.875, 5.0057175569398046e-24, nan 
19.875, 83.875, 4.544995943049161e-24, nan 
20.125, 83.875, 4.043407785511409e-24, nan 
20.375, 83.875, 3.4624906507779004e-24, nan 
20.625, 83.875, 3.2611006356854923e-24, nan 
20.875, 83.875, 3.1322654106256624e-24, nan 
21.125, 83.875, 3.1406557324872646e-24, nan 
21.375, 83.875, 3.1316212606660667e-24, nan 
21.625, 83.875, 2.9515814735930993e-24, nan 
21.875, 83.875, 2.8117220013548603e-24, nan 
22.125, 83.875, 2.827269835276989e-24, nan 
22.375, 83.875, 2.9588368341046384e-24, nan 
22.625, 83.875, 2.9921267764930713e-24, nan 
22.875, 83.875, 3.113803941186626e-24, nan 
23.125, 83.875, 3.221473780749771e-24, nan 
23.375, 83.875, 3.2158303736497294e-24, nan 
23.625, 83.875, 3.2955958993829957e-24, nan 
23.875, 83.875, 3.2922020746833682e-24, nan 
24.125, 83.875, 3.247193268963277e-24, nan 
24.375, 83.875, 3.2741524476799602e-24, nan 
24.625, 83.875, 3.50141138869521e-24, nan 
24.875, 83.875, 3.563381050695446e-24, nan 
25.125, 83.875, 3.5921237775217936e-24, nan 
25.375, 83.875, 3.78331925654158e-24, nan 
25.625, 83.875, 3.8946579512945e-24, nan 
25.875, 83.875, 3.886262643213216e-24, nan 
26.125, 83.875, 3.9023539304817956e-24, nan 
26.375, 83.875, 3.8030434900921525e-24, nan 
26.625, 83.875, 3.6907345512591e-24, nan 
26.875, 83.875, 3.663751255410212e-24, nan 
27.125, 83.875, 3.512224064020809e-24, nan 
27.375, 83.875, 3.331440420804734e-24, nan 
27.625, 83.875, 3.30876841803712e-24, nan 
27.875, 83.875, 3.26465237377447e-24, nan 
28.125, 83.875, 3.107190276548148e-24, nan 
28.375, 83.875, 2.9799207578971007e-24, nan 
28.625, 83.875, 2.900272744070716e-24, nan 
28.875, 83.875, 2.85345500305507e-24, nan 
29.125, 83.875, 2.7016636120431412e-24, nan 
29.375, 83.875, 2.6357419019956786e-24, nan 
29.625, 83.875, 2.5205156316997832e-24, nan 
29.875, 83.875, 2.435559645856205e-24, nan 
30.125, 83.875, 2.3576632833579667e-24, nan 
30.375, 83.875, 2.344602249174086e-24, nan 
30.625, 83.875, 2.2324765207563254e-24, nan 
30.875, 83.875, 2.1761260757980596e-24, nan 
31.125, 83.875, 2.095549147162724e-24, nan 
31.375, 83.875, 2.087828239717516e-24, nan 
31.625, 83.875, 2.0516853279436836e-24, nan 
31.875, 83.875, 2.017464505626e-24, nan 
32.125, 83.875, 1.962566151217427e-24, nan 
32.375, 83.875, 1.949510121409652e-24, nan 
32.625, 83.875, 1.9210865636779805e-24, nan 
32.875, 83.875, 1.9426491420024515e-24, nan 
33.125, 83.875, 1.91245398277067e-24, nan 
33.375, 83.875, 1.9433375975451327e-24, nan 
33.625, 83.875, 2.0131712607988803e-24, nan 
33.875, 83.875, 2.0038595291636206e-24, nan 
34.125, 83.875, 1.9758199663341937e-24, nan 
34.375, 83.875, 1.8903747730418443e-24, nan 
34.625, 83.875, 2.0003468471387293e-24, nan 
34.875, 83.875, 2.0397305429971147e-24, nan 
35.125, 83.875, 2.0100321619277836e-24, nan 
35.375, 83.875, 1.8916679790893703e-24, nan 
35.625, 83.875, 1.8264055842475616e-24, nan 
35.875, 83.875, 1.8421129896781627e-24, nan 
36.125, 83.875, 1.8192093665516262e-24, nan 
36.375, 83.875, 1.6793910117599933e-24, nan 
36.625, 83.875, 1.5528688912173311e-24, nan 
36.875, 83.875, 1.495190364367071e-24, nan 
37.125, 83.875, 1.4364814825552048e-24, nan 
37.375, 83.875, 1.3550419210033852e-24, nan 
37.625, 83.875, 1.2117004141228936e-24, nan 
37.875, 83.875, 1.0834266046944208e-24, nan 
38.125, 83.875, 8.771338157764936e-25, nan 
38.375, 83.875, 8.1310557739120055e-25, nan 
38.625, 83.875, 8.91708097521347e-25, nan 
38.875, 83.875, 9.287844836187196e-25, nan 
39.125, 83.875, 1.0226107047804759e-24, nan 
39.375, 83.875, 1.0029398529530861e-24, nan 
39.625, 83.875, 1.115597379475007e-24, nan 
39.875, 83.875, 1.2499907391556038e-24, nan 
40.125, 83.875, 1.3789120247060259e-24, nan 
40.375, 83.875, 1.6203535269411088e-24, nan 
40.625, 83.875, 1.7368066212609144e-24, nan 
40.875, 83.875, 1.9249859851954913e-24, nan 
41.125, 83.875, 2.171564594174617e-24, nan 
41.375, 83.875, 2.391054846410005e-24, nan 
41.625, 83.875, 2.454582629462897e-24, nan 
41.875, 83.875, 2.5174806136903922e-24, nan 
42.125, 83.875, 2.5425519398972323e-24, nan 
42.375, 83.875, 2.8184217520320326e-24, nan 
42.625, 83.875, 2.9536924787334568e-24, nan 
42.875, 83.875, 3.077549668724359e-24, nan 
43.125, 83.875, 3.1212371490714645e-24, nan 
43.375, 83.875, 3.374536246137688e-24, nan 
43.625, 83.875, 3.548291343939296e-24, nan 
43.875, 83.875, 3.720408330818195e-24, nan 
44.125, 83.875, 3.710081387527555e-24, nan 
44.375, 83.875, 3.935849732574758e-24, nan 
44.625, 83.875, 4.2921741949188955e-24, nan 
44.875, 83.875, 4.697947379971961e-24, nan 
45.125, 83.875, 4.739437234656673e-24, nan 
45.375, 83.875, 4.660172709378277e-24, nan 
45.625, 83.875, 4.987433180176099e-24, nan 
45.875, 83.875, 5.834341242091085e-24, nan 
46.125, 83.875, 6.158709497340617e-24, nan 
46.375, 83.875, 6.3734224835898456e-24, nan 
46.625, 83.875, 8.567958752684223e-24, nan 
46.875, 83.875, 1.1212859270618584e-23, nan 
47.125, 83.875, 1.1756284325903131e-23, nan 
47.375, 83.875, 1.1357194936207787e-23, nan 
47.625, 83.875, 1.1487931182536592e-23, nan 
47.875, 83.875, 1.1696614586887036e-23, nan 
48.125, 83.875, 1.275595116277326e-23, nan 
48.375, 83.875, 1.2411901003254944e-23, nan 
48.625, 83.875, 1.3578785424734737e-23, nan 
48.875, 83.875, 1.6745576392166647e-23, nan 
49.125, 83.875, 1.662114207565898e-23, nan 
49.375, 83.875, 1.6619698292815575e-23, nan 
49.625, 83.875, 1.9843022691636466e-23, nan 
49.875, 83.875, 2.1899860512965838e-23, nan 
50.125, 83.875, 2.001120854192931e-23, nan 
50.375, 83.875, 1.905256710498179e-23, nan 
50.625, 83.875, 2.791535495691435e-23, nan 
50.875, 83.875, 3.197475085741807e-23, nan 
51.125, 83.875, 2.621301305203286e-23, nan 
51.375, 83.875, 2.2878327505718102e-23, nan 
51.625, 83.875, 3.2389816567827315e-23, nan 
51.875, 83.875, 3.7175609314798427e-23, nan 
52.125, 83.875, 3.222489302107798e-23, nan 
52.375, 83.875, 3.1001842290202863e-23, nan 
52.625, 83.875, 3.909236842396896e-23, nan 
52.875, 83.875, 4.0704643825759945e-23, nan 
53.125, 83.875, 3.945456205586357e-23, nan 
53.375, 83.875, 3.566874483069258e-23, nan 
53.625, 83.875, 3.434941589167477e-23, nan 
53.875, 83.875, 2.252219563619399e-23, nan 
54.125, 83.875, 2.2222165516295123e-23, nan 
54.375, 83.875, 2.403123330105604e-23, nan 
54.625, 83.875, 2.3368439826744243e-23, nan 
54.875, 83.875, 2.357096753861745e-23, nan 
55.125, 83.875, 2.380427548184932e-23, nan 
55.375, 83.875, 2.5405773720834805e-23, nan 
55.625, 83.875, 2.52995620024182e-23, nan 
55.875, 83.875, 2.4730724987306983e-23, nan 
56.125, 83.875, 2.5539159211889916e-23, nan 
56.375, 83.875, 3.265973993547272e-23, nan 
56.625, 83.875, 3.6742949649248625e-23, nan 
56.875, 83.875, 3.522799302179238e-23, nan 
57.125, 83.875, 3.605142263962769e-23, nan 
57.375, 83.875, 3.689191001994072e-23, nan 
57.625, 83.875, 3.544377061565146e-23, nan 
57.875, 83.875, 3.8897324355864047e-23, nan 
58.125, 83.875, 4.074167880117957e-23, nan 
58.375, 83.875, 4.0585441556007483e-23, nan 
58.625, 83.875, 3.9300680431973286e-23, nan 
58.875, 83.875, 4.092337210966544e-23, nan 
59.125, 83.875, 4.2762722657199356e-23, nan 
59.375, 83.875, 4.27949940124333e-23, nan 
59.625, 83.875, 4.608721170895435e-23, nan 
59.875, 83.875, 4.6179466785286384e-23, nan 
60.125, 83.875, 5.205317524813749e-23, nan 
60.375, 83.875, 5.2023559672567214e-23, nan 
60.625, 83.875, 5.184326403764432e-23, nan 
60.875, 83.875, 5.325999174304669e-23, nan 
61.125, 83.875, 5.504146580177501e-23, nan 
61.375, 83.875, 5.620563900723324e-23, nan 
61.625, 83.875, 5.853399135429098e-23, nan 
61.875, 83.875, 6.840509435460211e-23, nan 
62.125, 83.875, 8.308509406450105e-23, nan 
62.375, 83.875, 7.826880284222486e-23, nan 
62.625, 83.875, 7.163305212821064e-23, nan 
62.875, 83.875, 8.15036432392317e-23, nan 
63.125, 83.875, 8.198442111153438e-23, nan 
63.375, 83.875, 6.377773334540312e-23, nan 
63.625, 83.875, 5.900017492917992e-23, nan 
63.875, 83.875, 5.974520795801801e-23, nan 
64.125, 83.875, 4.8936089885374985e-23, nan 
64.375, 83.875, 6.369820149602669e-23, nan 
64.625, 83.875, 6.165914991616177e-23, nan 
64.875, 83.875, 5.0665040445570716e-23, nan 
65.125, 83.875, 6.240188253070002e-23, nan 
65.375, 83.875, 6.934821467827729e-23, nan 
65.625, 83.875, 6.133712445064866e-23, nan 
65.875, 83.875, 5.855841004553132e-23, nan 
66.125, 83.875, 5.628981097184012e-23, nan 
66.375, 83.875, 4.432103222640968e-23, nan 
66.625, 83.875, 3.9225996277126894e-23, nan 
66.875, 83.875, 4.245033975706523e-23, nan 
67.125, 83.875, 4.9969017383150604e-23, nan 
67.375, 83.875, 4.795222656441756e-23, nan 
67.625, 83.875, 5.0085127610958446e-23, nan 
67.875, 83.875, 5.636736758481767e-23, nan 
68.125, 83.875, 5.909054643291622e-23, nan 
68.375, 83.875, 5.698147877265887e-23, nan 
68.625, 83.875, 4.240101348026538e-23, nan 
68.875, 83.875, 2.3977197324256846e-23, nan 
69.125, 83.875, 2.2361386798005694e-23, nan 
69.375, 83.875, 2.0455862761668814e-23, nan 
69.625, 83.875, 1.9262528796301758e-23, nan 
69.875, 83.875, 1.5501804060302333e-23, nan 
70.125, 83.875, 1.9096433818378718e-23, nan 
70.375, 83.875, 2.2006218510868244e-23, nan 
70.625, 83.875, 2.1340620473153145e-23, nan 
70.875, 83.875, 2.475266349461934e-23, nan 
71.125, 83.875, 2.8264541591525664e-23, nan 
71.375, 83.875, 3.153701140073631e-23, nan 
71.625, 83.875, 3.351356835501087e-23, nan 
71.875, 83.875, 3.2869333845460027e-23, nan 
72.125, 83.875, 3.329158782021022e-23, nan 
72.375, 83.875, 3.471682773879577e-23, nan 
72.625, 83.875, 3.632441139000598e-23, nan 
72.875, 83.875, 3.678664937754979e-23, nan 
73.125, 83.875, 3.645718299096604e-23, nan 
73.375, 83.875, 3.986647985648865e-23, nan 
73.625, 83.875, 4.0096893176474413e-23, nan 
73.875, 83.875, 4.055391171814316e-23, nan 
74.125, 83.875, 4.017859863885564e-23, nan 
74.375, 83.875, 4.3535832835483226e-23, nan 
74.625, 83.875, 4.683719935688624e-23, nan 
74.875, 83.875, 4.755605918363506e-23, nan 
75.125, 83.875, 4.912356790949026e-23, nan 
75.375, 83.875, 5.567903734091039e-23, nan 
75.625, 83.875, 4.772595813522672e-23, nan 
75.875, 83.875, 4.703678532879657e-23, nan 
76.125, 83.875, 4.142348596992856e-23, nan 
76.375, 83.875, 3.693687007476943e-23, nan 
76.625, 83.875, 3.9152222919467076e-23, nan 
76.875, 83.875, 3.686397733320796e-23, nan 
77.125, 83.875, 3.359646677403342e-23, nan 
77.375, 83.875, 3.21245065612443e-23, nan 
77.625, 83.875, 3.126131093569264e-23, nan 
77.875, 83.875, 3.253890381922387e-23, nan 
78.125, 83.875, 3.377946586478617e-23, nan 
78.375, 83.875, 3.118956780679504e-23, nan 
78.625, 83.875, 2.9339224307851186e-23, nan 
78.875, 83.875, 2.930560373421561e-23, nan 
79.125, 83.875, 2.806458243468429e-23, nan 
79.375, 83.875, 3.016375302863155e-23, nan 
79.625, 83.875, 2.465078686681789e-23, nan 
79.875, 83.875, 1.8831884261924676e-23, nan 
80.125, 83.875, 1.7225416955468254e-23, nan 
80.375, 83.875, 2.757435503215624e-23, nan 
80.625, 83.875, 2.8172859478607634e-23, nan 
80.875, 83.875, 2.6151022610073063e-23, nan 
81.125, 83.875, 2.8389155484819436e-23, nan 
81.375, 83.875, 3.223533504478313e-23, nan 
81.625, 83.875, 3.3962082286189535e-23, nan 
81.875, 83.875, 2.831120999206402e-23, nan 
82.125, 83.875, 2.6979108986405663e-23, nan 
82.375, 83.875, 3.086271331468524e-23, nan 
82.625, 83.875, 3.496934539833799e-23, nan 
82.875, 83.875, 2.691509739170038e-23, nan 
83.125, 83.875, 2.516245456376394e-23, nan 
83.375, 83.875, 3.746895850154707e-23, nan 
83.625, 83.875, 4.2407934025184104e-23, nan 
83.875, 83.875, 4.260783395280555e-23, nan 
84.125, 83.875, 4.587706516006445e-23, nan 
84.375, 83.875, 5.3481674608407e-23, nan 
84.625, 83.875, 5.68239553650272e-23, nan 
84.875, 83.875, 5.944839079129824e-23, nan 
85.125, 83.875, 5.630355434001436e-23, nan 
85.375, 83.875, 6.008970950642465e-23, nan 
85.625, 83.875, 5.977052591055274e-23, nan 
85.875, 83.875, 6.41917382920967e-23, nan 
86.125, 83.875, 5.1584604059243405e-23, nan 
86.375, 83.875, 5.40463785330365e-23, nan 
86.625, 83.875, 7.540828805416113e-23, nan 
86.875, 83.875, 8.878146358893491e-23, nan 
87.125, 83.875, 9.699682021325948e-23, nan 
87.375, 83.875, 8.847099618450982e-23, nan 
87.625, 83.875, 9.699375181649374e-23, nan 
87.875, 83.875, 9.769860544469166e-23, nan 
88.125, 83.875, 1.053955516601173e-22, nan 
88.375, 83.875, 7.502898664170459e-23, nan 
88.625, 83.875, 5.260014019819345e-23, nan 
88.875, 83.875, 6.289544441871848e-23, nan 
89.125, 83.875, 5.753346548674035e-23, nan 
89.375, 83.875, 5.852430326310701e-23, nan 
89.625, 83.875, 6.15920412664726e-23, nan 
89.875, 83.875, 6.920741219554131e-23, nan 
90.125, 83.875, 7.352870466304639e-23, nan 
90.375, 83.875, 8.25608929021404e-23, nan 
90.625, 83.875, 8.348275519689235e-23, nan 
90.875, 83.875, 7.855814501812466e-23, nan 
91.125, 83.875, 8.368461114896925e-23, nan 
91.375, 83.875, 5.474432356195608e-23, nan 
91.625, 83.875, 7.676724298971455e-23, nan 
91.875, 83.875, 7.980468252801688e-23, nan 
92.125, 83.875, 3.874056060935054e-23, nan 
92.375, 83.875, 3.3771864621791876e-23, nan 
92.625, 83.875, 7.097907702092994e-23, nan 
92.875, 83.875, 1.3641873280463284e-22, nan 
93.125, 83.875, 9.80156251150508e-23, nan 
93.375, 83.875, 4.13432764216946e-23, nan 
93.625, 83.875, 3.984172907501995e-23, nan 
93.875, 83.875, 4.0268388967195484e-23, nan 
94.125, 83.875, 5.67627444171536e-23, nan 
94.375, 83.875, 5.572791104711761e-23, nan 
94.625, 83.875, 4.724382590161857e-23, nan 
94.875, 83.875, 4.6686210746510705e-23, nan 
95.125, 83.875, 5.520915651477747e-23, nan 
95.375, 83.875, 4.88641354191233e-23, nan 
95.625, 83.875, 5.09068780283035e-23, nan 
95.875, 83.875, 5.659233529874365e-23, nan 
96.125, 83.875, 5.530535301315892e-23, nan 
96.375, 83.875, 7.891935264161355e-23, nan 
96.625, 83.875, 8.938732252907947e-23, nan 
96.875, 83.875, 9.464459600526819e-23, nan 
97.125, 83.875, 1.375606637893403e-22, nan 
97.375, 83.875, 1.1413566772499035e-22, nan 
97.625, 83.875, 6.959729729383493e-23, nan 
97.875, 83.875, 6.324541635061759e-23, nan 
98.125, 83.875, 9.045247829897947e-23, nan 
98.375, 83.875, 1.3803790734951666e-22, nan 
98.625, 83.875, 1.4814882619474103e-22, nan 
98.875, 83.875, 1.3264572736462386e-22, nan 
99.125, 83.875, 1.128119376587572e-22, nan 
99.375, 83.875, 1.361827777965473e-22, nan 
99.625, 83.875, 1.6495004131325656e-22, nan 
99.875, 83.875, 1.6665589397758496e-22, nan 
100.125, 83.875, 1.6563627560864252e-22, nan 
100.375, 83.875, 1.7180243268904278e-22, nan 
100.625, 83.875, 1.791791901152637e-22, nan 
100.875, 83.875, 1.7441404488626737e-22, nan 
101.125, 83.875, 1.7624465657868027e-22, nan 
101.375, 83.875, 1.7364690575679617e-22, nan 
101.625, 83.875, 1.800735580291925e-22, nan 
101.875, 83.875, 1.7760358805506107e-22, nan 
102.125, 83.875, 1.8383778835067302e-22, nan 
102.375, 83.875, 1.8319486826753873e-22, nan 
102.625, 83.875, 1.7868180480222422e-22, nan 
102.875, 83.875, 1.569134044078722e-22, nan 
103.125, 83.875, 1.4456504799414009e-22, nan 
103.375, 83.875, 1.6218702023586035e-22, nan 
103.625, 83.875, 1.5180532177486038e-22, nan 
103.875, 83.875, 1.4035937588715154e-22, nan 
104.125, 83.875, 1.2764803949641197e-22, nan 
104.375, 83.875, 1.3007335368379952e-22, nan 
104.625, 83.875, 1.466325189953173e-22, nan 
104.875, 83.875, 1.6627925707446855e-22, nan 
105.125, 83.875, 1.6371627588856156e-22, nan 
105.375, 83.875, 1.6116634350692611e-22, nan 
105.625, 83.875, 1.531104499792894e-22, nan 
105.875, 83.875, 1.4940315917599265e-22, nan 
106.125, 83.875, 1.3724522730311795e-22, nan 
106.375, 83.875, 1.7759153367626776e-22, nan 
106.625, 83.875, 1.910704622814542e-22, nan 
106.875, 83.875, 1.7737860281956567e-22, nan 
107.125, 83.875, 1.6525291705624365e-22, nan 
107.375, 83.875, 1.4566843211082721e-22, nan 
107.625, 83.875, 1.548533904327578e-22, nan 
107.875, 83.875, 1.4640670486564785e-22, nan 
108.125, 83.875, 1.5699609305920607e-22, nan 
108.375, 83.875, 1.7991571850408605e-22, nan 
108.625, 83.875, 2.4749842066968475e-22, nan 
108.875, 83.875, 2.5910032388290984e-22, nan 
109.125, 83.875, 2.396199562732655e-22, nan 
109.375, 83.875, 2.0980726249296898e-22, nan 
109.625, 83.875, 1.9851840223752437e-22, nan 
109.875, 83.875, 2.1986325310535155e-22, nan 
110.125, 83.875, 1.9544567261919514e-22, nan 
110.375, 83.875, 1.8944750789154e-22, nan 
110.625, 83.875, 2.0784730118210496e-22, nan 
110.875, 83.875, 1.9298588688032205e-22, nan 
111.125, 83.875, 1.6514129517231845e-22, nan 
111.375, 83.875, 1.1481435139903916e-22, nan 
111.625, 83.875, 1.225065393849694e-22, nan 
111.875, 83.875, 1.2901427170492821e-22, nan 
112.125, 83.875, 9.853707144174259e-23, nan 
112.375, 83.875, 1.080973208533974e-22, nan 
112.625, 83.875, 9.359071533580827e-23, nan 
112.875, 83.875, 1.0718707278121156e-22, nan 
113.125, 83.875, 1.013750552006416e-22, nan 
113.375, 83.875, 1.3701454759559066e-22, nan 
113.625, 83.875, 1.1121137128378486e-22, nan 
113.875, 83.875, 1.174990767666436e-22, nan 
114.125, 83.875, 1.4194699725639446e-22, nan 
114.375, 83.875, 1.780748367926667e-22, nan 
114.625, 83.875, 1.8813475281393467e-22, nan 
114.875, 83.875, 2.010027222728315e-22, nan 
115.125, 83.875, 2.0139610622479427e-22, nan 
115.375, 83.875, 2.0002719231391652e-22, nan 
115.625, 83.875, 1.9366207886639297e-22, nan 
115.875, 83.875, 1.8545168374150744e-22, nan 
116.125, 83.875, 1.7827218166897192e-22, nan 
116.375, 83.875, 2.0036402278467966e-22, nan 
116.625, 83.875, 1.8263466270783584e-22, nan 
116.875, 83.875, 1.7901681430948436e-22, nan 
117.125, 83.875, 1.5734215785523272e-22, nan 
117.375, 83.875, 1.6246328784101236e-22, nan 
117.625, 83.875, 1.7603128563740266e-22, nan 
117.875, 83.875, 2.003425237272663e-22, nan 
118.125, 83.875, 2.4891422266940835e-22, nan 
118.375, 83.875, 2.724940643383188e-22, nan 
118.625, 83.875, 3.0842805166387816e-22, nan 
118.875, 83.875, 2.934672547174381e-22, nan 
119.125, 83.875, 2.9185485454196657e-22, nan 
119.375, 83.875, 3.8478582279096376e-22, nan 
119.625, 83.875, 3.5343740364342626e-22, nan 
119.875, 83.875, 3.1856874674933594e-22, nan 
120.125, 83.875, 4.152962111766642e-22, nan 
120.375, 83.875, 3.51076551298396e-22, nan 
120.625, 83.875, 3.3738448902622303e-22, nan 
120.875, 83.875, 3.0369538524257495e-22, nan 
121.125, 83.875, 2.700350310626591e-22, nan 
121.375, 83.875, 2.819883513851169e-22, nan 
121.625, 83.875, 2.756256023058049e-22, nan 
121.875, 83.875, 2.4983256634948456e-22, nan 
122.125, 83.875, 2.322572867477517e-22, nan 
122.375, 83.875, 4.891048787320568e-22, nan 
122.625, 83.875, 4.753971364017195e-22, nan 
122.875, 83.875, 4.283175593973294e-22, nan 
123.125, 83.875, 2.475020201248902e-22, nan 
123.375, 83.875, 2.7558224954023467e-22, nan 
123.625, 83.875, 2.7910853691163153e-22, nan 
123.875, 83.875, 2.672440893253716e-22, nan 
124.125, 83.875, 2.4565685003027404e-22, nan 
124.375, 83.875, 2.3699591287601597e-22, nan 
124.625, 83.875, 3.1955445814696006e-22, nan 
124.875, 83.875, 3.281997530251488e-22, nan 
125.125, 83.875, 3.1203181270150195e-22, nan 
125.375, 83.875, 1.69989327863272e-22, nan 
125.625, 83.875, 1.7565054513239918e-22, nan 
125.875, 83.875, 1.4996768938936726e-22, nan 
126.125, 83.875, 1.4079640048626685e-22, nan 
126.375, 83.875, 1.3584460649105955e-22, nan 
126.625, 83.875, 1.4230912821410948e-22, nan 
126.875, 83.875, 1.4672826278444079e-22, nan 
127.125, 83.875, 1.4344956947004462e-22, nan 
127.375, 83.875, 1.4800930330503616e-22, nan 
127.625, 83.875, 1.5019091861810524e-22, nan 
127.875, 83.875, 1.257547952627844e-22, nan 
128.125, 83.875, 1.0852522977539969e-22, nan 
128.375, 83.875, 1.1813282769856984e-22, nan 
128.625, 83.875, 1.3119436304965864e-22, nan 
128.875, 83.875, 1.0490328206315723e-22, nan 
129.125, 83.875, 1.0776281120433654e-22, nan 
129.375, 83.875, 1.0463460321355048e-22, nan 
129.625, 83.875, 1.1118205040904138e-22, nan 
129.875, 83.875, 1.1393036051395633e-22, nan 
130.125, 83.875, 9.890360288816915e-23, nan 
130.375, 83.875, 9.621744470721503e-23, nan 
130.625, 83.875, 7.367643200147517e-23, nan 
130.875, 83.875, 7.685953726190925e-23, nan 
131.125, 83.875, 6.69282025304286e-23, nan 
131.375, 83.875, 6.37659786103077e-23, nan 
131.625, 83.875, 6.028037439228458e-23, nan 
131.875, 83.875, 5.891961835538675e-23, nan 
132.125, 83.875, 4.872375529083188e-23, nan 
132.375, 83.875, 3.829657408942493e-23, nan 
132.625, 83.875, 3.590375127412585e-23, nan 
132.875, 83.875, 3.7185272725709736e-23, nan 
133.125, 83.875, 4.480931576381447e-23, nan 
133.375, 83.875, 4.437639508462409e-23, nan 
133.625, 83.875, 4.9384765695497714e-23, nan 
133.875, 83.875, 4.7438608068296613e-23, nan 
134.125, 83.875, 4.2385250806088507e-23, nan 
134.375, 83.875, 3.2771568355419194e-23, nan 
134.625, 83.875, 2.2907395289845944e-23, nan 
134.875, 83.875, 2.561399472159037e-23, nan 
135.125, 83.875, 2.7392799048222986e-23, nan 
135.375, 83.875, 2.4810469857345153e-23, nan 
135.625, 83.875, 2.755113323004942e-23, nan 
135.875, 83.875, 3.7539480192528333e-23, nan 
136.125, 83.875, 4.503294229514265e-23, nan 
136.375, 83.875, 5.495939389939111e-23, nan 
136.625, 83.875, 5.783639207692754e-23, nan 
136.875, 83.875, 4.140235630051341e-23, nan 
137.125, 83.875, 2.8607988615332435e-23, nan 
137.375, 83.875, 1.50453099017477e-23, nan 
137.625, 83.875, 2.2848334841343764e-23, nan 
137.875, 83.875, 2.7121755914524045e-23, nan 
138.125, 83.875, 4.9202804866802044e-23, nan 
138.375, 83.875, 7.771814465355599e-23, nan 
138.625, 83.875, 9.9075533266982e-23, nan 
138.875, 83.875, 1.007355912096187e-22, nan 
139.125, 83.875, 7.352963919880453e-23, nan 
139.375, 83.875, 5.2350959942144646e-23, nan 
139.625, 83.875, 2.10488867744951e-23, nan 
139.875, 83.875, 3.6029559825410185e-23, nan 
140.125, 83.875, 4.72353520758074e-23, nan 
140.375, 83.875, 5.1299598339873053e-23, nan 
140.625, 83.875, 5.972980046250799e-23, nan 
140.875, 83.875, 6.482883621299888e-23, nan 
141.125, 83.875, 6.150711492859842e-23, nan 
141.375, 83.875, 5.318765953485918e-23, nan 
141.625, 83.875, 4.540949410361506e-23, nan 
141.875, 83.875, 2.9038726152506e-23, nan 
142.125, 83.875, 2.2932404252308795e-23, nan 
142.375, 83.875, 2.3122458585342734e-23, nan 
142.625, 83.875, 1.9214589739833207e-23, nan 
142.875, 83.875, 1.666275846204342e-23, nan 
143.125, 83.875, 1.2508922484610973e-23, nan 
143.375, 83.875, 1.1678547666460535e-23, nan 
143.625, 83.875, 1.0834465387912156e-23, nan 
143.875, 83.875, 1.2559421985617519e-23, nan 
144.125, 83.875, 1.411143675396713e-23, nan 
144.375, 83.875, 1.3132578044230037e-23, nan 
144.625, 83.875, 1.2127471177793591e-23, nan 
144.875, 83.875, 9.99803592131497e-24, nan 
145.125, 83.875, 9.310708689828361e-24, nan 
145.375, 83.875, 7.871708592258763e-24, nan 
145.625, 83.875, 6.816316154145427e-24, nan 
145.875, 83.875, 5.776465338922302e-24, nan 
146.125, 83.875, 3.8752788436229374e-24, nan 
146.375, 83.875, 3.51877524161252e-24, nan 
146.625, 83.875, 3.138064235079367e-24, nan 
146.875, 83.875, 3.276961284105602e-24, nan 
147.125, 83.875, 2.992611858332444e-24, nan 
147.375, 83.875, 2.991577693077288e-24, nan 
147.625, 83.875, 2.4802127435779796e-24, nan 
147.875, 83.875, 2.4371510200272103e-24, nan 
148.125, 83.875, 3.614774529591673e-24, nan 
148.375, 83.875, 3.937209470874623e-24, nan 
148.625, 83.875, 3.96867664506069e-24, nan 
148.875, 83.875, 4.650976728003471e-24, nan 
149.125, 83.875, 5.56371098291664e-24, nan 
149.375, 83.875, 6.1232667066808846e-24, nan 
149.625, 83.875, 5.0333193812674224e-24, nan 
149.875, 83.875, 4.623928540148297e-24, nan 
150.125, 83.875, 5.2490460233576315e-24, nan 
150.375, 83.875, 5.7175004970158926e-24, nan 
150.625, 83.875, 5.977522225179452e-24, nan 
150.875, 83.875, 6.156245407301874e-24, nan 
151.125, 83.875, 6.593369042183708e-24, nan 
151.375, 83.875, 7.597678319690142e-24, nan 
151.625, 83.875, 8.401139497917068e-24, nan 
151.875, 83.875, 8.184329787087865e-24, nan 
152.125, 83.875, 8.45770495864438e-24, nan 
152.375, 83.875, 8.141943598438536e-24, nan 
152.625, 83.875, 7.571118415117983e-24, nan 
152.875, 83.875, 7.083330692574241e-24, nan 
153.125, 83.875, 6.110719602982737e-24, nan 
153.375, 83.875, 5.394948471878783e-24, nan 
153.625, 83.875, 5.39936706813543e-24, nan 
153.875, 83.875, 5.175449682329824e-24, nan 
154.125, 83.875, 5.1411409487807474e-24, nan 
154.375, 83.875, 5.564770739647063e-24, nan 
154.625, 83.875, 5.74936104066839e-24, nan 
154.875, 83.875, 6.840454762787639e-24, nan 
155.125, 83.875, 6.47374995106041e-24, nan 
155.375, 83.875, 7.165836359863748e-24, nan 
155.625, 83.875, 7.75450855658943e-24, nan 
155.875, 83.875, 9.301047783399351e-24, nan 
156.125, 83.875, 1.1916392557129551e-23, nan 
156.375, 83.875, 1.3391660957554628e-23, nan 
156.625, 83.875, 1.491242131951697e-23, nan 
156.875, 83.875, 1.5716975716418783e-23, nan 
157.125, 83.875, 1.620838965723069e-23, nan 
157.375, 83.875, 2.1977253394557824e-23, nan 
157.625, 83.875, 2.711952114225891e-23, nan 
157.875, 83.875, 2.4565064126752156e-23, nan 
158.125, 83.875, 2.2761127531070632e-23, nan 
158.375, 83.875, 2.124218624633031e-23, nan 
158.625, 83.875, 1.860421063335564e-23, nan 
158.875, 83.875, 1.56609733203297e-23, nan 
159.125, 83.875, 1.3122788669928882e-23, nan 
159.375, 83.875, 1.2739434407839823e-23, nan 
159.625, 83.875, 2.5687219821174572e-23, nan 
159.875, 83.875, 3.157672400580016e-23, nan 
160.125, 83.875, 3.1816340805203376e-23, nan 
160.375, 83.875, 2.9628651875388003e-23, nan 
160.625, 83.875, 3.0139442969902536e-23, nan 
160.875, 83.875, 2.8124465386805704e-23, nan 
161.125, 83.875, 2.3119050067004117e-23, nan 
161.375, 83.875, 2.0109124265560376e-23, nan 
161.625, 83.875, 1.763030024722445e-23, nan 
161.875, 83.875, 1.891137665162259e-23, nan 
162.125, 83.875, 2.0936239287753406e-23, nan 
162.375, 83.875, 2.0543862243871386e-23, nan 
162.625, 83.875, 1.9116575802745377e-23, nan 
162.875, 83.875, 1.8355585299735962e-23, nan 
163.125, 83.875, 1.7368667035121783e-23, nan 
163.375, 83.875, 1.563425658638736e-23, nan 
163.625, 83.875, 1.4836670842371447e-23, nan 
163.875, 83.875, 1.6189056593627456e-23, nan 
164.125, 83.875, 1.7495909062387927e-23, nan 
164.375, 83.875, 1.9942847426176908e-23, nan 
164.625, 83.875, 1.8567215003458103e-23, nan 
164.875, 83.875, 1.9843966684871325e-23, nan 
165.125, 83.875, 1.907390916150238e-23, nan 
165.375, 83.875, 1.933144629817612e-23, nan 
165.625, 83.875, 1.852210089053615e-23, nan 
165.875, 83.875, 1.6943629748226156e-23, nan 
166.125, 83.875, 1.8350982359972108e-23, nan 
166.375, 83.875, 1.8336442868396035e-23, nan 
166.625, 83.875, 1.860648516598785e-23, nan 
166.875, 83.875, 1.71255951438519e-23, nan 
167.125, 83.875, 1.9165172766124972e-23, nan 
167.375, 83.875, 1.940854949246863e-23, nan 
167.625, 83.875, 1.9019075547524087e-23, nan 
167.875, 83.875, 1.899799342082241e-23, nan 
168.125, 83.875, 1.7986507801468746e-23, nan 
168.375, 83.875, 1.5305215172086048e-23, nan 
168.625, 83.875, 1.366898124451603e-23, nan 
168.875, 83.875, 1.3040343649380729e-23, nan 
169.125, 83.875, 1.3774745413111734e-23, nan 
169.375, 83.875, 1.2367810838088305e-23, nan 
169.625, 83.875, 1.1135142584118307e-23, nan 
169.875, 83.875, 1.0425452647401858e-23, nan 
170.125, 83.875, 7.781113100270127e-24, nan 
170.375, 83.875, 5.3472983397892606e-24, nan 
170.625, 83.875, 4.682807492092179e-24, nan 
170.875, 83.875, 5.174508926336799e-24, nan 
171.125, 83.875, 3.960465846643582e-24, nan 
171.375, 83.875, 2.5453826621667524e-24, nan 
171.625, 83.875, 2.0514006880665444e-24, nan 
171.875, 83.875, 1.861581342971042e-24, nan 
172.125, 83.875, 1.908617513144179e-24, nan 
172.375, 83.875, 1.9804671183898126e-24, nan 
172.625, 83.875, 1.7971262700057643e-24, nan 
172.875, 83.875, 1.6297881830000017e-24, nan 
173.125, 83.875, 1.7157460024953237e-24, nan 
173.375, 83.875, 1.7986490703165482e-24, nan 
173.625, 83.875, 1.4650209691738176e-24, nan 
173.875, 83.875, 1.165935119356084e-24, nan 
174.125, 83.875, 1.218409631643722e-24, nan 
174.375, 83.875, 1.2812494180120604e-24, nan 
174.625, 83.875, 1.3478765044160048e-24, nan 
174.875, 83.875, 1.3072723724198954e-24, nan 
175.125, 83.875, 1.2433418405024375e-24, nan 
175.375, 83.875, 1.1850127239800652e-24, nan 
175.625, 83.875, 1.2329875073166675e-24, nan 
175.875, 83.875, 1.0394338140588133e-24, nan 
176.125, 83.875, 9.019927882274203e-25, nan 
176.375, 83.875, 9.480205488019172e-25, nan 
176.625, 83.875, 9.964791539518157e-25, nan 
176.875, 83.875, 9.948493870041695e-25, nan 
177.125, 83.875, 8.545233808199587e-25, nan 
177.375, 83.875, 8.995221129663333e-25, nan 
177.625, 83.875, 1.160458213011624e-24, nan 
177.875, 83.875, 1.2471456965692023e-24, nan 
178.125, 83.875, 1.155069970475954e-24, nan 
178.375, 83.875, 1.105189473519426e-24, nan 
178.625, 83.875, 1.1968428873817997e-24, nan 
178.875, 83.875, 1.3264684941780472e-24, nan 
179.125, 83.875, 1.2639995545945924e-24, nan 
179.375, 83.875, 1.1603273378305256e-24, nan 
179.625, 83.875, 1.0660012799994141e-24, nan 
179.875, 83.875, 9.93458278661984e-25, nan 
-179.875, 84.125, 1.8756048722806575e-24, nan 
-179.625, 84.125, 1.993147572386177e-24, nan 
-179.375, 84.125, 1.8218174194437915e-24, nan 
-179.125, 84.125, 1.6045937784482661e-24, nan 
-178.875, 84.125, 1.5729940459884728e-24, nan 
-178.625, 84.125, 1.7193599601285537e-24, nan 
-178.375, 84.125, 2.0585589476519487e-24, nan 
-178.125, 84.125, 2.2271920104083533e-24, nan 
-177.875, 84.125, 2.3084531983891384e-24, nan 
-177.625, 84.125, 2.1704204970498968e-24, nan 
-177.375, 84.125, 2.1663516591274324e-24, nan 
-177.125, 84.125, 2.1253163866782635e-24, nan 
-176.875, 84.125, 1.958332721910918e-24, nan 
-176.625, 84.125, 1.9932312150611085e-24, nan 
-176.375, 84.125, 1.9525992479565364e-24, nan 
-176.125, 84.125, 1.826782589745997e-24, nan 
-175.875, 84.125, 1.9915822650818513e-24, nan 
-175.625, 84.125, 1.999518081827975e-24, nan 
-175.375, 84.125, 1.8515694690527674e-24, nan 
-175.125, 84.125, 1.8123580273484184e-24, nan 
-174.875, 84.125, 1.816626735282326e-24, nan 
-174.625, 84.125, 1.83890420660202e-24, nan 
-174.375, 84.125, 1.9001554368571024e-24, nan 
-174.125, 84.125, 1.9843740712847293e-24, nan 
-173.875, 84.125, 2.0289042198454902e-24, nan 
-173.625, 84.125, 2.121910514215058e-24, nan 
-173.375, 84.125, 2.066256225386191e-24, nan 
-173.125, 84.125, 1.8475164468225274e-24, nan 
-172.875, 84.125, 1.6612964518599612e-24, nan 
-172.625, 84.125, 1.6301771891673256e-24, nan 
-172.375, 84.125, 1.548648511446153e-24, nan 
-172.125, 84.125, 1.6517044276351461e-24, nan 
-171.875, 84.125, 2.0352249312087254e-24, nan 
-171.625, 84.125, 2.378040549916338e-24, nan 
-171.375, 84.125, 2.5220415372161694e-24, nan 
-171.125, 84.125, 2.5487706396681795e-24, nan 
-170.875, 84.125, 2.7802470581914067e-24, nan 
-170.625, 84.125, 2.5899436765793823e-24, nan 
-170.375, 84.125, 2.25112669655224e-24, nan 
-170.125, 84.125, 2.549350086137779e-24, nan 
-169.875, 84.125, 2.8471825618044363e-24, nan 
-169.625, 84.125, 2.5253569931115917e-24, nan 
-169.375, 84.125, 2.5703915684011085e-24, nan 
-169.125, 84.125, 2.7659860577327332e-24, nan 
-168.875, 84.125, 2.9393940166905155e-24, nan 
-168.625, 84.125, 3.0757466805199783e-24, nan 
11.375, 84.125, 6.319742935505162e-24, nan 
11.625, 84.125, 4.890037677565156e-24, nan 
11.875, 84.125, 4.0377188882751365e-24, nan 
12.125, 84.125, 4.190187062018332e-24, nan 
12.375, 84.125, 5.890806145486674e-24, nan 
12.625, 84.125, 7.115948067680638e-24, nan 
12.875, 84.125, 6.699739033471917e-24, nan 
13.125, 84.125, 6.936839871086664e-24, nan 
13.375, 84.125, 6.1425373409435e-24, nan 
13.625, 84.125, 5.497639172191673e-24, nan 
13.875, 84.125, 5.799749809600216e-24, nan 
14.125, 84.125, 6.875945208019265e-24, nan 
14.375, 84.125, 6.199707834019338e-24, nan 
14.625, 84.125, 7.541980528544587e-24, nan 
14.875, 84.125, 6.898114029604765e-24, nan 
15.125, 84.125, 4.2293616367069626e-24, nan 
15.375, 84.125, 2.5380875277097178e-24, nan 
15.625, 84.125, 3.494109792674578e-24, nan 
15.875, 84.125, 8.717530014508246e-24, nan 
16.125, 84.125, 1.3333449653904147e-23, nan 
16.375, 84.125, 1.5956687276362605e-23, nan 
16.625, 84.125, 1.4124206956752765e-23, nan 
16.875, 84.125, 1.0532722875255102e-23, nan 
17.125, 84.125, 8.896168089475292e-24, nan 
17.375, 84.125, 7.432017082965381e-24, nan 
17.625, 84.125, 6.404169809147232e-24, nan 
17.875, 84.125, 6.929597038967046e-24, nan 
18.125, 84.125, 9.743396456968271e-24, nan 
18.375, 84.125, 1.230141863249511e-23, nan 
18.625, 84.125, 1.4178970436408931e-23, nan 
18.875, 84.125, 1.2713743125653523e-23, nan 
19.125, 84.125, 1.0298619872128401e-23, nan 
19.375, 84.125, 8.897311995253041e-24, nan 
19.625, 84.125, 7.557070109956756e-24, nan 
19.875, 84.125, 6.455323808756581e-24, nan 
20.125, 84.125, 6.23555722354701e-24, nan 
20.375, 84.125, 7.384381820640367e-24, nan 
20.625, 84.125, 7.887125477991041e-24, nan 
20.875, 84.125, 6.389934676016546e-24, nan 
21.125, 84.125, 5.047629973722164e-24, nan 
21.375, 84.125, 4.321266903971231e-24, nan 
21.625, 84.125, 4.053730564769216e-24, nan 
21.875, 84.125, 3.8603144700872126e-24, nan 
22.125, 84.125, 3.698718699808299e-24, nan 
22.375, 84.125, 3.570783577475775e-24, nan 
22.625, 84.125, 3.629479252455121e-24, nan 
22.875, 84.125, 3.744665272702328e-24, nan 
23.125, 84.125, 3.731855669558131e-24, nan 
23.375, 84.125, 3.706905978974832e-24, nan 
23.625, 84.125, 3.717055770577293e-24, nan 
23.875, 84.125, 3.683264010496937e-24, nan 
24.125, 84.125, 3.693776120597194e-24, nan 
24.375, 84.125, 3.7761518488257456e-24, nan 
24.625, 84.125, 3.8454262794186646e-24, nan 
24.875, 84.125, 3.914092471356182e-24, nan 
25.125, 84.125, 3.961723160071103e-24, nan 
25.375, 84.125, 3.9700207116702316e-24, nan 
25.625, 84.125, 3.914061864742692e-24, nan 
25.875, 84.125, 3.942629619123365e-24, nan 
26.125, 84.125, 3.796778275506772e-24, nan 
26.375, 84.125, 3.721536077075913e-24, nan 
26.625, 84.125, 3.6319343476077334e-24, nan 
26.875, 84.125, 3.625319459716595e-24, nan 
27.125, 84.125, 3.456766266995492e-24, nan 
27.375, 84.125, 3.2435123599337053e-24, nan 
27.625, 84.125, 3.1736380288269e-24, nan 
27.875, 84.125, 3.0602578099075614e-24, nan 
28.125, 84.125, 2.9345744680620006e-24, nan 
28.375, 84.125, 2.8178429132302314e-24, nan 
28.625, 84.125, 2.6997025610471674e-24, nan 
28.875, 84.125, 2.6149216955890774e-24, nan 
29.125, 84.125, 2.4488875395973803e-24, nan 
29.375, 84.125, 2.3724267738287405e-24, nan 
29.625, 84.125, 2.339393414401085e-24, nan 
29.875, 84.125, 2.2621180894689264e-24, nan 
30.125, 84.125, 2.2325841056874974e-24, nan 
30.375, 84.125, 2.1522319830870737e-24, nan 
30.625, 84.125, 2.0743500788727606e-24, nan 
30.875, 84.125, 1.978849290038252e-24, nan 
31.125, 84.125, 1.987658667613836e-24, nan 
31.375, 84.125, 1.943774142482871e-24, nan 
31.625, 84.125, 1.953468022624523e-24, nan 
31.875, 84.125, 1.9607866012003204e-24, nan 
32.125, 84.125, 1.9249426606103838e-24, nan 
32.375, 84.125, 1.935200358027139e-24, nan 
32.625, 84.125, 1.8996852585689836e-24, nan 
32.875, 84.125, 1.9350606406818965e-24, nan 
33.125, 84.125, 1.958187505609034e-24, nan 
33.375, 84.125, 1.903725375122871e-24, nan 
33.625, 84.125, 1.976993204840149e-24, nan 
33.875, 84.125, 1.929602192250922e-24, nan 
34.125, 84.125, 1.9570695543422007e-24, nan 
34.375, 84.125, 1.922879626645794e-24, nan 
34.625, 84.125, 1.94955151207413e-24, nan 
34.875, 84.125, 1.931366287720539e-24, nan 
35.125, 84.125, 1.9621281525231298e-24, nan 
35.375, 84.125, 1.952342570262282e-24, nan 
35.625, 84.125, 1.8623145724109298e-24, nan 
35.875, 84.125, 1.8666776325747667e-24, nan 
36.125, 84.125, 1.7898957393382785e-24, nan 
36.375, 84.125, 1.7178589732477354e-24, nan 
36.625, 84.125, 1.655968659110693e-24, nan 
36.875, 84.125, 1.648220835564758e-24, nan 
37.125, 84.125, 1.6228374170379201e-24, nan 
37.375, 84.125, 1.5358262457022915e-24, nan 
37.625, 84.125, 1.4133282739277691e-24, nan 
37.875, 84.125, 1.3417377813042454e-24, nan 
38.125, 84.125, 1.3434332976899185e-24, nan 
38.375, 84.125, 1.4214808443312555e-24, nan 
38.625, 84.125, 1.2947469286965538e-24, nan 
38.875, 84.125, 1.3152213857917834e-24, nan 
39.125, 84.125, 1.3055633628502183e-24, nan 
39.375, 84.125, 1.3972543705975843e-24, nan 
39.625, 84.125, 1.4706359921169247e-24, nan 
39.875, 84.125, 1.5164002195353906e-24, nan 
40.125, 84.125, 1.4496966019140605e-24, nan 
40.375, 84.125, 1.5493850180688532e-24, nan 
40.625, 84.125, 1.6890469703052848e-24, nan 
40.875, 84.125, 1.867153533011888e-24, nan 
41.125, 84.125, 2.0167833821694003e-24, nan 
41.375, 84.125, 2.149029527244126e-24, nan 
41.625, 84.125, 2.2383086588501877e-24, nan 
41.875, 84.125, 2.3642812249679366e-24, nan 
42.125, 84.125, 2.433591924881473e-24, nan 
42.375, 84.125, 2.5404576937019366e-24, nan 
42.625, 84.125, 2.763535934864518e-24, nan 
42.875, 84.125, 2.8073874410199276e-24, nan 
43.125, 84.125, 2.783619373654857e-24, nan 
43.375, 84.125, 3.021909783741385e-24, nan 
43.625, 84.125, 3.2145970466981172e-24, nan 
43.875, 84.125, 3.3018820041392275e-24, nan 
44.125, 84.125, 3.368630196593257e-24, nan 
44.375, 84.125, 3.358986108825986e-24, nan 
44.625, 84.125, 3.529424713873361e-24, nan 
44.875, 84.125, 3.784827051640645e-24, nan 
45.125, 84.125, 3.979883392878951e-24, nan 
45.375, 84.125, 3.8573921966323114e-24, nan 
45.625, 84.125, 3.799296930764216e-24, nan 
45.875, 84.125, 4.028527937233787e-24, nan 
46.125, 84.125, 4.317069192857424e-24, nan 
46.375, 84.125, 4.48434530388475e-24, nan 
46.625, 84.125, 4.650889948555226e-24, nan 
46.875, 84.125, 4.858681413675017e-24, nan 
47.125, 84.125, 5.0578171635887536e-24, nan 
47.375, 84.125, 5.110380270698729e-24, nan 
47.625, 84.125, 5.161203996170557e-24, nan 
47.875, 84.125, 5.275242425874548e-24, nan 
48.125, 84.125, 5.823154686584146e-24, nan 
48.375, 84.125, 5.79694722972174e-24, nan 
48.625, 84.125, 5.819438225424494e-24, nan 
48.875, 84.125, 5.553235492941846e-24, nan 
49.125, 84.125, 5.587414736891889e-24, nan 
49.375, 84.125, 5.716471921399518e-24, nan 
49.625, 84.125, 5.914856364568989e-24, nan 
49.875, 84.125, 6.137087584043329e-24, nan 
50.125, 84.125, 6.5614382531716664e-24, nan 
50.375, 84.125, 6.857271747001488e-24, nan 
50.625, 84.125, 6.272924274127309e-24, nan 
50.875, 84.125, 6.234339669744617e-24, nan 
51.125, 84.125, 6.103491839027308e-24, nan 
51.375, 84.125, 6.727674187541395e-24, nan 
51.625, 84.125, 7.332557493189091e-24, nan 
51.875, 84.125, 7.196698609803953e-24, nan 
52.125, 84.125, 7.26156526918693e-24, nan 
52.375, 84.125, 7.95952414384082e-24, nan 
52.625, 84.125, 8.131118317455507e-24, nan 
52.875, 84.125, 8.432688453868319e-24, nan 
53.125, 84.125, 8.863376235499876e-24, nan 
53.375, 84.125, 9.787360250164778e-24, nan 
53.625, 84.125, 1.0342616790488977e-23, nan 
53.875, 84.125, 1.082271338149493e-23, nan 
54.125, 84.125, 1.1802087275749007e-23, nan 
54.375, 84.125, 1.1537613408201808e-23, nan 
54.625, 84.125, 1.2763104944728751e-23, nan 
54.875, 84.125, 1.326954800496834e-23, nan 
55.125, 84.125, 1.4742781671034732e-23, nan 
55.375, 84.125, 1.7808433642404798e-23, nan 
55.625, 84.125, 1.7672224227675747e-23, nan 
55.875, 84.125, 1.5677043960914434e-23, nan 
56.125, 84.125, 1.7927118082631988e-23, nan 
56.375, 84.125, 2.4485696747268217e-23, nan 
56.625, 84.125, 2.697440215768068e-23, nan 
56.875, 84.125, 2.6714986030713915e-23, nan 
57.125, 84.125, 2.743995407802474e-23, nan 
57.375, 84.125, 2.843629047128357e-23, nan 
57.625, 84.125, 2.893247743871062e-23, nan 
57.875, 84.125, 3.0323698546816034e-23, nan 
58.125, 84.125, 3.094296619856461e-23, nan 
58.375, 84.125, 3.1770716456401203e-23, nan 
58.625, 84.125, 3.2772461329689696e-23, nan 
58.875, 84.125, 3.434927931811071e-23, nan 
59.125, 84.125, 3.586166269916852e-23, nan 
59.375, 84.125, 3.592334918950555e-23, nan 
59.625, 84.125, 3.860451788800773e-23, nan 
59.875, 84.125, 3.8042004619297377e-23, nan 
60.125, 84.125, 4.39644720205526e-23, nan 
60.375, 84.125, 4.419484521360702e-23, nan 
60.625, 84.125, 4.4605046176440513e-23, nan 
60.875, 84.125, 4.631925583978302e-23, nan 
61.125, 84.125, 4.792497680196694e-23, nan 
61.375, 84.125, 4.8730226724200436e-23, nan 
61.625, 84.125, 5.0742370628574527e-23, nan 
61.875, 84.125, 5.398302206871213e-23, nan 
62.125, 84.125, 5.712555887068201e-23, nan 
62.375, 84.125, 5.586707455542286e-23, nan 
62.625, 84.125, 5.659876508528926e-23, nan 
62.875, 84.125, 5.719663273849402e-23, nan 
63.125, 84.125, 5.601863607944859e-23, nan 
63.375, 84.125, 4.540870454870378e-23, nan 
63.625, 84.125, 4.207452369615648e-23, nan 
63.875, 84.125, 4.312947797117724e-23, nan 
64.125, 84.125, 2.9537683632741907e-23, nan 
64.375, 84.125, 1.9359300815968028e-23, nan 
64.625, 84.125, 2.6060700638101618e-23, nan 
64.875, 84.125, 3.1505883081313524e-23, nan 
65.125, 84.125, 1.969049391864211e-23, nan 
65.375, 84.125, 2.0091252978600793e-23, nan 
65.625, 84.125, 2.215211614853552e-23, nan 
65.875, 84.125, 2.196433566213861e-23, nan 
66.125, 84.125, 2.2532303738382276e-23, nan 
66.375, 84.125, 2.3989207801667383e-23, nan 
66.625, 84.125, 2.5076098582262307e-23, nan 
66.875, 84.125, 4.0129981001462747e-23, nan 
67.125, 84.125, 3.070234147565731e-23, nan 
67.375, 84.125, 2.725997423912566e-23, nan 
67.625, 84.125, 3.1577627465985746e-23, nan 
67.875, 84.125, 4.0055840976290606e-23, nan 
68.125, 84.125, 3.8384669291306854e-23, nan 
68.375, 84.125, 3.891051601486433e-23, nan 
68.625, 84.125, 4.3117313644138484e-23, nan 
68.875, 84.125, 2.840669881473533e-23, nan 
69.125, 84.125, 2.7971876595729116e-23, nan 
69.375, 84.125, 2.4292397518299258e-23, nan 
69.625, 84.125, 3.882233194948932e-23, nan 
69.875, 84.125, 2.8887772835248527e-23, nan 
70.125, 84.125, 2.922826913925071e-23, nan 
70.375, 84.125, 3.0178918892919414e-23, nan 
70.625, 84.125, 2.978190126664019e-23, nan 
70.875, 84.125, 3.3668536011829676e-23, nan 
71.125, 84.125, 2.9914447615892075e-23, nan 
71.375, 84.125, 3.1608624954942083e-23, nan 
71.625, 84.125, 3.1892653159156584e-23, nan 
71.875, 84.125, 3.671696296269803e-23, nan 
72.125, 84.125, 3.245362146404089e-23, nan 
72.375, 84.125, 3.245324409376735e-23, nan 
72.625, 84.125, 3.3411809403572736e-23, nan 
72.875, 84.125, 3.3885179629986136e-23, nan 
73.125, 84.125, 3.287122340881167e-23, nan 
73.375, 84.125, 3.2514718241349066e-23, nan 
73.625, 84.125, 3.4038020788659814e-23, nan 
73.875, 84.125, 3.4067616903443763e-23, nan 
74.125, 84.125, 3.381020970713746e-23, nan 
74.375, 84.125, 3.4883528213575813e-23, nan 
74.625, 84.125, 3.5946768906293645e-23, nan 
74.875, 84.125, 3.508451039968354e-23, nan 
75.125, 84.125, 3.6824286473482896e-23, nan 
75.375, 84.125, 3.732982915741852e-23, nan 
75.625, 84.125, 3.921280737286112e-23, nan 
75.875, 84.125, 3.993633585988248e-23, nan 
76.125, 84.125, 3.65924069720086e-23, nan 
76.375, 84.125, 3.4226936369719093e-23, nan 
76.625, 84.125, 3.655537569767586e-23, nan 
76.875, 84.125, 3.5058730878073183e-23, nan 
77.125, 84.125, 3.256130314126192e-23, nan 
77.375, 84.125, 3.132148963342123e-23, nan 
77.625, 84.125, 3.217688127268015e-23, nan 
77.875, 84.125, 3.1318914341469605e-23, nan 
78.125, 84.125, 2.8030913041080136e-23, nan 
78.375, 84.125, 2.9030480468917134e-23, nan 
78.625, 84.125, 3.044697465638631e-23, nan 
78.875, 84.125, 3.512706072088907e-23, nan 
79.125, 84.125, 3.308236693611328e-23, nan 
79.375, 84.125, 2.9154038190696267e-23, nan 
79.625, 84.125, 3.022345308021887e-23, nan 
79.875, 84.125, 3.980082160901956e-23, nan 
80.125, 84.125, 4.2526225775214943e-23, nan 
80.375, 84.125, 2.8688492169355935e-23, nan 
80.625, 84.125, 2.8387460384789883e-23, nan 
80.875, 84.125, 2.826724656624796e-23, nan 
81.125, 84.125, 2.955883809916766e-23, nan 
81.375, 84.125, 3.0935452100880826e-23, nan 
81.625, 84.125, 3.011864637990987e-23, nan 
81.875, 84.125, 2.7341985814093257e-23, nan 
82.125, 84.125, 2.928091911046188e-23, nan 
82.375, 84.125, 3.327038854522368e-23, nan 
82.625, 84.125, 3.041085782225425e-23, nan 
82.875, 84.125, 2.4581243521061516e-23, nan 
83.125, 84.125, 2.2769035113450125e-23, nan 
83.375, 84.125, 2.7581465932346083e-23, nan 
83.625, 84.125, 3.217023109443619e-23, nan 
83.875, 84.125, 3.6058107896360394e-23, nan 
84.125, 84.125, 3.693191428621405e-23, nan 
84.375, 84.125, 3.5363116142923275e-23, nan 
84.625, 84.125, 3.413677638131094e-23, nan 
84.875, 84.125, 3.6375913455416124e-23, nan 
85.125, 84.125, 3.486993807559977e-23, nan 
85.375, 84.125, 3.8673836517772844e-23, nan 
85.625, 84.125, 4.319163345167754e-23, nan 
85.875, 84.125, 4.741483739867524e-23, nan 
86.125, 84.125, 4.5762289519448144e-23, nan 
86.375, 84.125, 5.209473166180405e-23, nan 
86.625, 84.125, 6.14881621147567e-23, nan 
86.875, 84.125, 6.671801550776392e-23, nan 
87.125, 84.125, 6.919719048823044e-23, nan 
87.375, 84.125, 6.707776565638024e-23, nan 
87.625, 84.125, 7.053494031308384e-23, nan 
87.875, 84.125, 7.07498022749876e-23, nan 
88.125, 84.125, 7.333439557945494e-23, nan 
88.375, 84.125, 6.243328183379173e-23, nan 
88.625, 84.125, 5.47959949104979e-23, nan 
88.875, 84.125, 5.300463745182334e-23, nan 
89.125, 84.125, 5.110932732594502e-23, nan 
89.375, 84.125, 4.783760607325564e-23, nan 
89.625, 84.125, 4.532438045235512e-23, nan 
89.875, 84.125, 4.679431110902983e-23, nan 
90.125, 84.125, 5.173607153788846e-23, nan 
90.375, 84.125, 5.316884391665049e-23, nan 
90.625, 84.125, 3.797723377143859e-23, nan 
90.875, 84.125, 3.2782555788041333e-23, nan 
91.125, 84.125, 3.5724679606155714e-23, nan 
91.375, 84.125, 3.524558848654955e-23, nan 
91.625, 84.125, 3.241859934332451e-23, nan 
91.875, 84.125, 3.213199956385843e-23, nan 
92.125, 84.125, 3.4812865692564336e-23, nan 
92.375, 84.125, 3.729727927726e-23, nan 
92.625, 84.125, 4.043824498942945e-23, nan 
92.875, 84.125, 3.5463318684069893e-23, nan 
93.125, 84.125, 3.3567434549023867e-23, nan 
93.375, 84.125, 3.4280695668825433e-23, nan 
93.625, 84.125, 3.4789547886948327e-23, nan 
93.875, 84.125, 3.306241827264287e-23, nan 
94.125, 84.125, 3.388562076160086e-23, nan 
94.375, 84.125, 3.460264462285392e-23, nan 
94.625, 84.125, 3.2067237053284266e-23, nan 
94.875, 84.125, 3.4954595340655427e-23, nan 
95.125, 84.125, 4.0230870038585403e-23, nan 
95.375, 84.125, 3.650062435321846e-23, nan 
95.625, 84.125, 4.076426239576062e-23, nan 
95.875, 84.125, 5.412270553631454e-23, nan 
96.125, 84.125, 5.2725363181879695e-23, nan 
96.375, 84.125, 4.8542578664653713e-23, nan 
96.625, 84.125, 4.0460316044585715e-23, nan 
96.875, 84.125, 5.561504654643488e-23, nan 
97.125, 84.125, 7.093596852111178e-23, nan 
97.375, 84.125, 7.920571319452854e-23, nan 
97.625, 84.125, 6.308204059657973e-23, nan 
97.875, 84.125, 5.642744675154977e-23, nan 
98.125, 84.125, 8.70406520197549e-23, nan 
98.375, 84.125, 9.748980375782923e-23, nan 
98.625, 84.125, 6.893621574772985e-23, nan 
98.875, 84.125, 7.395299135278712e-23, nan 
99.125, 84.125, 9.101762032396344e-23, nan 
99.375, 84.125, 1.0725803823910773e-22, nan 
99.625, 84.125, 1.0699923946143935e-22, nan 
99.875, 84.125, 1.0351777877235503e-22, nan 
100.125, 84.125, 1.0206632109711562e-22, nan 
100.375, 84.125, 1.1735583741131312e-22, nan 
100.625, 84.125, 1.4629559028049642e-22, nan 
100.875, 84.125, 1.2614329333056657e-22, nan 
101.125, 84.125, 1.2602687631631442e-22, nan 
101.375, 84.125, 1.2541375226071572e-22, nan 
101.625, 84.125, 1.5685653971856724e-22, nan 
101.875, 84.125, 1.5248945294100993e-22, nan 
102.125, 84.125, 1.3982399218340986e-22, nan 
102.375, 84.125, 1.0634454696828824e-22, nan 
102.625, 84.125, 1.1684241949895983e-22, nan 
102.875, 84.125, 1.097265280607983e-22, nan 
103.125, 84.125, 1.0227971713524337e-22, nan 
103.375, 84.125, 9.770184535900103e-23, nan 
103.625, 84.125, 9.640954518495309e-23, nan 
103.875, 84.125, 1.2622390860734235e-22, nan 
104.125, 84.125, 1.3795577511753907e-22, nan 
104.375, 84.125, 1.3224551068668199e-22, nan 
104.625, 84.125, 1.34787204461669e-22, nan 
104.875, 84.125, 1.4302837410469414e-22, nan 
105.125, 84.125, 1.101284465768098e-22, nan 
105.375, 84.125, 1.1383239639511208e-22, nan 
105.625, 84.125, 1.0477966074511606e-22, nan 
105.875, 84.125, 1.6065705952153096e-22, nan 
106.125, 84.125, 2.0737854900925177e-22, nan 
106.375, 84.125, 2.4471363584407575e-22, nan 
106.625, 84.125, 2.7212276292214237e-22, nan 
106.875, 84.125, 2.6958036348975733e-22, nan 
107.125, 84.125, 2.6801182884565207e-22, nan 
107.375, 84.125, 1.9492801242722914e-22, nan 
107.625, 84.125, 1.735762456048582e-22, nan 
107.875, 84.125, 1.1994908926392538e-22, nan 
108.125, 84.125, 1.064648191045575e-22, nan 
108.375, 84.125, 1.6031971191728969e-22, nan 
108.625, 84.125, 2.3143862420421573e-22, nan 
108.875, 84.125, 2.602891749651434e-22, nan 
109.125, 84.125, 2.5685775420684674e-22, nan 
109.375, 84.125, 2.473265283727583e-22, nan 
109.625, 84.125, 2.1204744346443523e-22, nan 
109.875, 84.125, 2.3273734431138397e-22, nan 
110.125, 84.125, 1.9210503505110364e-22, nan 
110.375, 84.125, 1.699915156799344e-22, nan 
110.625, 84.125, 1.6835019081426486e-22, nan 
110.875, 84.125, 1.7916888674153545e-22, nan 
111.125, 84.125, 1.5375427506771098e-22, nan 
111.375, 84.125, 1.0086381681977648e-22, nan 
111.625, 84.125, 1.2846536685401765e-22, nan 
111.875, 84.125, 1.3562969196256431e-22, nan 
112.125, 84.125, 1.3163158467053547e-22, nan 
112.375, 84.125, 1.189903320420417e-22, nan 
112.625, 84.125, 1.154954202527431e-22, nan 
112.875, 84.125, 1.0003555304004612e-22, nan 
113.125, 84.125, 9.084781366013491e-23, nan 
113.375, 84.125, 6.062810103098756e-23, nan 
113.625, 84.125, 4.6082640979428424e-23, nan 
113.875, 84.125, 3.9915382767840414e-23, nan 
114.125, 84.125, 8.952568971706594e-23, nan 
114.375, 84.125, 2.9402098896425295e-23, nan 
114.625, 84.125, 3.222097698984399e-23, nan 
114.875, 84.125, 3.356353422242976e-23, nan 
115.125, 84.125, 2.9996910007884434e-23, nan 
115.375, 84.125, 2.837959906339503e-23, nan 
115.625, 84.125, 2.5483909657129827e-23, nan 
115.875, 84.125, 3.066747344343339e-23, nan 
116.125, 84.125, 3.842080180231128e-23, nan 
116.375, 84.125, 4.364151963118024e-23, nan 
116.625, 84.125, 3.9177019094964986e-23, nan 
116.875, 84.125, 5.494210543868909e-23, nan 
117.125, 84.125, 6.798833871719644e-23, nan 
117.375, 84.125, 6.777215619404784e-23, nan 
117.625, 84.125, 6.929301891682932e-23, nan 
117.875, 84.125, 7.136961209198517e-23, nan 
118.125, 84.125, 8.643415478681091e-23, nan 
118.375, 84.125, 8.729160305602583e-23, nan 
118.625, 84.125, 8.760817246163196e-23, nan 
118.875, 84.125, 8.218918237190239e-23, nan 
119.125, 84.125, 8.619755752892291e-23, nan 
119.375, 84.125, 8.351552993342294e-23, nan 
119.625, 84.125, 7.840173206667105e-23, nan 
119.875, 84.125, 6.382636576525135e-23, nan 
120.125, 84.125, 6.171001383664073e-23, nan 
120.375, 84.125, 1.2466613449210766e-22, nan 
120.625, 84.125, 1.520594780541319e-22, nan 
120.875, 84.125, 1.7992012246184036e-22, nan 
121.125, 84.125, 1.658194439691953e-22, nan 
121.375, 84.125, 1.507233645767494e-22, nan 
121.625, 84.125, 1.4960706826560076e-22, nan 
121.875, 84.125, 1.4858540204434435e-22, nan 
122.125, 84.125, 1.447469304636145e-22, nan 
122.375, 84.125, 2.7898595340484957e-22, nan 
122.625, 84.125, 2.9206658400108435e-22, nan 
122.875, 84.125, 2.5296355412631263e-22, nan 
123.125, 84.125, 1.3618515324456003e-22, nan 
123.375, 84.125, 1.4410562185752292e-22, nan 
123.625, 84.125, 1.1137659604534343e-22, nan 
123.875, 84.125, 9.920918192008623e-23, nan 
124.125, 84.125, 1.2410823948782657e-22, nan 
124.375, 84.125, 1.3339968887623068e-22, nan 
124.625, 84.125, 1.318934184086032e-22, nan 
124.875, 84.125, 1.2400572540694796e-22, nan 
125.125, 84.125, 9.568176592547398e-23, nan 
125.375, 84.125, 7.940232434478111e-23, nan 
125.625, 84.125, 7.966679710919013e-23, nan 
125.875, 84.125, 8.705675540422371e-23, nan 
126.125, 84.125, 9.839281413552928e-23, nan 
126.375, 84.125, 8.531577192583113e-23, nan 
126.625, 84.125, 7.598041617559611e-23, nan 
126.875, 84.125, 6.265315614847468e-23, nan 
127.125, 84.125, 4.136836292389218e-23, nan 
127.375, 84.125, 2.9054474410843097e-23, nan 
127.625, 84.125, 3.6259729014578895e-23, nan 
127.875, 84.125, 4.5386700353522944e-23, nan 
128.125, 84.125, 5.057172836207291e-23, nan 
128.375, 84.125, 3.39352404578701e-23, nan 
128.625, 84.125, 3.011460220226338e-23, nan 
128.875, 84.125, 5.104113827887677e-23, nan 
129.125, 84.125, 5.445811629504619e-23, nan 
129.375, 84.125, 4.53651006256879e-23, nan 
129.625, 84.125, 4.8580737006927737e-23, nan 
129.875, 84.125, 8.261382713124101e-23, nan 
130.125, 84.125, 1.1502772930793802e-22, nan 
130.375, 84.125, 1.086479632649015e-22, nan 
130.625, 84.125, 1.0123158126155042e-22, nan 
130.875, 84.125, 9.187131841551921e-23, nan 
131.125, 84.125, 1.0585481180890797e-22, nan 
131.375, 84.125, 9.198022892575401e-23, nan 
131.625, 84.125, 9.101926650668805e-23, nan 
131.875, 84.125, 8.766146926517909e-23, nan 
132.125, 84.125, 8.922008790958247e-23, nan 
132.375, 84.125, 8.590323633668498e-23, nan 
132.625, 84.125, 8.468520389368228e-23, nan 
132.875, 84.125, 8.47638089033311e-23, nan 
133.125, 84.125, 8.098163743773103e-23, nan 
133.375, 84.125, 7.755723425724393e-23, nan 
133.625, 84.125, 7.967877637840867e-23, nan 
133.875, 84.125, 7.33042305650354e-23, nan 
134.125, 84.125, 6.87722932076547e-23, nan 
134.375, 84.125, 6.601486181601327e-23, nan 
134.625, 84.125, 6.22713873281946e-23, nan 
134.875, 84.125, 5.522008549635031e-23, nan 
135.125, 84.125, 5.330711158405658e-23, nan 
135.375, 84.125, 5.736321981956814e-23, nan 
135.625, 84.125, 6.576538369322299e-23, nan 
135.875, 84.125, 6.608889150117687e-23, nan 
136.125, 84.125, 4.536577545124767e-23, nan 
136.375, 84.125, 3.476729830533222e-23, nan 
136.625, 84.125, 2.876267091733068e-23, nan 
136.875, 84.125, 2.1460330252534986e-23, nan 
137.125, 84.125, 2.0958467151880031e-23, nan 
137.375, 84.125, 2.1916376502891437e-23, nan 
137.625, 84.125, 1.7871557603996656e-23, nan 
137.875, 84.125, 1.576806490741162e-23, nan 
138.125, 84.125, 2.850811393663439e-23, nan 
138.375, 84.125, 4.230219391632156e-23, nan 
138.625, 84.125, 5.306938323992896e-23, nan 
138.875, 84.125, 5.85326294667382e-23, nan 
139.125, 84.125, 5.948597116910957e-23, nan 
139.375, 84.125, 5.798589769273945e-23, nan 
139.625, 84.125, 6.079290973427832e-23, nan 
139.875, 84.125, 6.258025789571352e-23, nan 
140.125, 84.125, 6.822479577805111e-23, nan 
140.375, 84.125, 6.554412672343802e-23, nan 
140.625, 84.125, 6.621000089442994e-23, nan 
140.875, 84.125, 6.491279523418094e-23, nan 
141.125, 84.125, 6.807278448291869e-23, nan 
141.375, 84.125, 6.728384743701323e-23, nan 
141.625, 84.125, 6.24615304900519e-23, nan 
141.875, 84.125, 5.980324469589864e-23, nan 
142.125, 84.125, 5.808911522986346e-23, nan 
142.375, 84.125, 5.177160675143649e-23, nan 
142.625, 84.125, 4.422742584203951e-23, nan 
142.875, 84.125, 4.450296237487877e-23, nan 
143.125, 84.125, 5.810964840382167e-23, nan 
143.375, 84.125, 3.687762733775095e-23, nan 
143.625, 84.125, 1.1711624920310852e-23, nan 
143.875, 84.125, 2.7339901805023875e-23, nan 
144.125, 84.125, 3.0450544452050667e-23, nan 
144.375, 84.125, 3.4510308610999194e-23, nan 
144.625, 84.125, 3.2277602678038456e-23, nan 
144.875, 84.125, 2.917420079213305e-23, nan 
145.125, 84.125, 2.8385633008232724e-23, nan 
145.375, 84.125, 2.5177934311288825e-23, nan 
145.625, 84.125, 2.2810317032495177e-23, nan 
145.875, 84.125, 2.0634238427032764e-23, nan 
146.125, 84.125, 1.8004558035469167e-23, nan 
146.375, 84.125, 1.817493805183561e-23, nan 
146.625, 84.125, 1.7233871506110545e-23, nan 
146.875, 84.125, 1.5922069940919567e-23, nan 
147.125, 84.125, 1.4228766248127706e-23, nan 
147.375, 84.125, 1.3603215579924828e-23, nan 
147.625, 84.125, 1.2211005850457634e-23, nan 
147.875, 84.125, 1.100118132433719e-23, nan 
148.125, 84.125, 9.76936579524576e-24, nan 
148.375, 84.125, 8.230659863732462e-24, nan 
148.625, 84.125, 8.058287038015621e-24, nan 
148.875, 84.125, 7.741407637308242e-24, nan 
149.125, 84.125, 7.782768805710593e-24, nan 
149.375, 84.125, 7.812514040915336e-24, nan 
149.625, 84.125, 7.811549299091557e-24, nan 
149.875, 84.125, 7.967331923903518e-24, nan 
150.125, 84.125, 7.855340493095813e-24, nan 
150.375, 84.125, 7.23150335678997e-24, nan 
150.625, 84.125, 6.756825224377937e-24, nan 
150.875, 84.125, 7.026674890770513e-24, nan 
151.125, 84.125, 7.085502696900331e-24, nan 
151.375, 84.125, 7.038459335185161e-24, nan 
151.625, 84.125, 6.644077069085676e-24, nan 
151.875, 84.125, 7.586712316712193e-24, nan 
152.125, 84.125, 8.017639095871262e-24, nan 
152.375, 84.125, 7.629279934247003e-24, nan 
152.625, 84.125, 7.766778106421003e-24, nan 
152.875, 84.125, 7.791971519696325e-24, nan 
153.125, 84.125, 9.254426362296749e-24, nan 
153.375, 84.125, 1.2221800924379046e-23, nan 
153.625, 84.125, 1.4145620013319304e-23, nan 
153.875, 84.125, 1.508414827917117e-23, nan 
154.125, 84.125, 1.497238020329121e-23, nan 
154.375, 84.125, 1.612587996997589e-23, nan 
154.625, 84.125, 1.7872894923640362e-23, nan 
154.875, 84.125, 1.8194957813540166e-23, nan 
155.125, 84.125, 1.9002800374004753e-23, nan 
155.375, 84.125, 2.357025266246615e-23, nan 
155.625, 84.125, 2.1362771081594832e-23, nan 
155.875, 84.125, 2.035368468641553e-23, nan 
156.125, 84.125, 2.1939847115659117e-23, nan 
156.375, 84.125, 2.4912236951258955e-23, nan 
156.625, 84.125, 2.2210794554057365e-23, nan 
156.875, 84.125, 2.075651750652141e-23, nan 
157.125, 84.125, 2.0385499920695635e-23, nan 
157.375, 84.125, 2.3024120997423494e-23, nan 
157.625, 84.125, 3.360557753499678e-23, nan 
157.875, 84.125, 3.51468438752398e-23, nan 
158.125, 84.125, 3.241694180442523e-23, nan 
158.375, 84.125, 3.344014015476571e-23, nan 
158.625, 84.125, 3.2678034455520393e-23, nan 
158.875, 84.125, 3.1695484084971513e-23, nan 
159.125, 84.125, 2.87429830368027e-23, nan 
159.375, 84.125, 3.008621932615024e-23, nan 
159.625, 84.125, 2.8082057477907037e-23, nan 
159.875, 84.125, 3.14498081558249e-23, nan 
160.125, 84.125, 3.2359844105738506e-23, nan 
160.375, 84.125, 3.101106102823192e-23, nan 
160.625, 84.125, 3.114648675105958e-23, nan 
160.875, 84.125, 3.08676022848308e-23, nan 
161.125, 84.125, 3.0721579205267434e-23, nan 
161.375, 84.125, 2.842393230307923e-23, nan 
161.625, 84.125, 2.6998810741202924e-23, nan 
161.875, 84.125, 2.2953518974592035e-23, nan 
162.125, 84.125, 2.1184271403302825e-23, nan 
162.375, 84.125, 1.721054888340167e-23, nan 
162.625, 84.125, 1.635539041991145e-23, nan 
162.875, 84.125, 1.4358680845608157e-23, nan 
163.125, 84.125, 1.2920136368058414e-23, nan 
163.375, 84.125, 1.2458687522441681e-23, nan 
163.625, 84.125, 1.1894332856853666e-23, nan 
163.875, 84.125, 1.165936201020718e-23, nan 
164.125, 84.125, 1.1919323360957228e-23, nan 
164.375, 84.125, 1.2380146125502e-23, nan 
164.625, 84.125, 1.2468809573413107e-23, nan 
164.875, 84.125, 1.1600363550835106e-23, nan 
165.125, 84.125, 1.0355548145314106e-23, nan 
165.375, 84.125, 9.823152738087058e-24, nan 
165.625, 84.125, 9.95705447713162e-24, nan 
165.875, 84.125, 8.331225725426062e-24, nan 
166.125, 84.125, 5.531357830510608e-24, nan 
166.375, 84.125, 4.589958163593666e-24, nan 
166.625, 84.125, 3.2842756661753227e-24, nan 
166.875, 84.125, 4.0330091655859254e-24, nan 
167.125, 84.125, 3.415894983708493e-24, nan 
167.375, 84.125, 3.7651148184016776e-24, nan 
167.625, 84.125, 3.749784694045569e-24, nan 
167.875, 84.125, 3.6944333461395616e-24, nan 
168.125, 84.125, 3.939086032986129e-24, nan 
168.375, 84.125, 3.978381535864513e-24, nan 
168.625, 84.125, 3.533123451270702e-24, nan 
168.875, 84.125, 3.449735920647322e-24, nan 
169.125, 84.125, 3.5366551871502716e-24, nan 
169.375, 84.125, 3.432904021802807e-24, nan 
169.625, 84.125, 3.227800973527032e-24, nan 
169.875, 84.125, 2.9441850422953466e-24, nan 
170.125, 84.125, 2.845575735289126e-24, nan 
170.375, 84.125, 2.7142745629031263e-24, nan 
170.625, 84.125, 2.738965626572498e-24, nan 
170.875, 84.125, 2.871121985636467e-24, nan 
171.125, 84.125, 2.802299638023772e-24, nan 
171.375, 84.125, 2.6170495682707208e-24, nan 
171.625, 84.125, 2.6035077896192552e-24, nan 
171.875, 84.125, 2.4640162830040244e-24, nan 
172.125, 84.125, 2.386534344345293e-24, nan 
172.375, 84.125, 2.401574223267998e-24, nan 
172.625, 84.125, 2.4014713056859115e-24, nan 
172.875, 84.125, 2.4053745492454557e-24, nan 
173.125, 84.125, 2.5431096692616276e-24, nan 
173.375, 84.125, 2.522190048930736e-24, nan 
173.625, 84.125, 2.32769859571308e-24, nan 
173.875, 84.125, 2.2304271213946086e-24, nan 
174.125, 84.125, 2.2075785733885777e-24, nan 
174.375, 84.125, 2.156257247096196e-24, nan 
174.625, 84.125, 2.240339603920849e-24, nan 
174.875, 84.125, 2.369020870608823e-24, nan 
175.125, 84.125, 2.423861110593956e-24, nan 
175.375, 84.125, 2.3523421086975314e-24, nan 
175.625, 84.125, 2.4035027369954652e-24, nan 
175.875, 84.125, 2.4718667384678096e-24, nan 
176.125, 84.125, 2.4983894076384073e-24, nan 
176.375, 84.125, 2.4867488531664034e-24, nan 
176.625, 84.125, 2.4998585805012963e-24, nan 
176.875, 84.125, 2.441908268884962e-24, nan 
177.125, 84.125, 2.3699846086803394e-24, nan 
177.375, 84.125, 2.3536100847828666e-24, nan 
177.625, 84.125, 2.1920272528665144e-24, nan 
177.875, 84.125, 2.3062256180341505e-24, nan 
178.125, 84.125, 2.111409991739304e-24, nan 
178.375, 84.125, 2.1290927516145873e-24, nan 
178.625, 84.125, 2.149233329432105e-24, nan 
178.875, 84.125, 2.121606655409293e-24, nan 
179.125, 84.125, 2.012302949683429e-24, nan 
179.375, 84.125, 2.0137484330331398e-24, nan 
179.625, 84.125, 1.9158996162720304e-24, nan 
179.875, 84.125, 1.8623147993546363e-24, nan 
-179.875, 84.375, 2.3384252837822915e-24, nan 
-179.625, 84.375, 2.4003281820293994e-24, nan 
-179.375, 84.375, 2.6853953315543955e-24, nan 
-179.125, 84.375, 2.5153017729876094e-24, nan 
-178.875, 84.375, 2.4220692244593323e-24, nan 
-178.625, 84.375, 2.406176742991224e-24, nan 
-178.375, 84.375, 2.880683950224819e-24, nan 
-178.125, 84.375, 2.903392349680451e-24, nan 
-177.875, 84.375, 3.1790940092799025e-24, nan 
-177.625, 84.375, 3.236272355187473e-24, nan 
-177.375, 84.375, 3.110509648907083e-24, nan 
-177.125, 84.375, 2.523016975480757e-24, nan 
-176.875, 84.375, 2.02214356183955e-24, nan 
-176.625, 84.375, 1.7940513933219524e-24, nan 
-176.375, 84.375, 2.3280027908623152e-24, nan 
-176.125, 84.375, 2.3287171455601296e-24, nan 
-175.875, 84.375, 1.4265237970119813e-24, nan 
-175.625, 84.375, 1.4339533938775606e-24, nan 
-175.375, 84.375, 1.4768877378982319e-24, nan 
-175.125, 84.375, 1.574080761285509e-24, nan 
-174.875, 84.375, 1.6404803343715279e-24, nan 
-174.625, 84.375, 1.6363858127618647e-24, nan 
-174.375, 84.375, 1.6900257564113167e-24, nan 
-174.125, 84.375, 1.7028889856333193e-24, nan 
-173.875, 84.375, 1.659836612774827e-24, nan 
-173.625, 84.375, 1.76028859677506e-24, nan 
-173.375, 84.375, 1.7578526536832315e-24, nan 
-173.125, 84.375, 1.682831814794205e-24, nan 
-172.875, 84.375, 1.768212415526163e-24, nan 
-172.625, 84.375, 1.7964798428769212e-24, nan 
-172.375, 84.375, 1.810944643811224e-24, nan 
-172.125, 84.375, 2.0918403377390265e-24, nan 
-171.875, 84.375, 2.5199459300983367e-24, nan 
-171.625, 84.375, 2.8776318829089045e-24, nan 
-171.375, 84.375, 2.7946727332742446e-24, nan 
-171.125, 84.375, 2.933203648089715e-24, nan 
-170.875, 84.375, 2.9263904841610094e-24, nan 
-170.625, 84.375, 2.7493057647631143e-24, nan 
-170.375, 84.375, 2.8651675633946346e-24, nan 
-170.125, 84.375, 3.1258889136153515e-24, nan 
-169.875, 84.375, 3.401668906832508e-24, nan 
-169.625, 84.375, 3.3084350275696818e-24, nan 
-169.375, 84.375, 3.1033339142637928e-24, nan 
-169.125, 84.375, 3.979855425301551e-24, nan 
-168.875, 84.375, 4.821181118679602e-24, nan 
-168.625, 84.375, 4.5371931442462914e-24, nan 
-168.375, 84.375, 3.88791495985431e-24, nan 
-168.125, 84.375, 3.462748638568328e-24, nan 
10.875, 84.375, 6.441658191853657e-24, nan 
11.125, 84.375, 6.859905263329352e-24, nan 
11.375, 84.375, 6.250141137422374e-24, nan 
11.625, 84.375, 5.494012984665536e-24, nan 
11.875, 84.375, 6.142737465491361e-24, nan 
12.125, 84.375, 6.207504899991249e-24, nan 
12.375, 84.375, 6.92788462934832e-24, nan 
12.625, 84.375, 6.698853157042083e-24, nan 
12.875, 84.375, 6.664044437595765e-24, nan 
13.125, 84.375, 1.1161366136994424e-23, nan 
13.375, 84.375, 1.3312110275286885e-23, nan 
13.625, 84.375, 1.2227335377552137e-23, nan 
13.875, 84.375, 9.805923430631051e-24, nan 
14.125, 84.375, 4.179412130867558e-24, nan 
14.375, 84.375, 4.232556609099309e-24, nan 
14.625, 84.375, 6.654460594501565e-24, nan 
14.875, 84.375, 5.001241506627427e-24, nan 
15.125, 84.375, 5.0004526557249085e-24, nan 
15.375, 84.375, 5.324863372130462e-24, nan 
15.625, 84.375, 4.880442198730665e-24, nan 
15.875, 84.375, 1.719938318280271e-23, nan 
16.125, 84.375, 2.5631873674530348e-23, nan 
16.375, 84.375, 2.3176377956462082e-23, nan 
16.625, 84.375, 1.8917296359612194e-23, nan 
16.875, 84.375, 9.400894110106537e-24, nan 
17.125, 84.375, 7.812232981770208e-24, nan 
17.375, 84.375, 8.248542707338301e-24, nan 
17.625, 84.375, 7.874544565910812e-24, nan 
17.875, 84.375, 8.114459725363109e-24, nan 
18.125, 84.375, 7.825594340278268e-24, nan 
18.375, 84.375, 8.434878799421775e-24, nan 
18.625, 84.375, 1.444839445151401e-23, nan 
18.875, 84.375, 1.9586754343623876e-23, nan 
19.125, 84.375, 1.8881597755927465e-23, nan 
19.375, 84.375, 1.6222059059131427e-23, nan 
19.625, 84.375, 1.0549107900054568e-23, nan 
19.875, 84.375, 8.92113976917331e-24, nan 
20.125, 84.375, 8.487424768116104e-24, nan 
20.375, 84.375, 8.301259820437692e-24, nan 
20.625, 84.375, 8.128313819891138e-24, nan 
20.875, 84.375, 7.597998214418605e-24, nan 
21.125, 84.375, 7.041380620240291e-24, nan 
21.375, 84.375, 6.44667542301395e-24, nan 
21.625, 84.375, 6.1275334481984735e-24, nan 
21.875, 84.375, 5.737718237340608e-24, nan 
22.125, 84.375, 5.431931905919155e-24, nan 
22.375, 84.375, 5.157694465512115e-24, nan 
22.625, 84.375, 4.95453724148555e-24, nan 
22.875, 84.375, 4.8005585812232324e-24, nan 
23.125, 84.375, 4.661604058575981e-24, nan 
23.375, 84.375, 4.4869929958411056e-24, nan 
23.625, 84.375, 4.269735766679567e-24, nan 
23.875, 84.375, 4.115482582483605e-24, nan 
24.125, 84.375, 3.972465276979164e-24, nan 
24.375, 84.375, 3.93620437041461e-24, nan 
24.625, 84.375, 3.918902631770621e-24, nan 
24.875, 84.375, 3.8569691723266046e-24, nan 
25.125, 84.375, 3.685014853037098e-24, nan 
25.375, 84.375, 3.630463463482209e-24, nan 
25.625, 84.375, 3.422729550495742e-24, nan 
25.875, 84.375, 3.356554258091449e-24, nan 
26.125, 84.375, 3.2509178909232066e-24, nan 
26.375, 84.375, 3.1335533462187927e-24, nan 
26.625, 84.375, 2.960862243057383e-24, nan 
26.875, 84.375, 2.8834339926735547e-24, nan 
27.125, 84.375, 2.7432817523467013e-24, nan 
27.375, 84.375, 2.7004655469657515e-24, nan 
27.625, 84.375, 2.5204401339175147e-24, nan 
27.875, 84.375, 2.4172356976974313e-24, nan 
28.125, 84.375, 2.390555470159282e-24, nan 
28.375, 84.375, 2.3298387565372856e-24, nan 
28.625, 84.375, 2.243775907677479e-24, nan 
28.875, 84.375, 2.17736561337546e-24, nan 
29.125, 84.375, 2.1426647779386116e-24, nan 
29.375, 84.375, 2.01860593404331e-24, nan 
29.625, 84.375, 2.0253295956761482e-24, nan 
29.875, 84.375, 1.9945322485818514e-24, nan 
30.125, 84.375, 2.0115109701720693e-24, nan 
30.375, 84.375, 2.017592574016691e-24, nan 
30.625, 84.375, 1.9875681930963912e-24, nan 
30.875, 84.375, 2.0034997847440454e-24, nan 
31.125, 84.375, 1.985586864466178e-24, nan 
31.375, 84.375, 2.0487630896059117e-24, nan 
31.625, 84.375, 2.0355779151690956e-24, nan 
31.875, 84.375, 2.1056515580259164e-24, nan 
32.125, 84.375, 2.1924137130543058e-24, nan 
32.375, 84.375, 2.215571340424774e-24, nan 
32.625, 84.375, 2.2765327744840502e-24, nan 
32.875, 84.375, 2.273265910386133e-24, nan 
33.125, 84.375, 2.410499618412183e-24, nan 
33.375, 84.375, 2.467840210390424e-24, nan 
33.625, 84.375, 2.4892647743992715e-24, nan 
33.875, 84.375, 2.554119363416149e-24, nan 
34.125, 84.375, 2.6186641252596986e-24, nan 
34.375, 84.375, 2.6665822870452165e-24, nan 
34.625, 84.375, 2.6288628246711732e-24, nan 
34.875, 84.375, 2.593655454745118e-24, nan 
35.125, 84.375, 2.564285620227203e-24, nan 
35.375, 84.375, 2.6085411634431385e-24, nan 
35.625, 84.375, 2.54977024031361e-24, nan 
35.875, 84.375, 2.4343682441240054e-24, nan 
36.125, 84.375, 2.4785762862628463e-24, nan 
36.375, 84.375, 2.460511378521082e-24, nan 
36.625, 84.375, 2.5153134458938032e-24, nan 
36.875, 84.375, 2.4035188803354415e-24, nan 
37.125, 84.375, 2.378110742965701e-24, nan 
37.375, 84.375, 2.263085954662118e-24, nan 
37.625, 84.375, 2.1805690264120357e-24, nan 
37.875, 84.375, 2.126645985254742e-24, nan 
38.125, 84.375, 2.112611424641744e-24, nan 
38.375, 84.375, 2.0825678197477534e-24, nan 
38.625, 84.375, 2.007146912466512e-24, nan 
38.875, 84.375, 1.8463642677352894e-24, nan 
39.125, 84.375, 1.9166399849071617e-24, nan 
39.375, 84.375, 2.0150474986416013e-24, nan 
39.625, 84.375, 2.2175714841915912e-24, nan 
39.875, 84.375, 2.2672333546064924e-24, nan 
40.125, 84.375, 2.271378126022179e-24, nan 
40.375, 84.375, 2.289044789827222e-24, nan 
40.625, 84.375, 2.5426553485302946e-24, nan 
40.875, 84.375, 2.660791150936728e-24, nan 
41.125, 84.375, 2.74960718801897e-24, nan 
41.375, 84.375, 2.843947920573224e-24, nan 
41.625, 84.375, 2.8842575490764904e-24, nan 
41.875, 84.375, 2.795403147441316e-24, nan 
42.125, 84.375, 2.8620821829028868e-24, nan 
42.375, 84.375, 2.909334624219229e-24, nan 
42.625, 84.375, 3.1535608187725254e-24, nan 
42.875, 84.375, 3.3288911001657654e-24, nan 
43.125, 84.375, 3.468658648529474e-24, nan 
43.375, 84.375, 3.500740327629158e-24, nan 
43.625, 84.375, 3.4761638427716e-24, nan 
43.875, 84.375, 3.601479329227466e-24, nan 
44.125, 84.375, 3.775016661327961e-24, nan 
44.375, 84.375, 3.959140607074349e-24, nan 
44.625, 84.375, 3.9755759662392296e-24, nan 
44.875, 84.375, 4.099110745727244e-24, nan 
45.125, 84.375, 4.1995643790728525e-24, nan 
45.375, 84.375, 4.079638114658182e-24, nan 
45.625, 84.375, 3.970704537381386e-24, nan 
45.875, 84.375, 4.042556309036487e-24, nan 
46.125, 84.375, 4.295702950243668e-24, nan 
46.375, 84.375, 4.5766937835563985e-24, nan 
46.625, 84.375, 4.749053363099846e-24, nan 
46.875, 84.375, 4.579523596134154e-24, nan 
47.125, 84.375, 4.6508925899301255e-24, nan 
47.375, 84.375, 4.7583033961150286e-24, nan 
47.625, 84.375, 4.883262038897317e-24, nan 
47.875, 84.375, 4.9421134385199405e-24, nan 
48.125, 84.375, 5.018448176505997e-24, nan 
48.375, 84.375, 5.445546065629546e-24, nan 
48.625, 84.375, 5.723651754000457e-24, nan 
48.875, 84.375, 5.756906391672983e-24, nan 
49.125, 84.375, 5.77204262123812e-24, nan 
49.375, 84.375, 5.792653880782567e-24, nan 
49.625, 84.375, 5.858546297648757e-24, nan 
49.875, 84.375, 5.7121142101790644e-24, nan 
50.125, 84.375, 5.586998368310485e-24, nan 
50.375, 84.375, 5.842201307390405e-24, nan 
50.625, 84.375, 5.819490617023275e-24, nan 
50.875, 84.375, 5.923857458369064e-24, nan 
51.125, 84.375, 5.76169924691131e-24, nan 
51.375, 84.375, 5.843863851276383e-24, nan 
51.625, 84.375, 5.994128289964271e-24, nan 
51.875, 84.375, 6.155590074924664e-24, nan 
52.125, 84.375, 6.03660847172955e-24, nan 
52.375, 84.375, 5.8623607748400845e-24, nan 
52.625, 84.375, 6.201241961710879e-24, nan 
52.875, 84.375, 6.609136517026195e-24, nan 
53.125, 84.375, 6.742651187209433e-24, nan 
53.375, 84.375, 6.113162686862131e-24, nan 
53.625, 84.375, 6.25996608829674e-24, nan 
53.875, 84.375, 6.842825016850939e-24, nan 
54.125, 84.375, 6.343594590522375e-24, nan 
54.375, 84.375, 6.25025295813714e-24, nan 
54.625, 84.375, 6.0469551335998144e-24, nan 
54.875, 84.375, 6.158421137333462e-24, nan 
55.125, 84.375, 6.846686187821106e-24, nan 
55.375, 84.375, 7.315026045073074e-24, nan 
55.625, 84.375, 7.421456446777384e-24, nan 
55.875, 84.375, 7.723505314256528e-24, nan 
56.125, 84.375, 8.749179545400472e-24, nan 
56.375, 84.375, 8.94597405981489e-24, nan 
56.625, 84.375, 8.707083994625759e-24, nan 
56.875, 84.375, 8.397721117142863e-24, nan 
57.125, 84.375, 9.269078383131848e-24, nan 
57.375, 84.375, 1.0395323162458889e-23, nan 
57.625, 84.375, 1.0632933481901359e-23, nan 
57.875, 84.375, 9.292135838741741e-24, nan 
58.125, 84.375, 9.808266598055121e-24, nan 
58.375, 84.375, 9.558302010315214e-24, nan 
58.625, 84.375, 9.537599204658792e-24, nan 
58.875, 84.375, 8.986715152973379e-24, nan 
59.125, 84.375, 8.798699542875985e-24, nan 
59.375, 84.375, 9.262720932582237e-24, nan 
59.625, 84.375, 9.672583180192779e-24, nan 
59.875, 84.375, 1.0065554951978369e-23, nan 
60.125, 84.375, 9.037638328111113e-24, nan 
60.375, 84.375, 8.98204028453087e-24, nan 
60.625, 84.375, 9.684493706509933e-24, nan 
60.875, 84.375, 1.040868676003667e-23, nan 
61.125, 84.375, 1.0974829421805633e-23, nan 
61.375, 84.375, 1.0936916855329941e-23, nan 
61.625, 84.375, 1.058124844827935e-23, nan 
61.875, 84.375, 1.0907475839918033e-23, nan 
62.125, 84.375, 1.1061714851427612e-23, nan 
62.375, 84.375, 1.0898323211113506e-23, nan 
62.625, 84.375, 1.1294559724431617e-23, nan 
62.875, 84.375, 1.1965062521143199e-23, nan 
63.125, 84.375, 1.201561618233044e-23, nan 
63.375, 84.375, 1.2059101690095353e-23, nan 
63.625, 84.375, 1.2187771051102947e-23, nan 
63.875, 84.375, 1.2429520325315605e-23, nan 
64.125, 84.375, 1.255417337118422e-23, nan 
64.375, 84.375, 1.2522720098487763e-23, nan 
64.625, 84.375, 1.277043527833528e-23, nan 
64.875, 84.375, 1.2991206450013927e-23, nan 
65.125, 84.375, 1.3460142830751875e-23, nan 
65.375, 84.375, 1.397119744731745e-23, nan 
65.625, 84.375, 1.538182966534751e-23, nan 
65.875, 84.375, 1.6651285732478096e-23, nan 
66.125, 84.375, 1.7333709273974213e-23, nan 
66.375, 84.375, 1.8818500432340147e-23, nan 
66.625, 84.375, 2.1717468914766754e-23, nan 
66.875, 84.375, 2.864044648995987e-23, nan 
67.125, 84.375, 2.4629547908624577e-23, nan 
67.375, 84.375, 2.3539928003147697e-23, nan 
67.625, 84.375, 2.636573671423418e-23, nan 
67.875, 84.375, 2.936128593994509e-23, nan 
68.125, 84.375, 2.865847590193508e-23, nan 
68.375, 84.375, 2.946817732252573e-23, nan 
68.625, 84.375, 3.13311559140006e-23, nan 
68.875, 84.375, 2.396510824988468e-23, nan 
69.125, 84.375, 2.1575917217492936e-23, nan 
69.375, 84.375, 1.9891108184773073e-23, nan 
69.625, 84.375, 3.0394105192743304e-23, nan 
69.875, 84.375, 2.422294526468378e-23, nan 
70.125, 84.375, 1.9141507068846515e-23, nan 
70.375, 84.375, 1.7122600778041194e-23, nan 
70.625, 84.375, 1.7566278100878533e-23, nan 
70.875, 84.375, 1.5932550582040614e-23, nan 
71.125, 84.375, 1.4016543761483085e-23, nan 
71.375, 84.375, 1.3422129990547507e-23, nan 
71.625, 84.375, 1.3533539740404226e-23, nan 
71.875, 84.375, 1.5263442169553976e-23, nan 
72.125, 84.375, 1.540325626912921e-23, nan 
72.375, 84.375, 1.499912232083074e-23, nan 
72.625, 84.375, 1.5252303159127562e-23, nan 
72.875, 84.375, 1.625548633662695e-23, nan 
73.125, 84.375, 1.7196847887167486e-23, nan 
73.375, 84.375, 1.6650887822541404e-23, nan 
73.625, 84.375, 1.6481447864912144e-23, nan 
73.875, 84.375, 1.7337921901321013e-23, nan 
74.125, 84.375, 1.8607679810039057e-23, nan 
74.375, 84.375, 1.6793776672931644e-23, nan 
74.625, 84.375, 1.536514807525001e-23, nan 
74.875, 84.375, 1.5228453170102825e-23, nan 
75.125, 84.375, 1.4977569436332967e-23, nan 
75.375, 84.375, 1.501959934314539e-23, nan 
75.625, 84.375, 1.476515383204399e-23, nan 
75.875, 84.375, 1.4226079446276585e-23, nan 
76.125, 84.375, 1.3936358029052457e-23, nan 
76.375, 84.375, 1.4759775373941026e-23, nan 
76.625, 84.375, 1.520181788035864e-23, nan 
76.875, 84.375, 1.5460488311345942e-23, nan 
77.125, 84.375, 1.656438911237512e-23, nan 
77.375, 84.375, 1.8772111910535976e-23, nan 
77.625, 84.375, 1.955651190554288e-23, nan 
77.875, 84.375, 2.0018571566553312e-23, nan 
78.125, 84.375, 2.0147259938549958e-23, nan 
78.375, 84.375, 2.1839299856625023e-23, nan 
78.625, 84.375, 2.4125453084160327e-23, nan 
78.875, 84.375, 2.784288487834861e-23, nan 
79.125, 84.375, 2.550808981994877e-23, nan 
79.375, 84.375, 2.023797357946986e-23, nan 
79.625, 84.375, 2.408774135868859e-23, nan 
79.875, 84.375, 3.2326810137865296e-23, nan 
80.125, 84.375, 3.3713044705748203e-23, nan 
80.375, 84.375, 2.2435411056652036e-23, nan 
80.625, 84.375, 2.1760194292233313e-23, nan 
80.875, 84.375, 2.2613157368553558e-23, nan 
81.125, 84.375, 2.1776928974419992e-23, nan 
81.375, 84.375, 2.0583261838037192e-23, nan 
81.625, 84.375, 1.9509655318330404e-23, nan 
81.875, 84.375, 2.1257217380578072e-23, nan 
82.125, 84.375, 2.378180269128351e-23, nan 
82.375, 84.375, 2.3464040485701227e-23, nan 
82.625, 84.375, 2.233411203972591e-23, nan 
82.875, 84.375, 2.367487460655114e-23, nan 
83.125, 84.375, 2.5194922049190372e-23, nan 
83.375, 84.375, 2.2892448913301888e-23, nan 
83.625, 84.375, 2.5320917621110878e-23, nan 
83.875, 84.375, 2.984649759574067e-23, nan 
84.125, 84.375, 3.2176280938984235e-23, nan 
84.375, 84.375, 3.046359953723136e-23, nan 
84.625, 84.375, 3.563876086591022e-23, nan 
84.875, 84.375, 4.0085198263503925e-23, nan 
85.125, 84.375, 3.892742755723746e-23, nan 
85.375, 84.375, 3.3262755610264244e-23, nan 
85.625, 84.375, 2.6038379269667582e-23, nan 
85.875, 84.375, 2.669656666225251e-23, nan 
86.125, 84.375, 2.4051486458194075e-23, nan 
86.375, 84.375, 2.699286626615086e-23, nan 
86.625, 84.375, 3.0971480756802826e-23, nan 
86.875, 84.375, 3.375035849282989e-23, nan 
87.125, 84.375, 3.449154832193809e-23, nan 
87.375, 84.375, 3.8825583056531455e-23, nan 
87.625, 84.375, 4.1036274765390835e-23, nan 
87.875, 84.375, 4.346273938213717e-23, nan 
88.125, 84.375, 4.2837457132236174e-23, nan 
88.375, 84.375, 4.077808997077652e-23, nan 
88.625, 84.375, 4.1581288419612194e-23, nan 
88.875, 84.375, 3.97836522085797e-23, nan 
89.125, 84.375, 4.110175164407183e-23, nan 
89.375, 84.375, 3.79969855389324e-23, nan 
89.625, 84.375, 3.5795959537484455e-23, nan 
89.875, 84.375, 3.825760964027605e-23, nan 
90.125, 84.375, 4.1695098465280155e-23, nan 
90.375, 84.375, 4.134859561969188e-23, nan 
90.625, 84.375, 3.264472062221036e-23, nan 
90.875, 84.375, 2.7309380982663223e-23, nan 
91.125, 84.375, 3.199521181580178e-23, nan 
91.375, 84.375, 3.134439978161549e-23, nan 
91.625, 84.375, 2.713439024793534e-23, nan 
91.875, 84.375, 2.7172704796780974e-23, nan 
92.125, 84.375, 2.925440519136548e-23, nan 
92.375, 84.375, 3.1837789433028766e-23, nan 
92.625, 84.375, 3.190115277664556e-23, nan 
92.875, 84.375, 3.301641195108887e-23, nan 
93.125, 84.375, 3.7806862630531163e-23, nan 
93.375, 84.375, 4.387707876724082e-23, nan 
93.625, 84.375, 4.862646888466798e-23, nan 
93.875, 84.375, 4.9305395988774224e-23, nan 
94.125, 84.375, 5.717190974744117e-23, nan 
94.375, 84.375, 7.041465273873564e-23, nan 
94.625, 84.375, 7.71626800267204e-23, nan 
94.875, 84.375, 6.279614609685828e-23, nan 
95.125, 84.375, 3.648978156380988e-23, nan 
95.375, 84.375, 4.6445732134618274e-23, nan 
95.625, 84.375, 7.428848596642204e-23, nan 
95.875, 84.375, 5.40654805481095e-23, nan 
96.125, 84.375, 6.656265525991135e-23, nan 
96.375, 84.375, 8.568924216649271e-23, nan 
96.625, 84.375, 8.328551175207583e-23, nan 
96.875, 84.375, 1.0188336917317806e-22, nan 
97.125, 84.375, 1.2839376301930903e-22, nan 
97.375, 84.375, 1.4567567618184022e-22, nan 
97.625, 84.375, 1.1029012197284405e-22, nan 
97.875, 84.375, 2.0176721267560942e-23, nan 
98.125, 84.375, 6.079295626969548e-23, nan 
98.375, 84.375, 1.2934029515070195e-22, nan 
98.625, 84.375, 4.042762668613784e-23, nan 
98.875, 84.375, 2.4793868519450525e-23, nan 
99.125, 84.375, 7.315594370393614e-23, nan 
99.375, 84.375, 7.595534462029346e-23, nan 
99.625, 84.375, 8.84722846824678e-23, nan 
99.875, 84.375, 9.656266505385669e-23, nan 
100.125, 84.375, 1.0903647711681928e-22, nan 
100.375, 84.375, 1.0071715004022461e-22, nan 
100.625, 84.375, 1.0289493189733322e-22, nan 
100.875, 84.375, 1.2430100550604665e-22, nan 
101.125, 84.375, 1.6862191343950788e-22, nan 
101.375, 84.375, 1.5376887192825019e-22, nan 
101.625, 84.375, 1.315113576514999e-22, nan 
101.875, 84.375, 1.5685714493602196e-22, nan 
102.125, 84.375, 1.7294401837751983e-22, nan 
102.375, 84.375, 1.2805720107559726e-22, nan 
102.625, 84.375, 9.72458566293455e-23, nan 
102.875, 84.375, 9.332293014615373e-23, nan 
103.125, 84.375, 7.494144341885073e-23, nan 
103.375, 84.375, 6.720996928117814e-23, nan 
103.625, 84.375, 9.398220296148909e-23, nan 
103.875, 84.375, 1.803159437102557e-22, nan 
104.125, 84.375, 1.7001596462417384e-22, nan 
104.375, 84.375, 9.669957770351414e-23, nan 
104.625, 84.375, 1.8146807119644796e-22, nan 
104.875, 84.375, 2.56479242326934e-22, nan 
105.125, 84.375, 1.5745814259623418e-22, nan 
105.375, 84.375, 8.788901634704523e-23, nan 
105.625, 84.375, 9.408991991401389e-23, nan 
105.875, 84.375, 1.178218090518443e-22, nan 
106.125, 84.375, 1.2158715773932066e-22, nan 
106.375, 84.375, 1.257156881844216e-22, nan 
106.625, 84.375, 1.4880112086408426e-22, nan 
106.875, 84.375, 1.527181031502658e-22, nan 
107.125, 84.375, 1.5556775699200254e-22, nan 
107.375, 84.375, 1.4449711483388548e-22, nan 
107.625, 84.375, 1.5469303365999472e-22, nan 
107.875, 84.375, 1.3135436138785483e-22, nan 
108.125, 84.375, 7.879547594517167e-23, nan 
108.375, 84.375, 8.3684689039412e-23, nan 
108.625, 84.375, 6.706327358446564e-23, nan 
108.875, 84.375, 7.468459580169451e-23, nan 
109.125, 84.375, 6.090480394206056e-23, nan 
109.375, 84.375, 5.322163252993692e-23, nan 
109.625, 84.375, 5.345544151208085e-23, nan 
109.875, 84.375, 5.643479107000464e-23, nan 
110.125, 84.375, 5.700296592026076e-23, nan 
110.375, 84.375, 5.903154697609697e-23, nan 
110.625, 84.375, 6.957514970303227e-23, nan 
110.875, 84.375, 6.834788728950282e-23, nan 
111.125, 84.375, 8.388362244170543e-23, nan 
111.375, 84.375, 7.642296545786398e-23, nan 
111.625, 84.375, 7.935372888933105e-23, nan 
111.875, 84.375, 6.839555703859511e-23, nan 
112.125, 84.375, 6.812236107651866e-23, nan 
112.375, 84.375, 7.081659356577569e-23, nan 
112.625, 84.375, 6.364363565311841e-23, nan 
112.875, 84.375, 5.468421375854158e-23, nan 
113.125, 84.375, 5.458225334756049e-23, nan 
113.375, 84.375, 5.610796816067473e-23, nan 
113.625, 84.375, 5.321177396113171e-23, nan 
113.875, 84.375, 4.910436945431922e-23, nan 
114.125, 84.375, 5.92492370608861e-23, nan 
114.375, 84.375, 6.401880512229163e-23, nan 
114.625, 84.375, 6.685048156787828e-23, nan 
114.875, 84.375, 6.780306684143769e-23, nan 
115.125, 84.375, 6.65981485690264e-23, nan 
115.375, 84.375, 7.621111428238906e-23, nan 
115.625, 84.375, 8.32209969741913e-23, nan 
115.875, 84.375, 9.718683670309823e-23, nan 
116.125, 84.375, 9.400836911694828e-23, nan 
116.375, 84.375, 8.977996201682118e-23, nan 
116.625, 84.375, 9.514787703472772e-23, nan 
116.875, 84.375, 1.0072975684982386e-22, nan 
117.125, 84.375, 9.574572823205767e-23, nan 
117.375, 84.375, 9.783840486438737e-23, nan 
117.625, 84.375, 1.0195152842600253e-22, nan 
117.875, 84.375, 8.03487095498038e-23, nan 
118.125, 84.375, 9.44391937356889e-23, nan 
118.375, 84.375, 9.123292728425191e-23, nan 
118.625, 84.375, 8.711307946634173e-23, nan 
118.875, 84.375, 7.953545916923146e-23, nan 
119.125, 84.375, 8.904982687372952e-23, nan 
119.375, 84.375, 1.0266131439570483e-22, nan 
119.625, 84.375, 7.517067899056638e-23, nan 
119.875, 84.375, 7.26081745641524e-23, nan 
120.125, 84.375, 5.550780471007155e-23, nan 
120.375, 84.375, 2.775855129276398e-23, nan 
120.625, 84.375, 7.328434866327451e-23, nan 
120.875, 84.375, 9.585300589099217e-23, nan 
121.125, 84.375, 1.0027007162021262e-22, nan 
121.375, 84.375, 9.565395254595919e-23, nan 
121.625, 84.375, 8.938771377135169e-23, nan 
121.875, 84.375, 7.721503573058435e-23, nan 
122.125, 84.375, 7.928589325525555e-23, nan 
122.375, 84.375, 7.978566046923441e-23, nan 
122.625, 84.375, 7.385656129922774e-23, nan 
122.875, 84.375, 7.358259904400694e-23, nan 
123.125, 84.375, 9.63914491857161e-23, nan 
123.375, 84.375, 9.782032628408828e-23, nan 
123.625, 84.375, 8.029067525000183e-23, nan 
123.875, 84.375, 6.928054040103198e-23, nan 
124.125, 84.375, 7.698869921063894e-23, nan 
124.375, 84.375, 8.676755377143004e-23, nan 
124.625, 84.375, 1.0038307641405873e-22, nan 
124.875, 84.375, 1.1094215712549088e-22, nan 
125.125, 84.375, 1.102748723283031e-22, nan 
125.375, 84.375, 1.131933460090411e-22, nan 
125.625, 84.375, 1.1886978348496024e-22, nan 
125.875, 84.375, 1.2939869007612994e-22, nan 
126.125, 84.375, 1.373048790802449e-22, nan 
126.375, 84.375, 1.255501941574081e-22, nan 
126.625, 84.375, 1.0775554953231833e-22, nan 
126.875, 84.375, 6.960734802116628e-23, nan 
127.125, 84.375, 5.1733545949972105e-23, nan 
127.375, 84.375, 8.276601157768937e-23, nan 
127.625, 84.375, 1.0686470010710798e-22, nan 
127.875, 84.375, 1.1917528853914309e-22, nan 
128.125, 84.375, 1.2517359944491596e-22, nan 
128.375, 84.375, 1.3495947015690338e-22, nan 
128.625, 84.375, 1.3459448840294293e-22, nan 
128.875, 84.375, 1.3642657110366022e-22, nan 
129.125, 84.375, 1.2383578659169858e-22, nan 
129.375, 84.375, 1.0080949544791622e-22, nan 
129.625, 84.375, 5.831478826609479e-23, nan 
129.875, 84.375, 6.712073691005362e-23, nan 
130.125, 84.375, 1.2875854364620662e-22, nan 
130.375, 84.375, 1.310298636514982e-22, nan 
130.625, 84.375, 1.2250115257124728e-22, nan 
130.875, 84.375, 1.239912833230693e-22, nan 
131.125, 84.375, 1.4164756570682694e-22, nan 
131.375, 84.375, 1.2977770394710388e-22, nan 
131.625, 84.375, 1.2664106521298126e-22, nan 
131.875, 84.375, 1.205771316694063e-22, nan 
132.125, 84.375, 1.1789480142942565e-22, nan 
132.375, 84.375, 1.0759463786247535e-22, nan 
132.625, 84.375, 1.0202236270444006e-22, nan 
132.875, 84.375, 1.0380257384200847e-22, nan 
133.125, 84.375, 8.647317199946138e-23, nan 
133.375, 84.375, 8.252053136656766e-23, nan 
133.625, 84.375, 8.009509735882234e-23, nan 
133.875, 84.375, 8.410997626255361e-23, nan 
134.125, 84.375, 8.637042402999499e-23, nan 
134.375, 84.375, 8.461120503911285e-23, nan 
134.625, 84.375, 8.063584947615573e-23, nan 
134.875, 84.375, 8.02970723847143e-23, nan 
135.125, 84.375, 8.116091266001796e-23, nan 
135.375, 84.375, 8.731630287695843e-23, nan 
135.625, 84.375, 9.359297274037307e-23, nan 
135.875, 84.375, 9.455332221363614e-23, nan 
136.125, 84.375, 8.907513623890023e-23, nan 
136.375, 84.375, 9.010293360291133e-23, nan 
136.625, 84.375, 8.727549741505073e-23, nan 
136.875, 84.375, 8.901383835608569e-23, nan 
137.125, 84.375, 8.75607637499271e-23, nan 
137.375, 84.375, 8.787002794756792e-23, nan 
137.625, 84.375, 8.822100915229723e-23, nan 
137.875, 84.375, 9.248607958435331e-23, nan 
138.125, 84.375, 1.0346018681002404e-22, nan 
138.375, 84.375, 1.1438990947546917e-22, nan 
138.625, 84.375, 1.2395507393226823e-22, nan 
138.875, 84.375, 1.3200382996706105e-22, nan 
139.125, 84.375, 1.424676185065777e-22, nan 
139.375, 84.375, 1.4148763660937656e-22, nan 
139.625, 84.375, 1.4826402831430778e-22, nan 
139.875, 84.375, 1.5272407231301534e-22, nan 
140.125, 84.375, 1.5733641856301622e-22, nan 
140.375, 84.375, 1.5090529851343275e-22, nan 
140.625, 84.375, 1.5348920321164327e-22, nan 
140.875, 84.375, 1.5928322570703482e-22, nan 
141.125, 84.375, 1.6362981342469975e-22, nan 
141.375, 84.375, 1.5580194723042974e-22, nan 
141.625, 84.375, 1.480323048006013e-22, nan 
141.875, 84.375, 1.4438398778896916e-22, nan 
142.125, 84.375, 1.4394841806145812e-22, nan 
142.375, 84.375, 1.355572652977131e-22, nan 
142.625, 84.375, 1.2193899013379912e-22, nan 
142.875, 84.375, 1.1991214655204278e-22, nan 
143.125, 84.375, 1.323057063864177e-22, nan 
143.375, 84.375, 9.340449932790605e-23, nan 
143.625, 84.375, 6.282207985963899e-23, nan 
143.875, 84.375, 7.168223344862403e-23, nan 
144.125, 84.375, 7.021066826197843e-23, nan 
144.375, 84.375, 7.329924127617849e-23, nan 
144.625, 84.375, 7.322590240585371e-23, nan 
144.875, 84.375, 7.045193954161381e-23, nan 
145.125, 84.375, 6.595726969427205e-23, nan 
145.375, 84.375, 5.90346296825756e-23, nan 
145.625, 84.375, 5.857440914976261e-23, nan 
145.875, 84.375, 6.599047533191277e-23, nan 
146.125, 84.375, 4.72310275878055e-23, nan 
146.375, 84.375, 1.8652406348931498e-23, nan 
146.625, 84.375, 1.1255897473818983e-23, nan 
146.875, 84.375, 1.02319673056299e-23, nan 
147.125, 84.375, 1.063618162596661e-23, nan 
147.375, 84.375, 1.0564040262205305e-23, nan 
147.625, 84.375, 1.1097133493636579e-23, nan 
147.875, 84.375, 1.2436852311981707e-23, nan 
148.125, 84.375, 1.4042662825842426e-23, nan 
148.375, 84.375, 1.4198899900972617e-23, nan 
148.625, 84.375, 1.4247076004136482e-23, nan 
148.875, 84.375, 1.405228161291183e-23, nan 
149.125, 84.375, 1.3296348013486866e-23, nan 
149.375, 84.375, 1.1947002137979224e-23, nan 
149.625, 84.375, 1.0714068948336197e-23, nan 
149.875, 84.375, 1.035187537504407e-23, nan 
150.125, 84.375, 8.408789616640729e-24, nan 
150.375, 84.375, 7.743611093386412e-24, nan 
150.625, 84.375, 7.020919581905826e-24, nan 
150.875, 84.375, 6.3884007808273615e-24, nan 
151.125, 84.375, 6.013990780888279e-24, nan 
151.375, 84.375, 7.19109833538323e-24, nan 
151.625, 84.375, 7.255930491094384e-24, nan 
151.875, 84.375, 8.880681770658134e-24, nan 
152.125, 84.375, 8.915598840069468e-24, nan 
152.375, 84.375, 8.353076058113578e-24, nan 
152.625, 84.375, 1.0003332419371545e-23, nan 
152.875, 84.375, 1.1764017919143823e-23, nan 
153.125, 84.375, 1.7163881993952834e-23, nan 
153.375, 84.375, 2.2137373562404474e-23, nan 
153.625, 84.375, 2.87603145811451e-23, nan 
153.875, 84.375, 2.6626948599327045e-23, nan 
154.125, 84.375, 2.129801467800006e-23, nan 
154.375, 84.375, 1.9308297712173683e-23, nan 
154.625, 84.375, 1.861600967516108e-23, nan 
154.875, 84.375, 1.7436405611760988e-23, nan 
155.125, 84.375, 1.468175359906666e-23, nan 
155.375, 84.375, 1.9705326848609148e-23, nan 
155.625, 84.375, 1.857290352476772e-23, nan 
155.875, 84.375, 2.021479043392142e-23, nan 
156.125, 84.375, 2.7617795193459035e-23, nan 
156.375, 84.375, 4.014500536319812e-23, nan 
156.625, 84.375, 3.7770580042105344e-23, nan 
156.875, 84.375, 3.232871916860036e-23, nan 
157.125, 84.375, 3.184701266438322e-23, nan 
157.375, 84.375, 3.097580249203671e-23, nan 
157.625, 84.375, 2.792580833618687e-23, nan 
157.875, 84.375, 2.4620763694057463e-23, nan 
158.125, 84.375, 2.2305911559264159e-23, nan 
158.375, 84.375, 2.2233858241804804e-23, nan 
158.625, 84.375, 2.3798514269881328e-23, nan 
158.875, 84.375, 2.641531713943291e-23, nan 
159.125, 84.375, 3.089826095033335e-23, nan 
159.375, 84.375, 3.262605229444842e-23, nan 
159.625, 84.375, 2.9436971127428605e-23, nan 
159.875, 84.375, 2.880965631300377e-23, nan 
160.125, 84.375, 2.6255527578222149e-23, nan 
160.375, 84.375, 2.5546663533311788e-23, nan 
160.625, 84.375, 2.2562808391422072e-23, nan 
160.875, 84.375, 1.9471583956028872e-23, nan 
161.125, 84.375, 1.5057156488240917e-23, nan 
161.375, 84.375, 1.3699837663791522e-23, nan 
161.625, 84.375, 1.2734154551854596e-23, nan 
161.875, 84.375, 1.0700868768139265e-23, nan 
162.125, 84.375, 8.16181417252561e-24, nan 
162.375, 84.375, 5.626715947841237e-24, nan 
162.625, 84.375, 3.7172011605911184e-24, nan 
162.875, 84.375, 3.00479754728124e-24, nan 
163.125, 84.375, 3.038764013910161e-24, nan 
163.375, 84.375, 2.0523927160134713e-24, nan 
163.625, 84.375, 2.034090355133486e-24, nan 
163.875, 84.375, 2.1080653619091957e-24, nan 
164.125, 84.375, 2.038775886341405e-24, nan 
164.375, 84.375, 1.7221793488620342e-24, nan 
164.625, 84.375, 1.6395003956828504e-24, nan 
164.875, 84.375, 1.7630005701751412e-24, nan 
165.125, 84.375, 1.9029649667071618e-24, nan 
165.375, 84.375, 1.8898675957164046e-24, nan 
165.625, 84.375, 1.7893357368637485e-24, nan 
165.875, 84.375, 1.960557604942009e-24, nan 
166.125, 84.375, 2.063772869966028e-24, nan 
166.375, 84.375, 2.594648584856995e-24, nan 
166.625, 84.375, 2.8099784812672253e-24, nan 
166.875, 84.375, 2.732766853159166e-24, nan 
167.125, 84.375, 2.8232106279252728e-24, nan 
167.375, 84.375, 2.7133501942796312e-24, nan 
167.625, 84.375, 2.447580075447827e-24, nan 
167.875, 84.375, 2.3676803785886287e-24, nan 
168.125, 84.375, 2.7018753559808656e-24, nan 
168.375, 84.375, 2.8894916467766897e-24, nan 
168.625, 84.375, 2.3978661589401347e-24, nan 
168.875, 84.375, 2.0090649938245908e-24, nan 
169.125, 84.375, 1.9721332385429437e-24, nan 
169.375, 84.375, 2.215663632987999e-24, nan 
169.625, 84.375, 2.214319216321492e-24, nan 
169.875, 84.375, 2.0860411917809173e-24, nan 
170.125, 84.375, 2.0799642420223024e-24, nan 
170.375, 84.375, 2.0653370623259608e-24, nan 
170.625, 84.375, 1.963255463215647e-24, nan 
170.875, 84.375, 1.6992727707212397e-24, nan 
171.125, 84.375, 1.5195056485072918e-24, nan 
171.375, 84.375, 1.725392647524431e-24, nan 
171.625, 84.375, 1.957988609478066e-24, nan 
171.875, 84.375, 1.7496480287618462e-24, nan 
172.125, 84.375, 1.5011561360807614e-24, nan 
172.375, 84.375, 1.4581355660355184e-24, nan 
172.625, 84.375, 1.5686700254186049e-24, nan 
172.875, 84.375, 1.601614611925407e-24, nan 
173.125, 84.375, 1.6445385685872128e-24, nan 
173.375, 84.375, 1.5765099336234727e-24, nan 
173.625, 84.375, 1.6936046919209448e-24, nan 
173.875, 84.375, 1.8645988725835728e-24, nan 
174.125, 84.375, 1.7938769209593093e-24, nan 
174.375, 84.375, 1.613478484290094e-24, nan 
174.625, 84.375, 1.6405056310333852e-24, nan 
174.875, 84.375, 1.885194097137393e-24, nan 
175.125, 84.375, 2.0261878795474062e-24, nan 
175.375, 84.375, 2.038426056248151e-24, nan 
175.625, 84.375, 2.020160409132802e-24, nan 
175.875, 84.375, 2.233409276381418e-24, nan 
176.125, 84.375, 2.356650579449327e-24, nan 
176.375, 84.375, 2.404882825805275e-24, nan 
176.625, 84.375, 2.347753358327763e-24, nan 
176.875, 84.375, 2.2528061948193585e-24, nan 
177.125, 84.375, 2.2231658926747097e-24, nan 
177.375, 84.375, 2.216609421997033e-24, nan 
177.625, 84.375, 2.0262227530372512e-24, nan 
177.875, 84.375, 2.139021025868116e-24, nan 
178.125, 84.375, 2.2168342108465874e-24, nan 
178.375, 84.375, 2.249544557897758e-24, nan 
178.625, 84.375, 2.101133639073576e-24, nan 
178.875, 84.375, 2.0391397995199477e-24, nan 
179.125, 84.375, 2.1357283933821286e-24, nan 
179.375, 84.375, 2.3763535766395884e-24, nan 
179.625, 84.375, 2.387722876212565e-24, nan 
179.875, 84.375, 2.3519074627769757e-24, nan 
-179.875, 84.625, 1.0279490403987722e-23, nan 
-179.625, 84.625, 1.0579950535331592e-23, nan 
-179.375, 84.625, 1.007373770096095e-23, nan 
-179.125, 84.625, 2.8451428846201804e-24, nan 
-178.875, 84.625, 4.721347896522439e-24, nan 
-178.625, 84.625, 4.91061529820559e-24, nan 
-178.375, 84.625, 5.7465781061258944e-24, nan 
-178.125, 84.625, 5.331133310925732e-24, nan 
-177.875, 84.625, 6.4016775660888666e-24, nan 
-177.625, 84.625, 6.425769704117009e-24, nan 
-177.375, 84.625, 5.751333865179442e-24, nan 
-177.125, 84.625, 4.6228186320208e-24, nan 
-176.875, 84.625, 3.569188025252379e-24, nan 
-176.625, 84.625, 2.944929442514668e-24, nan 
-176.375, 84.625, 3.3190537938792146e-24, nan 
-176.125, 84.625, 3.185623128293134e-24, nan 
-175.875, 84.625, 2.365351891519252e-24, nan 
-175.625, 84.625, 3.375686435802259e-24, nan 
-175.375, 84.625, 3.720222778403121e-24, nan 
-175.125, 84.625, 4.827333868663539e-24, nan 
-174.875, 84.625, 5.380337420883611e-24, nan 
-174.625, 84.625, 5.5456537752884516e-24, nan 
-174.375, 84.625, 6.02673893031405e-24, nan 
-174.125, 84.625, 6.08423859975789e-24, nan 
-173.875, 84.625, 5.628116895511074e-24, nan 
-173.625, 84.625, 5.9155429662796535e-24, nan 
-173.375, 84.625, 5.756362897864759e-24, nan 
-173.125, 84.625, 5.341369968803859e-24, nan 
-172.875, 84.625, 5.719410093637797e-24, nan 
-172.625, 84.625, 6.015815772092974e-24, nan 
-172.375, 84.625, 5.691438252039273e-24, nan 
-172.125, 84.625, 4.814136550595425e-24, nan 
-171.875, 84.625, 4.954758334162643e-24, nan 
-171.625, 84.625, 5.338587571409377e-24, nan 
-171.375, 84.625, 5.1061959831136385e-24, nan 
-171.125, 84.625, 4.390283029238778e-24, nan 
-170.875, 84.625, 4.1739755515354596e-24, nan 
-170.625, 84.625, 3.965300942865665e-24, nan 
-170.375, 84.625, 4.228988623157759e-24, nan 
-170.125, 84.625, 3.8693405741718914e-24, nan 
-169.875, 84.625, 4.2111782254326955e-24, nan 
-169.625, 84.625, 4.730919590458343e-24, nan 
-169.375, 84.625, 4.7328766606594745e-24, nan 
-169.125, 84.625, 6.111067873192126e-24, nan 
-168.875, 84.625, 7.671296103837242e-24, nan 
-168.625, 84.625, 8.27229932035946e-24, nan 
-168.375, 84.625, 8.124692861090051e-24, nan 
-168.125, 84.625, 6.983802852351658e-24, nan 
-167.875, 84.625, 5.12276047785846e-24, nan 
-167.625, 84.625, 5.245585536447079e-24, nan 
10.375, 84.625, 6.502924892070346e-24, nan 
10.625, 84.625, 3.963031781428763e-24, nan 
10.875, 84.625, 3.542737093235859e-24, nan 
11.125, 84.625, 5.043541650794921e-24, nan 
11.375, 84.625, 5.71654025899628e-24, nan 
11.625, 84.625, 6.328342232663691e-24, nan 
11.875, 84.625, 6.602921147737412e-24, nan 
12.125, 84.625, 6.1540024134739044e-24, nan 
12.375, 84.625, 6.037807545456844e-24, nan 
12.625, 84.625, 5.8582598926453454e-24, nan 
12.875, 84.625, 5.632382127735544e-24, nan 
13.125, 84.625, 5.380680587156855e-24, nan 
13.375, 84.625, 5.549112955980479e-24, nan 
13.625, 84.625, 6.467469876302486e-24, nan 
13.875, 84.625, 6.922043763019107e-24, nan 
14.125, 84.625, 9.194531949106504e-24, nan 
14.375, 84.625, 1.2481170716375486e-23, nan 
14.625, 84.625, 1.2210999654412444e-23, nan 
14.875, 84.625, 1.218388482464746e-23, nan 
15.125, 84.625, 1.373753547798815e-23, nan 
15.375, 84.625, 1.391557019297473e-23, nan 
15.625, 84.625, 1.2666975363575805e-23, nan 
15.875, 84.625, 1.5545963424627015e-23, nan 
16.125, 84.625, 1.9579184128407516e-23, nan 
16.375, 84.625, 1.95688424323567e-23, nan 
16.625, 84.625, 1.6795064582065407e-23, nan 
16.875, 84.625, 1.38919557798696e-23, nan 
17.125, 84.625, 1.4490062878734244e-23, nan 
17.375, 84.625, 1.4808859146963017e-23, nan 
17.625, 84.625, 1.289502478963419e-23, nan 
17.875, 84.625, 1.2762317572792555e-23, nan 
18.125, 84.625, 1.2699798304166335e-23, nan 
18.375, 84.625, 1.1985738035422418e-23, nan 
18.625, 84.625, 1.2260735412283547e-23, nan 
18.875, 84.625, 1.3519661263853643e-23, nan 
19.125, 84.625, 1.3986067306954642e-23, nan 
19.375, 84.625, 1.2486676390414032e-23, nan 
19.625, 84.625, 1.1052059565616528e-23, nan 
19.875, 84.625, 1.1208006934172602e-23, nan 
20.125, 84.625, 1.1300724049255134e-23, nan 
20.375, 84.625, 8.949958205999268e-24, nan 
20.625, 84.625, 6.811755919906656e-24, nan 
20.875, 84.625, 5.892566265731642e-24, nan 
21.125, 84.625, 5.66645156729294e-24, nan 
21.375, 84.625, 5.3486953991459e-24, nan 
21.625, 84.625, 5.3252469620339575e-24, nan 
21.875, 84.625, 5.281394181567934e-24, nan 
22.125, 84.625, 4.900862427564588e-24, nan 
22.375, 84.625, 4.496525730009572e-24, nan 
22.625, 84.625, 4.088837313514204e-24, nan 
22.875, 84.625, 3.695367444384501e-24, nan 
23.125, 84.625, 3.625371374608531e-24, nan 
23.375, 84.625, 3.454903932284276e-24, nan 
23.625, 84.625, 3.391133425647649e-24, nan 
23.875, 84.625, 3.0616048436964108e-24, nan 
24.125, 84.625, 3.020922966889744e-24, nan 
24.375, 84.625, 2.8495561025445796e-24, nan 
24.625, 84.625, 2.6878348135215117e-24, nan 
24.875, 84.625, 2.4900167599059303e-24, nan 
25.125, 84.625, 2.3881901074965166e-24, nan 
25.375, 84.625, 2.298305472253899e-24, nan 
25.625, 84.625, 2.172068812985538e-24, nan 
25.875, 84.625, 2.0433628893015742e-24, nan 
26.125, 84.625, 1.9220992199857615e-24, nan 
26.375, 84.625, 1.9310825719943853e-24, nan 
26.625, 84.625, 1.8542854316088906e-24, nan 
26.875, 84.625, 1.8289888928969446e-24, nan 
27.125, 84.625, 1.7277165987998044e-24, nan 
27.375, 84.625, 1.7001784044979415e-24, nan 
27.625, 84.625, 1.718871509431305e-24, nan 
27.875, 84.625, 1.7180285763338943e-24, nan 
28.125, 84.625, 1.7682597283213358e-24, nan 
28.375, 84.625, 1.9250919953137378e-24, nan 
28.625, 84.625, 1.960696630468737e-24, nan 
28.875, 84.625, 1.8450426112922662e-24, nan 
29.125, 84.625, 1.8551900605002376e-24, nan 
29.375, 84.625, 1.9292832377952215e-24, nan 
29.625, 84.625, 2.020968488743549e-24, nan 
29.875, 84.625, 1.997428820949059e-24, nan 
30.125, 84.625, 2.157063394011139e-24, nan 
30.375, 84.625, 2.416345375235525e-24, nan 
30.625, 84.625, 2.622610614389257e-24, nan 
30.875, 84.625, 2.7867197332868205e-24, nan 
31.125, 84.625, 2.9054102245041967e-24, nan 
31.375, 84.625, 3.012104886197929e-24, nan 
31.625, 84.625, 3.213978104992364e-24, nan 
31.875, 84.625, 3.2957105851014352e-24, nan 
32.125, 84.625, 3.347351697403283e-24, nan 
32.375, 84.625, 3.406574548483896e-24, nan 
32.625, 84.625, 3.468155834625744e-24, nan 
32.875, 84.625, 3.459914467248583e-24, nan 
33.125, 84.625, 3.5406162273273326e-24, nan 
33.375, 84.625, 3.671153006650054e-24, nan 
33.625, 84.625, 3.805375247375519e-24, nan 
33.875, 84.625, 3.8366630810966646e-24, nan 
34.125, 84.625, 3.741362474419692e-24, nan 
34.375, 84.625, 3.731835604285809e-24, nan 
34.625, 84.625, 3.70921391403138e-24, nan 
34.875, 84.625, 3.7080747479900695e-24, nan 
35.125, 84.625, 3.624588311215901e-24, nan 
35.375, 84.625, 3.668742188336867e-24, nan 
35.625, 84.625, 3.547969788026813e-24, nan 
35.875, 84.625, 3.448928096726723e-24, nan 
36.125, 84.625, 3.4496979939687925e-24, nan 
36.375, 84.625, 3.2997916401386417e-24, nan 
36.625, 84.625, 3.2490876877967662e-24, nan 
36.875, 84.625, 3.171953847335215e-24, nan 
37.125, 84.625, 3.094631705606397e-24, nan 
37.375, 84.625, 3.0914672402416352e-24, nan 
37.625, 84.625, 3.0447704964261415e-24, nan 
37.875, 84.625, 3.0669121748640128e-24, nan 
38.125, 84.625, 3.0399051169471457e-24, nan 
38.375, 84.625, 3.0304115345589583e-24, nan 
38.625, 84.625, 3.0694710484951453e-24, nan 
38.875, 84.625, 3.0020702150967847e-24, nan 
39.125, 84.625, 2.9150998287297774e-24, nan 
39.375, 84.625, 2.8688188079368067e-24, nan 
39.625, 84.625, 2.957219281517081e-24, nan 
39.875, 84.625, 3.077688825039283e-24, nan 
40.125, 84.625, 3.0567407210467245e-24, nan 
40.375, 84.625, 3.1019014529446723e-24, nan 
40.625, 84.625, 3.1478072536526088e-24, nan 
40.875, 84.625, 3.1622405207387714e-24, nan 
41.125, 84.625, 3.22107864068817e-24, nan 
41.375, 84.625, 3.2276628830110465e-24, nan 
41.625, 84.625, 3.1971393316895116e-24, nan 
41.875, 84.625, 3.170079592142629e-24, nan 
42.125, 84.625, 3.336617931747871e-24, nan 
42.375, 84.625, 3.526879159716468e-24, nan 
42.625, 84.625, 3.711128298103629e-24, nan 
42.875, 84.625, 3.915907704840627e-24, nan 
43.125, 84.625, 3.9135335652285716e-24, nan 
43.375, 84.625, 3.692586347233248e-24, nan 
43.625, 84.625, 3.496507070821507e-24, nan 
43.875, 84.625, 3.48732589453925e-24, nan 
44.125, 84.625, 3.7825812471254834e-24, nan 
44.375, 84.625, 4.018069342413342e-24, nan 
44.625, 84.625, 4.110976062326836e-24, nan 
44.875, 84.625, 4.106566437349881e-24, nan 
45.125, 84.625, 4.150930332527525e-24, nan 
45.375, 84.625, 4.233030240156251e-24, nan 
45.625, 84.625, 4.321049282057176e-24, nan 
45.875, 84.625, 4.3236668146549296e-24, nan 
46.125, 84.625, 4.4900539362687505e-24, nan 
46.375, 84.625, 4.5426501716888724e-24, nan 
46.625, 84.625, 4.770836485566082e-24, nan 
46.875, 84.625, 4.810045029203906e-24, nan 
47.125, 84.625, 5.0805623838018804e-24, nan 
47.375, 84.625, 5.061689482843935e-24, nan 
47.625, 84.625, 4.879590247131364e-24, nan 
47.875, 84.625, 5.0366945187267044e-24, nan 
48.125, 84.625, 5.097270437547755e-24, nan 
48.375, 84.625, 5.328295871976487e-24, nan 
48.625, 84.625, 5.637384497742892e-24, nan 
48.875, 84.625, 5.959261045215253e-24, nan 
49.125, 84.625, 5.875890858942917e-24, nan 
49.375, 84.625, 5.9734919878273555e-24, nan 
49.625, 84.625, 5.994979796564176e-24, nan 
49.875, 84.625, 6.315904118147541e-24, nan 
50.125, 84.625, 6.713238238556676e-24, nan 
50.375, 84.625, 6.815826007145237e-24, nan 
50.625, 84.625, 7.113747578123184e-24, nan 
50.875, 84.625, 7.138437871782623e-24, nan 
51.125, 84.625, 7.360261200589825e-24, nan 
51.375, 84.625, 7.419813956913853e-24, nan 
51.625, 84.625, 7.655170112699464e-24, nan 
51.875, 84.625, 7.713784362056752e-24, nan 
52.125, 84.625, 7.445856625672934e-24, nan 
52.375, 84.625, 7.486223245040457e-24, nan 
52.625, 84.625, 7.39159908302238e-24, nan 
52.875, 84.625, 7.532007456107532e-24, nan 
53.125, 84.625, 8.028185532568285e-24, nan 
53.375, 84.625, 7.83966706235753e-24, nan 
53.625, 84.625, 7.56275907693919e-24, nan 
53.875, 84.625, 7.54256289402749e-24, nan 
54.125, 84.625, 7.690723492227803e-24, nan 
54.375, 84.625, 7.906365821292021e-24, nan 
54.625, 84.625, 8.156298460837202e-24, nan 
54.875, 84.625, 8.148052674682003e-24, nan 
55.125, 84.625, 8.56673985935363e-24, nan 
55.375, 84.625, 8.414392450171339e-24, nan 
55.625, 84.625, 7.976227585550622e-24, nan 
55.875, 84.625, 7.452120044941726e-24, nan 
56.125, 84.625, 6.889741948277786e-24, nan 
56.375, 84.625, 7.036715975598352e-24, nan 
56.625, 84.625, 7.453489713795584e-24, nan 
56.875, 84.625, 7.401955778193588e-24, nan 
57.125, 84.625, 7.13672935807557e-24, nan 
57.375, 84.625, 7.103458295472455e-24, nan 
57.625, 84.625, 7.057354033079029e-24, nan 
57.875, 84.625, 7.34476072114013e-24, nan 
58.125, 84.625, 7.316473327270154e-24, nan 
58.375, 84.625, 7.554485129785014e-24, nan 
58.625, 84.625, 7.284459027200504e-24, nan 
58.875, 84.625, 7.206835559698414e-24, nan 
59.125, 84.625, 7.308032433745472e-24, nan 
59.375, 84.625, 7.080284783445734e-24, nan 
59.625, 84.625, 7.07471983174418e-24, nan 
59.875, 84.625, 7.399048247786475e-24, nan 
60.125, 84.625, 7.37567632783612e-24, nan 
60.375, 84.625, 7.309967541214671e-24, nan 
60.625, 84.625, 7.477611448426123e-24, nan 
60.875, 84.625, 8.00819421903911e-24, nan 
61.125, 84.625, 8.46453969897123e-24, nan 
61.375, 84.625, 8.294336178829209e-24, nan 
61.625, 84.625, 8.024222003063899e-24, nan 
61.875, 84.625, 8.387777450113494e-24, nan 
62.125, 84.625, 8.694408835972236e-24, nan 
62.375, 84.625, 8.769170869624101e-24, nan 
62.625, 84.625, 9.284074965240185e-24, nan 
62.875, 84.625, 9.280141059282593e-24, nan 
63.125, 84.625, 9.575099881726693e-24, nan 
63.375, 84.625, 1.0065460722183941e-23, nan 
63.625, 84.625, 1.0225207519536473e-23, nan 
63.875, 84.625, 1.0704107027952211e-23, nan 
64.125, 84.625, 1.1044896157994149e-23, nan 
64.375, 84.625, 1.108339597685908e-23, nan 
64.625, 84.625, 1.1441783951744612e-23, nan 
64.875, 84.625, 1.1411568322733754e-23, nan 
65.125, 84.625, 1.1723980530088088e-23, nan 
65.375, 84.625, 1.2062549388422769e-23, nan 
65.625, 84.625, 1.2827718453175467e-23, nan 
65.875, 84.625, 1.171877455906513e-23, nan 
66.125, 84.625, 1.1242657210438119e-23, nan 
66.375, 84.625, 1.1192801867646338e-23, nan 
66.625, 84.625, 1.2074288529477375e-23, nan 
66.875, 84.625, 1.2583317366532628e-23, nan 
67.125, 84.625, 1.2053817033813206e-23, nan 
67.375, 84.625, 1.2283707091679141e-23, nan 
67.625, 84.625, 1.3272519897365025e-23, nan 
67.875, 84.625, 1.345833302227636e-23, nan 
68.125, 84.625, 1.2384524342096704e-23, nan 
68.375, 84.625, 1.0857251128478663e-23, nan 
68.625, 84.625, 9.950319512728613e-24, nan 
68.875, 84.625, 9.59916413629652e-24, nan 
69.125, 84.625, 1.0936864057082644e-23, nan 
69.375, 84.625, 1.0064455566651068e-23, nan 
69.625, 84.625, 9.722072073594563e-24, nan 
69.875, 84.625, 9.35897971158733e-24, nan 
70.125, 84.625, 9.828516001288197e-24, nan 
70.375, 84.625, 9.544924798233552e-24, nan 
70.625, 84.625, 9.654229957022555e-24, nan 
70.875, 84.625, 9.055010199142662e-24, nan 
71.125, 84.625, 9.703383363979076e-24, nan 
71.375, 84.625, 1.0186491963629228e-23, nan 
71.625, 84.625, 1.13081681984854e-23, nan 
71.875, 84.625, 1.3163301377356902e-23, nan 
72.125, 84.625, 1.3852033964101273e-23, nan 
72.375, 84.625, 1.2630385601758344e-23, nan 
72.625, 84.625, 1.1199402521639985e-23, nan 
72.875, 84.625, 1.05074413350503e-23, nan 
73.125, 84.625, 1.153568188902423e-23, nan 
73.375, 84.625, 1.3787105582605342e-23, nan 
73.625, 84.625, 1.4515322801363245e-23, nan 
73.875, 84.625, 1.4468786079607382e-23, nan 
74.125, 84.625, 1.4375619282669767e-23, nan 
74.375, 84.625, 1.4470036108922724e-23, nan 
74.625, 84.625, 1.426951619900465e-23, nan 
74.875, 84.625, 1.3997530436707225e-23, nan 
75.125, 84.625, 1.4362102239590357e-23, nan 
75.375, 84.625, 1.485420549512661e-23, nan 
75.625, 84.625, 1.5536878057048735e-23, nan 
75.875, 84.625, 1.6754608218782724e-23, nan 
76.125, 84.625, 1.759983707803627e-23, nan 
76.375, 84.625, 1.8131174863519218e-23, nan 
76.625, 84.625, 1.7802928737937282e-23, nan 
76.875, 84.625, 1.7376253311689287e-23, nan 
77.125, 84.625, 1.8587293446861682e-23, nan 
77.375, 84.625, 1.8878427072663705e-23, nan 
77.625, 84.625, 1.8720457093499294e-23, nan 
77.875, 84.625, 1.943357760230408e-23, nan 
78.125, 84.625, 1.9746113603894107e-23, nan 
78.375, 84.625, 1.9781143457152226e-23, nan 
78.625, 84.625, 2.0813820906610438e-23, nan 
78.875, 84.625, 2.1423590855278995e-23, nan 
79.125, 84.625, 1.9540651810212264e-23, nan 
79.375, 84.625, 1.9325984840832728e-23, nan 
79.625, 84.625, 2.2456731839191867e-23, nan 
79.875, 84.625, 2.793581529743896e-23, nan 
80.125, 84.625, 2.756623601921204e-23, nan 
80.375, 84.625, 2.63692910605256e-23, nan 
80.625, 84.625, 2.7673235514761076e-23, nan 
80.875, 84.625, 2.7382060338951826e-23, nan 
81.125, 84.625, 2.954520719736027e-23, nan 
81.375, 84.625, 3.038782144135267e-23, nan 
81.625, 84.625, 3.3190979984492055e-23, nan 
81.875, 84.625, 2.4917084738021677e-23, nan 
82.125, 84.625, 1.6899064817027916e-23, nan 
82.375, 84.625, 1.7260235952245112e-23, nan 
82.625, 84.625, 2.096919140650283e-23, nan 
82.875, 84.625, 2.2093359632253804e-23, nan 
83.125, 84.625, 2.2699029149704266e-23, nan 
83.375, 84.625, 2.3789343950417854e-23, nan 
83.625, 84.625, 2.5092196995141942e-23, nan 
83.875, 84.625, 2.749586712043227e-23, nan 
84.125, 84.625, 2.877594048797837e-23, nan 
84.375, 84.625, 2.939298427920736e-23, nan 
84.625, 84.625, 2.918758966104217e-23, nan 
84.875, 84.625, 2.995635546788414e-23, nan 
85.125, 84.625, 2.897435926146548e-23, nan 
85.375, 84.625, 2.6910238188603386e-23, nan 
85.625, 84.625, 2.3071094118939228e-23, nan 
85.875, 84.625, 2.359799873635541e-23, nan 
86.125, 84.625, 1.9300635671396064e-23, nan 
86.375, 84.625, 1.6403539270876443e-23, nan 
86.625, 84.625, 1.5681110655770552e-23, nan 
86.875, 84.625, 1.511308566890128e-23, nan 
87.125, 84.625, 1.558549086321749e-23, nan 
87.375, 84.625, 1.411642059774185e-23, nan 
87.625, 84.625, 1.4223069342833023e-23, nan 
87.875, 84.625, 1.4136689534972996e-23, nan 
88.125, 84.625, 1.4730335418847336e-23, nan 
88.375, 84.625, 1.4068205454733022e-23, nan 
88.625, 84.625, 1.34170751803356e-23, nan 
88.875, 84.625, 1.3476711637027523e-23, nan 
89.125, 84.625, 1.251357377324463e-23, nan 
89.375, 84.625, 1.1346094333932308e-23, nan 
89.625, 84.625, 1.0347356470987753e-23, nan 
89.875, 84.625, 1.0272261424197072e-23, nan 
90.125, 84.625, 1.244790306373544e-23, nan 
90.375, 84.625, 1.725784884367036e-23, nan 
90.625, 84.625, 2.0525680638121263e-23, nan 
90.875, 84.625, 1.946869828926354e-23, nan 
91.125, 84.625, 2.010557948241093e-23, nan 
91.375, 84.625, 1.8753993315946182e-23, nan 
91.625, 84.625, 2.171782274409545e-23, nan 
91.875, 84.625, 2.020133254508641e-23, nan 
92.125, 84.625, 1.9963109173726828e-23, nan 
92.375, 84.625, 2.1648205255380566e-23, nan 
92.625, 84.625, 2.2952152022589785e-23, nan 
92.875, 84.625, 2.4506084743404464e-23, nan 
93.125, 84.625, 2.644132439262855e-23, nan 
93.375, 84.625, 2.7913890833513237e-23, nan 
93.625, 84.625, 2.667028865595801e-23, nan 
93.875, 84.625, 2.738280484250952e-23, nan 
94.125, 84.625, 2.90711268583831e-23, nan 
94.375, 84.625, 3.0505600497311457e-23, nan 
94.625, 84.625, 3.0255233002556795e-23, nan 
94.875, 84.625, 3.081887709842313e-23, nan 
95.125, 84.625, 3.3040515493292974e-23, nan 
95.375, 84.625, 3.464161086346611e-23, nan 
95.625, 84.625, 4.255567518831565e-23, nan 
95.875, 84.625, 4.6861557376379796e-23, nan 
96.125, 84.625, 5.408938652321422e-23, nan 
96.375, 84.625, 5.981810282979578e-23, nan 
96.625, 84.625, 6.159263072945737e-23, nan 
96.875, 84.625, 7.163132367296775e-23, nan 
97.125, 84.625, 8.291278293076792e-23, nan 
97.375, 84.625, 8.779331233980468e-23, nan 
97.625, 84.625, 7.637805887066485e-23, nan 
97.875, 84.625, 3.757309278659888e-23, nan 
98.125, 84.625, 4.222734487124997e-23, nan 
98.375, 84.625, 8.512506991010648e-23, nan 
98.625, 84.625, 6.216661091189025e-23, nan 
98.875, 84.625, 5.497592394837047e-23, nan 
99.125, 84.625, 5.840893821299056e-23, nan 
99.375, 84.625, 5.992507445344969e-23, nan 
99.625, 84.625, 6.721723664670938e-23, nan 
99.875, 84.625, 6.183231545470691e-23, nan 
100.125, 84.625, 6.544673541604947e-23, nan 
100.375, 84.625, 6.451329926178257e-23, nan 
100.625, 84.625, 6.831713117685724e-23, nan 
100.875, 84.625, 7.733067125534509e-23, nan 
101.125, 84.625, 7.386357394461522e-23, nan 
101.375, 84.625, 8.127397781156573e-23, nan 
101.625, 84.625, 7.534396838942457e-23, nan 
101.875, 84.625, 7.058370455589971e-23, nan 
102.125, 84.625, 7.42189946111171e-23, nan 
102.375, 84.625, 5.888865901180895e-23, nan 
102.625, 84.625, 8.926047379675699e-23, nan 
102.875, 84.625, 1.0155706118406263e-22, nan 
103.125, 84.625, 1.0931565962044478e-22, nan 
103.375, 84.625, 9.753564422030905e-23, nan 
103.625, 84.625, 9.53097692625722e-23, nan 
103.875, 84.625, 1.176923439179066e-22, nan 
104.125, 84.625, 1.1481453617264753e-22, nan 
104.375, 84.625, 9.463204974147562e-23, nan 
104.625, 84.625, 1.319575086474363e-22, nan 
104.875, 84.625, 1.8518642712596668e-22, nan 
105.125, 84.625, 1.1644498882086335e-22, nan 
105.375, 84.625, 1.6467601772499817e-22, nan 
105.625, 84.625, 1.9386629098425257e-22, nan 
105.875, 84.625, 2.133643930052333e-22, nan 
106.125, 84.625, 1.9090336885261784e-22, nan 
106.375, 84.625, 1.6850910534738352e-22, nan 
106.625, 84.625, 1.553410635746643e-22, nan 
106.875, 84.625, 1.460196658666131e-22, nan 
107.125, 84.625, 1.1849335424221448e-22, nan 
107.375, 84.625, 7.855672316059213e-23, nan 
107.625, 84.625, 8.964448664794145e-23, nan 
107.875, 84.625, 5.63772023667673e-23, nan 
108.125, 84.625, 4.2789722189859815e-23, nan 
108.375, 84.625, 6.081584244329568e-23, nan 
108.625, 84.625, 6.889944106142025e-23, nan 
108.875, 84.625, 6.658800102628173e-23, nan 
109.125, 84.625, 6.504402480490738e-23, nan 
109.375, 84.625, 6.680870433618852e-23, nan 
109.625, 84.625, 6.89227316306253e-23, nan 
109.875, 84.625, 7.334821071875264e-23, nan 
110.125, 84.625, 7.589630277821517e-23, nan 
110.375, 84.625, 7.509467434456176e-23, nan 
110.625, 84.625, 7.79623742489692e-23, nan 
110.875, 84.625, 8.549292825566011e-23, nan 
111.125, 84.625, 8.787957080337274e-23, nan 
111.375, 84.625, 8.540145014148183e-23, nan 
111.625, 84.625, 8.458454400120299e-23, nan 
111.875, 84.625, 8.107131503448863e-23, nan 
112.125, 84.625, 8.306294445418005e-23, nan 
112.375, 84.625, 9.434000830978111e-23, nan 
112.625, 84.625, 9.77052179904554e-23, nan 
112.875, 84.625, 1.0035928717203311e-22, nan 
113.125, 84.625, 1.1904440262742045e-22, nan 
113.375, 84.625, 1.3564910043618133e-22, nan 
113.625, 84.625, 1.2717893838784706e-22, nan 
113.875, 84.625, 1.2632119457571946e-22, nan 
114.125, 84.625, 1.3284482716668446e-22, nan 
114.375, 84.625, 1.2096710606731468e-22, nan 
114.625, 84.625, 1.1394827017375056e-22, nan 
114.875, 84.625, 1.147808554010692e-22, nan 
115.125, 84.625, 7.314966993312726e-23, nan 
115.375, 84.625, 7.408002169666805e-23, nan 
115.625, 84.625, 8.874165428376057e-23, nan 
115.875, 84.625, 1.2506097866198845e-22, nan 
116.125, 84.625, 1.561211954518801e-22, nan 
116.375, 84.625, 1.7287691079507558e-22, nan 
116.625, 84.625, 2.0172589281879584e-22, nan 
116.875, 84.625, 2.1187026746085336e-22, nan 
117.125, 84.625, 2.049620841744777e-22, nan 
117.375, 84.625, 2.0921842433394678e-22, nan 
117.625, 84.625, 2.1621030768069705e-22, nan 
117.875, 84.625, 1.3705745229371462e-22, nan 
118.125, 84.625, 1.146534782895825e-22, nan 
118.375, 84.625, 1.3110677535808433e-22, nan 
118.625, 84.625, 1.333542923290644e-22, nan 
118.875, 84.625, 1.2307910014230517e-22, nan 
119.125, 84.625, 1.1303854446545627e-22, nan 
119.375, 84.625, 1.2197831932337142e-22, nan 
119.625, 84.625, 1.176892533949036e-22, nan 
119.875, 84.625, 1.1112130199480143e-22, nan 
120.125, 84.625, 1.0757698126647989e-22, nan 
120.375, 84.625, 1.0902389231970606e-22, nan 
120.625, 84.625, 8.44235262506806e-23, nan 
120.875, 84.625, 9.897260628229013e-23, nan 
121.125, 84.625, 1.1527471796558847e-22, nan 
121.375, 84.625, 1.1945455904837073e-22, nan 
121.625, 84.625, 1.3069738125195618e-22, nan 
121.875, 84.625, 1.0934265531521247e-22, nan 
122.125, 84.625, 1.0841710114077505e-22, nan 
122.375, 84.625, 1.1445198045958552e-22, nan 
122.625, 84.625, 1.10869299227479e-22, nan 
122.875, 84.625, 1.1066930639955869e-22, nan 
123.125, 84.625, 9.549838946587192e-23, nan 
123.375, 84.625, 9.163420004224083e-23, nan 
123.625, 84.625, 9.305624243530831e-23, nan 
123.875, 84.625, 9.929271626704994e-23, nan 
124.125, 84.625, 9.720640759183488e-23, nan 
124.375, 84.625, 1.24151918346294e-22, nan 
124.625, 84.625, 1.2126530396336985e-22, nan 
124.875, 84.625, 1.1336542866733264e-22, nan 
125.125, 84.625, 1.120937060164878e-22, nan 
125.375, 84.625, 1.2279680119922246e-22, nan 
125.625, 84.625, 1.2868562783824384e-22, nan 
125.875, 84.625, 1.205293473156064e-22, nan 
126.125, 84.625, 1.2712995404490258e-22, nan 
126.375, 84.625, 1.3081353775524097e-22, nan 
126.625, 84.625, 1.3459615953028664e-22, nan 
126.875, 84.625, 1.1731185632659773e-22, nan 
127.125, 84.625, 1.063547679898098e-22, nan 
127.375, 84.625, 1.1488741212076736e-22, nan 
127.625, 84.625, 8.532622061103485e-23, nan 
127.875, 84.625, 8.472780691014227e-23, nan 
128.125, 84.625, 9.966853647966792e-23, nan 
128.375, 84.625, 1.0377455964863896e-22, nan 
128.625, 84.625, 9.759719462865935e-23, nan 
128.875, 84.625, 8.819513127818264e-23, nan 
129.125, 84.625, 9.84623766815444e-23, nan 
129.375, 84.625, 8.816832314769773e-23, nan 
129.625, 84.625, 7.521554348549814e-23, nan 
129.875, 84.625, 8.263463004054722e-23, nan 
130.125, 84.625, 1.1141419127150595e-22, nan 
130.375, 84.625, 9.506139159481772e-23, nan 
130.625, 84.625, 1.0165063124515321e-22, nan 
130.875, 84.625, 1.3783780180507193e-22, nan 
131.125, 84.625, 1.4565148824891156e-22, nan 
131.375, 84.625, 1.570717404107818e-22, nan 
131.625, 84.625, 1.6056418198029505e-22, nan 
131.875, 84.625, 1.6896977434083776e-22, nan 
132.125, 84.625, 1.5998603848306678e-22, nan 
132.375, 84.625, 1.6041330554823087e-22, nan 
132.625, 84.625, 1.6284420153511905e-22, nan 
132.875, 84.625, 1.5131451854856516e-22, nan 
133.125, 84.625, 9.175004889270634e-23, nan 
133.375, 84.625, 8.024860921515069e-23, nan 
133.625, 84.625, 8.990428386247533e-23, nan 
133.875, 84.625, 8.935641796043164e-23, nan 
134.125, 84.625, 8.472348602481236e-23, nan 
134.375, 84.625, 8.527965670494045e-23, nan 
134.625, 84.625, 8.615292812891967e-23, nan 
134.875, 84.625, 8.515896813628909e-23, nan 
135.125, 84.625, 8.380902640812302e-23, nan 
135.375, 84.625, 8.697760476691644e-23, nan 
135.625, 84.625, 8.444000133658354e-23, nan 
135.875, 84.625, 7.934440241550599e-23, nan 
136.125, 84.625, 8.35271256965417e-23, nan 
136.375, 84.625, 8.125284389221341e-23, nan 
136.625, 84.625, 8.195115921608874e-23, nan 
136.875, 84.625, 8.844280687438152e-23, nan 
137.125, 84.625, 9.056059294722765e-23, nan 
137.375, 84.625, 8.980544631857402e-23, nan 
137.625, 84.625, 9.024479752162027e-23, nan 
137.875, 84.625, 8.821146426072236e-23, nan 
138.125, 84.625, 9.066920058425023e-23, nan 
138.375, 84.625, 9.295183111212158e-23, nan 
138.625, 84.625, 9.814740182300101e-23, nan 
138.875, 84.625, 1.0563439655901883e-22, nan 
139.125, 84.625, 1.1270377799910418e-22, nan 
139.375, 84.625, 1.130894219139819e-22, nan 
139.625, 84.625, 1.2052785016327717e-22, nan 
139.875, 84.625, 1.2616779457051007e-22, nan 
140.125, 84.625, 1.2888080794096967e-22, nan 
140.375, 84.625, 1.2693394436104564e-22, nan 
140.625, 84.625, 1.2768946355221966e-22, nan 
140.875, 84.625, 1.2520297385707226e-22, nan 
141.125, 84.625, 1.20994582585536e-22, nan 
141.375, 84.625, 1.1378942501395147e-22, nan 
141.625, 84.625, 1.0667624236194683e-22, nan 
141.875, 84.625, 1.0376592086570635e-22, nan 
142.125, 84.625, 1.0485417801469347e-22, nan 
142.375, 84.625, 1.0236120253611334e-22, nan 
142.625, 84.625, 9.47749553336974e-23, nan 
142.875, 84.625, 9.228233130187782e-23, nan 
143.125, 84.625, 9.470627427239531e-23, nan 
143.375, 84.625, 7.175947673714726e-23, nan 
143.625, 84.625, 4.439985895351227e-23, nan 
143.875, 84.625, 3.524942838518924e-23, nan 
144.125, 84.625, 3.26251625759119e-23, nan 
144.375, 84.625, 2.8593442643847924e-23, nan 
144.625, 84.625, 2.7494463900509957e-23, nan 
144.875, 84.625, 3.059286868482671e-23, nan 
145.125, 84.625, 3.1321599301869826e-23, nan 
145.375, 84.625, 3.031458395704186e-23, nan 
145.625, 84.625, 2.86862287566235e-23, nan 
145.875, 84.625, 2.66457454182837e-23, nan 
146.125, 84.625, 2.1611798916407473e-23, nan 
146.375, 84.625, 1.9401223879450017e-23, nan 
146.625, 84.625, 2.0774752771666435e-23, nan 
146.875, 84.625, 1.8208433638763568e-23, nan 
147.125, 84.625, 1.377772352617899e-23, nan 
147.375, 84.625, 1.0083287445162663e-23, nan 
147.625, 84.625, 7.966824345764022e-24, nan 
147.875, 84.625, 9.484103085516527e-24, nan 
148.125, 84.625, 1.3285257761131396e-23, nan 
148.375, 84.625, 1.4924653796247735e-23, nan 
148.625, 84.625, 1.7763916937666152e-23, nan 
148.875, 84.625, 2.1683353944096872e-23, nan 
149.125, 84.625, 3.189843990551673e-23, nan 
149.375, 84.625, 3.6211627732357724e-23, nan 
149.625, 84.625, 4.280869537571755e-23, nan 
149.875, 84.625, 4.4543758251126794e-23, nan 
150.125, 84.625, 4.3378653285615916e-23, nan 
150.375, 84.625, 4.294147528796547e-23, nan 
150.625, 84.625, 4.6672487619973446e-23, nan 
150.875, 84.625, 4.957646278144132e-23, nan 
151.125, 84.625, 4.774363649126318e-23, nan 
151.375, 84.625, 5.039290065951398e-23, nan 
151.625, 84.625, 4.424427741392149e-23, nan 
151.875, 84.625, 4.443835326780754e-23, nan 
152.125, 84.625, 4.579362758277755e-23, nan 
152.375, 84.625, 4.6467292931945556e-23, nan 
152.625, 84.625, 4.9752375498058926e-23, nan 
152.875, 84.625, 4.8625031489730585e-23, nan 
153.125, 84.625, 4.495976897046442e-23, nan 
153.375, 84.625, 4.049494286172513e-23, nan 
153.625, 84.625, 3.970526718431696e-23, nan 
153.875, 84.625, 4.0401011912380027e-23, nan 
154.125, 84.625, 3.851137284586903e-23, nan 
154.375, 84.625, 3.139229260953665e-23, nan 
154.625, 84.625, 2.8572019996196276e-23, nan 
154.875, 84.625, 3.1417145993149036e-23, nan 
155.125, 84.625, 3.354263144650379e-23, nan 
155.375, 84.625, 4.791449131047599e-23, nan 
155.625, 84.625, 4.755574888447614e-23, nan 
155.875, 84.625, 4.240784333146731e-23, nan 
156.125, 84.625, 4.241177318692878e-23, nan 
156.375, 84.625, 4.8949272626272136e-23, nan 
156.625, 84.625, 6.062034308930576e-23, nan 
156.875, 84.625, 6.223586967967662e-23, nan 
157.125, 84.625, 6.09919720353831e-23, nan 
157.375, 84.625, 5.908768146655197e-23, nan 
157.625, 84.625, 4.6681627451187035e-23, nan 
157.875, 84.625, 3.702306528079922e-23, nan 
158.125, 84.625, 3.272479929241737e-23, nan 
158.375, 84.625, 2.785063207434139e-23, nan 
158.625, 84.625, 2.52196840220165e-23, nan 
158.875, 84.625, 2.5542237052473814e-23, nan 
159.125, 84.625, 3.0368311979615804e-23, nan 
159.375, 84.625, 3.983794847989231e-23, nan 
159.625, 84.625, 4.012992887164935e-23, nan 
159.875, 84.625, 3.881808979781953e-23, nan 
160.125, 84.625, 3.734223642338295e-23, nan 
160.375, 84.625, 3.07611970151014e-23, nan 
160.625, 84.625, 2.4727550349047602e-23, nan 
160.875, 84.625, 2.000824249705751e-23, nan 
161.125, 84.625, 1.3925240799284325e-23, nan 
161.375, 84.625, 1.1263305473707378e-23, nan 
161.625, 84.625, 6.116609501442285e-24, nan 
161.875, 84.625, 2.881623997808751e-24, nan 
162.125, 84.625, 3.2524758674112814e-24, nan 
162.375, 84.625, 3.4437806352770245e-24, nan 
162.625, 84.625, 3.378610396382641e-24, nan 
162.875, 84.625, 3.129471892964034e-24, nan 
163.125, 84.625, 3.1779204751651168e-24, nan 
163.375, 84.625, 3.0811341647576054e-24, nan 
163.625, 84.625, 2.7906113959702705e-24, nan 
163.875, 84.625, 2.5931450231559634e-24, nan 
164.125, 84.625, 2.2707104226956935e-24, nan 
164.375, 84.625, 2.0177086434047026e-24, nan 
164.625, 84.625, 1.9243014242359893e-24, nan 
164.875, 84.625, 1.7761512083823355e-24, nan 
165.125, 84.625, 1.907744049080252e-24, nan 
165.375, 84.625, 1.8833869438942023e-24, nan 
165.625, 84.625, 1.8992024677541883e-24, nan 
165.875, 84.625, 1.6092298708602577e-24, nan 
166.125, 84.625, 1.6012509058657666e-24, nan 
166.375, 84.625, 1.4789317401153381e-24, nan 
166.625, 84.625, 1.2648300574399407e-24, nan 
166.875, 84.625, 1.056933739666509e-24, nan 
167.125, 84.625, 9.429192264939521e-25, nan 
167.375, 84.625, 6.603926783559658e-25, nan 
167.625, 84.625, 5.779188424201433e-25, nan 
167.875, 84.625, 5.378918407614194e-25, nan 
168.125, 84.625, 8.633643161730684e-25, nan 
168.375, 84.625, 1.506113968018126e-24, nan 
168.625, 84.625, 1.6432013009366006e-24, nan 
168.875, 84.625, 1.5210762626158682e-24, nan 
169.125, 84.625, 1.5944894534039837e-24, nan 
169.375, 84.625, 1.4586962722272659e-24, nan 
169.625, 84.625, 1.4201935533364604e-24, nan 
169.875, 84.625, 1.4332521020078143e-24, nan 
170.125, 84.625, 1.5032351450418667e-24, nan 
170.375, 84.625, 1.4596257159422639e-24, nan 
170.625, 84.625, 1.4055334591851653e-24, nan 
170.875, 84.625, 1.0547018338288988e-24, nan 
171.125, 84.625, 8.276721365424392e-25, nan 
171.375, 84.625, 9.136313441014802e-25, nan 
171.625, 84.625, 9.398572896482921e-25, nan 
171.875, 84.625, 1.1019070983697523e-24, nan 
172.125, 84.625, 1.7922076000871357e-24, nan 
172.375, 84.625, 2.5094112627584962e-24, nan 
172.625, 84.625, 3.023031671342541e-24, nan 
172.875, 84.625, 3.50448550142056e-24, nan 
173.125, 84.625, 4.123455232760888e-24, nan 
173.375, 84.625, 5.12129457625594e-24, nan 
173.625, 84.625, 6.328886559617598e-24, nan 
173.875, 84.625, 8.378244952606502e-24, nan 
174.125, 84.625, 8.382790320853907e-24, nan 
174.375, 84.625, 1.0547854300601133e-23, nan 
174.625, 84.625, 1.070707012605171e-23, nan 
174.875, 84.625, 1.0690753601001522e-23, nan 
175.125, 84.625, 1.1255913819416555e-23, nan 
175.375, 84.625, 1.0617817305282289e-23, nan 
175.625, 84.625, 9.528400433700955e-24, nan 
175.875, 84.625, 7.884774514259377e-24, nan 
176.125, 84.625, 9.905607051282325e-24, nan 
176.375, 84.625, 1.1677750120634173e-23, nan 
176.625, 84.625, 1.2709793552552587e-23, nan 
176.875, 84.625, 1.3568814022859966e-23, nan 
177.125, 84.625, 1.347450929449091e-23, nan 
177.375, 84.625, 1.4546222828510076e-23, nan 
177.625, 84.625, 1.4487481536134523e-23, nan 
177.875, 84.625, 1.4337268430504377e-23, nan 
178.125, 84.625, 1.351794571066434e-23, nan 
178.375, 84.625, 1.2116172642748405e-23, nan 
178.625, 84.625, 1.2233574967328037e-23, nan 
178.875, 84.625, 1.3190427102035036e-23, nan 
179.125, 84.625, 1.2909473744317927e-23, nan 
179.375, 84.625, 1.1439387390979702e-23, nan 
179.625, 84.625, 1.1237704420339815e-23, nan 
179.875, 84.625, 1.1257942486860579e-23, nan 
-179.875, 84.875, 2.2566851738416878e-23, nan 
-179.625, 84.875, 2.1766120009152158e-23, nan 
-179.375, 84.875, 2.0216906706432352e-23, nan 
-179.125, 84.875, 1.1283470179357282e-23, nan 
-178.875, 84.875, 1.5979387088280007e-23, nan 
-178.625, 84.875, 1.660611278939975e-23, nan 
-178.375, 84.875, 1.8127876824766688e-23, nan 
-178.125, 84.875, 1.7534488914916675e-23, nan 
-177.875, 84.875, 1.7414237442703986e-23, nan 
-177.625, 84.875, 1.6594351076135646e-23, nan 
-177.375, 84.875, 1.5552237251447304e-23, nan 
-177.125, 84.875, 1.4576928097084244e-23, nan 
-176.875, 84.875, 1.4381918919340263e-23, nan 
-176.625, 84.875, 1.3365845452537393e-23, nan 
-176.375, 84.875, 6.343097348654869e-24, nan 
-176.125, 84.875, 5.390106862706471e-24, nan 
-175.875, 84.875, 4.977584702575292e-24, nan 
-175.625, 84.875, 5.524859122659109e-24, nan 
-175.375, 84.875, 5.70978411298135e-24, nan 
-175.125, 84.875, 6.475433929564047e-24, nan 
-174.875, 84.875, 6.520415892717249e-24, nan 
-174.625, 84.875, 6.730385656154783e-24, nan 
-174.375, 84.875, 7.669156087047393e-24, nan 
-174.125, 84.875, 8.312233330716976e-24, nan 
-173.875, 84.875, 7.65559416139661e-24, nan 
-173.625, 84.875, 7.785866464039005e-24, nan 
-173.375, 84.875, 6.901868426282251e-24, nan 
-173.125, 84.875, 6.860936277523027e-24, nan 
-172.875, 84.875, 7.365968026880768e-24, nan 
-172.625, 84.875, 7.213945900374087e-24, nan 
-172.375, 84.875, 7.227765528334869e-24, nan 
-172.125, 84.875, 4.392829192309423e-24, nan 
-171.875, 84.875, 4.07407792261585e-24, nan 
-171.625, 84.875, 4.691111576616441e-24, nan 
-171.375, 84.875, 6.3168700678764364e-24, nan 
-171.125, 84.875, 6.875109590582706e-24, nan 
-170.875, 84.875, 5.543847009239317e-24, nan 
-170.625, 84.875, 3.630342524291966e-24, nan 
-170.375, 84.875, 3.326891216727302e-24, nan 
-170.125, 84.875, 4.6114590926778004e-24, nan 
-169.875, 84.875, 7.742958439653302e-24, nan 
-169.625, 84.875, 1.0188403632078837e-23, nan 
-169.375, 84.875, 1.1066347270419234e-23, nan 
-169.125, 84.875, 1.2628186619591157e-23, nan 
-168.875, 84.875, 1.4232316346202567e-23, nan 
-168.625, 84.875, 1.6368954432381736e-23, nan 
-168.375, 84.875, 1.7350617658231578e-23, nan 
-168.125, 84.875, 1.6156780341224113e-23, nan 
-167.875, 84.875, 1.4595840326486837e-23, nan 
-167.625, 84.875, 9.898232496191977e-24, nan 
-167.375, 84.875, 7.56348085388107e-24, nan 
-167.125, 84.875, 9.619301793533822e-24, nan 
9.875, 84.875, 1.2514705207794453e-23, nan 
10.125, 84.875, 1.2174796426946792e-23, nan 
10.375, 84.875, 1.2062791083372046e-23, nan 
10.625, 84.875, 9.502418307678117e-24, nan 
10.875, 84.875, 8.588008454740811e-24, nan 
11.125, 84.875, 8.35709269647397e-24, nan 
11.375, 84.875, 8.730412031660873e-24, nan 
11.625, 84.875, 9.456578088851619e-24, nan 
11.875, 84.875, 1.0523468759010471e-23, nan 
12.125, 84.875, 1.115025425542433e-23, nan 
12.375, 84.875, 1.0793555975239743e-23, nan 
12.625, 84.875, 1.0374024548000574e-23, nan 
12.875, 84.875, 1.0176224424200983e-23, nan 
13.125, 84.875, 1.023923763526131e-23, nan 
13.375, 84.875, 9.780303828464417e-24, nan 
13.625, 84.875, 1.0136763275324873e-23, nan 
13.875, 84.875, 1.0410940624047646e-23, nan 
14.125, 84.875, 1.1054606087255258e-23, nan 
14.375, 84.875, 1.2411406441063439e-23, nan 
14.625, 84.875, 1.2396481969701267e-23, nan 
14.875, 84.875, 1.2002867573307782e-23, nan 
15.125, 84.875, 1.2003036858372265e-23, nan 
15.375, 84.875, 1.1937656949367519e-23, nan 
15.625, 84.875, 1.1202822132725397e-23, nan 
15.875, 84.875, 1.195109948607911e-23, nan 
16.125, 84.875, 1.3711901038986366e-23, nan 
16.375, 84.875, 1.437002506948234e-23, nan 
16.625, 84.875, 1.2804154630506257e-23, nan 
16.875, 84.875, 1.1262680494555561e-23, nan 
17.125, 84.875, 1.097716597096829e-23, nan 
17.375, 84.875, 1.1271503980726445e-23, nan 
17.625, 84.875, 9.669072531069894e-24, nan 
17.875, 84.875, 8.532684245225383e-24, nan 
18.125, 84.875, 8.192603863762824e-24, nan 
18.375, 84.875, 7.282524901813057e-24, nan 
18.625, 84.875, 6.3749479153726945e-24, nan 
18.875, 84.875, 5.951884289722923e-24, nan 
19.125, 84.875, 5.695648692146499e-24, nan 
19.375, 84.875, 5.458378154321512e-24, nan 
19.625, 84.875, 5.063175833504424e-24, nan 
19.875, 84.875, 4.7483756210373696e-24, nan 
20.125, 84.875, 4.329372082525574e-24, nan 
20.375, 84.875, 4.1625242803162155e-24, nan 
20.625, 84.875, 3.733232169752132e-24, nan 
20.875, 84.875, 3.541153674434657e-24, nan 
21.125, 84.875, 3.16840261346584e-24, nan 
21.375, 84.875, 2.9673465462922546e-24, nan 
21.625, 84.875, 2.7133761769418416e-24, nan 
21.875, 84.875, 2.5604752691905528e-24, nan 
22.125, 84.875, 2.37272662033136e-24, nan 
22.375, 84.875, 2.2417659324166596e-24, nan 
22.625, 84.875, 2.0639028483774964e-24, nan 
22.875, 84.875, 1.8728090493398462e-24, nan 
23.125, 84.875, 1.6250695937108385e-24, nan 
23.375, 84.875, 1.4881373031264636e-24, nan 
23.625, 84.875, 1.386205885376503e-24, nan 
23.875, 84.875, 1.3511888563631504e-24, nan 
24.125, 84.875, 1.7222900189555547e-24, nan 
24.375, 84.875, 1.874523408863863e-24, nan 
24.625, 84.875, 1.7391068993596628e-24, nan 
24.875, 84.875, 1.4723031868209825e-24, nan 
25.125, 84.875, 1.5285175157778481e-24, nan 
25.375, 84.875, 1.4750588605492642e-24, nan 
25.625, 84.875, 1.191517644853796e-24, nan 
25.875, 84.875, 1.3276608822461541e-24, nan 
26.125, 84.875, 1.832500831446109e-24, nan 
26.375, 84.875, 1.5410708077784934e-24, nan 
26.625, 84.875, 1.5877497955029113e-24, nan 
26.875, 84.875, 1.1186834548972057e-24, nan 
27.125, 84.875, 1.1602563533514896e-24, nan 
27.375, 84.875, 1.6172991502650065e-24, nan 
27.625, 84.875, 2.7633824173377338e-24, nan 
27.875, 84.875, 3.507274139168621e-24, nan 
28.125, 84.875, 4.290244811237064e-24, nan 
28.375, 84.875, 4.951578841331573e-24, nan 
28.625, 84.875, 5.329018993671216e-24, nan 
28.875, 84.875, 5.322716754823245e-24, nan 
29.125, 84.875, 5.3189416007319656e-24, nan 
29.375, 84.875, 5.253521621826837e-24, nan 
29.625, 84.875, 5.423504882715619e-24, nan 
29.875, 84.875, 5.324002353992307e-24, nan 
30.125, 84.875, 5.233989830245249e-24, nan 
30.375, 84.875, 5.324267847253003e-24, nan 
30.625, 84.875, 5.410053248368514e-24, nan 
30.875, 84.875, 5.669722858592458e-24, nan 
31.125, 84.875, 5.886780655818905e-24, nan 
31.375, 84.875, 5.8426828883026276e-24, nan 
31.625, 84.875, 5.7744629019175034e-24, nan 
31.875, 84.875, 5.6706984836677634e-24, nan 
32.125, 84.875, 5.637591931857847e-24, nan 
32.375, 84.875, 5.698270283123046e-24, nan 
32.625, 84.875, 5.603869487360202e-24, nan 
32.875, 84.875, 5.3090780308984115e-24, nan 
33.125, 84.875, 5.078138955711665e-24, nan 
33.375, 84.875, 4.96701599867188e-24, nan 
33.625, 84.875, 4.771355317004128e-24, nan 
33.875, 84.875, 4.7153822781181815e-24, nan 
34.125, 84.875, 4.580265386567761e-24, nan 
34.375, 84.875, 4.379018006885498e-24, nan 
34.625, 84.875, 4.3058989942423074e-24, nan 
34.875, 84.875, 4.240376073384248e-24, nan 
35.125, 84.875, 4.121766393059407e-24, nan 
35.375, 84.875, 4.134422879893897e-24, nan 
35.625, 84.875, 3.9791900325687185e-24, nan 
35.875, 84.875, 3.818826274801922e-24, nan 
36.125, 84.875, 3.682157508070747e-24, nan 
36.375, 84.875, 3.38335479135902e-24, nan 
36.625, 84.875, 3.2451466859137232e-24, nan 
36.875, 84.875, 3.2901109081497436e-24, nan 
37.125, 84.875, 3.2301021377963495e-24, nan 
37.375, 84.875, 3.1712032586709708e-24, nan 
37.625, 84.875, 3.016621102410321e-24, nan 
37.875, 84.875, 3.0180474320117933e-24, nan 
38.125, 84.875, 2.946488288745299e-24, nan 
38.375, 84.875, 2.9356468900886977e-24, nan 
38.625, 84.875, 2.8820924342020726e-24, nan 
38.875, 84.875, 2.8659394627136107e-24, nan 
39.125, 84.875, 2.8282923049490635e-24, nan 
39.375, 84.875, 2.733453616481378e-24, nan 
39.625, 84.875, 2.7152500160744388e-24, nan 
39.875, 84.875, 2.9169027913121078e-24, nan 
40.125, 84.875, 3.1499557826442035e-24, nan 
40.375, 84.875, 3.555403122151482e-24, nan 
40.625, 84.875, 3.789070254453829e-24, nan 
40.875, 84.875, 3.655344354099066e-24, nan 
41.125, 84.875, 3.539028712894538e-24, nan 
41.375, 84.875, 3.3753356642289996e-24, nan 
41.625, 84.875, 3.637475918850532e-24, nan 
41.875, 84.875, 4.117122945417664e-24, nan 
42.125, 84.875, 4.26593150475409e-24, nan 
42.375, 84.875, 4.5448988140724485e-24, nan 
42.625, 84.875, 4.6133917121086356e-24, nan 
42.875, 84.875, 4.42917732280344e-24, nan 
43.125, 84.875, 4.6047449948275235e-24, nan 
43.375, 84.875, 4.736494031959094e-24, nan 
43.625, 84.875, 4.633007303800345e-24, nan 
43.875, 84.875, 4.786975879098348e-24, nan 
44.125, 84.875, 4.868473920721535e-24, nan 
44.375, 84.875, 4.9861545421887076e-24, nan 
44.625, 84.875, 5.125027538232778e-24, nan 
44.875, 84.875, 5.4400156559103796e-24, nan 
45.125, 84.875, 5.5676311544966756e-24, nan 
45.375, 84.875, 5.473980744035499e-24, nan 
45.625, 84.875, 5.4039799775686716e-24, nan 
45.875, 84.875, 5.424186089938642e-24, nan 
46.125, 84.875, 5.33510223366055e-24, nan 
46.375, 84.875, 5.548015912208488e-24, nan 
46.625, 84.875, 5.6445323005047464e-24, nan 
46.875, 84.875, 5.835236655742116e-24, nan 
47.125, 84.875, 5.944128993512166e-24, nan 
47.375, 84.875, 6.033185229291049e-24, nan 
47.625, 84.875, 6.071670511085932e-24, nan 
47.875, 84.875, 6.1132488647440365e-24, nan 
48.125, 84.875, 6.078556528364079e-24, nan 
48.375, 84.875, 5.907466403473505e-24, nan 
48.625, 84.875, 5.856633826621284e-24, nan 
48.875, 84.875, 6.078617252023147e-24, nan 
49.125, 84.875, 6.2341764347803366e-24, nan 
49.375, 84.875, 6.252053983941826e-24, nan 
49.625, 84.875, 6.4414901783578735e-24, nan 
49.875, 84.875, 6.501896677494694e-24, nan 
50.125, 84.875, 6.438022422136493e-24, nan 
50.375, 84.875, 6.41851227965896e-24, nan 
50.625, 84.875, 6.644554380386484e-24, nan 
50.875, 84.875, 6.6024862664684744e-24, nan 
51.125, 84.875, 6.769540782925491e-24, nan 
51.375, 84.875, 6.815376479856568e-24, nan 
51.625, 84.875, 6.842398013629826e-24, nan 
51.875, 84.875, 6.76244979745544e-24, nan 
52.125, 84.875, 6.467587540939841e-24, nan 
52.375, 84.875, 6.527262601035945e-24, nan 
52.625, 84.875, 6.5860030211603934e-24, nan 
52.875, 84.875, 6.714603749058895e-24, nan 
53.125, 84.875, 6.888731816879976e-24, nan 
53.375, 84.875, 7.012295065540397e-24, nan 
53.625, 84.875, 7.018949616164024e-24, nan 
53.875, 84.875, 7.124483536980537e-24, nan 
54.125, 84.875, 7.154267728864725e-24, nan 
54.375, 84.875, 7.246984159292665e-24, nan 
54.625, 84.875, 7.385839495702946e-24, nan 
54.875, 84.875, 7.382621045210789e-24, nan 
55.125, 84.875, 7.416824381724799e-24, nan 
55.375, 84.875, 7.156850724241586e-24, nan 
55.625, 84.875, 6.969306289246285e-24, nan 
55.875, 84.875, 6.987440507320583e-24, nan 
56.125, 84.875, 6.875211118346192e-24, nan 
56.375, 84.875, 6.845432738216522e-24, nan 
56.625, 84.875, 7.11577075614019e-24, nan 
56.875, 84.875, 7.302393545822468e-24, nan 
57.125, 84.875, 7.053768893425188e-24, nan 
57.375, 84.875, 7.166558641084352e-24, nan 
57.625, 84.875, 7.171977915938627e-24, nan 
57.875, 84.875, 7.71074284010964e-24, nan 
58.125, 84.875, 7.839609431431033e-24, nan 
58.375, 84.875, 8.110207380602742e-24, nan 
58.625, 84.875, 8.069010566049503e-24, nan 
58.875, 84.875, 8.174420639251877e-24, nan 
59.125, 84.875, 8.53274825430453e-24, nan 
59.375, 84.875, 8.862828386463992e-24, nan 
59.625, 84.875, 8.917020379487331e-24, nan 
59.875, 84.875, 8.757066178111485e-24, nan 
60.125, 84.875, 9.137424253389419e-24, nan 
60.375, 84.875, 9.318916192834457e-24, nan 
60.625, 84.875, 9.491893831080407e-24, nan 
60.875, 84.875, 9.451580269392514e-24, nan 
61.125, 84.875, 9.500459287191045e-24, nan 
61.375, 84.875, 9.875029756237988e-24, nan 
61.625, 84.875, 1.0181489490134238e-23, nan 
61.875, 84.875, 1.00597028632393e-23, nan 
62.125, 84.875, 9.949773973901627e-24, nan 
62.375, 84.875, 9.908294388994382e-24, nan 
62.625, 84.875, 8.999397003700614e-24, nan 
62.875, 84.875, 8.866719191788589e-24, nan 
63.125, 84.875, 8.935516211370065e-24, nan 
63.375, 84.875, 8.509666891800711e-24, nan 
63.625, 84.875, 8.16782611773456e-24, nan 
63.875, 84.875, 7.691423605746431e-24, nan 
64.125, 84.875, 7.650100892992199e-24, nan 
64.375, 84.875, 7.770659065212375e-24, nan 
64.625, 84.875, 7.984816856214276e-24, nan 
64.875, 84.875, 8.256461159898545e-24, nan 
65.125, 84.875, 8.486061705534516e-24, nan 
65.375, 84.875, 8.473778156892546e-24, nan 
65.625, 84.875, 8.519518125026795e-24, nan 
65.875, 84.875, 8.61141685860644e-24, nan 
66.125, 84.875, 8.555549913320592e-24, nan 
66.375, 84.875, 8.076494516622507e-24, nan 
66.625, 84.875, 8.045680871843155e-24, nan 
66.875, 84.875, 8.141261495788195e-24, nan 
67.125, 84.875, 7.977750622984691e-24, nan 
67.375, 84.875, 8.196340755476575e-24, nan 
67.625, 84.875, 8.083788458125612e-24, nan 
67.875, 84.875, 8.383505995677128e-24, nan 
68.125, 84.875, 8.638826178267347e-24, nan 
68.375, 84.875, 8.989092153486522e-24, nan 
68.625, 84.875, 9.027276256415552e-24, nan 
68.875, 84.875, 9.469619439591215e-24, nan 
69.125, 84.875, 1.002112078316506e-23, nan 
69.375, 84.875, 1.0517304496655314e-23, nan 
69.625, 84.875, 1.0766973892188669e-23, nan 
69.875, 84.875, 1.0576128909931432e-23, nan 
70.125, 84.875, 1.0333322030923193e-23, nan 
70.375, 84.875, 1.0252956376111205e-23, nan 
70.625, 84.875, 1.0525293893910684e-23, nan 
70.875, 84.875, 1.1326209770390268e-23, nan 
71.125, 84.875, 1.1855558607231534e-23, nan 
71.375, 84.875, 1.1646489032496099e-23, nan 
71.625, 84.875, 1.1417477551355129e-23, nan 
71.875, 84.875, 1.1764602059574644e-23, nan 
72.125, 84.875, 1.2416513306672254e-23, nan 
72.375, 84.875, 1.2317602018460705e-23, nan 
72.625, 84.875, 1.2046608727275113e-23, nan 
72.875, 84.875, 1.2113113829835894e-23, nan 
73.125, 84.875, 1.2130041039380913e-23, nan 
73.375, 84.875, 1.319160937481685e-23, nan 
73.625, 84.875, 1.4505317901214017e-23, nan 
73.875, 84.875, 1.4843740526930662e-23, nan 
74.125, 84.875, 1.5313189182567048e-23, nan 
74.375, 84.875, 1.492730924076464e-23, nan 
74.625, 84.875, 1.3473131835908117e-23, nan 
74.875, 84.875, 1.3010651485121447e-23, nan 
75.125, 84.875, 1.3221140449093961e-23, nan 
75.375, 84.875, 1.3621666109637194e-23, nan 
75.625, 84.875, 1.444411855589863e-23, nan 
75.875, 84.875, 1.4826981095176627e-23, nan 
76.125, 84.875, 1.522175188771996e-23, nan 
76.375, 84.875, 1.5358276693623607e-23, nan 
76.625, 84.875, 1.5711167634486735e-23, nan 
76.875, 84.875, 1.4857627802704038e-23, nan 
77.125, 84.875, 1.4978156024402834e-23, nan 
77.375, 84.875, 1.5697564561815728e-23, nan 
77.625, 84.875, 1.5539923353972477e-23, nan 
77.875, 84.875, 1.6179282842217184e-23, nan 
78.125, 84.875, 1.6912096548026285e-23, nan 
78.375, 84.875, 1.6598965609993752e-23, nan 
78.625, 84.875, 1.760970411016861e-23, nan 
78.875, 84.875, 1.8044423734300132e-23, nan 
79.125, 84.875, 1.785481273302446e-23, nan 
79.375, 84.875, 1.792524681809687e-23, nan 
79.625, 84.875, 1.920304081244685e-23, nan 
79.875, 84.875, 2.204425642233812e-23, nan 
80.125, 84.875, 2.2295436225007194e-23, nan 
80.375, 84.875, 2.2369565463877754e-23, nan 
80.625, 84.875, 2.3233561195954955e-23, nan 
80.875, 84.875, 2.3186803463216515e-23, nan 
81.125, 84.875, 2.4181355341380525e-23, nan 
81.375, 84.875, 2.479986177324292e-23, nan 
81.625, 84.875, 2.613243265476886e-23, nan 
81.875, 84.875, 2.2668838158728002e-23, nan 
82.125, 84.875, 1.787102395882597e-23, nan 
82.375, 84.875, 1.6604836323613765e-23, nan 
82.625, 84.875, 1.6244846986072098e-23, nan 
82.875, 84.875, 1.664984307295473e-23, nan 
83.125, 84.875, 1.7493731607147723e-23, nan 
83.375, 84.875, 1.8227693843272703e-23, nan 
83.625, 84.875, 1.8330535486602782e-23, nan 
83.875, 84.875, 1.8956138524415978e-23, nan 
84.125, 84.875, 1.9566231103173972e-23, nan 
84.375, 84.875, 1.933292268208272e-23, nan 
84.625, 84.875, 1.984636983129934e-23, nan 
84.875, 84.875, 1.949867737867054e-23, nan 
85.125, 84.875, 2.0287481563391013e-23, nan 
85.375, 84.875, 2.130943871034839e-23, nan 
85.625, 84.875, 2.1821763049561314e-23, nan 
85.875, 84.875, 2.24744756868063e-23, nan 
86.125, 84.875, 2.2318352014288687e-23, nan 
86.375, 84.875, 2.25916497829897e-23, nan 
86.625, 84.875, 2.2117663462209978e-23, nan 
86.875, 84.875, 2.1938475785165505e-23, nan 
87.125, 84.875, 2.2143613435502278e-23, nan 
87.375, 84.875, 2.169657724074567e-23, nan 
87.625, 84.875, 2.1128568946497604e-23, nan 
87.875, 84.875, 2.107552994474446e-23, nan 
88.125, 84.875, 2.0646438036382705e-23, nan 
88.375, 84.875, 2.1688846698656547e-23, nan 
88.625, 84.875, 2.3013109698944453e-23, nan 
88.875, 84.875, 2.3040461791634673e-23, nan 
89.125, 84.875, 2.2575675596152047e-23, nan 
89.375, 84.875, 2.3378863538152175e-23, nan 
89.625, 84.875, 2.655550050644335e-23, nan 
89.875, 84.875, 2.9404792053212414e-23, nan 
90.125, 84.875, 2.687176247166908e-23, nan 
90.375, 84.875, 2.2790734796614326e-23, nan 
90.625, 84.875, 2.253870774026447e-23, nan 
90.875, 84.875, 2.2727892008300918e-23, nan 
91.125, 84.875, 2.3320222199689256e-23, nan 
91.375, 84.875, 2.3593796170018806e-23, nan 
91.625, 84.875, 2.4570588679294718e-23, nan 
91.875, 84.875, 2.3111914806159187e-23, nan 
92.125, 84.875, 2.4131786263981525e-23, nan 
92.375, 84.875, 2.976664153731584e-23, nan 
92.625, 84.875, 3.41190563822158e-23, nan 
92.875, 84.875, 4.569589590373931e-23, nan 
93.125, 84.875, 5.2412829821428134e-23, nan 
93.375, 84.875, 5.508747109183315e-23, nan 
93.625, 84.875, 5.212062843824145e-23, nan 
93.875, 84.875, 5.266760859955112e-23, nan 
94.125, 84.875, 5.461345748605218e-23, nan 
94.375, 84.875, 5.988094700781347e-23, nan 
94.625, 84.875, 6.13022675503758e-23, nan 
94.875, 84.875, 6.487403570967695e-23, nan 
95.125, 84.875, 5.492059508277302e-23, nan 
95.375, 84.875, 5.651260005003305e-23, nan 
95.625, 84.875, 8.176991634891583e-23, nan 
95.875, 84.875, 9.666747487313148e-23, nan 
96.125, 84.875, 1.0218031174125466e-22, nan 
96.375, 84.875, 9.977070863388426e-23, nan 
96.625, 84.875, 1.0060428478677997e-22, nan 
96.875, 84.875, 1.0416517221591727e-22, nan 
97.125, 84.875, 1.1171401630843849e-22, nan 
97.375, 84.875, 1.0969622792786966e-22, nan 
97.625, 84.875, 1.1477667712495806e-22, nan 
97.875, 84.875, 7.779489212132752e-23, nan 
98.125, 84.875, 6.374763684143089e-23, nan 
98.375, 84.875, 4.9009852477683183e-23, nan 
98.625, 84.875, 5.703845049570975e-23, nan 
98.875, 84.875, 5.984934346505344e-23, nan 
99.125, 84.875, 6.114511057031988e-23, nan 
99.375, 84.875, 6.260955396418805e-23, nan 
99.625, 84.875, 6.651973890291767e-23, nan 
99.875, 84.875, 6.7966896344408e-23, nan 
100.125, 84.875, 6.8226378526896e-23, nan 
100.375, 84.875, 7.179478626956864e-23, nan 
100.625, 84.875, 6.31481598723805e-23, nan 
100.875, 84.875, 6.313585237988216e-23, nan 
101.125, 84.875, 5.709012786895224e-23, nan 
101.375, 84.875, 6.105297190800664e-23, nan 
101.625, 84.875, 5.908967660692968e-23, nan 
101.875, 84.875, 5.721468986782313e-23, nan 
102.125, 84.875, 5.61169644565047e-23, nan 
102.375, 84.875, 5.635443447744472e-23, nan 
102.625, 84.875, 5.630535147679869e-23, nan 
102.875, 84.875, 6.184129492666188e-23, nan 
103.125, 84.875, 6.272109574733474e-23, nan 
103.375, 84.875, 6.458215998443736e-23, nan 
103.625, 84.875, 6.493344092060115e-23, nan 
103.875, 84.875, 6.7651954634379e-23, nan 
104.125, 84.875, 6.719928476982607e-23, nan 
104.375, 84.875, 6.534764296415799e-23, nan 
104.625, 84.875, 8.860100271091132e-23, nan 
104.875, 84.875, 1.0790198608467475e-22, nan 
105.125, 84.875, 1.3912168820897174e-22, nan 
105.375, 84.875, 1.8149476147782171e-22, nan 
105.625, 84.875, 1.9868665255996767e-22, nan 
105.875, 84.875, 2.0817008686938348e-22, nan 
106.125, 84.875, 2.0652030141665073e-22, nan 
106.375, 84.875, 2.030383664355657e-22, nan 
106.625, 84.875, 1.9989890955059655e-22, nan 
106.875, 84.875, 1.898287173449166e-22, nan 
107.125, 84.875, 1.6776387536400318e-22, nan 
107.375, 84.875, 1.512934396110265e-22, nan 
107.625, 84.875, 1.6713345546565524e-22, nan 
107.875, 84.875, 1.8284619943721557e-22, nan 
108.125, 84.875, 1.8972948289615388e-22, nan 
108.375, 84.875, 1.944823104278372e-22, nan 
108.625, 84.875, 2.0075924542217695e-22, nan 
108.875, 84.875, 2.081581030737168e-22, nan 
109.125, 84.875, 2.142257077300218e-22, nan 
109.375, 84.875, 2.1561047463098066e-22, nan 
109.625, 84.875, 2.082083943629196e-22, nan 
109.875, 84.875, 1.9912552749907964e-22, nan 
110.125, 84.875, 1.703530237324035e-22, nan 
110.375, 84.875, 1.5717440713481059e-22, nan 
110.625, 84.875, 1.5239582121664452e-22, nan 
110.875, 84.875, 1.5442457679220022e-22, nan 
111.125, 84.875, 1.4364116954360726e-22, nan 
111.375, 84.875, 1.3739202920610828e-22, nan 
111.625, 84.875, 1.4011715322931663e-22, nan 
111.875, 84.875, 1.3200843242659938e-22, nan 
112.125, 84.875, 1.2578149755173753e-22, nan 
112.375, 84.875, 1.209110019519365e-22, nan 
112.625, 84.875, 1.1754056225355198e-22, nan 
112.875, 84.875, 1.1033682759755774e-22, nan 
113.125, 84.875, 1.004002649603541e-22, nan 
113.375, 84.875, 8.887731146537771e-23, nan 
113.625, 84.875, 9.118004777039954e-23, nan 
113.875, 84.875, 9.736366994437778e-23, nan 
114.125, 84.875, 1.037995495414007e-22, nan 
114.375, 84.875, 1.0383560479601195e-22, nan 
114.625, 84.875, 1.1164227197151552e-22, nan 
114.875, 84.875, 1.2228349981481517e-22, nan 
115.125, 84.875, 1.2186863565632767e-22, nan 
115.375, 84.875, 1.1685849557690567e-22, nan 
115.625, 84.875, 1.1103846485760774e-22, nan 
115.875, 84.875, 1.0666156195979468e-22, nan 
116.125, 84.875, 9.353125811768678e-23, nan 
116.375, 84.875, 1.036447916290799e-22, nan 
116.625, 84.875, 1.2722751527128848e-22, nan 
116.875, 84.875, 1.5019132094545757e-22, nan 
117.125, 84.875, 1.5787495849169606e-22, nan 
117.375, 84.875, 1.7932699085142627e-22, nan 
117.625, 84.875, 1.9452473174390282e-22, nan 
117.875, 84.875, 1.6232554349830718e-22, nan 
118.125, 84.875, 1.5048593336411036e-22, nan 
118.375, 84.875, 1.5771953314867155e-22, nan 
118.625, 84.875, 1.5178805659234271e-22, nan 
118.875, 84.875, 1.2252596127642136e-22, nan 
119.125, 84.875, 9.350111632501646e-23, nan 
119.375, 84.875, 7.037242488288596e-23, nan 
119.625, 84.875, 8.504736466493288e-23, nan 
119.875, 84.875, 7.319247460597253e-23, nan 
120.125, 84.875, 7.502103000036433e-23, nan 
120.375, 84.875, 8.531673174401921e-23, nan 
120.625, 84.875, 5.281876368669489e-23, nan 
120.875, 84.875, 4.907495611562041e-23, nan 
121.125, 84.875, 4.9173040414206764e-23, nan 
121.375, 84.875, 4.7763792516277715e-23, nan 
121.625, 84.875, 3.9557798868022645e-23, nan 
121.875, 84.875, 3.553904393445431e-23, nan 
122.125, 84.875, 2.8744349728192747e-23, nan 
122.375, 84.875, 3.068860704457979e-23, nan 
122.625, 84.875, 3.496342602519846e-23, nan 
122.875, 84.875, 4.751699608212174e-23, nan 
123.125, 84.875, 4.4351596769542224e-23, nan 
123.375, 84.875, 3.441752076801431e-23, nan 
123.625, 84.875, 2.8949866221114087e-23, nan 
123.875, 84.875, 4.4424137636242064e-23, nan 
124.125, 84.875, 5.2420389951131434e-23, nan 
124.375, 84.875, 7.657734697692961e-23, nan 
124.625, 84.875, 7.257073279586475e-23, nan 
124.875, 84.875, 6.867345359381467e-23, nan 
125.125, 84.875, 6.901998650800091e-23, nan 
125.375, 84.875, 7.642484431419299e-23, nan 
125.625, 84.875, 8.10274847408253e-23, nan 
125.875, 84.875, 8.644224242177588e-23, nan 
126.125, 84.875, 1.0805979416604107e-22, nan 
126.375, 84.875, 1.2586979486692353e-22, nan 
126.625, 84.875, 1.2781017791421139e-22, nan 
126.875, 84.875, 1.094809936953107e-22, nan 
127.125, 84.875, 9.51218528213268e-23, nan 
127.375, 84.875, 9.834526356235261e-23, nan 
127.625, 84.875, 7.706353349774977e-23, nan 
127.875, 84.875, 6.328648897793872e-23, nan 
128.125, 84.875, 6.305955995009921e-23, nan 
128.375, 84.875, 6.104092335339741e-23, nan 
128.625, 84.875, 7.945587190250881e-23, nan 
128.875, 84.875, 1.3056661554160177e-22, nan 
129.125, 84.875, 1.6315770912887777e-22, nan 
129.375, 84.875, 1.5500005715291138e-22, nan 
129.625, 84.875, 1.1627021306481594e-22, nan 
129.875, 84.875, 6.93537491808346e-23, nan 
130.125, 84.875, 7.769881392373095e-23, nan 
130.375, 84.875, 7.487683656793481e-23, nan 
130.625, 84.875, 7.839198597817639e-23, nan 
130.875, 84.875, 1.0141566233277814e-22, nan 
131.125, 84.875, 1.0451556847374845e-22, nan 
131.375, 84.875, 1.156225338876881e-22, nan 
131.625, 84.875, 1.336517254162485e-22, nan 
131.875, 84.875, 1.4687174826338791e-22, nan 
132.125, 84.875, 1.4126961273825318e-22, nan 
132.375, 84.875, 1.326030694554269e-22, nan 
132.625, 84.875, 1.2513456866314732e-22, nan 
132.875, 84.875, 1.1822128581476563e-22, nan 
133.125, 84.875, 8.246222661786014e-23, nan 
133.375, 84.875, 7.051862148091085e-23, nan 
133.625, 84.875, 8.01525011267362e-23, nan 
133.875, 84.875, 7.98143494684176e-23, nan 
134.125, 84.875, 7.098497186650244e-23, nan 
134.375, 84.875, 7.080842741579052e-23, nan 
134.625, 84.875, 6.741987983725219e-23, nan 
134.875, 84.875, 7.280827004344418e-23, nan 
135.125, 84.875, 7.232859510282977e-23, nan 
135.375, 84.875, 7.88399467111357e-23, nan 
135.625, 84.875, 7.789937205926766e-23, nan 
135.875, 84.875, 7.540762423372384e-23, nan 
136.125, 84.875, 7.603458628996373e-23, nan 
136.375, 84.875, 7.347998272957652e-23, nan 
136.625, 84.875, 7.257043211942024e-23, nan 
136.875, 84.875, 7.281162226122336e-23, nan 
137.125, 84.875, 7.083203006877536e-23, nan 
137.375, 84.875, 6.774617871592894e-23, nan 
137.625, 84.875, 6.639455312679612e-23, nan 
137.875, 84.875, 6.382991071836713e-23, nan 
138.125, 84.875, 5.99725178950083e-23, nan 
138.375, 84.875, 5.399856690320084e-23, nan 
138.625, 84.875, 4.6656012156536786e-23, nan 
138.875, 84.875, 4.4029829994196555e-23, nan 
139.125, 84.875, 4.530265161691183e-23, nan 
139.375, 84.875, 5.119111645885206e-23, nan 
139.625, 84.875, 4.9134107967158146e-23, nan 
139.875, 84.875, 4.8194159602244116e-23, nan 
140.125, 84.875, 4.906133810020804e-23, nan 
140.375, 84.875, 4.6892251755271055e-23, nan 
140.625, 84.875, 4.525338288838463e-23, nan 
140.875, 84.875, 4.456506187717629e-23, nan 
141.125, 84.875, 4.212435727675776e-23, nan 
141.375, 84.875, 4.2224041411649666e-23, nan 
141.625, 84.875, 4.240399350465003e-23, nan 
141.875, 84.875, 3.563116954474169e-23, nan 
142.125, 84.875, 3.519790314430467e-23, nan 
142.375, 84.875, 3.952923113132823e-23, nan 
142.625, 84.875, 4.6486203537274727e-23, nan 
142.875, 84.875, 5.564062742818637e-23, nan 
143.125, 84.875, 5.946062692122065e-23, nan 
143.375, 84.875, 5.954979995923895e-23, nan 
143.625, 84.875, 5.85371332580932e-23, nan 
143.875, 84.875, 5.330812331835153e-23, nan 
144.125, 84.875, 4.24371953922642e-23, nan 
144.375, 84.875, 3.1406810806327184e-23, nan 
144.625, 84.875, 2.7536129664686836e-23, nan 
144.875, 84.875, 2.9182969934857084e-23, nan 
145.125, 84.875, 3.199017793474659e-23, nan 
145.375, 84.875, 3.0439606606975906e-23, nan 
145.625, 84.875, 3.29552919294216e-23, nan 
145.875, 84.875, 4.032333229807421e-23, nan 
146.125, 84.875, 4.221359075791772e-23, nan 
146.375, 84.875, 5.0644878989535164e-23, nan 
146.625, 84.875, 5.839716244637464e-23, nan 
146.875, 84.875, 6.004793696427793e-23, nan 
147.125, 84.875, 5.242114225411438e-23, nan 
147.375, 84.875, 4.9939939529751897e-23, nan 
147.625, 84.875, 4.7132778881752353e-23, nan 
147.875, 84.875, 4.7219586266106686e-23, nan 
148.125, 84.875, 4.9643671620190725e-23, nan 
148.375, 84.875, 4.713120737848558e-23, nan 
148.625, 84.875, 5.363418855069343e-23, nan 
148.875, 84.875, 5.512333564586523e-23, nan 
149.125, 84.875, 6.44523491230115e-23, nan 
149.375, 84.875, 8.03576291763185e-23, nan 
149.625, 84.875, 8.202524924215991e-23, nan 
149.875, 84.875, 9.246595063722004e-23, nan 
150.125, 84.875, 8.438029203953763e-23, nan 
150.375, 84.875, 8.321727203929472e-23, nan 
150.625, 84.875, 8.959731360796083e-23, nan 
150.875, 84.875, 1.020410107334623e-22, nan 
151.125, 84.875, 1.0738564515515218e-22, nan 
151.375, 84.875, 1.1622357823095772e-22, nan 
151.625, 84.875, 1.0613931193472885e-22, nan 
151.875, 84.875, 1.1111690910004573e-22, nan 
152.125, 84.875, 1.0793931530038734e-22, nan 
152.375, 84.875, 1.0969683883559475e-22, nan 
152.625, 84.875, 1.0766329634193735e-22, nan 
152.875, 84.875, 1.0404995044472644e-22, nan 
153.125, 84.875, 1.003772862804946e-22, nan 
153.375, 84.875, 9.411646248649009e-23, nan 
153.625, 84.875, 8.822991859106301e-23, nan 
153.875, 84.875, 7.41516663914597e-23, nan 
154.125, 84.875, 7.143063493171808e-23, nan 
154.375, 84.875, 6.181360008493187e-23, nan 
154.625, 84.875, 4.480490661951712e-23, nan 
154.875, 84.875, 4.6548438311003094e-23, nan 
155.125, 84.875, 5.17865489656735e-23, nan 
155.375, 84.875, 5.687032982413894e-23, nan 
155.625, 84.875, 5.46495580331488e-23, nan 
155.875, 84.875, 5.373555829728713e-23, nan 
156.125, 84.875, 5.2694684350151105e-23, nan 
156.375, 84.875, 5.444445559720279e-23, nan 
156.625, 84.875, 5.754422363641732e-23, nan 
156.875, 84.875, 5.740905196218609e-23, nan 
157.125, 84.875, 5.431951158529146e-23, nan 
157.375, 84.875, 3.999643338768612e-23, nan 
157.625, 84.875, 3.348238054383301e-23, nan 
157.875, 84.875, 2.7245351490289485e-23, nan 
158.125, 84.875, 2.4026219831580794e-23, nan 
158.375, 84.875, 2.1171182332259647e-23, nan 
158.625, 84.875, 1.8068892365382563e-23, nan 
158.875, 84.875, 1.5676325649905093e-23, nan 
159.125, 84.875, 2.1151518236029108e-23, nan 
159.375, 84.875, 2.824620303256725e-23, nan 
159.625, 84.875, 2.6888743404676015e-23, nan 
159.875, 84.875, 3.1893084916322503e-23, nan 
160.125, 84.875, 3.5941104709675406e-23, nan 
160.375, 84.875, 2.9271702391797e-23, nan 
160.625, 84.875, 2.584022622068939e-23, nan 
160.875, 84.875, 2.1049785043124598e-23, nan 
161.125, 84.875, 2.001556895677281e-23, nan 
161.375, 84.875, 1.8352848351448418e-23, nan 
161.625, 84.875, 1.695114148403373e-23, nan 
161.875, 84.875, 1.4964595104984746e-23, nan 
162.125, 84.875, 1.4633883522867482e-23, nan 
162.375, 84.875, 1.3640706774748364e-23, nan 
162.625, 84.875, 1.2050135074495681e-23, nan 
162.875, 84.875, 1.2029851083857344e-23, nan 
163.125, 84.875, 1.3118950319016705e-23, nan 
163.375, 84.875, 1.338308074146432e-23, nan 
163.625, 84.875, 1.2796899141921444e-23, nan 
163.875, 84.875, 1.1018549244484497e-23, nan 
164.125, 84.875, 9.730980626532714e-24, nan 
164.375, 84.875, 8.630629334334643e-24, nan 
164.625, 84.875, 7.212139226205475e-24, nan 
164.875, 84.875, 7.070904083017966e-24, nan 
165.125, 84.875, 6.512802635303942e-24, nan 
165.375, 84.875, 4.8433953053328716e-24, nan 
165.625, 84.875, 3.996081187568865e-24, nan 
165.875, 84.875, 3.464925319289531e-24, nan 
166.125, 84.875, 2.5909894325382275e-24, nan 
166.375, 84.875, 3.396938704391289e-24, nan 
166.625, 84.875, 3.1063490964133718e-24, nan 
166.875, 84.875, 1.9699113043058178e-24, nan 
167.125, 84.875, 1.9476027489907708e-24, nan 
167.375, 84.875, 2.7285852534590663e-24, nan 
167.625, 84.875, 2.1588315777656807e-24, nan 
167.875, 84.875, 1.446189686153173e-24, nan 
168.125, 84.875, 6.205812373928794e-25, nan 
168.375, 84.875, 2.669354602556974e-24, nan 
168.625, 84.875, 3.019201479369529e-24, nan 
168.875, 84.875, 2.2802018004570918e-24, nan 
169.125, 84.875, 2.2253669853799493e-24, nan 
169.375, 84.875, 1.656247038157947e-24, nan 
169.625, 84.875, 1.7789743302876055e-24, nan 
169.875, 84.875, 2.0606967862012748e-24, nan 
170.125, 84.875, 2.3869598237641038e-24, nan 
170.375, 84.875, 2.702702062182863e-24, nan 
170.625, 84.875, 3.94453775253468e-24, nan 
170.875, 84.875, 5.873511833311573e-24, nan 
171.125, 84.875, 8.503605882841126e-24, nan 
171.375, 84.875, 8.80978446292001e-24, nan 
171.625, 84.875, 1.0800207226502093e-23, nan 
171.875, 84.875, 1.103004540077848e-23, nan 
172.125, 84.875, 1.053900542140381e-23, nan 
172.375, 84.875, 1.0810347352171312e-23, nan 
172.625, 84.875, 1.0248670818418056e-23, nan 
172.875, 84.875, 9.219248925529662e-24, nan 
173.125, 84.875, 8.04661102117298e-24, nan 
173.375, 84.875, 9.218905371019853e-24, nan 
173.625, 84.875, 1.0501821826699472e-23, nan 
173.875, 84.875, 1.2259644687910618e-23, nan 
174.125, 84.875, 1.306881273128573e-23, nan 
174.375, 84.875, 1.5982285987758614e-23, nan 
174.625, 84.875, 1.6540767112161202e-23, nan 
174.875, 84.875, 1.6545086713419276e-23, nan 
175.125, 84.875, 1.716159130981698e-23, nan 
175.375, 84.875, 1.6328264378755884e-23, nan 
175.625, 84.875, 1.5072174707388912e-23, nan 
175.875, 84.875, 1.4284825159335618e-23, nan 
176.125, 84.875, 1.894974099055926e-23, nan 
176.375, 84.875, 2.2793910567744145e-23, nan 
176.625, 84.875, 2.4451428303106853e-23, nan 
176.875, 84.875, 2.6195146777181744e-23, nan 
177.125, 84.875, 2.5784935240395564e-23, nan 
177.375, 84.875, 3.2340679018525505e-23, nan 
177.625, 84.875, 3.2822963303762766e-23, nan 
177.875, 84.875, 3.282668795919195e-23, nan 
178.125, 84.875, 3.1799181366868704e-23, nan 
178.375, 84.875, 2.934435179733068e-23, nan 
178.625, 84.875, 2.914447668323811e-23, nan 
178.875, 84.875, 3.0073413772471e-23, nan 
179.125, 84.875, 2.919423147360961e-23, nan 
179.375, 84.875, 2.6694762243447134e-23, nan 
179.625, 84.875, 2.5888931315442627e-23, nan 
179.875, 84.875, 2.5048122799456124e-23, nan 
-179.875, 85.125, 1.8150155538473003e-23, nan 
-179.625, 85.125, 1.6815921006473138e-23, nan 
-179.375, 85.125, 1.5507176760983778e-23, nan 
-179.125, 85.125, 1.0725582304428021e-23, nan 
-178.875, 85.125, 1.1084910452162511e-23, nan 
-178.625, 85.125, 1.1541847799941863e-23, nan 
-178.375, 85.125, 1.2143790754457676e-23, nan 
-178.125, 85.125, 1.2473557243543463e-23, nan 
-177.875, 85.125, 1.3097751782876206e-23, nan 
-177.625, 85.125, 1.2960701708329008e-23, nan 
-177.375, 85.125, 1.1952617565037752e-23, nan 
-177.125, 85.125, 1.1647824326756045e-23, nan 
-176.875, 85.125, 1.0179325133822766e-23, nan 
-176.625, 85.125, 8.434730258144279e-24, nan 
-176.375, 85.125, 7.448461999973586e-24, nan 
-176.125, 85.125, 5.7941726675542005e-24, nan 
-175.875, 85.125, 5.8091819745068324e-24, nan 
-175.625, 85.125, 4.797496150199949e-24, nan 
-175.375, 85.125, 1.1291539148936893e-23, nan 
-175.125, 85.125, 1.3040406992999144e-23, nan 
-174.875, 85.125, 1.4620403468992722e-23, nan 
-174.625, 85.125, 1.5190993067196242e-23, nan 
-174.375, 85.125, 7.319390552554368e-24, nan 
-174.125, 85.125, 1.1427057368311715e-23, nan 
-173.875, 85.125, 1.1131477603234113e-23, nan 
-173.625, 85.125, 1.1903525082522729e-23, nan 
-173.375, 85.125, 1.5048178790799398e-23, nan 
-173.125, 85.125, 1.7169515418223003e-23, nan 
-172.875, 85.125, 2.2000366990878866e-23, nan 
-172.625, 85.125, 2.71611829331017e-23, nan 
-172.375, 85.125, 3.191015267425694e-23, nan 
-172.125, 85.125, 3.5889760280414194e-23, nan 
-171.875, 85.125, 3.912319027644298e-23, nan 
-171.625, 85.125, 3.958339148083627e-23, nan 
-171.375, 85.125, 4.054350421954687e-23, nan 
-171.125, 85.125, 4.05983306238654e-23, nan 
-170.875, 85.125, 3.9875532245011517e-23, nan 
-170.625, 85.125, 3.8762022234638843e-23, nan 
-170.375, 85.125, 3.792297825878393e-23, nan 
-170.125, 85.125, 4.130659175470988e-23, nan 
-169.875, 85.125, 4.758440730890622e-23, nan 
-169.625, 85.125, 6.227851122320062e-23, nan 
-169.375, 85.125, 6.465377465524013e-23, nan 
-169.125, 85.125, 6.817407815257948e-23, nan 
-168.875, 85.125, 7.291857377044998e-23, nan 
-168.625, 85.125, 7.507167991207579e-23, nan 
-168.375, 85.125, 7.639428141248485e-23, nan 
-168.125, 85.125, 7.51036872218744e-23, nan 
-167.875, 85.125, 7.232346464619978e-23, nan 
-167.625, 85.125, 6.430813117248125e-23, nan 
-167.375, 85.125, 5.856514875033275e-23, nan 
-167.125, 85.125, 3.881653665702366e-23, nan 
-166.875, 85.125, 4.548570534922053e-23, nan 
-166.625, 85.125, 4.9406450597220355e-23, nan 
9.375, 85.125, 1.2181875213937193e-23, nan 
9.625, 85.125, 1.1537743103111106e-23, nan 
9.875, 85.125, 1.0934303338442188e-23, nan 
10.125, 85.125, 1.061300145785751e-23, nan 
10.375, 85.125, 1.0638131013606304e-23, nan 
10.625, 85.125, 9.06404674610869e-24, nan 
10.875, 85.125, 8.159797956671548e-24, nan 
11.125, 85.125, 7.018236811575024e-24, nan 
11.375, 85.125, 6.520408343072633e-24, nan 
11.625, 85.125, 6.5117753872135e-24, nan 
11.875, 85.125, 6.367642542158798e-24, nan 
12.125, 85.125, 6.323083545754119e-24, nan 
12.375, 85.125, 6.098767437543748e-24, nan 
12.625, 85.125, 5.991635807654872e-24, nan 
12.875, 85.125, 5.5932913503482564e-24, nan 
13.125, 85.125, 5.991726689913225e-24, nan 
13.375, 85.125, 6.6088605866136135e-24, nan 
13.625, 85.125, 6.823187815693657e-24, nan 
13.875, 85.125, 7.154706740708237e-24, nan 
14.125, 85.125, 6.658425359625146e-24, nan 
14.375, 85.125, 6.000165004638934e-24, nan 
14.625, 85.125, 6.225884420099557e-24, nan 
14.875, 85.125, 6.515563287937457e-24, nan 
15.125, 85.125, 6.625843439686463e-24, nan 
15.375, 85.125, 6.654213272065538e-24, nan 
15.625, 85.125, 5.721521239154537e-24, nan 
15.875, 85.125, 4.849675446436971e-24, nan 
16.125, 85.125, 4.388371175609592e-24, nan 
16.375, 85.125, 4.269693708102407e-24, nan 
16.625, 85.125, 4.20647780081225e-24, nan 
16.875, 85.125, 3.866203372426845e-24, nan 
17.125, 85.125, 3.8148941674029414e-24, nan 
17.375, 85.125, 3.4794355898708675e-24, nan 
17.625, 85.125, 3.3045095826271483e-24, nan 
17.875, 85.125, 3.1175796648348117e-24, nan 
18.125, 85.125, 2.8927781339693407e-24, nan 
18.375, 85.125, 2.6758749598324912e-24, nan 
18.625, 85.125, 2.4346077381723825e-24, nan 
18.875, 85.125, 2.330573187879945e-24, nan 
19.125, 85.125, 2.3256759504137968e-24, nan 
19.375, 85.125, 2.2593039908844117e-24, nan 
19.625, 85.125, 2.2448686019203645e-24, nan 
19.875, 85.125, 2.139214281657491e-24, nan 
20.125, 85.125, 2.220754600115372e-24, nan 
20.375, 85.125, 2.218372380321773e-24, nan 
20.625, 85.125, 2.1345449865664242e-24, nan 
20.875, 85.125, 1.8871181207005154e-24, nan 
21.125, 85.125, 1.8870136281744833e-24, nan 
21.375, 85.125, 2.2499442381310234e-24, nan 
21.625, 85.125, 2.6391348981794598e-24, nan 
21.875, 85.125, 2.2095915249210983e-24, nan 
22.125, 85.125, 1.6051600721518531e-24, nan 
22.375, 85.125, 2.169480681503498e-24, nan 
22.625, 85.125, 2.575421605848085e-24, nan 
22.875, 85.125, 3.5684292867727855e-24, nan 
23.125, 85.125, 3.73277602310683e-24, nan 
23.375, 85.125, 4.3208770313842494e-24, nan 
23.625, 85.125, 4.609650946025974e-24, nan 
23.875, 85.125, 5.685323068138576e-24, nan 
24.125, 85.125, 6.98137808008416e-24, nan 
24.375, 85.125, 7.753451117911929e-24, nan 
24.625, 85.125, 7.703989130811144e-24, nan 
24.875, 85.125, 7.577701181433816e-24, nan 
25.125, 85.125, 7.821538844242396e-24, nan 
25.375, 85.125, 8.212930868068447e-24, nan 
25.625, 85.125, 8.086524771446112e-24, nan 
25.875, 85.125, 8.658864549002766e-24, nan 
26.125, 85.125, 9.950804958634326e-24, nan 
26.375, 85.125, 9.854609400032602e-24, nan 
26.625, 85.125, 1.0030431049262315e-23, nan 
26.875, 85.125, 9.322842971445846e-24, nan 
27.125, 85.125, 8.93461812516918e-24, nan 
27.375, 85.125, 8.684102853525754e-24, nan 
27.625, 85.125, 8.014834276067001e-24, nan 
27.875, 85.125, 8.017530575535123e-24, nan 
28.125, 85.125, 8.073547951840295e-24, nan 
28.375, 85.125, 8.03211838656303e-24, nan 
28.625, 85.125, 8.22748456249769e-24, nan 
28.875, 85.125, 8.779951401861291e-24, nan 
29.125, 85.125, 8.547950761803701e-24, nan 
29.375, 85.125, 8.579518127575398e-24, nan 
29.625, 85.125, 8.233017575943765e-24, nan 
29.875, 85.125, 7.84400212706287e-24, nan 
30.125, 85.125, 7.447056351417635e-24, nan 
30.375, 85.125, 6.70512447485114e-24, nan 
30.625, 85.125, 6.2458241720330875e-24, nan 
30.875, 85.125, 5.854882443867819e-24, nan 
31.125, 85.125, 5.6643002984952275e-24, nan 
31.375, 85.125, 5.35323135913784e-24, nan 
31.625, 85.125, 5.0650798952412784e-24, nan 
31.875, 85.125, 4.831204038014781e-24, nan 
32.125, 85.125, 4.710294340387993e-24, nan 
32.375, 85.125, 4.614768920154903e-24, nan 
32.625, 85.125, 4.520680587649789e-24, nan 
32.875, 85.125, 4.233262812038792e-24, nan 
33.125, 85.125, 3.9983336739248905e-24, nan 
33.375, 85.125, 3.765242351903811e-24, nan 
33.625, 85.125, 3.464558091990298e-24, nan 
33.875, 85.125, 3.3309136016482215e-24, nan 
34.125, 85.125, 3.375584897936871e-24, nan 
34.375, 85.125, 3.2129744947646562e-24, nan 
34.625, 85.125, 3.186559357284816e-24, nan 
34.875, 85.125, 3.00644404051172e-24, nan 
35.125, 85.125, 2.9555673147355963e-24, nan 
35.375, 85.125, 2.9248746644488622e-24, nan 
35.625, 85.125, 2.874993410076488e-24, nan 
35.875, 85.125, 2.7884384934072017e-24, nan 
36.125, 85.125, 2.7089205692080925e-24, nan 
36.375, 85.125, 2.8488050655289976e-24, nan 
36.625, 85.125, 2.833664126516171e-24, nan 
36.875, 85.125, 2.893890866512477e-24, nan 
37.125, 85.125, 3.018690915181764e-24, nan 
37.375, 85.125, 3.2505189948710244e-24, nan 
37.625, 85.125, 3.606217833641721e-24, nan 
37.875, 85.125, 3.866370470563587e-24, nan 
38.125, 85.125, 3.813275786008988e-24, nan 
38.375, 85.125, 3.971547130988153e-24, nan 
38.625, 85.125, 3.9457993870470644e-24, nan 
38.875, 85.125, 4.198520461915939e-24, nan 
39.125, 85.125, 4.5064307492454945e-24, nan 
39.375, 85.125, 4.699306432756729e-24, nan 
39.625, 85.125, 4.8076251285576795e-24, nan 
39.875, 85.125, 4.6324711071911185e-24, nan 
40.125, 85.125, 4.343073748571434e-24, nan 
40.375, 85.125, 4.3151205036739615e-24, nan 
40.625, 85.125, 4.400239636144063e-24, nan 
40.875, 85.125, 4.3006618924194754e-24, nan 
41.125, 85.125, 4.24846152500797e-24, nan 
41.375, 85.125, 4.190278793721816e-24, nan 
41.625, 85.125, 4.404548617592293e-24, nan 
41.875, 85.125, 4.626603911276192e-24, nan 
42.125, 85.125, 4.7524958712744044e-24, nan 
42.375, 85.125, 4.875516982980361e-24, nan 
42.625, 85.125, 4.763518950015915e-24, nan 
42.875, 85.125, 4.347429366252978e-24, nan 
43.125, 85.125, 4.2823575209273884e-24, nan 
43.375, 85.125, 4.513673044976141e-24, nan 
43.625, 85.125, 4.489543575051848e-24, nan 
43.875, 85.125, 4.559089074172052e-24, nan 
44.125, 85.125, 4.529966182767731e-24, nan 
44.375, 85.125, 4.502812912701248e-24, nan 
44.625, 85.125, 4.42127103691218e-24, nan 
44.875, 85.125, 4.685904190737159e-24, nan 
45.125, 85.125, 4.723333368174502e-24, nan 
45.375, 85.125, 4.667720505910568e-24, nan 
45.625, 85.125, 4.583693116223826e-24, nan 
45.875, 85.125, 4.657687395423649e-24, nan 
46.125, 85.125, 4.5755188930936305e-24, nan 
46.375, 85.125, 4.7119411428206286e-24, nan 
46.625, 85.125, 4.768871662554279e-24, nan 
46.875, 85.125, 4.877677716805514e-24, nan 
47.125, 85.125, 4.869242780688652e-24, nan 
47.375, 85.125, 5.084359656548758e-24, nan 
47.625, 85.125, 5.276599768644771e-24, nan 
47.875, 85.125, 5.353662178563016e-24, nan 
48.125, 85.125, 5.288261200005714e-24, nan 
48.375, 85.125, 5.030504158309402e-24, nan 
48.625, 85.125, 4.9265662962608224e-24, nan 
48.875, 85.125, 5.39854813271331e-24, nan 
49.125, 85.125, 5.9225397193908775e-24, nan 
49.375, 85.125, 5.981334896473143e-24, nan 
49.625, 85.125, 5.993361136284896e-24, nan 
49.875, 85.125, 5.8011777666636794e-24, nan 
50.125, 85.125, 5.374975104655758e-24, nan 
50.375, 85.125, 5.252516990008163e-24, nan 
50.625, 85.125, 5.308395991599366e-24, nan 
50.875, 85.125, 5.62332013046035e-24, nan 
51.125, 85.125, 5.931084368570171e-24, nan 
51.375, 85.125, 6.016400390579664e-24, nan 
51.625, 85.125, 6.696368741959209e-24, nan 
51.875, 85.125, 6.813622308474757e-24, nan 
52.125, 85.125, 7.118572988273926e-24, nan 
52.375, 85.125, 7.247238192541395e-24, nan 
52.625, 85.125, 7.630694585031044e-24, nan 
52.875, 85.125, 7.722298375240144e-24, nan 
53.125, 85.125, 7.524814038759163e-24, nan 
53.375, 85.125, 7.39514352692535e-24, nan 
53.625, 85.125, 7.513173704999288e-24, nan 
53.875, 85.125, 7.25675991008557e-24, nan 
54.125, 85.125, 7.335851688562716e-24, nan 
54.375, 85.125, 7.394745154008994e-24, nan 
54.625, 85.125, 7.570008683610753e-24, nan 
54.875, 85.125, 7.566817771272942e-24, nan 
55.125, 85.125, 7.567142448064059e-24, nan 
55.375, 85.125, 7.675825227560166e-24, nan 
55.625, 85.125, 7.756842085196414e-24, nan 
55.875, 85.125, 8.030281534143855e-24, nan 
56.125, 85.125, 8.148995268915154e-24, nan 
56.375, 85.125, 8.141315812418064e-24, nan 
56.625, 85.125, 7.94738112252486e-24, nan 
56.875, 85.125, 8.036393305944734e-24, nan 
57.125, 85.125, 8.233040046306553e-24, nan 
57.375, 85.125, 8.200671220223815e-24, nan 
57.625, 85.125, 8.174575099366024e-24, nan 
57.875, 85.125, 8.109032900837544e-24, nan 
58.125, 85.125, 8.088774434944059e-24, nan 
58.375, 85.125, 8.096529583149232e-24, nan 
58.625, 85.125, 7.917525425763783e-24, nan 
58.875, 85.125, 7.940543100566298e-24, nan 
59.125, 85.125, 7.934560287361014e-24, nan 
59.375, 85.125, 8.317609836146526e-24, nan 
59.625, 85.125, 8.719334762457512e-24, nan 
59.875, 85.125, 8.933592690603237e-24, nan 
60.125, 85.125, 9.002332459499097e-24, nan 
60.375, 85.125, 9.184417037474289e-24, nan 
60.625, 85.125, 9.547776703101834e-24, nan 
60.875, 85.125, 9.57988238089559e-24, nan 
61.125, 85.125, 9.792985757096763e-24, nan 
61.375, 85.125, 1.0028917207847056e-23, nan 
61.625, 85.125, 1.0223697910227315e-23, nan 
61.875, 85.125, 1.0136990254568886e-23, nan 
62.125, 85.125, 1.0293501504007908e-23, nan 
62.375, 85.125, 1.0354364346096698e-23, nan 
62.625, 85.125, 1.0068067865393023e-23, nan 
62.875, 85.125, 1.0225390370068569e-23, nan 
63.125, 85.125, 1.0388690132476962e-23, nan 
63.375, 85.125, 1.0400619056609091e-23, nan 
63.625, 85.125, 1.0272149157304652e-23, nan 
63.875, 85.125, 9.771079401145261e-24, nan 
64.125, 85.125, 9.524914017620337e-24, nan 
64.375, 85.125, 9.48652068436266e-24, nan 
64.625, 85.125, 9.32443135175117e-24, nan 
64.875, 85.125, 9.245395178184411e-24, nan 
65.125, 85.125, 9.38687661045819e-24, nan 
65.375, 85.125, 9.33449398031921e-24, nan 
65.625, 85.125, 9.410421365851698e-24, nan 
65.875, 85.125, 9.27719060028179e-24, nan 
66.125, 85.125, 9.297308711285867e-24, nan 
66.375, 85.125, 9.429109018873139e-24, nan 
66.625, 85.125, 9.588333929713305e-24, nan 
66.875, 85.125, 9.607720679732677e-24, nan 
67.125, 85.125, 9.70375053078914e-24, nan 
67.375, 85.125, 9.58872823003773e-24, nan 
67.625, 85.125, 9.816345498078503e-24, nan 
67.875, 85.125, 9.719894303672786e-24, nan 
68.125, 85.125, 9.719887422192499e-24, nan 
68.375, 85.125, 1.0269535925069461e-23, nan 
68.625, 85.125, 1.0667074586885928e-23, nan 
68.875, 85.125, 1.1379071980539673e-23, nan 
69.125, 85.125, 1.2093839837898592e-23, nan 
69.375, 85.125, 1.2355740874001027e-23, nan 
69.625, 85.125, 1.2722684289691277e-23, nan 
69.875, 85.125, 1.2338207392464149e-23, nan 
70.125, 85.125, 1.2058347892263329e-23, nan 
70.375, 85.125, 1.2187730359374991e-23, nan 
70.625, 85.125, 1.2064912988688967e-23, nan 
70.875, 85.125, 1.240507790626994e-23, nan 
71.125, 85.125, 1.274382610372455e-23, nan 
71.375, 85.125, 1.2369388432953324e-23, nan 
71.625, 85.125, 1.1062299869522607e-23, nan 
71.875, 85.125, 9.814991602045452e-24, nan 
72.125, 85.125, 9.476360890833572e-24, nan 
72.375, 85.125, 9.801990103742381e-24, nan 
72.625, 85.125, 1.0459672295635187e-23, nan 
72.875, 85.125, 1.075168536112362e-23, nan 
73.125, 85.125, 1.0188670611919437e-23, nan 
73.375, 85.125, 9.396197901691212e-24, nan 
73.625, 85.125, 9.250993250764114e-24, nan 
73.875, 85.125, 9.132203096515217e-24, nan 
74.125, 85.125, 1.0865112159572573e-23, nan 
74.375, 85.125, 1.0732007070823557e-23, nan 
74.625, 85.125, 1.0763570449819643e-23, nan 
74.875, 85.125, 9.982829839385206e-24, nan 
75.125, 85.125, 9.545048842658752e-24, nan 
75.375, 85.125, 9.43616683332371e-24, nan 
75.625, 85.125, 9.250764799071726e-24, nan 
75.875, 85.125, 9.292891997549921e-24, nan 
76.125, 85.125, 7.726955323983094e-24, nan 
76.375, 85.125, 8.360343848639983e-24, nan 
76.625, 85.125, 7.5094535610146e-24, nan 
76.875, 85.125, 9.219368432300875e-24, nan 
77.125, 85.125, 9.54663877378036e-24, nan 
77.375, 85.125, 7.42306346473876e-24, nan 
77.625, 85.125, 7.512913898530731e-24, nan 
77.875, 85.125, 5.698336703901202e-24, nan 
78.125, 85.125, 5.557636380419277e-24, nan 
78.375, 85.125, 6.2407464760909056e-24, nan 
78.625, 85.125, 6.62122774366807e-24, nan 
78.875, 85.125, 6.670709909564643e-24, nan 
79.125, 85.125, 6.592444915727189e-24, nan 
79.375, 85.125, 7.07680861966649e-24, nan 
79.625, 85.125, 7.249626015762336e-24, nan 
79.875, 85.125, 8.49229613827675e-24, nan 
80.125, 85.125, 8.92517326431081e-24, nan 
80.375, 85.125, 9.9573719541267e-24, nan 
80.625, 85.125, 1.023235440872578e-23, nan 
80.875, 85.125, 9.907562894725933e-24, nan 
81.125, 85.125, 1.0256742019799934e-23, nan 
81.375, 85.125, 1.0716977261424121e-23, nan 
81.625, 85.125, 1.1057205387083838e-23, nan 
81.875, 85.125, 1.1840187475464642e-23, nan 
82.125, 85.125, 1.2498947137111188e-23, nan 
82.375, 85.125, 1.316412601683227e-23, nan 
82.625, 85.125, 1.3401974930824696e-23, nan 
82.875, 85.125, 1.345693199256187e-23, nan 
83.125, 85.125, 1.30247940526113e-23, nan 
83.375, 85.125, 1.3228895750186557e-23, nan 
83.625, 85.125, 1.2898849916031469e-23, nan 
83.875, 85.125, 1.350521216685203e-23, nan 
84.125, 85.125, 1.451146865588524e-23, nan 
84.375, 85.125, 1.4646554744888045e-23, nan 
84.625, 85.125, 1.6175848430509017e-23, nan 
84.875, 85.125, 1.7382940120780575e-23, nan 
85.125, 85.125, 1.9210505747944078e-23, nan 
85.375, 85.125, 2.2894184027880467e-23, nan 
85.625, 85.125, 2.721161412952771e-23, nan 
85.875, 85.125, 2.85502822586078e-23, nan 
86.125, 85.125, 3.030270835414889e-23, nan 
86.375, 85.125, 3.0496390898078993e-23, nan 
86.625, 85.125, 2.859701341785976e-23, nan 
86.875, 85.125, 2.674285728390924e-23, nan 
87.125, 85.125, 2.5361868904718775e-23, nan 
87.375, 85.125, 2.4638630108032306e-23, nan 
87.625, 85.125, 2.3582483205216494e-23, nan 
87.875, 85.125, 2.2323090212173153e-23, nan 
88.125, 85.125, 2.1256292909523582e-23, nan 
88.375, 85.125, 2.0984343719710235e-23, nan 
88.625, 85.125, 2.1131028606056195e-23, nan 
88.875, 85.125, 1.9788050947028606e-23, nan 
89.125, 85.125, 1.9187510702921568e-23, nan 
89.375, 85.125, 1.9342199695236912e-23, nan 
89.625, 85.125, 2.0962065258878718e-23, nan 
89.875, 85.125, 2.2456230258074013e-23, nan 
90.125, 85.125, 2.0701681358153823e-23, nan 
90.375, 85.125, 1.643829865509464e-23, nan 
90.625, 85.125, 1.5128311989860384e-23, nan 
90.875, 85.125, 1.712005644496828e-23, nan 
91.125, 85.125, 1.7323108234346452e-23, nan 
91.375, 85.125, 1.851510724406515e-23, nan 
91.625, 85.125, 1.5257133880183232e-23, nan 
91.875, 85.125, 1.614763418960993e-23, nan 
92.125, 85.125, 1.648438783842948e-23, nan 
92.375, 85.125, 1.5543596037062084e-23, nan 
92.625, 85.125, 1.5103927197730856e-23, nan 
92.875, 85.125, 1.4170374854418074e-23, nan 
93.125, 85.125, 1.3922710705006172e-23, nan 
93.375, 85.125, 1.4322832435402405e-23, nan 
93.625, 85.125, 1.7628827210477906e-23, nan 
93.875, 85.125, 1.9162726486460148e-23, nan 
94.125, 85.125, 2.1584209184080625e-23, nan 
94.375, 85.125, 2.5237427332597548e-23, nan 
94.625, 85.125, 2.4812528109134202e-23, nan 
94.875, 85.125, 3.0586133382054906e-23, nan 
95.125, 85.125, 3.872041608452778e-23, nan 
95.375, 85.125, 4.287835756474331e-23, nan 
95.625, 85.125, 5.451952175370501e-23, nan 
95.875, 85.125, 6.091526455399158e-23, nan 
96.125, 85.125, 6.362358480690908e-23, nan 
96.375, 85.125, 6.335342617634589e-23, nan 
96.625, 85.125, 6.38941368938499e-23, nan 
96.875, 85.125, 6.585320486997267e-23, nan 
97.125, 85.125, 6.88869679525814e-23, nan 
97.375, 85.125, 6.710337055344225e-23, nan 
97.625, 85.125, 7.023480487129891e-23, nan 
97.875, 85.125, 5.566824004456633e-23, nan 
98.125, 85.125, 4.9854965881430354e-23, nan 
98.375, 85.125, 2.4022557229772227e-23, nan 
98.625, 85.125, 2.252688514892282e-23, nan 
98.875, 85.125, 2.2687252083021357e-23, nan 
99.125, 85.125, 2.289125423165303e-23, nan 
99.375, 85.125, 2.303844807431295e-23, nan 
99.625, 85.125, 2.3950347815474624e-23, nan 
99.875, 85.125, 2.3335470578612474e-23, nan 
100.125, 85.125, 2.2859496068581035e-23, nan 
100.375, 85.125, 2.2647999879794984e-23, nan 
100.625, 85.125, 2.2014559627109444e-23, nan 
100.875, 85.125, 2.2556883127465226e-23, nan 
101.125, 85.125, 2.403657538717973e-23, nan 
101.375, 85.125, 2.416453807910064e-23, nan 
101.625, 85.125, 2.4265633260214777e-23, nan 
101.875, 85.125, 2.4105261129864287e-23, nan 
102.125, 85.125, 2.383715912460672e-23, nan 
102.375, 85.125, 2.4601524033667652e-23, nan 
102.625, 85.125, 2.5518309649163557e-23, nan 
102.875, 85.125, 2.635802574118503e-23, nan 
103.125, 85.125, 2.669725858727864e-23, nan 
103.375, 85.125, 2.7304501502896487e-23, nan 
103.625, 85.125, 2.628630835340379e-23, nan 
103.875, 85.125, 2.5463501142848256e-23, nan 
104.125, 85.125, 2.3696013890135707e-23, nan 
104.375, 85.125, 2.0855678475296503e-23, nan 
104.625, 85.125, 1.762901957840144e-23, nan 
104.875, 85.125, 1.496707469495308e-23, nan 
105.125, 85.125, 1.590463681752052e-23, nan 
105.375, 85.125, 1.5169571880731036e-23, nan 
105.625, 85.125, 1.825627228539702e-23, nan 
105.875, 85.125, 2.4522015722281156e-23, nan 
106.125, 85.125, 2.87142235933203e-23, nan 
106.375, 85.125, 3.342493648227867e-23, nan 
106.625, 85.125, 3.9786590710651454e-23, nan 
106.875, 85.125, 4.7133302955472087e-23, nan 
107.125, 85.125, 5.921987204494984e-23, nan 
107.375, 85.125, 9.497284271965047e-23, nan 
107.625, 85.125, 1.112458443403716e-22, nan 
107.875, 85.125, 1.1948092953953062e-22, nan 
108.125, 85.125, 1.2071478683584768e-22, nan 
108.375, 85.125, 1.2138050145940667e-22, nan 
108.625, 85.125, 1.2460435982125467e-22, nan 
108.875, 85.125, 1.2676966509172589e-22, nan 
109.125, 85.125, 1.288151442704621e-22, nan 
109.375, 85.125, 1.2919671740793037e-22, nan 
109.625, 85.125, 1.2697895139643008e-22, nan 
109.875, 85.125, 1.285958022371444e-22, nan 
110.125, 85.125, 1.2929367484926753e-22, nan 
110.375, 85.125, 1.290099977017081e-22, nan 
110.625, 85.125, 1.3234994156267485e-22, nan 
110.875, 85.125, 1.3564083421703154e-22, nan 
111.125, 85.125, 1.2820168552026147e-22, nan 
111.375, 85.125, 1.2609891982893928e-22, nan 
111.625, 85.125, 1.2855936520178118e-22, nan 
111.875, 85.125, 1.2476301017053965e-22, nan 
112.125, 85.125, 1.1962629146683872e-22, nan 
112.375, 85.125, 1.1689327696015196e-22, nan 
112.625, 85.125, 1.1609104574572383e-22, nan 
112.875, 85.125, 1.145688336116115e-22, nan 
113.125, 85.125, 1.0333163732425702e-22, nan 
113.375, 85.125, 9.152621185129433e-23, nan 
113.625, 85.125, 8.655627516399999e-23, nan 
113.875, 85.125, 8.466318277565091e-23, nan 
114.125, 85.125, 8.384490410435359e-23, nan 
114.375, 85.125, 8.074609636520044e-23, nan 
114.625, 85.125, 8.13224551829765e-23, nan 
114.875, 85.125, 8.285176009591328e-23, nan 
115.125, 85.125, 8.890961241740182e-23, nan 
115.375, 85.125, 9.435892679163478e-23, nan 
115.625, 85.125, 1.0381264748463505e-22, nan 
115.875, 85.125, 9.893946030577932e-23, nan 
116.125, 85.125, 8.985475856040131e-23, nan 
116.375, 85.125, 8.355156679170218e-23, nan 
116.625, 85.125, 8.734062617860919e-23, nan 
116.875, 85.125, 9.195357002925382e-23, nan 
117.125, 85.125, 9.992326308764054e-23, nan 
117.375, 85.125, 1.1074571375687737e-22, nan 
117.625, 85.125, 1.1418858116622581e-22, nan 
117.875, 85.125, 1.1444502631691112e-22, nan 
118.125, 85.125, 1.160783422333795e-22, nan 
118.375, 85.125, 1.2064275884129033e-22, nan 
118.625, 85.125, 1.2126420815073114e-22, nan 
118.875, 85.125, 1.2297894327569793e-22, nan 
119.125, 85.125, 1.242867655673324e-22, nan 
119.375, 85.125, 1.2836013425328013e-22, nan 
119.625, 85.125, 1.3513181565866682e-22, nan 
119.875, 85.125, 1.3037816625115652e-22, nan 
120.125, 85.125, 1.3144009859402658e-22, nan 
120.375, 85.125, 1.3276152137740636e-22, nan 
120.625, 85.125, 1.262578636317282e-22, nan 
120.875, 85.125, 1.2377402526083135e-22, nan 
121.125, 85.125, 1.2071482977267066e-22, nan 
121.375, 85.125, 1.1911106832799275e-22, nan 
121.625, 85.125, 1.174821136223316e-22, nan 
121.875, 85.125, 1.1466325226166065e-22, nan 
122.125, 85.125, 1.0473080323245522e-22, nan 
122.375, 85.125, 9.546038445138848e-23, nan 
122.625, 85.125, 8.741836248100938e-23, nan 
122.875, 85.125, 8.896722409919022e-23, nan 
123.125, 85.125, 8.326564609257246e-23, nan 
123.375, 85.125, 7.431188950256121e-23, nan 
123.625, 85.125, 7.527365680447262e-23, nan 
123.875, 85.125, 8.349724311217401e-23, nan 
124.125, 85.125, 5.695898521723416e-23, nan 
124.375, 85.125, 4.162346272843652e-23, nan 
124.625, 85.125, 2.90888888282529e-23, nan 
124.875, 85.125, 2.486800636188015e-23, nan 
125.125, 85.125, 2.5360824236184715e-23, nan 
125.375, 85.125, 2.7233826094323754e-23, nan 
125.625, 85.125, 3.6991830608274936e-23, nan 
125.875, 85.125, 3.272398234226816e-23, nan 
126.125, 85.125, 2.587812819466115e-23, nan 
126.375, 85.125, 2.0893857919630512e-23, nan 
126.625, 85.125, 3.856383474399892e-23, nan 
126.875, 85.125, 4.3272297105360303e-23, nan 
127.125, 85.125, 4.272276329193221e-23, nan 
127.375, 85.125, 3.932125809497967e-23, nan 
127.625, 85.125, 4.161520205710336e-23, nan 
127.875, 85.125, 4.412375768130143e-23, nan 
128.125, 85.125, 4.677358609290108e-23, nan 
128.375, 85.125, 5.1116936637832814e-23, nan 
128.625, 85.125, 6.39053313555878e-23, nan 
128.875, 85.125, 8.632986729794807e-23, nan 
129.125, 85.125, 9.870974736859537e-23, nan 
129.375, 85.125, 9.342125504717442e-23, nan 
129.625, 85.125, 7.564998383975521e-23, nan 
129.875, 85.125, 5.328716065057475e-23, nan 
130.125, 85.125, 4.426147605830079e-23, nan 
130.375, 85.125, 4.8882828266826983e-23, nan 
130.625, 85.125, 5.0732927777094384e-23, nan 
130.875, 85.125, 4.415467660584971e-23, nan 
131.125, 85.125, 4.048627945777699e-23, nan 
131.375, 85.125, 3.649828522405703e-23, nan 
131.625, 85.125, 3.2834811925468835e-23, nan 
131.875, 85.125, 3.0529876656327076e-23, nan 
132.125, 85.125, 3.0468838511228456e-23, nan 
132.375, 85.125, 3.307194056608736e-23, nan 
132.625, 85.125, 3.810182099964656e-23, nan 
132.875, 85.125, 3.893386088892626e-23, nan 
133.125, 85.125, 4.315494845984107e-23, nan 
133.375, 85.125, 4.574688646843227e-23, nan 
133.625, 85.125, 4.456198091132475e-23, nan 
133.875, 85.125, 4.405821149119629e-23, nan 
134.125, 85.125, 4.262225538747669e-23, nan 
134.375, 85.125, 3.892968891473566e-23, nan 
134.625, 85.125, 3.328923892024286e-23, nan 
134.875, 85.125, 3.2927877201551365e-23, nan 
135.125, 85.125, 3.2716347028360405e-23, nan 
135.375, 85.125, 3.369430442868257e-23, nan 
135.625, 85.125, 3.4527827485024386e-23, nan 
135.875, 85.125, 4.0231679097933354e-23, nan 
136.125, 85.125, 4.2512727177632274e-23, nan 
136.375, 85.125, 4.109422116964677e-23, nan 
136.625, 85.125, 4.169364036952966e-23, nan 
136.875, 85.125, 4.113544533257828e-23, nan 
137.125, 85.125, 4.0066731280054454e-23, nan 
137.375, 85.125, 3.931993097857453e-23, nan 
137.625, 85.125, 4.506964346839132e-23, nan 
137.875, 85.125, 5.010940653482888e-23, nan 
138.125, 85.125, 5.990548925079316e-23, nan 
138.375, 85.125, 7.137925222185169e-23, nan 
138.625, 85.125, 7.790224666400908e-23, nan 
138.875, 85.125, 8.387589467220507e-23, nan 
139.125, 85.125, 8.33622185648319e-23, nan 
139.375, 85.125, 8.143912368268801e-23, nan 
139.625, 85.125, 7.942701954305829e-23, nan 
139.875, 85.125, 8.266518203761458e-23, nan 
140.125, 85.125, 8.359107402238948e-23, nan 
140.375, 85.125, 8.747271393844425e-23, nan 
140.625, 85.125, 9.359998723623675e-23, nan 
140.875, 85.125, 9.113988358694528e-23, nan 
141.125, 85.125, 8.83348274683302e-23, nan 
141.375, 85.125, 8.808562153210973e-23, nan 
141.625, 85.125, 8.97508108645351e-23, nan 
141.875, 85.125, 8.592283815203445e-23, nan 
142.125, 85.125, 8.172538127582943e-23, nan 
142.375, 85.125, 8.178425147082458e-23, nan 
142.625, 85.125, 8.350802758288178e-23, nan 
142.875, 85.125, 9.008624123360366e-23, nan 
143.125, 85.125, 9.78134583617476e-23, nan 
143.375, 85.125, 1.0310171375021507e-22, nan 
143.625, 85.125, 1.0394771002634119e-22, nan 
143.875, 85.125, 1.005724796152529e-22, nan 
144.125, 85.125, 9.076476821733629e-23, nan 
144.375, 85.125, 8.239272601504872e-23, nan 
144.625, 85.125, 8.899430692971186e-23, nan 
144.875, 85.125, 1.0233307133512179e-22, nan 
145.125, 85.125, 1.0880238990745108e-22, nan 
145.375, 85.125, 1.0986253904143747e-22, nan 
145.625, 85.125, 1.1444015598898878e-22, nan 
145.875, 85.125, 1.2128567910986454e-22, nan 
146.125, 85.125, 1.255827105101074e-22, nan 
146.375, 85.125, 1.2831879224094073e-22, nan 
146.625, 85.125, 1.3234340236419947e-22, nan 
146.875, 85.125, 1.2152866664644764e-22, nan 
147.125, 85.125, 1.0549645208768601e-22, nan 
147.375, 85.125, 9.456475587569315e-23, nan 
147.625, 85.125, 8.96976007103667e-23, nan 
147.875, 85.125, 7.887141055984449e-23, nan 
148.125, 85.125, 7.889452935185648e-23, nan 
148.375, 85.125, 8.938343102062308e-23, nan 
148.625, 85.125, 8.157148500825623e-23, nan 
148.875, 85.125, 7.650076411882849e-23, nan 
149.125, 85.125, 8.12906580411575e-23, nan 
149.375, 85.125, 8.27833756614016e-23, nan 
149.625, 85.125, 8.267538266063583e-23, nan 
149.875, 85.125, 8.338661303863108e-23, nan 
150.125, 85.125, 7.73100635232437e-23, nan 
150.375, 85.125, 7.495565824063699e-23, nan 
150.625, 85.125, 7.468722632104149e-23, nan 
150.875, 85.125, 8.443061248732207e-23, nan 
151.125, 85.125, 1.0221014066161106e-22, nan 
151.375, 85.125, 1.1051810872776487e-22, nan 
151.625, 85.125, 1.0223726874048329e-22, nan 
151.875, 85.125, 1.008719671674273e-22, nan 
152.125, 85.125, 9.436381441079259e-23, nan 
152.375, 85.125, 9.532733321706341e-23, nan 
152.625, 85.125, 8.885219388437599e-23, nan 
152.875, 85.125, 8.818077759358393e-23, nan 
153.125, 85.125, 8.40909032724045e-23, nan 
153.375, 85.125, 7.778945905298623e-23, nan 
153.625, 85.125, 6.935316124468348e-23, nan 
153.875, 85.125, 5.7320266121252e-23, nan 
154.125, 85.125, 6.059352511081175e-23, nan 
154.375, 85.125, 5.699895156391637e-23, nan 
154.625, 85.125, 4.2423549204822814e-23, nan 
154.875, 85.125, 4.08038508755962e-23, nan 
155.125, 85.125, 3.9463123181458407e-23, nan 
155.375, 85.125, 4.078213893276053e-23, nan 
155.625, 85.125, 4.1353966554135596e-23, nan 
155.875, 85.125, 4.143333491776471e-23, nan 
156.125, 85.125, 4.099362297029434e-23, nan 
156.375, 85.125, 3.812679149134952e-23, nan 
156.625, 85.125, 3.4112554380773885e-23, nan 
156.875, 85.125, 3.4163971710914307e-23, nan 
157.125, 85.125, 4.2128677074495106e-23, nan 
157.375, 85.125, 4.3507017339972787e-23, nan 
157.625, 85.125, 4.83256066555363e-23, nan 
157.875, 85.125, 5.1047136606790933e-23, nan 
158.125, 85.125, 6.299201397288553e-23, nan 
158.375, 85.125, 7.442745314612015e-23, nan 
158.625, 85.125, 8.009079497622137e-23, nan 
158.875, 85.125, 7.938378196424377e-23, nan 
159.125, 85.125, 8.862230351474814e-23, nan 
159.375, 85.125, 9.644519752323122e-23, nan 
159.625, 85.125, 9.4414276126507e-23, nan 
159.875, 85.125, 1.0149565888191211e-22, nan 
160.125, 85.125, 1.071745946863235e-22, nan 
160.375, 85.125, 9.625820759134053e-23, nan 
160.625, 85.125, 9.139818532303115e-23, nan 
160.875, 85.125, 8.483382346401347e-23, nan 
161.125, 85.125, 8.301195195563213e-23, nan 
161.375, 85.125, 8.184451681835809e-23, nan 
161.625, 85.125, 8.0190993426865e-23, nan 
161.875, 85.125, 7.790093895962204e-23, nan 
162.125, 85.125, 7.79854404390926e-23, nan 
162.375, 85.125, 7.676055018141974e-23, nan 
162.625, 85.125, 7.514549018449098e-23, nan 
162.875, 85.125, 7.497469458081248e-23, nan 
163.125, 85.125, 7.368418785475318e-23, nan 
163.375, 85.125, 7.269063720854634e-23, nan 
163.625, 85.125, 7.10687666259135e-23, nan 
163.875, 85.125, 6.768111322009313e-23, nan 
164.125, 85.125, 6.583114061837442e-23, nan 
164.375, 85.125, 6.376411325243516e-23, nan 
164.625, 85.125, 6.127928941286462e-23, nan 
164.875, 85.125, 6.061773747476699e-23, nan 
165.125, 85.125, 5.950938716633509e-23, nan 
165.375, 85.125, 5.72031702682297e-23, nan 
165.625, 85.125, 5.567581392103402e-23, nan 
165.875, 85.125, 5.450849162815522e-23, nan 
166.125, 85.125, 5.272004599228147e-23, nan 
166.375, 85.125, 5.2169797865612914e-23, nan 
166.625, 85.125, 5.0154748841931264e-23, nan 
166.875, 85.125, 4.6684695259695116e-23, nan 
167.125, 85.125, 4.187643899549709e-23, nan 
167.375, 85.125, 2.5293988482363568e-23, nan 
167.625, 85.125, 2.682666926767982e-23, nan 
167.875, 85.125, 2.918674375584046e-23, nan 
168.125, 85.125, 2.3064588658701e-23, nan 
168.375, 85.125, 1.3197808929165278e-23, nan 
168.625, 85.125, 9.749278666284909e-24, nan 
168.875, 85.125, 9.7772582456592e-24, nan 
169.125, 85.125, 1.1006551203510389e-23, nan 
169.375, 85.125, 1.0768150844690018e-23, nan 
169.625, 85.125, 9.946803972427558e-24, nan 
169.875, 85.125, 9.365083364629997e-24, nan 
170.125, 85.125, 9.226969106941181e-24, nan 
170.375, 85.125, 8.100438667455579e-24, nan 
170.625, 85.125, 7.333204442155245e-24, nan 
170.875, 85.125, 7.373211438445788e-24, nan 
171.125, 85.125, 8.99699574396828e-24, nan 
171.375, 85.125, 9.429956648522481e-24, nan 
171.625, 85.125, 8.192966197340591e-24, nan 
171.875, 85.125, 8.278703501578388e-24, nan 
172.125, 85.125, 8.42909237376962e-24, nan 
172.375, 85.125, 9.527457353313685e-24, nan 
172.625, 85.125, 1.158360725285571e-23, nan 
172.875, 85.125, 1.499636865813159e-23, nan 
173.125, 85.125, 2.0743223169684702e-23, nan 
173.375, 85.125, 2.721206231316842e-23, nan 
173.625, 85.125, 3.3686457367609986e-23, nan 
173.875, 85.125, 4.021528530753076e-23, nan 
174.125, 85.125, 4.474758174816539e-23, nan 
174.375, 85.125, 4.6476184163679796e-23, nan 
174.625, 85.125, 4.713842471949396e-23, nan 
174.875, 85.125, 4.701083026540616e-23, nan 
175.125, 85.125, 4.6544939253540894e-23, nan 
175.375, 85.125, 4.46210481993875e-23, nan 
175.625, 85.125, 3.816593157745418e-23, nan 
175.875, 85.125, 2.3977137679832533e-23, nan 
176.125, 85.125, 1.9869988283012622e-23, nan 
176.375, 85.125, 2.316923334319772e-23, nan 
176.625, 85.125, 2.471671451345403e-23, nan 
176.875, 85.125, 2.5358679890267785e-23, nan 
177.125, 85.125, 2.5197429603451805e-23, nan 
177.375, 85.125, 2.960009230447149e-23, nan 
177.625, 85.125, 3.0076811220955974e-23, nan 
177.875, 85.125, 2.991280713807065e-23, nan 
178.125, 85.125, 2.92807656780362e-23, nan 
178.375, 85.125, 2.732208527439196e-23, nan 
178.625, 85.125, 2.5740293832754902e-23, nan 
178.875, 85.125, 2.487497811629919e-23, nan 
179.125, 85.125, 2.3825525450191545e-23, nan 
179.375, 85.125, 2.2128446761640273e-23, nan 
179.625, 85.125, 2.1138387659239182e-23, nan 
179.875, 85.125, 1.9779427468903935e-23, nan 
-179.875, 85.375, 3.2142013433224946e-23, nan 
-179.625, 85.375, 3.174238853580326e-23, nan 
-179.375, 85.375, 2.88041856785025e-23, nan 
-179.125, 85.375, 2.3385751377118273e-23, nan 
-178.875, 85.375, 1.2033514712083645e-23, nan 
-178.625, 85.375, 1.497566024616408e-23, nan 
-178.375, 85.375, 1.8786699311416275e-23, nan 
-178.125, 85.375, 2.5548642899388466e-23, nan 
-177.875, 85.375, 3.3036614176533207e-23, nan 
-177.625, 85.375, 4.026717746729813e-23, nan 
-177.375, 85.375, 4.862158156889045e-23, nan 
-177.125, 85.375, 5.029742335281426e-23, nan 
-176.875, 85.375, 4.9030019654479483e-23, nan 
-176.625, 85.375, 4.8686075668720195e-23, nan 
-176.375, 85.375, 5.037055437920519e-23, nan 
-176.125, 85.375, 5.27246530826128e-23, nan 
-175.875, 85.375, 5.641852849516665e-23, nan 
-175.625, 85.375, 5.572417063421449e-23, nan 
-175.375, 85.375, 6.687727457234212e-23, nan 
-175.125, 85.375, 6.878389380422446e-23, nan 
-174.875, 85.375, 7.056681736005385e-23, nan 
-174.625, 85.375, 6.899195344467591e-23, nan 
-174.375, 85.375, 5.162370464158299e-23, nan 
-174.125, 85.375, 4.074154148549896e-23, nan 
-173.875, 85.375, 4.002726020836072e-23, nan 
-173.625, 85.375, 3.8915727251691755e-23, nan 
-173.375, 85.375, 3.691919098960406e-23, nan 
-173.125, 85.375, 3.62295046479512e-23, nan 
-172.875, 85.375, 3.6281622569514855e-23, nan 
-172.625, 85.375, 3.902077660491348e-23, nan 
-172.375, 85.375, 4.1141569680899145e-23, nan 
-172.125, 85.375, 5.040143847052252e-23, nan 
-171.875, 85.375, 5.366404258061688e-23, nan 
-171.625, 85.375, 5.367494310439364e-23, nan 
-171.375, 85.375, 5.316783833352009e-23, nan 
-171.125, 85.375, 4.505070233040809e-23, nan 
-170.875, 85.375, 3.9349071463917024e-23, nan 
-170.625, 85.375, 3.9226848911342506e-23, nan 
-170.375, 85.375, 4.04434734598709e-23, nan 
-170.125, 85.375, 4.2409729849244414e-23, nan 
-169.875, 85.375, 4.3795967544808434e-23, nan 
-169.625, 85.375, 4.4749616159515504e-23, nan 
-169.375, 85.375, 4.3900747324878496e-23, nan 
-169.125, 85.375, 4.500353919542107e-23, nan 
-168.875, 85.375, 4.699321770036092e-23, nan 
-168.625, 85.375, 4.790952907772967e-23, nan 
-168.375, 85.375, 4.8217001139897326e-23, nan 
-168.125, 85.375, 4.7453227578942693e-23, nan 
-167.875, 85.375, 4.592336155298003e-23, nan 
-167.625, 85.375, 4.217113116412218e-23, nan 
-167.375, 85.375, 3.9053801725372757e-23, nan 
-167.125, 85.375, 2.3921724921129687e-23, nan 
-166.875, 85.375, 6.885818961607121e-24, nan 
-166.625, 85.375, 4.799406144626574e-24, nan 
-166.375, 85.375, 4.676351796557177e-24, nan 
-166.125, 85.375, 4.623602431156798e-24, nan 
-165.875, 85.375, 4.567866085318614e-24, nan 
8.625, 85.375, 4.099538309791641e-24, nan 
8.875, 85.375, 4.033956383355336e-24, nan 
9.125, 85.375, 3.953996435937717e-24, nan 
9.375, 85.375, 3.8872152594018476e-24, nan 
9.625, 85.375, 3.776702084517568e-24, nan 
9.875, 85.375, 3.720791611918843e-24, nan 
10.125, 85.375, 3.318150465634426e-24, nan 
10.375, 85.375, 3.1689855659633066e-24, nan 
10.625, 85.375, 3.123349441064245e-24, nan 
10.875, 85.375, 3.0216070413801688e-24, nan 
11.125, 85.375, 2.876309400991441e-24, nan 
11.375, 85.375, 2.8253695529222678e-24, nan 
11.625, 85.375, 2.570861570759648e-24, nan 
11.875, 85.375, 2.2658255291870777e-24, nan 
12.125, 85.375, 2.089565364936703e-24, nan 
12.375, 85.375, 2.023858864788801e-24, nan 
12.625, 85.375, 2.121962204682552e-24, nan 
12.875, 85.375, 2.266242015411723e-24, nan 
13.125, 85.375, 2.3673005476188325e-24, nan 
13.375, 85.375, 2.5426419267317844e-24, nan 
13.625, 85.375, 2.8047663807573216e-24, nan 
13.875, 85.375, 2.8795186889623737e-24, nan 
14.125, 85.375, 2.689708857506513e-24, nan 
14.375, 85.375, 3.0408383847654894e-24, nan 
14.625, 85.375, 3.2162650020950773e-24, nan 
14.875, 85.375, 3.152206821113652e-24, nan 
15.125, 85.375, 3.2377649382365386e-24, nan 
15.375, 85.375, 3.0901387185185737e-24, nan 
15.625, 85.375, 3.0419281849600347e-24, nan 
15.875, 85.375, 3.2838755767322973e-24, nan 
16.125, 85.375, 3.4737328861913646e-24, nan 
16.375, 85.375, 3.540391611367612e-24, nan 
16.625, 85.375, 3.677591141046687e-24, nan 
16.875, 85.375, 3.9970165040070245e-24, nan 
17.125, 85.375, 4.209368884249869e-24, nan 
17.375, 85.375, 4.1583578487939765e-24, nan 
17.625, 85.375, 4.313220022624485e-24, nan 
17.875, 85.375, 4.440558831958513e-24, nan 
18.125, 85.375, 4.584315699920592e-24, nan 
18.375, 85.375, 4.724129897003058e-24, nan 
18.625, 85.375, 4.826001305829336e-24, nan 
18.875, 85.375, 4.868334619949267e-24, nan 
19.125, 85.375, 4.974366513635343e-24, nan 
19.375, 85.375, 5.057676414963451e-24, nan 
19.625, 85.375, 5.499257841804661e-24, nan 
19.875, 85.375, 5.90520878029832e-24, nan 
20.125, 85.375, 6.497406737565209e-24, nan 
20.375, 85.375, 6.733399597120392e-24, nan 
20.625, 85.375, 7.411034482312731e-24, nan 
20.875, 85.375, 7.789090849371582e-24, nan 
21.125, 85.375, 8.109074394259184e-24, nan 
21.375, 85.375, 9.208899643197009e-24, nan 
21.625, 85.375, 1.0399892028364614e-23, nan 
21.875, 85.375, 1.0157103928200237e-23, nan 
22.125, 85.375, 8.097112286462021e-24, nan 
22.375, 85.375, 7.206766812911166e-24, nan 
22.625, 85.375, 6.773451469070753e-24, nan 
22.875, 85.375, 6.414353751248754e-24, nan 
23.125, 85.375, 6.68163958317864e-24, nan 
23.375, 85.375, 6.923027752613941e-24, nan 
23.625, 85.375, 7.064742679775465e-24, nan 
23.875, 85.375, 7.795915459309786e-24, nan 
24.125, 85.375, 8.575576932885505e-24, nan 
24.375, 85.375, 8.893362973399145e-24, nan 
24.625, 85.375, 9.258883251786476e-24, nan 
24.875, 85.375, 9.504536662994997e-24, nan 
25.125, 85.375, 9.367707009604328e-24, nan 
25.375, 85.375, 8.571613197730588e-24, nan 
25.625, 85.375, 8.070333618747494e-24, nan 
25.875, 85.375, 8.058854237849142e-24, nan 
26.125, 85.375, 8.269339091100982e-24, nan 
26.375, 85.375, 8.313161091758038e-24, nan 
26.625, 85.375, 8.307078400242793e-24, nan 
26.875, 85.375, 7.745457935720327e-24, nan 
27.125, 85.375, 7.207629121448806e-24, nan 
27.375, 85.375, 6.899903117029874e-24, nan 
27.625, 85.375, 6.046742231000419e-24, nan 
27.875, 85.375, 5.703611356827084e-24, nan 
28.125, 85.375, 5.2581611605054665e-24, nan 
28.375, 85.375, 5.1213881923808164e-24, nan 
28.625, 85.375, 4.842638467735093e-24, nan 
28.875, 85.375, 4.580594755399105e-24, nan 
29.125, 85.375, 4.3816014903760886e-24, nan 
29.375, 85.375, 4.165832340156884e-24, nan 
29.625, 85.375, 3.995742648667085e-24, nan 
29.875, 85.375, 3.8096694144758405e-24, nan 
30.125, 85.375, 3.5814724068748116e-24, nan 
30.375, 85.375, 3.3529606646158974e-24, nan 
30.625, 85.375, 3.318219469775811e-24, nan 
30.875, 85.375, 3.0511650313285038e-24, nan 
31.125, 85.375, 2.8602179491302395e-24, nan 
31.375, 85.375, 2.8302782418650744e-24, nan 
31.625, 85.375, 2.5844161288675326e-24, nan 
31.875, 85.375, 2.5231405120642153e-24, nan 
32.125, 85.375, 2.3753272989002267e-24, nan 
32.375, 85.375, 2.1879160077434882e-24, nan 
32.625, 85.375, 2.1612974484348534e-24, nan 
32.875, 85.375, 2.1246601598584592e-24, nan 
33.125, 85.375, 2.0696015845220703e-24, nan 
33.375, 85.375, 2.0900365870336484e-24, nan 
33.625, 85.375, 2.0688889668882524e-24, nan 
33.875, 85.375, 2.0121936228052455e-24, nan 
34.125, 85.375, 2.075951308830256e-24, nan 
34.375, 85.375, 2.1255162571002807e-24, nan 
34.625, 85.375, 2.1571198280219045e-24, nan 
34.875, 85.375, 2.217101365294734e-24, nan 
35.125, 85.375, 2.3226847427580064e-24, nan 
35.375, 85.375, 2.3727218686842556e-24, nan 
35.625, 85.375, 2.4623984023358173e-24, nan 
35.875, 85.375, 2.5261802475972956e-24, nan 
36.125, 85.375, 2.6976667765653427e-24, nan 
36.375, 85.375, 2.8325327169773324e-24, nan 
36.625, 85.375, 3.0049371880629417e-24, nan 
36.875, 85.375, 3.0938269875134324e-24, nan 
37.125, 85.375, 3.275308963364128e-24, nan 
37.375, 85.375, 3.457004224296952e-24, nan 
37.625, 85.375, 3.7192638311654016e-24, nan 
37.875, 85.375, 3.9513334325760876e-24, nan 
38.125, 85.375, 4.054597889281921e-24, nan 
38.375, 85.375, 4.303888109986417e-24, nan 
38.625, 85.375, 4.375688795862811e-24, nan 
38.875, 85.375, 4.5429075276048575e-24, nan 
39.125, 85.375, 4.651578552711846e-24, nan 
39.375, 85.375, 4.717400314937334e-24, nan 
39.625, 85.375, 4.709153684457959e-24, nan 
39.875, 85.375, 4.58293602298161e-24, nan 
40.125, 85.375, 4.373975499190221e-24, nan 
40.375, 85.375, 4.087083941718085e-24, nan 
40.625, 85.375, 3.705192473102227e-24, nan 
40.875, 85.375, 3.709993012274077e-24, nan 
41.125, 85.375, 3.689651162011715e-24, nan 
41.375, 85.375, 3.760734772712005e-24, nan 
41.625, 85.375, 3.720176203471487e-24, nan 
41.875, 85.375, 3.633797106759976e-24, nan 
42.125, 85.375, 4.096742408650945e-24, nan 
42.375, 85.375, 4.392547669296189e-24, nan 
42.625, 85.375, 4.856657315112436e-24, nan 
42.875, 85.375, 4.915676272258523e-24, nan 
43.125, 85.375, 4.929725568398374e-24, nan 
43.375, 85.375, 5.0806768604396195e-24, nan 
43.625, 85.375, 5.050953896464035e-24, nan 
43.875, 85.375, 4.993098475722979e-24, nan 
44.125, 85.375, 5.156360299493404e-24, nan 
44.375, 85.375, 4.969839947100153e-24, nan 
44.625, 85.375, 5.3219372082394804e-24, nan 
44.875, 85.375, 5.554451333109506e-24, nan 
45.125, 85.375, 5.7992575784729575e-24, nan 
45.375, 85.375, 6.167404835184747e-24, nan 
45.625, 85.375, 6.37628536585541e-24, nan 
45.875, 85.375, 6.648802387150484e-24, nan 
46.125, 85.375, 6.756811798273442e-24, nan 
46.375, 85.375, 6.812596967565211e-24, nan 
46.625, 85.375, 6.877713508361859e-24, nan 
46.875, 85.375, 6.851384831135367e-24, nan 
47.125, 85.375, 6.759542065655832e-24, nan 
47.375, 85.375, 6.640902533395844e-24, nan 
47.625, 85.375, 6.440364200923521e-24, nan 
47.875, 85.375, 6.3076185755510805e-24, nan 
48.125, 85.375, 6.2150336073538894e-24, nan 
48.375, 85.375, 6.053714733839617e-24, nan 
48.625, 85.375, 5.840285747699586e-24, nan 
48.875, 85.375, 5.4081908089504675e-24, nan 
49.125, 85.375, 5.195416418536404e-24, nan 
49.375, 85.375, 5.118505397425582e-24, nan 
49.625, 85.375, 5.087161355814678e-24, nan 
49.875, 85.375, 5.144589474057056e-24, nan 
50.125, 85.375, 5.203348091072932e-24, nan 
50.375, 85.375, 5.278761518356911e-24, nan 
50.625, 85.375, 4.777735822255744e-24, nan 
50.875, 85.375, 4.440521083864948e-24, nan 
51.125, 85.375, 4.337859769645563e-24, nan 
51.375, 85.375, 4.227749773333127e-24, nan 
51.625, 85.375, 4.8513416372411034e-24, nan 
51.875, 85.375, 4.8664962318673874e-24, nan 
52.125, 85.375, 5.1470290341515045e-24, nan 
52.375, 85.375, 5.302427040427754e-24, nan 
52.625, 85.375, 5.673348120559647e-24, nan 
52.875, 85.375, 5.916738917857202e-24, nan 
53.125, 85.375, 5.832631434323635e-24, nan 
53.375, 85.375, 5.682388664007078e-24, nan 
53.625, 85.375, 5.9301447603480255e-24, nan 
53.875, 85.375, 5.47806202151809e-24, nan 
54.125, 85.375, 5.50013622173344e-24, nan 
54.375, 85.375, 5.766752183316794e-24, nan 
54.625, 85.375, 6.1421358746345324e-24, nan 
54.875, 85.375, 6.384799869740515e-24, nan 
55.125, 85.375, 6.511918408902488e-24, nan 
55.375, 85.375, 6.688282632998884e-24, nan 
55.625, 85.375, 6.730969596615856e-24, nan 
55.875, 85.375, 7.034164246521417e-24, nan 
56.125, 85.375, 7.11367057437446e-24, nan 
56.375, 85.375, 7.117314408287169e-24, nan 
56.625, 85.375, 6.909679062811075e-24, nan 
56.875, 85.375, 7.095661401140897e-24, nan 
57.125, 85.375, 7.214670563245955e-24, nan 
57.375, 85.375, 7.135839233980929e-24, nan 
57.625, 85.375, 7.116404967578132e-24, nan 
57.875, 85.375, 7.110341435970767e-24, nan 
58.125, 85.375, 7.038638002125726e-24, nan 
58.375, 85.375, 6.984370166578175e-24, nan 
58.625, 85.375, 6.649460493641465e-24, nan 
58.875, 85.375, 6.460785203780756e-24, nan 
59.125, 85.375, 6.242183047004491e-24, nan 
59.375, 85.375, 5.9726804790450156e-24, nan 
59.625, 85.375, 5.983751801643439e-24, nan 
59.875, 85.375, 5.6860693750026126e-24, nan 
60.125, 85.375, 5.348707298763349e-24, nan 
60.375, 85.375, 5.241773038319537e-24, nan 
60.625, 85.375, 5.26164321498593e-24, nan 
60.875, 85.375, 5.178839493317632e-24, nan 
61.125, 85.375, 5.2770633062109885e-24, nan 
61.375, 85.375, 5.303228740090773e-24, nan 
61.625, 85.375, 5.418987537491384e-24, nan 
61.875, 85.375, 5.521395413963356e-24, nan 
62.125, 85.375, 5.75721857383503e-24, nan 
62.375, 85.375, 5.786613939524538e-24, nan 
62.625, 85.375, 6.017154906345166e-24, nan 
62.875, 85.375, 6.276520514664008e-24, nan 
63.125, 85.375, 6.422328390466888e-24, nan 
63.375, 85.375, 6.586784333070217e-24, nan 
63.625, 85.375, 6.711808846553985e-24, nan 
63.875, 85.375, 6.758519672556742e-24, nan 
64.125, 85.375, 6.765997508346528e-24, nan 
64.375, 85.375, 6.920560688735707e-24, nan 
64.625, 85.375, 6.946375807530575e-24, nan 
64.875, 85.375, 7.212512353167246e-24, nan 
65.125, 85.375, 7.341001718677596e-24, nan 
65.375, 85.375, 7.389529928525544e-24, nan 
65.625, 85.375, 7.421467801053024e-24, nan 
65.875, 85.375, 7.426329108632712e-24, nan 
66.125, 85.375, 7.495113709817841e-24, nan 
66.375, 85.375, 7.603626210067715e-24, nan 
66.625, 85.375, 7.703620917121094e-24, nan 
66.875, 85.375, 7.879606709743076e-24, nan 
67.125, 85.375, 8.440081687693516e-24, nan 
67.375, 85.375, 8.989621130112228e-24, nan 
67.625, 85.375, 9.722836399636132e-24, nan 
67.875, 85.375, 1.0194139978212018e-23, nan 
68.125, 85.375, 1.034161735363155e-23, nan 
68.375, 85.375, 9.893485284821922e-24, nan 
68.625, 85.375, 9.640558370691063e-24, nan 
68.875, 85.375, 9.898164258519944e-24, nan 
69.125, 85.375, 1.0101348332158399e-23, nan 
69.375, 85.375, 9.964352607296481e-24, nan 
69.625, 85.375, 9.906109285683765e-24, nan 
69.875, 85.375, 9.840443005223433e-24, nan 
70.125, 85.375, 9.774722280183087e-24, nan 
70.375, 85.375, 1.0306447268644492e-23, nan 
70.625, 85.375, 1.0296489584028766e-23, nan 
70.875, 85.375, 9.737693581598987e-24, nan 
71.125, 85.375, 9.054198884739114e-24, nan 
71.375, 85.375, 8.289206702934707e-24, nan 
71.625, 85.375, 7.702940967461337e-24, nan 
71.875, 85.375, 7.153506152804661e-24, nan 
72.125, 85.375, 7.323077902016076e-24, nan 
72.375, 85.375, 7.488235263001797e-24, nan 
72.625, 85.375, 7.90339968375672e-24, nan 
72.875, 85.375, 8.238123357376548e-24, nan 
73.125, 85.375, 7.90786376662307e-24, nan 
73.375, 85.375, 7.487490942205477e-24, nan 
73.625, 85.375, 6.22850774767395e-24, nan 
73.875, 85.375, 6.0723555115766034e-24, nan 
74.125, 85.375, 6.640469376717924e-24, nan 
74.375, 85.375, 6.909917473934748e-24, nan 
74.625, 85.375, 1.0800743730070425e-23, nan 
74.875, 85.375, 1.200260308654561e-23, nan 
75.125, 85.375, 1.1389482786433152e-23, nan 
75.375, 85.375, 1.1989664626181757e-23, nan 
75.625, 85.375, 1.144692698254847e-23, nan 
75.875, 85.375, 1.1520783032330418e-23, nan 
76.125, 85.375, 1.1373632257731829e-23, nan 
76.375, 85.375, 1.4104207537343272e-23, nan 
76.625, 85.375, 1.3061342549495594e-23, nan 
76.875, 85.375, 1.9663727153158596e-23, nan 
77.125, 85.375, 1.9639176946199162e-23, nan 
77.375, 85.375, 2.0184376369008435e-23, nan 
77.625, 85.375, 2.0087735545085077e-23, nan 
77.875, 85.375, 1.8618653955914405e-23, nan 
78.125, 85.375, 1.858225265490638e-23, nan 
78.375, 85.375, 1.6145598208840827e-23, nan 
78.625, 85.375, 1.4090120963357865e-23, nan 
78.875, 85.375, 1.2496223661593998e-23, nan 
79.125, 85.375, 9.958530824631688e-24, nan 
79.375, 85.375, 9.661827935613703e-24, nan 
79.625, 85.375, 9.677290325429977e-24, nan 
79.875, 85.375, 7.915220985893795e-24, nan 
80.125, 85.375, 8.639084241268033e-24, nan 
80.375, 85.375, 7.77913107505485e-24, nan 
80.625, 85.375, 6.114949005210333e-24, nan 
80.875, 85.375, 4.082511907559773e-24, nan 
81.125, 85.375, 3.0528077943801046e-24, nan 
81.375, 85.375, 7.026336952210684e-24, nan 
81.625, 85.375, 9.692918873790116e-24, nan 
81.875, 85.375, 1.2594861869195324e-23, nan 
82.125, 85.375, 1.6393913944133905e-23, nan 
82.375, 85.375, 1.9363401563284777e-23, nan 
82.625, 85.375, 2.1183986086374048e-23, nan 
82.875, 85.375, 2.2497863984571953e-23, nan 
83.125, 85.375, 2.0395436488293804e-23, nan 
83.375, 85.375, 1.8621886132392684e-23, nan 
83.625, 85.375, 1.6218103007911883e-23, nan 
83.875, 85.375, 1.4004731529039248e-23, nan 
84.125, 85.375, 1.2309801270672159e-23, nan 
84.375, 85.375, 1.168055661382664e-23, nan 
84.625, 85.375, 1.116246485697153e-23, nan 
84.875, 85.375, 1.3568823204847981e-23, nan 
85.125, 85.375, 1.7355907557254166e-23, nan 
85.375, 85.375, 2.4226196242836724e-23, nan 
85.625, 85.375, 3.255686130975549e-23, nan 
85.875, 85.375, 3.489526979584811e-23, nan 
86.125, 85.375, 3.784592906021301e-23, nan 
86.375, 85.375, 3.675306245188899e-23, nan 
86.625, 85.375, 3.458915819214641e-23, nan 
86.875, 85.375, 3.2207785205313465e-23, nan 
87.125, 85.375, 2.985921666329657e-23, nan 
87.375, 85.375, 2.6451323284552668e-23, nan 
87.625, 85.375, 2.456266468949552e-23, nan 
87.875, 85.375, 2.179988137568508e-23, nan 
88.125, 85.375, 1.9506971892417688e-23, nan 
88.375, 85.375, 1.670242157045814e-23, nan 
88.625, 85.375, 1.526065521457676e-23, nan 
88.875, 85.375, 1.5138354764681758e-23, nan 
89.125, 85.375, 1.4889963379123072e-23, nan 
89.375, 85.375, 1.5811207250837233e-23, nan 
89.625, 85.375, 1.5574067088583155e-23, nan 
89.875, 85.375, 1.5158683950674875e-23, nan 
90.125, 85.375, 1.4785175738826595e-23, nan 
90.375, 85.375, 1.4278960227926743e-23, nan 
90.625, 85.375, 1.3751577190153443e-23, nan 
90.875, 85.375, 1.4724861616108792e-23, nan 
91.125, 85.375, 1.5181715432782492e-23, nan 
91.375, 85.375, 1.498361917106568e-23, nan 
91.625, 85.375, 1.645171328294619e-23, nan 
91.875, 85.375, 1.7619721690774927e-23, nan 
92.125, 85.375, 1.74982757338987e-23, nan 
92.375, 85.375, 1.7984548522835596e-23, nan 
92.625, 85.375, 1.7823199629535637e-23, nan 
92.875, 85.375, 1.7725122360204678e-23, nan 
93.125, 85.375, 1.7409934128200264e-23, nan 
93.375, 85.375, 1.642119159140095e-23, nan 
93.625, 85.375, 1.587167963026714e-23, nan 
93.875, 85.375, 1.6466822296235777e-23, nan 
94.125, 85.375, 1.6710369989113816e-23, nan 
94.375, 85.375, 1.613256290250088e-23, nan 
94.625, 85.375, 1.5309827966456982e-23, nan 
94.875, 85.375, 1.4540178397094957e-23, nan 
95.125, 85.375, 1.4377376584516583e-23, nan 
95.375, 85.375, 1.357038590052268e-23, nan 
95.625, 85.375, 1.2852529462943351e-23, nan 
95.875, 85.375, 1.2070720673837561e-23, nan 
96.125, 85.375, 1.1406682844759753e-23, nan 
96.375, 85.375, 1.0337028778189948e-23, nan 
96.625, 85.375, 1.0599144136500143e-23, nan 
96.875, 85.375, 1.0996652199095235e-23, nan 
97.125, 85.375, 1.1095472543565766e-23, nan 
97.375, 85.375, 1.1634707987214568e-23, nan 
97.625, 85.375, 1.225076945052472e-23, nan 
97.875, 85.375, 1.3259023775663715e-23, nan 
98.125, 85.375, 1.370329591228814e-23, nan 
98.375, 85.375, 1.3788087428675693e-23, nan 
98.625, 85.375, 1.3867985296608967e-23, nan 
98.875, 85.375, 1.3492671705833113e-23, nan 
99.125, 85.375, 1.4044051695543623e-23, nan 
99.375, 85.375, 1.4619168032997396e-23, nan 
99.625, 85.375, 1.626570955390706e-23, nan 
99.875, 85.375, 1.6239109959808382e-23, nan 
100.125, 85.375, 1.709809100437597e-23, nan 
100.375, 85.375, 1.714198450687813e-23, nan 
100.625, 85.375, 1.7222502040987124e-23, nan 
100.875, 85.375, 1.753039271023209e-23, nan 
101.125, 85.375, 1.7025411037808777e-23, nan 
101.375, 85.375, 1.713687895343547e-23, nan 
101.625, 85.375, 1.6766897446857194e-23, nan 
101.875, 85.375, 1.7702874357317535e-23, nan 
102.125, 85.375, 2.0183671508177634e-23, nan 
102.375, 85.375, 2.1031241824366992e-23, nan 
102.625, 85.375, 2.1254989672822066e-23, nan 
102.875, 85.375, 2.1177083298297557e-23, nan 
103.125, 85.375, 2.154380111509378e-23, nan 
103.375, 85.375, 2.3336677875934487e-23, nan 
103.625, 85.375, 2.3740738710613017e-23, nan 
103.875, 85.375, 2.3755406807015037e-23, nan 
104.125, 85.375, 2.4497080228440485e-23, nan 
104.375, 85.375, 2.5189342030557502e-23, nan 
104.625, 85.375, 2.509322774726689e-23, nan 
104.875, 85.375, 2.323490023061274e-23, nan 
105.125, 85.375, 1.9712570861370137e-23, nan 
105.375, 85.375, 1.5423951157651667e-23, nan 
105.625, 85.375, 1.396005988009684e-23, nan 
105.875, 85.375, 1.4217414719224022e-23, nan 
106.125, 85.375, 1.470731110499707e-23, nan 
106.375, 85.375, 1.4689874451021437e-23, nan 
106.625, 85.375, 1.7575123869177192e-23, nan 
106.875, 85.375, 1.8510615375685978e-23, nan 
107.125, 85.375, 1.8949139568347187e-23, nan 
107.375, 85.375, 1.9592328751226218e-23, nan 
107.625, 85.375, 1.969398037278367e-23, nan 
107.875, 85.375, 2.0441106067431676e-23, nan 
108.125, 85.375, 2.1476014185866092e-23, nan 
108.375, 85.375, 2.339747183144246e-23, nan 
108.625, 85.375, 2.4702764977020348e-23, nan 
108.875, 85.375, 2.5371753536661442e-23, nan 
109.125, 85.375, 2.946246888089533e-23, nan 
109.375, 85.375, 3.721227652363681e-23, nan 
109.625, 85.375, 4.799259570460261e-23, nan 
109.875, 85.375, 5.699575880300647e-23, nan 
110.125, 85.375, 6.728248807832899e-23, nan 
110.375, 85.375, 7.210568779298078e-23, nan 
110.625, 85.375, 7.799490584575376e-23, nan 
110.875, 85.375, 8.324535552490963e-23, nan 
111.125, 85.375, 7.699158112822214e-23, nan 
111.375, 85.375, 6.291272823221956e-23, nan 
111.625, 85.375, 5.67861836922362e-23, nan 
111.875, 85.375, 4.489835972473723e-23, nan 
112.125, 85.375, 3.908902176739291e-23, nan 
112.375, 85.375, 3.4687937943413123e-23, nan 
112.625, 85.375, 4.089864916889312e-23, nan 
112.875, 85.375, 5.432951349945642e-23, nan 
113.125, 85.375, 7.030944420399976e-23, nan 
113.375, 85.375, 8.730149465185692e-23, nan 
113.625, 85.375, 9.933545665553305e-23, nan 
113.875, 85.375, 1.151784305842822e-22, nan 
114.125, 85.375, 1.2785530338505293e-22, nan 
114.375, 85.375, 1.1950368438196458e-22, nan 
114.625, 85.375, 9.844565141861271e-23, nan 
114.875, 85.375, 9.229035648682464e-23, nan 
115.125, 85.375, 7.96957527492949e-23, nan 
115.375, 85.375, 7.514401598608007e-23, nan 
115.625, 85.375, 7.531800827350563e-23, nan 
115.875, 85.375, 7.356190720157049e-23, nan 
116.125, 85.375, 7.569860833518785e-23, nan 
116.375, 85.375, 7.758569834301965e-23, nan 
116.625, 85.375, 8.273009688006997e-23, nan 
116.875, 85.375, 9.162938125820107e-23, nan 
117.125, 85.375, 1.0444067725412171e-22, nan 
117.375, 85.375, 1.1463430032096932e-22, nan 
117.625, 85.375, 1.1530442327245773e-22, nan 
117.875, 85.375, 1.0999039364536467e-22, nan 
118.125, 85.375, 1.088825488099343e-22, nan 
118.375, 85.375, 1.06159605102868e-22, nan 
118.625, 85.375, 1.0467841796255694e-22, nan 
118.875, 85.375, 1.047728539427768e-22, nan 
119.125, 85.375, 1.0405461258339033e-22, nan 
119.375, 85.375, 1.0669003907876712e-22, nan 
119.625, 85.375, 1.092873888660808e-22, nan 
119.875, 85.375, 1.0497135015513156e-22, nan 
120.125, 85.375, 1.021150019647006e-22, nan 
120.375, 85.375, 1.0496036035651714e-22, nan 
120.625, 85.375, 1.059153907564751e-22, nan 
120.875, 85.375, 1.232782535385829e-22, nan 
121.125, 85.375, 1.312026382988508e-22, nan 
121.375, 85.375, 1.3302909642596348e-22, nan 
121.625, 85.375, 1.341508615560712e-22, nan 
121.875, 85.375, 1.3267693228036544e-22, nan 
122.125, 85.375, 1.24402450574145e-22, nan 
122.375, 85.375, 1.140520255194418e-22, nan 
122.625, 85.375, 1.0359101150650891e-22, nan 
122.875, 85.375, 8.987857835840899e-23, nan 
123.125, 85.375, 8.120492526576064e-23, nan 
123.375, 85.375, 7.715608340592881e-23, nan 
123.625, 85.375, 8.425558552195214e-23, nan 
123.875, 85.375, 8.360250725514532e-23, nan 
124.125, 85.375, 9.598906883044536e-23, nan 
124.375, 85.375, 1.1205593849930194e-22, nan 
124.625, 85.375, 1.1746551833653943e-22, nan 
124.875, 85.375, 1.2141317286470957e-22, nan 
125.125, 85.375, 1.2057506774721165e-22, nan 
125.375, 85.375, 1.1622653269821222e-22, nan 
125.625, 85.375, 1.1100062182678923e-22, nan 
125.875, 85.375, 1.0904948155990546e-22, nan 
126.125, 85.375, 1.0444327537482985e-22, nan 
126.375, 85.375, 9.380648504959347e-23, nan 
126.625, 85.375, 8.898379533217489e-23, nan 
126.875, 85.375, 8.020900385824858e-23, nan 
127.125, 85.375, 7.382034204296359e-23, nan 
127.375, 85.375, 6.885461161087301e-23, nan 
127.625, 85.375, 6.622365029553836e-23, nan 
127.875, 85.375, 6.182442199719613e-23, nan 
128.125, 85.375, 5.783835496284161e-23, nan 
128.375, 85.375, 5.759347962081643e-23, nan 
128.625, 85.375, 6.189757730544369e-23, nan 
128.875, 85.375, 6.327296070091719e-23, nan 
129.125, 85.375, 7.231838544545913e-23, nan 
129.375, 85.375, 7.698819615487525e-23, nan 
129.625, 85.375, 8.434210609961624e-23, nan 
129.875, 85.375, 8.895901325387548e-23, nan 
130.125, 85.375, 9.613676182920886e-23, nan 
130.375, 85.375, 1.0184582604211175e-22, nan 
130.625, 85.375, 1.0460240662741146e-22, nan 
130.875, 85.375, 9.446453081576217e-23, nan 
131.125, 85.375, 7.580577154488137e-23, nan 
131.375, 85.375, 6.647317403555048e-23, nan 
131.625, 85.375, 5.740228728792955e-23, nan 
131.875, 85.375, 5.0082275633346613e-23, nan 
132.125, 85.375, 6.187057127475693e-23, nan 
132.375, 85.375, 7.047807007341095e-23, nan 
132.625, 85.375, 7.474441310459176e-23, nan 
132.875, 85.375, 7.846161482145062e-23, nan 
133.125, 85.375, 8.139163246620013e-23, nan 
133.375, 85.375, 8.407848915342411e-23, nan 
133.625, 85.375, 8.753514272748299e-23, nan 
133.875, 85.375, 8.995315381322257e-23, nan 
134.125, 85.375, 9.297530078366599e-23, nan 
134.375, 85.375, 9.29460295802636e-23, nan 
134.625, 85.375, 9.146163464961144e-23, nan 
134.875, 85.375, 9.705904409007804e-23, nan 
135.125, 85.375, 9.790622772160777e-23, nan 
135.375, 85.375, 9.273300580529109e-23, nan 
135.625, 85.375, 8.920944223792275e-23, nan 
135.875, 85.375, 8.571502592922768e-23, nan 
136.125, 85.375, 8.516968916791718e-23, nan 
136.375, 85.375, 8.055284349382489e-23, nan 
136.625, 85.375, 7.709372174158442e-23, nan 
136.875, 85.375, 7.402373080124062e-23, nan 
137.125, 85.375, 7.015405379243192e-23, nan 
137.375, 85.375, 6.335146710484391e-23, nan 
137.625, 85.375, 6.179644795575071e-23, nan 
137.875, 85.375, 6.126708503950546e-23, nan 
138.125, 85.375, 6.894015648924375e-23, nan 
138.375, 85.375, 7.859266583221508e-23, nan 
138.625, 85.375, 8.226110579765581e-23, nan 
138.875, 85.375, 8.680165426295314e-23, nan 
139.125, 85.375, 8.524631021143676e-23, nan 
139.375, 85.375, 8.521041590756524e-23, nan 
139.625, 85.375, 8.253102229062571e-23, nan 
139.875, 85.375, 8.149039378223124e-23, nan 
140.125, 85.375, 7.959237726138411e-23, nan 
140.375, 85.375, 7.815491466564162e-23, nan 
140.625, 85.375, 7.602297270956477e-23, nan 
140.875, 85.375, 7.372037318568228e-23, nan 
141.125, 85.375, 7.249228359377619e-23, nan 
141.375, 85.375, 7.407427198237056e-23, nan 
141.625, 85.375, 7.758604505164637e-23, nan 
141.875, 85.375, 7.588849339008614e-23, nan 
142.125, 85.375, 6.839368133131904e-23, nan 
142.375, 85.375, 6.137392071089087e-23, nan 
142.625, 85.375, 5.340285705662586e-23, nan 
142.875, 85.375, 4.851023262843211e-23, nan 
143.125, 85.375, 4.1568095002341116e-23, nan 
143.375, 85.375, 3.898343007188773e-23, nan 
143.625, 85.375, 4.020544737552066e-23, nan 
143.875, 85.375, 4.2375248330347873e-23, nan 
144.125, 85.375, 5.360220872194878e-23, nan 
144.375, 85.375, 6.913254246880244e-23, nan 
144.625, 85.375, 7.982812879482156e-23, nan 
144.875, 85.375, 8.85994124196787e-23, nan 
145.125, 85.375, 9.074972089914857e-23, nan 
145.375, 85.375, 8.955292548784103e-23, nan 
145.625, 85.375, 9.066525290013213e-23, nan 
145.875, 85.375, 9.097868412905908e-23, nan 
146.125, 85.375, 9.133495817252424e-23, nan 
146.375, 85.375, 9.280257853111383e-23, nan 
146.625, 85.375, 9.314640787650571e-23, nan 
146.875, 85.375, 9.274922086891437e-23, nan 
147.125, 85.375, 8.581688659029116e-23, nan 
147.375, 85.375, 8.343859811137402e-23, nan 
147.625, 85.375, 8.040964518538759e-23, nan 
147.875, 85.375, 7.092641730768932e-23, nan 
148.125, 85.375, 6.68336509148571e-23, nan 
148.375, 85.375, 7.012220355948069e-23, nan 
148.625, 85.375, 6.074076981980839e-23, nan 
148.875, 85.375, 5.603067303245331e-23, nan 
149.125, 85.375, 5.991765569420658e-23, nan 
149.375, 85.375, 5.22408962588579e-23, nan 
149.625, 85.375, 5.918948765440714e-23, nan 
149.875, 85.375, 5.441005801223293e-23, nan 
150.125, 85.375, 6.224712867313152e-23, nan 
150.375, 85.375, 6.368458924605954e-23, nan 
150.625, 85.375, 6.13637735499438e-23, nan 
150.875, 85.375, 5.26928362474424e-23, nan 
151.125, 85.375, 4.595534860679653e-23, nan 
151.375, 85.375, 3.990077489759401e-23, nan 
151.625, 85.375, 3.601858809537088e-23, nan 
151.875, 85.375, 2.991762945498062e-23, nan 
152.125, 85.375, 2.792687155468889e-23, nan 
152.375, 85.375, 3.1624862661171486e-23, nan 
152.625, 85.375, 3.803692121005924e-23, nan 
152.875, 85.375, 5.396747263860427e-23, nan 
153.125, 85.375, 6.434228430740691e-23, nan 
153.375, 85.375, 7.096576824894211e-23, nan 
153.625, 85.375, 7.357297822223234e-23, nan 
153.875, 85.375, 7.481809116027345e-23, nan 
154.125, 85.375, 7.063751374549823e-23, nan 
154.375, 85.375, 6.882034516629483e-23, nan 
154.625, 85.375, 6.68013513377483e-23, nan 
154.875, 85.375, 7.053077375299878e-23, nan 
155.125, 85.375, 7.043345927779578e-23, nan 
155.375, 85.375, 7.058993808693208e-23, nan 
155.625, 85.375, 7.117483990577999e-23, nan 
155.875, 85.375, 7.150990527173728e-23, nan 
156.125, 85.375, 7.19397292879675e-23, nan 
156.375, 85.375, 7.710465504054183e-23, nan 
156.625, 85.375, 7.805341592481391e-23, nan 
156.875, 85.375, 7.655952399985038e-23, nan 
157.125, 85.375, 7.201498666677007e-23, nan 
157.375, 85.375, 7.178775956319798e-23, nan 
157.625, 85.375, 6.545528714160337e-23, nan 
157.875, 85.375, 6.414301905910235e-23, nan 
158.125, 85.375, 6.917215213744524e-23, nan 
158.375, 85.375, 7.737253624279588e-23, nan 
158.625, 85.375, 8.391269604905915e-23, nan 
158.875, 85.375, 8.353002906045603e-23, nan 
159.125, 85.375, 8.995488103015986e-23, nan 
159.375, 85.375, 9.380475801481614e-23, nan 
159.625, 85.375, 9.475366628488683e-23, nan 
159.875, 85.375, 9.8764457427002e-23, nan 
160.125, 85.375, 1.0085598076276413e-22, nan 
160.375, 85.375, 9.248923477604972e-23, nan 
160.625, 85.375, 9.030717122754795e-23, nan 
160.875, 85.375, 8.249229229828147e-23, nan 
161.125, 85.375, 7.977687149330011e-23, nan 
161.375, 85.375, 7.617128739478022e-23, nan 
161.625, 85.375, 7.357261946651897e-23, nan 
161.875, 85.375, 7.134030912214543e-23, nan 
162.125, 85.375, 7.10018152763216e-23, nan 
162.375, 85.375, 7.013371028057084e-23, nan 
162.625, 85.375, 6.780815663937195e-23, nan 
162.875, 85.375, 6.671397991379446e-23, nan 
163.125, 85.375, 6.658177216097919e-23, nan 
163.375, 85.375, 6.597336780774006e-23, nan 
163.625, 85.375, 6.527222951598994e-23, nan 
163.875, 85.375, 6.31175817657263e-23, nan 
164.125, 85.375, 6.669008346268637e-23, nan 
164.375, 85.375, 6.38212862085801e-23, nan 
164.625, 85.375, 6.067593460917985e-23, nan 
164.875, 85.375, 6.184708267898796e-23, nan 
165.125, 85.375, 6.530592082600861e-23, nan 
165.375, 85.375, 6.609916225687609e-23, nan 
165.625, 85.375, 6.437434985720376e-23, nan 
165.875, 85.375, 6.27365395775928e-23, nan 
166.125, 85.375, 6.123150591767272e-23, nan 
166.375, 85.375, 6.120675863626274e-23, nan 
166.625, 85.375, 6.023354559065003e-23, nan 
166.875, 85.375, 5.797531391531606e-23, nan 
167.125, 85.375, 5.38852259058742e-23, nan 
167.375, 85.375, 4.500883354300661e-23, nan 
167.625, 85.375, 4.508959585427752e-23, nan 
167.875, 85.375, 4.724413541786912e-23, nan 
168.125, 85.375, 4.433617714464881e-23, nan 
168.375, 85.375, 3.951698540264296e-23, nan 
168.625, 85.375, 3.960483123816747e-23, nan 
168.875, 85.375, 3.875553668099142e-23, nan 
169.125, 85.375, 3.807839981576881e-23, nan 
169.375, 85.375, 3.625930816777704e-23, nan 
169.625, 85.375, 3.51943857101403e-23, nan 
169.875, 85.375, 3.540206322868098e-23, nan 
170.125, 85.375, 3.780489663524557e-23, nan 
170.375, 85.375, 4.0910855997932085e-23, nan 
170.625, 85.375, 4.0871115512727015e-23, nan 
170.875, 85.375, 5.1585582816293245e-23, nan 
171.125, 85.375, 6.014047880742632e-23, nan 
171.375, 85.375, 6.167673525195263e-23, nan 
171.625, 85.375, 5.84190361044967e-23, nan 
171.875, 85.375, 5.988939672431275e-23, nan 
172.125, 85.375, 6.418378933329777e-23, nan 
172.375, 85.375, 6.475576949847916e-23, nan 
172.625, 85.375, 5.19568625970864e-23, nan 
172.875, 85.375, 4.316463719372063e-23, nan 
173.125, 85.375, 3.836844146678286e-23, nan 
173.375, 85.375, 3.768666385876785e-23, nan 
173.625, 85.375, 4.171597027713555e-23, nan 
173.875, 85.375, 5.057088702328309e-23, nan 
174.125, 85.375, 6.101618784756475e-23, nan 
174.375, 85.375, 6.699163178373646e-23, nan 
174.625, 85.375, 6.912046811612387e-23, nan 
174.875, 85.375, 6.861167065903541e-23, nan 
175.125, 85.375, 6.78872247640586e-23, nan 
175.375, 85.375, 6.536072275200854e-23, nan 
175.625, 85.375, 5.592857462898759e-23, nan 
175.875, 85.375, 3.1681430867922905e-23, nan 
176.125, 85.375, 2.1986632444731913e-23, nan 
176.375, 85.375, 1.907374892706105e-23, nan 
176.625, 85.375, 1.6426105771837902e-23, nan 
176.875, 85.375, 2.1654829722650102e-23, nan 
177.125, 85.375, 2.4099232132635137e-23, nan 
177.375, 85.375, 2.705123431398858e-23, nan 
177.625, 85.375, 2.898216700439635e-23, nan 
177.875, 85.375, 3.0202291040914916e-23, nan 
178.125, 85.375, 3.067357436839852e-23, nan 
178.375, 85.375, 3.116865061526882e-23, nan 
178.625, 85.375, 3.141477891714298e-23, nan 
178.875, 85.375, 2.935135788356588e-23, nan 
179.125, 85.375, 2.423401517704448e-23, nan 
179.375, 85.375, 2.5394070913165916e-23, nan 
179.625, 85.375, 3.047547464451905e-23, nan 
179.875, 85.375, 3.297659743500151e-23, nan 
-179.875, 85.625, 9.462267525242287e-23, nan 
-179.625, 85.625, 9.431712991219917e-23, nan 
-179.375, 85.625, 9.017360697012411e-23, nan 
-179.125, 85.625, 7.883079935619222e-23, nan 
-178.875, 85.625, 5.489101332144664e-23, nan 
-178.625, 85.625, 5.1094974086824326e-23, nan 
-178.375, 85.625, 4.687473902767271e-23, nan 
-178.125, 85.625, 4.429520687470021e-23, nan 
-177.875, 85.625, 4.76009303300534e-23, nan 
-177.625, 85.625, 5.544605198894935e-23, nan 
-177.375, 85.625, 6.6190123809933e-23, nan 
-177.125, 85.625, 7.480619514173463e-23, nan 
-176.875, 85.625, 7.691104359581543e-23, nan 
-176.625, 85.625, 7.621731237462946e-23, nan 
-176.375, 85.625, 7.655600968400019e-23, nan 
-176.125, 85.625, 7.534349888466173e-23, nan 
-175.875, 85.625, 7.167189260410836e-23, nan 
-175.625, 85.625, 6.047285956765081e-23, nan 
-175.375, 85.625, 6.153505388427133e-23, nan 
-175.125, 85.625, 5.80394163045674e-23, nan 
-174.875, 85.625, 5.556316202774193e-23, nan 
-174.625, 85.625, 5.178215545436724e-23, nan 
-174.375, 85.625, 3.9249300877774334e-23, nan 
-174.125, 85.625, 2.816827458598321e-23, nan 
-173.875, 85.625, 2.73599534478025e-23, nan 
-173.625, 85.625, 2.6393709839775116e-23, nan 
-173.375, 85.625, 2.2542916077892137e-23, nan 
-173.125, 85.625, 2.0232770204676668e-23, nan 
-172.875, 85.625, 1.625187987927351e-23, nan 
-172.625, 85.625, 1.1600427520228126e-23, nan 
-172.375, 85.625, 7.518789863627355e-24, nan 
-172.125, 85.625, 5.0151884403476834e-24, nan 
-171.875, 85.625, 4.201994602039507e-24, nan 
-171.625, 85.625, 4.263146807605116e-24, nan 
-171.375, 85.625, 4.0493388487158885e-24, nan 
-171.125, 85.625, 4.100686687928697e-24, nan 
-170.875, 85.625, 4.678021919019414e-24, nan 
-170.625, 85.625, 5.074795949056234e-24, nan 
-170.375, 85.625, 5.172051920744474e-24, nan 
-170.125, 85.625, 4.829258546373965e-24, nan 
-169.875, 85.625, 4.908152994745153e-24, nan 
-169.625, 85.625, 6.030781646078626e-24, nan 
-169.375, 85.625, 6.192552798311591e-24, nan 
-169.125, 85.625, 6.232908592772398e-24, nan 
-168.875, 85.625, 6.711815242533109e-24, nan 
-168.625, 85.625, 6.949187179928416e-24, nan 
-168.375, 85.625, 6.4028030677562274e-24, nan 
-168.125, 85.625, 6.1717253909215456e-24, nan 
-167.875, 85.625, 6.405824268794412e-24, nan 
-167.625, 85.625, 7.004360182444414e-24, nan 
-167.375, 85.625, 8.028688916520796e-24, nan 
-167.125, 85.625, 8.934890447670476e-24, nan 
-166.875, 85.625, 9.925516770585436e-24, nan 
-166.625, 85.625, 1.0317305432097293e-23, nan 
-166.375, 85.625, 1.1608404201124163e-23, nan 
-166.125, 85.625, 1.1489655146543308e-23, nan 
-165.875, 85.625, 1.058443208548607e-23, nan 
-165.625, 85.625, 1.0348476105167095e-23, nan 
-165.375, 85.625, 9.752531363628948e-24, nan 
8.125, 85.625, 2.3700520474497436e-24, nan 
8.375, 85.625, 2.4636320978315387e-24, nan 
8.625, 85.625, 2.681116933518745e-24, nan 
8.875, 85.625, 2.9653427356346918e-24, nan 
9.125, 85.625, 3.425429323485399e-24, nan 
9.375, 85.625, 3.513852464911449e-24, nan 
9.625, 85.625, 3.486011377553695e-24, nan 
9.875, 85.625, 3.525413198455807e-24, nan 
10.125, 85.625, 3.7235324943629534e-24, nan 
10.375, 85.625, 4.038963208951735e-24, nan 
10.625, 85.625, 4.317817367321296e-24, nan 
10.875, 85.625, 4.349611538669785e-24, nan 
11.125, 85.625, 4.597656659863095e-24, nan 
11.375, 85.625, 4.8003105108217756e-24, nan 
11.625, 85.625, 4.897555784172983e-24, nan 
11.875, 85.625, 5.0028596843551286e-24, nan 
12.125, 85.625, 5.232094309639287e-24, nan 
12.375, 85.625, 5.488606277601535e-24, nan 
12.625, 85.625, 5.7688246189122544e-24, nan 
12.875, 85.625, 6.070730758292147e-24, nan 
13.125, 85.625, 6.2559127252977174e-24, nan 
13.375, 85.625, 5.523519407660755e-24, nan 
13.625, 85.625, 5.225763171653882e-24, nan 
13.875, 85.625, 5.125535898591428e-24, nan 
14.125, 85.625, 5.148386015914056e-24, nan 
14.375, 85.625, 5.233740383876071e-24, nan 
14.625, 85.625, 5.3442033513251634e-24, nan 
14.875, 85.625, 5.457155078209936e-24, nan 
15.125, 85.625, 5.473473314855321e-24, nan 
15.375, 85.625, 5.5727374484573195e-24, nan 
15.625, 85.625, 5.768419885717965e-24, nan 
15.875, 85.625, 5.842431285301057e-24, nan 
16.125, 85.625, 5.920109899852736e-24, nan 
16.375, 85.625, 5.958496832316748e-24, nan 
16.625, 85.625, 5.4950809449519325e-24, nan 
16.875, 85.625, 5.334703675655974e-24, nan 
17.125, 85.625, 5.361250389442514e-24, nan 
17.375, 85.625, 5.480008911275075e-24, nan 
17.625, 85.625, 5.438721915468277e-24, nan 
17.875, 85.625, 5.4874345229470074e-24, nan 
18.125, 85.625, 5.551060267342881e-24, nan 
18.375, 85.625, 5.6269294121234695e-24, nan 
18.625, 85.625, 5.7451900815320025e-24, nan 
18.875, 85.625, 5.85355981165761e-24, nan 
19.125, 85.625, 5.7005693764699884e-24, nan 
19.375, 85.625, 5.5968528381225364e-24, nan 
19.625, 85.625, 5.66477751229625e-24, nan 
19.875, 85.625, 5.860549827857531e-24, nan 
20.125, 85.625, 6.063493593257104e-24, nan 
20.375, 85.625, 6.085595936604149e-24, nan 
20.625, 85.625, 6.43455977181693e-24, nan 
20.875, 85.625, 6.621678556759167e-24, nan 
21.125, 85.625, 6.862995583725788e-24, nan 
21.375, 85.625, 7.518622496482948e-24, nan 
21.625, 85.625, 8.345245440848309e-24, nan 
21.875, 85.625, 8.231747039637557e-24, nan 
22.125, 85.625, 6.81071868067984e-24, nan 
22.375, 85.625, 5.971445011857843e-24, nan 
22.625, 85.625, 5.442458442933097e-24, nan 
22.875, 85.625, 4.473729821037165e-24, nan 
23.125, 85.625, 4.412496558911543e-24, nan 
23.375, 85.625, 4.1117639616355815e-24, nan 
23.625, 85.625, 3.806609565348691e-24, nan 
23.875, 85.625, 3.295432594175072e-24, nan 
24.125, 85.625, 3.115653074326443e-24, nan 
24.375, 85.625, 2.8150728489205793e-24, nan 
24.625, 85.625, 2.678728139083171e-24, nan 
24.875, 85.625, 2.6648478335408442e-24, nan 
25.125, 85.625, 2.776567103400571e-24, nan 
25.375, 85.625, 2.5136894005593784e-24, nan 
25.625, 85.625, 2.1241549877900677e-24, nan 
25.875, 85.625, 1.9127982797602855e-24, nan 
26.125, 85.625, 1.7670018295942576e-24, nan 
26.375, 85.625, 1.4973370024346715e-24, nan 
26.625, 85.625, 1.487605041670092e-24, nan 
26.875, 85.625, 1.5125570965835137e-24, nan 
27.125, 85.625, 1.5471720584220218e-24, nan 
27.375, 85.625, 1.5051115276054033e-24, nan 
27.625, 85.625, 1.5279521880667462e-24, nan 
27.875, 85.625, 1.421653181427058e-24, nan 
28.125, 85.625, 1.5374737917773718e-24, nan 
28.375, 85.625, 1.4961506893026076e-24, nan 
28.625, 85.625, 1.44364593094552e-24, nan 
28.875, 85.625, 1.340483305921948e-24, nan 
29.125, 85.625, 1.3022133546869541e-24, nan 
29.375, 85.625, 1.1910452701249952e-24, nan 
29.625, 85.625, 1.1149540146081796e-24, nan 
29.875, 85.625, 1.0374630401536927e-24, nan 
30.125, 85.625, 9.489673043625742e-25, nan 
30.375, 85.625, 9.425784452102427e-25, nan 
30.625, 85.625, 9.049377370285336e-25, nan 
30.875, 85.625, 8.769892007986491e-25, nan 
31.125, 85.625, 8.460931355444409e-25, nan 
31.375, 85.625, 9.545197090992344e-25, nan 
31.625, 85.625, 8.71413114742611e-25, nan 
31.875, 85.625, 8.818053542883018e-25, nan 
32.125, 85.625, 8.078624442018208e-25, nan 
32.375, 85.625, 8.10686571099599e-25, nan 
32.625, 85.625, 1.0874295345842806e-24, nan 
32.875, 85.625, 1.5797637545505788e-24, nan 
33.125, 85.625, 2.2879543785043454e-24, nan 
33.375, 85.625, 2.7481075479027274e-24, nan 
33.625, 85.625, 3.1143858182569195e-24, nan 
33.875, 85.625, 3.7402704387668515e-24, nan 
34.125, 85.625, 4.165286998359121e-24, nan 
34.375, 85.625, 4.891104777223836e-24, nan 
34.625, 85.625, 5.6248239111718305e-24, nan 
34.875, 85.625, 5.874439451797877e-24, nan 
35.125, 85.625, 6.297115481549786e-24, nan 
35.375, 85.625, 6.311992272840974e-24, nan 
35.625, 85.625, 6.590373703553502e-24, nan 
35.875, 85.625, 6.818569925577712e-24, nan 
36.125, 85.625, 6.856561968952261e-24, nan 
36.375, 85.625, 7.025976579378781e-24, nan 
36.625, 85.625, 6.907182058607496e-24, nan 
36.875, 85.625, 6.984907856324423e-24, nan 
37.125, 85.625, 6.908818942719604e-24, nan 
37.375, 85.625, 6.557711561151368e-24, nan 
37.625, 85.625, 6.387040949061909e-24, nan 
37.875, 85.625, 6.317278533776587e-24, nan 
38.125, 85.625, 6.4177334310319064e-24, nan 
38.375, 85.625, 6.6090928574268985e-24, nan 
38.625, 85.625, 6.596516322081196e-24, nan 
38.875, 85.625, 6.702906464620278e-24, nan 
39.125, 85.625, 6.896379298076284e-24, nan 
39.375, 85.625, 6.970657855980729e-24, nan 
39.625, 85.625, 6.822306227007596e-24, nan 
39.875, 85.625, 6.632798894607395e-24, nan 
40.125, 85.625, 6.537957960468529e-24, nan 
40.375, 85.625, 6.257747363090299e-24, nan 
40.625, 85.625, 6.049214978660606e-24, nan 
40.875, 85.625, 5.870782909045031e-24, nan 
41.125, 85.625, 5.714563840874179e-24, nan 
41.375, 85.625, 5.718383057180941e-24, nan 
41.625, 85.625, 5.461432836414467e-24, nan 
41.875, 85.625, 5.274135377993115e-24, nan 
42.125, 85.625, 5.034489690628664e-24, nan 
42.375, 85.625, 5.0450337721946774e-24, nan 
42.625, 85.625, 5.201128457199209e-24, nan 
42.875, 85.625, 5.109815731031788e-24, nan 
43.125, 85.625, 5.1593245561966604e-24, nan 
43.375, 85.625, 5.1398001150167134e-24, nan 
43.625, 85.625, 4.97538281427976e-24, nan 
43.875, 85.625, 4.89435720586318e-24, nan 
44.125, 85.625, 5.045181063884019e-24, nan 
44.375, 85.625, 4.969858670464015e-24, nan 
44.625, 85.625, 5.191321245036713e-24, nan 
44.875, 85.625, 5.332048364932702e-24, nan 
45.125, 85.625, 5.542949982010181e-24, nan 
45.375, 85.625, 5.842182578515135e-24, nan 
45.625, 85.625, 6.32113369157382e-24, nan 
45.875, 85.625, 6.753485622606656e-24, nan 
46.125, 85.625, 7.002150923101134e-24, nan 
46.375, 85.625, 7.219729297118071e-24, nan 
46.625, 85.625, 7.357810381050839e-24, nan 
46.875, 85.625, 7.431221114925844e-24, nan 
47.125, 85.625, 7.388299905283352e-24, nan 
47.375, 85.625, 7.451385326378578e-24, nan 
47.625, 85.625, 7.391142053780623e-24, nan 
47.875, 85.625, 7.399278338784067e-24, nan 
48.125, 85.625, 7.437968474580582e-24, nan 
48.375, 85.625, 7.625267238835403e-24, nan 
48.625, 85.625, 7.746526052279554e-24, nan 
48.875, 85.625, 7.441167191100043e-24, nan 
49.125, 85.625, 7.24844499167508e-24, nan 
49.375, 85.625, 7.109222833756939e-24, nan 
49.625, 85.625, 7.18293574615622e-24, nan 
49.875, 85.625, 7.16888789051529e-24, nan 
50.125, 85.625, 7.366261907155512e-24, nan 
50.375, 85.625, 7.389394644680575e-24, nan 
50.625, 85.625, 6.955862092590283e-24, nan 
50.875, 85.625, 6.360913731929409e-24, nan 
51.125, 85.625, 6.122309997443414e-24, nan 
51.375, 85.625, 5.834965111918044e-24, nan 
51.625, 85.625, 5.3602826081940184e-24, nan 
51.875, 85.625, 5.301117145951325e-24, nan 
52.125, 85.625, 5.245267253365881e-24, nan 
52.375, 85.625, 5.190176980792045e-24, nan 
52.625, 85.625, 5.000923780017201e-24, nan 
52.875, 85.625, 4.892037264315251e-24, nan 
53.125, 85.625, 4.790411524889341e-24, nan 
53.375, 85.625, 4.885402536049314e-24, nan 
53.625, 85.625, 4.917395749536859e-24, nan 
53.875, 85.625, 4.7191724487397455e-24, nan 
54.125, 85.625, 5.62003563814239e-24, nan 
54.375, 85.625, 9.186969690698362e-24, nan 
54.625, 85.625, 1.0132766929927974e-23, nan 
54.875, 85.625, 1.0887878475030892e-23, nan 
55.125, 85.625, 1.1874984370808225e-23, nan 
55.375, 85.625, 1.1358939696191909e-23, nan 
55.625, 85.625, 1.0797329630615143e-23, nan 
55.875, 85.625, 1.1443888149359684e-23, nan 
56.125, 85.625, 1.1823988787548002e-23, nan 
56.375, 85.625, 1.2090558973867339e-23, nan 
56.625, 85.625, 1.2379833158174661e-23, nan 
56.875, 85.625, 1.2350441450969754e-23, nan 
57.125, 85.625, 1.2756508640991087e-23, nan 
57.375, 85.625, 1.2737638509156588e-23, nan 
57.625, 85.625, 1.2504615700028423e-23, nan 
57.875, 85.625, 1.2567148957928285e-23, nan 
58.125, 85.625, 1.2347425843507598e-23, nan 
58.375, 85.625, 1.1958115876257516e-23, nan 
58.625, 85.625, 1.1822404344679329e-23, nan 
58.875, 85.625, 1.1675852272549172e-23, nan 
59.125, 85.625, 1.1725141520584144e-23, nan 
59.375, 85.625, 1.1595396740053095e-23, nan 
59.625, 85.625, 1.173387704584376e-23, nan 
59.875, 85.625, 1.1972633673605795e-23, nan 
60.125, 85.625, 1.2204543090569042e-23, nan 
60.375, 85.625, 1.2147219337653098e-23, nan 
60.625, 85.625, 1.2221332345649123e-23, nan 
60.875, 85.625, 1.2088580931892237e-23, nan 
61.125, 85.625, 1.2156010777726928e-23, nan 
61.375, 85.625, 1.2209139448484881e-23, nan 
61.625, 85.625, 1.2266278985946204e-23, nan 
61.875, 85.625, 1.2522319619998158e-23, nan 
62.125, 85.625, 1.2595301015907849e-23, nan 
62.375, 85.625, 1.256557440138694e-23, nan 
62.625, 85.625, 1.2539394489345934e-23, nan 
62.875, 85.625, 1.230855128317891e-23, nan 
63.125, 85.625, 1.2171157555981195e-23, nan 
63.375, 85.625, 1.2121331575792651e-23, nan 
63.625, 85.625, 1.2238697514207005e-23, nan 
63.875, 85.625, 1.311320649789706e-23, nan 
64.125, 85.625, 1.3826308705289996e-23, nan 
64.375, 85.625, 1.4457701091843678e-23, nan 
64.625, 85.625, 1.4816231757738455e-23, nan 
64.875, 85.625, 1.469320783710817e-23, nan 
65.125, 85.625, 1.428563389779217e-23, nan 
65.375, 85.625, 1.3847786638092597e-23, nan 
65.625, 85.625, 1.429533028706003e-23, nan 
65.875, 85.625, 1.4793122734107883e-23, nan 
66.125, 85.625, 1.4794714688196044e-23, nan 
66.375, 85.625, 1.4594835363586007e-23, nan 
66.625, 85.625, 1.425257590494944e-23, nan 
66.875, 85.625, 1.2401413026413346e-23, nan 
67.125, 85.625, 1.1604840283845154e-23, nan 
67.375, 85.625, 1.1597764122320205e-23, nan 
67.625, 85.625, 1.1965641609414623e-23, nan 
67.875, 85.625, 1.2637131694365468e-23, nan 
68.125, 85.625, 1.3136176238217753e-23, nan 
68.375, 85.625, 1.2626284297172795e-23, nan 
68.625, 85.625, 1.2567511721034482e-23, nan 
68.875, 85.625, 1.2292427398865426e-23, nan 
69.125, 85.625, 1.209159305614696e-23, nan 
69.375, 85.625, 1.18795022170539e-23, nan 
69.625, 85.625, 1.1766885917275006e-23, nan 
69.875, 85.625, 1.1699941860791059e-23, nan 
70.125, 85.625, 1.1128660377449794e-23, nan 
70.375, 85.625, 1.0652367039559684e-23, nan 
70.625, 85.625, 1.0644612969735728e-23, nan 
70.875, 85.625, 1.0699184567922866e-23, nan 
71.125, 85.625, 1.114984349442064e-23, nan 
71.375, 85.625, 1.1718502080071318e-23, nan 
71.625, 85.625, 1.1990646983344116e-23, nan 
71.875, 85.625, 1.294716247355218e-23, nan 
72.125, 85.625, 1.2962434960815091e-23, nan 
72.375, 85.625, 1.2941799758528076e-23, nan 
72.625, 85.625, 1.3557509868882085e-23, nan 
72.875, 85.625, 1.4537477948151634e-23, nan 
73.125, 85.625, 1.6093252788757944e-23, nan 
73.375, 85.625, 1.622819463691394e-23, nan 
73.625, 85.625, 2.0206090469828084e-23, nan 
73.875, 85.625, 2.0388903013100476e-23, nan 
74.125, 85.625, 2.1585490924983806e-23, nan 
74.375, 85.625, 2.1942554972953762e-23, nan 
74.625, 85.625, 2.196761233087997e-23, nan 
74.875, 85.625, 2.2813114892611044e-23, nan 
75.125, 85.625, 2.0517848769510136e-23, nan 
75.375, 85.625, 1.917955409998019e-23, nan 
75.625, 85.625, 1.8087788115483625e-23, nan 
75.875, 85.625, 1.89201083793889e-23, nan 
76.125, 85.625, 2.0840105892131742e-23, nan 
76.375, 85.625, 2.5122938962602782e-23, nan 
76.625, 85.625, 2.634600438372645e-23, nan 
76.875, 85.625, 3.678970092716686e-23, nan 
77.125, 85.625, 3.75077839430525e-23, nan 
77.375, 85.625, 4.0432492041222527e-23, nan 
77.625, 85.625, 4.175726528829863e-23, nan 
77.875, 85.625, 4.159354777217207e-23, nan 
78.125, 85.625, 4.228717579452191e-23, nan 
78.375, 85.625, 3.602692393902561e-23, nan 
78.625, 85.625, 2.911193294855947e-23, nan 
78.875, 85.625, 2.342736018407382e-23, nan 
79.125, 85.625, 1.898093722898989e-23, nan 
79.375, 85.625, 1.501958670100408e-23, nan 
79.625, 85.625, 1.400748061711364e-23, nan 
79.875, 85.625, 1.4232468871626213e-23, nan 
80.125, 85.625, 1.7963013781607192e-23, nan 
80.375, 85.625, 1.855357888280707e-23, nan 
80.625, 85.625, 2.0215611838089534e-23, nan 
80.875, 85.625, 2.103400001684708e-23, nan 
81.125, 85.625, 2.1647402623485415e-23, nan 
81.375, 85.625, 2.2367435384946746e-23, nan 
81.625, 85.625, 1.9728894892149468e-23, nan 
81.875, 85.625, 1.7441947784901417e-23, nan 
82.125, 85.625, 1.5307548704116418e-23, nan 
82.375, 85.625, 1.4312957874821102e-23, nan 
82.625, 85.625, 1.411264025145798e-23, nan 
82.875, 85.625, 1.3353635734756585e-23, nan 
83.125, 85.625, 1.3351543494663024e-23, nan 
83.375, 85.625, 1.3983187467605567e-23, nan 
83.625, 85.625, 1.4376055339650503e-23, nan 
83.875, 85.625, 1.430458036279455e-23, nan 
84.125, 85.625, 1.4431909648806275e-23, nan 
84.375, 85.625, 1.461076897242677e-23, nan 
84.625, 85.625, 1.458179412720164e-23, nan 
84.875, 85.625, 1.5270182604124856e-23, nan 
85.125, 85.625, 1.6195970669854466e-23, nan 
85.375, 85.625, 1.7720703906115947e-23, nan 
85.625, 85.625, 1.9382008871149707e-23, nan 
85.875, 85.625, 1.973213930967867e-23, nan 
86.125, 85.625, 2.0765207204468397e-23, nan 
86.375, 85.625, 1.9746796626929576e-23, nan 
86.625, 85.625, 1.8574352730516527e-23, nan 
86.875, 85.625, 1.744149056694385e-23, nan 
87.125, 85.625, 1.644328924359934e-23, nan 
87.375, 85.625, 1.5094559846720262e-23, nan 
87.625, 85.625, 1.4190277795975124e-23, nan 
87.875, 85.625, 1.3814071305515612e-23, nan 
88.125, 85.625, 1.3347474139637164e-23, nan 
88.375, 85.625, 1.2008232115235552e-23, nan 
88.625, 85.625, 1.1629156308336526e-23, nan 
88.875, 85.625, 1.0310350407098841e-23, nan 
89.125, 85.625, 1.1162578293661042e-23, nan 
89.375, 85.625, 1.2452149696273275e-23, nan 
89.625, 85.625, 1.4996098046001304e-23, nan 
89.875, 85.625, 1.6238828968159072e-23, nan 
90.125, 85.625, 1.9879149449034317e-23, nan 
90.375, 85.625, 2.618235557868018e-23, nan 
90.625, 85.625, 2.7537824184581274e-23, nan 
90.875, 85.625, 2.657152395833282e-23, nan 
91.125, 85.625, 2.5328494106251088e-23, nan 
91.375, 85.625, 2.487442584952063e-23, nan 
91.625, 85.625, 2.1073617735555215e-23, nan 
91.875, 85.625, 1.8402145107464645e-23, nan 
92.125, 85.625, 1.7106793772730314e-23, nan 
92.375, 85.625, 1.6809197614923594e-23, nan 
92.625, 85.625, 1.7781259979259556e-23, nan 
92.875, 85.625, 1.9617680876159263e-23, nan 
93.125, 85.625, 2.1313540767415534e-23, nan 
93.375, 85.625, 2.1821693594181942e-23, nan 
93.625, 85.625, 2.303797274488362e-23, nan 
93.875, 85.625, 2.4135286472901297e-23, nan 
94.125, 85.625, 2.4547637225410916e-23, nan 
94.375, 85.625, 2.4608685314652194e-23, nan 
94.625, 85.625, 2.4413088507575482e-23, nan 
94.875, 85.625, 2.2680723431765837e-23, nan 
95.125, 85.625, 2.3051412430682875e-23, nan 
95.375, 85.625, 2.2854352419789995e-23, nan 
95.625, 85.625, 2.3837341152855933e-23, nan 
95.875, 85.625, 2.426390650713017e-23, nan 
96.125, 85.625, 2.5059394451328282e-23, nan 
96.375, 85.625, 2.4489713887203225e-23, nan 
96.625, 85.625, 2.4733525134636002e-23, nan 
96.875, 85.625, 2.8057264567444984e-23, nan 
97.125, 85.625, 3.3432894455015196e-23, nan 
97.375, 85.625, 3.3633805544679006e-23, nan 
97.625, 85.625, 3.372545535787841e-23, nan 
97.875, 85.625, 3.961719796355816e-23, nan 
98.125, 85.625, 4.364694192285052e-23, nan 
98.375, 85.625, 4.163545040778094e-23, nan 
98.625, 85.625, 4.013190547906978e-23, nan 
98.875, 85.625, 4.1383798304125005e-23, nan 
99.125, 85.625, 4.271090577427554e-23, nan 
99.375, 85.625, 3.993552175485854e-23, nan 
99.625, 85.625, 3.8046166294697446e-23, nan 
99.875, 85.625, 3.5524705604739795e-23, nan 
100.125, 85.625, 3.3078932082471065e-23, nan 
100.375, 85.625, 3.1649554754948993e-23, nan 
100.625, 85.625, 3.021119908260475e-23, nan 
100.875, 85.625, 2.900038542203596e-23, nan 
101.125, 85.625, 2.7915106629947896e-23, nan 
101.375, 85.625, 2.6957579173198086e-23, nan 
101.625, 85.625, 2.5289056131123452e-23, nan 
101.875, 85.625, 2.3067905210624384e-23, nan 
102.125, 85.625, 2.283490856629168e-23, nan 
102.375, 85.625, 2.179182794167372e-23, nan 
102.625, 85.625, 2.130249009013826e-23, nan 
102.875, 85.625, 2.3199050196384256e-23, nan 
103.125, 85.625, 2.8949990488454474e-23, nan 
103.375, 85.625, 4.1393166087800686e-23, nan 
103.625, 85.625, 4.842199658928095e-23, nan 
103.875, 85.625, 5.16071834861029e-23, nan 
104.125, 85.625, 5.357043080150413e-23, nan 
104.375, 85.625, 5.743843878595413e-23, nan 
104.625, 85.625, 5.909472298058381e-23, nan 
104.875, 85.625, 5.859214430991302e-23, nan 
105.125, 85.625, 5.48594414540069e-23, nan 
105.375, 85.625, 4.9834428669027404e-23, nan 
105.625, 85.625, 4.691780669931356e-23, nan 
105.875, 85.625, 4.761184140722026e-23, nan 
106.125, 85.625, 4.701651402752005e-23, nan 
106.375, 85.625, 4.913509692972668e-23, nan 
106.625, 85.625, 5.346783043289566e-23, nan 
106.875, 85.625, 5.53605520401016e-23, nan 
107.125, 85.625, 5.602716212050246e-23, nan 
107.375, 85.625, 5.605608346767441e-23, nan 
107.625, 85.625, 5.550278553183333e-23, nan 
107.875, 85.625, 5.538851688234497e-23, nan 
108.125, 85.625, 5.54619969253271e-23, nan 
108.375, 85.625, 5.627709866490805e-23, nan 
108.625, 85.625, 5.534053622146799e-23, nan 
108.875, 85.625, 5.328316378732839e-23, nan 
109.125, 85.625, 5.341225783142339e-23, nan 
109.375, 85.625, 4.670162217349737e-23, nan 
109.625, 85.625, 4.3468648683726054e-23, nan 
109.875, 85.625, 3.9629653672460634e-23, nan 
110.125, 85.625, 3.327852330935913e-23, nan 
110.375, 85.625, 2.5466607163985785e-23, nan 
110.625, 85.625, 2.1549292854693726e-23, nan 
110.875, 85.625, 2.2681720665075748e-23, nan 
111.125, 85.625, 2.2205198684209373e-23, nan 
111.375, 85.625, 2.1618471838779908e-23, nan 
111.625, 85.625, 2.1084932384699758e-23, nan 
111.875, 85.625, 2.012996403140875e-23, nan 
112.125, 85.625, 2.3682307915179013e-23, nan 
112.375, 85.625, 2.7674192919233515e-23, nan 
112.625, 85.625, 3.193967647727074e-23, nan 
112.875, 85.625, 3.694586742695173e-23, nan 
113.125, 85.625, 4.2965351354590145e-23, nan 
113.375, 85.625, 4.9826624268221725e-23, nan 
113.625, 85.625, 5.668308636544727e-23, nan 
113.875, 85.625, 6.622837325860042e-23, nan 
114.125, 85.625, 7.231031711581153e-23, nan 
114.375, 85.625, 7.082383408302047e-23, nan 
114.625, 85.625, 6.305552383280767e-23, nan 
114.875, 85.625, 5.889729612271661e-23, nan 
115.125, 85.625, 5.096218161977371e-23, nan 
115.375, 85.625, 5.0591451099698604e-23, nan 
115.625, 85.625, 5.017742290044749e-23, nan 
115.875, 85.625, 4.946744668255579e-23, nan 
116.125, 85.625, 4.6713733275204294e-23, nan 
116.375, 85.625, 4.303407535052743e-23, nan 
116.625, 85.625, 3.8208861849874793e-23, nan 
116.875, 85.625, 2.4524967862973695e-23, nan 
117.125, 85.625, 2.9918191546526953e-23, nan 
117.375, 85.625, 2.9733782799736545e-23, nan 
117.625, 85.625, 3.0648981161759556e-23, nan 
117.875, 85.625, 2.953040975961407e-23, nan 
118.125, 85.625, 2.686285382390443e-23, nan 
118.375, 85.625, 2.4634737619694653e-23, nan 
118.625, 85.625, 2.807591305227074e-23, nan 
118.875, 85.625, 3.0325656030533004e-23, nan 
119.125, 85.625, 3.209834117429204e-23, nan 
119.375, 85.625, 3.214247516880696e-23, nan 
119.625, 85.625, 3.0530884048276256e-23, nan 
119.875, 85.625, 2.859311416887075e-23, nan 
120.125, 85.625, 1.6241040489623048e-23, nan 
120.375, 85.625, 1.2425550947769805e-23, nan 
120.625, 85.625, 1.2839986186977608e-23, nan 
120.875, 85.625, 1.2262886670104496e-23, nan 
121.125, 85.625, 1.3309676815536567e-23, nan 
121.375, 85.625, 1.4596107039939292e-23, nan 
121.625, 85.625, 1.5557679469134003e-23, nan 
121.875, 85.625, 1.4956512875644952e-23, nan 
122.125, 85.625, 1.411009730486242e-23, nan 
122.375, 85.625, 1.3437564643921527e-23, nan 
122.625, 85.625, 1.4758614673793655e-23, nan 
122.875, 85.625, 1.6101716283670263e-23, nan 
123.125, 85.625, 1.745385095976703e-23, nan 
123.375, 85.625, 2.0121772351360055e-23, nan 
123.625, 85.625, 2.612103200951951e-23, nan 
123.875, 85.625, 3.4274841458883556e-23, nan 
124.125, 85.625, 5.884585768456094e-23, nan 
124.375, 85.625, 7.059850817680293e-23, nan 
124.625, 85.625, 7.504042840246855e-23, nan 
124.875, 85.625, 7.844910468737984e-23, nan 
125.125, 85.625, 7.809325721541891e-23, nan 
125.375, 85.625, 7.665151639359647e-23, nan 
125.625, 85.625, 7.381741397826196e-23, nan 
125.875, 85.625, 7.228540345094783e-23, nan 
126.125, 85.625, 7.007309932737358e-23, nan 
126.375, 85.625, 6.083656598844041e-23, nan 
126.625, 85.625, 5.672684214198985e-23, nan 
126.875, 85.625, 4.812267183753905e-23, nan 
127.125, 85.625, 4.55856241202461e-23, nan 
127.375, 85.625, 4.6360157052700804e-23, nan 
127.625, 85.625, 4.7887468882435224e-23, nan 
127.875, 85.625, 4.9037659943659733e-23, nan 
128.125, 85.625, 4.9407896755352616e-23, nan 
128.375, 85.625, 5.1364756053810965e-23, nan 
128.625, 85.625, 5.575147492993686e-23, nan 
128.875, 85.625, 5.383219069975793e-23, nan 
129.125, 85.625, 6.039658250324411e-23, nan 
129.375, 85.625, 6.389896539458932e-23, nan 
129.625, 85.625, 6.951286704182443e-23, nan 
129.875, 85.625, 7.225740843865895e-23, nan 
130.125, 85.625, 7.6262368606076e-23, nan 
130.375, 85.625, 7.766901992445499e-23, nan 
130.625, 85.625, 7.872596386691268e-23, nan 
130.875, 85.625, 7.310326793950314e-23, nan 
131.125, 85.625, 5.876095714580223e-23, nan 
131.375, 85.625, 5.33357412207865e-23, nan 
131.625, 85.625, 4.828066283285608e-23, nan 
131.875, 85.625, 4.484952337695615e-23, nan 
132.125, 85.625, 5.258752405089644e-23, nan 
132.375, 85.625, 6.40850214216074e-23, nan 
132.625, 85.625, 6.87010647101061e-23, nan 
132.875, 85.625, 7.146449266504267e-23, nan 
133.125, 85.625, 7.342958584026964e-23, nan 
133.375, 85.625, 7.576747500647526e-23, nan 
133.625, 85.625, 7.810365217658396e-23, nan 
133.875, 85.625, 7.85094076157679e-23, nan 
134.125, 85.625, 7.814200335724921e-23, nan 
134.375, 85.625, 7.698675205378878e-23, nan 
134.625, 85.625, 7.527442365006123e-23, nan 
134.875, 85.625, 7.508999691628564e-23, nan 
135.125, 85.625, 7.308858798230205e-23, nan 
135.375, 85.625, 6.734555997045548e-23, nan 
135.625, 85.625, 6.412763086262442e-23, nan 
135.875, 85.625, 6.239153423276439e-23, nan 
136.125, 85.625, 6.17137457709396e-23, nan 
136.375, 85.625, 5.872093225982881e-23, nan 
136.625, 85.625, 5.635613059736977e-23, nan 
136.875, 85.625, 5.350600331651347e-23, nan 
137.125, 85.625, 5.0830047772876793e-23, nan 
137.375, 85.625, 4.497349682589369e-23, nan 
137.625, 85.625, 3.922642710805666e-23, nan 
137.875, 85.625, 3.6679932783036553e-23, nan 
138.125, 85.625, 2.6785680085740197e-23, nan 
138.375, 85.625, 2.2128083863065938e-23, nan 
138.625, 85.625, 1.9247144057361682e-23, nan 
138.875, 85.625, 1.7476425637322618e-23, nan 
139.125, 85.625, 1.8621046309541753e-23, nan 
139.375, 85.625, 1.8235169431093703e-23, nan 
139.625, 85.625, 1.815219375494794e-23, nan 
139.875, 85.625, 1.8184993063582682e-23, nan 
140.125, 85.625, 1.767234452521539e-23, nan 
140.375, 85.625, 1.7805199104250548e-23, nan 
140.625, 85.625, 1.9350417060908927e-23, nan 
140.875, 85.625, 1.825438683795713e-23, nan 
141.125, 85.625, 1.818918450790633e-23, nan 
141.375, 85.625, 1.6266421103852884e-23, nan 
141.625, 85.625, 1.4298056529282883e-23, nan 
141.875, 85.625, 1.3201806643329218e-23, nan 
142.125, 85.625, 1.3018779357729473e-23, nan 
142.375, 85.625, 1.3632105966333322e-23, nan 
142.625, 85.625, 1.4043346667137653e-23, nan 
142.875, 85.625, 1.4126426063168277e-23, nan 
143.125, 85.625, 1.4954540088412292e-23, nan 
143.375, 85.625, 1.4886911505642216e-23, nan 
143.625, 85.625, 1.3859991201892375e-23, nan 
143.875, 85.625, 1.4847453787794504e-23, nan 
144.125, 85.625, 1.6033030035468359e-23, nan 
144.375, 85.625, 1.8926865729577093e-23, nan 
144.625, 85.625, 1.846126572361767e-23, nan 
144.875, 85.625, 1.9809422822790413e-23, nan 
145.125, 85.625, 2.3823709534392924e-23, nan 
145.375, 85.625, 3.0137477849973294e-23, nan 
145.625, 85.625, 3.2845887875481307e-23, nan 
145.875, 85.625, 3.6695448721403806e-23, nan 
146.125, 85.625, 3.991059051846108e-23, nan 
146.375, 85.625, 4.7597319146797263e-23, nan 
146.625, 85.625, 5.678445924384987e-23, nan 
146.875, 85.625, 6.296126001089243e-23, nan 
147.125, 85.625, 6.667900952454091e-23, nan 
147.375, 85.625, 6.637671854253483e-23, nan 
147.625, 85.625, 6.065995014332524e-23, nan 
147.875, 85.625, 5.56960773880691e-23, nan 
148.125, 85.625, 5.043669481820505e-23, nan 
148.375, 85.625, 4.8731581461804313e-23, nan 
148.625, 85.625, 4.6872191623892276e-23, nan 
148.875, 85.625, 4.4614344305806744e-23, nan 
149.125, 85.625, 4.167656822737065e-23, nan 
149.375, 85.625, 3.4372481533658996e-23, nan 
149.625, 85.625, 4.5205369163441584e-23, nan 
149.875, 85.625, 6.705969385821826e-23, nan 
150.125, 85.625, 8.35485855988345e-23, nan 
150.375, 85.625, 9.491413857456911e-23, nan 
150.625, 85.625, 9.762283844453438e-23, nan 
150.875, 85.625, 9.298295794161858e-23, nan 
151.125, 85.625, 9.098137737973401e-23, nan 
151.375, 85.625, 8.532158771031168e-23, nan 
151.625, 85.625, 8.448201441797236e-23, nan 
151.875, 85.625, 8.280001466033209e-23, nan 
152.125, 85.625, 8.07322020609041e-23, nan 
152.375, 85.625, 7.537148151203194e-23, nan 
152.625, 85.625, 5.480081736189484e-23, nan 
152.875, 85.625, 4.589780773998602e-23, nan 
153.125, 85.625, 5.90953165227939e-23, nan 
153.375, 85.625, 6.972614083964614e-23, nan 
153.625, 85.625, 7.663087076269673e-23, nan 
153.875, 85.625, 7.9004699818803e-23, nan 
154.125, 85.625, 7.648823025638689e-23, nan 
154.375, 85.625, 7.466476592163825e-23, nan 
154.625, 85.625, 7.186747309036402e-23, nan 
154.875, 85.625, 7.232637974711681e-23, nan 
155.125, 85.625, 7.091829632186495e-23, nan 
155.375, 85.625, 6.913899450518739e-23, nan 
155.625, 85.625, 6.886775469588821e-23, nan 
155.875, 85.625, 5.984001375035355e-23, nan 
156.125, 85.625, 5.050426323610567e-23, nan 
156.375, 85.625, 5.191896102718283e-23, nan 
156.625, 85.625, 5.122188947593689e-23, nan 
156.875, 85.625, 4.9158153893277665e-23, nan 
157.125, 85.625, 4.3806969040203304e-23, nan 
157.375, 85.625, 4.43359712021268e-23, nan 
157.625, 85.625, 3.412353402596468e-23, nan 
157.875, 85.625, 3.016972946547982e-23, nan 
158.125, 85.625, 1.8946941244797972e-23, nan 
158.375, 85.625, 1.0014628928064123e-23, nan 
158.625, 85.625, 2.032769798190672e-24, nan 
158.875, 85.625, 2.5995252140030156e-24, nan 
159.125, 85.625, 1.6158581891009198e-24, nan 
159.375, 85.625, 1.9038631693463945e-24, nan 
159.625, 85.625, 1.8341232384715503e-24, nan 
159.875, 85.625, 1.7914923614885197e-24, nan 
160.125, 85.625, 2.2388295692056964e-24, nan 
160.375, 85.625, 3.1861805019604882e-24, nan 
160.625, 85.625, 3.9916285150052626e-24, nan 
160.875, 85.625, 5.003958363176705e-24, nan 
161.125, 85.625, 6.629046762876656e-24, nan 
161.375, 85.625, 8.349002664604331e-24, nan 
161.625, 85.625, 9.88758181594531e-24, nan 
161.875, 85.625, 1.2076195766453035e-23, nan 
162.125, 85.625, 1.447975967976979e-23, nan 
162.375, 85.625, 1.620068098614331e-23, nan 
162.625, 85.625, 1.7102235903169752e-23, nan 
162.875, 85.625, 1.714606699212987e-23, nan 
163.125, 85.625, 1.6718850410786995e-23, nan 
163.375, 85.625, 1.671969558407307e-23, nan 
163.625, 85.625, 1.5254830941219036e-23, nan 
163.875, 85.625, 1.403872563529544e-23, nan 
164.125, 85.625, 1.2792761739674305e-23, nan 
164.375, 85.625, 1.4727626317003175e-23, nan 
164.625, 85.625, 2.212516216581419e-23, nan 
164.875, 85.625, 3.0642861971098566e-23, nan 
165.125, 85.625, 3.410789061570521e-23, nan 
165.375, 85.625, 3.549652180506149e-23, nan 
165.625, 85.625, 3.5703640267967146e-23, nan 
165.875, 85.625, 3.562374334373968e-23, nan 
166.125, 85.625, 3.5266676662532466e-23, nan 
166.375, 85.625, 3.5693002815611664e-23, nan 
166.625, 85.625, 3.6186771161742065e-23, nan 
166.875, 85.625, 3.828951717884631e-23, nan 
167.125, 85.625, 3.938153000742406e-23, nan 
167.375, 85.625, 4.342306895431212e-23, nan 
167.625, 85.625, 3.9663248679869196e-23, nan 
167.875, 85.625, 3.3611274314506526e-23, nan 
168.125, 85.625, 3.6332522599048046e-23, nan 
168.375, 85.625, 3.9934931883689857e-23, nan 
168.625, 85.625, 4.464413978758201e-23, nan 
168.875, 85.625, 5.062937736804513e-23, nan 
169.125, 85.625, 5.503952641398951e-23, nan 
169.375, 85.625, 5.57512726302161e-23, nan 
169.625, 85.625, 5.763868053989822e-23, nan 
169.875, 85.625, 5.954597198179872e-23, nan 
170.125, 85.625, 6.50456052398963e-23, nan 
170.375, 85.625, 6.78510958684731e-23, nan 
170.625, 85.625, 7.025179115718705e-23, nan 
170.875, 85.625, 6.838856569844812e-23, nan 
171.125, 85.625, 5.98350180238357e-23, nan 
171.375, 85.625, 5.129119452358649e-23, nan 
171.625, 85.625, 4.346726716100115e-23, nan 
171.875, 85.625, 4.0084830738952237e-23, nan 
172.125, 85.625, 4.775475050596766e-23, nan 
172.375, 85.625, 5.66166497475708e-23, nan 
172.625, 85.625, 5.652044196554545e-23, nan 
172.875, 85.625, 5.533648711251043e-23, nan 
173.125, 85.625, 5.268155695827461e-23, nan 
173.375, 85.625, 5.1632419283283734e-23, nan 
173.625, 85.625, 5.05488414662638e-23, nan 
173.875, 85.625, 5.0176216109346655e-23, nan 
174.125, 85.625, 5.078576776231197e-23, nan 
174.375, 85.625, 5.095446459053563e-23, nan 
174.625, 85.625, 5.0313731132384444e-23, nan 
174.875, 85.625, 4.6405583595676054e-23, nan 
175.125, 85.625, 4.16545028889802e-23, nan 
175.375, 85.625, 3.9509331687475674e-23, nan 
175.625, 85.625, 4.058809176940142e-23, nan 
175.875, 85.625, 4.4120027802453805e-23, nan 
176.125, 85.625, 4.9277372214574894e-23, nan 
176.375, 85.625, 5.402748201524558e-23, nan 
176.625, 85.625, 5.541141712173849e-23, nan 
176.875, 85.625, 3.105067118887006e-23, nan 
177.125, 85.625, 3.2483802982777516e-23, nan 
177.375, 85.625, 3.698410079986433e-23, nan 
177.625, 85.625, 4.4304065628727637e-23, nan 
177.875, 85.625, 5.018419060708505e-23, nan 
178.125, 85.625, 5.237340847156523e-23, nan 
178.375, 85.625, 5.559866465095067e-23, nan 
178.625, 85.625, 5.991259758880168e-23, nan 
178.875, 85.625, 6.474432281395332e-23, nan 
179.125, 85.625, 7.024832446399778e-23, nan 
179.375, 85.625, 7.645316487693299e-23, nan 
179.625, 85.625, 8.779860640803892e-23, nan 
179.875, 85.625, 9.410658229567957e-23, nan 
-179.875, 85.875, 5.838819922027209e-23, nan 
-179.625, 85.875, 5.565332007541307e-23, nan 
-179.375, 85.875, 5.301181240142579e-23, nan 
-179.125, 85.875, 4.925315448360749e-23, nan 
-178.875, 85.875, 4.200329907561121e-23, nan 
-178.625, 85.875, 4.561631088372521e-23, nan 
-178.375, 85.875, 5.0977730060685765e-23, nan 
-178.125, 85.875, 5.1934674647610633e-23, nan 
-177.875, 85.875, 5.087253998155601e-23, nan 
-177.625, 85.875, 4.9711953954255836e-23, nan 
-177.375, 85.875, 4.644669796761931e-23, nan 
-177.125, 85.875, 4.161437018181737e-23, nan 
-176.875, 85.875, 3.6773899012899134e-23, nan 
-176.625, 85.875, 3.1286661926328423e-23, nan 
-176.375, 85.875, 2.7179297745076515e-23, nan 
-176.125, 85.875, 2.2930617471247318e-23, nan 
-175.875, 85.875, 1.991868372097534e-23, nan 
-175.625, 85.875, 1.5531814114206033e-23, nan 
-175.375, 85.875, 8.611714709893708e-24, nan 
-175.125, 85.875, 2.1683778585969885e-24, nan 
-174.875, 85.875, 2.5569366397532574e-24, nan 
-174.625, 85.875, 3.224800691445522e-24, nan 
-174.375, 85.875, 3.55067420602689e-24, nan 
-174.125, 85.875, 3.674430537954947e-24, nan 
-173.875, 85.875, 3.6396497046923285e-24, nan 
-173.625, 85.875, 3.5244414557913274e-24, nan 
-173.375, 85.875, 3.238140823159912e-24, nan 
-173.125, 85.875, 2.8947720434382242e-24, nan 
-172.875, 85.875, 2.772121355382471e-24, nan 
-172.625, 85.875, 2.7885839076050596e-24, nan 
-172.375, 85.875, 2.964039216551959e-24, nan 
-172.125, 85.875, 3.384969352928419e-24, nan 
-171.875, 85.875, 4.041995849189704e-24, nan 
-171.625, 85.875, 4.472828879845718e-24, nan 
-171.375, 85.875, 5.2239375194164146e-24, nan 
-171.125, 85.875, 6.371502911278389e-24, nan 
-170.875, 85.875, 7.540685323215026e-24, nan 
-170.625, 85.875, 9.186424403034662e-24, nan 
-170.375, 85.875, 1.0708554090193503e-23, nan 
-170.125, 85.875, 1.2650528373236518e-23, nan 
-169.875, 85.875, 1.2550776888272557e-23, nan 
-169.625, 85.875, 1.1931501237572577e-23, nan 
-169.375, 85.875, 1.1632367468551212e-23, nan 
-169.125, 85.875, 1.1003861681290909e-23, nan 
-168.875, 85.875, 1.0973349902182288e-23, nan 
-168.625, 85.875, 1.113323810242727e-23, nan 
-168.375, 85.875, 1.0879642869510822e-23, nan 
-168.125, 85.875, 1.071812042593927e-23, nan 
-167.875, 85.875, 8.98349614602538e-24, nan 
-167.625, 85.875, 7.603596877744729e-24, nan 
-167.375, 85.875, 1.0002035673703449e-23, nan 
-167.125, 85.875, 1.2741701834511767e-23, nan 
-166.875, 85.875, 1.6464089174161966e-23, nan 
-166.625, 85.875, 1.7310937729829178e-23, nan 
-166.375, 85.875, 1.843060576482168e-23, nan 
-166.125, 85.875, 2.0549114131173478e-23, nan 
-165.875, 85.875, 2.1198233600416832e-23, nan 
-165.625, 85.875, 2.2144207792112558e-23, nan 
-165.375, 85.875, 2.474999307465178e-23, nan 
-165.125, 85.875, 2.611971101957699e-23, nan 
-164.875, 85.875, 2.659729373746855e-23, nan 
-164.625, 85.875, 2.344816218030543e-23, nan 
7.375, 85.875, 5.832027804857757e-24, nan 
7.625, 85.875, 5.738215833336908e-24, nan 
7.875, 85.875, 5.6175787301912316e-24, nan 
8.125, 85.875, 5.619202927335414e-24, nan 
8.375, 85.875, 5.6221808590661076e-24, nan 
8.625, 85.875, 5.680437887886652e-24, nan 
8.875, 85.875, 5.703598417606316e-24, nan 
9.125, 85.875, 5.406241296180003e-24, nan 
9.375, 85.875, 5.198581975800152e-24, nan 
9.625, 85.875, 5.311449931711425e-24, nan 
9.875, 85.875, 5.10765534666798e-24, nan 
10.125, 85.875, 5.025184400344438e-24, nan 
10.375, 85.875, 5.0610670174524816e-24, nan 
10.625, 85.875, 5.02449816786525e-24, nan 
10.875, 85.875, 5.0139264629486906e-24, nan 
11.125, 85.875, 4.968835858158557e-24, nan 
11.375, 85.875, 4.928579908508774e-24, nan 
11.625, 85.875, 5.0035480912213244e-24, nan 
11.875, 85.875, 5.027689431876384e-24, nan 
12.125, 85.875, 5.152605903313318e-24, nan 
12.375, 85.875, 5.26038153058842e-24, nan 
12.625, 85.875, 5.313376625617294e-24, nan 
12.875, 85.875, 5.477149105895959e-24, nan 
13.125, 85.875, 5.503643598570258e-24, nan 
13.375, 85.875, 4.863902636452512e-24, nan 
13.625, 85.875, 4.37674405897199e-24, nan 
13.875, 85.875, 3.9927910876437096e-24, nan 
14.125, 85.875, 4.05933315776114e-24, nan 
14.375, 85.875, 3.845774280884626e-24, nan 
14.625, 85.875, 3.6552903268073515e-24, nan 
14.875, 85.875, 3.740996759699888e-24, nan 
15.125, 85.875, 3.717445369410616e-24, nan 
15.375, 85.875, 3.7391836558056404e-24, nan 
15.625, 85.875, 3.7951714587728126e-24, nan 
15.875, 85.875, 3.551094100758242e-24, nan 
16.125, 85.875, 3.374619149565802e-24, nan 
16.375, 85.875, 3.2549257307058227e-24, nan 
16.625, 85.875, 3.110025541288376e-24, nan 
16.875, 85.875, 2.9024437159407948e-24, nan 
17.125, 85.875, 2.930171305118763e-24, nan 
17.375, 85.875, 3.0206499383698916e-24, nan 
17.625, 85.875, 2.9384150389538083e-24, nan 
17.875, 85.875, 2.7315919015708217e-24, nan 
18.125, 85.875, 2.597914996281013e-24, nan 
18.375, 85.875, 2.63193263572784e-24, nan 
18.625, 85.875, 2.4997060215432107e-24, nan 
18.875, 85.875, 2.3426686832927846e-24, nan 
19.125, 85.875, 2.3021178896124115e-24, nan 
19.375, 85.875, 2.348841793648937e-24, nan 
19.625, 85.875, 2.2806830358727828e-24, nan 
19.875, 85.875, 2.328422895095943e-24, nan 
20.125, 85.875, 2.1856072545301582e-24, nan 
20.375, 85.875, 1.969533577924844e-24, nan 
20.625, 85.875, 1.8071366027769557e-24, nan 
20.875, 85.875, 1.712933604321495e-24, nan 
21.125, 85.875, 1.43808160484177e-24, nan 
21.375, 85.875, 1.0941039451564724e-24, nan 
21.625, 85.875, 7.767636968935682e-25, nan 
21.875, 85.875, 6.720417280226268e-25, nan 
22.125, 85.875, 7.530467918346306e-25, nan 
22.375, 85.875, 9.239862706268055e-25, nan 
22.625, 85.875, 1.1042131878768983e-24, nan 
22.875, 85.875, 1.1216188666514934e-24, nan 
23.125, 85.875, 1.25700819457115e-24, nan 
23.375, 85.875, 1.4585347317293655e-24, nan 
23.625, 85.875, 1.5921137692948595e-24, nan 
23.875, 85.875, 1.7080255464538885e-24, nan 
24.125, 85.875, 1.8395812694204722e-24, nan 
24.375, 85.875, 1.886096787162708e-24, nan 
24.625, 85.875, 1.8074932551053816e-24, nan 
24.875, 85.875, 1.7575775556449507e-24, nan 
25.125, 85.875, 1.7116203825691564e-24, nan 
25.375, 85.875, 1.5327997833836015e-24, nan 
25.625, 85.875, 1.3721775667885892e-24, nan 
25.875, 85.875, 1.2769718197480843e-24, nan 
26.125, 85.875, 1.0791040681655674e-24, nan 
26.375, 85.875, 1.0404523308088544e-24, nan 
26.625, 85.875, 1.224470416599201e-24, nan 
26.875, 85.875, 1.373887454764387e-24, nan 
27.125, 85.875, 1.5812731397695387e-24, nan 
27.375, 85.875, 1.7707204365643056e-24, nan 
27.625, 85.875, 1.9666608744694648e-24, nan 
27.875, 85.875, 1.9278376804166532e-24, nan 
28.125, 85.875, 2.11648878265066e-24, nan 
28.375, 85.875, 2.151524121384831e-24, nan 
28.625, 85.875, 1.9944990054700543e-24, nan 
28.875, 85.875, 2.8794132740488007e-24, nan 
29.125, 85.875, 4.0593536084302885e-24, nan 
29.375, 85.875, 4.4446823176368265e-24, nan 
29.625, 85.875, 4.7446759324373466e-24, nan 
29.875, 85.875, 5.6501794961674715e-24, nan 
30.125, 85.875, 5.951516264489455e-24, nan 
30.375, 85.875, 6.168595085505786e-24, nan 
30.625, 85.875, 6.698156188922103e-24, nan 
30.875, 85.875, 7.293565894486879e-24, nan 
31.125, 85.875, 7.698127303346355e-24, nan 
31.375, 85.875, 8.012613196512103e-24, nan 
31.625, 85.875, 8.675016866954645e-24, nan 
31.875, 85.875, 9.249125291510205e-24, nan 
32.125, 85.875, 9.592956259372809e-24, nan 
32.375, 85.875, 9.583435912425743e-24, nan 
32.625, 85.875, 9.30144932693172e-24, nan 
32.875, 85.875, 8.863414903683379e-24, nan 
33.125, 85.875, 8.377024425900101e-24, nan 
33.375, 85.875, 8.282514330008724e-24, nan 
33.625, 85.875, 8.338592824353195e-24, nan 
33.875, 85.875, 8.192966252003175e-24, nan 
34.125, 85.875, 8.140532685208902e-24, nan 
34.375, 85.875, 8.072373390239039e-24, nan 
34.625, 85.875, 8.216801772485265e-24, nan 
34.875, 85.875, 8.388262908236537e-24, nan 
35.125, 85.875, 8.678096560049877e-24, nan 
35.375, 85.875, 8.764680341880952e-24, nan 
35.625, 85.875, 8.752911368204942e-24, nan 
35.875, 85.875, 8.622599117694652e-24, nan 
36.125, 85.875, 8.299527303534936e-24, nan 
36.375, 85.875, 7.958695185166795e-24, nan 
36.625, 85.875, 7.644893339573775e-24, nan 
36.875, 85.875, 7.536944011507913e-24, nan 
37.125, 85.875, 7.205176547862662e-24, nan 
37.375, 85.875, 6.785398767888365e-24, nan 
37.625, 85.875, 6.2484963650575824e-24, nan 
37.875, 85.875, 5.765425190644295e-24, nan 
38.125, 85.875, 5.702805485303711e-24, nan 
38.375, 85.875, 5.6256305231439196e-24, nan 
38.625, 85.875, 5.537715584208594e-24, nan 
38.875, 85.875, 5.359815868012071e-24, nan 
39.125, 85.875, 5.456563271654309e-24, nan 
39.375, 85.875, 5.4426458094183725e-24, nan 
39.625, 85.875, 5.247053680780241e-24, nan 
39.875, 85.875, 5.093717159150699e-24, nan 
40.125, 85.875, 4.940928036298789e-24, nan 
40.375, 85.875, 4.814530343073155e-24, nan 
40.625, 85.875, 4.938939981955045e-24, nan 
40.875, 85.875, 4.950445033620082e-24, nan 
41.125, 85.875, 5.025153762013457e-24, nan 
41.375, 85.875, 5.0807045010590934e-24, nan 
41.625, 85.875, 4.957134798316642e-24, nan 
41.875, 85.875, 4.992700971874244e-24, nan 
42.125, 85.875, 4.775863426084712e-24, nan 
42.375, 85.875, 5.5054078702730364e-24, nan 
42.625, 85.875, 5.530353544035668e-24, nan 
42.875, 85.875, 5.864591752454332e-24, nan 
43.125, 85.875, 6.087152032518919e-24, nan 
43.375, 85.875, 6.472055325433355e-24, nan 
43.625, 85.875, 6.93990418047767e-24, nan 
43.875, 85.875, 7.107331142290241e-24, nan 
44.125, 85.875, 7.256818042162226e-24, nan 
44.375, 85.875, 7.4091022163771e-24, nan 
44.625, 85.875, 7.030020098831467e-24, nan 
44.875, 85.875, 6.82650865107201e-24, nan 
45.125, 85.875, 6.498053543593072e-24, nan 
45.375, 85.875, 6.330998302156096e-24, nan 
45.625, 85.875, 6.2888343790413614e-24, nan 
45.875, 85.875, 6.401280399927391e-24, nan 
46.125, 85.875, 6.683418491793818e-24, nan 
46.375, 85.875, 6.66224544800037e-24, nan 
46.625, 85.875, 6.737874913586485e-24, nan 
46.875, 85.875, 6.836068312507787e-24, nan 
47.125, 85.875, 6.88748289506942e-24, nan 
47.375, 85.875, 6.859578839636326e-24, nan 
47.625, 85.875, 6.910238537253359e-24, nan 
47.875, 85.875, 6.504486785683609e-24, nan 
48.125, 85.875, 6.2207535231393075e-24, nan 
48.375, 85.875, 6.641954903050009e-24, nan 
48.625, 85.875, 7.520163202570197e-24, nan 
48.875, 85.875, 7.990810731928743e-24, nan 
49.125, 85.875, 8.972627699259927e-24, nan 
49.375, 85.875, 1.0794168212508186e-23, nan 
49.625, 85.875, 1.1192173595859774e-23, nan 
49.875, 85.875, 1.2433881305664117e-23, nan 
50.125, 85.875, 1.2181361395966828e-23, nan 
50.375, 85.875, 1.296604658213037e-23, nan 
50.625, 85.875, 1.3390704746484835e-23, nan 
50.875, 85.875, 1.4525749215404952e-23, nan 
51.125, 85.875, 1.5877097100201115e-23, nan 
51.375, 85.875, 1.6914660618740906e-23, nan 
51.625, 85.875, 1.7342351127951205e-23, nan 
51.875, 85.875, 1.754162363185822e-23, nan 
52.125, 85.875, 1.6941814748796387e-23, nan 
52.375, 85.875, 1.656094054710633e-23, nan 
52.625, 85.875, 1.6647939184872643e-23, nan 
52.875, 85.875, 1.6440132818013207e-23, nan 
53.125, 85.875, 1.6141127862603193e-23, nan 
53.375, 85.875, 1.5888262019727944e-23, nan 
53.625, 85.875, 1.5534416356828036e-23, nan 
53.875, 85.875, 1.553027081581197e-23, nan 
54.125, 85.875, 1.221995910339785e-23, nan 
54.375, 85.875, 1.1154373072054954e-23, nan 
54.625, 85.875, 1.1741212283757078e-23, nan 
54.875, 85.875, 1.2777535013642093e-23, nan 
55.125, 85.875, 1.4342376713648534e-23, nan 
55.375, 85.875, 1.351147413876325e-23, nan 
55.625, 85.875, 1.2565360291770572e-23, nan 
55.875, 85.875, 1.3456776710214125e-23, nan 
56.125, 85.875, 1.3896986617629855e-23, nan 
56.375, 85.875, 1.409547149015528e-23, nan 
56.625, 85.875, 1.4530562078632054e-23, nan 
56.875, 85.875, 1.4309136203042156e-23, nan 
57.125, 85.875, 1.4802254918762232e-23, nan 
57.375, 85.875, 1.3172836711464555e-23, nan 
57.625, 85.875, 1.140709672880969e-23, nan 
57.875, 85.875, 1.1347970646700518e-23, nan 
58.125, 85.875, 1.1123937160358953e-23, nan 
58.375, 85.875, 1.0921130801113078e-23, nan 
58.625, 85.875, 1.0689128572165843e-23, nan 
58.875, 85.875, 1.0477997671998852e-23, nan 
59.125, 85.875, 1.0610012187201798e-23, nan 
59.375, 85.875, 1.0561315274517492e-23, nan 
59.625, 85.875, 1.0702146358174851e-23, nan 
59.875, 85.875, 1.0965916513096736e-23, nan 
60.125, 85.875, 1.1158083479987106e-23, nan 
60.375, 85.875, 1.113655896050829e-23, nan 
60.625, 85.875, 1.115645050356105e-23, nan 
60.875, 85.875, 1.0991027343047745e-23, nan 
61.125, 85.875, 1.1018057435596332e-23, nan 
61.375, 85.875, 1.1021346840081519e-23, nan 
61.625, 85.875, 1.1025050877023185e-23, nan 
61.875, 85.875, 1.1242289742131978e-23, nan 
62.125, 85.875, 1.1306386123541492e-23, nan 
62.375, 85.875, 1.1289506611352772e-23, nan 
62.625, 85.875, 1.1247187548107566e-23, nan 
62.875, 85.875, 1.1029678939182164e-23, nan 
63.125, 85.875, 1.0910539399850246e-23, nan 
63.375, 85.875, 1.088990246431247e-23, nan 
63.625, 85.875, 1.0943688163364649e-23, nan 
63.875, 85.875, 1.1457915008385813e-23, nan 
64.125, 85.875, 1.1767846219970788e-23, nan 
64.375, 85.875, 1.2009146865633205e-23, nan 
64.625, 85.875, 1.215182827356815e-23, nan 
64.875, 85.875, 1.2037654099068839e-23, nan 
65.125, 85.875, 1.1919007188522156e-23, nan 
65.375, 85.875, 1.1756265297005742e-23, nan 
65.625, 85.875, 1.2178570966423904e-23, nan 
65.875, 85.875, 1.2865294428784789e-23, nan 
66.125, 85.875, 1.3182939563881172e-23, nan 
66.375, 85.875, 1.3327606808745277e-23, nan 
66.625, 85.875, 1.3158610862437198e-23, nan 
66.875, 85.875, 1.201326691735498e-23, nan 
67.125, 85.875, 1.0864836526756953e-23, nan 
67.375, 85.875, 9.927043246494453e-24, nan 
67.625, 85.875, 9.1552848403368e-24, nan 
67.875, 85.875, 8.569808876424492e-24, nan 
68.125, 85.875, 8.540292172212944e-24, nan 
68.375, 85.875, 8.823277474425416e-24, nan 
68.625, 85.875, 9.155309862225611e-24, nan 
68.875, 85.875, 8.819333758753984e-24, nan 
69.125, 85.875, 8.86330112146386e-24, nan 
69.375, 85.875, 9.019189808628499e-24, nan 
69.625, 85.875, 9.23168596089677e-24, nan 
69.875, 85.875, 8.69197792787333e-24, nan 
70.125, 85.875, 8.901665749847132e-24, nan 
70.375, 85.875, 8.64154402997433e-24, nan 
70.625, 85.875, 8.705843478837169e-24, nan 
70.875, 85.875, 8.886280588294234e-24, nan 
71.125, 85.875, 9.932137649225499e-24, nan 
71.375, 85.875, 1.0368248323522978e-23, nan 
71.625, 85.875, 1.0404712239147255e-23, nan 
71.875, 85.875, 1.1075957646664709e-23, nan 
72.125, 85.875, 1.014051440995321e-23, nan 
72.375, 85.875, 9.6813025008793e-24, nan 
72.625, 85.875, 9.381197593936674e-24, nan 
72.875, 85.875, 9.36547765449489e-24, nan 
73.125, 85.875, 9.40570042372062e-24, nan 
73.375, 85.875, 9.436466784816056e-24, nan 
73.625, 85.875, 9.623429853062066e-24, nan 
73.875, 85.875, 1.0072224675411398e-23, nan 
74.125, 85.875, 1.0649889967985265e-23, nan 
74.375, 85.875, 1.0870409357148229e-23, nan 
74.625, 85.875, 1.125062292698769e-23, nan 
74.875, 85.875, 1.1761323225697185e-23, nan 
75.125, 85.875, 1.272067784664335e-23, nan 
75.375, 85.875, 1.3449850343590527e-23, nan 
75.625, 85.875, 1.3627014976517957e-23, nan 
75.875, 85.875, 1.4618877095992987e-23, nan 
76.125, 85.875, 1.6108400123845632e-23, nan 
76.375, 85.875, 1.803160134994599e-23, nan 
76.625, 85.875, 1.839522978049963e-23, nan 
76.875, 85.875, 2.2466359937656567e-23, nan 
77.125, 85.875, 2.272681628964839e-23, nan 
77.375, 85.875, 2.407352284564123e-23, nan 
77.625, 85.875, 2.4846724167462836e-23, nan 
77.875, 85.875, 2.5206755126023973e-23, nan 
78.125, 85.875, 2.634635399102023e-23, nan 
78.375, 85.875, 2.3913052827817263e-23, nan 
78.625, 85.875, 2.1106047556756785e-23, nan 
78.875, 85.875, 1.8261948702224637e-23, nan 
79.125, 85.875, 1.5679819089443552e-23, nan 
79.375, 85.875, 1.3315249397893906e-23, nan 
79.625, 85.875, 1.2140679914040275e-23, nan 
79.875, 85.875, 1.1280170162986437e-23, nan 
80.125, 85.875, 1.0288251374082697e-23, nan 
80.375, 85.875, 9.801758820647586e-24, nan 
80.625, 85.875, 9.294328790604233e-24, nan 
80.875, 85.875, 9.716869780354889e-24, nan 
81.125, 85.875, 9.708309556863121e-24, nan 
81.375, 85.875, 1.0308278362824739e-23, nan 
81.625, 85.875, 1.0919346679929564e-23, nan 
81.875, 85.875, 1.1651371142792348e-23, nan 
82.125, 85.875, 1.1214264861577203e-23, nan 
82.375, 85.875, 1.1238497861481836e-23, nan 
82.625, 85.875, 1.15119101302899e-23, nan 
82.875, 85.875, 1.1047452317929748e-23, nan 
83.125, 85.875, 1.1412147540952106e-23, nan 
83.375, 85.875, 1.2511982533082693e-23, nan 
83.625, 85.875, 1.3559094358886007e-23, nan 
83.875, 85.875, 1.3936366901232383e-23, nan 
84.125, 85.875, 1.4673102547752552e-23, nan 
84.375, 85.875, 1.5336025932578007e-23, nan 
84.625, 85.875, 1.4685839987822616e-23, nan 
84.875, 85.875, 1.4499449198794023e-23, nan 
85.125, 85.875, 1.4505972216201225e-23, nan 
85.375, 85.875, 1.4068568695378035e-23, nan 
85.625, 85.875, 1.3492617666986324e-23, nan 
85.875, 85.875, 1.3092735148374455e-23, nan 
86.125, 85.875, 1.519177448467913e-23, nan 
86.375, 85.875, 1.41176153024742e-23, nan 
86.625, 85.875, 1.376983255728082e-23, nan 
86.875, 85.875, 1.2725135922993601e-23, nan 
87.125, 85.875, 1.5958317818296883e-23, nan 
87.375, 85.875, 1.692437029482886e-23, nan 
87.625, 85.875, 1.5837801915791878e-23, nan 
87.875, 85.875, 1.522316070840179e-23, nan 
88.125, 85.875, 1.7163726757339206e-23, nan 
88.375, 85.875, 1.866252670630916e-23, nan 
88.625, 85.875, 1.8375381936888607e-23, nan 
88.875, 85.875, 2.1100316648948996e-23, nan 
89.125, 85.875, 2.0634132539702362e-23, nan 
89.375, 85.875, 2.425876001019371e-23, nan 
89.625, 85.875, 2.402636002067692e-23, nan 
89.875, 85.875, 2.0740123244933917e-23, nan 
90.125, 85.875, 1.3736771586239102e-23, nan 
90.375, 85.875, 2.3339779607784508e-23, nan 
90.625, 85.875, 2.832911174178509e-23, nan 
90.875, 85.875, 2.938943785456847e-23, nan 
91.125, 85.875, 3.0783308397752246e-23, nan 
91.375, 85.875, 3.3171707419286825e-23, nan 
91.625, 85.875, 3.2990748644510156e-23, nan 
91.875, 85.875, 3.221757455252465e-23, nan 
92.125, 85.875, 3.1655621939944194e-23, nan 
92.375, 85.875, 3.1412322869966196e-23, nan 
92.625, 85.875, 3.1548375203755853e-23, nan 
92.875, 85.875, 3.0704347704998546e-23, nan 
93.125, 85.875, 2.910737055626181e-23, nan 
93.375, 85.875, 2.679552300144413e-23, nan 
93.625, 85.875, 3.106790172928677e-23, nan 
93.875, 85.875, 3.571479154621412e-23, nan 
94.125, 85.875, 3.6873838866167557e-23, nan 
94.375, 85.875, 3.8060359280213584e-23, nan 
94.625, 85.875, 4.4206989358918955e-23, nan 
94.875, 85.875, 4.806738460397819e-23, nan 
95.125, 85.875, 4.7602063749250693e-23, nan 
95.375, 85.875, 4.750617541449851e-23, nan 
95.625, 85.875, 4.668291138237326e-23, nan 
95.875, 85.875, 4.629866179095684e-23, nan 
96.125, 85.875, 4.346733159987728e-23, nan 
96.375, 85.875, 4.0593069480467016e-23, nan 
96.625, 85.875, 3.6940161385832455e-23, nan 
96.875, 85.875, 3.305502456995312e-23, nan 
97.125, 85.875, 3.9018661422351994e-23, nan 
97.375, 85.875, 4.726607226110535e-23, nan 
97.625, 85.875, 5.302052779631989e-23, nan 
97.875, 85.875, 6.64674445437382e-23, nan 
98.125, 85.875, 7.547524208957549e-23, nan 
98.375, 85.875, 7.352489466103545e-23, nan 
98.625, 85.875, 7.197738339876573e-23, nan 
98.875, 85.875, 7.359288530918093e-23, nan 
99.125, 85.875, 7.763590472363334e-23, nan 
99.375, 85.875, 7.459137370030641e-23, nan 
99.625, 85.875, 7.463927869216531e-23, nan 
99.875, 85.875, 7.510354809578037e-23, nan 
100.125, 85.875, 7.735966040424026e-23, nan 
100.375, 85.875, 8.011135035429581e-23, nan 
100.625, 85.875, 8.122048554794756e-23, nan 
100.875, 85.875, 8.135924991279007e-23, nan 
101.125, 85.875, 8.195071121116367e-23, nan 
101.375, 85.875, 8.20126268539177e-23, nan 
101.625, 85.875, 8.063749154354794e-23, nan 
101.875, 85.875, 8.018961227946247e-23, nan 
102.125, 85.875, 7.950145199280458e-23, nan 
102.375, 85.875, 7.601505149918155e-23, nan 
102.625, 85.875, 7.447278537083589e-23, nan 
102.875, 85.875, 6.568466607071627e-23, nan 
103.125, 85.875, 5.975906350388376e-23, nan 
103.375, 85.875, 6.065246012535646e-23, nan 
103.625, 85.875, 6.582637269308376e-23, nan 
103.875, 85.875, 6.854300502592918e-23, nan 
104.125, 85.875, 6.981494451585118e-23, nan 
104.375, 85.875, 7.24004769636003e-23, nan 
104.625, 85.875, 7.284393685892366e-23, nan 
104.875, 85.875, 7.230013921106306e-23, nan 
105.125, 85.875, 7.071838424218544e-23, nan 
105.375, 85.875, 6.803015265265774e-23, nan 
105.625, 85.875, 6.383933689360047e-23, nan 
105.875, 85.875, 6.32982236604536e-23, nan 
106.125, 85.875, 5.744084299296584e-23, nan 
106.375, 85.875, 5.363225483920504e-23, nan 
106.625, 85.875, 5.207955574718165e-23, nan 
106.875, 85.875, 5.428320043848522e-23, nan 
107.125, 85.875, 5.720517487987627e-23, nan 
107.375, 85.875, 5.819495929933406e-23, nan 
107.625, 85.875, 5.74162071818795e-23, nan 
107.875, 85.875, 5.895796306139846e-23, nan 
108.125, 85.875, 5.926702464114259e-23, nan 
108.375, 85.875, 5.789532800060958e-23, nan 
108.625, 85.875, 5.55265618683144e-23, nan 
108.875, 85.875, 5.191714653351615e-23, nan 
109.125, 85.875, 5.02386864528113e-23, nan 
109.375, 85.875, 4.5965232204395886e-23, nan 
109.625, 85.875, 4.384454281016534e-23, nan 
109.875, 85.875, 4.212054933318451e-23, nan 
110.125, 85.875, 4.091735066022881e-23, nan 
110.375, 85.875, 4.2354979572961087e-23, nan 
110.625, 85.875, 4.2895425102667004e-23, nan 
110.875, 85.875, 4.188280308448278e-23, nan 
111.125, 85.875, 4.517008423154201e-23, nan 
111.375, 85.875, 4.620933879137371e-23, nan 
111.625, 85.875, 4.371996032743156e-23, nan 
111.875, 85.875, 4.1964987645663986e-23, nan 
112.125, 85.875, 3.860877236496742e-23, nan 
112.375, 85.875, 3.6130729306050063e-23, nan 
112.625, 85.875, 3.496129164253883e-23, nan 
112.875, 85.875, 3.360953463309225e-23, nan 
113.125, 85.875, 3.166126718388964e-23, nan 
113.375, 85.875, 2.9397355439110784e-23, nan 
113.625, 85.875, 2.871935520647381e-23, nan 
113.875, 85.875, 2.911311603454208e-23, nan 
114.125, 85.875, 3.0515851828923666e-23, nan 
114.375, 85.875, 3.304368399457785e-23, nan 
114.625, 85.875, 3.345246221574875e-23, nan 
114.875, 85.875, 3.1883090452349845e-23, nan 
115.125, 85.875, 3.0615640194722636e-23, nan 
115.375, 85.875, 3.318740705945036e-23, nan 
115.625, 85.875, 3.4871708471222345e-23, nan 
115.875, 85.875, 3.4619096913966303e-23, nan 
116.125, 85.875, 3.272577364709467e-23, nan 
116.375, 85.875, 3.0685973953145466e-23, nan 
116.625, 85.875, 2.767753015924574e-23, nan 
116.875, 85.875, 1.634260827048642e-23, nan 
117.125, 85.875, 1.3569751137085726e-23, nan 
117.375, 85.875, 1.4091316398142535e-23, nan 
117.625, 85.875, 1.7104574640003818e-23, nan 
117.875, 85.875, 2.0595372036774326e-23, nan 
118.125, 85.875, 2.4588852824690912e-23, nan 
118.375, 85.875, 3.011810322755114e-23, nan 
118.625, 85.875, 3.28781285878773e-23, nan 
118.875, 85.875, 3.37626209918669e-23, nan 
119.125, 85.875, 2.853305661135057e-23, nan 
119.375, 85.875, 2.292659408045684e-23, nan 
119.625, 85.875, 1.982461814644746e-23, nan 
119.875, 85.875, 2.8852102407426834e-23, nan 
120.125, 85.875, 3.4934830664348886e-23, nan 
120.375, 85.875, 3.807985778176759e-23, nan 
120.625, 85.875, 4.014415114251925e-23, nan 
120.875, 85.875, 4.0907978810760746e-23, nan 
121.125, 85.875, 4.3308415573576893e-23, nan 
121.375, 85.875, 4.5787931870273514e-23, nan 
121.625, 85.875, 4.799979716840496e-23, nan 
121.875, 85.875, 4.875005579334401e-23, nan 
122.125, 85.875, 5.091349022949138e-23, nan 
122.375, 85.875, 4.9905955826768437e-23, nan 
122.625, 85.875, 5.167226237738028e-23, nan 
122.875, 85.875, 5.313353511737881e-23, nan 
123.125, 85.875, 4.884391795813071e-23, nan 
123.375, 85.875, 4.942991709526066e-23, nan 
123.625, 85.875, 4.855122294499888e-23, nan 
123.875, 85.875, 4.8641247716314645e-23, nan 
124.125, 85.875, 4.161209972310955e-23, nan 
124.375, 85.875, 3.77730200364198e-23, nan 
124.625, 85.875, 3.784245366845412e-23, nan 
124.875, 85.875, 3.59165475748406e-23, nan 
125.125, 85.875, 4.0527526848263273e-23, nan 
125.375, 85.875, 4.89456175433491e-23, nan 
125.625, 85.875, 5.1896725042747904e-23, nan 
125.875, 85.875, 5.820490398470268e-23, nan 
126.125, 85.875, 5.939304622787523e-23, nan 
126.375, 85.875, 4.977601428385786e-23, nan 
126.625, 85.875, 4.684267734279922e-23, nan 
126.875, 85.875, 4.564554173337407e-23, nan 
127.125, 85.875, 4.5627544965264697e-23, nan 
127.375, 85.875, 4.4859106425673846e-23, nan 
127.625, 85.875, 4.5925773909242827e-23, nan 
127.875, 85.875, 4.6336460017007263e-23, nan 
128.125, 85.875, 4.466760590007087e-23, nan 
128.375, 85.875, 4.9635077375531496e-23, nan 
128.625, 85.875, 5.37293268009814e-23, nan 
128.875, 85.875, 5.513139858707424e-23, nan 
129.125, 85.875, 6.259154865848358e-23, nan 
129.375, 85.875, 6.356077965543726e-23, nan 
129.625, 85.875, 5.987156302808723e-23, nan 
129.875, 85.875, 5.94579519631316e-23, nan 
130.125, 85.875, 5.710397768175231e-23, nan 
130.375, 85.875, 5.601884139421686e-23, nan 
130.625, 85.875, 5.322728097985475e-23, nan 
130.875, 85.875, 5.183405786323929e-23, nan 
131.125, 85.875, 4.86650772333646e-23, nan 
131.375, 85.875, 4.920011735582194e-23, nan 
131.625, 85.875, 4.746663505949776e-23, nan 
131.875, 85.875, 4.7470668954030404e-23, nan 
132.125, 85.875, 4.8654335476545414e-23, nan 
132.375, 85.875, 5.399568864350087e-23, nan 
132.625, 85.875, 5.66870200004158e-23, nan 
132.875, 85.875, 5.584489729938906e-23, nan 
133.125, 85.875, 5.453347045953773e-23, nan 
133.375, 85.875, 5.744556850613623e-23, nan 
133.625, 85.875, 5.784112299714236e-23, nan 
133.875, 85.875, 5.381525086764688e-23, nan 
134.125, 85.875, 4.819974837974785e-23, nan 
134.375, 85.875, 4.729188337075485e-23, nan 
134.625, 85.875, 4.713948526122005e-23, nan 
134.875, 85.875, 4.502613711609994e-23, nan 
135.125, 85.875, 4.4967277728377886e-23, nan 
135.375, 85.875, 4.3387608639086377e-23, nan 
135.625, 85.875, 4.481541457059285e-23, nan 
135.875, 85.875, 4.371503327035419e-23, nan 
136.125, 85.875, 4.369039349149551e-23, nan 
136.375, 85.875, 4.3311681120660784e-23, nan 
136.625, 85.875, 4.3938750561847664e-23, nan 
136.875, 85.875, 4.3992637636633695e-23, nan 
137.125, 85.875, 4.6032688329854914e-23, nan 
137.375, 85.875, 4.789127558085363e-23, nan 
137.625, 85.875, 4.95368617110251e-23, nan 
137.875, 85.875, 4.998391085059786e-23, nan 
138.125, 85.875, 4.9454248905210956e-23, nan 
138.375, 85.875, 4.86859966290566e-23, nan 
138.625, 85.875, 4.625832905892809e-23, nan 
138.875, 85.875, 4.5723076413752884e-23, nan 
139.125, 85.875, 4.5856277758244875e-23, nan 
139.375, 85.875, 4.424644434551962e-23, nan 
139.625, 85.875, 4.280860868050545e-23, nan 
139.875, 85.875, 4.2297536986086576e-23, nan 
140.125, 85.875, 4.1178668102017995e-23, nan 
140.375, 85.875, 4.0866179468453976e-23, nan 
140.625, 85.875, 4.060262188043253e-23, nan 
140.875, 85.875, 4.0356054580087677e-23, nan 
141.125, 85.875, 3.929965795669946e-23, nan 
141.375, 85.875, 3.726981172288523e-23, nan 
141.625, 85.875, 3.615187383183391e-23, nan 
141.875, 85.875, 3.5803610030389745e-23, nan 
142.125, 85.875, 3.678027910991683e-23, nan 
142.375, 85.875, 3.6916099482915615e-23, nan 
142.625, 85.875, 3.6188609847260264e-23, nan 
142.875, 85.875, 3.620671616809014e-23, nan 
143.125, 85.875, 3.731310833450444e-23, nan 
143.375, 85.875, 3.6988384382063425e-23, nan 
143.625, 85.875, 3.742367349136243e-23, nan 
143.875, 85.875, 3.841758881522537e-23, nan 
144.125, 85.875, 4.012580661302442e-23, nan 
144.375, 85.875, 4.2406015769468815e-23, nan 
144.625, 85.875, 3.8695959345790786e-23, nan 
144.875, 85.875, 3.645711972484423e-23, nan 
145.125, 85.875, 3.901950662243043e-23, nan 
145.375, 85.875, 4.285788555379097e-23, nan 
145.625, 85.875, 4.0985473390461906e-23, nan 
145.875, 85.875, 3.9795488740417926e-23, nan 
146.125, 85.875, 3.9859463784024473e-23, nan 
146.375, 85.875, 3.958713784003566e-23, nan 
146.625, 85.875, 3.826993575957337e-23, nan 
146.875, 85.875, 3.580807371513872e-23, nan 
147.125, 85.875, 3.630166769842052e-23, nan 
147.375, 85.875, 3.683347156317074e-23, nan 
147.625, 85.875, 3.67822850227501e-23, nan 
147.875, 85.875, 3.5668383847777306e-23, nan 
148.125, 85.875, 3.3692399524592765e-23, nan 
148.375, 85.875, 3.612230264217563e-23, nan 
148.625, 85.875, 3.8408002884556935e-23, nan 
148.875, 85.875, 4.468986119221636e-23, nan 
149.125, 85.875, 5.171974190992853e-23, nan 
149.375, 85.875, 5.274504758253403e-23, nan 
149.625, 85.875, 4.9576233193300396e-23, nan 
149.875, 85.875, 5.144144586731424e-23, nan 
150.125, 85.875, 5.1796636162437455e-23, nan 
150.375, 85.875, 5.20105152865319e-23, nan 
150.625, 85.875, 5.041120310880699e-23, nan 
150.875, 85.875, 4.748323606898746e-23, nan 
151.125, 85.875, 4.3719139199577586e-23, nan 
151.375, 85.875, 4.0906224829455436e-23, nan 
151.625, 85.875, 4.235714928302709e-23, nan 
151.875, 85.875, 4.400844420073234e-23, nan 
152.125, 85.875, 4.571309287855985e-23, nan 
152.375, 85.875, 4.5537051487600024e-23, nan 
152.625, 85.875, 3.5214204877415623e-23, nan 
152.875, 85.875, 1.9402540313825943e-23, nan 
153.125, 85.875, 1.604803201528362e-23, nan 
153.375, 85.875, 1.3597542654341477e-23, nan 
153.625, 85.875, 1.196639409368655e-23, nan 
153.875, 85.875, 1.1480660483427061e-23, nan 
154.125, 85.875, 1.0021646260327768e-23, nan 
154.375, 85.875, 8.45854569287356e-24, nan 
154.625, 85.875, 7.799470480239871e-24, nan 
154.875, 85.875, 1.6142982170874196e-23, nan 
155.125, 85.875, 2.4119241599276504e-23, nan 
155.375, 85.875, 2.7519704159001886e-23, nan 
155.625, 85.875, 2.9541052505508095e-23, nan 
155.875, 85.875, 2.9453896247560757e-23, nan 
156.125, 85.875, 2.905440711956063e-23, nan 
156.375, 85.875, 2.7424708467064894e-23, nan 
156.625, 85.875, 2.5363946286294927e-23, nan 
156.875, 85.875, 2.4095707954553757e-23, nan 
157.125, 85.875, 2.3227666850757233e-23, nan 
157.375, 85.875, 2.1692409789538834e-23, nan 
157.625, 85.875, 1.8844834379395843e-23, nan 
157.875, 85.875, 1.2784675870452828e-23, nan 
158.125, 85.875, 1.0221467338898962e-23, nan 
158.375, 85.875, 9.334915819907381e-24, nan 
158.625, 85.875, 1.494697829502604e-23, nan 
158.875, 85.875, 1.499290172117429e-23, nan 
159.125, 85.875, 1.3991904005340845e-23, nan 
159.375, 85.875, 1.6887400864019145e-23, nan 
159.625, 85.875, 1.588033888055124e-23, nan 
159.875, 85.875, 1.5501637222610266e-23, nan 
160.125, 85.875, 1.485962407936235e-23, nan 
160.375, 85.875, 1.4691058659639774e-23, nan 
160.625, 85.875, 1.687167450583627e-23, nan 
160.875, 85.875, 1.659791509639175e-23, nan 
161.125, 85.875, 1.7541016445156997e-23, nan 
161.375, 85.875, 1.7141842172263053e-23, nan 
161.625, 85.875, 1.772846759223766e-23, nan 
161.875, 85.875, 1.717549216614135e-23, nan 
162.125, 85.875, 1.7804916795903786e-23, nan 
162.375, 85.875, 1.7737538224814167e-23, nan 
162.625, 85.875, 1.606671790899955e-23, nan 
162.875, 85.875, 1.5739139843688285e-23, nan 
163.125, 85.875, 1.5224731354916224e-23, nan 
163.375, 85.875, 1.3260746608674886e-23, nan 
163.625, 85.875, 1.2758118852916172e-23, nan 
163.875, 85.875, 1.0014638642611448e-23, nan 
164.125, 85.875, 7.36376176792885e-24, nan 
164.375, 85.875, 5.979061353972045e-24, nan 
164.625, 85.875, 6.3370690770987016e-24, nan 
164.875, 85.875, 9.243973779672816e-24, nan 
165.125, 85.875, 1.4014352117919543e-23, nan 
165.375, 85.875, 1.6075765968889627e-23, nan 
165.625, 85.875, 1.8366430246103082e-23, nan 
165.875, 85.875, 1.934854751020241e-23, nan 
166.125, 85.875, 1.867673177545324e-23, nan 
166.375, 85.875, 1.8459340836573512e-23, nan 
166.625, 85.875, 1.892469640704355e-23, nan 
166.875, 85.875, 1.9643708010179096e-23, nan 
167.125, 85.875, 1.892534724278608e-23, nan 
167.375, 85.875, 1.7992972820909786e-23, nan 
167.625, 85.875, 1.8553305781302696e-23, nan 
167.875, 85.875, 2.2116885404651678e-23, nan 
168.125, 85.875, 2.7250258291274885e-23, nan 
168.375, 85.875, 3.031993965634374e-23, nan 
168.625, 85.875, 3.2056022962613436e-23, nan 
168.875, 85.875, 3.285208363922082e-23, nan 
169.125, 85.875, 3.40809150305799e-23, nan 
169.375, 85.875, 3.49663604657041e-23, nan 
169.625, 85.875, 3.552024966842441e-23, nan 
169.875, 85.875, 3.557236338209332e-23, nan 
170.125, 85.875, 3.663720630346124e-23, nan 
170.375, 85.875, 3.7260540747993714e-23, nan 
170.625, 85.875, 3.8031729133461796e-23, nan 
170.875, 85.875, 3.741252712402229e-23, nan 
171.125, 85.875, 3.443026380659716e-23, nan 
171.375, 85.875, 3.0371790374114955e-23, nan 
171.625, 85.875, 2.4543821387316755e-23, nan 
171.875, 85.875, 1.6088085734525244e-23, nan 
172.125, 85.875, 1.166608086749869e-23, nan 
172.375, 85.875, 1.879613246591722e-23, nan 
172.625, 85.875, 2.594541944821147e-23, nan 
172.875, 85.875, 2.880946213441133e-23, nan 
173.125, 85.875, 2.8446024792310095e-23, nan 
173.375, 85.875, 2.6711389627070313e-23, nan 
173.625, 85.875, 2.552070735743753e-23, nan 
173.875, 85.875, 2.7457213604461613e-23, nan 
174.125, 85.875, 2.5251679439359814e-23, nan 
174.375, 85.875, 2.5956995480253327e-23, nan 
174.625, 85.875, 2.972223283429018e-23, nan 
174.875, 85.875, 3.5204116731813646e-23, nan 
175.125, 85.875, 3.891609458063016e-23, nan 
175.375, 85.875, 4.1346378893482324e-23, nan 
175.625, 85.875, 4.1413843539576695e-23, nan 
175.875, 85.875, 4.1038495548281003e-23, nan 
176.125, 85.875, 3.802087614743731e-23, nan 
176.375, 85.875, 3.2734805090798684e-23, nan 
176.625, 85.875, 2.788516770633864e-23, nan 
176.875, 85.875, 3.802468799442764e-23, nan 
177.125, 85.875, 3.864861284322105e-23, nan 
177.375, 85.875, 3.908652625086446e-23, nan 
177.625, 85.875, 4.144003119802541e-23, nan 
177.875, 85.875, 4.7820538057852193e-23, nan 
178.125, 85.875, 5.727451143225793e-23, nan 
178.375, 85.875, 6.38726496372303e-23, nan 
178.625, 85.875, 7.063577135582748e-23, nan 
178.875, 85.875, 7.425722963831983e-23, nan 
179.125, 85.875, 7.486725776361645e-23, nan 
179.375, 85.875, 7.215273508371972e-23, nan 
179.625, 85.875, 6.737538135492077e-23, nan 
179.875, 85.875, 6.31507802580403e-23, nan 
-179.875, 86.125, 5.122170281687976e-23, nan 
-179.625, 86.125, 4.8741288171010187e-23, nan 
-179.375, 86.125, 4.547546634811995e-23, nan 
-179.125, 86.125, 4.289346745804122e-23, nan 
-178.875, 86.125, 3.55831079349467e-23, nan 
-178.625, 86.125, 2.981138886446279e-23, nan 
-178.375, 86.125, 2.598540911835444e-23, nan 
-178.125, 86.125, 1.9993101502137442e-23, nan 
-177.875, 86.125, 1.331834165157431e-23, nan 
-177.625, 86.125, 7.423533041558346e-24, nan 
-177.375, 86.125, 2.897131884965183e-24, nan 
-177.125, 86.125, 1.4678558394574296e-24, nan 
-176.875, 86.125, 3.2058880277283518e-24, nan 
-176.625, 86.125, 4.0501231179388395e-24, nan 
-176.375, 86.125, 4.216381019766952e-24, nan 
-176.125, 86.125, 4.805689772588244e-24, nan 
-175.875, 86.125, 5.6732766582144946e-24, nan 
-175.625, 86.125, 7.088391972356179e-24, nan 
-175.375, 86.125, 7.031402404369938e-24, nan 
-175.125, 86.125, 7.00261793761184e-24, nan 
-174.875, 86.125, 7.004366355273863e-24, nan 
-174.625, 86.125, 7.376513307500811e-24, nan 
-174.375, 86.125, 7.482254038805177e-24, nan 
-174.125, 86.125, 7.496866865693628e-24, nan 
-173.875, 86.125, 7.694559065087615e-24, nan 
-173.625, 86.125, 7.614615122670074e-24, nan 
-173.375, 86.125, 7.659154626551713e-24, nan 
-173.125, 86.125, 7.846325948459197e-24, nan 
-172.875, 86.125, 8.434867072503625e-24, nan 
-172.625, 86.125, 8.696781070161862e-24, nan 
-172.375, 86.125, 8.591116652720117e-24, nan 
-172.125, 86.125, 9.180204448616462e-24, nan 
-171.875, 86.125, 9.846119730174634e-24, nan 
-171.625, 86.125, 9.511252595789274e-24, nan 
-171.375, 86.125, 8.837250934956942e-24, nan 
-171.125, 86.125, 7.102327212377263e-24, nan 
-170.875, 86.125, 5.776459922370875e-24, nan 
-170.625, 86.125, 6.1978878871043516e-24, nan 
-170.375, 86.125, 6.53490135816814e-24, nan 
-170.125, 86.125, 6.8808849529672e-24, nan 
-169.875, 86.125, 6.905070773221931e-24, nan 
-169.625, 86.125, 6.843450876879074e-24, nan 
-169.375, 86.125, 6.994331459717978e-24, nan 
-169.125, 86.125, 7.912645347202789e-24, nan 
-168.875, 86.125, 1.0066273610887164e-23, nan 
-168.625, 86.125, 1.1358582906150256e-23, nan 
-168.375, 86.125, 1.3622355716323e-23, nan 
-168.125, 86.125, 1.5739406843232196e-23, nan 
-167.875, 86.125, 1.604790675424372e-23, nan 
-167.625, 86.125, 1.6256203597482083e-23, nan 
-167.375, 86.125, 1.6026638343857796e-23, nan 
-167.125, 86.125, 1.4604649390409295e-23, nan 
-166.875, 86.125, 1.4681250114377273e-23, nan 
-166.625, 86.125, 1.3678872585421885e-23, nan 
-166.375, 86.125, 1.324966912006932e-23, nan 
-166.125, 86.125, 1.3100217828024578e-23, nan 
-165.875, 86.125, 1.2864022760412341e-23, nan 
-165.625, 86.125, 1.3020318226583871e-23, nan 
-165.375, 86.125, 1.381228480942406e-23, nan 
-165.125, 86.125, 1.5788090851936644e-23, nan 
-164.875, 86.125, 1.670958006551161e-23, nan 
-164.625, 86.125, 1.6221744669308936e-23, nan 
-164.375, 86.125, 1.41079962017552e-23, nan 
-164.125, 86.125, 1.3228959065519207e-23, nan 
-163.875, 86.125, 1.3171009505188364e-23, nan 
6.625, 86.125, 3.958554073561167e-24, nan 
6.875, 86.125, 3.790530320776971e-24, nan 
7.125, 86.125, 3.710248001343727e-24, nan 
7.375, 86.125, 3.542781752797655e-24, nan 
7.625, 86.125, 3.490461253366891e-24, nan 
7.875, 86.125, 3.2034630252665927e-24, nan 
8.125, 86.125, 3.0112466955129813e-24, nan 
8.375, 86.125, 3.001428141113813e-24, nan 
8.625, 86.125, 2.921504551310494e-24, nan 
8.875, 86.125, 2.7473232021586317e-24, nan 
9.125, 86.125, 2.6052751953586183e-24, nan 
9.375, 86.125, 2.4178341299616274e-24, nan 
9.625, 86.125, 2.3856802422249705e-24, nan 
9.875, 86.125, 2.254525307402253e-24, nan 
10.125, 86.125, 2.1189358123466296e-24, nan 
10.375, 86.125, 2.070763342229198e-24, nan 
10.625, 86.125, 1.948110626553703e-24, nan 
10.875, 86.125, 1.8406771800238925e-24, nan 
11.125, 86.125, 1.818501388778707e-24, nan 
11.375, 86.125, 1.728408903587222e-24, nan 
11.625, 86.125, 1.6916171209333717e-24, nan 
11.875, 86.125, 1.6063537383351202e-24, nan 
12.125, 86.125, 1.4503525246189774e-24, nan 
12.375, 86.125, 1.3774488959893646e-24, nan 
12.625, 86.125, 1.4051078274804019e-24, nan 
12.875, 86.125, 1.630582983698576e-24, nan 
13.125, 86.125, 1.9232286958015074e-24, nan 
13.375, 86.125, 2.2364181077751313e-24, nan 
13.625, 86.125, 2.2370826157982374e-24, nan 
13.875, 86.125, 1.983796062250162e-24, nan 
14.125, 86.125, 1.9039516430106665e-24, nan 
14.375, 86.125, 1.892237601482717e-24, nan 
14.625, 86.125, 1.805912533968232e-24, nan 
14.875, 86.125, 1.7352574313941097e-24, nan 
15.125, 86.125, 1.7774652326115252e-24, nan 
15.375, 86.125, 1.739287470756736e-24, nan 
15.625, 86.125, 1.6075835827789797e-24, nan 
15.875, 86.125, 1.4886530531302448e-24, nan 
16.125, 86.125, 1.1586618471058036e-24, nan 
16.375, 86.125, 1.0691619494797398e-24, nan 
16.625, 86.125, 9.199064456309202e-25, nan 
16.875, 86.125, 9.319503202506642e-25, nan 
17.125, 86.125, 8.910032041187713e-25, nan 
17.375, 86.125, 8.764692312737977e-25, nan 
17.625, 86.125, 1.0940137521168298e-24, nan 
17.875, 86.125, 1.3471444079002182e-24, nan 
18.125, 86.125, 1.5127686139602072e-24, nan 
18.375, 86.125, 1.3361301918238216e-24, nan 
18.625, 86.125, 1.1930848738319552e-24, nan 
18.875, 86.125, 1.1551640464748603e-24, nan 
19.125, 86.125, 1.2620216050591037e-24, nan 
19.375, 86.125, 1.312092013037858e-24, nan 
19.625, 86.125, 1.7354453319687855e-24, nan 
19.875, 86.125, 2.458911182938354e-24, nan 
20.125, 86.125, 3.0198580594445017e-24, nan 
20.375, 86.125, 3.679335718978596e-24, nan 
20.625, 86.125, 4.344490463361946e-24, nan 
20.875, 86.125, 4.545900791259537e-24, nan 
21.125, 86.125, 4.9930774192992084e-24, nan 
21.375, 86.125, 5.2077883500355735e-24, nan 
21.625, 86.125, 5.575001120368565e-24, nan 
21.875, 86.125, 5.852547950828086e-24, nan 
22.125, 86.125, 5.850065364486041e-24, nan 
22.375, 86.125, 6.1708860403947554e-24, nan 
22.625, 86.125, 6.4578252497628075e-24, nan 
22.875, 86.125, 6.461206837709889e-24, nan 
23.125, 86.125, 6.713273832823708e-24, nan 
23.375, 86.125, 6.88569241054857e-24, nan 
23.625, 86.125, 6.967993118567211e-24, nan 
23.875, 86.125, 7.080009049618416e-24, nan 
24.125, 86.125, 7.3709367949803e-24, nan 
24.375, 86.125, 7.667864369229761e-24, nan 
24.625, 86.125, 8.03235402189477e-24, nan 
24.875, 86.125, 8.390685842667612e-24, nan 
25.125, 86.125, 8.683409283662746e-24, nan 
25.375, 86.125, 9.132492612962335e-24, nan 
25.625, 86.125, 9.347554928389249e-24, nan 
25.875, 86.125, 9.39917440931533e-24, nan 
26.125, 86.125, 9.671203349726391e-24, nan 
26.375, 86.125, 9.747567337742713e-24, nan 
26.625, 86.125, 9.790598081907671e-24, nan 
26.875, 86.125, 1.0009677516125202e-23, nan 
27.125, 86.125, 1.0504763717468917e-23, nan 
27.375, 86.125, 1.0681220086906115e-23, nan 
27.625, 86.125, 1.0981686188075994e-23, nan 
27.875, 86.125, 1.0822504440665426e-23, nan 
28.125, 86.125, 1.1000426709834432e-23, nan 
28.375, 86.125, 1.0955037272897755e-23, nan 
28.625, 86.125, 1.0110200576579927e-23, nan 
28.875, 86.125, 8.340151976132001e-24, nan 
29.125, 86.125, 7.852879510569673e-24, nan 
29.375, 86.125, 7.90872001502753e-24, nan 
29.625, 86.125, 7.954410846560452e-24, nan 
29.875, 86.125, 8.303219203702288e-24, nan 
30.125, 86.125, 8.412220091911635e-24, nan 
30.375, 86.125, 8.456889126645677e-24, nan 
30.625, 86.125, 8.713345016385392e-24, nan 
30.875, 86.125, 9.308580528880222e-24, nan 
31.125, 86.125, 9.474389345589321e-24, nan 
31.375, 86.125, 9.724404718384153e-24, nan 
31.625, 86.125, 1.0036739614992553e-23, nan 
31.875, 86.125, 1.0431930970269392e-23, nan 
32.125, 86.125, 1.0614559795583566e-23, nan 
32.375, 86.125, 1.0145887261845811e-23, nan 
32.625, 86.125, 8.868952331484521e-24, nan 
32.875, 86.125, 7.865088034109008e-24, nan 
33.125, 86.125, 7.169851075636693e-24, nan 
33.375, 86.125, 6.916468736376248e-24, nan 
33.625, 86.125, 6.551640606665724e-24, nan 
33.875, 86.125, 6.016485183028788e-24, nan 
34.125, 86.125, 5.7764400446510066e-24, nan 
34.375, 86.125, 5.0837526105489255e-24, nan 
34.625, 86.125, 4.555297316328269e-24, nan 
34.875, 86.125, 4.245252426346291e-24, nan 
35.125, 86.125, 3.9894692034776476e-24, nan 
35.375, 86.125, 3.796260899829032e-24, nan 
35.625, 86.125, 3.4854879569305586e-24, nan 
35.875, 86.125, 3.2199038940726256e-24, nan 
36.125, 86.125, 3.070283421660053e-24, nan 
36.375, 86.125, 2.854748003776511e-24, nan 
36.625, 86.125, 2.8874178002727168e-24, nan 
36.875, 86.125, 2.767714934115226e-24, nan 
37.125, 86.125, 2.6716808184121316e-24, nan 
37.375, 86.125, 2.687164018064139e-24, nan 
37.625, 86.125, 2.8799025323939692e-24, nan 
37.875, 86.125, 3.663354811895905e-24, nan 
38.125, 86.125, 5.345426853096695e-24, nan 
38.375, 86.125, 4.896157511801494e-24, nan 
38.625, 86.125, 4.3158699074825946e-24, nan 
38.875, 86.125, 3.388034939421678e-24, nan 
39.125, 86.125, 3.9729936335110496e-24, nan 
39.375, 86.125, 3.796821320512886e-24, nan 
39.625, 86.125, 4.4081753768721195e-24, nan 
39.875, 86.125, 4.90255479638851e-24, nan 
40.125, 86.125, 5.0694415975827175e-24, nan 
40.375, 86.125, 5.4363858537631264e-24, nan 
40.625, 86.125, 5.649335656173397e-24, nan 
40.875, 86.125, 5.638105117822211e-24, nan 
41.125, 86.125, 5.1571451363523755e-24, nan 
41.375, 86.125, 6.4520561007260294e-24, nan 
41.625, 86.125, 7.116019482962773e-24, nan 
41.875, 86.125, 8.117233300748446e-24, nan 
42.125, 86.125, 8.667600155344668e-24, nan 
42.375, 86.125, 9.21403739114344e-24, nan 
42.625, 86.125, 9.526019542609921e-24, nan 
42.875, 86.125, 1.0276706736037446e-23, nan 
43.125, 86.125, 1.1188457929954329e-23, nan 
43.375, 86.125, 1.2213638937640267e-23, nan 
43.625, 86.125, 1.2931471963084583e-23, nan 
43.875, 86.125, 1.3414819512809805e-23, nan 
44.125, 86.125, 1.40954269207552e-23, nan 
44.375, 86.125, 1.4460315075408306e-23, nan 
44.625, 86.125, 1.5238315342455366e-23, nan 
44.875, 86.125, 1.6379629324480262e-23, nan 
45.125, 86.125, 1.733069791923236e-23, nan 
45.375, 86.125, 1.7631083803128458e-23, nan 
45.625, 86.125, 1.8760929103115886e-23, nan 
45.875, 86.125, 1.9071255450057754e-23, nan 
46.125, 86.125, 2.0072619788528555e-23, nan 
46.375, 86.125, 1.9637764225862017e-23, nan 
46.625, 86.125, 1.9972142710685568e-23, nan 
46.875, 86.125, 2.0124179168037263e-23, nan 
47.125, 86.125, 2.110578404818883e-23, nan 
47.375, 86.125, 2.1544266002015232e-23, nan 
47.625, 86.125, 2.2349584064761088e-23, nan 
47.875, 86.125, 2.1687591981960306e-23, nan 
48.125, 86.125, 1.8388983251708256e-23, nan 
48.375, 86.125, 1.652545158524137e-23, nan 
48.625, 86.125, 1.5703505471126767e-23, nan 
48.875, 86.125, 1.5323204725201639e-23, nan 
49.125, 86.125, 1.5255926213395894e-23, nan 
49.375, 86.125, 1.5844726799950902e-23, nan 
49.625, 86.125, 1.6020740720068632e-23, nan 
49.875, 86.125, 1.7061705486932632e-23, nan 
50.125, 86.125, 1.679168570813922e-23, nan 
50.375, 86.125, 1.7342278052387167e-23, nan 
50.625, 86.125, 1.7822754333331128e-23, nan 
50.875, 86.125, 1.9217073736942345e-23, nan 
51.125, 86.125, 1.966944887048344e-23, nan 
51.375, 86.125, 2.092526443167952e-23, nan 
51.625, 86.125, 2.073792055701917e-23, nan 
51.875, 86.125, 1.893123931342251e-23, nan 
52.125, 86.125, 1.7681515669306293e-23, nan 
52.375, 86.125, 1.7072472568243423e-23, nan 
52.625, 86.125, 1.6357254958201483e-23, nan 
52.875, 86.125, 1.5882943325076112e-23, nan 
53.125, 86.125, 1.506959060338236e-23, nan 
53.375, 86.125, 1.4719983855370315e-23, nan 
53.625, 86.125, 1.431583333405648e-23, nan 
53.875, 86.125, 1.42390989665435e-23, nan 
54.125, 86.125, 1.2257931710246831e-23, nan 
54.375, 86.125, 9.873263413362607e-24, nan 
54.625, 86.125, 1.0135576698464974e-23, nan 
54.875, 86.125, 1.0278514734391789e-23, nan 
55.125, 86.125, 1.0970757837608263e-23, nan 
55.375, 86.125, 1.1627781532733842e-23, nan 
55.625, 86.125, 1.201051849427624e-23, nan 
55.875, 86.125, 1.2307354570027394e-23, nan 
56.125, 86.125, 1.2808745104543566e-23, nan 
56.375, 86.125, 1.2906977622051138e-23, nan 
56.625, 86.125, 1.3373907371232785e-23, nan 
56.875, 86.125, 1.3026220907748148e-23, nan 
57.125, 86.125, 1.337798238020799e-23, nan 
57.375, 86.125, 1.3206545315279696e-23, nan 
57.625, 86.125, 1.349764663408258e-23, nan 
57.875, 86.125, 1.358622028541154e-23, nan 
58.125, 86.125, 1.3691304713040754e-23, nan 
58.375, 86.125, 1.392605784036254e-23, nan 
58.625, 86.125, 1.404703711519793e-23, nan 
58.875, 86.125, 1.41379537710768e-23, nan 
59.125, 86.125, 1.443934434126648e-23, nan 
59.375, 86.125, 1.485042225108936e-23, nan 
59.625, 86.125, 1.5001162125548597e-23, nan 
59.875, 86.125, 1.4893703662944263e-23, nan 
60.125, 86.125, 1.489710162624808e-23, nan 
60.375, 86.125, 1.5075316659956855e-23, nan 
60.625, 86.125, 1.6775314381146858e-23, nan 
60.875, 86.125, 1.7237306945668516e-23, nan 
61.125, 86.125, 1.7098567261600693e-23, nan 
61.375, 86.125, 1.685313107308045e-23, nan 
61.625, 86.125, 1.6223321743871553e-23, nan 
61.875, 86.125, 1.5832543765551887e-23, nan 
62.125, 86.125, 1.581350811203383e-23, nan 
62.375, 86.125, 1.5956066456267183e-23, nan 
62.625, 86.125, 1.562643807675497e-23, nan 
62.875, 86.125, 1.509703464171763e-23, nan 
63.125, 86.125, 1.4472745993422952e-23, nan 
63.375, 86.125, 1.3737893675478057e-23, nan 
63.625, 86.125, 1.2939851472286347e-23, nan 
63.875, 86.125, 1.2289675516372531e-23, nan 
64.125, 86.125, 1.166014755701794e-23, nan 
64.375, 86.125, 1.1045915064088383e-23, nan 
64.625, 86.125, 1.0267668912141142e-23, nan 
64.875, 86.125, 9.528696381823613e-24, nan 
65.125, 86.125, 8.807378237459336e-24, nan 
65.375, 86.125, 8.193116024061634e-24, nan 
65.625, 86.125, 7.646847065280988e-24, nan 
65.875, 86.125, 7.863562657807883e-24, nan 
66.125, 86.125, 8.483129470337105e-24, nan 
66.375, 86.125, 9.246380880511255e-24, nan 
66.625, 86.125, 9.586434779245356e-24, nan 
66.875, 86.125, 9.756112962699072e-24, nan 
67.125, 86.125, 9.245166063695753e-24, nan 
67.375, 86.125, 8.615588193350292e-24, nan 
67.625, 86.125, 7.849991614714613e-24, nan 
67.875, 86.125, 7.298909794747964e-24, nan 
68.125, 86.125, 6.722976104127786e-24, nan 
68.375, 86.125, 6.02330763706411e-24, nan 
68.625, 86.125, 5.4008980480105675e-24, nan 
68.875, 86.125, 5.1492457573647426e-24, nan 
69.125, 86.125, 4.8706873239494886e-24, nan 
69.375, 86.125, 4.791912181996182e-24, nan 
69.625, 86.125, 5.07785468896775e-24, nan 
69.875, 86.125, 5.601738576144598e-24, nan 
70.125, 86.125, 6.417527009384176e-24, nan 
70.375, 86.125, 6.854558847618109e-24, nan 
70.625, 86.125, 7.151235829168644e-24, nan 
70.875, 86.125, 7.386841837674772e-24, nan 
71.125, 86.125, 7.455613582709892e-24, nan 
71.375, 86.125, 7.397649699778495e-24, nan 
71.625, 86.125, 7.53824126465646e-24, nan 
71.875, 86.125, 7.570150092847148e-24, nan 
72.125, 86.125, 7.561489437827306e-24, nan 
72.375, 86.125, 7.495522258288786e-24, nan 
72.625, 86.125, 7.678505242676772e-24, nan 
72.875, 86.125, 7.551948493337833e-24, nan 
73.125, 86.125, 7.269247606487905e-24, nan 
73.375, 86.125, 6.831497823000538e-24, nan 
73.625, 86.125, 6.561960791476284e-24, nan 
73.875, 86.125, 6.478677744455095e-24, nan 
74.125, 86.125, 6.201482784075839e-24, nan 
74.375, 86.125, 6.190464394689071e-24, nan 
74.625, 86.125, 6.113496823375176e-24, nan 
74.875, 86.125, 5.840673607213673e-24, nan 
75.125, 86.125, 5.729004376205641e-24, nan 
75.375, 86.125, 6.032627861310763e-24, nan 
75.625, 86.125, 5.886116354625639e-24, nan 
75.875, 86.125, 6.450690457134605e-24, nan 
76.125, 86.125, 8.172789218364721e-24, nan 
76.375, 86.125, 8.982611905836421e-24, nan 
76.625, 86.125, 9.04310076918551e-24, nan 
76.875, 86.125, 9.254426149043282e-24, nan 
77.125, 86.125, 9.573230215350714e-24, nan 
77.375, 86.125, 1.0202909105016756e-23, nan 
77.625, 86.125, 1.0581052660646884e-23, nan 
77.875, 86.125, 1.1128499888486252e-23, nan 
78.125, 86.125, 1.1307399689798816e-23, nan 
78.375, 86.125, 1.1252458856084994e-23, nan 
78.625, 86.125, 1.1491976914829495e-23, nan 
78.875, 86.125, 1.1788685380519093e-23, nan 
79.125, 86.125, 1.1144387941485233e-23, nan 
79.375, 86.125, 1.1381955119672325e-23, nan 
79.625, 86.125, 1.2131184210681643e-23, nan 
79.875, 86.125, 1.2419279378563491e-23, nan 
80.125, 86.125, 1.2414002496307122e-23, nan 
80.375, 86.125, 1.1692670819776121e-23, nan 
80.625, 86.125, 1.1508593321145528e-23, nan 
80.875, 86.125, 1.1596321484452406e-23, nan 
81.125, 86.125, 1.133458222556425e-23, nan 
81.375, 86.125, 1.2109355495194111e-23, nan 
81.625, 86.125, 1.2189803407469602e-23, nan 
81.875, 86.125, 1.2668404599108349e-23, nan 
82.125, 86.125, 1.3059605709870667e-23, nan 
82.375, 86.125, 1.3120374676754899e-23, nan 
82.625, 86.125, 1.27199502169331e-23, nan 
82.875, 86.125, 1.229440623080249e-23, nan 
83.125, 86.125, 1.2411048042084238e-23, nan 
83.375, 86.125, 1.3211813164499047e-23, nan 
83.625, 86.125, 1.2521172732460039e-23, nan 
83.875, 86.125, 9.443837897081434e-24, nan 
84.125, 86.125, 5.8251533674539396e-24, nan 
84.375, 86.125, 5.17489224061461e-24, nan 
84.625, 86.125, 6.758474310804798e-24, nan 
84.875, 86.125, 9.565538048297457e-24, nan 
85.125, 86.125, 1.572297771132497e-23, nan 
85.375, 86.125, 1.9398554655331546e-23, nan 
85.625, 86.125, 2.5851811267047178e-23, nan 
85.875, 86.125, 2.7610525905980184e-23, nan 
86.125, 86.125, 2.821456086486517e-23, nan 
86.375, 86.125, 3.114084741633172e-23, nan 
86.625, 86.125, 3.329059693302019e-23, nan 
86.875, 86.125, 3.6611820161907586e-23, nan 
87.125, 86.125, 3.951575154568672e-23, nan 
87.375, 86.125, 3.9039503002228796e-23, nan 
87.625, 86.125, 3.4070755142660226e-23, nan 
87.875, 86.125, 2.959192950977053e-23, nan 
88.125, 86.125, 2.7762820761659435e-23, nan 
88.375, 86.125, 2.8473737042881065e-23, nan 
88.625, 86.125, 2.91883484245457e-23, nan 
88.875, 86.125, 3.114207673565784e-23, nan 
89.125, 86.125, 3.249336008633604e-23, nan 
89.375, 86.125, 3.500393892234712e-23, nan 
89.625, 86.125, 3.639716444716409e-23, nan 
89.875, 86.125, 3.376487733560945e-23, nan 
90.125, 86.125, 3.017204904834969e-23, nan 
90.375, 86.125, 3.0276316641489326e-23, nan 
90.625, 86.125, 3.040044379326377e-23, nan 
90.875, 86.125, 3.1669702058197507e-23, nan 
91.125, 86.125, 3.2186570964987503e-23, nan 
91.375, 86.125, 3.2268432181296605e-23, nan 
91.625, 86.125, 3.2949196161405255e-23, nan 
91.875, 86.125, 3.312196782452813e-23, nan 
92.125, 86.125, 3.319974741768905e-23, nan 
92.375, 86.125, 3.298583810476551e-23, nan 
92.625, 86.125, 3.321187297791894e-23, nan 
92.875, 86.125, 3.341438496409425e-23, nan 
93.125, 86.125, 3.209395878227903e-23, nan 
93.375, 86.125, 3.239595017803368e-23, nan 
93.625, 86.125, 3.791452011311007e-23, nan 
93.875, 86.125, 4.3763622751694117e-23, nan 
94.125, 86.125, 4.8089782476480047e-23, nan 
94.375, 86.125, 5.163387829767458e-23, nan 
94.625, 86.125, 5.856973924800495e-23, nan 
94.875, 86.125, 6.663818662936097e-23, nan 
95.125, 86.125, 7.719007293585335e-23, nan 
95.375, 86.125, 8.293312716864727e-23, nan 
95.625, 86.125, 8.394492462082492e-23, nan 
95.875, 86.125, 8.41998937113404e-23, nan 
96.125, 86.125, 8.318249883675293e-23, nan 
96.375, 86.125, 8.157762993695796e-23, nan 
96.625, 86.125, 7.993519546439778e-23, nan 
96.875, 86.125, 6.981217050401824e-23, nan 
97.125, 86.125, 5.1188437478387837e-23, nan 
97.375, 86.125, 4.609590592423007e-23, nan 
97.625, 86.125, 5.105693191671363e-23, nan 
97.875, 86.125, 5.949304674813915e-23, nan 
98.125, 86.125, 6.588856824054887e-23, nan 
98.375, 86.125, 6.852298706479606e-23, nan 
98.625, 86.125, 7.071653435497529e-23, nan 
98.875, 86.125, 7.41213880962081e-23, nan 
99.125, 86.125, 7.730502835829006e-23, nan 
99.375, 86.125, 7.700757980307756e-23, nan 
99.625, 86.125, 7.60943549812893e-23, nan 
99.875, 86.125, 7.438897215433084e-23, nan 
100.125, 86.125, 7.28896455248712e-23, nan 
100.375, 86.125, 7.211036689967227e-23, nan 
100.625, 86.125, 6.802279975182211e-23, nan 
100.875, 86.125, 5.939236745610825e-23, nan 
101.125, 86.125, 5.306384318291622e-23, nan 
101.375, 86.125, 5.0968770366558345e-23, nan 
101.625, 86.125, 4.951269585467195e-23, nan 
101.875, 86.125, 4.923371652623269e-23, nan 
102.125, 86.125, 4.854749563609425e-23, nan 
102.375, 86.125, 4.5662469763309913e-23, nan 
102.625, 86.125, 4.473991648848232e-23, nan 
102.875, 86.125, 3.823406819974246e-23, nan 
103.125, 86.125, 3.0878222791898646e-23, nan 
103.375, 86.125, 2.098226684910789e-23, nan 
103.625, 86.125, 1.6210942438027522e-23, nan 
103.875, 86.125, 1.4110335421199653e-23, nan 
104.125, 86.125, 1.3009469036511578e-23, nan 
104.375, 86.125, 1.1007237968532547e-23, nan 
104.625, 86.125, 1.015497652595201e-23, nan 
104.875, 86.125, 9.452325890937826e-24, nan 
105.125, 86.125, 9.205387022186079e-24, nan 
105.375, 86.125, 9.040990182506354e-24, nan 
105.625, 86.125, 8.940021073014068e-24, nan 
105.875, 86.125, 9.234149426569273e-24, nan 
106.125, 86.125, 9.487406970246312e-24, nan 
106.375, 86.125, 9.737395662144329e-24, nan 
106.625, 86.125, 1.0268253182472746e-23, nan 
106.875, 86.125, 1.0725010715783195e-23, nan 
107.125, 86.125, 1.1031714137447847e-23, nan 
107.375, 86.125, 1.1431031878025039e-23, nan 
107.625, 86.125, 1.1604014964074985e-23, nan 
107.875, 86.125, 1.1641421209129322e-23, nan 
108.125, 86.125, 1.1623835760371908e-23, nan 
108.375, 86.125, 1.1652893062736275e-23, nan 
108.625, 86.125, 1.1967161852355471e-23, nan 
108.875, 86.125, 1.2287516391883797e-23, nan 
109.125, 86.125, 1.2379951115696674e-23, nan 
109.375, 86.125, 1.309641682948851e-23, nan 
109.625, 86.125, 1.3826803443799923e-23, nan 
109.875, 86.125, 1.476549807804326e-23, nan 
110.125, 86.125, 1.81227527952348e-23, nan 
110.375, 86.125, 2.1807468358163869e-23, nan 
110.625, 86.125, 2.3166935742561417e-23, nan 
110.875, 86.125, 2.3406384745154155e-23, nan 
111.125, 86.125, 2.5885017932986176e-23, nan 
111.375, 86.125, 2.6814362916460696e-23, nan 
111.625, 86.125, 2.6179359538039138e-23, nan 
111.875, 86.125, 2.6094834657652666e-23, nan 
112.125, 86.125, 2.500876374544616e-23, nan 
112.375, 86.125, 2.43218987122378e-23, nan 
112.625, 86.125, 2.4196944224368328e-23, nan 
112.875, 86.125, 2.4117379920633807e-23, nan 
113.125, 86.125, 2.5136661814938304e-23, nan 
113.375, 86.125, 2.6292123665672846e-23, nan 
113.625, 86.125, 2.7856952522921675e-23, nan 
113.875, 86.125, 3.061920567413137e-23, nan 
114.125, 86.125, 3.3268787192113835e-23, nan 
114.375, 86.125, 3.5896290885456853e-23, nan 
114.625, 86.125, 4.0547357004970876e-23, nan 
114.875, 86.125, 4.350659403278761e-23, nan 
115.125, 86.125, 4.41536907284751e-23, nan 
115.375, 86.125, 3.974229975029785e-23, nan 
115.625, 86.125, 3.423379516715055e-23, nan 
115.875, 86.125, 2.5663669173312348e-23, nan 
116.125, 86.125, 2.8043427009111326e-23, nan 
116.375, 86.125, 3.125633052403013e-23, nan 
116.625, 86.125, 3.4348251111325647e-23, nan 
116.875, 86.125, 3.803751068407417e-23, nan 
117.125, 86.125, 4.0232452441187144e-23, nan 
117.375, 86.125, 4.358021440745805e-23, nan 
117.625, 86.125, 5.032776946317423e-23, nan 
117.875, 86.125, 5.708687982626728e-23, nan 
118.125, 86.125, 6.421677517634884e-23, nan 
118.375, 86.125, 7.523988996785238e-23, nan 
118.625, 86.125, 8.220560719790571e-23, nan 
118.875, 86.125, 8.461567059785813e-23, nan 
119.125, 86.125, 7.531632148785275e-23, nan 
119.375, 86.125, 6.184685116345112e-23, nan 
119.625, 86.125, 3.409854605390129e-23, nan 
119.875, 86.125, 2.432311854176612e-23, nan 
120.125, 86.125, 2.911152847985081e-23, nan 
120.375, 86.125, 3.333402603122527e-23, nan 
120.625, 86.125, 3.695698260216655e-23, nan 
120.875, 86.125, 3.9775544367268045e-23, nan 
121.125, 86.125, 4.278227561369035e-23, nan 
121.375, 86.125, 4.636345968364763e-23, nan 
121.625, 86.125, 4.966047312349774e-23, nan 
121.875, 86.125, 5.1753959677117015e-23, nan 
122.125, 86.125, 5.551546401429136e-23, nan 
122.375, 86.125, 5.807665671552245e-23, nan 
122.625, 86.125, 5.98338567515515e-23, nan 
122.875, 86.125, 5.685238935440472e-23, nan 
123.125, 86.125, 5.219974876540394e-23, nan 
123.375, 86.125, 4.413539938121867e-23, nan 
123.625, 86.125, 4.047280585468946e-23, nan 
123.875, 86.125, 4.020205590793723e-23, nan 
124.125, 86.125, 3.677951547650069e-23, nan 
124.375, 86.125, 3.475541249091658e-23, nan 
124.625, 86.125, 3.358005302482108e-23, nan 
124.875, 86.125, 3.2164688781911705e-23, nan 
125.125, 86.125, 2.7732860904101066e-23, nan 
125.375, 86.125, 2.2612986218375904e-23, nan 
125.625, 86.125, 2.0352797929224136e-23, nan 
125.875, 86.125, 1.8818016196740463e-23, nan 
126.125, 86.125, 1.6655158994367065e-23, nan 
126.375, 86.125, 2.2697672147553243e-23, nan 
126.625, 86.125, 2.7547304770437924e-23, nan 
126.875, 86.125, 3.5478181272359674e-23, nan 
127.125, 86.125, 3.655279280886952e-23, nan 
127.375, 86.125, 3.617333001766927e-23, nan 
127.625, 86.125, 3.7160798949912547e-23, nan 
127.875, 86.125, 3.7558599515906913e-23, nan 
128.125, 86.125, 3.4528579656350576e-23, nan 
128.375, 86.125, 3.572270841015772e-23, nan 
128.625, 86.125, 3.54780144530836e-23, nan 
128.875, 86.125, 3.643545415479227e-23, nan 
129.125, 86.125, 4.10503320424916e-23, nan 
129.375, 86.125, 4.1552914899368233e-23, nan 
129.625, 86.125, 4.177381268656567e-23, nan 
129.875, 86.125, 4.363917640671858e-23, nan 
130.125, 86.125, 4.493157236423227e-23, nan 
130.375, 86.125, 4.579653014146092e-23, nan 
130.625, 86.125, 4.519792098240909e-23, nan 
130.875, 86.125, 4.572260263820949e-23, nan 
131.125, 86.125, 4.5830515339444594e-23, nan 
131.375, 86.125, 4.5530855853233105e-23, nan 
131.625, 86.125, 4.4623630710649256e-23, nan 
131.875, 86.125, 4.4447749469992277e-23, nan 
132.125, 86.125, 4.494466975137102e-23, nan 
132.375, 86.125, 4.7422310162993725e-23, nan 
132.625, 86.125, 4.8437898737707695e-23, nan 
132.875, 86.125, 4.748334388847309e-23, nan 
133.125, 86.125, 4.669233702689898e-23, nan 
133.375, 86.125, 4.907212983030624e-23, nan 
133.625, 86.125, 4.8671173500094513e-23, nan 
133.875, 86.125, 4.6492653314751477e-23, nan 
134.125, 86.125, 4.2739988362150376e-23, nan 
134.375, 86.125, 4.1307617376892667e-23, nan 
134.625, 86.125, 4.104713453999179e-23, nan 
134.875, 86.125, 3.946236005503994e-23, nan 
135.125, 86.125, 3.9515106328101053e-23, nan 
135.375, 86.125, 3.838501712504696e-23, nan 
135.625, 86.125, 3.926152757295925e-23, nan 
135.875, 86.125, 3.811316450776299e-23, nan 
136.125, 86.125, 3.809292936169954e-23, nan 
136.375, 86.125, 3.783609462185515e-23, nan 
136.625, 86.125, 3.794914685005592e-23, nan 
136.875, 86.125, 3.816339885488943e-23, nan 
137.125, 86.125, 3.960141277786168e-23, nan 
137.375, 86.125, 4.069409812968526e-23, nan 
137.625, 86.125, 4.171820426870354e-23, nan 
137.875, 86.125, 4.181752125421571e-23, nan 
138.125, 86.125, 4.1156222826752625e-23, nan 
138.375, 86.125, 4.047339958889702e-23, nan 
138.625, 86.125, 3.8885799228644037e-23, nan 
138.875, 86.125, 3.857369082519294e-23, nan 
139.125, 86.125, 3.8502696829500473e-23, nan 
139.375, 86.125, 3.7350912079328467e-23, nan 
139.625, 86.125, 3.643397590555644e-23, nan 
139.875, 86.125, 3.617225107340944e-23, nan 
140.125, 86.125, 3.541620582832029e-23, nan 
140.375, 86.125, 3.516566584659071e-23, nan 
140.625, 86.125, 3.4928878711909915e-23, nan 
140.875, 86.125, 3.4600685996317345e-23, nan 
141.125, 86.125, 3.341624812098264e-23, nan 
141.375, 86.125, 3.201634788943778e-23, nan 
141.625, 86.125, 3.143405702504649e-23, nan 
141.875, 86.125, 3.133375410869653e-23, nan 
142.125, 86.125, 3.217597989535789e-23, nan 
142.375, 86.125, 3.397574406889131e-23, nan 
142.625, 86.125, 3.611691798226033e-23, nan 
142.875, 86.125, 3.586681324931885e-23, nan 
143.125, 86.125, 3.632931869917117e-23, nan 
143.375, 86.125, 3.5482016008633215e-23, nan 
143.625, 86.125, 3.537961073672974e-23, nan 
143.875, 86.125, 3.527089492912496e-23, nan 
144.125, 86.125, 3.571077029367144e-23, nan 
144.375, 86.125, 3.6640362357402196e-23, nan 
144.625, 86.125, 3.4216267626731645e-23, nan 
144.875, 86.125, 3.2458806457846625e-23, nan 
145.125, 86.125, 3.336407237572304e-23, nan 
145.375, 86.125, 3.5219537464353564e-23, nan 
145.625, 86.125, 3.366373775235801e-23, nan 
145.875, 86.125, 3.104119628194588e-23, nan 
146.125, 86.125, 3.055909337058678e-23, nan 
146.375, 86.125, 3.11599095435765e-23, nan 
146.625, 86.125, 3.04578704434544e-23, nan 
146.875, 86.125, 2.99247765946619e-23, nan 
147.125, 86.125, 3.201764947880255e-23, nan 
147.375, 86.125, 3.604633777818355e-23, nan 
147.625, 86.125, 4.0918101809586895e-23, nan 
147.875, 86.125, 4.414536545198662e-23, nan 
148.125, 86.125, 4.5077790966669135e-23, nan 
148.375, 86.125, 4.6256030624933295e-23, nan 
148.625, 86.125, 4.6800889394903875e-23, nan 
148.875, 86.125, 4.940567498363701e-23, nan 
149.125, 86.125, 5.163489225740964e-23, nan 
149.375, 86.125, 5.170766454000809e-23, nan 
149.625, 86.125, 5.0443909647376324e-23, nan 
149.875, 86.125, 5.014177865943551e-23, nan 
150.125, 86.125, 4.75349992645926e-23, nan 
150.375, 86.125, 4.299725114962518e-23, nan 
150.625, 86.125, 3.5775842074350497e-23, nan 
150.875, 86.125, 3.0382920532469837e-23, nan 
151.125, 86.125, 2.6099412728055823e-23, nan 
151.375, 86.125, 3.84929803331802e-23, nan 
151.625, 86.125, 4.9454022489954394e-23, nan 
151.875, 86.125, 5.643367274446207e-23, nan 
152.125, 86.125, 5.700052026460722e-23, nan 
152.375, 86.125, 5.624637249823601e-23, nan 
152.625, 86.125, 5.658485656905597e-23, nan 
152.875, 86.125, 5.560029669590553e-23, nan 
153.125, 86.125, 5.509362425641389e-23, nan 
153.375, 86.125, 5.612578078955423e-23, nan 
153.625, 86.125, 5.624508043114486e-23, nan 
153.875, 86.125, 5.506497112693348e-23, nan 
154.125, 86.125, 4.937740734931326e-23, nan 
154.375, 86.125, 4.0098410131561804e-23, nan 
154.625, 86.125, 3.3142472144957734e-23, nan 
154.875, 86.125, 2.90821825626579e-23, nan 
155.125, 86.125, 3.7832574957536e-23, nan 
155.375, 86.125, 4.5540532843221496e-23, nan 
155.625, 86.125, 5.304838617035839e-23, nan 
155.875, 86.125, 5.375410745062563e-23, nan 
156.125, 86.125, 5.438312292647452e-23, nan 
156.375, 86.125, 5.419771906875803e-23, nan 
156.625, 86.125, 5.2711633930882803e-23, nan 
156.875, 86.125, 5.2712568386170555e-23, nan 
157.125, 86.125, 5.1559227687865183e-23, nan 
157.375, 86.125, 4.9981323393692463e-23, nan 
157.625, 86.125, 4.565592011088866e-23, nan 
157.875, 86.125, 3.698538368496238e-23, nan 
158.125, 86.125, 3.016543359281084e-23, nan 
158.375, 86.125, 2.787268986507532e-23, nan 
158.625, 86.125, 3.620945857426406e-23, nan 
158.875, 86.125, 3.934582547578713e-23, nan 
159.125, 86.125, 4.052869378739205e-23, nan 
159.375, 86.125, 4.624135803035427e-23, nan 
159.625, 86.125, 4.556528968124562e-23, nan 
159.875, 86.125, 4.6521609896294174e-23, nan 
160.125, 86.125, 4.6903612867530094e-23, nan 
160.375, 86.125, 4.7335187239984347e-23, nan 
160.625, 86.125, 5.115227179795269e-23, nan 
160.875, 86.125, 4.9958184078978123e-23, nan 
161.125, 86.125, 5.155626529958887e-23, nan 
161.375, 86.125, 5.0909799808372724e-23, nan 
161.625, 86.125, 4.8914692521568885e-23, nan 
161.875, 86.125, 4.5874941303934756e-23, nan 
162.125, 86.125, 4.433520005752264e-23, nan 
162.375, 86.125, 4.159378855183191e-23, nan 
162.625, 86.125, 3.7926529423872885e-23, nan 
162.875, 86.125, 3.772524115382107e-23, nan 
163.125, 86.125, 3.72291757265092e-23, nan 
163.375, 86.125, 3.394999603288652e-23, nan 
163.625, 86.125, 3.313070311273811e-23, nan 
163.875, 86.125, 2.912232662092551e-23, nan 
164.125, 86.125, 2.5233904887862148e-23, nan 
164.375, 86.125, 2.2167023965402697e-23, nan 
164.625, 86.125, 2.0863071433044368e-23, nan 
164.875, 86.125, 1.9911630203848662e-23, nan 
165.125, 86.125, 2.3449179562534374e-23, nan 
165.375, 86.125, 2.6284471812547474e-23, nan 
165.625, 86.125, 2.81748313845145e-23, nan 
165.875, 86.125, 2.976378824051972e-23, nan 
166.125, 86.125, 2.8970136828824473e-23, nan 
166.375, 86.125, 2.77088142898354e-23, nan 
166.625, 86.125, 2.8232765509121135e-23, nan 
166.875, 86.125, 2.906801527988315e-23, nan 
167.125, 86.125, 2.748721825790042e-23, nan 
167.375, 86.125, 2.6714912140194023e-23, nan 
167.625, 86.125, 2.5415699440280948e-23, nan 
167.875, 86.125, 2.4530337350389108e-23, nan 
168.125, 86.125, 2.3287610529362723e-23, nan 
168.375, 86.125, 2.2740912464733653e-23, nan 
168.625, 86.125, 2.1113094802456328e-23, nan 
168.875, 86.125, 2.0592632997367408e-23, nan 
169.125, 86.125, 2.226429835179994e-23, nan 
169.375, 86.125, 2.3381663289379262e-23, nan 
169.625, 86.125, 2.5883220112208495e-23, nan 
169.875, 86.125, 2.781516706551797e-23, nan 
170.125, 86.125, 3.1075627985500186e-23, nan 
170.375, 86.125, 3.1661488031114565e-23, nan 
170.625, 86.125, 3.269731885686105e-23, nan 
170.875, 86.125, 3.4799984637313277e-23, nan 
171.125, 86.125, 3.657466418638831e-23, nan 
171.375, 86.125, 3.762505780673695e-23, nan 
171.625, 86.125, 3.8141079994460184e-23, nan 
171.875, 86.125, 3.743700241548487e-23, nan 
172.125, 86.125, 3.512499200472986e-23, nan 
172.375, 86.125, 3.376352482548372e-23, nan 
172.625, 86.125, 3.169261699666382e-23, nan 
172.875, 86.125, 3.3097731255547336e-23, nan 
173.125, 86.125, 3.393036951884993e-23, nan 
173.375, 86.125, 3.600779783621281e-23, nan 
173.625, 86.125, 3.652132490410598e-23, nan 
173.875, 86.125, 4.2483558694959264e-23, nan 
174.125, 86.125, 4.292575366719823e-23, nan 
174.375, 86.125, 4.56254653777273e-23, nan 
174.625, 86.125, 5.063750874958796e-23, nan 
174.875, 86.125, 5.787701884221759e-23, nan 
175.125, 86.125, 6.481401053223488e-23, nan 
175.375, 86.125, 6.863739621813241e-23, nan 
175.625, 86.125, 7.0862114531391e-23, nan 
175.875, 86.125, 7.194602917492222e-23, nan 
176.125, 86.125, 7.024413008699827e-23, nan 
176.375, 86.125, 6.395528364333861e-23, nan 
176.625, 86.125, 6.206141970729379e-23, nan 
176.875, 86.125, 5.873184972409114e-23, nan 
177.125, 86.125, 5.527971652139621e-23, nan 
177.375, 86.125, 4.4260821361101766e-23, nan 
177.625, 86.125, 3.982504598889043e-23, nan 
177.875, 86.125, 3.8763356122124043e-23, nan 
178.125, 86.125, 3.6503624088179417e-23, nan 
178.375, 86.125, 3.8767924240775e-23, nan 
178.625, 86.125, 4.6223096894260716e-23, nan 
178.875, 86.125, 5.404088032524695e-23, nan 
179.125, 86.125, 5.796029107697067e-23, nan 
179.375, 86.125, 5.957172389876539e-23, nan 
179.625, 86.125, 5.83316557403434e-23, nan 
179.875, 86.125, 5.525986715304169e-23, nan 
-179.875, 86.375, 8.753296454356787e-24, nan 
-179.625, 86.375, 8.995844861027553e-24, nan 
-179.375, 86.375, 9.983131136988643e-24, nan 
-179.125, 86.375, 9.429499012388093e-24, nan 
-178.875, 86.375, 9.013279347938482e-24, nan 
-178.625, 86.375, 8.188608721111838e-24, nan 
-178.375, 86.375, 7.75273978011264e-24, nan 
-178.125, 86.375, 7.793220227861013e-24, nan 
-177.875, 86.375, 8.220962725606735e-24, nan 
-177.625, 86.375, 9.046657008919203e-24, nan 
-177.375, 86.375, 1.0418974319805583e-23, nan 
-177.125, 86.375, 1.0453933520954052e-23, nan 
-176.875, 86.375, 1.1400069703015606e-23, nan 
-176.625, 86.375, 1.1579128299912545e-23, nan 
-176.375, 86.375, 1.2071846629286139e-23, nan 
-176.125, 86.375, 1.3238255271110594e-23, nan 
-175.875, 86.375, 1.4509038967970233e-23, nan 
-175.625, 86.375, 1.671302261069876e-23, nan 
-175.375, 86.375, 1.6918168215897344e-23, nan 
-175.125, 86.375, 1.715267102562085e-23, nan 
-174.875, 86.375, 1.777477078730235e-23, nan 
-174.625, 86.375, 1.8650102870035075e-23, nan 
-174.375, 86.375, 1.9608173877299917e-23, nan 
-174.125, 86.375, 2.0158328722993362e-23, nan 
-173.875, 86.375, 2.0353408084117514e-23, nan 
-173.625, 86.375, 1.999146267144611e-23, nan 
-173.375, 86.375, 1.992113025402779e-23, nan 
-173.125, 86.375, 1.9862105371188063e-23, nan 
-172.875, 86.375, 2.0105870032195168e-23, nan 
-172.625, 86.375, 1.9729694433846976e-23, nan 
-172.375, 86.375, 1.86090187849459e-23, nan 
-172.125, 86.375, 1.789077242618406e-23, nan 
-171.875, 86.375, 1.64361861649212e-23, nan 
-171.625, 86.375, 1.5849273491210222e-23, nan 
-171.375, 86.375, 1.479893401282088e-23, nan 
-171.125, 86.375, 9.974766380815918e-24, nan 
-170.875, 86.375, 8.853189270881592e-24, nan 
-170.625, 86.375, 9.908816551155922e-24, nan 
-170.375, 86.375, 1.1620781777187834e-23, nan 
-170.125, 86.375, 1.2496793497878874e-23, nan 
-169.875, 86.375, 1.2657407313836427e-23, nan 
-169.625, 86.375, 1.2746886931963338e-23, nan 
-169.375, 86.375, 1.287551142030042e-23, nan 
-169.125, 86.375, 1.3234715372053905e-23, nan 
-168.875, 86.375, 1.350538305197177e-23, nan 
-168.625, 86.375, 1.3502786912953468e-23, nan 
-168.375, 86.375, 1.3972854070312566e-23, nan 
-168.125, 86.375, 1.4076157234797202e-23, nan 
-167.875, 86.375, 1.4005246473133374e-23, nan 
-167.625, 86.375, 1.3707120467271603e-23, nan 
-167.375, 86.375, 1.1486354491769823e-23, nan 
-167.125, 86.375, 9.65457003566517e-24, nan 
-166.875, 86.375, 8.740239860314851e-24, nan 
-166.625, 86.375, 7.711884283036624e-24, nan 
-166.375, 86.375, 7.291852925800531e-24, nan 
-166.125, 86.375, 6.954903066798697e-24, nan 
-165.875, 86.375, 6.71012066198632e-24, nan 
-165.625, 86.375, 6.607934651989135e-24, nan 
-165.375, 86.375, 4.492743804184565e-24, nan 
-165.125, 86.375, 3.145769788529012e-24, nan 
-164.875, 86.375, 3.5181502395119e-24, nan 
-164.625, 86.375, 3.889967781621968e-24, nan 
-164.375, 86.375, 4.2494796146888964e-24, nan 
-164.125, 86.375, 4.415435711928098e-24, nan 
-163.875, 86.375, 4.6815548610450095e-24, nan 
-163.625, 86.375, 4.909933195579045e-24, nan 
-163.375, 86.375, 5.1632916331779925e-24, nan 
-163.125, 86.375, 5.210839644416853e-24, nan 
-162.875, 86.375, 5.402344205420796e-24, nan 
5.625, 86.375, 1.0402536104752931e-24, nan 
5.875, 86.375, 1.1061820640903227e-24, nan 
6.125, 86.375, 1.170379766280684e-24, nan 
6.375, 86.375, 1.2265408020318952e-24, nan 
6.625, 86.375, 1.1780276141230381e-24, nan 
6.875, 86.375, 1.0855176778109899e-24, nan 
7.125, 86.375, 8.84984509903513e-25, nan 
7.375, 86.375, 7.662121123243994e-25, nan 
7.625, 86.375, 7.503794618180101e-25, nan 
7.875, 86.375, 6.963571228291235e-25, nan 
8.125, 86.375, 5.877959343986915e-25, nan 
8.375, 86.375, 6.079709506370385e-25, nan 
8.625, 86.375, 6.39785826700525e-25, nan 
8.875, 86.375, 6.110623225816607e-25, nan 
9.125, 86.375, 7.623407450771893e-25, nan 
9.375, 86.375, 9.71771115316618e-25, nan 
9.625, 86.375, 1.2398468543256897e-24, nan 
9.875, 86.375, 1.2707846691855455e-24, nan 
10.125, 86.375, 1.2628883530006027e-24, nan 
10.375, 86.375, 2.058113604399626e-24, nan 
10.625, 86.375, 2.4168600181370077e-24, nan 
10.875, 86.375, 3.2314635609430843e-24, nan 
11.125, 86.375, 3.4562594323723375e-24, nan 
11.375, 86.375, 3.849474532162555e-24, nan 
11.625, 86.375, 4.173248854684558e-24, nan 
11.875, 86.375, 4.45580030837859e-24, nan 
12.125, 86.375, 4.628783504463464e-24, nan 
12.375, 86.375, 4.625513707251729e-24, nan 
12.625, 86.375, 4.895719350209412e-24, nan 
12.875, 86.375, 5.6157788345274554e-24, nan 
13.125, 86.375, 6.319994968355329e-24, nan 
13.375, 86.375, 7.01099667944909e-24, nan 
13.625, 86.375, 7.244239526072648e-24, nan 
13.875, 86.375, 6.941053875579199e-24, nan 
14.125, 86.375, 6.883858616779489e-24, nan 
14.375, 86.375, 6.982945217580811e-24, nan 
14.625, 86.375, 7.047947694239274e-24, nan 
14.875, 86.375, 7.164329865321909e-24, nan 
15.125, 86.375, 7.458768728455816e-24, nan 
15.375, 86.375, 7.55388146058633e-24, nan 
15.625, 86.375, 7.601706174450419e-24, nan 
15.875, 86.375, 7.805576419619201e-24, nan 
16.125, 86.375, 7.836752909991953e-24, nan 
16.375, 86.375, 8.036207662630132e-24, nan 
16.625, 86.375, 8.267000903561752e-24, nan 
16.875, 86.375, 8.778104969669974e-24, nan 
17.125, 86.375, 8.918969360317962e-24, nan 
17.375, 86.375, 9.358823038842427e-24, nan 
17.625, 86.375, 9.903247160381318e-24, nan 
17.875, 86.375, 1.0731733786277237e-23, nan 
18.125, 86.375, 1.1251916588196986e-23, nan 
18.375, 86.375, 1.096105463609721e-23, nan 
18.625, 86.375, 1.0943337699312264e-23, nan 
18.875, 86.375, 1.0928358775808353e-23, nan 
19.125, 86.375, 1.0923629324207034e-23, nan 
19.375, 86.375, 1.1162512002893998e-23, nan 
19.625, 86.375, 9.823361975464392e-24, nan 
19.875, 86.375, 9.124896065347119e-24, nan 
20.125, 86.375, 8.744154869650991e-24, nan 
20.375, 86.375, 8.562598958757011e-24, nan 
20.625, 86.375, 8.653004543726534e-24, nan 
20.875, 86.375, 8.76036885713171e-24, nan 
21.125, 86.375, 8.945682188261928e-24, nan 
21.375, 86.375, 9.220079392002414e-24, nan 
21.625, 86.375, 9.709306808099906e-24, nan 
21.875, 86.375, 1.0055622327313701e-23, nan 
22.125, 86.375, 9.870879653932324e-24, nan 
22.375, 86.375, 9.934600945229988e-24, nan 
22.625, 86.375, 9.998351499651576e-24, nan 
22.875, 86.375, 9.933067171920081e-24, nan 
23.125, 86.375, 1.0158954499392522e-23, nan 
23.375, 86.375, 9.338963067196004e-24, nan 
23.625, 86.375, 8.825997501468657e-24, nan 
23.875, 86.375, 8.479062459752029e-24, nan 
24.125, 86.375, 8.314062156587598e-24, nan 
24.375, 86.375, 8.228404269313299e-24, nan 
24.625, 86.375, 8.468580897596578e-24, nan 
24.875, 86.375, 8.548743106759118e-24, nan 
25.125, 86.375, 8.377611530013045e-24, nan 
25.375, 86.375, 8.245378486105906e-24, nan 
25.625, 86.375, 8.25593670451918e-24, nan 
25.875, 86.375, 8.22978761381119e-24, nan 
26.125, 86.375, 8.124371763824213e-24, nan 
26.375, 86.375, 8.077519785948207e-24, nan 
26.625, 86.375, 8.114126300748445e-24, nan 
26.875, 86.375, 8.113408651694596e-24, nan 
27.125, 86.375, 8.203758974890563e-24, nan 
27.375, 86.375, 8.26811880712273e-24, nan 
27.625, 86.375, 8.384507112368832e-24, nan 
27.875, 86.375, 8.13348982803694e-24, nan 
28.125, 86.375, 8.159381396028807e-24, nan 
28.375, 86.375, 8.03864771783244e-24, nan 
28.625, 86.375, 7.418576701233344e-24, nan 
28.875, 86.375, 5.7243622901194154e-24, nan 
29.125, 86.375, 4.550043446234305e-24, nan 
29.375, 86.375, 4.3234956821504344e-24, nan 
29.625, 86.375, 4.310704430537509e-24, nan 
29.875, 86.375, 3.891330204922096e-24, nan 
30.125, 86.375, 3.7294864172891125e-24, nan 
30.375, 86.375, 3.511423443598787e-24, nan 
30.625, 86.375, 3.4509365690850486e-24, nan 
30.875, 86.375, 3.100855953411482e-24, nan 
31.125, 86.375, 2.8437990006214508e-24, nan 
31.375, 86.375, 2.3847257718676783e-24, nan 
31.625, 86.375, 2.088386926373163e-24, nan 
31.875, 86.375, 1.806676003202129e-24, nan 
32.125, 86.375, 1.6312644986996034e-24, nan 
32.375, 86.375, 1.5770499354397854e-24, nan 
32.625, 86.375, 1.5534435827733072e-24, nan 
32.875, 86.375, 1.6126658488179444e-24, nan 
33.125, 86.375, 1.7918399630052422e-24, nan 
33.375, 86.375, 1.8788189010260512e-24, nan 
33.625, 86.375, 1.8800706100978346e-24, nan 
33.875, 86.375, 2.465922726620339e-24, nan 
34.125, 86.375, 3.7044374321968364e-24, nan 
34.375, 86.375, 5.938135035469979e-24, nan 
34.625, 86.375, 6.015907446352217e-24, nan 
34.875, 86.375, 6.071203150492734e-24, nan 
35.125, 86.375, 5.759938784134178e-24, nan 
35.375, 86.375, 6.280389113016105e-24, nan 
35.625, 86.375, 6.245659319617924e-24, nan 
35.875, 86.375, 6.883168138349028e-24, nan 
36.125, 86.375, 7.277209336692825e-24, nan 
36.375, 86.375, 7.504628604467693e-24, nan 
36.625, 86.375, 8.033404035659934e-24, nan 
36.875, 86.375, 8.384000091875436e-24, nan 
37.125, 86.375, 8.545251559861439e-24, nan 
37.375, 86.375, 8.196182773043095e-24, nan 
37.625, 86.375, 9.770224235991289e-24, nan 
37.875, 86.375, 1.2351226337338367e-23, nan 
38.125, 86.375, 1.6420556756786894e-23, nan 
38.375, 86.375, 1.604037419185989e-23, nan 
38.625, 86.375, 1.5202876845399946e-23, nan 
38.875, 86.375, 1.308241806095983e-23, nan 
39.125, 86.375, 1.4642422398700537e-23, nan 
39.375, 86.375, 1.4096519637263472e-23, nan 
39.625, 86.375, 1.5159369115382523e-23, nan 
39.875, 86.375, 1.619835721719269e-23, nan 
40.125, 86.375, 1.6600614555249315e-23, nan 
40.375, 86.375, 1.714318389538559e-23, nan 
40.625, 86.375, 1.7913003216893139e-23, nan 
40.875, 86.375, 1.789977316448056e-23, nan 
41.125, 86.375, 1.3621701241473642e-23, nan 
41.375, 86.375, 1.0774948729290522e-23, nan 
41.625, 86.375, 1.1301034812575558e-23, nan 
41.875, 86.375, 1.3047879733440862e-23, nan 
42.125, 86.375, 1.3222383889250291e-23, nan 
42.375, 86.375, 1.305512007846188e-23, nan 
42.625, 86.375, 1.2479604347245297e-23, nan 
42.875, 86.375, 1.3537971515022113e-23, nan 
43.125, 86.375, 1.3800945352556634e-23, nan 
43.375, 86.375, 1.4822878437615818e-23, nan 
43.625, 86.375, 1.560114391942275e-23, nan 
43.875, 86.375, 1.6016289566437198e-23, nan 
44.125, 86.375, 1.6698923750369018e-23, nan 
44.375, 86.375, 1.724296286545982e-23, nan 
44.625, 86.375, 1.764479506828021e-23, nan 
44.875, 86.375, 1.6325873261236973e-23, nan 
45.125, 86.375, 1.53291721630072e-23, nan 
45.375, 86.375, 1.5100662590923442e-23, nan 
45.625, 86.375, 1.5351922286735118e-23, nan 
45.875, 86.375, 1.5577186585890932e-23, nan 
46.125, 86.375, 1.5827533155277115e-23, nan 
46.375, 86.375, 1.5752310289420086e-23, nan 
46.625, 86.375, 1.5812534568774398e-23, nan 
46.875, 86.375, 1.5731495753738713e-23, nan 
47.125, 86.375, 1.6140800076291833e-23, nan 
47.375, 86.375, 1.641995348890738e-23, nan 
47.625, 86.375, 1.6699736385945825e-23, nan 
47.875, 86.375, 1.6466836426857926e-23, nan 
48.125, 86.375, 1.4449352609087173e-23, nan 
48.375, 86.375, 1.3012879747730257e-23, nan 
48.625, 86.375, 1.1911906497710218e-23, nan 
48.875, 86.375, 1.0987124711086744e-23, nan 
49.125, 86.375, 1.0241650582018367e-23, nan 
49.375, 86.375, 8.858951360359642e-24, nan 
49.625, 86.375, 8.750325165077314e-24, nan 
49.875, 86.375, 7.934075819540077e-24, nan 
50.125, 86.375, 8.328572723540733e-24, nan 
50.375, 86.375, 7.602238796541088e-24, nan 
50.625, 86.375, 6.927085733882511e-24, nan 
50.875, 86.375, 6.0344833938676854e-24, nan 
51.125, 86.375, 5.693838435590659e-24, nan 
51.375, 86.375, 4.887476215614856e-24, nan 
51.625, 86.375, 4.8377552452237236e-24, nan 
51.875, 86.375, 5.103812401818083e-24, nan 
52.125, 86.375, 5.3123072428364806e-24, nan 
52.375, 86.375, 5.311212809249809e-24, nan 
52.625, 86.375, 5.435404106914253e-24, nan 
52.875, 86.375, 5.477146971628094e-24, nan 
53.125, 86.375, 5.665615820865342e-24, nan 
53.375, 86.375, 5.774853748646945e-24, nan 
53.625, 86.375, 5.914971873710803e-24, nan 
53.875, 86.375, 6.102587787690548e-24, nan 
54.125, 86.375, 6.441083721815247e-24, nan 
54.375, 86.375, 6.969686473473964e-24, nan 
54.625, 86.375, 7.459208185492854e-24, nan 
54.875, 86.375, 7.865688989894835e-24, nan 
55.125, 86.375, 8.231590213281203e-24, nan 
55.375, 86.375, 8.791963427126556e-24, nan 
55.625, 86.375, 9.34930563719271e-24, nan 
55.875, 86.375, 9.775476787622337e-24, nan 
56.125, 86.375, 1.0099453490563292e-23, nan 
56.375, 86.375, 1.0278865971146844e-23, nan 
56.625, 86.375, 1.0770505668526024e-23, nan 
56.875, 86.375, 1.1252101058977099e-23, nan 
57.125, 86.375, 1.186437154395817e-23, nan 
57.375, 86.375, 1.2108829487501151e-23, nan 
57.625, 86.375, 1.2934335405041096e-23, nan 
57.875, 86.375, 1.365229539884061e-23, nan 
58.125, 86.375, 1.4292225885760593e-23, nan 
58.375, 86.375, 1.4724457542542492e-23, nan 
58.625, 86.375, 1.470537844304479e-23, nan 
58.875, 86.375, 1.4591608614182183e-23, nan 
59.125, 86.375, 1.4557376433474237e-23, nan 
59.375, 86.375, 1.4636239914621602e-23, nan 
59.625, 86.375, 1.4601865458491953e-23, nan 
59.875, 86.375, 1.4358216767333812e-23, nan 
60.125, 86.375, 1.4183608898317655e-23, nan 
60.375, 86.375, 1.4287034927246541e-23, nan 
60.625, 86.375, 1.625246742158575e-23, nan 
60.875, 86.375, 1.6952308749305798e-23, nan 
61.125, 86.375, 1.6882667443491186e-23, nan 
61.375, 86.375, 1.6760484432547742e-23, nan 
61.625, 86.375, 1.6105202037445378e-23, nan 
61.875, 86.375, 1.5557593408217233e-23, nan 
62.125, 86.375, 1.522871956405883e-23, nan 
62.375, 86.375, 1.51147925222035e-23, nan 
62.625, 86.375, 1.4580963307045723e-23, nan 
62.875, 86.375, 1.4034048932205824e-23, nan 
63.125, 86.375, 1.3443491199889262e-23, nan 
63.375, 86.375, 1.3108438658312296e-23, nan 
63.625, 86.375, 1.2574333077197772e-23, nan 
63.875, 86.375, 1.231681620596325e-23, nan 
64.125, 86.375, 1.2051713682010354e-23, nan 
64.375, 86.375, 1.2494066036202953e-23, nan 
64.625, 86.375, 1.2496973015290889e-23, nan 
64.875, 86.375, 1.2166640069578149e-23, nan 
65.125, 86.375, 1.1801371008988828e-23, nan 
65.375, 86.375, 1.1285992021604374e-23, nan 
65.625, 86.375, 1.0529658366814471e-23, nan 
65.875, 86.375, 9.698942612708123e-24, nan 
66.125, 86.375, 9.175712800390894e-24, nan 
66.375, 86.375, 8.61765132735614e-24, nan 
66.625, 86.375, 8.278628479025447e-24, nan 
66.875, 86.375, 7.822396551320055e-24, nan 
67.125, 86.375, 7.585017699577778e-24, nan 
67.375, 86.375, 7.36242216600108e-24, nan 
67.625, 86.375, 7.322205986790463e-24, nan 
67.875, 86.375, 7.057527171499637e-24, nan 
68.125, 86.375, 6.8837454676045e-24, nan 
68.375, 86.375, 6.672178816957458e-24, nan 
68.625, 86.375, 6.3971460295913105e-24, nan 
68.875, 86.375, 6.1122994183932245e-24, nan 
69.125, 86.375, 6.046961655643282e-24, nan 
69.375, 86.375, 5.9570801460689224e-24, nan 
69.625, 86.375, 5.903430462183877e-24, nan 
69.875, 86.375, 5.8954067631606626e-24, nan 
70.125, 86.375, 6.0859531704590266e-24, nan 
70.375, 86.375, 6.297515108733459e-24, nan 
70.625, 86.375, 6.647599440718797e-24, nan 
70.875, 86.375, 7.167827306075348e-24, nan 
71.125, 86.375, 9.047602566283696e-24, nan 
71.375, 86.375, 1.1447233195251812e-23, nan 
71.625, 86.375, 1.3907015516219628e-23, nan 
71.875, 86.375, 1.477512285274675e-23, nan 
72.125, 86.375, 1.52818087346956e-23, nan 
72.375, 86.375, 1.6017741966208156e-23, nan 
72.625, 86.375, 1.69267529920176e-23, nan 
72.875, 86.375, 1.7448530826151282e-23, nan 
73.125, 86.375, 1.7982269013431445e-23, nan 
73.375, 86.375, 1.795611775701142e-23, nan 
73.625, 86.375, 1.7893043120774247e-23, nan 
73.875, 86.375, 1.8203651093542322e-23, nan 
74.125, 86.375, 1.8031941078804268e-23, nan 
74.375, 86.375, 1.7620938637642322e-23, nan 
74.625, 86.375, 1.6921835941618863e-23, nan 
74.875, 86.375, 1.694421487999037e-23, nan 
75.125, 86.375, 1.6945787539163497e-23, nan 
75.375, 86.375, 1.6682530588492725e-23, nan 
75.625, 86.375, 1.5740741236851124e-23, nan 
75.875, 86.375, 1.5221732574669726e-23, nan 
76.125, 86.375, 1.4828956286608225e-23, nan 
76.375, 86.375, 1.4581767342960095e-23, nan 
76.625, 86.375, 1.3954133873083953e-23, nan 
76.875, 86.375, 1.531392329811522e-23, nan 
77.125, 86.375, 1.711552702393712e-23, nan 
77.375, 86.375, 2.3906503954963288e-23, nan 
77.625, 86.375, 2.697143529735882e-23, nan 
77.875, 86.375, 3.0356956562159166e-23, nan 
78.125, 86.375, 3.336969195634554e-23, nan 
78.375, 86.375, 3.460248966228095e-23, nan 
78.625, 86.375, 3.6152551693110076e-23, nan 
78.875, 86.375, 3.667032473349862e-23, nan 
79.125, 86.375, 3.7444651755728323e-23, nan 
79.375, 86.375, 3.7738936273603264e-23, nan 
79.625, 86.375, 3.8230042574843227e-23, nan 
79.875, 86.375, 3.8580811687581297e-23, nan 
80.125, 86.375, 3.829804503069513e-23, nan 
80.375, 86.375, 3.754007929865247e-23, nan 
80.625, 86.375, 3.7594737847209655e-23, nan 
80.875, 86.375, 3.80811911991417e-23, nan 
81.125, 86.375, 3.873173155790054e-23, nan 
81.375, 86.375, 4.234312792808722e-23, nan 
81.625, 86.375, 4.429418843212888e-23, nan 
81.875, 86.375, 4.8821798190830395e-23, nan 
82.125, 86.375, 5.009065309413928e-23, nan 
82.375, 86.375, 5.018349720964398e-23, nan 
82.625, 86.375, 5.041963538991561e-23, nan 
82.875, 86.375, 4.914181084094587e-23, nan 
83.125, 86.375, 4.733761774529518e-23, nan 
83.375, 86.375, 4.716092653968422e-23, nan 
83.625, 86.375, 4.6147976162018615e-23, nan 
83.875, 86.375, 4.5136079477284945e-23, nan 
84.125, 86.375, 4.21697446723643e-23, nan 
84.375, 86.375, 3.9735465267915986e-23, nan 
84.625, 86.375, 3.8140625994750126e-23, nan 
84.875, 86.375, 3.366031075192722e-23, nan 
85.125, 86.375, 3.1073800252449203e-23, nan 
85.375, 86.375, 3.168409431686724e-23, nan 
85.625, 86.375, 3.6972480606463893e-23, nan 
85.875, 86.375, 3.868273766870833e-23, nan 
86.125, 86.375, 3.997808430530582e-23, nan 
86.375, 86.375, 4.5045569709079854e-23, nan 
86.625, 86.375, 5.120494156024751e-23, nan 
86.875, 86.375, 5.546267363194865e-23, nan 
87.125, 86.375, 5.763162430476104e-23, nan 
87.375, 86.375, 5.726739953073424e-23, nan 
87.625, 86.375, 5.535539509526734e-23, nan 
87.875, 86.375, 5.295578910033797e-23, nan 
88.125, 86.375, 5.021993248061961e-23, nan 
88.375, 86.375, 4.8484322954035115e-23, nan 
88.625, 86.375, 4.595684724460526e-23, nan 
88.875, 86.375, 4.300432838751449e-23, nan 
89.125, 86.375, 4.1897370682999494e-23, nan 
89.375, 86.375, 3.990071282742765e-23, nan 
89.625, 86.375, 3.8171102588716523e-23, nan 
89.875, 86.375, 3.39788704334944e-23, nan 
90.125, 86.375, 3.327059660951831e-23, nan 
90.375, 86.375, 4.2638821083669e-23, nan 
90.625, 86.375, 4.9876927748259417e-23, nan 
90.875, 86.375, 5.1536072979354564e-23, nan 
91.125, 86.375, 5.205147587808161e-23, nan 
91.375, 86.375, 5.439396231551331e-23, nan 
91.625, 86.375, 5.772736592967631e-23, nan 
91.875, 86.375, 5.914932892233627e-23, nan 
92.125, 86.375, 6.061860627836034e-23, nan 
92.375, 86.375, 6.276925402682001e-23, nan 
92.625, 86.375, 6.429271077611343e-23, nan 
92.875, 86.375, 6.667616038498493e-23, nan 
93.125, 86.375, 6.745201226194012e-23, nan 
93.375, 86.375, 6.765945788876977e-23, nan 
93.625, 86.375, 6.443506076108048e-23, nan 
93.875, 86.375, 6.023300758859808e-23, nan 
94.125, 86.375, 5.298991978071514e-23, nan 
94.375, 86.375, 5.024927363076739e-23, nan 
94.625, 86.375, 4.726562767362068e-23, nan 
94.875, 86.375, 4.412410280531346e-23, nan 
95.125, 86.375, 4.79098996405519e-23, nan 
95.375, 86.375, 5.304067275580714e-23, nan 
95.625, 86.375, 5.584745306077875e-23, nan 
95.875, 86.375, 5.869686823134202e-23, nan 
96.125, 86.375, 6.083038998241757e-23, nan 
96.375, 86.375, 6.135533259781131e-23, nan 
96.625, 86.375, 6.291764109233351e-23, nan 
96.875, 86.375, 6.031197129620851e-23, nan 
97.125, 86.375, 5.2920744969061025e-23, nan 
97.375, 86.375, 4.6544168428767734e-23, nan 
97.625, 86.375, 4.381773639261764e-23, nan 
97.875, 86.375, 4.0474878376395924e-23, nan 
98.125, 86.375, 3.8215337804974677e-23, nan 
98.375, 86.375, 3.4531484768094194e-23, nan 
98.625, 86.375, 2.765327223124163e-23, nan 
98.875, 86.375, 1.777420861392467e-23, nan 
99.125, 86.375, 1.4630394080643187e-23, nan 
99.375, 86.375, 1.2557978260127245e-23, nan 
99.625, 86.375, 1.102357941340356e-23, nan 
99.875, 86.375, 1.0422232696875791e-23, nan 
100.125, 86.375, 1.0317181877189015e-23, nan 
100.375, 86.375, 9.982631606098825e-24, nan 
100.625, 86.375, 1.0091710698375647e-23, nan 
100.875, 86.375, 1.0232386536183364e-23, nan 
101.125, 86.375, 1.0281143497207917e-23, nan 
101.375, 86.375, 1.0156552247530161e-23, nan 
101.625, 86.375, 1.0415542906626251e-23, nan 
101.875, 86.375, 1.0147365272908028e-23, nan 
102.125, 86.375, 9.76547211765478e-24, nan 
102.375, 86.375, 9.434411317539779e-24, nan 
102.625, 86.375, 9.270457868578955e-24, nan 
102.875, 86.375, 9.083274148126386e-24, nan 
103.125, 86.375, 9.001178959629604e-24, nan 
103.375, 86.375, 9.082759257222014e-24, nan 
103.625, 86.375, 9.482344042787313e-24, nan 
103.875, 86.375, 1.048373417696772e-23, nan 
104.125, 86.375, 1.1497534115189516e-23, nan 
104.375, 86.375, 1.1714330201969116e-23, nan 
104.625, 86.375, 1.2290693787164598e-23, nan 
104.875, 86.375, 1.2803228335167295e-23, nan 
105.125, 86.375, 1.3557661051686753e-23, nan 
105.375, 86.375, 1.3975094539459118e-23, nan 
105.625, 86.375, 1.4354025413842667e-23, nan 
105.875, 86.375, 1.4289336519424478e-23, nan 
106.125, 86.375, 1.5185868470681348e-23, nan 
106.375, 86.375, 1.5472275809874603e-23, nan 
106.625, 86.375, 1.6043913301324592e-23, nan 
106.875, 86.375, 1.5654444530690782e-23, nan 
107.125, 86.375, 1.638331081781333e-23, nan 
107.375, 86.375, 1.6268650766140993e-23, nan 
107.625, 86.375, 1.4294858873910506e-23, nan 
107.875, 86.375, 1.3970136160814388e-23, nan 
108.125, 86.375, 1.4112022793802228e-23, nan 
108.375, 86.375, 1.3575565998168706e-23, nan 
108.625, 86.375, 1.2941920667095771e-23, nan 
108.875, 86.375, 1.2619658555422183e-23, nan 
109.125, 86.375, 1.254726796624992e-23, nan 
109.375, 86.375, 1.0620394428972885e-23, nan 
109.625, 86.375, 1.123785711728564e-23, nan 
109.875, 86.375, 1.3086771193553274e-23, nan 
110.125, 86.375, 1.4212821054687666e-23, nan 
110.375, 86.375, 1.5552176069082542e-23, nan 
110.625, 86.375, 1.5362443573319282e-23, nan 
110.875, 86.375, 1.7351373052221772e-23, nan 
111.125, 86.375, 1.7938043623454824e-23, nan 
111.375, 86.375, 1.4791983702597837e-23, nan 
111.625, 86.375, 1.4566909817179964e-23, nan 
111.875, 86.375, 1.5423559010133946e-23, nan 
112.125, 86.375, 1.436978103366543e-23, nan 
112.375, 86.375, 1.3156477201341431e-23, nan 
112.625, 86.375, 1.21976499944852e-23, nan 
112.875, 86.375, 1.1789356999036157e-23, nan 
113.125, 86.375, 9.024857932655378e-24, nan 
113.375, 86.375, 1.4411610914825237e-23, nan 
113.625, 86.375, 1.7463752019284937e-23, nan 
113.875, 86.375, 1.8843706862671134e-23, nan 
114.125, 86.375, 1.9815064998069605e-23, nan 
114.375, 86.375, 1.9666269168419207e-23, nan 
114.625, 86.375, 2.1804339296841448e-23, nan 
114.875, 86.375, 2.2301343475961088e-23, nan 
115.125, 86.375, 2.2462732863395514e-23, nan 
115.375, 86.375, 2.3010149120058827e-23, nan 
115.625, 86.375, 2.454386842429733e-23, nan 
115.875, 86.375, 2.5458086416984044e-23, nan 
116.125, 86.375, 2.708529769761279e-23, nan 
116.375, 86.375, 2.717925839281082e-23, nan 
116.625, 86.375, 2.79716737847408e-23, nan 
116.875, 86.375, 2.7683424481934117e-23, nan 
117.125, 86.375, 2.8683750547192225e-23, nan 
117.375, 86.375, 2.943682863036002e-23, nan 
117.625, 86.375, 3.252449884260628e-23, nan 
117.875, 86.375, 3.514653234026133e-23, nan 
118.125, 86.375, 3.802121509612685e-23, nan 
118.375, 86.375, 4.219295396334115e-23, nan 
118.625, 86.375, 4.522829683486032e-23, nan 
118.875, 86.375, 4.536059202831248e-23, nan 
119.125, 86.375, 4.1289986639364807e-23, nan 
119.375, 86.375, 3.5796811470061624e-23, nan 
119.625, 86.375, 2.4042262577263932e-23, nan 
119.875, 86.375, 1.7833851830131706e-23, nan 
120.125, 86.375, 1.9050994919717303e-23, nan 
120.375, 86.375, 2.2232449764603288e-23, nan 
120.625, 86.375, 2.5388881134573882e-23, nan 
120.875, 86.375, 2.688964507853665e-23, nan 
121.125, 86.375, 2.884419525984749e-23, nan 
121.375, 86.375, 2.990552580772023e-23, nan 
121.625, 86.375, 3.071570916829841e-23, nan 
121.875, 86.375, 3.176654523416436e-23, nan 
122.125, 86.375, 3.3013519586817367e-23, nan 
122.375, 86.375, 3.3253614019479704e-23, nan 
122.625, 86.375, 3.397685180231278e-23, nan 
122.875, 86.375, 3.416260548290209e-23, nan 
123.125, 86.375, 3.4366544882852175e-23, nan 
123.375, 86.375, 3.476317926384842e-23, nan 
123.625, 86.375, 3.593249180443234e-23, nan 
123.875, 86.375, 3.833575676167491e-23, nan 
124.125, 86.375, 3.9832709386141414e-23, nan 
124.375, 86.375, 4.175684777561912e-23, nan 
124.625, 86.375, 4.020454319977427e-23, nan 
124.875, 86.375, 4.31844159261397e-23, nan 
125.125, 86.375, 4.322645490511665e-23, nan 
125.375, 86.375, 4.1791655662748686e-23, nan 
125.625, 86.375, 4.017843279458972e-23, nan 
125.875, 86.375, 3.9447600006531605e-23, nan 
126.125, 86.375, 3.760459456840839e-23, nan 
126.375, 86.375, 3.753790907542235e-23, nan 
126.625, 86.375, 3.565690311766478e-23, nan 
126.875, 86.375, 3.514198786964962e-23, nan 
127.125, 86.375, 3.4231995043195306e-23, nan 
127.375, 86.375, 3.416719924664801e-23, nan 
127.625, 86.375, 3.57224981470961e-23, nan 
127.875, 86.375, 3.6518564092053444e-23, nan 
128.125, 86.375, 3.651699300318783e-23, nan 
128.375, 86.375, 3.599382350769863e-23, nan 
128.625, 86.375, 3.6538713421641806e-23, nan 
128.875, 86.375, 3.8646748447675437e-23, nan 
129.125, 86.375, 4.052230727099842e-23, nan 
129.375, 86.375, 4.1407680473131353e-23, nan 
129.625, 86.375, 4.141286525089691e-23, nan 
129.875, 86.375, 4.142441025867776e-23, nan 
130.125, 86.375, 4.1726589099178255e-23, nan 
130.375, 86.375, 4.2595884990651044e-23, nan 
130.625, 86.375, 4.463599050985738e-23, nan 
130.875, 86.375, 4.632103412409516e-23, nan 
131.125, 86.375, 4.89749625805029e-23, nan 
131.375, 86.375, 5.0498418045649984e-23, nan 
131.625, 86.375, 5.071937176957441e-23, nan 
131.875, 86.375, 5.011741903964588e-23, nan 
132.125, 86.375, 5.002124277265783e-23, nan 
132.375, 86.375, 4.7648897793476825e-23, nan 
132.625, 86.375, 4.6013387305163206e-23, nan 
132.875, 86.375, 4.327013746584337e-23, nan 
133.125, 86.375, 4.1601981290018935e-23, nan 
133.375, 86.375, 4.371258862946085e-23, nan 
133.625, 86.375, 4.057961394615135e-23, nan 
133.875, 86.375, 4.06570424952516e-23, nan 
134.125, 86.375, 3.952926065806015e-23, nan 
134.375, 86.375, 3.624340633973096e-23, nan 
134.625, 86.375, 3.497602404155041e-23, nan 
134.875, 86.375, 3.4582551503134606e-23, nan 
135.125, 86.375, 3.402398670732349e-23, nan 
135.375, 86.375, 3.3174987683893746e-23, nan 
135.625, 86.375, 3.223848660278889e-23, nan 
135.875, 86.375, 3.1652543180573335e-23, nan 
136.125, 86.375, 3.0108329868265566e-23, nan 
136.375, 86.375, 2.9021118320932857e-23, nan 
136.625, 86.375, 2.799704826661733e-23, nan 
136.875, 86.375, 2.841658766152069e-23, nan 
137.125, 86.375, 2.8183114606589064e-23, nan 
137.375, 86.375, 2.70549710071059e-23, nan 
137.625, 86.375, 2.717481668170701e-23, nan 
137.875, 86.375, 2.573834226811257e-23, nan 
138.125, 86.375, 2.371642481241856e-23, nan 
138.375, 86.375, 2.3469451041742442e-23, nan 
138.625, 86.375, 2.258150212896011e-23, nan 
138.875, 86.375, 2.3078162564840002e-23, nan 
139.125, 86.375, 2.1361112802160814e-23, nan 
139.375, 86.375, 2.151401195622076e-23, nan 
139.625, 86.375, 1.995329191151435e-23, nan 
139.875, 86.375, 2.0995196694122615e-23, nan 
140.125, 86.375, 1.9494176945234978e-23, nan 
140.375, 86.375, 1.8886100510457955e-23, nan 
140.625, 86.375, 2.00516842032562e-23, nan 
140.875, 86.375, 2.143666087025294e-23, nan 
141.125, 86.375, 2.283145669433822e-23, nan 
141.375, 86.375, 2.4198117423391513e-23, nan 
141.625, 86.375, 2.5311000686290382e-23, nan 
141.875, 86.375, 2.724650741329778e-23, nan 
142.125, 86.375, 2.913314338953227e-23, nan 
142.375, 86.375, 3.3434614236829885e-23, nan 
142.625, 86.375, 4.2034038147418146e-23, nan 
142.875, 86.375, 4.156846416523868e-23, nan 
143.125, 86.375, 4.150424512047893e-23, nan 
143.375, 86.375, 4.009339309226744e-23, nan 
143.625, 86.375, 3.727155633745565e-23, nan 
143.875, 86.375, 3.211860541814716e-23, nan 
144.125, 86.375, 2.9838231415362273e-23, nan 
144.375, 86.375, 2.901034559034519e-23, nan 
144.625, 86.375, 2.9099678220973546e-23, nan 
144.875, 86.375, 2.8215930560809896e-23, nan 
145.125, 86.375, 2.6130465868650334e-23, nan 
145.375, 86.375, 2.544314695128642e-23, nan 
145.625, 86.375, 2.565055394950733e-23, nan 
145.875, 86.375, 2.301387701431124e-23, nan 
146.125, 86.375, 2.14539278479825e-23, nan 
146.375, 86.375, 2.10144927398456e-23, nan 
146.625, 86.375, 2.0535180653206185e-23, nan 
146.875, 86.375, 2.063032094635113e-23, nan 
147.125, 86.375, 2.0784670729208754e-23, nan 
147.375, 86.375, 1.8605528031878812e-23, nan 
147.625, 86.375, 1.553583366624529e-23, nan 
147.875, 86.375, 1.5355704106068357e-23, nan 
148.125, 86.375, 1.5086591312805386e-23, nan 
148.375, 86.375, 1.5234958619481976e-23, nan 
148.625, 86.375, 1.5495995077173858e-23, nan 
148.875, 86.375, 1.5195258301049756e-23, nan 
149.125, 86.375, 1.5782712585978093e-23, nan 
149.375, 86.375, 1.6378999181703573e-23, nan 
149.625, 86.375, 1.5326004775798005e-23, nan 
149.875, 86.375, 1.365350977768951e-23, nan 
150.125, 86.375, 1.2869928160007528e-23, nan 
150.375, 86.375, 1.260407710426559e-23, nan 
150.625, 86.375, 1.305359407382685e-23, nan 
150.875, 86.375, 1.4191282345611125e-23, nan 
151.125, 86.375, 1.8971213924757768e-23, nan 
151.375, 86.375, 2.4399325458619847e-23, nan 
151.625, 86.375, 2.8257121346929985e-23, nan 
151.875, 86.375, 3.065963361056629e-23, nan 
152.125, 86.375, 3.052990193421871e-23, nan 
152.375, 86.375, 3.022214792891001e-23, nan 
152.625, 86.375, 3.093828187603131e-23, nan 
152.875, 86.375, 3.2006764270332556e-23, nan 
153.125, 86.375, 3.35963298903156e-23, nan 
153.375, 86.375, 3.4439356812079747e-23, nan 
153.625, 86.375, 3.4825485520865524e-23, nan 
153.875, 86.375, 3.5010771694207045e-23, nan 
154.125, 86.375, 3.388400644855809e-23, nan 
154.375, 86.375, 3.0832159895051094e-23, nan 
154.625, 86.375, 2.8387257224254544e-23, nan 
154.875, 86.375, 2.1847024176607868e-23, nan 
155.125, 86.375, 1.603418222995927e-23, nan 
155.375, 86.375, 1.3514122727708037e-23, nan 
155.625, 86.375, 1.2213396996712988e-23, nan 
155.875, 86.375, 1.1349563143371975e-23, nan 
156.125, 86.375, 1.0660164155776511e-23, nan 
156.375, 86.375, 9.823149576615896e-24, nan 
156.625, 86.375, 9.114628257863031e-24, nan 
156.875, 86.375, 8.830675864907732e-24, nan 
157.125, 86.375, 8.485688940914556e-24, nan 
157.375, 86.375, 8.700267596645494e-24, nan 
157.625, 86.375, 9.630789110630217e-24, nan 
157.875, 86.375, 1.3141820577639437e-23, nan 
158.125, 86.375, 1.636188643781594e-23, nan 
158.375, 86.375, 2.2817184159831628e-23, nan 
158.625, 86.375, 2.8980715636660644e-23, nan 
158.875, 86.375, 2.875018584265161e-23, nan 
159.125, 86.375, 2.7819846414260207e-23, nan 
159.375, 86.375, 2.976463912106194e-23, nan 
159.625, 86.375, 2.888007022117088e-23, nan 
159.875, 86.375, 2.898444850477711e-23, nan 
160.125, 86.375, 2.900539482468789e-23, nan 
160.375, 86.375, 2.911097205005247e-23, nan 
160.625, 86.375, 3.066805173238865e-23, nan 
160.875, 86.375, 2.9920966905170857e-23, nan 
161.125, 86.375, 3.024851419874689e-23, nan 
161.375, 86.375, 2.9231865615726965e-23, nan 
161.625, 86.375, 2.883889666616742e-23, nan 
161.875, 86.375, 2.775807433710407e-23, nan 
162.125, 86.375, 2.821185839447981e-23, nan 
162.375, 86.375, 2.7804572049819197e-23, nan 
162.625, 86.375, 2.6003845127772577e-23, nan 
162.875, 86.375, 2.575846367843001e-23, nan 
163.125, 86.375, 2.533607981282923e-23, nan 
163.375, 86.375, 2.3435685610176863e-23, nan 
163.625, 86.375, 2.3108628978706172e-23, nan 
163.875, 86.375, 2.0773918143434155e-23, nan 
164.125, 86.375, 1.8585511978041266e-23, nan 
164.375, 86.375, 1.6798412407331492e-23, nan 
164.625, 86.375, 1.697221089863962e-23, nan 
164.875, 86.375, 1.552262561133131e-23, nan 
165.125, 86.375, 1.485233103417034e-23, nan 
165.375, 86.375, 1.5594639325987427e-23, nan 
165.625, 86.375, 1.5940540591947415e-23, nan 
165.875, 86.375, 1.678739508485057e-23, nan 
166.125, 86.375, 1.65730987794746e-23, nan 
166.375, 86.375, 1.7336351587842233e-23, nan 
166.625, 86.375, 1.7430716326761363e-23, nan 
166.875, 86.375, 1.8087533164681651e-23, nan 
167.125, 86.375, 1.9288873141699902e-23, nan 
167.375, 86.375, 1.9420764938176657e-23, nan 
167.625, 86.375, 1.9468126890122946e-23, nan 
167.875, 86.375, 2.0262855168437007e-23, nan 
168.125, 86.375, 1.9683746711671076e-23, nan 
168.375, 86.375, 1.8841159031837832e-23, nan 
168.625, 86.375, 1.9755270729457768e-23, nan 
168.875, 86.375, 2.2030441581388843e-23, nan 
169.125, 86.375, 2.6756379058898284e-23, nan 
169.375, 86.375, 2.9367281880443216e-23, nan 
169.625, 86.375, 3.201982806062319e-23, nan 
169.875, 86.375, 3.186745658488634e-23, nan 
170.125, 86.375, 3.408115387938642e-23, nan 
170.375, 86.375, 3.4436717518324574e-23, nan 
170.625, 86.375, 3.567327617031819e-23, nan 
170.875, 86.375, 3.8279175302519764e-23, nan 
171.125, 86.375, 3.7905884872561797e-23, nan 
171.375, 86.375, 3.6828850641430414e-23, nan 
171.625, 86.375, 3.810921433486081e-23, nan 
171.875, 86.375, 3.4354890661372226e-23, nan 
172.125, 86.375, 2.70974385536421e-23, nan 
172.375, 86.375, 2.3823497825781056e-23, nan 
172.625, 86.375, 1.7945792248164513e-23, nan 
172.875, 86.375, 1.9390692873761834e-23, nan 
173.125, 86.375, 2.4009573845894018e-23, nan 
173.375, 86.375, 2.870270945736433e-23, nan 
173.625, 86.375, 3.107960368278651e-23, nan 
173.875, 86.375, 3.5542637449230467e-23, nan 
174.125, 86.375, 3.6726934591934756e-23, nan 
174.375, 86.375, 3.881513259693655e-23, nan 
174.625, 86.375, 4.1056472951406324e-23, nan 
174.875, 86.375, 4.287233017806658e-23, nan 
175.125, 86.375, 4.432188284655443e-23, nan 
175.375, 86.375, 4.587724512177793e-23, nan 
175.625, 86.375, 4.586015055196653e-23, nan 
175.875, 86.375, 4.5206374280548176e-23, nan 
176.125, 86.375, 4.395756835037382e-23, nan 
176.375, 86.375, 4.1646451354257297e-23, nan 
176.625, 86.375, 4.0188651263245417e-23, nan 
176.875, 86.375, 3.882862239691004e-23, nan 
177.125, 86.375, 3.7735717501011105e-23, nan 
177.375, 86.375, 3.226309964471736e-23, nan 
177.625, 86.375, 2.958002089262219e-23, nan 
177.875, 86.375, 2.825416001736609e-23, nan 
178.125, 86.375, 2.2903770334321435e-23, nan 
178.375, 86.375, 1.7166386733373346e-23, nan 
178.625, 86.375, 1.2452590654630905e-23, nan 
178.875, 86.375, 9.688312836889213e-24, nan 
179.125, 86.375, 9.053878639128452e-24, nan 
179.375, 86.375, 8.685501693040153e-24, nan 
179.625, 86.375, 8.6472474913963e-24, nan 
179.875, 86.375, 8.503574879991606e-24, nan 
-179.875, 86.625, 2.280611964261975e-23, nan 
-179.625, 86.625, 2.2223238391689844e-23, nan 
-179.375, 86.625, 2.2122972144064274e-23, nan 
-179.125, 86.625, 2.0916435399304115e-23, nan 
-178.875, 86.625, 1.9576981830115177e-23, nan 
-178.625, 86.625, 1.7323198058355632e-23, nan 
-178.375, 86.625, 1.4622838566775498e-23, nan 
-178.125, 86.625, 1.2609548438746537e-23, nan 
-177.875, 86.625, 1.2023526799414338e-23, nan 
-177.625, 86.625, 1.2026683204162088e-23, nan 
-177.375, 86.625, 1.3569136349259678e-23, nan 
-177.125, 86.625, 1.3729890924093117e-23, nan 
-176.875, 86.625, 1.4973185038884892e-23, nan 
-176.625, 86.625, 1.518672670390275e-23, nan 
-176.375, 86.625, 1.5694585980947085e-23, nan 
-176.125, 86.625, 1.67442015570786e-23, nan 
-175.875, 86.625, 1.75294903405449e-23, nan 
-175.625, 86.625, 1.8433522712271608e-23, nan 
-175.375, 86.625, 1.8659010920082168e-23, nan 
-175.125, 86.625, 1.8792353866569208e-23, nan 
-174.875, 86.625, 1.857556604542088e-23, nan 
-174.625, 86.625, 1.8138723398555798e-23, nan 
-174.375, 86.625, 1.7138268751558084e-23, nan 
-174.125, 86.625, 1.585582779007486e-23, nan 
-173.875, 86.625, 1.472294889907223e-23, nan 
-173.625, 86.625, 1.3821480412880437e-23, nan 
-173.375, 86.625, 1.3244335759073924e-23, nan 
-173.125, 86.625, 1.2918424494831544e-23, nan 
-172.875, 86.625, 1.2922137466112473e-23, nan 
-172.625, 86.625, 1.2780274621201936e-23, nan 
-172.375, 86.625, 1.2354982525770327e-23, nan 
-172.125, 86.625, 1.206854523939138e-23, nan 
-171.875, 86.625, 1.1303837176482951e-23, nan 
-171.625, 86.625, 1.0973136319124063e-23, nan 
-171.375, 86.625, 1.0424625744030473e-23, nan 
-171.125, 86.625, 7.438269165728022e-24, nan 
-170.875, 86.625, 5.868561108821782e-24, nan 
-170.625, 86.625, 4.624874678673893e-24, nan 
-170.375, 86.625, 4.3132578565140595e-24, nan 
-170.125, 86.625, 4.353737225305958e-24, nan 
-169.875, 86.625, 4.3838598554567895e-24, nan 
-169.625, 86.625, 4.343035818887368e-24, nan 
-169.375, 86.625, 4.289253883713439e-24, nan 
-169.125, 86.625, 4.686523820937651e-24, nan 
-168.875, 86.625, 5.09634939120701e-24, nan 
-168.625, 86.625, 5.320974727915162e-24, nan 
-168.375, 86.625, 5.451782400077014e-24, nan 
-168.125, 86.625, 5.612333069322583e-24, nan 
-167.875, 86.625, 5.557510708186654e-24, nan 
-167.625, 86.625, 5.399962690881309e-24, nan 
-167.375, 86.625, 5.0796276040685614e-24, nan 
-167.125, 86.625, 4.8693270388282174e-24, nan 
-166.875, 86.625, 4.7080568506426905e-24, nan 
-166.625, 86.625, 4.5790609175298315e-24, nan 
-166.375, 86.625, 4.470903773867911e-24, nan 
-166.125, 86.625, 4.282413415658855e-24, nan 
-165.875, 86.625, 4.284845020901577e-24, nan 
-165.625, 86.625, 4.363073744666521e-24, nan 
-165.375, 86.625, 4.392292162716199e-24, nan 
-165.125, 86.625, 4.5582687326772275e-24, nan 
-164.875, 86.625, 5.334939767238634e-24, nan 
-164.625, 86.625, 6.372324298239996e-24, nan 
-164.375, 86.625, 7.310155116033704e-24, nan 
-164.125, 86.625, 7.941846621488273e-24, nan 
-163.875, 86.625, 8.427516486390183e-24, nan 
-163.625, 86.625, 9.510287444944539e-24, nan 
-163.375, 86.625, 1.1363909970832286e-23, nan 
-163.125, 86.625, 1.2242538593241615e-23, nan 
-162.875, 86.625, 1.2868138674902552e-23, nan 
-162.625, 86.625, 1.3072522468391682e-23, nan 
-162.375, 86.625, 1.3303885457206722e-23, nan 
-162.125, 86.625, 1.3483520076125695e-23, nan 
-161.875, 86.625, 1.3542001332475604e-23, nan 
4.625, 86.625, 3.475664251501012e-24, nan 
4.875, 86.625, 3.8773404204906024e-24, nan 
5.125, 86.625, 4.345312632563812e-24, nan 
5.375, 86.625, 4.769032635730834e-24, nan 
5.625, 86.625, 5.1064589918104844e-24, nan 
5.875, 86.625, 5.6292570227496844e-24, nan 
6.125, 86.625, 6.252427609251503e-24, nan 
6.375, 86.625, 6.685306574881706e-24, nan 
6.625, 86.625, 7.15757911350176e-24, nan 
6.875, 86.625, 7.27782705129469e-24, nan 
7.125, 86.625, 7.283024538994613e-24, nan 
7.375, 86.625, 7.331882936704888e-24, nan 
7.625, 86.625, 7.553927666199012e-24, nan 
7.875, 86.625, 7.676577634490934e-24, nan 
8.125, 86.625, 7.606534453489663e-24, nan 
8.375, 86.625, 7.606428996065628e-24, nan 
8.625, 86.625, 7.671908136307431e-24, nan 
8.875, 86.625, 7.788319442898822e-24, nan 
9.125, 86.625, 7.829909851611708e-24, nan 
9.375, 86.625, 8.121998591984524e-24, nan 
9.625, 86.625, 8.489190487257331e-24, nan 
9.875, 86.625, 8.710499404273672e-24, nan 
10.125, 86.625, 7.922388770068301e-24, nan 
10.375, 86.625, 7.246095003412275e-24, nan 
10.625, 86.625, 7.219548651445583e-24, nan 
10.875, 86.625, 7.140752753408546e-24, nan 
11.125, 86.625, 7.12420366416875e-24, nan 
11.375, 86.625, 7.155866913603287e-24, nan 
11.625, 86.625, 7.273479050549701e-24, nan 
11.875, 86.625, 7.460112264936531e-24, nan 
12.125, 86.625, 7.56824991195708e-24, nan 
12.375, 86.625, 7.560314549542556e-24, nan 
12.625, 86.625, 7.672969978761397e-24, nan 
12.875, 86.625, 7.980327430806216e-24, nan 
13.125, 86.625, 8.363824802435052e-24, nan 
13.375, 86.625, 8.665294726811564e-24, nan 
13.625, 86.625, 8.919974521249849e-24, nan 
13.875, 86.625, 8.983813701270146e-24, nan 
14.125, 86.625, 9.074143483930117e-24, nan 
14.375, 86.625, 8.685349003134307e-24, nan 
14.625, 86.625, 8.217008452606884e-24, nan 
14.875, 86.625, 8.137951903009247e-24, nan 
15.125, 86.625, 7.977491413694403e-24, nan 
15.375, 86.625, 7.961427894108178e-24, nan 
15.625, 86.625, 7.91270813195042e-24, nan 
15.875, 86.625, 7.814680881658234e-24, nan 
16.125, 86.625, 7.654519499682232e-24, nan 
16.375, 86.625, 7.584705531176758e-24, nan 
16.625, 86.625, 7.563073693677012e-24, nan 
16.875, 86.625, 7.638623811331299e-24, nan 
17.125, 86.625, 7.561019475847802e-24, nan 
17.375, 86.625, 7.690603877100852e-24, nan 
17.625, 86.625, 8.006711289674826e-24, nan 
17.875, 86.625, 8.406121639063134e-24, nan 
18.125, 86.625, 8.650848164592505e-24, nan 
18.375, 86.625, 8.501622888930321e-24, nan 
18.625, 86.625, 8.401331770337358e-24, nan 
18.875, 86.625, 8.289073358911123e-24, nan 
19.125, 86.625, 8.306020961365808e-24, nan 
19.375, 86.625, 8.388970685952137e-24, nan 
19.625, 86.625, 7.320902101319422e-24, nan 
19.875, 86.625, 6.660987626055618e-24, nan 
20.125, 86.625, 6.080242751019451e-24, nan 
20.375, 86.625, 5.4749660128331884e-24, nan 
20.625, 86.625, 4.875142693824437e-24, nan 
20.875, 86.625, 4.7627808319598515e-24, nan 
21.125, 86.625, 4.358225401113426e-24, nan 
21.375, 86.625, 4.163682424880422e-24, nan 
21.625, 86.625, 3.82471613348915e-24, nan 
21.875, 86.625, 3.550646522756839e-24, nan 
22.125, 86.625, 3.490506187352321e-24, nan 
22.375, 86.625, 3.210070272626042e-24, nan 
22.625, 86.625, 2.950616200761866e-24, nan 
22.875, 86.625, 2.9322796018714313e-24, nan 
23.125, 86.625, 2.7995330369636722e-24, nan 
23.375, 86.625, 2.8742391288704114e-24, nan 
23.625, 86.625, 3.066623739656841e-24, nan 
23.875, 86.625, 3.552671213003968e-24, nan 
24.125, 86.625, 4.0758552843625846e-24, nan 
24.375, 86.625, 4.19149214081909e-24, nan 
24.625, 86.625, 3.920305817768632e-24, nan 
24.875, 86.625, 3.831121183208623e-24, nan 
25.125, 86.625, 3.860306500563645e-24, nan 
25.375, 86.625, 4.040536173869643e-24, nan 
25.625, 86.625, 4.0894473282988235e-24, nan 
25.875, 86.625, 3.760761218823959e-24, nan 
26.125, 86.625, 3.455874235969985e-24, nan 
26.375, 86.625, 3.536516695316302e-24, nan 
26.625, 86.625, 3.514951793318635e-24, nan 
26.875, 86.625, 2.718846606580819e-24, nan 
27.125, 86.625, 2.121069512607221e-24, nan 
27.375, 86.625, 2.397182389075465e-24, nan 
27.625, 86.625, 2.686677000431753e-24, nan 
27.875, 86.625, 3.092309090446974e-24, nan 
28.125, 86.625, 3.74653931419769e-24, nan 
28.375, 86.625, 4.1857595246992664e-24, nan 
28.625, 86.625, 4.858501444521604e-24, nan 
28.875, 86.625, 5.553746387340525e-24, nan 
29.125, 86.625, 6.164265751738579e-24, nan 
29.375, 86.625, 6.846742914317805e-24, nan 
29.625, 86.625, 7.922052834335548e-24, nan 
29.875, 86.625, 8.415592774437168e-24, nan 
30.125, 86.625, 8.707731729350612e-24, nan 
30.375, 86.625, 8.667855500751928e-24, nan 
30.625, 86.625, 9.459856271567653e-24, nan 
30.875, 86.625, 9.645574914463365e-24, nan 
31.125, 86.625, 9.549681763269184e-24, nan 
31.375, 86.625, 8.597257068263685e-24, nan 
31.625, 86.625, 8.671450793800833e-24, nan 
31.875, 86.625, 8.39832786708917e-24, nan 
32.125, 86.625, 8.165522154904595e-24, nan 
32.375, 86.625, 8.246040933101483e-24, nan 
32.625, 86.625, 8.250374475087994e-24, nan 
32.875, 86.625, 8.449188019019179e-24, nan 
33.125, 86.625, 8.97920089931703e-24, nan 
33.375, 86.625, 9.406270622685185e-24, nan 
33.625, 86.625, 9.053043542117274e-24, nan 
33.875, 86.625, 8.045012641378711e-24, nan 
34.125, 86.625, 7.698121786558963e-24, nan 
34.375, 86.625, 7.150051251244317e-24, nan 
34.625, 86.625, 7.072362955142129e-24, nan 
34.875, 86.625, 7.610432719371499e-24, nan 
35.125, 86.625, 7.93863517756582e-24, nan 
35.375, 86.625, 8.056999231773494e-24, nan 
35.625, 86.625, 7.847098324550539e-24, nan 
35.875, 86.625, 8.254783603092354e-24, nan 
36.125, 86.625, 8.349826381545767e-24, nan 
36.375, 86.625, 8.498905222760067e-24, nan 
36.625, 86.625, 8.922595117386778e-24, nan 
36.875, 86.625, 9.171227131900224e-24, nan 
37.125, 86.625, 9.497855123756285e-24, nan 
37.375, 86.625, 9.999739255592993e-24, nan 
37.625, 86.625, 1.0786694193441026e-23, nan 
37.875, 86.625, 1.1665365734668932e-23, nan 
38.125, 86.625, 1.2782803439170498e-23, nan 
38.375, 86.625, 1.2389898762920727e-23, nan 
38.625, 86.625, 1.159664677033193e-23, nan 
38.875, 86.625, 1.0387147946820788e-23, nan 
39.125, 86.625, 1.0943539550787386e-23, nan 
39.375, 86.625, 1.0578223660497234e-23, nan 
39.625, 86.625, 1.1093030764466544e-23, nan 
39.875, 86.625, 1.1690953329857096e-23, nan 
40.125, 86.625, 1.1922055428632798e-23, nan 
40.375, 86.625, 1.2203174578858746e-23, nan 
40.625, 86.625, 1.2680171773836334e-23, nan 
40.875, 86.625, 1.2589734101008862e-23, nan 
41.125, 86.625, 1.0240886294680484e-23, nan 
41.375, 86.625, 7.628188622620047e-24, nan 
41.625, 86.625, 7.068454096704129e-24, nan 
41.875, 86.625, 6.316558207394982e-24, nan 
42.125, 86.625, 5.8425366687422344e-24, nan 
42.375, 86.625, 5.705838616528143e-24, nan 
42.625, 86.625, 5.56642140141565e-24, nan 
42.875, 86.625, 5.120285215263064e-24, nan 
43.125, 86.625, 4.820351053663604e-24, nan 
43.375, 86.625, 4.632699322542649e-24, nan 
43.625, 86.625, 4.627609005506577e-24, nan 
43.875, 86.625, 4.6083131136905275e-24, nan 
44.125, 86.625, 4.506675884008413e-24, nan 
44.375, 86.625, 4.40255984832209e-24, nan 
44.625, 86.625, 4.183885838064225e-24, nan 
44.875, 86.625, 3.974224046702523e-24, nan 
45.125, 86.625, 3.739145112999594e-24, nan 
45.375, 86.625, 3.738894983212089e-24, nan 
45.625, 86.625, 3.608835209847099e-24, nan 
45.875, 86.625, 3.4474471930814005e-24, nan 
46.125, 86.625, 3.566653528080438e-24, nan 
46.375, 86.625, 3.5560909231134265e-24, nan 
46.625, 86.625, 3.4743717083912415e-24, nan 
46.875, 86.625, 3.533824892195274e-24, nan 
47.125, 86.625, 3.488787319162569e-24, nan 
47.375, 86.625, 3.411183602181171e-24, nan 
47.625, 86.625, 3.3851131088493905e-24, nan 
47.875, 86.625, 3.30485176535818e-24, nan 
48.125, 86.625, 3.221024456017493e-24, nan 
48.375, 86.625, 3.201536987692066e-24, nan 
48.625, 86.625, 3.1238668126457426e-24, nan 
48.875, 86.625, 3.0062610083581674e-24, nan 
49.125, 86.625, 2.9538393484895427e-24, nan 
49.375, 86.625, 2.9655876590550056e-24, nan 
49.625, 86.625, 2.993427468759976e-24, nan 
49.875, 86.625, 3.1326020084204384e-24, nan 
50.125, 86.625, 3.3120119663105296e-24, nan 
50.375, 86.625, 3.530641858302672e-24, nan 
50.625, 86.625, 3.761667948637039e-24, nan 
50.875, 86.625, 4.375931872201899e-24, nan 
51.125, 86.625, 5.2478060376526874e-24, nan 
51.375, 86.625, 6.2790964910809124e-24, nan 
51.625, 86.625, 6.958271387106363e-24, nan 
51.875, 86.625, 7.46296469194373e-24, nan 
52.125, 86.625, 7.962826740507478e-24, nan 
52.375, 86.625, 8.387556931321004e-24, nan 
52.625, 86.625, 9.067904841637899e-24, nan 
52.875, 86.625, 9.621190251762289e-24, nan 
53.125, 86.625, 1.010519945725335e-23, nan 
53.375, 86.625, 1.0889900342969763e-23, nan 
53.625, 86.625, 1.1609430562021196e-23, nan 
53.875, 86.625, 1.2184113126666329e-23, nan 
54.125, 86.625, 1.252456583928122e-23, nan 
54.375, 86.625, 1.2343967758964701e-23, nan 
54.625, 86.625, 1.2052406534767104e-23, nan 
54.875, 86.625, 1.1230124465130231e-23, nan 
55.125, 86.625, 1.0513297831256857e-23, nan 
55.375, 86.625, 9.994812182397712e-24, nan 
55.625, 86.625, 9.554652394030878e-24, nan 
55.875, 86.625, 9.163684887595799e-24, nan 
56.125, 86.625, 8.802822675597468e-24, nan 
56.375, 86.625, 8.372812077710285e-24, nan 
56.625, 86.625, 7.580045572283475e-24, nan 
56.875, 86.625, 6.91543156845914e-24, nan 
57.125, 86.625, 6.701602097959974e-24, nan 
57.375, 86.625, 7.118053904475502e-24, nan 
57.625, 86.625, 9.163982281025271e-24, nan 
57.875, 86.625, 1.1481099512261048e-23, nan 
58.125, 86.625, 1.3529740828163873e-23, nan 
58.375, 86.625, 1.4806892162422655e-23, nan 
58.625, 86.625, 1.4865849956874456e-23, nan 
58.875, 86.625, 1.4462399234729475e-23, nan 
59.125, 86.625, 1.3564377044439836e-23, nan 
59.375, 86.625, 1.2500062028989529e-23, nan 
59.625, 86.625, 1.1759595334208301e-23, nan 
59.875, 86.625, 1.10166079367906e-23, nan 
60.125, 86.625, 1.0501423594080882e-23, nan 
60.375, 86.625, 9.870813884430996e-24, nan 
60.625, 86.625, 9.161370531719334e-24, nan 
60.875, 86.625, 9.43401480591857e-24, nan 
61.125, 86.625, 9.473875626162056e-24, nan 
61.375, 86.625, 9.5383418962335e-24, nan 
61.625, 86.625, 9.504182539172681e-24, nan 
61.875, 86.625, 9.969986548533066e-24, nan 
62.125, 86.625, 1.0614187731147772e-23, nan 
62.375, 86.625, 1.1372011654467434e-23, nan 
62.625, 86.625, 1.2099807939336789e-23, nan 
62.875, 86.625, 1.2368860562972335e-23, nan 
63.125, 86.625, 1.224637425339558e-23, nan 
63.375, 86.625, 1.2078415754658619e-23, nan 
63.625, 86.625, 1.1831962841487408e-23, nan 
63.875, 86.625, 1.170320040304347e-23, nan 
64.125, 86.625, 1.1572074038445315e-23, nan 
64.375, 86.625, 1.1393181359198433e-23, nan 
64.625, 86.625, 1.1190616297400186e-23, nan 
64.875, 86.625, 1.100304700791374e-23, nan 
65.125, 86.625, 1.094391721154055e-23, nan 
65.375, 86.625, 1.0820933079503551e-23, nan 
65.625, 86.625, 1.0720343344726703e-23, nan 
65.875, 86.625, 1.068263956974289e-23, nan 
66.125, 86.625, 1.0653841428547218e-23, nan 
66.375, 86.625, 1.0886254451198347e-23, nan 
66.625, 86.625, 1.11702491567245e-23, nan 
66.875, 86.625, 1.257325068191277e-23, nan 
67.125, 86.625, 1.4277613261021947e-23, nan 
67.375, 86.625, 1.5356298244050376e-23, nan 
67.625, 86.625, 1.542094458959457e-23, nan 
67.875, 86.625, 1.5230329113219884e-23, nan 
68.125, 86.625, 1.4762628231622258e-23, nan 
68.375, 86.625, 1.3334562362507864e-23, nan 
68.625, 86.625, 1.3069702563073247e-23, nan 
68.875, 86.625, 1.473801912159951e-23, nan 
69.125, 86.625, 1.7330340946235502e-23, nan 
69.375, 86.625, 2.021196972892957e-23, nan 
69.625, 86.625, 2.1889951603273467e-23, nan 
69.875, 86.625, 2.3054073052515784e-23, nan 
70.125, 86.625, 2.3612762817554088e-23, nan 
70.375, 86.625, 2.4462322614586073e-23, nan 
70.625, 86.625, 2.5730980042450777e-23, nan 
70.875, 86.625, 2.6728693763800654e-23, nan 
71.125, 86.625, 2.974811246826723e-23, nan 
71.375, 86.625, 3.3511338817979193e-23, nan 
71.625, 86.625, 3.680217784400929e-23, nan 
71.875, 86.625, 3.767385701066307e-23, nan 
72.125, 86.625, 3.7530316884542344e-23, nan 
72.375, 86.625, 3.7513914388482644e-23, nan 
72.625, 86.625, 3.729217774668067e-23, nan 
72.875, 86.625, 3.726899021258929e-23, nan 
73.125, 86.625, 3.914633008798729e-23, nan 
73.375, 86.625, 3.904131718012672e-23, nan 
73.625, 86.625, 3.953136653834095e-23, nan 
73.875, 86.625, 3.976393772188609e-23, nan 
74.125, 86.625, 3.979750356389337e-23, nan 
74.375, 86.625, 3.936606361126694e-23, nan 
74.625, 86.625, 3.867285052749626e-23, nan 
74.875, 86.625, 3.839708753538242e-23, nan 
75.125, 86.625, 3.806605883138902e-23, nan 
75.375, 86.625, 3.804680380014145e-23, nan 
75.625, 86.625, 3.7689581708214614e-23, nan 
75.875, 86.625, 3.787131489601482e-23, nan 
76.125, 86.625, 3.78541300308627e-23, nan 
76.375, 86.625, 3.7801627882201216e-23, nan 
76.625, 86.625, 3.404400338022167e-23, nan 
76.875, 86.625, 2.9723093847613125e-23, nan 
77.125, 86.625, 2.7610435993327505e-23, nan 
77.375, 86.625, 2.709159140589359e-23, nan 
77.625, 86.625, 2.847018039088042e-23, nan 
77.875, 86.625, 3.1266525025980895e-23, nan 
78.125, 86.625, 3.41631680471458e-23, nan 
78.375, 86.625, 3.560680785911333e-23, nan 
78.625, 86.625, 3.699470528639886e-23, nan 
78.875, 86.625, 3.7288379245365425e-23, nan 
79.125, 86.625, 3.8345841240709946e-23, nan 
79.375, 86.625, 3.889476846469667e-23, nan 
79.625, 86.625, 3.9601585313222134e-23, nan 
79.875, 86.625, 4.009968694491081e-23, nan 
80.125, 86.625, 4.045978564582471e-23, nan 
80.375, 86.625, 4.042546053899486e-23, nan 
80.625, 86.625, 4.0673130565531385e-23, nan 
80.875, 86.625, 3.925385709704043e-23, nan 
81.125, 86.625, 3.7092285298507463e-23, nan 
81.375, 86.625, 3.656129632795808e-23, nan 
81.625, 86.625, 3.3610555467803197e-23, nan 
81.875, 86.625, 3.3768939771381666e-23, nan 
82.125, 86.625, 3.364601162537836e-23, nan 
82.375, 86.625, 3.347580948755085e-23, nan 
82.625, 86.625, 3.301667356792175e-23, nan 
82.875, 86.625, 3.2339019715549964e-23, nan 
83.125, 86.625, 3.121964552160609e-23, nan 
83.375, 86.625, 3.096542592106732e-23, nan 
83.625, 86.625, 3.0468626145360275e-23, nan 
83.875, 86.625, 2.9961476344511405e-23, nan 
84.125, 86.625, 2.86154556569111e-23, nan 
84.375, 86.625, 2.753056793666532e-23, nan 
84.625, 86.625, 2.672058235928283e-23, nan 
84.875, 86.625, 2.3662052012458257e-23, nan 
85.125, 86.625, 1.9079988772998662e-23, nan 
85.375, 86.625, 1.6642653090830718e-23, nan 
85.625, 86.625, 1.2730316684092078e-23, nan 
85.875, 86.625, 1.17668612947348e-23, nan 
86.125, 86.625, 1.1372742231387571e-23, nan 
86.375, 86.625, 1.0609894684032708e-23, nan 
86.625, 86.625, 1.0346265469431534e-23, nan 
86.875, 86.625, 1.0140505022269812e-23, nan 
87.125, 86.625, 9.671983780532319e-24, nan 
87.375, 86.625, 9.270675167825751e-24, nan 
87.625, 86.625, 8.6505309639137e-24, nan 
87.875, 86.625, 8.320071202314511e-24, nan 
88.125, 86.625, 8.230482667553277e-24, nan 
88.375, 86.625, 8.189673093801335e-24, nan 
88.625, 86.625, 8.01376859763443e-24, nan 
88.875, 86.625, 7.917295636311555e-24, nan 
89.125, 86.625, 7.995552742994522e-24, nan 
89.375, 86.625, 8.034721031184046e-24, nan 
89.625, 86.625, 8.885307635657727e-24, nan 
89.875, 86.625, 1.1167314254054548e-23, nan 
90.125, 86.625, 1.6095499039692192e-23, nan 
90.375, 86.625, 2.5280884986653448e-23, nan 
90.625, 86.625, 2.939742652976222e-23, nan 
90.875, 86.625, 3.004515598061825e-23, nan 
91.125, 86.625, 2.9767889478107495e-23, nan 
91.375, 86.625, 2.930670368165041e-23, nan 
91.625, 86.625, 3.0189714567591594e-23, nan 
91.875, 86.625, 3.035247899974581e-23, nan 
92.125, 86.625, 3.0350758589080767e-23, nan 
92.375, 86.625, 3.0805138773416336e-23, nan 
92.625, 86.625, 3.146070271888355e-23, nan 
92.875, 86.625, 3.239104605281755e-23, nan 
93.125, 86.625, 3.293780358431313e-23, nan 
93.375, 86.625, 3.361343525440095e-23, nan 
93.625, 86.625, 3.3538477381461625e-23, nan 
93.875, 86.625, 3.310761672966766e-23, nan 
94.125, 86.625, 3.1146591757777926e-23, nan 
94.375, 86.625, 2.9725681611537527e-23, nan 
94.625, 86.625, 2.709767104955894e-23, nan 
94.875, 86.625, 2.2184315433266717e-23, nan 
95.125, 86.625, 1.6439593048495012e-23, nan 
95.375, 86.625, 1.521455130254042e-23, nan 
95.625, 86.625, 1.5109305727043808e-23, nan 
95.875, 86.625, 1.5062777564139465e-23, nan 
96.125, 86.625, 1.5211470320193248e-23, nan 
96.375, 86.625, 1.524162508059475e-23, nan 
96.625, 86.625, 1.518503149650761e-23, nan 
96.875, 86.625, 1.5391847957212024e-23, nan 
97.125, 86.625, 1.5668170212298648e-23, nan 
97.375, 86.625, 1.5804144853088694e-23, nan 
97.625, 86.625, 1.586364559137466e-23, nan 
97.875, 86.625, 1.570179984801725e-23, nan 
98.125, 86.625, 1.5358465495641894e-23, nan 
98.375, 86.625, 1.485637136859026e-23, nan 
98.625, 86.625, 1.424367373093692e-23, nan 
98.875, 86.625, 1.3839151900576657e-23, nan 
99.125, 86.625, 1.3370140683416675e-23, nan 
99.375, 86.625, 1.2903311938357615e-23, nan 
99.625, 86.625, 1.2356841071833163e-23, nan 
99.875, 86.625, 1.2259682821968951e-23, nan 
100.125, 86.625, 1.2150517981358989e-23, nan 
100.375, 86.625, 1.2110403997947437e-23, nan 
100.625, 86.625, 1.1863817746361555e-23, nan 
100.875, 86.625, 1.1802565569359805e-23, nan 
101.125, 86.625, 1.1912775630260195e-23, nan 
101.375, 86.625, 1.1985942821853714e-23, nan 
101.625, 86.625, 1.1913566887672907e-23, nan 
101.875, 86.625, 1.1997912507458213e-23, nan 
102.125, 86.625, 1.1792430353921572e-23, nan 
102.375, 86.625, 1.1737958457593274e-23, nan 
102.625, 86.625, 1.1321345671483937e-23, nan 
102.875, 86.625, 1.1092299755518997e-23, nan 
103.125, 86.625, 1.0942849033225455e-23, nan 
103.375, 86.625, 1.0158501859002185e-23, nan 
103.625, 86.625, 1.0027150609283469e-23, nan 
103.875, 86.625, 9.516777577005438e-24, nan 
104.125, 86.625, 9.299808322409475e-24, nan 
104.375, 86.625, 8.926266036324836e-24, nan 
104.625, 86.625, 9.070952448262137e-24, nan 
104.875, 86.625, 8.929327717728043e-24, nan 
105.125, 86.625, 9.575729232705914e-24, nan 
105.375, 86.625, 9.665737715141573e-24, nan 
105.625, 86.625, 1.0135010457936911e-23, nan 
105.875, 86.625, 1.1540110972323244e-23, nan 
106.125, 86.625, 1.2451432191175583e-23, nan 
106.375, 86.625, 1.4588808025758075e-23, nan 
106.625, 86.625, 1.6797452052803254e-23, nan 
106.875, 86.625, 2.0572968220168477e-23, nan 
107.125, 86.625, 2.2351066777905655e-23, nan 
107.375, 86.625, 2.3999093521704712e-23, nan 
107.625, 86.625, 2.4019329686209742e-23, nan 
107.875, 86.625, 2.3912017126250447e-23, nan 
108.125, 86.625, 2.5149064672393817e-23, nan 
108.375, 86.625, 2.571150789409793e-23, nan 
108.625, 86.625, 2.7048797272996275e-23, nan 
108.875, 86.625, 2.800691285938685e-23, nan 
109.125, 86.625, 2.814643995393455e-23, nan 
109.375, 86.625, 2.8694998129491884e-23, nan 
109.625, 86.625, 2.902100525358263e-23, nan 
109.875, 86.625, 2.961537453285365e-23, nan 
110.125, 86.625, 3.0319554019567586e-23, nan 
110.375, 86.625, 3.218253408393826e-23, nan 
110.625, 86.625, 3.278821814178419e-23, nan 
110.875, 86.625, 3.3388521357368517e-23, nan 
111.125, 86.625, 3.4436433325039747e-23, nan 
111.375, 86.625, 3.5267486431681826e-23, nan 
111.625, 86.625, 3.589680920335117e-23, nan 
111.875, 86.625, 3.5670630337283356e-23, nan 
112.125, 86.625, 3.582260094449393e-23, nan 
112.375, 86.625, 3.610592987931422e-23, nan 
112.625, 86.625, 3.6396881433921116e-23, nan 
112.875, 86.625, 3.7675317220312466e-23, nan 
113.125, 86.625, 3.8562680991319356e-23, nan 
113.375, 86.625, 3.97643660704865e-23, nan 
113.625, 86.625, 4.028011175814702e-23, nan 
113.875, 86.625, 4.0865729005747757e-23, nan 
114.125, 86.625, 4.0502178976876297e-23, nan 
114.375, 86.625, 4.0048264713784295e-23, nan 
114.625, 86.625, 4.213537631436462e-23, nan 
114.875, 86.625, 4.155059207465518e-23, nan 
115.125, 86.625, 4.3024668104511746e-23, nan 
115.375, 86.625, 4.4531887171142945e-23, nan 
115.625, 86.625, 4.610310508261846e-23, nan 
115.875, 86.625, 4.795236836305874e-23, nan 
116.125, 86.625, 4.964133249695363e-23, nan 
116.375, 86.625, 4.957696109274538e-23, nan 
116.625, 86.625, 5.0529941945081365e-23, nan 
116.875, 86.625, 5.049326997452487e-23, nan 
117.125, 86.625, 5.1657184954042665e-23, nan 
117.375, 86.625, 5.03215144532704e-23, nan 
117.625, 86.625, 5.176721359005156e-23, nan 
117.875, 86.625, 5.099400399230381e-23, nan 
118.125, 86.625, 5.011444734398039e-23, nan 
118.375, 86.625, 4.7401641101190226e-23, nan 
118.625, 86.625, 4.7041238673337307e-23, nan 
118.875, 86.625, 3.790909308964009e-23, nan 
119.125, 86.625, 3.3806443129327355e-23, nan 
119.375, 86.625, 2.9436381292127134e-23, nan 
119.625, 86.625, 2.7888297230826514e-23, nan 
119.875, 86.625, 2.723603671602493e-23, nan 
120.125, 86.625, 2.834567634878635e-23, nan 
120.375, 86.625, 3.072141412820074e-23, nan 
120.625, 86.625, 3.264228467277219e-23, nan 
120.875, 86.625, 3.4561941927255573e-23, nan 
121.125, 86.625, 3.534371309906585e-23, nan 
121.375, 86.625, 3.6757940020896097e-23, nan 
121.625, 86.625, 3.71083786599983e-23, nan 
121.875, 86.625, 3.9113900718217083e-23, nan 
122.125, 86.625, 3.9917102846819646e-23, nan 
122.375, 86.625, 4.001710697316622e-23, nan 
122.625, 86.625, 3.963566878903449e-23, nan 
122.875, 86.625, 3.9936554453992073e-23, nan 
123.125, 86.625, 3.6070702382479505e-23, nan 
123.375, 86.625, 3.447330681943626e-23, nan 
123.625, 86.625, 3.2497216290835034e-23, nan 
123.875, 86.625, 3.192218009624816e-23, nan 
124.125, 86.625, 3.133084899688389e-23, nan 
124.375, 86.625, 3.1725782268142096e-23, nan 
124.625, 86.625, 3.0874701893918757e-23, nan 
124.875, 86.625, 3.260640492674613e-23, nan 
125.125, 86.625, 3.2825876289089785e-23, nan 
125.375, 86.625, 3.2177304719566633e-23, nan 
125.625, 86.625, 3.1313810740775246e-23, nan 
125.875, 86.625, 3.107803297867986e-23, nan 
126.125, 86.625, 3.000299601608913e-23, nan 
126.375, 86.625, 2.971578186777743e-23, nan 
126.625, 86.625, 2.792630558531602e-23, nan 
126.875, 86.625, 2.672325544757911e-23, nan 
127.125, 86.625, 2.5162070786417596e-23, nan 
127.375, 86.625, 2.2022431327138483e-23, nan 
127.625, 86.625, 1.8820755163068887e-23, nan 
127.875, 86.625, 1.8869312491687275e-23, nan 
128.125, 86.625, 2.0273774856247828e-23, nan 
128.375, 86.625, 2.2919026938522922e-23, nan 
128.625, 86.625, 2.7346320711488304e-23, nan 
128.875, 86.625, 3.116079875835479e-23, nan 
129.125, 86.625, 3.335788496253901e-23, nan 
129.375, 86.625, 3.412621912104754e-23, nan 
129.625, 86.625, 3.3850654550334936e-23, nan 
129.875, 86.625, 3.395164815588029e-23, nan 
130.125, 86.625, 3.396676635764943e-23, nan 
130.375, 86.625, 3.427385981573094e-23, nan 
130.625, 86.625, 3.5258434387308926e-23, nan 
130.875, 86.625, 3.573263429052745e-23, nan 
131.125, 86.625, 3.621422208705954e-23, nan 
131.375, 86.625, 3.5913873077509015e-23, nan 
131.625, 86.625, 3.5983980182525034e-23, nan 
131.875, 86.625, 3.589394265170468e-23, nan 
132.125, 86.625, 3.645801462127082e-23, nan 
132.375, 86.625, 3.6101040876514385e-23, nan 
132.625, 86.625, 3.586327890535573e-23, nan 
132.875, 86.625, 3.466225764546719e-23, nan 
133.125, 86.625, 3.3836889685568e-23, nan 
133.375, 86.625, 3.4681110526270225e-23, nan 
133.625, 86.625, 3.2899268584415374e-23, nan 
133.875, 86.625, 3.311565959379935e-23, nan 
134.125, 86.625, 3.244996248824865e-23, nan 
134.375, 86.625, 3.076340270802188e-23, nan 
134.625, 86.625, 3.013498988815882e-23, nan 
134.875, 86.625, 3.0107078789083855e-23, nan 
135.125, 86.625, 2.940584537629853e-23, nan 
135.375, 86.625, 2.898654601912578e-23, nan 
135.625, 86.625, 2.7597354571842106e-23, nan 
135.875, 86.625, 2.7109148233671376e-23, nan 
136.125, 86.625, 2.5850679981941899e-23, nan 
136.375, 86.625, 2.4593403135551024e-23, nan 
136.625, 86.625, 2.3781284448502087e-23, nan 
136.875, 86.625, 2.4091193738009642e-23, nan 
137.125, 86.625, 2.3620201725293428e-23, nan 
137.375, 86.625, 2.3132871898744575e-23, nan 
137.625, 86.625, 2.313919975267588e-23, nan 
137.875, 86.625, 2.2314133800896703e-23, nan 
138.125, 86.625, 2.1613248517125205e-23, nan 
138.375, 86.625, 2.1316873070158724e-23, nan 
138.625, 86.625, 2.0795582289623666e-23, nan 
138.875, 86.625, 2.0431006071377083e-23, nan 
139.125, 86.625, 2.0225138643462767e-23, nan 
139.375, 86.625, 1.8959218405558975e-23, nan 
139.625, 86.625, 1.845201319591842e-23, nan 
139.875, 86.625, 1.7369816180079547e-23, nan 
140.125, 86.625, 1.6657329196196508e-23, nan 
140.375, 86.625, 1.6259938472560715e-23, nan 
140.625, 86.625, 1.6489152566693648e-23, nan 
140.875, 86.625, 1.7563578740712214e-23, nan 
141.125, 86.625, 1.9207018087006187e-23, nan 
141.375, 86.625, 2.120831099684997e-23, nan 
141.625, 86.625, 2.2394826199039577e-23, nan 
141.875, 86.625, 2.402435385218257e-23, nan 
142.125, 86.625, 2.5346687193449554e-23, nan 
142.375, 86.625, 2.761792372506081e-23, nan 
142.625, 86.625, 3.0939739415610346e-23, nan 
142.875, 86.625, 3.035966909613925e-23, nan 
143.125, 86.625, 3.0136132982773365e-23, nan 
143.375, 86.625, 2.926758117498854e-23, nan 
143.625, 86.625, 2.8019959052540225e-23, nan 
143.875, 86.625, 2.674266537059236e-23, nan 
144.125, 86.625, 2.5411121597127715e-23, nan 
144.375, 86.625, 2.5047911332336904e-23, nan 
144.625, 86.625, 2.5219881006344465e-23, nan 
144.875, 86.625, 2.490421699608321e-23, nan 
145.125, 86.625, 2.3869887058554497e-23, nan 
145.375, 86.625, 2.360133581735853e-23, nan 
145.625, 86.625, 2.3872911988924416e-23, nan 
145.875, 86.625, 2.2327600354879277e-23, nan 
146.125, 86.625, 2.0970326243782944e-23, nan 
146.375, 86.625, 1.7760892955377005e-23, nan 
146.625, 86.625, 1.5659608274600037e-23, nan 
146.875, 86.625, 1.3873474161279988e-23, nan 
147.125, 86.625, 1.235323267779508e-23, nan 
147.375, 86.625, 1.2669211180260318e-23, nan 
147.625, 86.625, 1.5279476360756054e-23, nan 
147.875, 86.625, 1.577837140611781e-23, nan 
148.125, 86.625, 1.5651519270071053e-23, nan 
148.375, 86.625, 1.5644116293565173e-23, nan 
148.625, 86.625, 1.572469901544743e-23, nan 
148.875, 86.625, 1.5612994946167226e-23, nan 
149.125, 86.625, 1.555330800909232e-23, nan 
149.375, 86.625, 1.549304470397877e-23, nan 
149.625, 86.625, 1.5292894418832474e-23, nan 
149.875, 86.625, 1.511558447128425e-23, nan 
150.125, 86.625, 1.5377563303118762e-23, nan 
150.375, 86.625, 1.5805363116642918e-23, nan 
150.625, 86.625, 1.5522374254419065e-23, nan 
150.875, 86.625, 1.5519527597395062e-23, nan 
151.125, 86.625, 1.5313662202896422e-23, nan 
151.375, 86.625, 1.5067016649646182e-23, nan 
151.625, 86.625, 1.4889635326866927e-23, nan 
151.875, 86.625, 1.4604173523632367e-23, nan 
152.125, 86.625, 1.435950564885923e-23, nan 
152.375, 86.625, 1.38997180762942e-23, nan 
152.625, 86.625, 1.3020310371962336e-23, nan 
152.875, 86.625, 1.2218306662479295e-23, nan 
153.125, 86.625, 1.1786517686744227e-23, nan 
153.375, 86.625, 1.1525816776136766e-23, nan 
153.625, 86.625, 1.128228485838985e-23, nan 
153.875, 86.625, 1.1023404009604398e-23, nan 
154.125, 86.625, 1.117623897691414e-23, nan 
154.375, 86.625, 1.1111703339212096e-23, nan 
154.625, 86.625, 1.1096481059750092e-23, nan 
154.875, 86.625, 1.1264981305209857e-23, nan 
155.125, 86.625, 1.148334321018421e-23, nan 
155.375, 86.625, 1.1672384783908654e-23, nan 
155.625, 86.625, 1.168201838955624e-23, nan 
155.875, 86.625, 1.1410390602903659e-23, nan 
156.125, 86.625, 1.0876082583136264e-23, nan 
156.375, 86.625, 1.0539711751278638e-23, nan 
156.625, 86.625, 1.0157067085807234e-23, nan 
156.875, 86.625, 9.808737611412023e-24, nan 
157.125, 86.625, 9.73777057640707e-24, nan 
157.375, 86.625, 9.786623392647714e-24, nan 
157.625, 86.625, 9.9661660473591e-24, nan 
157.875, 86.625, 1.0168055271340497e-23, nan 
158.125, 86.625, 1.082837651567413e-23, nan 
158.375, 86.625, 1.149826690454612e-23, nan 
158.625, 86.625, 1.182875620502442e-23, nan 
158.875, 86.625, 1.0839580677205948e-23, nan 
159.125, 86.625, 1.0419612172555951e-23, nan 
159.375, 86.625, 1.1233644843673189e-23, nan 
159.625, 86.625, 1.2498262214153269e-23, nan 
159.875, 86.625, 1.5676282008632184e-23, nan 
160.125, 86.625, 1.9554192770384357e-23, nan 
160.375, 86.625, 2.1509139314762726e-23, nan 
160.625, 86.625, 2.2811766803609e-23, nan 
160.875, 86.625, 2.3692820226899485e-23, nan 
161.125, 86.625, 2.421873190259675e-23, nan 
161.375, 86.625, 2.4985558633939606e-23, nan 
161.625, 86.625, 2.5781695449665823e-23, nan 
161.875, 86.625, 2.6682835447027157e-23, nan 
162.125, 86.625, 2.738273178099894e-23, nan 
162.375, 86.625, 2.87559378213157e-23, nan 
162.625, 86.625, 3.0113779589793684e-23, nan 
162.875, 86.625, 3.091727591652505e-23, nan 
163.125, 86.625, 2.914422913067717e-23, nan 
163.375, 86.625, 2.725008908085778e-23, nan 
163.625, 86.625, 2.6618041058029414e-23, nan 
163.875, 86.625, 2.2888585663622708e-23, nan 
164.125, 86.625, 1.849026269416757e-23, nan 
164.375, 86.625, 1.455444880835642e-23, nan 
164.625, 86.625, 1.288452768076376e-23, nan 
164.875, 86.625, 1.1776263975240939e-23, nan 
165.125, 86.625, 1.1412127647363051e-23, nan 
165.375, 86.625, 1.15525017114215e-23, nan 
165.625, 86.625, 1.154859272853638e-23, nan 
165.875, 86.625, 1.185390358935057e-23, nan 
166.125, 86.625, 1.2098702441728143e-23, nan 
166.375, 86.625, 1.2503789173073807e-23, nan 
166.625, 86.625, 1.339916398756928e-23, nan 
166.875, 86.625, 1.4740843143768495e-23, nan 
167.125, 86.625, 1.5689298583167826e-23, nan 
167.375, 86.625, 1.5665640285526022e-23, nan 
167.625, 86.625, 1.5693639413280225e-23, nan 
167.875, 86.625, 1.601043119131251e-23, nan 
168.125, 86.625, 1.5890062076802724e-23, nan 
168.375, 86.625, 1.5637045525748908e-23, nan 
168.625, 86.625, 1.5802284860949315e-23, nan 
168.875, 86.625, 1.679356952546305e-23, nan 
169.125, 86.625, 1.7789756189787144e-23, nan 
169.375, 86.625, 1.8284431329875686e-23, nan 
169.625, 86.625, 1.922548000410072e-23, nan 
169.875, 86.625, 1.9102938347261087e-23, nan 
170.125, 86.625, 1.9978100200108398e-23, nan 
170.375, 86.625, 2.008872823873017e-23, nan 
170.625, 86.625, 2.068027348830301e-23, nan 
170.875, 86.625, 2.1938409955356712e-23, nan 
171.125, 86.625, 2.1963715222827659e-23, nan 
171.375, 86.625, 2.1860403112602176e-23, nan 
171.625, 86.625, 2.292525547330896e-23, nan 
171.875, 86.625, 2.178852695268954e-23, nan 
172.125, 86.625, 1.9096345363672533e-23, nan 
172.375, 86.625, 1.825563774413664e-23, nan 
172.625, 86.625, 1.5407460820346535e-23, nan 
172.875, 86.625, 1.2445725675539515e-23, nan 
173.125, 86.625, 1.2174056245005558e-23, nan 
173.375, 86.625, 1.1819370595468691e-23, nan 
173.625, 86.625, 1.1566357136084781e-23, nan 
173.875, 86.625, 1.0879238281087469e-23, nan 
174.125, 86.625, 1.0516544366195828e-23, nan 
174.375, 86.625, 1.0095275466275581e-23, nan 
174.625, 86.625, 9.88899143978e-24, nan 
174.875, 86.625, 9.867611880031318e-24, nan 
175.125, 86.625, 9.672052787698242e-24, nan 
175.375, 86.625, 9.326206873667667e-24, nan 
175.625, 86.625, 8.690578276979606e-24, nan 
175.875, 86.625, 1.0679947811730148e-23, nan 
176.125, 86.625, 1.1983617876831084e-23, nan 
176.375, 86.625, 1.349201768978506e-23, nan 
176.625, 86.625, 1.5876617060680334e-23, nan 
176.875, 86.625, 1.805358323427686e-23, nan 
177.125, 86.625, 2.083538322113524e-23, nan 
177.375, 86.625, 2.3734084885661558e-23, nan 
177.625, 86.625, 2.4653853495414232e-23, nan 
177.875, 86.625, 2.5453957628362515e-23, nan 
178.125, 86.625, 2.4942044076105217e-23, nan 
178.375, 86.625, 2.4970106394640278e-23, nan 
178.625, 86.625, 2.4805245452507187e-23, nan 
178.875, 86.625, 2.4583813446730588e-23, nan 
179.125, 86.625, 2.451045052141553e-23, nan 
179.375, 86.625, 2.397484619331663e-23, nan 
179.625, 86.625, 2.3721158664099975e-23, nan 
179.875, 86.625, 2.3448301371903125e-23, nan 
-179.875, 86.875, 2.0201673047733394e-23, nan 
-179.625, 86.875, 1.9313350968496056e-23, nan 
-179.375, 86.875, 1.9043755815531513e-23, nan 
-179.125, 86.875, 1.810910338390982e-23, nan 
-178.875, 86.875, 1.6258481992062846e-23, nan 
-178.625, 86.875, 1.4019888970134897e-23, nan 
-178.375, 86.875, 1.1384964674378547e-23, nan 
-178.125, 86.875, 9.016283599999565e-24, nan 
-177.875, 86.875, 7.578888221903054e-24, nan 
-177.625, 86.875, 6.3201135696067544e-24, nan 
-177.375, 86.875, 4.8459476723308765e-24, nan 
-177.125, 86.875, 4.8167625264047384e-24, nan 
-176.875, 86.875, 4.2261165157993024e-24, nan 
-176.625, 86.875, 4.095929270456636e-24, nan 
-176.375, 86.875, 3.816789022966157e-24, nan 
-176.125, 86.875, 3.6296049694676646e-24, nan 
-175.875, 86.875, 3.543090310277149e-24, nan 
-175.625, 86.875, 3.4423936202945014e-24, nan 
-175.375, 86.875, 3.2207405472160935e-24, nan 
-175.125, 86.875, 3.0895801837886757e-24, nan 
-174.875, 86.875, 2.9617701841910247e-24, nan 
-174.625, 86.875, 2.9228486535418834e-24, nan 
-174.375, 86.875, 2.9068281651704577e-24, nan 
-174.125, 86.875, 2.914717424160703e-24, nan 
-173.875, 86.875, 2.8870547697961598e-24, nan 
-173.625, 86.875, 2.8128821274762403e-24, nan 
-173.375, 86.875, 2.791315257678099e-24, nan 
-173.125, 86.875, 2.796897768735373e-24, nan 
-172.875, 86.875, 2.798418549431397e-24, nan 
-172.625, 86.875, 2.884944313042272e-24, nan 
-172.375, 86.875, 2.9542632458333195e-24, nan 
-172.125, 86.875, 3.0452014411523028e-24, nan 
-171.875, 86.875, 3.1449619312729673e-24, nan 
-171.625, 86.875, 3.2192619234302285e-24, nan 
-171.375, 86.875, 3.380759791511923e-24, nan 
-171.125, 86.875, 3.614409515761501e-24, nan 
-170.875, 86.875, 4.0713253095093515e-24, nan 
-170.625, 86.875, 4.496920907020556e-24, nan 
-170.375, 86.875, 4.884653314228914e-24, nan 
-170.125, 86.875, 5.337235593226816e-24, nan 
-169.875, 86.875, 5.791481499291112e-24, nan 
-169.625, 86.875, 5.931232404192731e-24, nan 
-169.375, 86.875, 5.949808790118364e-24, nan 
-169.125, 86.875, 5.963460950555909e-24, nan 
-168.875, 86.875, 6.0778751931264334e-24, nan 
-168.625, 86.875, 6.091876196065518e-24, nan 
-168.375, 86.875, 6.237765223861729e-24, nan 
-168.125, 86.875, 7.037772439809782e-24, nan 
-167.875, 86.875, 7.495651740988325e-24, nan 
-167.625, 86.875, 7.466754787017583e-24, nan 
-167.375, 86.875, 7.435555319749223e-24, nan 
-167.125, 86.875, 7.542725349834803e-24, nan 
-166.875, 86.875, 7.719523837962388e-24, nan 
-166.625, 86.875, 7.937255913326035e-24, nan 
-166.375, 86.875, 8.219685593817601e-24, nan 
-166.125, 86.875, 8.745453650729985e-24, nan 
-165.875, 86.875, 9.136542960870084e-24, nan 
-165.625, 86.875, 9.353357982422747e-24, nan 
-165.375, 86.875, 9.547841485437907e-24, nan 
-165.125, 86.875, 9.481694160142651e-24, nan 
-164.875, 86.875, 9.412231635583984e-24, nan 
-164.625, 86.875, 9.357332670126012e-24, nan 
-164.375, 86.875, 9.298289166062719e-24, nan 
-164.125, 86.875, 9.199197561304654e-24, nan 
-163.875, 86.875, 9.231977529453639e-24, nan 
-163.625, 86.875, 9.44826959670519e-24, nan 
-163.375, 86.875, 1.0695858857517989e-23, nan 
-163.125, 86.875, 1.1748160187156965e-23, nan 
-162.875, 86.875, 1.2473170137865216e-23, nan 
-162.625, 86.875, 1.2924780811675496e-23, nan 
-162.375, 86.875, 1.3312623460016444e-23, nan 
-162.125, 86.875, 1.3575538019528173e-23, nan 
-161.875, 86.875, 1.3778957960601357e-23, nan 
-161.625, 86.875, 1.3998827919034708e-23, nan 
-161.375, 86.875, 1.4209888846534642e-23, nan 
-161.125, 86.875, 1.4341545622320197e-23, nan 
-160.875, 86.875, 1.4449065215159248e-23, nan 
3.625, 86.875, 6.891354210642521e-24, nan 
3.875, 86.875, 6.6072815023468475e-24, nan 
4.125, 86.875, 6.117919882543253e-24, nan 
4.375, 86.875, 5.6866905798063546e-24, nan 
4.625, 86.875, 5.5647242536659096e-24, nan 
4.875, 86.875, 5.525112947507549e-24, nan 
5.125, 86.875, 5.6448906272807415e-24, nan 
5.375, 86.875, 5.877194633946299e-24, nan 
5.625, 86.875, 6.129758602805114e-24, nan 
5.875, 86.875, 6.452631623936078e-24, nan 
6.125, 86.875, 6.78029444310812e-24, nan 
6.375, 86.875, 7.067256754250213e-24, nan 
6.625, 86.875, 7.363102262520728e-24, nan 
6.875, 86.875, 7.677498740724183e-24, nan 
7.125, 86.875, 7.869899768049368e-24, nan 
7.375, 86.875, 8.00976117925512e-24, nan 
7.625, 86.875, 8.188523989727464e-24, nan 
7.875, 86.875, 8.239894743319502e-24, nan 
8.125, 86.875, 8.097314581177255e-24, nan 
8.375, 86.875, 7.980716693616762e-24, nan 
8.625, 86.875, 7.809118769851235e-24, nan 
8.875, 86.875, 7.554701190956036e-24, nan 
9.125, 86.875, 7.244096265849305e-24, nan 
9.375, 86.875, 7.205798282057267e-24, nan 
9.625, 86.875, 7.23187255331581e-24, nan 
9.875, 86.875, 7.238399970652041e-24, nan 
10.125, 86.875, 6.5283597793864556e-24, nan 
10.375, 86.875, 5.678807434128879e-24, nan 
10.625, 86.875, 5.361994515948536e-24, nan 
10.875, 86.875, 4.6939210028997054e-24, nan 
11.125, 86.875, 4.428548776135138e-24, nan 
11.375, 86.875, 4.172034899237087e-24, nan 
11.625, 86.875, 3.99600783525302e-24, nan 
11.875, 86.875, 3.757514936742986e-24, nan 
12.125, 86.875, 3.6465899660219156e-24, nan 
12.375, 86.875, 3.645419377855019e-24, nan 
12.625, 86.875, 3.5907716325638625e-24, nan 
12.875, 86.875, 3.4322057696597256e-24, nan 
13.125, 86.875, 3.31025124224024e-24, nan 
13.375, 86.875, 3.1952109006966442e-24, nan 
13.625, 86.875, 3.0791353920820684e-24, nan 
13.875, 86.875, 2.9087855246841906e-24, nan 
14.125, 86.875, 2.898013966214741e-24, nan 
14.375, 86.875, 2.7816147057803288e-24, nan 
14.625, 86.875, 2.653244380925454e-24, nan 
14.875, 86.875, 2.478568703242542e-24, nan 
15.125, 86.875, 2.39403399118566e-24, nan 
15.375, 86.875, 2.319122699265561e-24, nan 
15.625, 86.875, 2.2089606423503736e-24, nan 
15.875, 86.875, 2.0944337913095017e-24, nan 
16.125, 86.875, 1.9139825058429942e-24, nan 
16.375, 86.875, 1.810865325777692e-24, nan 
16.625, 86.875, 1.772797587729824e-24, nan 
16.875, 86.875, 1.7431264768814013e-24, nan 
17.125, 86.875, 1.6853380516446487e-24, nan 
17.375, 86.875, 1.5567750919867614e-24, nan 
17.625, 86.875, 1.4753682558243797e-24, nan 
17.875, 86.875, 1.3501238787948095e-24, nan 
18.125, 86.875, 1.2739331901251623e-24, nan 
18.375, 86.875, 1.4362739061596801e-24, nan 
18.625, 86.875, 1.6955099567990343e-24, nan 
18.875, 86.875, 2.0298859648822393e-24, nan 
19.125, 86.875, 2.6961071730791005e-24, nan 
19.375, 86.875, 3.4896202409645656e-24, nan 
19.625, 86.875, 3.9165234192220805e-24, nan 
19.875, 86.875, 4.255555597691942e-24, nan 
20.125, 86.875, 4.594831748619414e-24, nan 
20.375, 86.875, 4.565486037650669e-24, nan 
20.625, 86.875, 4.5176644220558466e-24, nan 
20.875, 86.875, 4.441310903813792e-24, nan 
21.125, 86.875, 4.23788829084155e-24, nan 
21.375, 86.875, 4.111882118596908e-24, nan 
21.625, 86.875, 3.959284789303761e-24, nan 
21.875, 86.875, 3.983693550820819e-24, nan 
22.125, 86.875, 3.4296630857022006e-24, nan 
22.375, 86.875, 2.9618821891652656e-24, nan 
22.625, 86.875, 2.677543421636738e-24, nan 
22.875, 86.875, 2.5446564109630358e-24, nan 
23.125, 86.875, 3.314267399896147e-24, nan 
23.375, 86.875, 4.454358754155786e-24, nan 
23.625, 86.875, 5.482072718270645e-24, nan 
23.875, 86.875, 7.044392712758672e-24, nan 
24.125, 86.875, 8.648434610755476e-24, nan 
24.375, 86.875, 9.062058065075753e-24, nan 
24.625, 86.875, 8.69101109007532e-24, nan 
24.875, 86.875, 8.464182895727814e-24, nan 
25.125, 86.875, 8.416095977808052e-24, nan 
25.375, 86.875, 8.510159646387814e-24, nan 
25.625, 86.875, 8.733077667917305e-24, nan 
25.875, 86.875, 8.46370676488645e-24, nan 
26.125, 86.875, 8.389877610638722e-24, nan 
26.375, 86.875, 8.444337029040863e-24, nan 
26.625, 86.875, 8.728061558523676e-24, nan 
26.875, 86.875, 6.740688751191199e-24, nan 
27.125, 86.875, 5.424742121103631e-24, nan 
27.375, 86.875, 4.819305312523889e-24, nan 
27.625, 86.875, 4.702460870441057e-24, nan 
27.875, 86.875, 4.93501341781326e-24, nan 
28.125, 86.875, 5.4168260838945016e-24, nan 
28.375, 86.875, 5.863206238897179e-24, nan 
28.625, 86.875, 6.718663628509377e-24, nan 
28.875, 86.875, 7.646939267047031e-24, nan 
29.125, 86.875, 8.07208884531443e-24, nan 
29.375, 86.875, 8.226477091391284e-24, nan 
29.625, 86.875, 8.599207744088193e-24, nan 
29.875, 86.875, 8.764864745730102e-24, nan 
30.125, 86.875, 8.783405311958047e-24, nan 
30.375, 86.875, 8.814916435652144e-24, nan 
30.625, 86.875, 8.955773225640104e-24, nan 
30.875, 86.875, 8.967883590545156e-24, nan 
31.125, 86.875, 8.997472868382269e-24, nan 
31.375, 86.875, 8.744241924529275e-24, nan 
31.625, 86.875, 7.851393142080032e-24, nan 
31.875, 86.875, 7.065494770280368e-24, nan 
32.125, 86.875, 6.554035571756512e-24, nan 
32.375, 86.875, 6.3003667342257244e-24, nan 
32.625, 86.875, 6.157763070805811e-24, nan 
32.875, 86.875, 6.120669909334036e-24, nan 
33.125, 86.875, 6.376272430354803e-24, nan 
33.375, 86.875, 6.5766510443231874e-24, nan 
33.625, 86.875, 6.262065532307286e-24, nan 
33.875, 86.875, 5.445170487787233e-24, nan 
34.125, 86.875, 4.9819458320979685e-24, nan 
34.375, 86.875, 3.900571814818815e-24, nan 
34.625, 86.875, 3.3223469380072245e-24, nan 
34.875, 86.875, 2.8583352254526228e-24, nan 
35.125, 86.875, 2.588190091160601e-24, nan 
35.375, 86.875, 2.500448287565912e-24, nan 
35.625, 86.875, 2.3879790921625214e-24, nan 
35.875, 86.875, 2.1671154698217987e-24, nan 
36.125, 86.875, 2.1099196198432774e-24, nan 
36.375, 86.875, 2.0767247530232794e-24, nan 
36.625, 86.875, 1.857290773007638e-24, nan 
36.875, 86.875, 1.807225717401813e-24, nan 
37.125, 86.875, 1.7085655917270452e-24, nan 
37.375, 86.875, 1.7149833212426335e-24, nan 
37.625, 86.875, 1.7730153506255154e-24, nan 
37.875, 86.875, 1.8165796850505145e-24, nan 
38.125, 86.875, 1.9628805149596878e-24, nan 
38.375, 86.875, 2.046424604250327e-24, nan 
38.625, 86.875, 2.1290884098141063e-24, nan 
38.875, 86.875, 2.284489450264651e-24, nan 
39.125, 86.875, 2.366861093672823e-24, nan 
39.375, 86.875, 2.442877075607521e-24, nan 
39.625, 86.875, 2.5471209377135843e-24, nan 
39.875, 86.875, 2.5969313142636778e-24, nan 
40.125, 86.875, 2.622343394589499e-24, nan 
40.375, 86.875, 2.688761773501562e-24, nan 
40.625, 86.875, 2.7186537998476492e-24, nan 
40.875, 86.875, 2.7556543162299948e-24, nan 
41.125, 86.875, 2.764097231764105e-24, nan 
41.375, 86.875, 2.7037323967014257e-24, nan 
41.625, 86.875, 2.680537330502993e-24, nan 
41.875, 86.875, 2.588550950068516e-24, nan 
42.125, 86.875, 2.5638265080464728e-24, nan 
42.375, 86.875, 2.4873920505477475e-24, nan 
42.625, 86.875, 2.405854874544742e-24, nan 
42.875, 86.875, 2.2833140070245818e-24, nan 
43.125, 86.875, 2.214848776570969e-24, nan 
43.375, 86.875, 2.146870607889252e-24, nan 
43.625, 86.875, 2.1556291250732564e-24, nan 
43.875, 86.875, 2.182961975540537e-24, nan 
44.125, 86.875, 2.19719768574117e-24, nan 
44.375, 86.875, 2.2169274513708253e-24, nan 
44.625, 86.875, 2.262015839300776e-24, nan 
44.875, 86.875, 2.3100031189066627e-24, nan 
45.125, 86.875, 2.333527990745651e-24, nan 
45.375, 86.875, 2.37069069800971e-24, nan 
45.625, 86.875, 2.5772176096653387e-24, nan 
45.875, 86.875, 3.1442263667438978e-24, nan 
46.125, 86.875, 3.874515051463826e-24, nan 
46.375, 86.875, 4.77601128092062e-24, nan 
46.625, 86.875, 5.6861255858687385e-24, nan 
46.875, 86.875, 6.465555321889269e-24, nan 
47.125, 86.875, 7.046051038891297e-24, nan 
47.375, 86.875, 7.613423412288316e-24, nan 
47.625, 86.875, 8.12570398553962e-24, nan 
47.875, 86.875, 8.679839070806516e-24, nan 
48.125, 86.875, 9.148307737687412e-24, nan 
48.375, 86.875, 9.536290587131264e-24, nan 
48.625, 86.875, 9.795552035590106e-24, nan 
48.875, 86.875, 9.931992969696892e-24, nan 
49.125, 86.875, 9.948910715617673e-24, nan 
49.375, 86.875, 9.956975756171889e-24, nan 
49.625, 86.875, 9.922028245999437e-24, nan 
49.875, 86.875, 9.828212763052698e-24, nan 
50.125, 86.875, 9.593656160053563e-24, nan 
50.375, 86.875, 9.134045406905734e-24, nan 
50.625, 86.875, 8.622959997024136e-24, nan 
50.875, 86.875, 7.8604541017347e-24, nan 
51.125, 86.875, 7.393447768026475e-24, nan 
51.375, 86.875, 7.384570075604382e-24, nan 
51.625, 86.875, 7.706634801833951e-24, nan 
51.875, 86.875, 8.040784656553886e-24, nan 
52.125, 86.875, 8.534434276293383e-24, nan 
52.375, 86.875, 9.135732941594669e-24, nan 
52.625, 86.875, 1.0088896218783414e-23, nan 
52.875, 86.875, 1.098381688604716e-23, nan 
53.125, 86.875, 1.1850416199598941e-23, nan 
53.375, 86.875, 1.2678283654716504e-23, nan 
53.625, 86.875, 1.3383219349670266e-23, nan 
53.875, 86.875, 1.4015170849656203e-23, nan 
54.125, 86.875, 1.4385965486408015e-23, nan 
54.375, 86.875, 1.449028359009791e-23, nan 
54.625, 86.875, 1.468518353559009e-23, nan 
54.875, 86.875, 1.459186983287714e-23, nan 
55.125, 86.875, 1.445045199376751e-23, nan 
55.375, 86.875, 1.4479435794984174e-23, nan 
55.625, 86.875, 1.453990447686221e-23, nan 
55.875, 86.875, 1.4527475371131665e-23, nan 
56.125, 86.875, 1.5043722674088598e-23, nan 
56.375, 86.875, 1.5234596269132257e-23, nan 
56.625, 86.875, 1.4780890148099666e-23, nan 
56.875, 86.875, 1.3773307562311637e-23, nan 
57.125, 86.875, 1.2965762460279173e-23, nan 
57.375, 86.875, 1.2309049067851485e-23, nan 
57.625, 86.875, 1.2121859632256986e-23, nan 
57.875, 86.875, 1.2583841246814165e-23, nan 
58.125, 86.875, 1.3514463134616368e-23, nan 
58.375, 86.875, 1.3849479551820677e-23, nan 
58.625, 86.875, 1.408497868605332e-23, nan 
58.875, 86.875, 1.425530835555684e-23, nan 
59.125, 86.875, 1.4376698477341522e-23, nan 
59.375, 86.875, 1.4594183887912513e-23, nan 
59.625, 86.875, 1.4849355932859733e-23, nan 
59.875, 86.875, 1.5081245359672394e-23, nan 
60.125, 86.875, 1.522812867446149e-23, nan 
60.375, 86.875, 1.540017245058788e-23, nan 
60.625, 86.875, 1.5454432007552543e-23, nan 
60.875, 86.875, 1.5683772903664674e-23, nan 
61.125, 86.875, 1.5747400574930007e-23, nan 
61.375, 86.875, 1.53917971313178e-23, nan 
61.625, 86.875, 1.4754184648576376e-23, nan 
61.875, 86.875, 1.4068893905251013e-23, nan 
62.125, 86.875, 1.3300260369124924e-23, nan 
62.375, 86.875, 1.2617246379786305e-23, nan 
62.625, 86.875, 1.1940355891938388e-23, nan 
62.875, 86.875, 1.2321439133796548e-23, nan 
63.125, 86.875, 1.4643465977569998e-23, nan 
63.375, 86.875, 1.6891220542210925e-23, nan 
63.625, 86.875, 1.942132315780741e-23, nan 
63.875, 86.875, 2.1450835117353245e-23, nan 
64.125, 86.875, 2.4020655771948274e-23, nan 
64.375, 86.875, 2.6407736088799377e-23, nan 
64.625, 86.875, 2.8745026335793544e-23, nan 
64.875, 86.875, 3.05490433152558e-23, nan 
65.125, 86.875, 3.1758600717156354e-23, nan 
65.375, 86.875, 3.2398701952114537e-23, nan 
65.625, 86.875, 3.2786124159855833e-23, nan 
65.875, 86.875, 3.32114487368897e-23, nan 
66.125, 86.875, 3.3510917423370076e-23, nan 
66.375, 86.875, 3.4030548775372876e-23, nan 
66.625, 86.875, 3.4518486535441963e-23, nan 
66.875, 86.875, 3.505429402187848e-23, nan 
67.125, 86.875, 3.523159913586217e-23, nan 
67.375, 86.875, 3.4116651500398735e-23, nan 
67.625, 86.875, 3.311506141327226e-23, nan 
67.875, 86.875, 3.3235476504783616e-23, nan 
68.125, 86.875, 3.276777423440718e-23, nan 
68.375, 86.875, 2.900539130525523e-23, nan 
68.625, 86.875, 2.136246134697373e-23, nan 
68.875, 86.875, 1.878044012456441e-23, nan 
69.125, 86.875, 1.9469804088276886e-23, nan 
69.375, 86.875, 2.2460853042519948e-23, nan 
69.625, 86.875, 2.4995826072227355e-23, nan 
69.875, 86.875, 2.674488194800306e-23, nan 
70.125, 86.875, 2.7621265825035365e-23, nan 
70.375, 86.875, 2.870255805048496e-23, nan 
70.625, 86.875, 3.0039413439874174e-23, nan 
70.875, 86.875, 3.085263587786518e-23, nan 
71.125, 86.875, 3.266991110161032e-23, nan 
71.375, 86.875, 3.465255365698579e-23, nan 
71.625, 86.875, 3.634854073292785e-23, nan 
71.875, 86.875, 3.676975693238865e-23, nan 
72.125, 86.875, 3.6339608577072885e-23, nan 
72.375, 86.875, 3.589845624043945e-23, nan 
72.625, 86.875, 3.5577662044904973e-23, nan 
72.875, 86.875, 3.525775080453126e-23, nan 
73.125, 86.875, 3.344642590371433e-23, nan 
73.375, 86.875, 3.006901984596056e-23, nan 
73.625, 86.875, 2.8320768422359256e-23, nan 
73.875, 86.875, 2.701399880783154e-23, nan 
74.125, 86.875, 2.6445111378968932e-23, nan 
74.375, 86.875, 2.6059205615273282e-23, nan 
74.625, 86.875, 2.5800383966776195e-23, nan 
74.875, 86.875, 2.5685589462217227e-23, nan 
75.125, 86.875, 2.5558754107130433e-23, nan 
75.375, 86.875, 2.577319451099668e-23, nan 
75.625, 86.875, 2.582420547230094e-23, nan 
75.875, 86.875, 2.6012854515895237e-23, nan 
76.125, 86.875, 2.6135892809951342e-23, nan 
76.375, 86.875, 2.6257519443380314e-23, nan 
76.625, 86.875, 2.4315011371471456e-23, nan 
76.875, 86.875, 2.1544878600922557e-23, nan 
77.125, 86.875, 1.9749491543771911e-23, nan 
77.375, 86.875, 1.465662199456879e-23, nan 
77.625, 86.875, 1.3465871384787074e-23, nan 
77.875, 86.875, 1.2343795126082226e-23, nan 
78.125, 86.875, 1.188057524342479e-23, nan 
78.375, 86.875, 1.1819708776626952e-23, nan 
78.625, 86.875, 1.2122091449817193e-23, nan 
78.875, 86.875, 1.2637145037904578e-23, nan 
79.125, 86.875, 1.3029780531369689e-23, nan 
79.375, 86.875, 1.3164559609679331e-23, nan 
79.625, 86.875, 1.3245988489020544e-23, nan 
79.875, 86.875, 1.331262006723438e-23, nan 
80.125, 86.875, 1.3145950584518654e-23, nan 
80.375, 86.875, 1.2751270287277059e-23, nan 
80.625, 86.875, 1.2456877452393598e-23, nan 
80.875, 86.875, 1.222340362926847e-23, nan 
81.125, 86.875, 1.192140163615807e-23, nan 
81.375, 86.875, 1.1826726929053909e-23, nan 
81.625, 86.875, 1.2053081114735048e-23, nan 
81.875, 86.875, 1.2190596227008942e-23, nan 
82.125, 86.875, 1.2242163326322613e-23, nan 
82.375, 86.875, 1.2249773464483781e-23, nan 
82.625, 86.875, 1.2316033721609159e-23, nan 
82.875, 86.875, 1.2278414735228443e-23, nan 
83.125, 86.875, 1.2129432220799034e-23, nan 
83.375, 86.875, 1.1862282935096037e-23, nan 
83.625, 86.875, 1.1545594319779158e-23, nan 
83.875, 86.875, 1.1520170357468616e-23, nan 
84.125, 86.875, 1.1536781508456967e-23, nan 
84.375, 86.875, 1.1789116977329577e-23, nan 
84.625, 86.875, 1.2031079594706079e-23, nan 
84.875, 86.875, 1.1856771240128148e-23, nan 
85.125, 86.875, 1.1220174474649009e-23, nan 
85.375, 86.875, 1.0748369766241593e-23, nan 
85.625, 86.875, 9.946559407394894e-24, nan 
85.875, 86.875, 9.008804159380825e-24, nan 
86.125, 86.875, 8.470089657750962e-24, nan 
86.375, 86.875, 8.525739339783866e-24, nan 
86.625, 86.875, 8.339508858398037e-24, nan 
86.875, 86.875, 8.34914460468827e-24, nan 
87.125, 86.875, 8.251798958770535e-24, nan 
87.375, 86.875, 7.878014123959267e-24, nan 
87.625, 86.875, 7.19265837777134e-24, nan 
87.875, 86.875, 6.912093698034256e-24, nan 
88.125, 86.875, 6.925807277935354e-24, nan 
88.375, 86.875, 7.202753254248908e-24, nan 
88.625, 86.875, 7.325877037334903e-24, nan 
88.875, 86.875, 7.905943204124053e-24, nan 
89.125, 86.875, 8.482247776047801e-24, nan 
89.375, 86.875, 8.979044521151516e-24, nan 
89.625, 86.875, 9.78353732767882e-24, nan 
89.875, 86.875, 1.0165230720798067e-23, nan 
90.125, 86.875, 1.0586658864443928e-23, nan 
90.375, 86.875, 1.1141097054666789e-23, nan 
90.625, 86.875, 1.1231643931695716e-23, nan 
90.875, 86.875, 1.165483468863779e-23, nan 
91.125, 86.875, 1.2936787053750511e-23, nan 
91.375, 86.875, 1.3662447814027763e-23, nan 
91.625, 86.875, 1.346431758693773e-23, nan 
91.875, 86.875, 1.2364588441875924e-23, nan 
92.125, 86.875, 1.1902304809391646e-23, nan 
92.375, 86.875, 1.1580116508459381e-23, nan 
92.625, 86.875, 1.2017603464413746e-23, nan 
92.875, 86.875, 1.2814055500932888e-23, nan 
93.125, 86.875, 1.5177741069311986e-23, nan 
93.375, 86.875, 1.7614559303691017e-23, nan 
93.625, 86.875, 2.0808104161925072e-23, nan 
93.875, 86.875, 2.5430078696770874e-23, nan 
94.125, 86.875, 2.894968508191711e-23, nan 
94.375, 86.875, 3.087814145815536e-23, nan 
94.625, 86.875, 3.3592199087655485e-23, nan 
94.875, 86.875, 3.580628091653568e-23, nan 
95.125, 86.875, 3.779611442972408e-23, nan 
95.375, 86.875, 3.8906548645551303e-23, nan 
95.625, 86.875, 3.986562124051929e-23, nan 
95.875, 86.875, 4.074968042713104e-23, nan 
96.125, 86.875, 4.110588056593897e-23, nan 
96.375, 86.875, 4.1064693277711606e-23, nan 
96.625, 86.875, 4.0900793330109766e-23, nan 
96.875, 86.875, 4.086477981135737e-23, nan 
97.125, 86.875, 4.086839583734702e-23, nan 
97.375, 86.875, 4.0708834134672135e-23, nan 
97.625, 86.875, 4.0555268352770074e-23, nan 
97.875, 86.875, 4.0239312840148193e-23, nan 
98.125, 86.875, 3.978936782548003e-23, nan 
98.375, 86.875, 3.9035155352145465e-23, nan 
98.625, 86.875, 3.821252522238432e-23, nan 
98.875, 86.875, 3.741090599110873e-23, nan 
99.125, 86.875, 3.6743254043645406e-23, nan 
99.375, 86.875, 3.5935218332431365e-23, nan 
99.625, 86.875, 3.51948912018421e-23, nan 
99.875, 86.875, 3.475318335953128e-23, nan 
100.125, 86.875, 3.461548277418621e-23, nan 
100.375, 86.875, 3.457266587705797e-23, nan 
100.625, 86.875, 3.432385541487667e-23, nan 
100.875, 86.875, 3.4070198123807644e-23, nan 
101.125, 86.875, 3.469334961823199e-23, nan 
101.375, 86.875, 3.475484174567445e-23, nan 
101.625, 86.875, 3.5494177202841886e-23, nan 
101.875, 86.875, 3.603314704253894e-23, nan 
102.125, 86.875, 3.731314531353966e-23, nan 
102.375, 86.875, 3.802015416299494e-23, nan 
102.625, 86.875, 3.835850545411547e-23, nan 
102.875, 86.875, 3.8273158117480653e-23, nan 
103.125, 86.875, 3.8211381823587417e-23, nan 
103.375, 86.875, 3.790258053813776e-23, nan 
103.625, 86.875, 3.8419219630988527e-23, nan 
103.875, 86.875, 3.7791180530290877e-23, nan 
104.125, 86.875, 3.6481833109998814e-23, nan 
104.375, 86.875, 3.522184410287367e-23, nan 
104.625, 86.875, 3.4524922931728253e-23, nan 
104.875, 86.875, 3.437893229792765e-23, nan 
105.125, 86.875, 3.31780928165623e-23, nan 
105.375, 86.875, 3.3301921337072394e-23, nan 
105.625, 86.875, 3.2754175044039527e-23, nan 
105.875, 86.875, 3.0279983816976547e-23, nan 
106.125, 86.875, 3.006567252294733e-23, nan 
106.375, 86.875, 2.8628896370388327e-23, nan 
106.625, 86.875, 2.81413027683255e-23, nan 
106.875, 86.875, 2.83763565753432e-23, nan 
107.125, 86.875, 2.909253221905945e-23, nan 
107.375, 86.875, 2.998358309443717e-23, nan 
107.625, 86.875, 3.0150600655346196e-23, nan 
107.875, 86.875, 3.0292273419860276e-23, nan 
108.125, 86.875, 3.102128075997454e-23, nan 
108.375, 86.875, 3.175954510400083e-23, nan 
108.625, 86.875, 3.232564405330123e-23, nan 
108.875, 86.875, 3.243244900702955e-23, nan 
109.125, 86.875, 3.1955829209267964e-23, nan 
109.375, 86.875, 3.202997466957088e-23, nan 
109.625, 86.875, 3.208359555474671e-23, nan 
109.875, 86.875, 3.1882977502719244e-23, nan 
110.125, 86.875, 3.2415353863325823e-23, nan 
110.375, 86.875, 3.333312980155837e-23, nan 
110.625, 86.875, 3.247503956232125e-23, nan 
110.875, 86.875, 3.267277676284285e-23, nan 
111.125, 86.875, 3.229196870279756e-23, nan 
111.375, 86.875, 3.2186992506847036e-23, nan 
111.625, 86.875, 3.1413718231976095e-23, nan 
111.875, 86.875, 3.073601749969531e-23, nan 
112.125, 86.875, 3.0587751709748994e-23, nan 
112.375, 86.875, 3.071946703532546e-23, nan 
112.625, 86.875, 3.0956609057287177e-23, nan 
112.875, 86.875, 3.1891812441748184e-23, nan 
113.125, 86.875, 3.2361452448820635e-23, nan 
113.375, 86.875, 3.273726151711338e-23, nan 
113.625, 86.875, 3.3101347752710905e-23, nan 
113.875, 86.875, 3.3669062262967037e-23, nan 
114.125, 86.875, 3.347961433745039e-23, nan 
114.375, 86.875, 3.321905591855875e-23, nan 
114.625, 86.875, 3.427824248657732e-23, nan 
114.875, 86.875, 3.3686126750718444e-23, nan 
115.125, 86.875, 3.3988210075724994e-23, nan 
115.375, 86.875, 3.4386955159430514e-23, nan 
115.625, 86.875, 3.4402939341075106e-23, nan 
115.875, 86.875, 3.4545135052904706e-23, nan 
116.125, 86.875, 3.438841685078439e-23, nan 
116.375, 86.875, 3.359307863909904e-23, nan 
116.625, 86.875, 3.360924945479838e-23, nan 
116.875, 86.875, 3.336555765809383e-23, nan 
117.125, 86.875, 3.3761568071998105e-23, nan 
117.375, 86.875, 3.307198459982087e-23, nan 
117.625, 86.875, 3.3467958870241955e-23, nan 
117.875, 86.875, 3.286674010021097e-23, nan 
118.125, 86.875, 3.2324407911689445e-23, nan 
118.375, 86.875, 3.0774881777179637e-23, nan 
118.625, 86.875, 3.044110216212037e-23, nan 
118.875, 86.875, 2.5302005546293562e-23, nan 
119.125, 86.875, 2.2564646637924385e-23, nan 
119.375, 86.875, 1.877649998251369e-23, nan 
119.625, 86.875, 1.634488746653845e-23, nan 
119.875, 86.875, 1.3411540760321857e-23, nan 
120.125, 86.875, 1.0973570891174395e-23, nan 
120.375, 86.875, 8.736513403301104e-24, nan 
120.625, 86.875, 7.396746349681171e-24, nan 
120.875, 86.875, 6.707154942416104e-24, nan 
121.125, 86.875, 6.314383059671126e-24, nan 
121.375, 86.875, 6.08497259035105e-24, nan 
121.625, 86.875, 6.028030919591719e-24, nan 
121.875, 86.875, 6.168303771877051e-24, nan 
122.125, 86.875, 6.686125992378986e-24, nan 
122.375, 86.875, 7.068231817693724e-24, nan 
122.625, 86.875, 7.20993270983699e-24, nan 
122.875, 86.875, 7.110518041591451e-24, nan 
123.125, 86.875, 6.813131967887327e-24, nan 
123.375, 86.875, 6.266992655253276e-24, nan 
123.625, 86.875, 5.6022422064884665e-24, nan 
123.875, 86.875, 5.08086998665631e-24, nan 
124.125, 86.875, 4.516156279084619e-24, nan 
124.375, 86.875, 4.252033906297141e-24, nan 
124.625, 86.875, 4.1565057953513904e-24, nan 
124.875, 86.875, 3.977843755071709e-24, nan 
125.125, 86.875, 3.6088845735467685e-24, nan 
125.375, 86.875, 3.356946882536941e-24, nan 
125.625, 86.875, 3.34288156462529e-24, nan 
125.875, 86.875, 3.67982547579488e-24, nan 
126.125, 86.875, 3.853511615908727e-24, nan 
126.375, 86.875, 4.516790250813163e-24, nan 
126.625, 86.875, 6.256906831915873e-24, nan 
126.875, 86.875, 8.86270417593963e-24, nan 
127.125, 86.875, 1.0444560190216973e-23, nan 
127.375, 86.875, 1.1167661284857522e-23, nan 
127.625, 86.875, 1.1441659902562611e-23, nan 
127.875, 86.875, 1.1237625582865917e-23, nan 
128.125, 86.875, 1.0191252359297918e-23, nan 
128.375, 86.875, 9.159670513971756e-24, nan 
128.625, 86.875, 8.463219040800707e-24, nan 
128.875, 86.875, 8.750282107392974e-24, nan 
129.125, 86.875, 9.49944656356665e-24, nan 
129.375, 86.875, 1.0639648626342953e-23, nan 
129.625, 86.875, 1.1384939836917086e-23, nan 
129.875, 86.875, 1.157379959276596e-23, nan 
130.125, 86.875, 1.1785063114402749e-23, nan 
130.375, 86.875, 1.222978391922187e-23, nan 
130.625, 86.875, 1.2443378304346167e-23, nan 
130.875, 86.875, 1.2644362022706481e-23, nan 
131.125, 86.875, 1.2782653061663515e-23, nan 
131.375, 86.875, 1.334813327664895e-23, nan 
131.625, 86.875, 1.3877509040726498e-23, nan 
131.875, 86.875, 1.4374013345026366e-23, nan 
132.125, 86.875, 1.4759926036676753e-23, nan 
132.375, 86.875, 1.507611436013483e-23, nan 
132.625, 86.875, 1.5127249758822733e-23, nan 
132.875, 86.875, 1.5036948216339177e-23, nan 
133.125, 86.875, 1.4886638346513366e-23, nan 
133.375, 86.875, 1.4694571069783805e-23, nan 
133.625, 86.875, 1.4603707796384094e-23, nan 
133.875, 86.875, 1.4329229425092502e-23, nan 
134.125, 86.875, 1.386541318607247e-23, nan 
134.375, 86.875, 1.2609756320383434e-23, nan 
134.625, 86.875, 1.1381248466408323e-23, nan 
134.875, 86.875, 1.0196458101362224e-23, nan 
135.125, 86.875, 9.264494813704932e-24, nan 
135.375, 86.875, 9.006478826679509e-24, nan 
135.625, 86.875, 9.146362326815458e-24, nan 
135.875, 86.875, 9.426536877037187e-24, nan 
136.125, 86.875, 1.0080600173559485e-23, nan 
136.375, 86.875, 1.0677976082408693e-23, nan 
136.625, 86.875, 1.1995226859377208e-23, nan 
136.875, 86.875, 1.2983221532128501e-23, nan 
137.125, 86.875, 1.4415041277489416e-23, nan 
137.375, 86.875, 1.58751103505736e-23, nan 
137.625, 86.875, 1.6939182374963716e-23, nan 
137.875, 86.875, 1.8251178644049938e-23, nan 
138.125, 86.875, 2.0399161263348133e-23, nan 
138.375, 86.875, 2.227268568862885e-23, nan 
138.625, 86.875, 2.411464159768916e-23, nan 
138.875, 86.875, 2.523642912451616e-23, nan 
139.125, 86.875, 2.5538672008748924e-23, nan 
139.375, 86.875, 2.3774024077571324e-23, nan 
139.625, 86.875, 2.1997331725100266e-23, nan 
139.875, 86.875, 1.9632522986425457e-23, nan 
140.125, 86.875, 1.734572501527694e-23, nan 
140.375, 86.875, 1.538987333988692e-23, nan 
140.625, 86.875, 1.4094167590588267e-23, nan 
140.875, 86.875, 1.3689269836144486e-23, nan 
141.125, 86.875, 1.3841294557217974e-23, nan 
141.375, 86.875, 1.447983356059746e-23, nan 
141.625, 86.875, 1.481428188996131e-23, nan 
141.875, 86.875, 1.530885412480391e-23, nan 
142.125, 86.875, 1.5762873212316858e-23, nan 
142.375, 86.875, 1.6045777028842452e-23, nan 
142.625, 86.875, 1.6003000853659637e-23, nan 
142.875, 86.875, 1.5945507201545904e-23, nan 
143.125, 86.875, 1.5934498838439762e-23, nan 
143.375, 86.875, 1.59068578726205e-23, nan 
143.625, 86.875, 1.5641815471898046e-23, nan 
143.875, 86.875, 1.5204891381275722e-23, nan 
144.125, 86.875, 1.4637736431226893e-23, nan 
144.375, 86.875, 1.4082161729925084e-23, nan 
144.625, 86.875, 1.392374750066149e-23, nan 
144.875, 86.875, 1.378169548238055e-23, nan 
145.125, 86.875, 1.3840812022694064e-23, nan 
145.375, 86.875, 1.4010615813583255e-23, nan 
145.625, 86.875, 1.4191658124390695e-23, nan 
145.875, 86.875, 1.4158115667841823e-23, nan 
146.125, 86.875, 1.4115118667714243e-23, nan 
146.375, 86.875, 1.391483003417703e-23, nan 
146.625, 86.875, 1.3780045387222496e-23, nan 
146.875, 86.875, 1.3734437685333204e-23, nan 
147.125, 86.875, 1.3769258276180933e-23, nan 
147.375, 86.875, 1.4081559757050822e-23, nan 
147.625, 86.875, 1.4299561873698705e-23, nan 
147.875, 86.875, 1.4264647524788544e-23, nan 
148.125, 86.875, 1.4238382442486161e-23, nan 
148.375, 86.875, 1.434991918618104e-23, nan 
148.625, 86.875, 1.435623739747747e-23, nan 
148.875, 86.875, 1.4369244803162412e-23, nan 
149.125, 86.875, 1.425138397003773e-23, nan 
149.375, 86.875, 1.3944760349514535e-23, nan 
149.625, 86.875, 1.3474526036979453e-23, nan 
149.875, 86.875, 1.3047300277177073e-23, nan 
150.125, 86.875, 1.2892057655935206e-23, nan 
150.375, 86.875, 1.284074118387486e-23, nan 
150.625, 86.875, 1.2601912696544616e-23, nan 
150.875, 86.875, 1.2325129672051388e-23, nan 
151.125, 86.875, 1.1927771222545789e-23, nan 
151.375, 86.875, 1.1638165643975286e-23, nan 
151.625, 86.875, 1.166625134328192e-23, nan 
151.875, 86.875, 1.1854836758761951e-23, nan 
152.125, 86.875, 1.219126882196325e-23, nan 
152.375, 86.875, 1.2463631513231138e-23, nan 
152.625, 86.875, 1.1862142927902636e-23, nan 
152.875, 86.875, 1.1194612833033046e-23, nan 
153.125, 86.875, 1.0568929691821011e-23, nan 
153.375, 86.875, 9.994545972176838e-24, nan 
153.625, 86.875, 9.383788738354451e-24, nan 
153.875, 86.875, 8.797805552865647e-24, nan 
154.125, 86.875, 7.930461774582604e-24, nan 
154.375, 86.875, 6.993429940216553e-24, nan 
154.625, 86.875, 6.777567626445123e-24, nan 
154.875, 86.875, 8.17469413289732e-24, nan 
155.125, 86.875, 1.1477034116793342e-23, nan 
155.375, 86.875, 1.5540547944956635e-23, nan 
155.625, 86.875, 1.8093741304958314e-23, nan 
155.875, 86.875, 1.9415221602447462e-23, nan 
156.125, 86.875, 2.0243398978459305e-23, nan 
156.375, 86.875, 2.080386763890554e-23, nan 
156.625, 86.875, 2.097990441045938e-23, nan 
156.875, 86.875, 2.1258930854141868e-23, nan 
157.125, 86.875, 2.1803649095258383e-23, nan 
157.375, 86.875, 2.275520523689125e-23, nan 
157.625, 86.875, 2.3765407215043777e-23, nan 
157.875, 86.875, 2.4909003243471176e-23, nan 
158.125, 86.875, 2.604580144604403e-23, nan 
158.375, 86.875, 2.654534144955088e-23, nan 
158.625, 86.875, 2.6569060964675607e-23, nan 
158.875, 86.875, 2.634520311242835e-23, nan 
159.125, 86.875, 2.369695450636909e-23, nan 
159.375, 86.875, 2.0613687505747054e-23, nan 
159.625, 86.875, 1.844236285920341e-23, nan 
159.875, 86.875, 1.8786362383241174e-23, nan 
160.125, 86.875, 2.2389936733955676e-23, nan 
160.375, 86.875, 2.569576109207354e-23, nan 
160.625, 86.875, 2.767795946387301e-23, nan 
160.875, 86.875, 2.932458002774751e-23, nan 
161.125, 86.875, 2.9925545439402746e-23, nan 
161.375, 86.875, 3.079630264928652e-23, nan 
161.625, 86.875, 3.1127097522471296e-23, nan 
161.875, 86.875, 3.131129091010225e-23, nan 
162.125, 86.875, 3.133786990994583e-23, nan 
162.375, 86.875, 3.158705088452551e-23, nan 
162.625, 86.875, 3.162214677450355e-23, nan 
162.875, 86.875, 3.140098013732907e-23, nan 
163.125, 86.875, 3.022643837506996e-23, nan 
163.375, 86.875, 2.827602954178635e-23, nan 
163.625, 86.875, 2.7174517868616616e-23, nan 
163.875, 86.875, 2.371473922404778e-23, nan 
164.125, 86.875, 1.9341694255165673e-23, nan 
164.375, 86.875, 1.4731506212853382e-23, nan 
164.625, 86.875, 1.1512838881414776e-23, nan 
164.875, 86.875, 9.923074817186975e-24, nan 
165.125, 86.875, 1.1206004154761755e-23, nan 
165.375, 86.875, 1.2276064518059718e-23, nan 
165.625, 86.875, 1.401264665936377e-23, nan 
165.875, 86.875, 1.406603322868482e-23, nan 
166.125, 86.875, 1.5557354356373953e-23, nan 
166.375, 86.875, 1.5566656590846192e-23, nan 
166.625, 86.875, 1.523302841595144e-23, nan 
166.875, 86.875, 1.5030344480516574e-23, nan 
167.125, 86.875, 1.4976348810446808e-23, nan 
167.375, 86.875, 1.4502176024154876e-23, nan 
167.625, 86.875, 1.4035777443904706e-23, nan 
167.875, 86.875, 1.3780994729285316e-23, nan 
168.125, 86.875, 1.3216831157176794e-23, nan 
168.375, 86.875, 1.3374369197992237e-23, nan 
168.625, 86.875, 1.317727226503585e-23, nan 
168.875, 86.875, 1.30984766612838e-23, nan 
169.125, 86.875, 1.2912462677356096e-23, nan 
169.375, 86.875, 1.2773522906686741e-23, nan 
169.625, 86.875, 1.2191093275654087e-23, nan 
169.875, 86.875, 1.150305631158086e-23, nan 
170.125, 86.875, 1.101957072337534e-23, nan 
170.375, 86.875, 1.0829203834801283e-23, nan 
170.625, 86.875, 1.0608330590489655e-23, nan 
170.875, 86.875, 9.785854669440793e-24, nan 
171.125, 86.875, 9.327494109003978e-24, nan 
171.375, 86.875, 8.270054403192227e-24, nan 
171.625, 86.875, 5.726529403340356e-24, nan 
171.875, 86.875, 5.401778631131459e-24, nan 
172.125, 86.875, 7.944570680844996e-24, nan 
172.375, 86.875, 1.1620128893891924e-23, nan 
172.625, 86.875, 1.45903884666969e-23, nan 
172.875, 86.875, 1.7488508604540098e-23, nan 
173.125, 86.875, 1.905805114357674e-23, nan 
173.375, 86.875, 1.942499780188603e-23, nan 
173.625, 86.875, 1.937233099388054e-23, nan 
173.875, 86.875, 1.9324318403982288e-23, nan 
174.125, 86.875, 1.9555190545154032e-23, nan 
174.375, 86.875, 1.9615978849500105e-23, nan 
174.625, 86.875, 2.0532127114833325e-23, nan 
174.875, 86.875, 2.221297399610039e-23, nan 
175.125, 86.875, 2.3697706594349742e-23, nan 
175.375, 86.875, 2.257095240183449e-23, nan 
175.625, 86.875, 2.080512378405441e-23, nan 
175.875, 86.875, 1.9908461295667555e-23, nan 
176.125, 86.875, 1.854176739910969e-23, nan 
176.375, 86.875, 1.4930549854629773e-23, nan 
176.625, 86.875, 1.2808078613003582e-23, nan 
176.875, 86.875, 1.3143177940095015e-23, nan 
177.125, 86.875, 1.6105429678228667e-23, nan 
177.375, 86.875, 1.9331730010792382e-23, nan 
177.625, 86.875, 2.094549153222934e-23, nan 
177.875, 86.875, 2.1905645947755365e-23, nan 
178.125, 86.875, 2.1935688194743488e-23, nan 
178.375, 86.875, 2.184500340634983e-23, nan 
178.625, 86.875, 2.1553503420561663e-23, nan 
178.875, 86.875, 2.1302521461054878e-23, nan 
179.125, 86.875, 2.0986965818460366e-23, nan 
179.375, 86.875, 2.063790298978908e-23, nan 
179.625, 86.875, 2.0562770106532015e-23, nan 
179.875, 86.875, 2.0565992983040062e-23, nan 
-179.875, 87.125, 4.8185570107666584e-24, nan 
-179.625, 87.125, 5.113940967809695e-24, nan 
-179.375, 87.125, 5.254213320582117e-24, nan 
-179.125, 87.125, 5.386934936809977e-24, nan 
-178.875, 87.125, 5.5334744250085334e-24, nan 
-178.625, 87.125, 5.595058479969098e-24, nan 
-178.375, 87.125, 5.593285361810882e-24, nan 
-178.125, 87.125, 5.551564605167241e-24, nan 
-177.875, 87.125, 5.4284523934856586e-24, nan 
-177.625, 87.125, 5.163130485900042e-24, nan 
-177.375, 87.125, 4.788131471657822e-24, nan 
-177.125, 87.125, 4.45721038697735e-24, nan 
-176.875, 87.125, 6.005816239791319e-24, nan 
-176.625, 87.125, 6.189740883607053e-24, nan 
-176.375, 87.125, 6.365136426457773e-24, nan 
-176.125, 87.125, 7.049330487624185e-24, nan 
-175.875, 87.125, 5.788046424098022e-24, nan 
-175.625, 87.125, 6.453935530503659e-24, nan 
-175.375, 87.125, 9.058071104310318e-24, nan 
-175.125, 87.125, 1.0083531332118808e-23, nan 
-174.875, 87.125, 1.0805444614792316e-23, nan 
-174.625, 87.125, 1.1416471962297423e-23, nan 
-174.375, 87.125, 1.1815545707132855e-23, nan 
-174.125, 87.125, 1.1069505212724396e-23, nan 
-173.875, 87.125, 8.875490493111838e-24, nan 
-173.625, 87.125, 7.694209721917251e-24, nan 
-173.375, 87.125, 7.04186917776891e-24, nan 
-173.125, 87.125, 1.018085084749428e-23, nan 
-172.875, 87.125, 1.0954067482645016e-23, nan 
-172.625, 87.125, 1.1400454319505625e-23, nan 
-172.375, 87.125, 1.1358413317328945e-23, nan 
-172.125, 87.125, 1.1081653569267371e-23, nan 
-171.875, 87.125, 1.1240159725037982e-23, nan 
-171.625, 87.125, 1.1366142126779335e-23, nan 
-171.375, 87.125, 1.1596655684334582e-23, nan 
-171.125, 87.125, 1.1834927115350651e-23, nan 
-170.875, 87.125, 1.216522633831432e-23, nan 
-170.625, 87.125, 1.2661247997713694e-23, nan 
-170.375, 87.125, 1.350003172158538e-23, nan 
-170.125, 87.125, 1.463799111569155e-23, nan 
-169.875, 87.125, 1.6065923431290578e-23, nan 
-169.625, 87.125, 1.7183963779791136e-23, nan 
-169.375, 87.125, 1.5012795877684904e-23, nan 
-169.125, 87.125, 1.4199979824870006e-23, nan 
-168.875, 87.125, 1.4025767733586785e-23, nan 
-168.625, 87.125, 1.404129046941329e-23, nan 
-168.375, 87.125, 1.4019742525680375e-23, nan 
-168.125, 87.125, 1.419839721903314e-23, nan 
-167.875, 87.125, 1.3762773057777707e-23, nan 
-167.625, 87.125, 1.2478153963565736e-23, nan 
-167.375, 87.125, 1.1444173582016044e-23, nan 
-167.125, 87.125, 1.0685023102603087e-23, nan 
-166.875, 87.125, 1.0300596230078245e-23, nan 
-166.625, 87.125, 1.0046599111720508e-23, nan 
-166.375, 87.125, 9.884217231570903e-24, nan 
-166.125, 87.125, 1.0123468021726537e-23, nan 
-165.875, 87.125, 1.1833005908603043e-23, nan 
-165.625, 87.125, 9.238591794251269e-24, nan 
-165.375, 87.125, 8.672870109309649e-24, nan 
-165.125, 87.125, 9.384637337613757e-24, nan 
-164.875, 87.125, 1.090880860551207e-23, nan 
-164.625, 87.125, 1.1502397104026472e-23, nan 
-164.375, 87.125, 1.1727296703078654e-23, nan 
-164.125, 87.125, 1.170138499539841e-23, nan 
-163.875, 87.125, 1.1657705449124644e-23, nan 
-163.625, 87.125, 1.1261800106806759e-23, nan 
-163.375, 87.125, 1.0726415424481787e-23, nan 
-163.125, 87.125, 1.0384840517474367e-23, nan 
-162.875, 87.125, 9.539863073897316e-24, nan 
-162.625, 87.125, 8.905864954178278e-24, nan 
-162.375, 87.125, 8.454860149565265e-24, nan 
-162.125, 87.125, 8.203494581475454e-24, nan 
-161.875, 87.125, 7.997188628835834e-24, nan 
-161.625, 87.125, 7.719192328634999e-24, nan 
-161.375, 87.125, 7.231467567439852e-24, nan 
-161.125, 87.125, 6.745091739200299e-24, nan 
-160.875, 87.125, 5.889252380597353e-24, nan 
-160.625, 87.125, 4.828621185632177e-24, nan 
-160.375, 87.125, 3.7883817626894344e-24, nan 
-160.125, 87.125, 2.67627253049052e-24, nan 
-159.875, 87.125, 2.000886506148688e-24, nan 
-159.625, 87.125, 1.9642192957786e-24, nan 
2.375, 87.125, 5.071892826614345e-24, nan 
2.625, 87.125, 5.6425559836782974e-24, nan 
2.875, 87.125, 6.0895112884424456e-24, nan 
3.125, 87.125, 6.358245151114975e-24, nan 
3.375, 87.125, 7.161793622604094e-24, nan 
3.625, 87.125, 8.237824800339925e-24, nan 
3.875, 87.125, 9.366734411829148e-24, nan 
4.125, 87.125, 9.582322557715023e-24, nan 
4.375, 87.125, 9.555219996707937e-24, nan 
4.625, 87.125, 9.405205984645183e-24, nan 
4.875, 87.125, 9.155429898903474e-24, nan 
5.125, 87.125, 8.912961211606226e-24, nan 
5.375, 87.125, 8.373939081593277e-24, nan 
5.625, 87.125, 7.536937508968785e-24, nan 
5.875, 87.125, 6.337255955039384e-24, nan 
6.125, 87.125, 5.578055125673082e-24, nan 
6.375, 87.125, 4.961527801728384e-24, nan 
6.625, 87.125, 4.291093707311706e-24, nan 
6.875, 87.125, 3.81415680317005e-24, nan 
7.125, 87.125, 3.428869359738321e-24, nan 
7.375, 87.125, 3.287737942114607e-24, nan 
7.625, 87.125, 3.1636164690487118e-24, nan 
7.875, 87.125, 3.0634256729916463e-24, nan 
8.125, 87.125, 2.962162853243045e-24, nan 
8.375, 87.125, 2.835662969081822e-24, nan 
8.625, 87.125, 2.7369248951538925e-24, nan 
8.875, 87.125, 2.6519629491346194e-24, nan 
9.125, 87.125, 2.5550117533753546e-24, nan 
9.375, 87.125, 2.4807556931001015e-24, nan 
9.625, 87.125, 2.4186125545545032e-24, nan 
9.875, 87.125, 2.328210172532191e-24, nan 
10.125, 87.125, 2.2029117912011897e-24, nan 
10.375, 87.125, 2.101419877931602e-24, nan 
10.625, 87.125, 1.994761336631565e-24, nan 
10.875, 87.125, 1.9187877729525545e-24, nan 
11.125, 87.125, 1.8278035056697537e-24, nan 
11.375, 87.125, 1.36932557260012e-24, nan 
11.625, 87.125, 1.535350398371261e-24, nan 
11.875, 87.125, 2.773121736938756e-24, nan 
12.125, 87.125, 4.080850567510972e-24, nan 
12.375, 87.125, 5.5244812253079895e-24, nan 
12.625, 87.125, 5.226448849953723e-24, nan 
12.875, 87.125, 3.279848517681657e-24, nan 
13.125, 87.125, 3.740467630835396e-24, nan 
13.375, 87.125, 2.2608403853875806e-24, nan 
13.625, 87.125, 1.5426304524750073e-24, nan 
13.875, 87.125, 1.4438000811539837e-24, nan 
14.125, 87.125, 4.5278370658188836e-24, nan 
14.375, 87.125, 3.6053713571507445e-24, nan 
14.625, 87.125, 3.883857061259216e-24, nan 
14.875, 87.125, 4.298969503606239e-24, nan 
15.125, 87.125, 4.943495058403268e-24, nan 
15.375, 87.125, 5.5361582302151596e-24, nan 
15.625, 87.125, 5.5143815796671415e-24, nan 
15.875, 87.125, 4.220967085798648e-24, nan 
16.125, 87.125, 4.930549512749889e-24, nan 
16.375, 87.125, 4.744610408000662e-24, nan 
16.625, 87.125, 4.482123940576033e-24, nan 
16.875, 87.125, 3.743383502583216e-24, nan 
17.125, 87.125, 3.687254429048565e-24, nan 
17.375, 87.125, 4.025837632571456e-24, nan 
17.625, 87.125, 4.16054052252586e-24, nan 
17.875, 87.125, 4.1052020988505344e-24, nan 
18.125, 87.125, 4.234211603539303e-24, nan 
18.375, 87.125, 4.44408195909787e-24, nan 
18.625, 87.125, 3.572669675585164e-24, nan 
18.875, 87.125, 3.894717366833031e-24, nan 
19.125, 87.125, 4.760621871557752e-24, nan 
19.375, 87.125, 5.970743923532325e-24, nan 
19.625, 87.125, 7.125811500450968e-24, nan 
19.875, 87.125, 8.521284015672019e-24, nan 
20.125, 87.125, 9.414000417849964e-24, nan 
20.375, 87.125, 9.370584139252415e-24, nan 
20.625, 87.125, 9.335735106155317e-24, nan 
20.875, 87.125, 9.365996338641467e-24, nan 
21.125, 87.125, 9.404674345714005e-24, nan 
21.375, 87.125, 9.299732789515408e-24, nan 
21.625, 87.125, 9.170871196729164e-24, nan 
21.875, 87.125, 9.36392743412092e-24, nan 
22.125, 87.125, 8.962555535496889e-24, nan 
22.375, 87.125, 8.079531443112523e-24, nan 
22.625, 87.125, 7.047803837147566e-24, nan 
22.875, 87.125, 5.7603424562361044e-24, nan 
23.125, 87.125, 4.709785113478619e-24, nan 
23.375, 87.125, 4.6086237654043645e-24, nan 
23.625, 87.125, 5.1090724026534465e-24, nan 
23.875, 87.125, 6.053131290566114e-24, nan 
24.125, 87.125, 7.181828343051387e-24, nan 
24.375, 87.125, 7.879491929009415e-24, nan 
24.625, 87.125, 8.533315795953303e-24, nan 
24.875, 87.125, 9.04708653028511e-24, nan 
25.125, 87.125, 9.220930587109997e-24, nan 
25.375, 87.125, 9.36432219639249e-24, nan 
25.625, 87.125, 9.544154442576706e-24, nan 
25.875, 87.125, 9.55258206033306e-24, nan 
26.125, 87.125, 9.898561071135298e-24, nan 
26.375, 87.125, 1.02239676637605e-23, nan 
26.625, 87.125, 1.1081665590060556e-23, nan 
26.875, 87.125, 9.814330035460467e-24, nan 
27.125, 87.125, 8.346618980286979e-24, nan 
27.375, 87.125, 7.497227986923051e-24, nan 
27.625, 87.125, 6.487502815307956e-24, nan 
27.875, 87.125, 5.352315660655588e-24, nan 
28.125, 87.125, 4.4849910024388335e-24, nan 
28.375, 87.125, 3.9452594152519076e-24, nan 
28.625, 87.125, 3.610807763609474e-24, nan 
28.875, 87.125, 3.271981783781191e-24, nan 
29.125, 87.125, 3.122209438401985e-24, nan 
29.375, 87.125, 2.903412882451524e-24, nan 
29.625, 87.125, 2.7474015636989274e-24, nan 
29.875, 87.125, 2.555249186619008e-24, nan 
30.125, 87.125, 2.4239182883174757e-24, nan 
30.375, 87.125, 2.2398367612817e-24, nan 
30.625, 87.125, 1.6996726604959584e-24, nan 
30.875, 87.125, 1.3783348899415457e-24, nan 
31.125, 87.125, 1.2214470253549477e-24, nan 
31.375, 87.125, 1.3129735226253612e-24, nan 
31.625, 87.125, 1.368323964298592e-24, nan 
31.875, 87.125, 1.5204018547777128e-24, nan 
32.125, 87.125, 1.6299327791685867e-24, nan 
32.375, 87.125, 1.8163332203946215e-24, nan 
32.625, 87.125, 1.9775497280863285e-24, nan 
32.875, 87.125, 2.1695664346484243e-24, nan 
33.125, 87.125, 2.4080735741152123e-24, nan 
33.375, 87.125, 2.6326636939435487e-24, nan 
33.625, 87.125, 2.879448524814993e-24, nan 
33.875, 87.125, 3.346329028902686e-24, nan 
34.125, 87.125, 4.323174690526838e-24, nan 
34.375, 87.125, 5.336922842842022e-24, nan 
34.625, 87.125, 4.0208923773381885e-24, nan 
34.875, 87.125, 3.545419677667713e-24, nan 
35.125, 87.125, 4.0196315646906926e-24, nan 
35.375, 87.125, 4.824055133559165e-24, nan 
35.625, 87.125, 3.2480371051711164e-24, nan 
35.875, 87.125, 2.5414545068710927e-24, nan 
36.125, 87.125, 2.2299163648548736e-24, nan 
36.375, 87.125, 2.1009408877894005e-24, nan 
36.625, 87.125, 1.9363593227826992e-24, nan 
36.875, 87.125, 1.8281927769141884e-24, nan 
37.125, 87.125, 1.752693643349734e-24, nan 
37.375, 87.125, 1.7293650966030944e-24, nan 
37.625, 87.125, 1.8384383965034262e-24, nan 
37.875, 87.125, 2.194380389616397e-24, nan 
38.125, 87.125, 2.5032619304396317e-24, nan 
38.375, 87.125, 2.780643487458401e-24, nan 
38.625, 87.125, 3.075392352376919e-24, nan 
38.875, 87.125, 3.2929262328344134e-24, nan 
39.125, 87.125, 3.42061603267552e-24, nan 
39.375, 87.125, 3.6775215989137795e-24, nan 
39.625, 87.125, 4.1782626308812296e-24, nan 
39.875, 87.125, 4.1239982608291936e-24, nan 
40.125, 87.125, 4.029382731922676e-24, nan 
40.375, 87.125, 3.989103250802244e-24, nan 
40.625, 87.125, 3.832986582083325e-24, nan 
40.875, 87.125, 3.1001634315305825e-24, nan 
41.125, 87.125, 3.413058804221255e-24, nan 
41.375, 87.125, 2.1820575351931087e-24, nan 
41.625, 87.125, 1.822277250051645e-24, nan 
41.875, 87.125, 2.1857419732194777e-24, nan 
42.125, 87.125, 3.586609387830846e-24, nan 
42.375, 87.125, 4.121469830731654e-24, nan 
42.625, 87.125, 4.6298331383618174e-24, nan 
42.875, 87.125, 5.148504662451569e-24, nan 
43.125, 87.125, 5.7731234360886e-24, nan 
43.375, 87.125, 6.256422295412926e-24, nan 
43.625, 87.125, 6.877922981677964e-24, nan 
43.875, 87.125, 7.446241526387632e-24, nan 
44.125, 87.125, 7.81260909488223e-24, nan 
44.375, 87.125, 8.098484972459561e-24, nan 
44.625, 87.125, 8.319974125736752e-24, nan 
44.875, 87.125, 8.286663159852025e-24, nan 
45.125, 87.125, 7.965091366561764e-24, nan 
45.375, 87.125, 7.838492114706711e-24, nan 
45.625, 87.125, 6.2139332996083136e-24, nan 
45.875, 87.125, 5.0405728569049375e-24, nan 
46.125, 87.125, 4.746821114343196e-24, nan 
46.375, 87.125, 5.348308376716605e-24, nan 
46.625, 87.125, 5.9220259091340655e-24, nan 
46.875, 87.125, 6.296167250984985e-24, nan 
47.125, 87.125, 6.648543046149454e-24, nan 
47.375, 87.125, 7.013176191012188e-24, nan 
47.625, 87.125, 7.377976480667616e-24, nan 
47.875, 87.125, 7.771018835298235e-24, nan 
48.125, 87.125, 8.181674648500578e-24, nan 
48.375, 87.125, 8.574633614372843e-24, nan 
48.625, 87.125, 8.955182680211166e-24, nan 
48.875, 87.125, 9.336192819597515e-24, nan 
49.125, 87.125, 9.60632580504931e-24, nan 
49.375, 87.125, 9.840342326267822e-24, nan 
49.625, 87.125, 1.0004828125442424e-23, nan 
49.875, 87.125, 1.0045993360625914e-23, nan 
50.125, 87.125, 1.0035064197801377e-23, nan 
50.375, 87.125, 9.549133628498595e-24, nan 
50.625, 87.125, 9.103792575086013e-24, nan 
50.875, 87.125, 8.515877683331217e-24, nan 
51.125, 87.125, 8.089111635572376e-24, nan 
51.375, 87.125, 7.79443205329551e-24, nan 
51.625, 87.125, 7.77386624851163e-24, nan 
51.875, 87.125, 7.884039779766905e-24, nan 
52.125, 87.125, 7.990285311467841e-24, nan 
52.375, 87.125, 8.401992547341918e-24, nan 
52.625, 87.125, 8.935410577258206e-24, nan 
52.875, 87.125, 9.779589986130132e-24, nan 
53.125, 87.125, 1.0463630537444915e-23, nan 
53.375, 87.125, 1.1331446294406406e-23, nan 
53.625, 87.125, 1.1721604224523042e-23, nan 
53.875, 87.125, 1.1904981277077271e-23, nan 
54.125, 87.125, 1.2568901524658105e-23, nan 
54.375, 87.125, 1.4986141758384702e-23, nan 
54.625, 87.125, 1.3031727834408006e-23, nan 
54.875, 87.125, 1.2228985579077316e-23, nan 
55.125, 87.125, 1.4260075806938417e-23, nan 
55.375, 87.125, 1.6077957998229744e-23, nan 
55.625, 87.125, 1.3176263095662116e-23, nan 
55.875, 87.125, 1.5312920730745152e-23, nan 
56.125, 87.125, 1.6744067576404333e-23, nan 
56.375, 87.125, 1.7603933121131255e-23, nan 
56.625, 87.125, 1.7933204319080738e-23, nan 
56.875, 87.125, 1.8518211782769468e-23, nan 
57.125, 87.125, 1.922838190868997e-23, nan 
57.375, 87.125, 1.5921057167937668e-23, nan 
57.625, 87.125, 1.5232055189027634e-23, nan 
57.875, 87.125, 1.549032413347076e-23, nan 
58.125, 87.125, 1.631577199009474e-23, nan 
58.375, 87.125, 1.730628250554044e-23, nan 
58.625, 87.125, 1.859646291254608e-23, nan 
58.875, 87.125, 2.022638158805781e-23, nan 
59.125, 87.125, 2.1073502180007792e-23, nan 
59.375, 87.125, 2.2029805561302538e-23, nan 
59.625, 87.125, 2.2849987240188626e-23, nan 
59.875, 87.125, 2.3794973982937953e-23, nan 
60.125, 87.125, 2.4254185531838743e-23, nan 
60.375, 87.125, 2.4683117613967835e-23, nan 
60.625, 87.125, 2.5000481461636058e-23, nan 
60.875, 87.125, 2.4922439071779374e-23, nan 
61.125, 87.125, 2.458705310654299e-23, nan 
61.375, 87.125, 2.3797541159579433e-23, nan 
61.625, 87.125, 2.3409548612964673e-23, nan 
61.875, 87.125, 2.3088003637470199e-23, nan 
62.125, 87.125, 2.367702278840684e-23, nan 
62.375, 87.125, 2.745171043513993e-23, nan 
62.625, 87.125, 2.662856591484326e-23, nan 
62.875, 87.125, 2.2185439005907755e-23, nan 
63.125, 87.125, 1.8643268945613125e-23, nan 
63.375, 87.125, 1.8838170098112797e-23, nan 
63.625, 87.125, 2.103823507268223e-23, nan 
63.875, 87.125, 2.2868084340332844e-23, nan 
64.125, 87.125, 2.4719012430323532e-23, nan 
64.375, 87.125, 2.6005512705701582e-23, nan 
64.625, 87.125, 2.7225065494194483e-23, nan 
64.875, 87.125, 2.831078350872308e-23, nan 
65.125, 87.125, 2.9207828222760934e-23, nan 
65.375, 87.125, 2.994083244633568e-23, nan 
65.625, 87.125, 3.038263533318195e-23, nan 
65.875, 87.125, 3.074085559531487e-23, nan 
66.125, 87.125, 3.085941161516518e-23, nan 
66.375, 87.125, 3.1010082524693525e-23, nan 
66.625, 87.125, 3.104274756623045e-23, nan 
66.875, 87.125, 3.093737007913753e-23, nan 
67.125, 87.125, 3.087560324765271e-23, nan 
67.375, 87.125, 2.9976736874431565e-23, nan 
67.625, 87.125, 2.735494633291432e-23, nan 
67.875, 87.125, 2.5064763134818595e-23, nan 
68.125, 87.125, 2.3791993022101223e-23, nan 
68.375, 87.125, 2.134490707615254e-23, nan 
68.625, 87.125, 1.663049837807281e-23, nan 
68.875, 87.125, 1.3585958241361333e-23, nan 
69.125, 87.125, 1.1048309611906312e-23, nan 
69.375, 87.125, 9.591116574471893e-24, nan 
69.625, 87.125, 9.534124442399775e-24, nan 
69.875, 87.125, 9.190029094700552e-24, nan 
70.125, 87.125, 9.188674625517789e-24, nan 
70.375, 87.125, 9.333093692729948e-24, nan 
70.625, 87.125, 9.543580949874473e-24, nan 
70.875, 87.125, 1.0247058134281932e-23, nan 
71.125, 87.125, 1.09109086954367e-23, nan 
71.375, 87.125, 1.0956369861769656e-23, nan 
71.625, 87.125, 1.1416865881000375e-23, nan 
71.875, 87.125, 1.1856736378157356e-23, nan 
72.125, 87.125, 1.2193362865162139e-23, nan 
72.375, 87.125, 1.2408926562891435e-23, nan 
72.625, 87.125, 1.2684105488400759e-23, nan 
72.875, 87.125, 1.3233324068633408e-23, nan 
73.125, 87.125, 1.3511580161158898e-23, nan 
73.375, 87.125, 1.352421503904437e-23, nan 
73.625, 87.125, 1.2850226133285221e-23, nan 
73.875, 87.125, 1.2836915035030007e-23, nan 
74.125, 87.125, 1.4552911700979256e-23, nan 
74.375, 87.125, 1.5088462350499196e-23, nan 
74.625, 87.125, 1.4671658339253456e-23, nan 
74.875, 87.125, 1.5103160492460055e-23, nan 
75.125, 87.125, 1.4751427129302605e-23, nan 
75.375, 87.125, 1.2759148867971933e-23, nan 
75.625, 87.125, 1.6605352085572758e-23, nan 
75.875, 87.125, 1.570015915730067e-23, nan 
76.125, 87.125, 1.5459063974891597e-23, nan 
76.375, 87.125, 1.5622669101906113e-23, nan 
76.625, 87.125, 1.5896268968980765e-23, nan 
76.875, 87.125, 1.6370915791600967e-23, nan 
77.125, 87.125, 1.6502890366103636e-23, nan 
77.375, 87.125, 1.6287319902402326e-23, nan 
77.625, 87.125, 1.4627045651474538e-23, nan 
77.875, 87.125, 1.3573990195463392e-23, nan 
78.125, 87.125, 1.2825105720377105e-23, nan 
78.375, 87.125, 1.1994477990206671e-23, nan 
78.625, 87.125, 1.3104988657648e-23, nan 
78.875, 87.125, 1.3459225037691515e-23, nan 
79.125, 87.125, 2.5364236722592295e-23, nan 
79.375, 87.125, 2.8107469164194775e-23, nan 
79.625, 87.125, 2.9011402085885726e-23, nan 
79.875, 87.125, 2.935602778713256e-23, nan 
80.125, 87.125, 2.958126229864306e-23, nan 
80.375, 87.125, 2.093287699492766e-23, nan 
80.625, 87.125, 1.7469442926817513e-23, nan 
80.875, 87.125, 1.6367385553554098e-23, nan 
81.125, 87.125, 1.6512572303845807e-23, nan 
81.375, 87.125, 1.7470856138733285e-23, nan 
81.625, 87.125, 2.0832851933613634e-23, nan 
81.875, 87.125, 2.7317322548308333e-23, nan 
82.125, 87.125, 2.9434481208351044e-23, nan 
82.375, 87.125, 2.2401003819894337e-23, nan 
82.625, 87.125, 1.7488967324455248e-23, nan 
82.875, 87.125, 1.520564645667698e-23, nan 
83.125, 87.125, 1.4763065509139116e-23, nan 
83.375, 87.125, 1.4160490870111442e-23, nan 
83.625, 87.125, 1.3418172505034648e-23, nan 
83.875, 87.125, 1.356850690679022e-23, nan 
84.125, 87.125, 1.4255715471189598e-23, nan 
84.375, 87.125, 1.7563099619425618e-23, nan 
84.625, 87.125, 2.6307279754669692e-23, nan 
84.875, 87.125, 2.6217024612484676e-23, nan 
85.125, 87.125, 2.6246975394734365e-23, nan 
85.375, 87.125, 2.651652281682592e-23, nan 
85.625, 87.125, 2.6978963570248794e-23, nan 
85.875, 87.125, 2.7303328947231295e-23, nan 
86.125, 87.125, 2.8105204314033153e-23, nan 
86.375, 87.125, 2.8888325547508036e-23, nan 
86.625, 87.125, 2.9567628550762103e-23, nan 
86.875, 87.125, 2.991461766510019e-23, nan 
87.125, 87.125, 2.766801671586714e-23, nan 
87.375, 87.125, 2.0039286881832472e-23, nan 
87.625, 87.125, 1.7123414820577128e-23, nan 
87.875, 87.125, 1.6439876718893318e-23, nan 
88.125, 87.125, 1.646777961870558e-23, nan 
88.375, 87.125, 1.6898779087500483e-23, nan 
88.625, 87.125, 1.760181642557971e-23, nan 
88.875, 87.125, 1.832864279327806e-23, nan 
89.125, 87.125, 1.974465600949596e-23, nan 
89.375, 87.125, 2.087416382409158e-23, nan 
89.625, 87.125, 2.0991220517889465e-23, nan 
89.875, 87.125, 2.1493814284312055e-23, nan 
90.125, 87.125, 2.1806448659832907e-23, nan 
90.375, 87.125, 2.241519745124583e-23, nan 
90.625, 87.125, 2.2904884135606258e-23, nan 
90.875, 87.125, 2.298117664208244e-23, nan 
91.125, 87.125, 2.1984457675452102e-23, nan 
91.375, 87.125, 2.1565310989389908e-23, nan 
91.625, 87.125, 2.1814278766945207e-23, nan 
91.875, 87.125, 2.3364906487673716e-23, nan 
92.125, 87.125, 2.6111156187889692e-23, nan 
92.375, 87.125, 3.2349634755911e-23, nan 
92.625, 87.125, 3.036548806391193e-23, nan 
92.875, 87.125, 2.791946668921663e-23, nan 
93.125, 87.125, 2.5233005576919835e-23, nan 
93.375, 87.125, 2.4092808999331806e-23, nan 
93.625, 87.125, 2.3689622052461334e-23, nan 
93.875, 87.125, 2.5569694356520614e-23, nan 
94.125, 87.125, 2.842169455303206e-23, nan 
94.375, 87.125, 2.991023343593816e-23, nan 
94.625, 87.125, 3.223072074431658e-23, nan 
94.875, 87.125, 3.394738193622773e-23, nan 
95.125, 87.125, 3.5429924749386724e-23, nan 
95.375, 87.125, 3.6413653213426505e-23, nan 
95.625, 87.125, 3.6889429612489744e-23, nan 
95.875, 87.125, 3.6552094138924673e-23, nan 
96.125, 87.125, 3.6241537550996586e-23, nan 
96.375, 87.125, 3.6454368567595553e-23, nan 
96.625, 87.125, 3.730347553915005e-23, nan 
96.875, 87.125, 3.782304162985317e-23, nan 
97.125, 87.125, 3.831714940688217e-23, nan 
97.375, 87.125, 3.732372746571253e-23, nan 
97.625, 87.125, 3.632708146522126e-23, nan 
97.875, 87.125, 3.463467402648522e-23, nan 
98.125, 87.125, 3.3574929520159126e-23, nan 
98.375, 87.125, 3.2145743110114365e-23, nan 
98.625, 87.125, 3.086837979263236e-23, nan 
98.875, 87.125, 3.0200919624792686e-23, nan 
99.125, 87.125, 2.975876919864386e-23, nan 
99.375, 87.125, 2.9156693400090904e-23, nan 
99.625, 87.125, 2.8765233381942484e-23, nan 
99.875, 87.125, 2.8553204045633114e-23, nan 
100.125, 87.125, 2.850370114750498e-23, nan 
100.375, 87.125, 2.842610644452143e-23, nan 
100.625, 87.125, 2.842393230666989e-23, nan 
100.875, 87.125, 2.852636145984754e-23, nan 
101.125, 87.125, 2.9297155730304e-23, nan 
101.375, 87.125, 2.9277526952225345e-23, nan 
101.625, 87.125, 2.919406355675047e-23, nan 
101.875, 87.125, 2.8610077425611386e-23, nan 
102.125, 87.125, 2.952890917239607e-23, nan 
102.375, 87.125, 2.850728370448476e-23, nan 
102.625, 87.125, 2.7417266797740546e-23, nan 
102.875, 87.125, 2.7078101073020426e-23, nan 
103.125, 87.125, 2.6816486837164926e-23, nan 
103.375, 87.125, 2.620624193548891e-23, nan 
103.625, 87.125, 2.6344212541427185e-23, nan 
103.875, 87.125, 2.674664056562846e-23, nan 
104.125, 87.125, 2.794554542905429e-23, nan 
104.375, 87.125, 2.3977756745984852e-23, nan 
104.625, 87.125, 2.5505424014520764e-23, nan 
104.875, 87.125, 2.3241680613242778e-23, nan 
105.125, 87.125, 2.3200649708395296e-23, nan 
105.375, 87.125, 2.3575168286631308e-23, nan 
105.625, 87.125, 2.3001027951936503e-23, nan 
105.875, 87.125, 2.1053644748080942e-23, nan 
106.125, 87.125, 2.1016777953770857e-23, nan 
106.375, 87.125, 1.8889032994723544e-23, nan 
106.625, 87.125, 1.6656475386873847e-23, nan 
106.875, 87.125, 1.253161953034036e-23, nan 
107.125, 87.125, 1.0952720158044169e-23, nan 
107.375, 87.125, 1.0172898783227729e-23, nan 
107.625, 87.125, 1.3409288851768863e-23, nan 
107.875, 87.125, 1.8058375236778137e-23, nan 
108.125, 87.125, 1.295618806103902e-23, nan 
108.375, 87.125, 1.0589546087326484e-23, nan 
108.625, 87.125, 1.2449281226438327e-23, nan 
108.875, 87.125, 1.0235345462894266e-23, nan 
109.125, 87.125, 8.34277189067816e-24, nan 
109.375, 87.125, 6.3587674409267544e-24, nan 
109.625, 87.125, 1.2264029925003865e-23, nan 
109.875, 87.125, 1.1285323252367955e-23, nan 
110.125, 87.125, 1.1260315422269497e-23, nan 
110.375, 87.125, 1.0064520076847548e-23, nan 
110.625, 87.125, 8.50867000243008e-24, nan 
110.875, 87.125, 7.459596865302226e-24, nan 
111.125, 87.125, 6.954874118780854e-24, nan 
111.375, 87.125, 6.69666201309252e-24, nan 
111.625, 87.125, 6.679956598163594e-24, nan 
111.875, 87.125, 6.772087984784496e-24, nan 
112.125, 87.125, 6.759014920440893e-24, nan 
112.375, 87.125, 6.501734976389968e-24, nan 
112.625, 87.125, 5.829481962744354e-24, nan 
112.875, 87.125, 5.467123436557452e-24, nan 
113.125, 87.125, 6.295718249874763e-24, nan 
113.375, 87.125, 1.0071249505833911e-23, nan 
113.625, 87.125, 1.1332031094673333e-23, nan 
113.875, 87.125, 1.4530087676763348e-23, nan 
114.125, 87.125, 1.4393965470351886e-23, nan 
114.375, 87.125, 9.416180538776233e-24, nan 
114.625, 87.125, 6.223425858836718e-24, nan 
114.875, 87.125, 1.1270486720350545e-23, nan 
115.125, 87.125, 1.4084117518536654e-23, nan 
115.375, 87.125, 1.6005711347060173e-23, nan 
115.625, 87.125, 1.7280237594951786e-23, nan 
115.875, 87.125, 1.81490750509988e-23, nan 
116.125, 87.125, 1.869972250615957e-23, nan 
116.375, 87.125, 8.80558032774818e-24, nan 
116.625, 87.125, 8.75718437501206e-24, nan 
116.875, 87.125, 7.825718949753238e-24, nan 
117.125, 87.125, 7.491188293862233e-24, nan 
117.375, 87.125, 5.746845216676759e-24, nan 
117.625, 87.125, 7.481878536350008e-24, nan 
117.875, 87.125, 1.3091484961949735e-23, nan 
118.125, 87.125, 1.588235343523184e-23, nan 
118.375, 87.125, 1.731175687351079e-23, nan 
118.625, 87.125, 1.8927205316525005e-23, nan 
118.875, 87.125, 2.0009559466055426e-23, nan 
119.125, 87.125, 2.047364054042491e-23, nan 
119.375, 87.125, 1.440214499890044e-23, nan 
119.625, 87.125, 1.1713471436473673e-23, nan 
119.875, 87.125, 1.0116620239056996e-23, nan 
120.125, 87.125, 9.087582006321555e-24, nan 
120.375, 87.125, 5.673146761613178e-24, nan 
120.625, 87.125, 4.651219211639893e-24, nan 
120.875, 87.125, 5.842426596890827e-24, nan 
121.125, 87.125, 4.946646632347896e-24, nan 
121.375, 87.125, 3.5165564530613655e-24, nan 
121.625, 87.125, 6.907988929582013e-24, nan 
121.875, 87.125, 1.3927696790591947e-23, nan 
122.125, 87.125, 1.6596890733704235e-23, nan 
122.375, 87.125, 1.7512367944000092e-23, nan 
122.625, 87.125, 1.764200887995075e-23, nan 
122.875, 87.125, 1.713922192378385e-23, nan 
123.125, 87.125, 1.650466556773799e-23, nan 
123.375, 87.125, 1.5272428806538517e-23, nan 
123.625, 87.125, 1.3860158062331306e-23, nan 
123.875, 87.125, 1.2505929351847937e-23, nan 
124.125, 87.125, 1.001751824904539e-23, nan 
124.375, 87.125, 8.352110579427634e-24, nan 
124.625, 87.125, 1.4997262913481678e-23, nan 
124.875, 87.125, 1.7432038415770964e-23, nan 
125.125, 87.125, 1.2755105450904267e-23, nan 
125.375, 87.125, 1.3773786123552816e-23, nan 
125.625, 87.125, 1.5269963129534363e-23, nan 
125.875, 87.125, 1.612542492470247e-23, nan 
126.125, 87.125, 1.617555461680831e-23, nan 
126.375, 87.125, 1.547024901567243e-23, nan 
126.625, 87.125, 1.4407949721037301e-23, nan 
126.875, 87.125, 1.420431399518052e-23, nan 
127.125, 87.125, 1.4823405027408015e-23, nan 
127.375, 87.125, 1.5923990884173006e-23, nan 
127.625, 87.125, 1.8332798461463445e-23, nan 
127.875, 87.125, 2.2211021352215933e-23, nan 
128.125, 87.125, 2.1603383441434477e-23, nan 
128.375, 87.125, 1.8278554369712385e-23, nan 
128.625, 87.125, 1.7131408316728314e-23, nan 
128.875, 87.125, 1.6831701558861274e-23, nan 
129.125, 87.125, 1.6695706754017317e-23, nan 
129.375, 87.125, 1.7024320464647929e-23, nan 
129.625, 87.125, 1.7174519737574504e-23, nan 
129.875, 87.125, 1.7516833520334087e-23, nan 
130.125, 87.125, 1.8730590889177738e-23, nan 
130.375, 87.125, 2.1839649555964518e-23, nan 
130.625, 87.125, 2.8305178206780814e-23, nan 
130.875, 87.125, 2.9010866591563975e-23, nan 
131.125, 87.125, 2.8424827588895967e-23, nan 
131.375, 87.125, 2.840022336204653e-23, nan 
131.625, 87.125, 2.8276069752804604e-23, nan 
131.875, 87.125, 2.863663978844988e-23, nan 
132.125, 87.125, 2.912452776004558e-23, nan 
132.375, 87.125, 2.9856291663595735e-23, nan 
132.625, 87.125, 2.983241427626423e-23, nan 
132.875, 87.125, 2.994979018583064e-23, nan 
133.125, 87.125, 2.980967253338939e-23, nan 
133.375, 87.125, 2.9452064979750066e-23, nan 
133.625, 87.125, 2.837484529487125e-23, nan 
133.875, 87.125, 2.6895849439230635e-23, nan 
134.125, 87.125, 2.0458246791977492e-23, nan 
134.375, 87.125, 1.7479307896521852e-23, nan 
134.625, 87.125, 1.6285592670781416e-23, nan 
134.875, 87.125, 1.5294496674489635e-23, nan 
135.125, 87.125, 1.4516857998169876e-23, nan 
135.375, 87.125, 1.3428590936017346e-23, nan 
135.625, 87.125, 1.2409839515813923e-23, nan 
135.875, 87.125, 1.1846099346627539e-23, nan 
136.125, 87.125, 1.2196161418485654e-23, nan 
136.375, 87.125, 1.3591728960602422e-23, nan 
136.625, 87.125, 1.8088805560938086e-23, nan 
136.875, 87.125, 2.5691533565411546e-23, nan 
137.125, 87.125, 1.8087486308246738e-23, nan 
137.375, 87.125, 1.4471692126982196e-23, nan 
137.625, 87.125, 1.3974420406602744e-23, nan 
137.875, 87.125, 1.4372664030145164e-23, nan 
138.125, 87.125, 1.564910534928521e-23, nan 
138.375, 87.125, 1.7400935851337083e-23, nan 
138.625, 87.125, 1.931899287601617e-23, nan 
138.875, 87.125, 2.0694703494423844e-23, nan 
139.125, 87.125, 2.2172643369902083e-23, nan 
139.375, 87.125, 2.2254941367397808e-23, nan 
139.625, 87.125, 2.1731933842844743e-23, nan 
139.875, 87.125, 2.152632061710389e-23, nan 
140.125, 87.125, 2.1408731514854498e-23, nan 
140.375, 87.125, 2.0363299632992813e-23, nan 
140.625, 87.125, 2.1168886898318718e-23, nan 
140.875, 87.125, 2.6142326074792134e-23, nan 
141.125, 87.125, 2.7240408534042355e-23, nan 
141.375, 87.125, 2.816410994223398e-23, nan 
141.625, 87.125, 2.90280856195558e-23, nan 
141.875, 87.125, 2.9504981043338056e-23, nan 
142.125, 87.125, 2.9795133148391556e-23, nan 
142.375, 87.125, 3.004055284540634e-23, nan 
142.625, 87.125, 2.9378685639621503e-23, nan 
142.875, 87.125, 2.8806000303611596e-23, nan 
143.125, 87.125, 2.846000838029695e-23, nan 
143.375, 87.125, 2.8033246622598724e-23, nan 
143.625, 87.125, 2.5837461362116766e-23, nan 
143.875, 87.125, 2.1091373268471943e-23, nan 
144.125, 87.125, 2.2739594751242127e-23, nan 
144.375, 87.125, 2.5021989155637638e-23, nan 
144.625, 87.125, 2.777484013050179e-23, nan 
144.875, 87.125, 2.7745530404903074e-23, nan 
145.125, 87.125, 2.753696743271024e-23, nan 
145.375, 87.125, 2.732204100408498e-23, nan 
145.625, 87.125, 2.73076956566392e-23, nan 
145.875, 87.125, 2.753324231897407e-23, nan 
146.125, 87.125, 2.779632530824014e-23, nan 
146.375, 87.125, 2.781901365232363e-23, nan 
146.625, 87.125, 1.9800585420991493e-23, nan 
146.875, 87.125, 1.6616944488829358e-23, nan 
147.125, 87.125, 1.5852459905062115e-23, nan 
147.375, 87.125, 1.586783132695848e-23, nan 
147.625, 87.125, 1.61607738396388e-23, nan 
147.875, 87.125, 1.6345874634410483e-23, nan 
148.125, 87.125, 1.6477333212879098e-23, nan 
148.375, 87.125, 1.634440918751802e-23, nan 
148.625, 87.125, 1.6688711566698545e-23, nan 
148.875, 87.125, 1.7900404500551025e-23, nan 
149.125, 87.125, 1.9474687607777028e-23, nan 
149.375, 87.125, 2.3527196598661033e-23, nan 
149.625, 87.125, 3.181066824860448e-23, nan 
149.875, 87.125, 2.9661148140871554e-23, nan 
150.125, 87.125, 2.0959970841877762e-23, nan 
150.375, 87.125, 1.695339330233946e-23, nan 
150.625, 87.125, 1.6454504068134166e-23, nan 
150.875, 87.125, 1.8754627456250884e-23, nan 
151.125, 87.125, 2.5797053827230368e-23, nan 
151.375, 87.125, 2.4908112167904165e-23, nan 
151.625, 87.125, 2.4435970176026868e-23, nan 
151.875, 87.125, 2.4119463886979556e-23, nan 
152.125, 87.125, 2.4345351883669802e-23, nan 
152.375, 87.125, 2.493550508277312e-23, nan 
152.625, 87.125, 2.5616276150448587e-23, nan 
152.875, 87.125, 2.6619424149884976e-23, nan 
153.125, 87.125, 2.7806513806666226e-23, nan 
153.375, 87.125, 2.840463372636737e-23, nan 
153.625, 87.125, 2.8445262946914385e-23, nan 
153.875, 87.125, 2.313444262899256e-23, nan 
154.125, 87.125, 2.1136914406848613e-23, nan 
154.375, 87.125, 2.0883549228292242e-23, nan 
154.625, 87.125, 2.1209586690721696e-23, nan 
154.875, 87.125, 2.1999473141305324e-23, nan 
155.125, 87.125, 2.4519592179781886e-23, nan 
155.375, 87.125, 3.1454685626117476e-23, nan 
155.625, 87.125, 3.133028209503903e-23, nan 
155.875, 87.125, 3.0713611829820754e-23, nan 
156.125, 87.125, 2.982816435813992e-23, nan 
156.375, 87.125, 2.797609604512267e-23, nan 
156.625, 87.125, 2.6709761302408434e-23, nan 
156.875, 87.125, 2.4250057774224216e-23, nan 
157.125, 87.125, 2.2279154605361127e-23, nan 
157.375, 87.125, 2.082286084858194e-23, nan 
157.625, 87.125, 2.0785310094839676e-23, nan 
157.875, 87.125, 2.1968037600815137e-23, nan 
158.125, 87.125, 2.3420496231187728e-23, nan 
158.375, 87.125, 2.4364249635850967e-23, nan 
158.625, 87.125, 2.5085073677821462e-23, nan 
158.875, 87.125, 2.5694440488023598e-23, nan 
159.125, 87.125, 2.5268359189752875e-23, nan 
159.375, 87.125, 2.4359165853931926e-23, nan 
159.625, 87.125, 2.3303139224827868e-23, nan 
159.875, 87.125, 2.1949757180825213e-23, nan 
160.125, 87.125, 2.1011469883125514e-23, nan 
160.375, 87.125, 2.0542370086211715e-23, nan 
160.625, 87.125, 2.000948103570752e-23, nan 
160.875, 87.125, 1.9078852970886345e-23, nan 
161.125, 87.125, 1.7893319118218471e-23, nan 
161.375, 87.125, 1.6841931934782524e-23, nan 
161.625, 87.125, 1.495181484553852e-23, nan 
161.875, 87.125, 1.2890055134932992e-23, nan 
162.125, 87.125, 1.0341808034275212e-23, nan 
162.375, 87.125, 8.037211840323183e-24, nan 
162.625, 87.125, 6.182528605212169e-24, nan 
162.875, 87.125, 5.4905631781044325e-24, nan 
163.125, 87.125, 5.586684382987119e-24, nan 
163.375, 87.125, 6.009787226665038e-24, nan 
163.625, 87.125, 6.405828683519929e-24, nan 
163.875, 87.125, 6.857136759829537e-24, nan 
164.125, 87.125, 7.325772338062976e-24, nan 
164.375, 87.125, 7.961306537973957e-24, nan 
164.625, 87.125, 8.466841750731971e-24, nan 
164.875, 87.125, 9.54296368043913e-24, nan 
165.125, 87.125, 1.0891438634416381e-23, nan 
165.375, 87.125, 1.1947124608063855e-23, nan 
165.625, 87.125, 1.3758893804427778e-23, nan 
165.875, 87.125, 1.4979740068056113e-23, nan 
166.125, 87.125, 1.6777387713016158e-23, nan 
166.375, 87.125, 1.7788379469922012e-23, nan 
166.625, 87.125, 1.8181530172258131e-23, nan 
166.875, 87.125, 1.814849810419149e-23, nan 
167.125, 87.125, 1.7861801467723144e-23, nan 
167.375, 87.125, 1.699291946174598e-23, nan 
167.625, 87.125, 1.5978395572686802e-23, nan 
167.875, 87.125, 1.5119834231710485e-23, nan 
168.125, 87.125, 1.408489813744059e-23, nan 
168.375, 87.125, 1.4715986373114275e-23, nan 
168.625, 87.125, 1.3426342440673164e-23, nan 
168.875, 87.125, 1.2750862673644025e-23, nan 
169.125, 87.125, 1.2857718972489841e-23, nan 
169.375, 87.125, 1.2642709106460018e-23, nan 
169.625, 87.125, 1.2824574020630515e-23, nan 
169.875, 87.125, 1.3803670126338748e-23, nan 
170.125, 87.125, 1.6481417174848987e-23, nan 
170.375, 87.125, 1.990648342222862e-23, nan 
170.625, 87.125, 2.3511261318273513e-23, nan 
170.875, 87.125, 2.647454409085396e-23, nan 
171.125, 87.125, 2.8679977861930933e-23, nan 
171.375, 87.125, 2.9536294675380717e-23, nan 
171.625, 87.125, 2.9282074748012235e-23, nan 
171.875, 87.125, 2.8758442103930295e-23, nan 
172.125, 87.125, 2.7571951747034506e-23, nan 
172.375, 87.125, 2.724035258075496e-23, nan 
172.625, 87.125, 2.661822805249498e-23, nan 
172.875, 87.125, 2.6081645827348856e-23, nan 
173.125, 87.125, 2.557325130804646e-23, nan 
173.375, 87.125, 2.511973634670672e-23, nan 
173.625, 87.125, 2.4174133358285533e-23, nan 
173.875, 87.125, 1.863411841424945e-23, nan 
174.125, 87.125, 1.498538090747917e-23, nan 
174.375, 87.125, 1.271218735262894e-23, nan 
174.625, 87.125, 1.1996409294432753e-23, nan 
174.875, 87.125, 1.401063299475031e-23, nan 
175.125, 87.125, 1.6839041212289703e-23, nan 
175.375, 87.125, 1.9596614616131657e-23, nan 
175.625, 87.125, 2.056240384869285e-23, nan 
175.875, 87.125, 2.1334601251715436e-23, nan 
176.125, 87.125, 2.139771815156676e-23, nan 
176.375, 87.125, 2.0136424128090098e-23, nan 
176.625, 87.125, 1.8793815877823146e-23, nan 
176.875, 87.125, 1.714271928806746e-23, nan 
177.125, 87.125, 1.5723995380550413e-23, nan 
177.375, 87.125, 1.4726751809582366e-23, nan 
177.625, 87.125, 1.4049360498541087e-23, nan 
177.875, 87.125, 1.3565898907434612e-23, nan 
178.125, 87.125, 1.3183711599334248e-23, nan 
178.375, 87.125, 1.2702084590790546e-23, nan 
178.625, 87.125, 1.1315354749523408e-23, nan 
178.875, 87.125, 9.481121719269062e-24, nan 
179.125, 87.125, 7.661412698618247e-24, nan 
179.375, 87.125, 5.6117606483991196e-24, nan 
179.625, 87.125, 4.402152237116652e-24, nan 
179.875, 87.125, 4.428665680413744e-24, nan 
-179.875, 87.375, 5.162874867310633e-24, nan 
-179.625, 87.375, 5.606832150120416e-24, nan 
-179.375, 87.375, 5.156853306882388e-24, nan 
-179.125, 87.375, 4.718102369777149e-24, nan 
-178.875, 87.375, 5.400069361539532e-24, nan 
-178.625, 87.375, 5.832488967706922e-24, nan 
-178.375, 87.375, 5.418792988334607e-24, nan 
-178.125, 87.375, 6.145074282566023e-24, nan 
-177.875, 87.375, 6.633935397224935e-24, nan 
-177.625, 87.375, 7.083041815043276e-24, nan 
-177.375, 87.375, 7.571010518172469e-24, nan 
-177.125, 87.375, 9.917584218607871e-24, nan 
-176.875, 87.375, 1.5233077385579402e-23, nan 
-176.625, 87.375, 1.52846567333799e-23, nan 
-176.375, 87.375, 1.5303570764452617e-23, nan 
-176.125, 87.375, 1.6644724203849383e-23, nan 
-175.875, 87.375, 1.367741405942814e-23, nan 
-175.625, 87.375, 6.189381561985242e-24, nan 
-175.375, 87.375, 7.363322508087582e-24, nan 
-175.125, 87.375, 8.322626135067255e-24, nan 
-174.875, 87.375, 8.843552531752368e-24, nan 
-174.625, 87.375, 1.1191423763695539e-23, nan 
-174.375, 87.375, 1.3222424291352222e-23, nan 
-174.125, 87.375, 1.2206979142512524e-23, nan 
-173.875, 87.375, 8.653612105970958e-24, nan 
-173.625, 87.375, 7.402331711295708e-24, nan 
-173.375, 87.375, 7.800678151117037e-24, nan 
-173.125, 87.375, 9.784835952718794e-24, nan 
-172.875, 87.375, 1.1137005558162353e-23, nan 
-172.625, 87.375, 1.2003821552052016e-23, nan 
-172.375, 87.375, 1.2427980584199124e-23, nan 
-172.125, 87.375, 1.2400015527753455e-23, nan 
-171.875, 87.375, 1.3622493994336037e-23, nan 
-171.625, 87.375, 1.5669362761757238e-23, nan 
-171.375, 87.375, 1.5568680044447034e-23, nan 
-171.125, 87.375, 1.5372435211635222e-23, nan 
-170.875, 87.375, 1.6206327784404477e-23, nan 
-170.625, 87.375, 1.5119071494977834e-23, nan 
-170.375, 87.375, 1.211641477683167e-23, nan 
-170.125, 87.375, 1.1677887761072012e-23, nan 
-169.875, 87.375, 1.2040332268557154e-23, nan 
-169.625, 87.375, 1.2149658161217102e-23, nan 
-169.375, 87.375, 1.2120751596976389e-23, nan 
-169.125, 87.375, 1.4008184242902462e-23, nan 
-168.875, 87.375, 1.3998360863440132e-23, nan 
-168.625, 87.375, 1.2400086287612713e-23, nan 
-168.375, 87.375, 1.1566462326655665e-23, nan 
-168.125, 87.375, 1.1327331686193598e-23, nan 
-167.875, 87.375, 1.1936996816250502e-23, nan 
-167.625, 87.375, 1.166054576894586e-23, nan 
-167.375, 87.375, 1.1281100592955848e-23, nan 
-167.125, 87.375, 1.0905336602652025e-23, nan 
-166.875, 87.375, 1.0443148620255082e-23, nan 
-166.625, 87.375, 1.0214735004635393e-23, nan 
-166.375, 87.375, 9.61047078021557e-24, nan 
-166.125, 87.375, 8.400121355937656e-24, nan 
-165.875, 87.375, 9.031862115100711e-24, nan 
-165.625, 87.375, 6.769804853323042e-24, nan 
-165.375, 87.375, 6.047254483874168e-24, nan 
-165.125, 87.375, 5.04486544779212e-24, nan 
-164.875, 87.375, 5.424760620203266e-24, nan 
-164.625, 87.375, 4.332700975562887e-24, nan 
-164.375, 87.375, 3.879675918661233e-24, nan 
-164.125, 87.375, 6.188431866844889e-24, nan 
-163.875, 87.375, 7.989455629530964e-24, nan 
-163.625, 87.375, 8.412808082217402e-24, nan 
-163.375, 87.375, 8.11429613317748e-24, nan 
-163.125, 87.375, 7.700980605089153e-24, nan 
-162.875, 87.375, 6.0646929790294554e-24, nan 
-162.625, 87.375, 5.609515462605451e-24, nan 
-162.375, 87.375, 5.455247352183971e-24, nan 
-162.125, 87.375, 5.183184952994126e-24, nan 
-161.875, 87.375, 5.0690918598831215e-24, nan 
-161.625, 87.375, 5.015381586814468e-24, nan 
-161.375, 87.375, 5.1184675418703025e-24, nan 
-161.125, 87.375, 5.2251341824162465e-24, nan 
-160.875, 87.375, 4.9938862991351564e-24, nan 
-160.625, 87.375, 4.0730727676522235e-24, nan 
-160.375, 87.375, 3.537950400473789e-24, nan 
-160.125, 87.375, 2.9087578620776572e-24, nan 
-159.875, 87.375, 2.0271090092799897e-24, nan 
-159.625, 87.375, 2.5934078107012398e-24, nan 
-159.375, 87.375, 2.7567088708277933e-24, nan 
-159.125, 87.375, 2.996676246412448e-24, nan 
-158.875, 87.375, 3.221487684422764e-24, nan 
-158.625, 87.375, 3.358849928138059e-24, nan 
-158.375, 87.375, 3.2281085923623067e-24, nan 
1.125, 87.375, 9.271902990324135e-24, nan 
1.375, 87.375, 8.28299497191157e-24, nan 
1.625, 87.375, 7.219158960408765e-24, nan 
1.875, 87.375, 5.6338665106882805e-24, nan 
2.125, 87.375, 4.2343186789955435e-24, nan 
2.375, 87.375, 3.347230579201152e-24, nan 
2.625, 87.375, 3.022899250458214e-24, nan 
2.875, 87.375, 2.9555877492585053e-24, nan 
3.125, 87.375, 3.028898276612792e-24, nan 
3.375, 87.375, 3.1278264359637184e-24, nan 
3.625, 87.375, 3.2408785500536598e-24, nan 
3.875, 87.375, 3.370768902945605e-24, nan 
4.125, 87.375, 3.4364844630024335e-24, nan 
4.375, 87.375, 5.268535222171134e-24, nan 
4.625, 87.375, 6.375079096264957e-24, nan 
4.875, 87.375, 6.94307826651384e-24, nan 
5.125, 87.375, 7.285430195200215e-24, nan 
5.375, 87.375, 8.41885144265171e-24, nan 
5.625, 87.375, 8.60523568506201e-24, nan 
5.875, 87.375, 8.990820139225229e-24, nan 
6.125, 87.375, 8.16911529943334e-24, nan 
6.375, 87.375, 7.697634205239382e-24, nan 
6.625, 87.375, 7.575565630467051e-24, nan 
6.875, 87.375, 7.756166833161183e-24, nan 
7.125, 87.375, 8.090768762931888e-24, nan 
7.375, 87.375, 7.504898523114362e-24, nan 
7.625, 87.375, 5.808430254902715e-24, nan 
7.875, 87.375, 5.99805217916424e-24, nan 
8.125, 87.375, 4.6841913549663855e-24, nan 
8.375, 87.375, 3.982567560192018e-24, nan 
8.625, 87.375, 3.671569079861863e-24, nan 
8.875, 87.375, 6.336879702683286e-24, nan 
9.125, 87.375, 5.321836803999432e-24, nan 
9.375, 87.375, 5.323937951797373e-24, nan 
9.625, 87.375, 5.4112551451271435e-24, nan 
9.875, 87.375, 5.5552107157440096e-24, nan 
10.125, 87.375, 5.802431661121571e-24, nan 
10.375, 87.375, 5.6848852631432935e-24, nan 
10.625, 87.375, 3.337550111224178e-24, nan 
10.875, 87.375, 5.027697685887802e-24, nan 
11.125, 87.375, 4.895619520378435e-24, nan 
11.375, 87.375, 3.6851288948392805e-24, nan 
11.625, 87.375, 1.6415278628303515e-24, nan 
11.875, 87.375, 4.464046978467027e-24, nan 
12.125, 87.375, 7.870022442689237e-24, nan 
12.375, 87.375, 1.0882436542115289e-23, nan 
12.625, 87.375, 1.2574042841959582e-23, nan 
12.875, 87.375, 8.912342888710972e-24, nan 
13.125, 87.375, 9.732931016380055e-24, nan 
13.375, 87.375, 6.945340212513966e-24, nan 
13.625, 87.375, 3.635324573884865e-24, nan 
13.875, 87.375, 4.94567973027524e-24, nan 
14.125, 87.375, 9.759876724045402e-24, nan 
14.375, 87.375, 6.900682410139864e-24, nan 
14.625, 87.375, 7.590517428403416e-24, nan 
14.875, 87.375, 7.522454395476258e-24, nan 
15.125, 87.375, 7.58215402291157e-24, nan 
15.375, 87.375, 7.992842434151254e-24, nan 
15.625, 87.375, 7.919861521022811e-24, nan 
15.875, 87.375, 4.8384538287262144e-24, nan 
16.125, 87.375, 8.84695867060777e-24, nan 
16.375, 87.375, 7.327023610388858e-24, nan 
16.625, 87.375, 5.759946641952648e-24, nan 
16.875, 87.375, 2.6904644764915453e-24, nan 
17.125, 87.375, 3.0553193143248574e-24, nan 
17.375, 87.375, 6.0858536279037365e-24, nan 
17.625, 87.375, 8.424533259313281e-24, nan 
17.875, 87.375, 8.516489416511744e-24, nan 
18.125, 87.375, 7.12554009368633e-24, nan 
18.375, 87.375, 7.688020841657193e-24, nan 
18.625, 87.375, 4.8720733611227065e-24, nan 
18.875, 87.375, 4.451742843783426e-24, nan 
19.125, 87.375, 4.732769635651326e-24, nan 
19.375, 87.375, 6.822926611571415e-24, nan 
19.625, 87.375, 6.48165202171699e-24, nan 
19.875, 87.375, 6.72789598366328e-24, nan 
20.125, 87.375, 6.795163655504818e-24, nan 
20.375, 87.375, 6.163468207547369e-24, nan 
20.625, 87.375, 6.069479706044673e-24, nan 
20.875, 87.375, 4.847423310351865e-24, nan 
21.125, 87.375, 4.665651684658868e-24, nan 
21.375, 87.375, 4.1930049992080435e-24, nan 
21.625, 87.375, 4.5638790938577124e-24, nan 
21.875, 87.375, 6.199650572180542e-24, nan 
22.125, 87.375, 7.106300259928176e-24, nan 
22.375, 87.375, 6.84766217611369e-24, nan 
22.625, 87.375, 6.5703024664420856e-24, nan 
22.875, 87.375, 5.8116875169667275e-24, nan 
23.125, 87.375, 4.8125349169192285e-24, nan 
23.375, 87.375, 4.052662847170525e-24, nan 
23.625, 87.375, 3.477093999059266e-24, nan 
23.875, 87.375, 3.5900736703678235e-24, nan 
24.125, 87.375, 4.058510055117628e-24, nan 
24.375, 87.375, 4.2631235610094744e-24, nan 
24.625, 87.375, 4.353745031599564e-24, nan 
24.875, 87.375, 4.493129389726122e-24, nan 
25.125, 87.375, 4.4573727970739775e-24, nan 
25.375, 87.375, 4.58220924363909e-24, nan 
25.625, 87.375, 5.2044759002181896e-24, nan 
25.875, 87.375, 6.649217327690342e-24, nan 
26.125, 87.375, 4.875460885567917e-24, nan 
26.375, 87.375, 6.483602091981138e-24, nan 
26.625, 87.375, 9.159270015374098e-24, nan 
26.875, 87.375, 7.542833424131655e-24, nan 
27.125, 87.375, 5.930745149484784e-24, nan 
27.375, 87.375, 6.705131829658636e-24, nan 
27.625, 87.375, 6.272393095209188e-24, nan 
27.875, 87.375, 5.865490935114468e-24, nan 
28.125, 87.375, 5.133149542242786e-24, nan 
28.375, 87.375, 4.5216173108801874e-24, nan 
28.625, 87.375, 3.9509231933547245e-24, nan 
28.875, 87.375, 3.580964007503531e-24, nan 
29.125, 87.375, 3.7623548546537545e-24, nan 
29.375, 87.375, 3.2591686842307094e-24, nan 
29.625, 87.375, 3.2737737520119654e-24, nan 
29.875, 87.375, 3.303550059899996e-24, nan 
30.125, 87.375, 3.6166003169633485e-24, nan 
30.375, 87.375, 3.3506541366806346e-24, nan 
30.625, 87.375, 2.688776050051282e-24, nan 
30.875, 87.375, 2.498271660126184e-24, nan 
31.125, 87.375, 2.326445813120961e-24, nan 
31.375, 87.375, 3.781448880759017e-24, nan 
31.625, 87.375, 4.4366257044243566e-24, nan 
31.875, 87.375, 5.751656850377092e-24, nan 
32.125, 87.375, 4.315918501605647e-24, nan 
32.375, 87.375, 2.234660727109673e-24, nan 
32.625, 87.375, 2.4300329232967753e-24, nan 
32.875, 87.375, 2.6398686153330425e-24, nan 
33.125, 87.375, 2.812881115008613e-24, nan 
33.375, 87.375, 2.9367951317309355e-24, nan 
33.625, 87.375, 2.988880245912218e-24, nan 
33.875, 87.375, 3.1215994787395554e-24, nan 
34.125, 87.375, 3.717696428084331e-24, nan 
34.375, 87.375, 4.7436321191748244e-24, nan 
34.625, 87.375, 3.471427413304905e-24, nan 
34.875, 87.375, 3.2803336705555018e-24, nan 
35.125, 87.375, 3.471898058530606e-24, nan 
35.375, 87.375, 4.374850372083983e-24, nan 
35.625, 87.375, 2.775500784340356e-24, nan 
35.875, 87.375, 3.145520299317595e-24, nan 
36.125, 87.375, 2.5147245475807478e-24, nan 
36.375, 87.375, 2.3454438347472098e-24, nan 
36.625, 87.375, 2.3209252871569754e-24, nan 
36.875, 87.375, 2.9301870785477494e-24, nan 
37.125, 87.375, 2.889276705184875e-24, nan 
37.375, 87.375, 2.776267296753659e-24, nan 
37.625, 87.375, 2.7241508763397184e-24, nan 
37.875, 87.375, 2.642642017058636e-24, nan 
38.125, 87.375, 2.5267566946682004e-24, nan 
38.375, 87.375, 2.3323063263580937e-24, nan 
38.625, 87.375, 2.3473183493617066e-24, nan 
38.875, 87.375, 2.1351899212061762e-24, nan 
39.125, 87.375, 1.936822707651748e-24, nan 
39.375, 87.375, 1.862988186656927e-24, nan 
39.625, 87.375, 2.5231003131501817e-24, nan 
39.875, 87.375, 2.5729276377047664e-24, nan 
40.125, 87.375, 2.595224358641725e-24, nan 
40.375, 87.375, 2.7511208559497254e-24, nan 
40.625, 87.375, 2.774838701404357e-24, nan 
40.875, 87.375, 1.9380410450701784e-24, nan 
41.125, 87.375, 3.453253361299505e-24, nan 
41.375, 87.375, 3.1843465176720414e-24, nan 
41.625, 87.375, 3.800675498077957e-24, nan 
41.875, 87.375, 4.052037648138547e-24, nan 
42.125, 87.375, 4.635278196608923e-24, nan 
42.375, 87.375, 4.690336843536225e-24, nan 
42.625, 87.375, 4.943181513775117e-24, nan 
42.875, 87.375, 5.064093072269998e-24, nan 
43.125, 87.375, 5.16395249295666e-24, nan 
43.375, 87.375, 5.199592335248199e-24, nan 
43.625, 87.375, 5.459153173594725e-24, nan 
43.875, 87.375, 5.6428297680321915e-24, nan 
44.125, 87.375, 5.8452539772257675e-24, nan 
44.375, 87.375, 5.9773265597611744e-24, nan 
44.625, 87.375, 5.902009620619704e-24, nan 
44.875, 87.375, 5.5409432385441705e-24, nan 
45.125, 87.375, 4.991497432422264e-24, nan 
45.375, 87.375, 4.578396020989513e-24, nan 
45.625, 87.375, 4.1090396540505616e-24, nan 
45.875, 87.375, 3.898143129169592e-24, nan 
46.125, 87.375, 2.8928331039497455e-24, nan 
46.375, 87.375, 3.496270173251801e-24, nan 
46.625, 87.375, 4.9854651260225006e-24, nan 
46.875, 87.375, 5.850507570209934e-24, nan 
47.125, 87.375, 6.135535747080803e-24, nan 
47.375, 87.375, 5.875334817432162e-24, nan 
47.625, 87.375, 6.2016944091149035e-24, nan 
47.875, 87.375, 6.589095840865912e-24, nan 
48.125, 87.375, 7.205697631210557e-24, nan 
48.375, 87.375, 8.29190558689141e-24, nan 
48.625, 87.375, 8.809039126662998e-24, nan 
48.875, 87.375, 1.0661294541312612e-23, nan 
49.125, 87.375, 1.469601756449831e-23, nan 
49.375, 87.375, 1.214810730631517e-23, nan 
49.625, 87.375, 9.952588009263686e-24, nan 
49.875, 87.375, 4.328841961878487e-24, nan 
50.125, 87.375, 4.018597149045455e-24, nan 
50.375, 87.375, 4.617248620243742e-24, nan 
50.625, 87.375, 2.34544248049237e-24, nan 
50.875, 87.375, 3.824751629732379e-24, nan 
51.125, 87.375, 4.6192356443968984e-24, nan 
51.375, 87.375, 4.259184081090952e-24, nan 
51.625, 87.375, 4.185830847543573e-24, nan 
51.875, 87.375, 4.7437132885566056e-24, nan 
52.125, 87.375, 1.9009326689039868e-24, nan 
52.375, 87.375, 3.0251476522015787e-24, nan 
52.625, 87.375, 3.7737084701439215e-24, nan 
52.875, 87.375, 4.3732104112212035e-24, nan 
53.125, 87.375, 4.8973976230529476e-24, nan 
53.375, 87.375, 5.868162220675136e-24, nan 
53.625, 87.375, 7.893438648880481e-24, nan 
53.875, 87.375, 8.659940482267507e-24, nan 
54.125, 87.375, 1.1326743812040013e-23, nan 
54.375, 87.375, 1.8430617198508428e-23, nan 
54.625, 87.375, 1.3408005518922332e-23, nan 
54.875, 87.375, 1.0057245048588422e-23, nan 
55.125, 87.375, 1.0217154491369635e-23, nan 
55.375, 87.375, 1.3771986255741883e-23, nan 
55.625, 87.375, 9.459136944387149e-24, nan 
55.875, 87.375, 1.1117411371080104e-23, nan 
56.125, 87.375, 1.345801711782612e-23, nan 
56.375, 87.375, 1.4642348953487565e-23, nan 
56.625, 87.375, 1.4875258463350923e-23, nan 
56.875, 87.375, 1.4687568712711114e-23, nan 
57.125, 87.375, 1.4092732551338457e-23, nan 
57.375, 87.375, 1.087227186694422e-23, nan 
57.625, 87.375, 1.1973317561171513e-23, nan 
57.875, 87.375, 1.3333866393072225e-23, nan 
58.125, 87.375, 1.419778030485217e-23, nan 
58.375, 87.375, 1.4316881840605472e-23, nan 
58.625, 87.375, 1.436314764448238e-23, nan 
58.875, 87.375, 1.4323426595063958e-23, nan 
59.125, 87.375, 1.4252265317867467e-23, nan 
59.375, 87.375, 1.4456710492370502e-23, nan 
59.625, 87.375, 1.62555535162414e-23, nan 
59.875, 87.375, 1.54311054098249e-23, nan 
60.125, 87.375, 1.525833760617844e-23, nan 
60.375, 87.375, 1.759350798804397e-23, nan 
60.625, 87.375, 1.9901598208543577e-23, nan 
60.875, 87.375, 1.7644210260594424e-23, nan 
61.125, 87.375, 1.9056650691620548e-23, nan 
61.375, 87.375, 1.9296349588688708e-23, nan 
61.625, 87.375, 1.888868948718815e-23, nan 
61.875, 87.375, 1.7657321250866152e-23, nan 
62.125, 87.375, 1.5718387697034457e-23, nan 
62.375, 87.375, 1.7418753925875505e-23, nan 
62.625, 87.375, 1.7640351393917474e-23, nan 
62.875, 87.375, 1.610948369961668e-23, nan 
63.125, 87.375, 1.3513934794001237e-23, nan 
63.375, 87.375, 1.2571281624301523e-23, nan 
63.625, 87.375, 1.1625760313944388e-23, nan 
63.875, 87.375, 1.1514636893492136e-23, nan 
64.125, 87.375, 1.1614787142611859e-23, nan 
64.375, 87.375, 1.2181399182977391e-23, nan 
64.625, 87.375, 1.1166783396427897e-23, nan 
64.875, 87.375, 1.0954865069979574e-23, nan 
65.125, 87.375, 1.0981513115232468e-23, nan 
65.375, 87.375, 1.1030964007873584e-23, nan 
65.625, 87.375, 1.1724293495156432e-23, nan 
65.875, 87.375, 1.5655856049726603e-23, nan 
66.125, 87.375, 1.684811332816108e-23, nan 
66.375, 87.375, 1.7399625640929447e-23, nan 
66.625, 87.375, 1.7331457308092258e-23, nan 
66.875, 87.375, 1.6645378517195792e-23, nan 
67.125, 87.375, 1.5795213412195584e-23, nan 
67.375, 87.375, 1.4363503337207948e-23, nan 
67.625, 87.375, 1.3487326230876282e-23, nan 
67.875, 87.375, 1.3899041351629565e-23, nan 
68.125, 87.375, 1.3320030003805175e-23, nan 
68.375, 87.375, 1.0912270497190778e-23, nan 
68.625, 87.375, 1.0750834545515797e-23, nan 
68.875, 87.375, 1.3314576221625374e-23, nan 
69.125, 87.375, 1.3686564662024138e-23, nan 
69.375, 87.375, 1.2709362707868838e-23, nan 
69.625, 87.375, 1.3628418422453937e-23, nan 
69.875, 87.375, 1.3151214320359921e-23, nan 
70.125, 87.375, 8.796601078668661e-24, nan 
70.375, 87.375, 8.02561882038878e-24, nan 
70.625, 87.375, 7.807113037816492e-24, nan 
70.875, 87.375, 9.618904084295093e-24, nan 
71.125, 87.375, 1.3051397538905556e-23, nan 
71.375, 87.375, 1.370277849976278e-23, nan 
71.625, 87.375, 1.4805222639000374e-23, nan 
71.875, 87.375, 1.5037087127761034e-23, nan 
72.125, 87.375, 1.5053411877921714e-23, nan 
72.375, 87.375, 1.4799354519246643e-23, nan 
72.625, 87.375, 1.506777283481385e-23, nan 
72.875, 87.375, 1.5962578982788194e-23, nan 
73.125, 87.375, 1.7162156074511405e-23, nan 
73.375, 87.375, 1.8896411394258085e-23, nan 
73.625, 87.375, 1.646804561697229e-23, nan 
73.875, 87.375, 2.280072216658655e-23, nan 
74.125, 87.375, 2.4308587141052646e-23, nan 
74.375, 87.375, 2.6274357987492585e-23, nan 
74.625, 87.375, 2.5390773352406184e-23, nan 
74.875, 87.375, 2.737508727051235e-23, nan 
75.125, 87.375, 2.1564839535026643e-23, nan 
75.375, 87.375, 1.0190269356071315e-23, nan 
75.625, 87.375, 1.1360311918229412e-23, nan 
75.875, 87.375, 1.1053098677477949e-23, nan 
76.125, 87.375, 1.2470650476877366e-23, nan 
76.375, 87.375, 1.3994370249700363e-23, nan 
76.625, 87.375, 1.648977045215579e-23, nan 
76.875, 87.375, 1.79654878702601e-23, nan 
77.125, 87.375, 1.5992273263825873e-23, nan 
77.375, 87.375, 1.6604234658814696e-23, nan 
77.625, 87.375, 1.3531636230339317e-23, nan 
77.875, 87.375, 1.2269462728136954e-23, nan 
78.125, 87.375, 1.1818503896381349e-23, nan 
78.375, 87.375, 1.2662621443264559e-23, nan 
78.625, 87.375, 2.025298909436566e-23, nan 
78.875, 87.375, 1.384955971715736e-23, nan 
79.125, 87.375, 2.507419778172186e-23, nan 
79.375, 87.375, 3.02869487580177e-23, nan 
79.625, 87.375, 3.240824733755215e-23, nan 
79.875, 87.375, 3.2394312553786074e-23, nan 
80.125, 87.375, 3.3629769562523424e-23, nan 
80.375, 87.375, 2.4663722362889214e-23, nan 
80.625, 87.375, 2.119039429419159e-23, nan 
80.875, 87.375, 2.191152633511026e-23, nan 
81.125, 87.375, 2.2235191014846054e-23, nan 
81.375, 87.375, 2.250947343296426e-23, nan 
81.625, 87.375, 2.261696125412997e-23, nan 
81.875, 87.375, 2.4535732071317144e-23, nan 
82.125, 87.375, 2.6355231946008258e-23, nan 
82.375, 87.375, 2.067399511944795e-23, nan 
82.625, 87.375, 1.7943455118596437e-23, nan 
82.875, 87.375, 1.7399234992607825e-23, nan 
83.125, 87.375, 1.748268022735227e-23, nan 
83.375, 87.375, 1.730285167909973e-23, nan 
83.625, 87.375, 1.7162531857715164e-23, nan 
83.875, 87.375, 1.928026685088509e-23, nan 
84.125, 87.375, 1.5421406218820592e-23, nan 
84.375, 87.375, 1.6851820933407498e-23, nan 
84.625, 87.375, 2.2529543890280293e-23, nan 
84.875, 87.375, 2.3062519065145568e-23, nan 
85.125, 87.375, 2.3381095033735983e-23, nan 
85.375, 87.375, 2.386063578914747e-23, nan 
85.625, 87.375, 2.5768944166231585e-23, nan 
85.875, 87.375, 2.728218275662524e-23, nan 
86.125, 87.375, 2.848656079228614e-23, nan 
86.375, 87.375, 2.8938679432014085e-23, nan 
86.625, 87.375, 2.892601417798504e-23, nan 
86.875, 87.375, 2.792910532119444e-23, nan 
87.125, 87.375, 2.30204630633757e-23, nan 
87.375, 87.375, 1.9028999015638012e-23, nan 
87.625, 87.375, 1.8036071971450606e-23, nan 
87.875, 87.375, 1.8590335507762897e-23, nan 
88.125, 87.375, 1.9506183870598516e-23, nan 
88.375, 87.375, 1.9709660219114248e-23, nan 
88.625, 87.375, 1.9452328364347468e-23, nan 
88.875, 87.375, 1.8859756334392085e-23, nan 
89.125, 87.375, 1.7828036523348102e-23, nan 
89.375, 87.375, 1.6332136336472718e-23, nan 
89.625, 87.375, 1.4435909941022064e-23, nan 
89.875, 87.375, 1.577105084273522e-23, nan 
90.125, 87.375, 1.6176383719674757e-23, nan 
90.375, 87.375, 1.6626322413609488e-23, nan 
90.625, 87.375, 1.7154155604853136e-23, nan 
90.875, 87.375, 1.751750123223917e-23, nan 
91.125, 87.375, 1.656563484121825e-23, nan 
91.375, 87.375, 1.6119530626536155e-23, nan 
91.625, 87.375, 1.6631279243570025e-23, nan 
91.875, 87.375, 1.7786666035011823e-23, nan 
92.125, 87.375, 1.777351495858494e-23, nan 
92.375, 87.375, 2.0923916118929765e-23, nan 
92.625, 87.375, 2.0612796533325444e-23, nan 
92.875, 87.375, 2.0268168491615272e-23, nan 
93.125, 87.375, 1.7990029359587082e-23, nan 
93.375, 87.375, 1.5683607118713627e-23, nan 
93.625, 87.375, 1.2925576212472168e-23, nan 
93.875, 87.375, 1.0031902089231167e-23, nan 
94.125, 87.375, 9.474488529998018e-24, nan 
94.375, 87.375, 1.0253838483720237e-23, nan 
94.625, 87.375, 1.0206966152383284e-23, nan 
94.875, 87.375, 1.0886729131536493e-23, nan 
95.125, 87.375, 1.1215951237271261e-23, nan 
95.375, 87.375, 1.1143924814106166e-23, nan 
95.625, 87.375, 1.2001289069683988e-23, nan 
95.875, 87.375, 1.4422063405200883e-23, nan 
96.125, 87.375, 1.5120996685172777e-23, nan 
96.375, 87.375, 1.50986241282543e-23, nan 
96.625, 87.375, 1.3988249190460094e-23, nan 
96.875, 87.375, 1.6732984422420244e-23, nan 
97.125, 87.375, 1.4496782713315374e-23, nan 
97.375, 87.375, 1.0372007974816511e-23, nan 
97.625, 87.375, 7.765081070920478e-24, nan 
97.875, 87.375, 6.622062439927907e-24, nan 
98.125, 87.375, 7.32150267035863e-24, nan 
98.375, 87.375, 7.223716437767072e-24, nan 
98.625, 87.375, 1.1799455482500369e-23, nan 
98.875, 87.375, 1.669607742196305e-23, nan 
99.125, 87.375, 7.853636584692878e-24, nan 
99.375, 87.375, 1.2465461483244282e-23, nan 
99.625, 87.375, 6.807896828418101e-24, nan 
99.875, 87.375, 1.0134404723797117e-23, nan 
100.125, 87.375, 1.1880212680694411e-23, nan 
100.375, 87.375, 1.28122829443289e-23, nan 
100.625, 87.375, 1.3828267668012172e-23, nan 
100.875, 87.375, 1.6210552678080352e-23, nan 
101.125, 87.375, 1.983232761864166e-23, nan 
101.375, 87.375, 1.9035880071049444e-23, nan 
101.625, 87.375, 1.685685685912066e-23, nan 
101.875, 87.375, 1.3583120611389656e-23, nan 
102.125, 87.375, 1.73218660382334e-23, nan 
102.375, 87.375, 1.359785807945727e-23, nan 
102.625, 87.375, 1.484415660273182e-23, nan 
102.875, 87.375, 1.0992372946565553e-23, nan 
103.125, 87.375, 8.258522783843855e-24, nan 
103.375, 87.375, 1.022865554570855e-23, nan 
103.625, 87.375, 8.84892066735447e-24, nan 
103.875, 87.375, 1.6502717435189095e-23, nan 
104.125, 87.375, 2.2566151291254794e-23, nan 
104.375, 87.375, 1.072774428405416e-23, nan 
104.625, 87.375, 2.5913531143463295e-23, nan 
104.875, 87.375, 1.0602814214967014e-23, nan 
105.125, 87.375, 1.0000588122204395e-23, nan 
105.375, 87.375, 1.1473411754896092e-23, nan 
105.625, 87.375, 1.2557596709768806e-23, nan 
105.875, 87.375, 1.403567428642915e-23, nan 
106.125, 87.375, 1.6564779336169102e-23, nan 
106.375, 87.375, 1.7560009950864146e-23, nan 
106.625, 87.375, 1.5394552403536702e-23, nan 
106.875, 87.375, 1.1252307649849916e-23, nan 
107.125, 87.375, 9.015125148327328e-24, nan 
107.375, 87.375, 9.569419592451236e-24, nan 
107.625, 87.375, 1.4418161750754367e-23, nan 
107.875, 87.375, 2.3192766633016185e-23, nan 
108.125, 87.375, 1.5780418912984022e-23, nan 
108.375, 87.375, 2.0505228302350418e-23, nan 
108.625, 87.375, 2.733887742169111e-23, nan 
108.875, 87.375, 2.4518440398551878e-23, nan 
109.125, 87.375, 1.9700719035205207e-23, nan 
109.375, 87.375, 1.5580121375782658e-23, nan 
109.625, 87.375, 2.7414571966221835e-23, nan 
109.875, 87.375, 1.8759852732721498e-23, nan 
110.125, 87.375, 1.0993106591019047e-23, nan 
110.375, 87.375, 9.872715267400694e-24, nan 
110.625, 87.375, 9.895057515792784e-24, nan 
110.875, 87.375, 1.0645894818873141e-23, nan 
111.125, 87.375, 8.162650365331217e-24, nan 
111.375, 87.375, 1.6022953341596032e-23, nan 
111.625, 87.375, 1.507908114200172e-23, nan 
111.875, 87.375, 1.4500750081838468e-23, nan 
112.125, 87.375, 1.1697968711027061e-23, nan 
112.375, 87.375, 6.810117611031283e-24, nan 
112.625, 87.375, 6.945990982415225e-24, nan 
112.875, 87.375, 1.1643895875919646e-23, nan 
113.125, 87.375, 1.6534794013924795e-23, nan 
113.375, 87.375, 2.1860947643976466e-23, nan 
113.625, 87.375, 3.028538936776076e-23, nan 
113.875, 87.375, 3.743790372510512e-23, nan 
114.125, 87.375, 3.2419977781324847e-23, nan 
114.375, 87.375, 2.1076667187802284e-23, nan 
114.625, 87.375, 5.8733458847646615e-24, nan 
114.875, 87.375, 1.6526147397574575e-23, nan 
115.125, 87.375, 1.4557797232955555e-23, nan 
115.375, 87.375, 2.251090289306325e-23, nan 
115.625, 87.375, 2.5407730526336706e-23, nan 
115.875, 87.375, 2.61458843315738e-23, nan 
116.125, 87.375, 2.6027540890281833e-23, nan 
116.375, 87.375, 1.1976261617236823e-23, nan 
116.625, 87.375, 3.0771160936120916e-23, nan 
116.875, 87.375, 3.02167403790221e-23, nan 
117.125, 87.375, 3.032404076252335e-23, nan 
117.375, 87.375, 2.628983080889392e-23, nan 
117.625, 87.375, 1.560906621976555e-23, nan 
117.875, 87.375, 1.327200348071994e-23, nan 
118.125, 87.375, 1.636999840558516e-23, nan 
118.375, 87.375, 2.007192332386588e-23, nan 
118.625, 87.375, 2.6013408258750966e-23, nan 
118.875, 87.375, 2.955064427257251e-23, nan 
119.125, 87.375, 3.437484600932898e-23, nan 
119.375, 87.375, 2.4174699279074134e-23, nan 
119.625, 87.375, 2.6826333064340654e-23, nan 
119.875, 87.375, 1.5012499504316512e-23, nan 
120.125, 87.375, 1.2628417610949115e-23, nan 
120.375, 87.375, 1.550201649188697e-23, nan 
120.625, 87.375, 2.7644022623151604e-23, nan 
120.875, 87.375, 3.0632963476126617e-23, nan 
121.125, 87.375, 2.9280056447643754e-23, nan 
121.375, 87.375, 2.613881656371679e-23, nan 
121.625, 87.375, 1.2590787752255091e-23, nan 
121.875, 87.375, 2.327767516668489e-23, nan 
122.125, 87.375, 2.5131316880028725e-23, nan 
122.375, 87.375, 2.4285671035984987e-23, nan 
122.625, 87.375, 2.133429144469222e-23, nan 
122.875, 87.375, 1.6661538425293315e-23, nan 
123.125, 87.375, 1.5882865549375445e-23, nan 
123.375, 87.375, 1.5782385439788282e-23, nan 
123.625, 87.375, 1.5153659867700546e-23, nan 
123.875, 87.375, 1.4724610948621588e-23, nan 
124.125, 87.375, 1.456377984012207e-23, nan 
124.375, 87.375, 1.7397349423771427e-23, nan 
124.625, 87.375, 1.571898073111539e-23, nan 
124.875, 87.375, 3.16396687236596e-23, nan 
125.125, 87.375, 1.476180717025632e-23, nan 
125.375, 87.375, 9.360707452630385e-24, nan 
125.625, 87.375, 7.860399824713162e-24, nan 
125.875, 87.375, 1.1441456339432089e-23, nan 
126.125, 87.375, 1.2423525861534863e-23, nan 
126.375, 87.375, 1.1784077921679351e-23, nan 
126.625, 87.375, 1.0169921229472052e-23, nan 
126.875, 87.375, 1.1949537109863813e-23, nan 
127.125, 87.375, 1.6334399795016936e-23, nan 
127.375, 87.375, 1.6125575458126703e-23, nan 
127.625, 87.375, 1.396488001199325e-23, nan 
127.875, 87.375, 1.4716403008191998e-23, nan 
128.125, 87.375, 1.39444184362864e-23, nan 
128.375, 87.375, 1.2531809717845828e-23, nan 
128.625, 87.375, 1.3247250193674276e-23, nan 
128.875, 87.375, 1.4452726303042945e-23, nan 
129.125, 87.375, 1.5648862444289348e-23, nan 
129.375, 87.375, 1.5268443323512666e-23, nan 
129.625, 87.375, 1.4190630508487782e-23, nan 
129.875, 87.375, 1.8328713523370252e-23, nan 
130.125, 87.375, 1.7524648865047238e-23, nan 
130.375, 87.375, 1.8267293723415296e-23, nan 
130.625, 87.375, 2.675523135930727e-23, nan 
130.875, 87.375, 2.6436901812023375e-23, nan 
131.125, 87.375, 2.4056608292083046e-23, nan 
131.375, 87.375, 2.177750914077093e-23, nan 
131.625, 87.375, 2.069018538461034e-23, nan 
131.875, 87.375, 2.393159540355744e-23, nan 
132.125, 87.375, 2.8277332621346663e-23, nan 
132.375, 87.375, 3.063771481329082e-23, nan 
132.625, 87.375, 3.052110929298889e-23, nan 
132.875, 87.375, 3.0066005912069157e-23, nan 
133.125, 87.375, 3.0375007747282464e-23, nan 
133.375, 87.375, 3.078400951848957e-23, nan 
133.625, 87.375, 2.956267826128704e-23, nan 
133.875, 87.375, 2.787163566306221e-23, nan 
134.125, 87.375, 1.9116719607957568e-23, nan 
134.375, 87.375, 1.5521750824448395e-23, nan 
134.625, 87.375, 1.3158227564407051e-23, nan 
134.875, 87.375, 1.1182227768368395e-23, nan 
135.125, 87.375, 1.0407184484342127e-23, nan 
135.375, 87.375, 1.120385998955693e-23, nan 
135.625, 87.375, 1.651960721544032e-23, nan 
135.875, 87.375, 2.1799113066644733e-23, nan 
136.125, 87.375, 2.138061468488633e-23, nan 
136.375, 87.375, 1.9027488154361937e-23, nan 
136.625, 87.375, 1.651946141367209e-23, nan 
136.875, 87.375, 1.973255649969004e-23, nan 
137.125, 87.375, 1.815829717908462e-23, nan 
137.375, 87.375, 2.3551394247351454e-23, nan 
137.625, 87.375, 2.7180948745607196e-23, nan 
137.875, 87.375, 2.858844455234212e-23, nan 
138.125, 87.375, 2.9492147818925424e-23, nan 
138.375, 87.375, 2.9375893390418415e-23, nan 
138.625, 87.375, 2.7675866020396927e-23, nan 
138.875, 87.375, 2.879781690689758e-23, nan 
139.125, 87.375, 3.0219538642154306e-23, nan 
139.375, 87.375, 2.814085799950811e-23, nan 
139.625, 87.375, 2.563138768032649e-23, nan 
139.875, 87.375, 2.34155693585891e-23, nan 
140.125, 87.375, 2.284273280977026e-23, nan 
140.375, 87.375, 2.1224481190791647e-23, nan 
140.625, 87.375, 2.0049014545391198e-23, nan 
140.875, 87.375, 2.2816208325336083e-23, nan 
141.125, 87.375, 2.4070133036658352e-23, nan 
141.375, 87.375, 2.592101958792616e-23, nan 
141.625, 87.375, 2.7693438977282434e-23, nan 
141.875, 87.375, 2.770041028119665e-23, nan 
142.125, 87.375, 2.785637965672264e-23, nan 
142.375, 87.375, 2.9885870784137836e-23, nan 
142.625, 87.375, 3.2242754294059585e-23, nan 
142.875, 87.375, 3.3657121677855526e-23, nan 
143.125, 87.375, 3.450888671531459e-23, nan 
143.375, 87.375, 3.436806111722278e-23, nan 
143.625, 87.375, 3.093554616191084e-23, nan 
143.875, 87.375, 2.3344566492140944e-23, nan 
144.125, 87.375, 2.4237089735738768e-23, nan 
144.375, 87.375, 2.685602470625155e-23, nan 
144.625, 87.375, 3.0521613195841463e-23, nan 
144.875, 87.375, 3.1482026604890583e-23, nan 
145.125, 87.375, 3.092495817823637e-23, nan 
145.375, 87.375, 2.8643014620027563e-23, nan 
145.625, 87.375, 2.6796263727479937e-23, nan 
145.875, 87.375, 2.4599019871451298e-23, nan 
146.125, 87.375, 2.362507503411825e-23, nan 
146.375, 87.375, 2.3561604370719893e-23, nan 
146.625, 87.375, 2.016136435266285e-23, nan 
146.875, 87.375, 2.2768681717297482e-23, nan 
147.125, 87.375, 2.4326337200411615e-23, nan 
147.375, 87.375, 2.5023752058352825e-23, nan 
147.625, 87.375, 2.5554746807631965e-23, nan 
147.875, 87.375, 2.5867290128688045e-23, nan 
148.125, 87.375, 2.6529202894364114e-23, nan 
148.375, 87.375, 2.774282168633406e-23, nan 
148.625, 87.375, 2.4667504472008204e-23, nan 
148.875, 87.375, 2.2362588608989765e-23, nan 
149.125, 87.375, 1.955268531723327e-23, nan 
149.375, 87.375, 2.2613147548814568e-23, nan 
149.625, 87.375, 3.1541164936580346e-23, nan 
149.875, 87.375, 2.7138515177131916e-23, nan 
150.125, 87.375, 2.197305649288482e-23, nan 
150.375, 87.375, 2.2875181533585565e-23, nan 
150.625, 87.375, 2.2330418627894983e-23, nan 
150.875, 87.375, 2.0466511720427703e-23, nan 
151.125, 87.375, 2.2618826569050997e-23, nan 
151.375, 87.375, 2.2015961244117573e-23, nan 
151.625, 87.375, 2.1799299069352515e-23, nan 
151.875, 87.375, 2.2470800868162722e-23, nan 
152.125, 87.375, 2.3663067191237745e-23, nan 
152.375, 87.375, 2.432227342741304e-23, nan 
152.625, 87.375, 2.431182965491468e-23, nan 
152.875, 87.375, 2.422544267182066e-23, nan 
153.125, 87.375, 2.4122719884384854e-23, nan 
153.375, 87.375, 2.3661048737793845e-23, nan 
153.625, 87.375, 2.3415032578795185e-23, nan 
153.875, 87.375, 1.6222971297956465e-23, nan 
154.125, 87.375, 1.5490098761591302e-23, nan 
154.375, 87.375, 1.719246067368043e-23, nan 
154.625, 87.375, 1.9479775507878073e-23, nan 
154.875, 87.375, 2.309167375087287e-23, nan 
155.125, 87.375, 1.7991302288624312e-23, nan 
155.375, 87.375, 2.1230228274998997e-23, nan 
155.625, 87.375, 2.1950128405777728e-23, nan 
155.875, 87.375, 2.1542010421117003e-23, nan 
156.125, 87.375, 2.0582555523565088e-23, nan 
156.375, 87.375, 1.8522191938192766e-23, nan 
156.625, 87.375, 1.7875580294279136e-23, nan 
156.875, 87.375, 1.625186412322849e-23, nan 
157.125, 87.375, 1.4548434205869332e-23, nan 
157.375, 87.375, 1.2225148481070193e-23, nan 
157.625, 87.375, 1.0100480601225959e-23, nan 
157.875, 87.375, 8.208973403527598e-24, nan 
158.125, 87.375, 6.637301047256903e-24, nan 
158.375, 87.375, 6.455238257777462e-24, nan 
158.625, 87.375, 6.482109146655516e-24, nan 
158.875, 87.375, 6.180859899165182e-24, nan 
159.125, 87.375, 8.608973698813254e-24, nan 
159.375, 87.375, 1.2745584765343235e-23, nan 
159.625, 87.375, 1.523649916902912e-23, nan 
159.875, 87.375, 1.5974701124891906e-23, nan 
160.125, 87.375, 1.3716107051440598e-23, nan 
160.375, 87.375, 8.905106952076228e-24, nan 
160.625, 87.375, 3.32937328822699e-24, nan 
160.875, 87.375, 3.642801087879908e-24, nan 
161.125, 87.375, 3.404957112754402e-24, nan 
161.375, 87.375, 3.159449942571471e-24, nan 
161.625, 87.375, 2.9785445849761077e-24, nan 
161.875, 87.375, 3.3828158826741605e-24, nan 
162.125, 87.375, 4.066263503768532e-24, nan 
162.375, 87.375, 4.686594617371606e-24, nan 
162.625, 87.375, 5.3041298343736605e-24, nan 
162.875, 87.375, 7.257389082305278e-24, nan 
163.125, 87.375, 1.1176478691764636e-23, nan 
163.375, 87.375, 8.998156405497315e-24, nan 
163.625, 87.375, 5.325565141863925e-24, nan 
163.875, 87.375, 6.49319569696255e-24, nan 
164.125, 87.375, 6.992937109338035e-24, nan 
164.375, 87.375, 6.698159745797223e-24, nan 
164.625, 87.375, 6.75096951221772e-24, nan 
164.875, 87.375, 7.231730383881952e-24, nan 
165.125, 87.375, 1.0170095100887804e-23, nan 
165.375, 87.375, 6.414204708407361e-24, nan 
165.625, 87.375, 5.073973258344842e-24, nan 
165.875, 87.375, 5.123569228790025e-24, nan 
166.125, 87.375, 5.360841499348832e-24, nan 
166.375, 87.375, 4.780239823874753e-24, nan 
166.625, 87.375, 3.8889535502204185e-24, nan 
166.875, 87.375, 3.950358639845809e-24, nan 
167.125, 87.375, 5.074606768775288e-24, nan 
167.375, 87.375, 5.970021334502767e-24, nan 
167.625, 87.375, 6.971131547212644e-24, nan 
167.875, 87.375, 8.283661999809882e-24, nan 
168.125, 87.375, 1.1831171736444998e-23, nan 
168.375, 87.375, 1.944715393673045e-23, nan 
168.625, 87.375, 1.6032551113019865e-23, nan 
168.875, 87.375, 7.047737670267619e-24, nan 
169.125, 87.375, 8.588834954282926e-24, nan 
169.375, 87.375, 9.98056292571847e-24, nan 
169.625, 87.375, 1.0929189371361724e-23, nan 
169.875, 87.375, 1.1829945599803378e-23, nan 
170.125, 87.375, 1.329609108202904e-23, nan 
170.375, 87.375, 1.5193988461346153e-23, nan 
170.625, 87.375, 1.6122964954549077e-23, nan 
170.875, 87.375, 1.7068439609453352e-23, nan 
171.125, 87.375, 1.8037608489968512e-23, nan 
171.375, 87.375, 1.8293180140715907e-23, nan 
171.625, 87.375, 1.7891353382237696e-23, nan 
171.875, 87.375, 1.7403373389136383e-23, nan 
172.125, 87.375, 1.6883928366134547e-23, nan 
172.375, 87.375, 1.8294573193396457e-23, nan 
172.625, 87.375, 1.9097298885510755e-23, nan 
172.875, 87.375, 1.971189525098355e-23, nan 
173.125, 87.375, 1.9957961877830017e-23, nan 
173.375, 87.375, 2.0604343901439095e-23, nan 
173.625, 87.375, 2.1660579554861788e-23, nan 
173.875, 87.375, 1.343808556776975e-23, nan 
174.125, 87.375, 9.655736343872683e-24, nan 
174.375, 87.375, 8.641318514099374e-24, nan 
174.625, 87.375, 6.91496233168129e-24, nan 
174.875, 87.375, 5.7313496728822546e-24, nan 
175.125, 87.375, 4.4648361156408585e-24, nan 
175.375, 87.375, 3.968964123008925e-24, nan 
175.625, 87.375, 3.7189855141684845e-24, nan 
175.875, 87.375, 3.6673017224831525e-24, nan 
176.125, 87.375, 3.486214199253927e-24, nan 
176.375, 87.375, 3.594753016229297e-24, nan 
176.625, 87.375, 3.506227396725649e-24, nan 
176.875, 87.375, 3.665004116894707e-24, nan 
177.125, 87.375, 3.8615400128651664e-24, nan 
177.375, 87.375, 4.562851007539188e-24, nan 
177.625, 87.375, 6.360278787255898e-24, nan 
177.875, 87.375, 7.743528784504371e-24, nan 
178.125, 87.375, 9.004488380499991e-24, nan 
178.375, 87.375, 9.791496156353683e-24, nan 
178.625, 87.375, 9.572849434121993e-24, nan 
178.875, 87.375, 8.371481689123143e-24, nan 
179.125, 87.375, 5.128765474916239e-24, nan 
179.375, 87.375, 4.698600248785376e-24, nan 
179.625, 87.375, 4.71878130485873e-24, nan 
179.875, 87.375, 4.786563096901162e-24, nan 
-179.875, 87.625, 3.762647053942747e-24, nan 
-179.625, 87.625, 3.9555920143009825e-24, nan 
-179.375, 87.625, 3.716563124175318e-24, nan 
-179.125, 87.625, 3.908625429596793e-24, nan 
-178.875, 87.625, 4.5114890968477306e-24, nan 
-178.625, 87.625, 4.62190536047095e-24, nan 
-178.375, 87.625, 4.399034650782012e-24, nan 
-178.125, 87.625, 4.6644698573192514e-24, nan 
-177.875, 87.625, 4.771376131492834e-24, nan 
-177.625, 87.625, 5.037752984047126e-24, nan 
-177.375, 87.625, 5.83214020653131e-24, nan 
-177.125, 87.625, 7.653559354741817e-24, nan 
-176.875, 87.625, 1.0576208588381298e-23, nan 
-176.625, 87.625, 1.1147404969110362e-23, nan 
-176.375, 87.625, 1.1175658842429908e-23, nan 
-176.125, 87.625, 1.1437969005310988e-23, nan 
-175.875, 87.625, 9.384174339192568e-24, nan 
-175.625, 87.625, 5.286273863080879e-24, nan 
-175.375, 87.625, 6.993906728513433e-24, nan 
-175.125, 87.625, 7.939135523915161e-24, nan 
-174.875, 87.625, 6.64341160750845e-24, nan 
-174.625, 87.625, 4.833184983420539e-24, nan 
-174.375, 87.625, 3.0692996115851264e-24, nan 
-174.125, 87.625, 2.4733421552402875e-24, nan 
-173.875, 87.625, 4.008102203035068e-24, nan 
-173.625, 87.625, 5.278398124429005e-24, nan 
-173.375, 87.625, 6.378274830493157e-24, nan 
-173.125, 87.625, 2.6429603994481332e-24, nan 
-172.875, 87.625, 2.138980087516443e-24, nan 
-172.625, 87.625, 1.8328480916560805e-24, nan 
-172.375, 87.625, 1.937376729637605e-24, nan 
-172.125, 87.625, 1.7372272665510034e-24, nan 
-171.875, 87.625, 2.4257277787753355e-24, nan 
-171.625, 87.625, 2.3656808509555554e-24, nan 
-171.375, 87.625, 2.675898500236306e-24, nan 
-171.125, 87.625, 3.1595663963009136e-24, nan 
-170.875, 87.625, 4.5421033619757946e-24, nan 
-170.625, 87.625, 6.196415687675215e-24, nan 
-170.375, 87.625, 6.620073773776814e-24, nan 
-170.125, 87.625, 6.744330963571833e-24, nan 
-169.875, 87.625, 6.86204588094443e-24, nan 
-169.625, 87.625, 5.58287743953616e-24, nan 
-169.375, 87.625, 5.39831786438369e-24, nan 
-169.125, 87.625, 7.266788644218301e-24, nan 
-168.875, 87.625, 8.161144554752757e-24, nan 
-168.625, 87.625, 7.941525660207874e-24, nan 
-168.375, 87.625, 7.114479836003485e-24, nan 
-168.125, 87.625, 7.160679015704326e-24, nan 
-167.875, 87.625, 6.820866865775518e-24, nan 
-167.625, 87.625, 6.543865705208478e-24, nan 
-167.375, 87.625, 6.272913827847712e-24, nan 
-167.125, 87.625, 6.038666163833121e-24, nan 
-166.875, 87.625, 5.675508266363063e-24, nan 
-166.625, 87.625, 5.3884905672163284e-24, nan 
-166.375, 87.625, 4.849776103471696e-24, nan 
-166.125, 87.625, 3.5298443618761824e-24, nan 
-165.875, 87.625, 1.8339637436096633e-24, nan 
-165.625, 87.625, 2.9503395171863618e-24, nan 
-165.375, 87.625, 3.081901484082483e-24, nan 
-165.125, 87.625, 2.5218491950113125e-24, nan 
-164.875, 87.625, 1.663808338155006e-24, nan 
-164.625, 87.625, 1.9184310185519394e-24, nan 
-164.375, 87.625, 1.8940130517977742e-24, nan 
-164.125, 87.625, 2.117368870162465e-24, nan 
-163.875, 87.625, 2.1616482183580408e-24, nan 
-163.625, 87.625, 2.1288453877372043e-24, nan 
-163.375, 87.625, 1.923339536400727e-24, nan 
-163.125, 87.625, 2.0587378194423063e-24, nan 
-162.875, 87.625, 2.70569430490147e-24, nan 
-162.625, 87.625, 3.051993479344068e-24, nan 
-162.375, 87.625, 3.4548198394551616e-24, nan 
-162.125, 87.625, 3.626524589308834e-24, nan 
-161.875, 87.625, 3.88680551955366e-24, nan 
-161.625, 87.625, 3.651689240452422e-24, nan 
-161.375, 87.625, 3.0222958683266645e-24, nan 
-161.125, 87.625, 2.2636003675943433e-24, nan 
-160.875, 87.625, 1.6897960744040515e-24, nan 
-160.625, 87.625, 1.6387196475619311e-24, nan 
-160.375, 87.625, 1.8804849103140203e-24, nan 
-160.125, 87.625, 1.702669004994875e-24, nan 
-159.875, 87.625, 1.516629995324251e-24, nan 
-159.625, 87.625, 1.8337435693352062e-24, nan 
-159.375, 87.625, 1.436868766436145e-24, nan 
-159.125, 87.625, 1.684881455937168e-24, nan 
-158.875, 87.625, 1.6099553916721223e-24, nan 
-158.625, 87.625, 1.964731404250909e-24, nan 
-158.375, 87.625, 2.1387416861441904e-24, nan 
-158.125, 87.625, 2.0021099849796945e-24, nan 
-157.875, 87.625, 2.33639916433152e-24, nan 
-157.625, 87.625, 2.5319737151677727e-24, nan 
-157.375, 87.625, 2.5058557721983892e-24, nan 
-157.125, 87.625, 2.3772112740476264e-24, nan 
-156.875, 87.625, 2.3756339884645074e-24, nan 
-156.625, 87.625, 2.3800831536753854e-24, nan 
-0.625, 87.625, 6.2797431775357e-24, nan 
-0.375, 87.625, 5.6444166330689844e-24, nan 
-0.125, 87.625, 4.744396356764258e-24, nan 
0.125, 87.625, 5.837525398744335e-24, nan 
0.375, 87.625, 8.333339348778089e-24, nan 
0.625, 87.625, 1.0463752731285041e-23, nan 
0.875, 87.625, 1.1285481285030598e-23, nan 
1.125, 87.625, 1.0542313417061865e-23, nan 
1.375, 87.625, 9.48475685814245e-24, nan 
1.625, 87.625, 8.89827523436214e-24, nan 
1.875, 87.625, 5.69774960470602e-24, nan 
2.125, 87.625, 4.574024630213428e-24, nan 
2.375, 87.625, 3.466733277916494e-24, nan 
2.625, 87.625, 2.7564176879413726e-24, nan 
2.875, 87.625, 2.320165576876444e-24, nan 
3.125, 87.625, 2.2863200958307887e-24, nan 
3.375, 87.625, 2.7926482553414443e-24, nan 
3.625, 87.625, 3.545451950028343e-24, nan 
3.875, 87.625, 3.507479031619609e-24, nan 
4.125, 87.625, 3.846134973974466e-24, nan 
4.375, 87.625, 4.003161995193446e-24, nan 
4.625, 87.625, 4.117295429356128e-24, nan 
4.875, 87.625, 4.625088118253371e-24, nan 
5.125, 87.625, 4.328731508018843e-24, nan 
5.375, 87.625, 4.739111128175363e-24, nan 
5.625, 87.625, 5.265752001290302e-24, nan 
5.875, 87.625, 7.09962001150383e-24, nan 
6.125, 87.625, 5.855200884638746e-24, nan 
6.375, 87.625, 4.748408582091123e-24, nan 
6.625, 87.625, 7.119631834540082e-24, nan 
6.875, 87.625, 8.273101959175098e-24, nan 
7.125, 87.625, 8.365090970838288e-24, nan 
7.375, 87.625, 8.48246513007662e-24, nan 
7.625, 87.625, 7.09179724016791e-24, nan 
7.875, 87.625, 7.009605524993068e-24, nan 
8.125, 87.625, 6.919480016776756e-24, nan 
8.375, 87.625, 5.236532232552856e-24, nan 
8.625, 87.625, 4.206792329344285e-24, nan 
8.875, 87.625, 3.711451610329325e-24, nan 
9.125, 87.625, 3.5603604842403774e-24, nan 
9.375, 87.625, 3.492264922526719e-24, nan 
9.625, 87.625, 2.3100179597128264e-24, nan 
9.875, 87.625, 2.0202466695297296e-24, nan 
10.125, 87.625, 2.3705858284538166e-24, nan 
10.375, 87.625, 2.771776568464772e-24, nan 
10.625, 87.625, 2.4070946473556158e-24, nan 
10.875, 87.625, 1.9307911086066103e-24, nan 
11.125, 87.625, 1.6709703249461086e-24, nan 
11.375, 87.625, 2.733572830823583e-24, nan 
11.625, 87.625, 5.983885280943899e-24, nan 
11.875, 87.625, 8.921078132945916e-24, nan 
12.125, 87.625, 9.99355856794038e-24, nan 
12.375, 87.625, 1.2420170830140147e-23, nan 
12.625, 87.625, 6.706919802763582e-24, nan 
12.875, 87.625, 5.063596138814925e-24, nan 
13.125, 87.625, 5.517552619844247e-24, nan 
13.375, 87.625, 4.4493551870438826e-24, nan 
13.625, 87.625, 6.1463744878363814e-24, nan 
13.875, 87.625, 4.0411853002228604e-24, nan 
14.125, 87.625, 6.0227224170823086e-24, nan 
14.375, 87.625, 5.67256926653995e-24, nan 
14.625, 87.625, 5.259282819999279e-24, nan 
14.875, 87.625, 5.3683772562047886e-24, nan 
15.125, 87.625, 5.507381577562485e-24, nan 
15.375, 87.625, 5.747463068800932e-24, nan 
15.625, 87.625, 5.788691985566758e-24, nan 
15.875, 87.625, 4.082408868379578e-24, nan 
16.125, 87.625, 6.457102366159788e-24, nan 
16.375, 87.625, 5.728701517670706e-24, nan 
16.625, 87.625, 5.513583406049892e-24, nan 
16.875, 87.625, 4.431479388177556e-24, nan 
17.125, 87.625, 3.610179839424992e-24, nan 
17.375, 87.625, 2.401177462193712e-24, nan 
17.625, 87.625, 2.4440510303580847e-24, nan 
17.875, 87.625, 4.126494535921995e-24, nan 
18.125, 87.625, 6.084391834576622e-24, nan 
18.375, 87.625, 7.080816656065003e-24, nan 
18.625, 87.625, 8.363954449162276e-24, nan 
18.875, 87.625, 2.619623194573185e-24, nan 
19.125, 87.625, 3.125374697454967e-24, nan 
19.375, 87.625, 4.274108093267492e-24, nan 
19.625, 87.625, 5.872289806281519e-24, nan 
19.875, 87.625, 6.0196890866231165e-24, nan 
20.125, 87.625, 4.3858280094059114e-24, nan 
20.375, 87.625, 4.912408306402243e-24, nan 
20.625, 87.625, 5.621735348068021e-24, nan 
20.875, 87.625, 5.519513774974609e-24, nan 
21.125, 87.625, 4.991871726008104e-24, nan 
21.375, 87.625, 5.1235921890335786e-24, nan 
21.625, 87.625, 5.644733264074006e-24, nan 
21.875, 87.625, 5.843825441701374e-24, nan 
22.125, 87.625, 5.8889928442163066e-24, nan 
22.375, 87.625, 5.779470900901289e-24, nan 
22.625, 87.625, 5.106715787576038e-24, nan 
22.875, 87.625, 5.006691344900445e-24, nan 
23.125, 87.625, 4.4449740047272034e-24, nan 
23.375, 87.625, 3.8474232722119266e-24, nan 
23.625, 87.625, 3.130529715671235e-24, nan 
23.875, 87.625, 2.6748748545230048e-24, nan 
24.125, 87.625, 2.5373143713685456e-24, nan 
24.375, 87.625, 2.36666608065035e-24, nan 
24.625, 87.625, 2.7852274035517828e-24, nan 
24.875, 87.625, 2.8303691501015922e-24, nan 
25.125, 87.625, 2.0572119721828165e-24, nan 
25.375, 87.625, 2.1103454853519427e-24, nan 
25.625, 87.625, 4.4551337231900345e-24, nan 
25.875, 87.625, 9.120945771285188e-24, nan 
26.125, 87.625, 5.471406120660317e-24, nan 
26.375, 87.625, 4.172277118279496e-24, nan 
26.625, 87.625, 6.5939136735704474e-24, nan 
26.875, 87.625, 6.79979281388837e-24, nan 
27.125, 87.625, 5.5215308364604835e-24, nan 
27.375, 87.625, 4.3551583237020154e-24, nan 
27.625, 87.625, 4.086500702916939e-24, nan 
27.875, 87.625, 4.263151666140385e-24, nan 
28.125, 87.625, 4.142973939884341e-24, nan 
28.375, 87.625, 4.226942214070781e-24, nan 
28.625, 87.625, 4.06466954651286e-24, nan 
28.875, 87.625, 3.806994217875177e-24, nan 
29.125, 87.625, 3.599353743578399e-24, nan 
29.375, 87.625, 3.2025793960268377e-24, nan 
29.625, 87.625, 2.9705841929582883e-24, nan 
29.875, 87.625, 2.7316813842607217e-24, nan 
30.125, 87.625, 2.5930330096191703e-24, nan 
30.375, 87.625, 2.4867245245555102e-24, nan 
30.625, 87.625, 1.706861317051203e-24, nan 
30.875, 87.625, 1.7496777942313165e-24, nan 
31.125, 87.625, 1.9127114804300575e-24, nan 
31.375, 87.625, 2.0374572938039635e-24, nan 
31.625, 87.625, 2.423186907715952e-24, nan 
31.875, 87.625, 3.892022291378621e-24, nan 
32.125, 87.625, 6.381519456614776e-24, nan 
32.375, 87.625, 4.490944841918654e-24, nan 
32.625, 87.625, 2.5808231815985494e-24, nan 
32.875, 87.625, 2.2648907327854972e-24, nan 
33.125, 87.625, 2.3358234047484858e-24, nan 
33.375, 87.625, 2.4118662651977904e-24, nan 
33.625, 87.625, 2.546221797281215e-24, nan 
33.875, 87.625, 2.533292817075702e-24, nan 
34.125, 87.625, 2.1282621147363457e-24, nan 
34.375, 87.625, 8.96224766588113e-25, nan 
34.625, 87.625, 1.722917514632252e-24, nan 
34.875, 87.625, 1.9341246628432344e-24, nan 
35.125, 87.625, 1.5878188880881481e-24, nan 
35.375, 87.625, 1.2448033930113092e-24, nan 
35.625, 87.625, 1.664778443164034e-24, nan 
35.875, 87.625, 2.6708108969366558e-24, nan 
36.125, 87.625, 2.5707930443689357e-24, nan 
36.375, 87.625, 2.4950695198749992e-24, nan 
36.625, 87.625, 2.419316406064407e-24, nan 
36.875, 87.625, 2.079871910907963e-24, nan 
37.125, 87.625, 2.0486929410099207e-24, nan 
37.375, 87.625, 1.8802059253829606e-24, nan 
37.625, 87.625, 2.018023714178882e-24, nan 
37.875, 87.625, 2.1536842225414426e-24, nan 
38.125, 87.625, 2.173710131230711e-24, nan 
38.375, 87.625, 2.4113380913317802e-24, nan 
38.625, 87.625, 1.9691817357967362e-24, nan 
38.875, 87.625, 1.863394795565001e-24, nan 
39.125, 87.625, 1.9961042589312707e-24, nan 
39.375, 87.625, 2.0887556516719113e-24, nan 
39.625, 87.625, 3.085149437107177e-24, nan 
39.875, 87.625, 4.3925949125891654e-24, nan 
40.125, 87.625, 4.707478124229348e-24, nan 
40.375, 87.625, 4.879939169839685e-24, nan 
40.625, 87.625, 4.95145044815196e-24, nan 
40.875, 87.625, 4.973910320878817e-24, nan 
41.125, 87.625, 5.03593066353384e-24, nan 
41.375, 87.625, 5.068326875077494e-24, nan 
41.625, 87.625, 4.8877195069505875e-24, nan 
41.875, 87.625, 4.551099407387495e-24, nan 
42.125, 87.625, 3.42708782518643e-24, nan 
42.375, 87.625, 3.820859509644205e-24, nan 
42.625, 87.625, 5.177850242346177e-24, nan 
42.875, 87.625, 5.0347908228416315e-24, nan 
43.125, 87.625, 4.81322206779753e-24, nan 
43.375, 87.625, 4.511882066589786e-24, nan 
43.625, 87.625, 3.987853946890665e-24, nan 
43.875, 87.625, 2.767945077105874e-24, nan 
44.125, 87.625, 2.0375781127979195e-24, nan 
44.375, 87.625, 2.2817719969118163e-24, nan 
44.625, 87.625, 2.9402317455119398e-24, nan 
44.875, 87.625, 2.3828035378492485e-24, nan 
45.125, 87.625, 1.721838548690609e-24, nan 
45.375, 87.625, 1.4600947597038396e-24, nan 
45.625, 87.625, 1.2868187015703037e-24, nan 
45.875, 87.625, 1.6044981064083965e-24, nan 
46.125, 87.625, 1.1679393699468017e-24, nan 
46.375, 87.625, 4.328613675114287e-24, nan 
46.625, 87.625, 5.6677028745899396e-24, nan 
46.875, 87.625, 6.404838691329518e-24, nan 
47.125, 87.625, 7.130902609202172e-24, nan 
47.375, 87.625, 8.096625368435608e-24, nan 
47.625, 87.625, 8.801664985375085e-24, nan 
47.875, 87.625, 9.714595970351016e-24, nan 
48.125, 87.625, 1.0785186382108653e-23, nan 
48.375, 87.625, 8.713875878070424e-24, nan 
48.625, 87.625, 6.769093090934305e-24, nan 
48.875, 87.625, 5.8448491496785345e-24, nan 
49.125, 87.625, 5.4143949552375076e-24, nan 
49.375, 87.625, 5.271686368503638e-24, nan 
49.625, 87.625, 5.0469990404064465e-24, nan 
49.875, 87.625, 4.513929333628581e-24, nan 
50.125, 87.625, 3.3017196037106583e-24, nan 
50.375, 87.625, 2.9915013031561214e-24, nan 
50.625, 87.625, 3.980201483242741e-24, nan 
50.875, 87.625, 4.127833489438954e-24, nan 
51.125, 87.625, 3.514442024025831e-24, nan 
51.375, 87.625, 2.950090210561363e-24, nan 
51.625, 87.625, 3.774097237230397e-24, nan 
51.875, 87.625, 4.001421205802065e-24, nan 
52.125, 87.625, 4.28166815356989e-24, nan 
52.375, 87.625, 4.0500173210642365e-24, nan 
52.625, 87.625, 4.616734686004944e-24, nan 
52.875, 87.625, 5.386492747930424e-24, nan 
53.125, 87.625, 6.2436851185698996e-24, nan 
53.375, 87.625, 7.467605019100923e-24, nan 
53.625, 87.625, 9.153233320809552e-24, nan 
53.875, 87.625, 1.0378367609575567e-23, nan 
54.125, 87.625, 1.2267995743736497e-23, nan 
54.375, 87.625, 1.4912534674053434e-23, nan 
54.625, 87.625, 1.2368498614106226e-23, nan 
54.875, 87.625, 8.765945209529201e-24, nan 
55.125, 87.625, 2.1190512415675382e-24, nan 
55.375, 87.625, 2.3671884707948107e-24, nan 
55.625, 87.625, 6.4379234043303135e-24, nan 
55.875, 87.625, 3.2902895015069752e-24, nan 
56.125, 87.625, 2.8224527254821466e-24, nan 
56.375, 87.625, 3.3237710173259894e-24, nan 
56.625, 87.625, 4.0633020289500606e-24, nan 
56.875, 87.625, 5.0174130532767156e-24, nan 
57.125, 87.625, 6.2582789008664564e-24, nan 
57.375, 87.625, 7.532570032456144e-24, nan 
57.625, 87.625, 8.182777411952001e-24, nan 
57.875, 87.625, 9.776126578226153e-24, nan 
58.125, 87.625, 1.0277341049084502e-23, nan 
58.375, 87.625, 1.0052849045173001e-23, nan 
58.625, 87.625, 9.171054154125653e-24, nan 
58.875, 87.625, 9.061530207241815e-24, nan 
59.125, 87.625, 8.673521204168547e-24, nan 
59.375, 87.625, 8.774575084227636e-24, nan 
59.625, 87.625, 9.38676569353958e-24, nan 
59.875, 87.625, 1.0106296547541777e-23, nan 
60.125, 87.625, 1.0816605410736632e-23, nan 
60.375, 87.625, 1.181354890769191e-23, nan 
60.625, 87.625, 1.303964571208398e-23, nan 
60.875, 87.625, 1.2064095690214196e-23, nan 
61.125, 87.625, 1.037468631748401e-23, nan 
61.375, 87.625, 9.025484068094469e-24, nan 
61.625, 87.625, 9.437748672573159e-24, nan 
61.875, 87.625, 9.324223466404254e-24, nan 
62.125, 87.625, 6.762030974455841e-24, nan 
62.375, 87.625, 7.332370475588485e-24, nan 
62.625, 87.625, 7.412203458378177e-24, nan 
62.875, 87.625, 8.318678620872838e-24, nan 
63.125, 87.625, 1.0378817846657725e-23, nan 
63.375, 87.625, 9.960096168422409e-24, nan 
63.625, 87.625, 8.409416561179319e-24, nan 
63.875, 87.625, 7.965288838337277e-24, nan 
64.125, 87.625, 8.459654480052466e-24, nan 
64.375, 87.625, 8.506270548955138e-24, nan 
64.625, 87.625, 9.324087600275546e-24, nan 
64.875, 87.625, 1.2249807571525282e-23, nan 
65.125, 87.625, 1.3530537651439894e-23, nan 
65.375, 87.625, 1.4628987025980386e-23, nan 
65.625, 87.625, 1.3687540005929358e-23, nan 
65.875, 87.625, 1.1616341863661973e-23, nan 
66.125, 87.625, 1.2156287195766418e-23, nan 
66.375, 87.625, 1.1884138861963941e-23, nan 
66.625, 87.625, 9.636381666958719e-24, nan 
66.875, 87.625, 7.407623252714802e-24, nan 
67.125, 87.625, 6.382215898248037e-24, nan 
67.375, 87.625, 6.422576098573611e-24, nan 
67.625, 87.625, 1.1908396983957115e-23, nan 
67.875, 87.625, 7.486362684056085e-24, nan 
68.125, 87.625, 8.014904316085857e-24, nan 
68.375, 87.625, 7.925397249263319e-24, nan 
68.625, 87.625, 8.332224354228607e-24, nan 
68.875, 87.625, 7.913563860401878e-24, nan 
69.125, 87.625, 7.567402864137015e-24, nan 
69.375, 87.625, 1.27589951146055e-23, nan 
69.625, 87.625, 1.3814620568094932e-23, nan 
69.875, 87.625, 1.0822823444762457e-23, nan 
70.125, 87.625, 1.0592383265223868e-23, nan 
70.375, 87.625, 1.1260786749781192e-23, nan 
70.625, 87.625, 1.1448857119628531e-23, nan 
70.875, 87.625, 1.5770415922740608e-23, nan 
71.125, 87.625, 2.3840045306754953e-23, nan 
71.375, 87.625, 2.446195501791881e-23, nan 
71.625, 87.625, 2.6233428120831848e-23, nan 
71.875, 87.625, 2.4346118946325548e-23, nan 
72.125, 87.625, 1.458491680542872e-23, nan 
72.375, 87.625, 1.4658237257585004e-23, nan 
72.625, 87.625, 1.6244472993217612e-23, nan 
72.875, 87.625, 1.7095134914373114e-23, nan 
73.125, 87.625, 1.7118427163150984e-23, nan 
73.375, 87.625, 1.738281670758245e-23, nan 
73.625, 87.625, 1.43053086578891e-23, nan 
73.875, 87.625, 1.5409566515313836e-23, nan 
74.125, 87.625, 1.7013019459186957e-23, nan 
74.375, 87.625, 1.7384081089204188e-23, nan 
74.625, 87.625, 1.7058802437118134e-23, nan 
74.875, 87.625, 1.7631183108299665e-23, nan 
75.125, 87.625, 1.8000758606655868e-23, nan 
75.375, 87.625, 1.416461479536397e-23, nan 
75.625, 87.625, 9.62730728215872e-24, nan 
75.875, 87.625, 1.1854482022183377e-23, nan 
76.125, 87.625, 1.2814047015653221e-23, nan 
76.375, 87.625, 1.3821964017600488e-23, nan 
76.625, 87.625, 1.5293039240906568e-23, nan 
76.875, 87.625, 1.6152840208626298e-23, nan 
77.125, 87.625, 1.7489824228974205e-23, nan 
77.375, 87.625, 1.9069005705782653e-23, nan 
77.625, 87.625, 1.5627213790124448e-23, nan 
77.875, 87.625, 1.6168420385534682e-23, nan 
78.125, 87.625, 1.6168425328721325e-23, nan 
78.375, 87.625, 1.7247800594194364e-23, nan 
78.625, 87.625, 2.1614282235742108e-23, nan 
78.875, 87.625, 1.821400630267234e-23, nan 
79.125, 87.625, 1.3999920223808868e-23, nan 
79.375, 87.625, 1.3175690954033964e-23, nan 
79.625, 87.625, 1.088165130651408e-23, nan 
79.875, 87.625, 7.638910368747736e-24, nan 
80.125, 87.625, 3.686818206854001e-24, nan 
80.375, 87.625, 1.4878124604941955e-23, nan 
80.625, 87.625, 1.714256189347764e-23, nan 
80.875, 87.625, 1.7062900982586492e-23, nan 
81.125, 87.625, 1.778642858801078e-23, nan 
81.375, 87.625, 1.8093476076017022e-23, nan 
81.625, 87.625, 1.4604703008564247e-23, nan 
81.875, 87.625, 7.567302926902974e-24, nan 
82.125, 87.625, 4.2606031108268154e-24, nan 
82.375, 87.625, 9.722163277502046e-24, nan 
82.625, 87.625, 1.111960922555946e-23, nan 
82.875, 87.625, 1.3040300444561477e-23, nan 
83.125, 87.625, 1.4138680166459685e-23, nan 
83.375, 87.625, 1.4386387102858315e-23, nan 
83.625, 87.625, 1.442140552619262e-23, nan 
83.875, 87.625, 1.2649002611551208e-23, nan 
84.125, 87.625, 1.0285225989533768e-23, nan 
84.375, 87.625, 7.141819113596934e-24, nan 
84.625, 87.625, 7.601288940368734e-24, nan 
84.875, 87.625, 1.0718370736952861e-23, nan 
85.125, 87.625, 8.213098364298012e-24, nan 
85.375, 87.625, 5.1807026774482486e-24, nan 
85.625, 87.625, 5.371501300871834e-24, nan 
85.875, 87.625, 5.3455413659775786e-24, nan 
86.125, 87.625, 4.923458817681232e-24, nan 
86.375, 87.625, 5.514625533910545e-24, nan 
86.625, 87.625, 7.648355128801348e-24, nan 
86.875, 87.625, 8.084343401917245e-24, nan 
87.125, 87.625, 6.4506351751178555e-24, nan 
87.375, 87.625, 7.247545008797157e-24, nan 
87.625, 87.625, 8.828670992792704e-24, nan 
87.875, 87.625, 9.134509814363325e-24, nan 
88.125, 87.625, 9.049972620335072e-24, nan 
88.375, 87.625, 9.143610185169445e-24, nan 
88.625, 87.625, 1.017146487517962e-23, nan 
88.875, 87.625, 9.839752370065449e-24, nan 
89.125, 87.625, 9.731417063791531e-24, nan 
89.375, 87.625, 9.376349797994727e-24, nan 
89.625, 87.625, 8.911655062153587e-24, nan 
89.875, 87.625, 9.441717333989258e-24, nan 
90.125, 87.625, 9.014588574243632e-24, nan 
90.375, 87.625, 8.930750067273842e-24, nan 
90.625, 87.625, 7.90319603982931e-24, nan 
90.875, 87.625, 7.89954090281947e-24, nan 
91.125, 87.625, 7.605685019596996e-24, nan 
91.375, 87.625, 7.445604822857624e-24, nan 
91.625, 87.625, 8.587469456634823e-24, nan 
91.875, 87.625, 9.90425749934474e-24, nan 
92.125, 87.625, 9.66708327316123e-24, nan 
92.375, 87.625, 9.283717523298125e-24, nan 
92.625, 87.625, 9.678568688568227e-24, nan 
92.875, 87.625, 9.276515742888488e-24, nan 
93.125, 87.625, 9.098866309741543e-24, nan 
93.375, 87.625, 8.789696137690708e-24, nan 
93.625, 87.625, 9.285725367045781e-24, nan 
93.875, 87.625, 1.1541698934422827e-23, nan 
94.125, 87.625, 1.3009998621355611e-23, nan 
94.375, 87.625, 1.3669801921038373e-23, nan 
94.625, 87.625, 1.2345940665275924e-23, nan 
94.875, 87.625, 1.1310846773017291e-23, nan 
95.125, 87.625, 1.081815553023097e-23, nan 
95.375, 87.625, 1.2307690582074405e-23, nan 
95.625, 87.625, 1.2497182272950793e-23, nan 
95.875, 87.625, 1.0648345079910362e-23, nan 
96.125, 87.625, 8.167116204124085e-24, nan 
96.375, 87.625, 5.4008819151162614e-24, nan 
96.625, 87.625, 6.162122046480597e-24, nan 
96.875, 87.625, 6.62379375563698e-24, nan 
97.125, 87.625, 6.958966211960056e-24, nan 
97.375, 87.625, 6.562581947045145e-24, nan 
97.625, 87.625, 8.919653355682312e-24, nan 
97.875, 87.625, 8.650723706792343e-24, nan 
98.125, 87.625, 7.491996095709358e-24, nan 
98.375, 87.625, 1.0114175448328431e-23, nan 
98.625, 87.625, 1.1787015660678754e-23, nan 
98.875, 87.625, 1.0174593854195648e-23, nan 
99.125, 87.625, 8.315546337344777e-24, nan 
99.375, 87.625, 1.5092994467901072e-23, nan 
99.625, 87.625, 1.980928107841595e-23, nan 
99.875, 87.625, 2.2230271830435985e-23, nan 
100.125, 87.625, 2.292878219151448e-23, nan 
100.375, 87.625, 2.2059981786295512e-23, nan 
100.625, 87.625, 2.0517731281347494e-23, nan 
100.875, 87.625, 2.393755771793466e-23, nan 
101.125, 87.625, 1.796972139578084e-23, nan 
101.375, 87.625, 1.748544881652169e-23, nan 
101.625, 87.625, 2.2435890409748457e-23, nan 
101.875, 87.625, 2.5107004646710428e-23, nan 
102.125, 87.625, 2.5512114913623459e-23, nan 
102.375, 87.625, 2.2508910887973202e-23, nan 
102.625, 87.625, 1.2224603935836926e-23, nan 
102.875, 87.625, 9.301461330922639e-24, nan 
103.125, 87.625, 8.30148430324854e-24, nan 
103.375, 87.625, 8.579666098156487e-24, nan 
103.625, 87.625, 9.396139047300562e-24, nan 
103.875, 87.625, 1.430061073102171e-23, nan 
104.125, 87.625, 1.8115349161753657e-23, nan 
104.375, 87.625, 1.3501555715001053e-23, nan 
104.625, 87.625, 1.3190769184774931e-23, nan 
104.875, 87.625, 1.1807698261142883e-23, nan 
105.125, 87.625, 1.0260379411709439e-23, nan 
105.375, 87.625, 9.653608782724624e-24, nan 
105.625, 87.625, 9.766700840282109e-24, nan 
105.875, 87.625, 1.2699720349070683e-23, nan 
106.125, 87.625, 1.5624888629615553e-23, nan 
106.375, 87.625, 1.6922587139147074e-23, nan 
106.625, 87.625, 1.7425951812884117e-23, nan 
106.875, 87.625, 1.7223614458780356e-23, nan 
107.125, 87.625, 1.6915344447650686e-23, nan 
107.375, 87.625, 1.5592418663685446e-23, nan 
107.625, 87.625, 1.6487714139140598e-23, nan 
107.875, 87.625, 1.8052644445701748e-23, nan 
108.125, 87.625, 1.671018130078804e-23, nan 
108.375, 87.625, 1.482874780933783e-23, nan 
108.625, 87.625, 1.3099624481507544e-23, nan 
108.875, 87.625, 8.893459266268741e-24, nan 
109.125, 87.625, 8.677966756446717e-24, nan 
109.375, 87.625, 1.1415039101664366e-23, nan 
109.625, 87.625, 1.835190220266386e-23, nan 
109.875, 87.625, 8.437643880163049e-24, nan 
110.125, 87.625, 1.2286564765624106e-23, nan 
110.375, 87.625, 1.5632045301688593e-23, nan 
110.625, 87.625, 1.2078990675377918e-23, nan 
110.875, 87.625, 6.046130714755885e-24, nan 
111.125, 87.625, 6.80259306631724e-24, nan 
111.375, 87.625, 7.321808711679887e-24, nan 
111.625, 87.625, 7.256877427261933e-24, nan 
111.875, 87.625, 7.066301638594791e-24, nan 
112.125, 87.625, 7.294302241757494e-24, nan 
112.375, 87.625, 8.731906823658623e-24, nan 
112.625, 87.625, 1.032430546962882e-23, nan 
112.875, 87.625, 1.2343353627325372e-23, nan 
113.125, 87.625, 1.5188056148104192e-23, nan 
113.375, 87.625, 1.808168142497396e-23, nan 
113.625, 87.625, 1.8913718179439455e-23, nan 
113.875, 87.625, 2.0683856524134383e-23, nan 
114.125, 87.625, 1.8850624733385108e-23, nan 
114.375, 87.625, 1.4892405431920066e-23, nan 
114.625, 87.625, 9.900774202484116e-24, nan 
114.875, 87.625, 5.039167605152779e-24, nan 
115.125, 87.625, 2.2048749945541376e-24, nan 
115.375, 87.625, 2.1268235248771557e-24, nan 
115.625, 87.625, 2.6869433901343777e-24, nan 
115.875, 87.625, 3.0341772307765214e-24, nan 
116.125, 87.625, 2.5799751016905298e-24, nan 
116.375, 87.625, 9.135065955500394e-24, nan 
116.625, 87.625, 1.8450270510153674e-23, nan 
116.875, 87.625, 1.7613329805370453e-23, nan 
117.125, 87.625, 1.7635105923977067e-23, nan 
117.375, 87.625, 1.612610384959644e-23, nan 
117.625, 87.625, 1.1428324685127562e-23, nan 
117.875, 87.625, 7.955770464467802e-24, nan 
118.125, 87.625, 6.903543706366834e-24, nan 
118.375, 87.625, 6.4655243315809574e-24, nan 
118.625, 87.625, 6.4580672904655194e-24, nan 
118.875, 87.625, 7.825081097799581e-24, nan 
119.125, 87.625, 9.048802599453642e-24, nan 
119.375, 87.625, 1.2723726431696122e-23, nan 
119.625, 87.625, 1.5784556875905578e-23, nan 
119.875, 87.625, 1.6196583175331597e-23, nan 
120.125, 87.625, 1.9010223398745135e-23, nan 
120.375, 87.625, 1.9385725524742586e-23, nan 
120.625, 87.625, 2.1135075944194624e-23, nan 
120.875, 87.625, 1.9632031431717787e-23, nan 
121.125, 87.625, 1.7555370950086766e-23, nan 
121.375, 87.625, 1.461315824187472e-23, nan 
121.625, 87.625, 9.167199667870256e-24, nan 
121.875, 87.625, 5.074806633234423e-24, nan 
122.125, 87.625, 4.830776762820797e-24, nan 
122.375, 87.625, 4.937782624301626e-24, nan 
122.625, 87.625, 5.239511961842181e-24, nan 
122.875, 87.625, 5.22318129115468e-24, nan 
123.125, 87.625, 4.772966316244773e-24, nan 
123.375, 87.625, 4.856335543753402e-24, nan 
123.625, 87.625, 5.1315602063761756e-24, nan 
123.875, 87.625, 5.4289267323351456e-24, nan 
124.125, 87.625, 6.4437944544554384e-24, nan 
124.375, 87.625, 8.882149654489997e-24, nan 
124.625, 87.625, 5.215201203166506e-24, nan 
124.875, 87.625, 1.7876675852308722e-23, nan 
125.125, 87.625, 1.069865738980249e-23, nan 
125.375, 87.625, 7.533159069504964e-24, nan 
125.625, 87.625, 7.165378154936698e-24, nan 
125.875, 87.625, 7.184363047545369e-24, nan 
126.125, 87.625, 6.5022663858723355e-24, nan 
126.375, 87.625, 7.232773028877677e-24, nan 
126.625, 87.625, 8.864756820810112e-24, nan 
126.875, 87.625, 1.1162133132952349e-23, nan 
127.125, 87.625, 1.1841231615537766e-23, nan 
127.375, 87.625, 9.432841864298393e-24, nan 
127.625, 87.625, 5.8508309501516646e-24, nan 
127.875, 87.625, 6.502773769241015e-24, nan 
128.125, 87.625, 8.397167103197789e-24, nan 
128.375, 87.625, 9.714409509972849e-24, nan 
128.625, 87.625, 1.0802162242466227e-23, nan 
128.875, 87.625, 1.1359581932448799e-23, nan 
129.125, 87.625, 1.2759714464316975e-23, nan 
129.375, 87.625, 1.3686405503808104e-23, nan 
129.625, 87.625, 1.3661322750829214e-23, nan 
129.875, 87.625, 1.2569545445621178e-23, nan 
130.125, 87.625, 1.0190113949343671e-23, nan 
130.375, 87.625, 6.509961517352228e-24, nan 
130.625, 87.625, 2.963296572855703e-24, nan 
130.875, 87.625, 4.070274291704096e-24, nan 
131.125, 87.625, 1.0064289614811624e-23, nan 
131.375, 87.625, 1.1309847006753946e-23, nan 
131.625, 87.625, 1.1776549860433822e-23, nan 
131.875, 87.625, 1.1206791367617196e-23, nan 
132.125, 87.625, 1.0726412135111353e-23, nan 
132.375, 87.625, 1.0734261556819626e-23, nan 
132.625, 87.625, 1.1070872901226843e-23, nan 
132.875, 87.625, 1.1748315362813367e-23, nan 
133.125, 87.625, 1.3430670252899823e-23, nan 
133.375, 87.625, 1.423803225825034e-23, nan 
133.625, 87.625, 1.0195550999866136e-23, nan 
133.875, 87.625, 4.5625907120573285e-24, nan 
134.125, 87.625, 9.475924623150803e-24, nan 
134.375, 87.625, 1.280811467107541e-23, nan 
134.625, 87.625, 1.372806386885972e-23, nan 
134.875, 87.625, 1.3881057973664818e-23, nan 
135.125, 87.625, 1.407366065824483e-23, nan 
135.375, 87.625, 1.430979624010165e-23, nan 
135.625, 87.625, 1.4861291728776512e-23, nan 
135.875, 87.625, 1.435749838594721e-23, nan 
136.125, 87.625, 1.4943263006333944e-23, nan 
136.375, 87.625, 1.2658456833846066e-23, nan 
136.625, 87.625, 7.886299206802219e-24, nan 
136.875, 87.625, 3.0401409255427735e-24, nan 
137.125, 87.625, 7.05222985204282e-24, nan 
137.375, 87.625, 1.2680790042118046e-23, nan 
137.625, 87.625, 1.601647059016765e-23, nan 
137.875, 87.625, 1.6965582753287384e-23, nan 
138.125, 87.625, 1.7315685217362408e-23, nan 
138.375, 87.625, 1.7503832411736004e-23, nan 
138.625, 87.625, 1.8102041262748243e-23, nan 
138.875, 87.625, 1.864745072191727e-23, nan 
139.125, 87.625, 1.916586420884454e-23, nan 
139.375, 87.625, 1.9427123420110576e-23, nan 
139.625, 87.625, 1.8479875821229028e-23, nan 
139.875, 87.625, 1.4476040366761567e-23, nan 
140.125, 87.625, 1.2960808552496568e-23, nan 
140.375, 87.625, 1.2249182919974948e-23, nan 
140.625, 87.625, 1.133094694160343e-23, nan 
140.875, 87.625, 8.316206391431348e-24, nan 
141.125, 87.625, 8.149789670424067e-24, nan 
141.375, 87.625, 8.290692043207412e-24, nan 
141.625, 87.625, 9.090604503089989e-24, nan 
141.875, 87.625, 9.810452256919015e-24, nan 
142.125, 87.625, 9.866082587856144e-24, nan 
142.375, 87.625, 1.3324772615986855e-23, nan 
142.625, 87.625, 1.3321630977698244e-23, nan 
142.875, 87.625, 1.0822788556813879e-23, nan 
143.125, 87.625, 6.053737392743668e-24, nan 
143.375, 87.625, 4.2125307126267415e-24, nan 
143.625, 87.625, 8.049265462136443e-24, nan 
143.875, 87.625, 1.105046139745291e-23, nan 
144.125, 87.625, 1.0423692492161224e-23, nan 
144.375, 87.625, 9.285146963977018e-24, nan 
144.625, 87.625, 9.250258074712952e-24, nan 
144.875, 87.625, 9.004506899146561e-24, nan 
145.125, 87.625, 8.319810157686994e-24, nan 
145.375, 87.625, 7.913025626612222e-24, nan 
145.625, 87.625, 7.82959527970956e-24, nan 
145.875, 87.625, 8.753984486403487e-24, nan 
146.125, 87.625, 6.108717814327689e-24, nan 
146.375, 87.625, 6.0923918276604606e-24, nan 
146.625, 87.625, 8.522897390888251e-24, nan 
146.875, 87.625, 1.0934401861288089e-23, nan 
147.125, 87.625, 1.1373055256176564e-23, nan 
147.375, 87.625, 1.1393271538957095e-23, nan 
147.625, 87.625, 1.1777889721672443e-23, nan 
147.875, 87.625, 1.3534885597107002e-23, nan 
148.125, 87.625, 1.5481407568786645e-23, nan 
148.375, 87.625, 1.7559244230010825e-23, nan 
148.625, 87.625, 1.6550366663522816e-23, nan 
148.875, 87.625, 1.4478136237589263e-23, nan 
149.125, 87.625, 1.2406447846411527e-23, nan 
149.375, 87.625, 9.265933302337758e-24, nan 
149.625, 87.625, 3.185778654219851e-24, nan 
149.875, 87.625, 2.971218967469054e-24, nan 
150.125, 87.625, 7.982099288265151e-24, nan 
150.375, 87.625, 1.020706145563988e-23, nan 
150.625, 87.625, 1.0207373094960198e-23, nan 
150.875, 87.625, 7.61657668768222e-24, nan 
151.125, 87.625, 2.9947492305342286e-24, nan 
151.375, 87.625, 4.320585606957484e-24, nan 
151.625, 87.625, 5.983688139598037e-24, nan 
151.875, 87.625, 7.141223298276618e-24, nan 
152.125, 87.625, 7.9229027502319e-24, nan 
152.375, 87.625, 8.789994016940302e-24, nan 
152.625, 87.625, 9.14364674806281e-24, nan 
152.875, 87.625, 9.149201718509641e-24, nan 
153.125, 87.625, 9.134149319782167e-24, nan 
153.375, 87.625, 7.798101436229584e-24, nan 
153.625, 87.625, 5.787426136768689e-24, nan 
153.875, 87.625, 7.755946344407221e-24, nan 
154.125, 87.625, 1.0832388777227817e-23, nan 
154.375, 87.625, 1.3692214156252732e-23, nan 
154.625, 87.625, 1.4232144367774676e-23, nan 
154.875, 87.625, 1.2072159940144389e-23, nan 
155.125, 87.625, 7.018156301727286e-24, nan 
155.375, 87.625, 2.699057908999333e-24, nan 
155.625, 87.625, 3.833071257830528e-24, nan 
155.875, 87.625, 3.0896925746964696e-24, nan 
156.125, 87.625, 3.540563878572465e-24, nan 
156.375, 87.625, 3.382663302352607e-24, nan 
156.625, 87.625, 3.849651773770521e-24, nan 
156.875, 87.625, 4.5425891867602916e-24, nan 
157.125, 87.625, 5.604953621312486e-24, nan 
157.375, 87.625, 5.894776730723304e-24, nan 
157.625, 87.625, 7.492301201446437e-24, nan 
157.875, 87.625, 8.269480544020651e-24, nan 
158.125, 87.625, 8.227891462036754e-24, nan 
158.375, 87.625, 8.110704006739956e-24, nan 
158.625, 87.625, 7.083946573799268e-24, nan 
158.875, 87.625, 6.3401686780599815e-24, nan 
159.125, 87.625, 6.3696170124091236e-24, nan 
159.375, 87.625, 6.504536227781509e-24, nan 
159.625, 87.625, 6.24126788785911e-24, nan 
159.875, 87.625, 5.9367095970682265e-24, nan 
160.125, 87.625, 4.0268910796694476e-24, nan 
160.375, 87.625, 4.60857564184793e-24, nan 
160.625, 87.625, 6.970346368038e-24, nan 
160.875, 87.625, 7.661879441875989e-24, nan 
161.125, 87.625, 7.088389991124202e-24, nan 
161.375, 87.625, 4.6463171747409255e-24, nan 
161.625, 87.625, 3.951813497266551e-24, nan 
161.875, 87.625, 3.704960512073957e-24, nan 
162.125, 87.625, 3.429905621191949e-24, nan 
162.375, 87.625, 5.1180418937245564e-24, nan 
162.625, 87.625, 5.218433208060768e-24, nan 
162.875, 87.625, 6.207347721840396e-24, nan 
163.125, 87.625, 7.082989662487647e-24, nan 
163.375, 87.625, 8.244797555929626e-24, nan 
163.625, 87.625, 8.79355296747201e-24, nan 
163.875, 87.625, 9.37699712284208e-24, nan 
164.125, 87.625, 9.188839964557242e-24, nan 
164.375, 87.625, 8.067927605591004e-24, nan 
164.625, 87.625, 7.51500872450873e-24, nan 
164.875, 87.625, 5.228926235163254e-24, nan 
165.125, 87.625, 4.663692869589147e-24, nan 
165.375, 87.625, 3.564027469386193e-24, nan 
165.625, 87.625, 2.6825372225798825e-24, nan 
165.875, 87.625, 3.674717465181685e-24, nan 
166.125, 87.625, 4.920153470953949e-24, nan 
166.375, 87.625, 4.4246489607907564e-24, nan 
166.625, 87.625, 3.0169989542198515e-24, nan 
166.875, 87.625, 2.927262636239061e-24, nan 
167.125, 87.625, 2.8969431734434726e-24, nan 
167.375, 87.625, 4.739734985568934e-24, nan 
167.625, 87.625, 5.5219841619748645e-24, nan 
167.875, 87.625, 6.0305670647911515e-24, nan 
168.125, 87.625, 7.050782739032742e-24, nan 
168.375, 87.625, 9.21492999375694e-24, nan 
168.625, 87.625, 1.1560465481546241e-23, nan 
168.875, 87.625, 7.517898159182464e-24, nan 
169.125, 87.625, 7.058996422678643e-24, nan 
169.375, 87.625, 7.10406601223466e-24, nan 
169.625, 87.625, 7.21680524165006e-24, nan 
169.875, 87.625, 7.505997853153187e-24, nan 
170.125, 87.625, 7.73552572199152e-24, nan 
170.375, 87.625, 7.395544846754293e-24, nan 
170.625, 87.625, 6.809823595395541e-24, nan 
170.875, 87.625, 6.493264592357962e-24, nan 
171.125, 87.625, 5.82512875717329e-24, nan 
171.375, 87.625, 5.108926254358363e-24, nan 
171.625, 87.625, 5.8022815622223126e-24, nan 
171.875, 87.625, 7.074963282753029e-24, nan 
172.125, 87.625, 8.2542985982025e-24, nan 
172.375, 87.625, 7.9241392957588e-24, nan 
172.625, 87.625, 6.162524309024181e-24, nan 
172.875, 87.625, 4.1187306483003024e-24, nan 
173.125, 87.625, 2.6416071892032427e-24, nan 
173.375, 87.625, 2.1905955417329514e-24, nan 
173.625, 87.625, 3.7557240949795815e-24, nan 
173.875, 87.625, 5.583713326855976e-24, nan 
174.125, 87.625, 6.1838931029327244e-24, nan 
174.375, 87.625, 5.603758963490198e-24, nan 
174.625, 87.625, 3.932520683531047e-24, nan 
174.875, 87.625, 2.9806771925896947e-24, nan 
175.125, 87.625, 3.416337306574554e-24, nan 
175.375, 87.625, 4.0266367308711506e-24, nan 
175.625, 87.625, 4.511977009711939e-24, nan 
175.875, 87.625, 3.783963205190185e-24, nan 
176.125, 87.625, 3.483721849208011e-24, nan 
176.375, 87.625, 3.93286370085156e-24, nan 
176.625, 87.625, 3.598054637982873e-24, nan 
176.875, 87.625, 4.043439010754636e-24, nan 
177.125, 87.625, 4.237486141896369e-24, nan 
177.375, 87.625, 4.940847330697124e-24, nan 
177.625, 87.625, 5.820246832215529e-24, nan 
177.875, 87.625, 6.929925992361207e-24, nan 
178.125, 87.625, 8.437031217084007e-24, nan 
178.375, 87.625, 9.738962146833018e-24, nan 
178.625, 87.625, 9.124007781781983e-24, nan 
178.875, 87.625, 7.125909241897335e-24, nan 
179.125, 87.625, 5.152854430986915e-24, nan 
179.375, 87.625, 3.861453771142088e-24, nan 
179.625, 87.625, 3.5854993279527994e-24, nan 
179.875, 87.625, 3.73355260889714e-24, nan 
-179.875, 87.875, 3.7853638728594206e-24, nan 
-179.625, 87.875, 4.3336923716334966e-24, nan 
-179.375, 87.875, 3.8555206407946386e-24, nan 
-179.125, 87.875, 3.92694133372582e-24, nan 
-178.875, 87.875, 4.663567137899597e-24, nan 
-178.625, 87.875, 4.420119603146276e-24, nan 
-178.375, 87.875, 4.290123570433947e-24, nan 
-178.125, 87.875, 4.8689636319380905e-24, nan 
-177.875, 87.875, 5.26549016265146e-24, nan 
-177.625, 87.875, 6.1688546988183666e-24, nan 
-177.375, 87.875, 5.530271376585234e-24, nan 
-177.125, 87.875, 5.4091378943108026e-24, nan 
-176.875, 87.875, 7.252246859476498e-24, nan 
-176.625, 87.875, 6.857777793076078e-24, nan 
-176.375, 87.875, 6.967739264452867e-24, nan 
-176.125, 87.875, 6.6009170365526386e-24, nan 
-175.875, 87.875, 5.9814971781460075e-24, nan 
-175.625, 87.875, 4.311294417891486e-24, nan 
-175.375, 87.875, 4.071720925824049e-24, nan 
-175.125, 87.875, 5.016836062427094e-24, nan 
-174.875, 87.875, 6.687376613374575e-24, nan 
-174.625, 87.875, 6.3751237630663076e-24, nan 
-174.375, 87.875, 4.746603224845233e-24, nan 
-174.125, 87.875, 3.545512293480012e-24, nan 
-173.875, 87.875, 2.609938173628458e-24, nan 
-173.625, 87.875, 2.2666577412517303e-24, nan 
-173.375, 87.875, 1.8175676567437564e-24, nan 
-173.125, 87.875, 1.4945256806111722e-24, nan 
-172.875, 87.875, 1.4309142755326063e-24, nan 
-172.625, 87.875, 1.5067502382785566e-24, nan 
-172.375, 87.875, 9.649785593997885e-25, nan 
-172.125, 87.875, 1.8676005638334912e-24, nan 
-171.875, 87.875, 1.6555133630023894e-24, nan 
-171.625, 87.875, 1.173415611155371e-24, nan 
-171.375, 87.875, 1.0868235773052502e-24, nan 
-171.125, 87.875, 9.07870812949124e-25, nan 
-170.875, 87.875, 7.659043950439434e-25, nan 
-170.625, 87.875, 7.336192756367366e-25, nan 
-170.375, 87.875, 7.724837089355039e-25, nan 
-170.125, 87.875, 8.73088260296467e-25, nan 
-169.875, 87.875, 8.344876729932169e-25, nan 
-169.625, 87.875, 1.2281399544862986e-24, nan 
-169.375, 87.875, 2.7542400377348272e-24, nan 
-169.125, 87.875, 3.7287133542150784e-24, nan 
-168.875, 87.875, 4.179150791276374e-24, nan 
-168.625, 87.875, 4.065176245993846e-24, nan 
-168.375, 87.875, 3.2672095775163685e-24, nan 
-168.125, 87.875, 1.8143233298291506e-24, nan 
-167.875, 87.875, 1.987934144810155e-24, nan 
-167.625, 87.875, 2.558706097958899e-24, nan 
-167.375, 87.875, 3.026041517564175e-24, nan 
-167.125, 87.875, 3.0347592255265282e-24, nan 
-166.875, 87.875, 3.0239361385293274e-24, nan 
-166.625, 87.875, 2.8254584747626916e-24, nan 
-166.375, 87.875, 2.3000460993959016e-24, nan 
-166.125, 87.875, 1.7395083667193383e-24, nan 
-165.875, 87.875, 1.4393942751705756e-24, nan 
-165.625, 87.875, 1.562748169119334e-24, nan 
-165.375, 87.875, 1.3220058406138063e-24, nan 
-165.125, 87.875, 1.6179782913969181e-24, nan 
-164.875, 87.875, 1.6349322038358556e-24, nan 
-164.625, 87.875, 1.7063565331270895e-24, nan 
-164.375, 87.875, 1.6533559258050638e-24, nan 
-164.125, 87.875, 1.4761494594882888e-24, nan 
-163.875, 87.875, 1.2762680168338879e-24, nan 
-163.625, 87.875, 1.0143210637830955e-24, nan 
-163.375, 87.875, 9.152082772794467e-25, nan 
-163.125, 87.875, 1.1743951740111477e-24, nan 
-162.875, 87.875, 2.004984121528196e-24, nan 
-162.625, 87.875, 2.7126468618367982e-24, nan 
-162.375, 87.875, 2.9417864975797516e-24, nan 
-162.125, 87.875, 2.5198771770523243e-24, nan 
-161.875, 87.875, 1.982908460244728e-24, nan 
-161.625, 87.875, 1.861074670654718e-24, nan 
-161.375, 87.875, 2.0653535505852968e-24, nan 
-161.125, 87.875, 2.495829454500819e-24, nan 
-160.875, 87.875, 2.6971535118902524e-24, nan 
-160.625, 87.875, 2.9642975820242037e-24, nan 
-160.375, 87.875, 2.987034102471204e-24, nan 
-160.125, 87.875, 2.958103528324933e-24, nan 
-159.875, 87.875, 2.8387441338158483e-24, nan 
-159.625, 87.875, 2.630310335447757e-24, nan 
-159.375, 87.875, 2.5890409626095184e-24, nan 
-159.125, 87.875, 2.3378678799877663e-24, nan 
-158.875, 87.875, 2.242064490206467e-24, nan 
-158.625, 87.875, 2.276638212882593e-24, nan 
-158.375, 87.875, 2.3978979933533035e-24, nan 
-158.125, 87.875, 3.003046884791884e-24, nan 
-157.875, 87.875, 2.710616468595474e-24, nan 
-157.625, 87.875, 2.660775598300807e-24, nan 
-157.375, 87.875, 2.5133519428690613e-24, nan 
-157.125, 87.875, 2.3891745284057716e-24, nan 
-156.875, 87.875, 2.1661828147500506e-24, nan 
-156.625, 87.875, 2.3112461029927024e-24, nan 
-156.375, 87.875, 2.8874410508012186e-24, nan 
-156.125, 87.875, 4.212482639702748e-24, nan 
-155.875, 87.875, 5.334666462005664e-24, nan 
-155.625, 87.875, 5.693014513705669e-24, nan 
-155.375, 87.875, 4.934337780626702e-24, nan 
-155.125, 87.875, 3.928646702528396e-24, nan 
-154.875, 87.875, 3.443575038782148e-24, nan 
-154.625, 87.875, 2.9126501040122257e-24, nan 
-2.625, 87.875, 1.3630649957117308e-23, nan 
-2.375, 87.875, 5.5639529772619174e-24, nan 
-2.125, 87.875, 3.4214150538799475e-24, nan 
-1.875, 87.875, 3.75202387164565e-24, nan 
-1.625, 87.875, 3.967420846897426e-24, nan 
-1.375, 87.875, 5.073588400990786e-24, nan 
-1.125, 87.875, 7.597531625020404e-24, nan 
-0.875, 87.875, 1.538132278049693e-23, nan 
-0.625, 87.875, 1.4668227550754364e-23, nan 
-0.375, 87.875, 1.1619012106546255e-23, nan 
-0.125, 87.875, 9.526778894440861e-24, nan 
0.125, 87.875, 8.065278158248578e-24, nan 
0.375, 87.875, 8.216792657457237e-24, nan 
0.625, 87.875, 1.0457242424778238e-23, nan 
0.875, 87.875, 1.1637981132199993e-23, nan 
1.125, 87.875, 1.0707234548275819e-23, nan 
1.375, 87.875, 9.365398089204382e-24, nan 
1.625, 87.875, 8.752232992186761e-24, nan 
1.875, 87.875, 6.494761017371548e-24, nan 
2.125, 87.875, 5.354962120681925e-24, nan 
2.375, 87.875, 3.9953898217273536e-24, nan 
2.625, 87.875, 2.8131766079203083e-24, nan 
2.875, 87.875, 2.273885157746632e-24, nan 
3.125, 87.875, 1.8094131605370136e-24, nan 
3.375, 87.875, 1.6121522277109103e-24, nan 
3.625, 87.875, 2.4018651259876232e-24, nan 
3.875, 87.875, 4.621285012479882e-24, nan 
4.125, 87.875, 8.540194522585005e-24, nan 
4.375, 87.875, 4.1880360912105646e-24, nan 
4.625, 87.875, 2.24648644881907e-24, nan 
4.875, 87.875, 2.4492280166523247e-24, nan 
5.125, 87.875, 3.177912088533591e-24, nan 
5.375, 87.875, 4.244657184942714e-24, nan 
5.625, 87.875, 6.558891981768686e-24, nan 
5.875, 87.875, 1.0806669094897105e-23, nan 
6.125, 87.875, 9.176292824346062e-24, nan 
6.375, 87.875, 7.492850875872686e-24, nan 
6.625, 87.875, 6.436320849352289e-24, nan 
6.875, 87.875, 5.5059224467196435e-24, nan 
7.125, 87.875, 3.8252939801852666e-24, nan 
7.375, 87.875, 2.576896599922177e-24, nan 
7.625, 87.875, 2.778562832642956e-24, nan 
7.875, 87.875, 2.1191386200403667e-24, nan 
8.125, 87.875, 1.8537329246304473e-24, nan 
8.375, 87.875, 1.7273398060522587e-24, nan 
8.625, 87.875, 4.945523083600268e-24, nan 
8.875, 87.875, 4.0914381652397666e-24, nan 
9.125, 87.875, 2.5525336919530975e-24, nan 
9.375, 87.875, 1.8883468708822844e-24, nan 
9.625, 87.875, 1.6083297634385252e-24, nan 
9.875, 87.875, 1.4863643701579669e-24, nan 
10.125, 87.875, 1.5255537932835363e-24, nan 
10.375, 87.875, 1.4995711437504106e-24, nan 
10.625, 87.875, 1.4218631855564808e-24, nan 
10.875, 87.875, 1.7315291235216924e-24, nan 
11.125, 87.875, 1.9559558162117893e-24, nan 
11.375, 87.875, 2.550871571632973e-24, nan 
11.625, 87.875, 4.039697163947127e-24, nan 
11.875, 87.875, 5.9898415843129724e-24, nan 
12.125, 87.875, 7.310513171238397e-24, nan 
12.375, 87.875, 8.28127229880916e-24, nan 
12.625, 87.875, 3.044582360023023e-24, nan 
12.875, 87.875, 3.1201031468079222e-24, nan 
13.125, 87.875, 3.3059807090169604e-24, nan 
13.375, 87.875, 2.159253443004261e-24, nan 
13.625, 87.875, 4.004092215399725e-24, nan 
13.875, 87.875, 2.2228062104106528e-24, nan 
14.125, 87.875, 3.3606797857030144e-24, nan 
14.375, 87.875, 4.3231769966237915e-24, nan 
14.625, 87.875, 3.238592614638378e-24, nan 
14.875, 87.875, 3.350744300740394e-24, nan 
15.125, 87.875, 3.582661733111381e-24, nan 
15.375, 87.875, 3.784917835661236e-24, nan 
15.625, 87.875, 3.820934603671191e-24, nan 
15.875, 87.875, 2.331631147620267e-24, nan 
16.125, 87.875, 1.6050175056784755e-24, nan 
16.375, 87.875, 2.8437901397009727e-24, nan 
16.625, 87.875, 3.582240880758908e-24, nan 
16.875, 87.875, 3.514048145280605e-24, nan 
17.125, 87.875, 2.953943873531502e-24, nan 
17.375, 87.875, 2.3057190878959563e-24, nan 
17.625, 87.875, 1.9256858939958993e-24, nan 
17.875, 87.875, 1.89280761400469e-24, nan 
18.125, 87.875, 1.9524791982465407e-24, nan 
18.375, 87.875, 1.648181389577348e-24, nan 
18.625, 87.875, 1.2307991921679301e-24, nan 
18.875, 87.875, 1.3630900143139693e-24, nan 
19.125, 87.875, 2.1270360795804716e-24, nan 
19.375, 87.875, 1.781853673564887e-24, nan 
19.625, 87.875, 1.4088910176761408e-24, nan 
19.875, 87.875, 1.9028910985123033e-24, nan 
20.125, 87.875, 2.511931041324094e-24, nan 
20.375, 87.875, 3.691706834845514e-24, nan 
20.625, 87.875, 4.591917216818134e-24, nan 
20.875, 87.875, 4.179269136138338e-24, nan 
21.125, 87.875, 3.964819581042966e-24, nan 
21.375, 87.875, 3.657563381472802e-24, nan 
21.625, 87.875, 3.534530259779193e-24, nan 
21.875, 87.875, 3.599254414651799e-24, nan 
22.125, 87.875, 3.606635809511249e-24, nan 
22.375, 87.875, 3.470080065735878e-24, nan 
22.625, 87.875, 3.134522162329206e-24, nan 
22.875, 87.875, 2.9170639130866625e-24, nan 
23.125, 87.875, 2.523862628014724e-24, nan 
23.375, 87.875, 2.5078305897608667e-24, nan 
23.625, 87.875, 2.6007100426092035e-24, nan 
23.875, 87.875, 2.5185986568053224e-24, nan 
24.125, 87.875, 2.390775760382654e-24, nan 
24.375, 87.875, 2.116025915758238e-24, nan 
24.625, 87.875, 1.9553437378318974e-24, nan 
24.875, 87.875, 2.2708079019428935e-24, nan 
25.125, 87.875, 1.9249254937397614e-24, nan 
25.375, 87.875, 2.4838959764788525e-24, nan 
25.625, 87.875, 4.00436943203923e-24, nan 
25.875, 87.875, 6.244532007848252e-24, nan 
26.125, 87.875, 4.614607589389459e-24, nan 
26.375, 87.875, 2.4327216492229947e-24, nan 
26.625, 87.875, 1.8973296814881608e-24, nan 
26.875, 87.875, 1.967170323391509e-24, nan 
27.125, 87.875, 2.56970883775379e-24, nan 
27.375, 87.875, 3.0348542495090224e-24, nan 
27.625, 87.875, 3.1609398277663353e-24, nan 
27.875, 87.875, 3.375161377264465e-24, nan 
28.125, 87.875, 2.6296689617277077e-24, nan 
28.375, 87.875, 2.0010028037357894e-24, nan 
28.625, 87.875, 1.7152036871490527e-24, nan 
28.875, 87.875, 1.738565679343917e-24, nan 
29.125, 87.875, 1.671084182955566e-24, nan 
29.375, 87.875, 1.71108204961992e-24, nan 
29.625, 87.875, 1.6170468287342693e-24, nan 
29.875, 87.875, 1.4854049121683242e-24, nan 
30.125, 87.875, 1.4554414725529416e-24, nan 
30.375, 87.875, 1.4890802194007605e-24, nan 
30.625, 87.875, 1.7970030562938057e-24, nan 
30.875, 87.875, 1.2483631001584902e-24, nan 
31.125, 87.875, 2.194592438197059e-24, nan 
31.375, 87.875, 2.2147813646466135e-24, nan 
31.625, 87.875, 2.3381506543616302e-24, nan 
31.875, 87.875, 2.1954817897466828e-24, nan 
32.125, 87.875, 2.3913505536489005e-24, nan 
32.375, 87.875, 3.0653130295602974e-24, nan 
32.625, 87.875, 4.059166689902168e-24, nan 
32.875, 87.875, 3.217763795208886e-24, nan 
33.125, 87.875, 2.6117630825375382e-24, nan 
33.375, 87.875, 2.2032340988749597e-24, nan 
33.625, 87.875, 2.24877229207078e-24, nan 
33.875, 87.875, 1.600593713307986e-24, nan 
34.125, 87.875, 1.3139590688639099e-24, nan 
34.375, 87.875, 2.4404847313107377e-24, nan 
34.625, 87.875, 1.5650514666135057e-24, nan 
34.875, 87.875, 1.6347546769802532e-24, nan 
35.125, 87.875, 1.5729036869639979e-24, nan 
35.375, 87.875, 2.0091339889043445e-24, nan 
35.625, 87.875, 2.660333786176646e-24, nan 
35.875, 87.875, 3.7911651382527796e-24, nan 
36.125, 87.875, 3.6432754646596894e-24, nan 
36.375, 87.875, 3.341667697499617e-24, nan 
36.625, 87.875, 2.9638293257206875e-24, nan 
36.875, 87.875, 2.7632344867290918e-24, nan 
37.125, 87.875, 2.4409271282451243e-24, nan 
37.375, 87.875, 2.380642773458879e-24, nan 
37.625, 87.875, 2.6149390043498694e-24, nan 
37.875, 87.875, 2.9702298327133068e-24, nan 
38.125, 87.875, 3.1232730057675752e-24, nan 
38.375, 87.875, 3.06202989637105e-24, nan 
38.625, 87.875, 3.0095941114856243e-24, nan 
38.875, 87.875, 2.470467608935807e-24, nan 
39.125, 87.875, 3.122105841432674e-24, nan 
39.375, 87.875, 3.382829890774496e-24, nan 
39.625, 87.875, 3.4177762998614615e-24, nan 
39.875, 87.875, 4.28294186170869e-24, nan 
40.125, 87.875, 3.739132933915427e-24, nan 
40.375, 87.875, 3.373729671258368e-24, nan 
40.625, 87.875, 3.107698330535221e-24, nan 
40.875, 87.875, 3.045413586217766e-24, nan 
41.125, 87.875, 3.491969722000868e-24, nan 
41.375, 87.875, 3.22260139797948e-24, nan 
41.625, 87.875, 3.2706422774102687e-24, nan 
41.875, 87.875, 3.652226026081658e-24, nan 
42.125, 87.875, 5.204179841293526e-24, nan 
42.375, 87.875, 6.691794043461517e-24, nan 
42.625, 87.875, 7.673345374540142e-24, nan 
42.875, 87.875, 7.320961754021936e-24, nan 
43.125, 87.875, 6.3240615390077376e-24, nan 
43.375, 87.875, 4.811816204447807e-24, nan 
43.625, 87.875, 2.93461554340024e-24, nan 
43.875, 87.875, 1.0910423744117043e-24, nan 
44.125, 87.875, 9.216259602584878e-25, nan 
44.375, 87.875, 1.4668791536984545e-24, nan 
44.625, 87.875, 2.1979768984053332e-24, nan 
44.875, 87.875, 2.5358915357765536e-24, nan 
45.125, 87.875, 2.3367386532666348e-24, nan 
45.375, 87.875, 1.1478860413706355e-24, nan 
45.625, 87.875, 1.2396519417832047e-24, nan 
45.875, 87.875, 2.4691550213298385e-24, nan 
46.125, 87.875, 3.2279363828559753e-24, nan 
46.375, 87.875, 3.418311744400372e-24, nan 
46.625, 87.875, 4.04428341303834e-24, nan 
46.875, 87.875, 5.741059502202067e-24, nan 
47.125, 87.875, 6.08868437130224e-24, nan 
47.375, 87.875, 6.5858947808167135e-24, nan 
47.625, 87.875, 6.990650890460513e-24, nan 
47.875, 87.875, 6.4197877007629506e-24, nan 
48.125, 87.875, 5.596478817336175e-24, nan 
48.375, 87.875, 4.214872731502928e-24, nan 
48.625, 87.875, 3.1297243998728465e-24, nan 
48.875, 87.875, 4.68299481175811e-24, nan 
49.125, 87.875, 6.40058178663916e-24, nan 
49.375, 87.875, 7.337449715938993e-24, nan 
49.625, 87.875, 7.014495757152954e-24, nan 
49.875, 87.875, 6.026130066016064e-24, nan 
50.125, 87.875, 4.500043067097884e-24, nan 
50.375, 87.875, 2.8958304691813114e-24, nan 
50.625, 87.875, 2.77234484336464e-24, nan 
50.875, 87.875, 3.2667350645644988e-24, nan 
51.125, 87.875, 2.5368224907687858e-24, nan 
51.375, 87.875, 2.377399335890826e-24, nan 
51.625, 87.875, 2.3426014857171803e-24, nan 
51.875, 87.875, 2.5304489241108846e-24, nan 
52.125, 87.875, 2.660428490808127e-24, nan 
52.375, 87.875, 2.7773171270895564e-24, nan 
52.625, 87.875, 3.0827002814965895e-24, nan 
52.875, 87.875, 3.323906912640091e-24, nan 
53.125, 87.875, 2.9562529529628398e-24, nan 
53.375, 87.875, 3.612870835469347e-24, nan 
53.625, 87.875, 5.602854138514591e-24, nan 
53.875, 87.875, 6.5990620823284446e-24, nan 
54.125, 87.875, 7.62160466377875e-24, nan 
54.375, 87.875, 8.738029331907062e-24, nan 
54.625, 87.875, 7.459415393051004e-24, nan 
54.875, 87.875, 5.179229332525935e-24, nan 
55.125, 87.875, 1.8333243042950656e-24, nan 
55.375, 87.875, 2.4879138840109115e-24, nan 
55.625, 87.875, 2.839697505817282e-24, nan 
55.875, 87.875, 3.484706700132645e-24, nan 
56.125, 87.875, 5.332333226043041e-24, nan 
56.375, 87.875, 7.852406161692725e-24, nan 
56.625, 87.875, 8.65977672223666e-24, nan 
56.875, 87.875, 7.693270701869741e-24, nan 
57.125, 87.875, 7.34378831475255e-24, nan 
57.375, 87.875, 7.74597671224321e-24, nan 
57.625, 87.875, 8.046030494490169e-24, nan 
57.875, 87.875, 8.368972228067787e-24, nan 
58.125, 87.875, 8.695698382609208e-24, nan 
58.375, 87.875, 9.377165682699873e-24, nan 
58.625, 87.875, 1.0303716946465812e-23, nan 
58.875, 87.875, 9.997343564708104e-24, nan 
59.125, 87.875, 9.837448750906807e-24, nan 
59.375, 87.875, 9.303506326317933e-24, nan 
59.625, 87.875, 8.878261546697822e-24, nan 
59.875, 87.875, 8.084199373791426e-24, nan 
60.125, 87.875, 7.485822078765485e-24, nan 
60.375, 87.875, 7.358170697624179e-24, nan 
60.625, 87.875, 7.553187908179176e-24, nan 
60.875, 87.875, 4.780844794117752e-24, nan 
61.125, 87.875, 7.463172145326319e-24, nan 
61.375, 87.875, 7.539677609366153e-24, nan 
61.625, 87.875, 7.977960111808746e-24, nan 
61.875, 87.875, 7.561211360149189e-24, nan 
62.125, 87.875, 7.448965011041047e-24, nan 
62.375, 87.875, 6.973976633794665e-24, nan 
62.625, 87.875, 6.686792000657635e-24, nan 
62.875, 87.875, 8.512193218178788e-24, nan 
63.125, 87.875, 1.3158288948199422e-23, nan 
63.375, 87.875, 1.2260483675399158e-23, nan 
63.625, 87.875, 9.564421510564034e-24, nan 
63.875, 87.875, 8.287756087034665e-24, nan 
64.125, 87.875, 1.0230422603926998e-23, nan 
64.375, 87.875, 1.4834576803710327e-23, nan 
64.625, 87.875, 1.664489813329531e-23, nan 
64.875, 87.875, 1.8348912592889984e-23, nan 
65.125, 87.875, 2.2801042345924147e-23, nan 
65.375, 87.875, 2.186543211323936e-23, nan 
65.625, 87.875, 2.0347010463351055e-23, nan 
65.875, 87.875, 2.0087368486511766e-23, nan 
66.125, 87.875, 1.9923419276059624e-23, nan 
66.375, 87.875, 1.9942823162285213e-23, nan 
66.625, 87.875, 2.0171103548239088e-23, nan 
66.875, 87.875, 1.7683069098063537e-23, nan 
67.125, 87.875, 1.7401009982447276e-23, nan 
67.375, 87.875, 1.5449414918820755e-23, nan 
67.625, 87.875, 9.104331539266441e-24, nan 
67.875, 87.875, 1.432795055605862e-23, nan 
68.125, 87.875, 1.554018925427979e-23, nan 
68.375, 87.875, 1.8158936991481194e-23, nan 
68.625, 87.875, 1.8293469408220062e-23, nan 
68.875, 87.875, 1.8973916772308643e-23, nan 
69.125, 87.875, 1.870463702193171e-23, nan 
69.375, 87.875, 1.0646654124828726e-23, nan 
69.625, 87.875, 1.1030725729313183e-23, nan 
69.875, 87.875, 1.1141385273963548e-23, nan 
70.125, 87.875, 1.2105935771478425e-23, nan 
70.375, 87.875, 1.1924814654755832e-23, nan 
70.625, 87.875, 1.1256667170477434e-23, nan 
70.875, 87.875, 1.1132282363213765e-23, nan 
71.125, 87.875, 1.9210691856062262e-23, nan 
71.375, 87.875, 2.0860186234088598e-23, nan 
71.625, 87.875, 2.2140378285809568e-23, nan 
71.875, 87.875, 2.2207585136323813e-23, nan 
72.125, 87.875, 1.5996986164088324e-23, nan 
72.375, 87.875, 1.5328375033956235e-23, nan 
72.625, 87.875, 1.525828124799346e-23, nan 
72.875, 87.875, 1.431935007274393e-23, nan 
73.125, 87.875, 1.4162123663388122e-23, nan 
73.375, 87.875, 1.5958309223047706e-23, nan 
73.625, 87.875, 1.2452081741395054e-23, nan 
73.875, 87.875, 1.1501604467546276e-23, nan 
74.125, 87.875, 1.3541339508565715e-23, nan 
74.375, 87.875, 1.2739815300522382e-23, nan 
74.625, 87.875, 1.3367073990035973e-23, nan 
74.875, 87.875, 1.3591934708452855e-23, nan 
75.125, 87.875, 1.4120516536630424e-23, nan 
75.375, 87.875, 1.3392275145819477e-23, nan 
75.625, 87.875, 1.2653128979045337e-23, nan 
75.875, 87.875, 1.2540382235629829e-23, nan 
76.125, 87.875, 3.797510452282023e-24, nan 
76.375, 87.875, 6.0548802883301396e-24, nan 
76.625, 87.875, 7.541743296632449e-24, nan 
76.875, 87.875, 1.0164305491180659e-23, nan 
77.125, 87.875, 1.0462905727007158e-23, nan 
77.375, 87.875, 9.365173820926084e-24, nan 
77.625, 87.875, 5.365268215182546e-24, nan 
77.875, 87.875, 5.68496864342552e-24, nan 
78.125, 87.875, 7.298984425596453e-24, nan 
78.375, 87.875, 9.215415949020867e-24, nan 
78.625, 87.875, 1.0678284712585141e-23, nan 
78.875, 87.875, 8.785944987601733e-24, nan 
79.125, 87.875, 7.529783778781092e-24, nan 
79.375, 87.875, 7.207784829234033e-24, nan 
79.625, 87.875, 6.159369138013824e-24, nan 
79.875, 87.875, 3.722772090414857e-24, nan 
80.125, 87.875, 3.0861214245599997e-24, nan 
80.375, 87.875, 2.9513371167544916e-24, nan 
80.625, 87.875, 3.156709739225763e-24, nan 
80.875, 87.875, 5.75032203192519e-24, nan 
81.125, 87.875, 6.646412065026714e-24, nan 
81.375, 87.875, 6.801737614599765e-24, nan 
81.625, 87.875, 6.312484437266559e-24, nan 
81.875, 87.875, 6.2265085061742094e-24, nan 
82.125, 87.875, 6.211762162945903e-24, nan 
82.375, 87.875, 4.2272926474795254e-24, nan 
82.625, 87.875, 5.208373201563626e-24, nan 
82.875, 87.875, 6.125395870594904e-24, nan 
83.125, 87.875, 6.281797542608786e-24, nan 
83.375, 87.875, 6.742028063531486e-24, nan 
83.625, 87.875, 7.323515944299044e-24, nan 
83.875, 87.875, 7.137415808394662e-24, nan 
84.125, 87.875, 5.046926324146655e-24, nan 
84.375, 87.875, 3.553468807030515e-24, nan 
84.625, 87.875, 3.0780701863685967e-24, nan 
84.875, 87.875, 4.005245024253919e-24, nan 
85.125, 87.875, 4.667426127914974e-24, nan 
85.375, 87.875, 6.0489665589887584e-24, nan 
85.625, 87.875, 8.328095163724296e-24, nan 
85.875, 87.875, 8.638660586925259e-24, nan 
86.125, 87.875, 9.07013099650952e-24, nan 
86.375, 87.875, 8.874684517590443e-24, nan 
86.625, 87.875, 7.78841681419289e-24, nan 
86.875, 87.875, 4.2191482261158256e-24, nan 
87.125, 87.875, 3.513737228601789e-24, nan 
87.375, 87.875, 3.858934950902044e-24, nan 
87.625, 87.875, 5.177856776624977e-24, nan 
87.875, 87.875, 5.1718657436423995e-24, nan 
88.125, 87.875, 5.644360880721704e-24, nan 
88.375, 87.875, 5.7935991155111325e-24, nan 
88.625, 87.875, 5.868601499342665e-24, nan 
88.875, 87.875, 6.3709158046888186e-24, nan 
89.125, 87.875, 7.989298666675684e-24, nan 
89.375, 87.875, 8.06440186299309e-24, nan 
89.625, 87.875, 8.775148472649638e-24, nan 
89.875, 87.875, 9.458536372423519e-24, nan 
90.125, 87.875, 1.0100415291908726e-23, nan 
90.375, 87.875, 1.0434297878981521e-23, nan 
90.625, 87.875, 1.0339215158616069e-23, nan 
90.875, 87.875, 8.529074445224144e-24, nan 
91.125, 87.875, 1.01060881048899e-23, nan 
91.375, 87.875, 1.0126445323298194e-23, nan 
91.625, 87.875, 1.1175714747540347e-23, nan 
91.875, 87.875, 1.099918526839419e-23, nan 
92.125, 87.875, 1.1145909276421616e-23, nan 
92.375, 87.875, 1.4212083982242425e-23, nan 
92.625, 87.875, 2.0185496598881036e-23, nan 
92.875, 87.875, 2.017482395741827e-23, nan 
93.125, 87.875, 1.7521370780095683e-23, nan 
93.375, 87.875, 1.3425293153609247e-23, nan 
93.625, 87.875, 5.616184112096936e-24, nan 
93.875, 87.875, 5.90914223130151e-24, nan 
94.125, 87.875, 4.249773661145059e-24, nan 
94.375, 87.875, 5.049864407148656e-24, nan 
94.625, 87.875, 5.809436594990708e-24, nan 
94.875, 87.875, 7.834724839719617e-24, nan 
95.125, 87.875, 7.704602558764494e-24, nan 
95.375, 87.875, 7.836712453879055e-24, nan 
95.625, 87.875, 8.225685116899314e-24, nan 
95.875, 87.875, 7.754587468398106e-24, nan 
96.125, 87.875, 9.879078287998278e-24, nan 
96.375, 87.875, 1.28357737253756e-23, nan 
96.625, 87.875, 1.5897786977157322e-23, nan 
96.875, 87.875, 1.7117684121864464e-23, nan 
97.125, 87.875, 1.613677794613781e-23, nan 
97.375, 87.875, 1.5386949489167586e-23, nan 
97.625, 87.875, 8.812023458090534e-24, nan 
97.875, 87.875, 1.836433505824716e-23, nan 
98.125, 87.875, 1.8624026257426216e-23, nan 
98.375, 87.875, 2.175718345201189e-23, nan 
98.625, 87.875, 2.135812185335796e-23, nan 
98.875, 87.875, 1.6477895204763777e-23, nan 
99.125, 87.875, 1.3147795837302457e-23, nan 
99.375, 87.875, 1.624649901077826e-23, nan 
99.625, 87.875, 1.7332039089538526e-23, nan 
99.875, 87.875, 1.590076802213762e-23, nan 
100.125, 87.875, 1.34433154203489e-23, nan 
100.375, 87.875, 1.0809596277851064e-23, nan 
100.625, 87.875, 1.2154077545703126e-23, nan 
100.875, 87.875, 1.5602216725209656e-23, nan 
101.125, 87.875, 1.3436604838369775e-23, nan 
101.375, 87.875, 1.3769436749700436e-23, nan 
101.625, 87.875, 1.7036096599518646e-23, nan 
101.875, 87.875, 1.8026320757741366e-23, nan 
102.125, 87.875, 1.7264106894216984e-23, nan 
102.375, 87.875, 1.522914010812043e-23, nan 
102.625, 87.875, 8.2400693032036e-24, nan 
102.875, 87.875, 7.349839222166298e-24, nan 
103.125, 87.875, 7.922008044916846e-24, nan 
103.375, 87.875, 9.221708417437441e-24, nan 
103.625, 87.875, 9.75833460319608e-24, nan 
103.875, 87.875, 1.1120201152066157e-23, nan 
104.125, 87.875, 1.2116813586462867e-23, nan 
104.375, 87.875, 1.0619746039125242e-23, nan 
104.625, 87.875, 1.016358625145941e-23, nan 
104.875, 87.875, 1.108981561387191e-23, nan 
105.125, 87.875, 1.4076047841830353e-23, nan 
105.375, 87.875, 1.4628756981603505e-23, nan 
105.625, 87.875, 1.1417937616748658e-23, nan 
105.875, 87.875, 8.963462880235216e-24, nan 
106.125, 87.875, 7.245876924472828e-24, nan 
106.375, 87.875, 8.748863442043584e-24, nan 
106.625, 87.875, 1.013754670384065e-23, nan 
106.875, 87.875, 1.2041017680179267e-23, nan 
107.125, 87.875, 1.4670546387170726e-23, nan 
107.375, 87.875, 1.457516427661326e-23, nan 
107.625, 87.875, 1.1921389786275966e-23, nan 
107.875, 87.875, 1.119911346328613e-23, nan 
108.125, 87.875, 7.897609885429674e-24, nan 
108.375, 87.875, 4.290109170841944e-24, nan 
108.625, 87.875, 3.7660165673607106e-24, nan 
108.875, 87.875, 3.6753988343930114e-24, nan 
109.125, 87.875, 3.2086542195236137e-24, nan 
109.375, 87.875, 9.20740866435763e-25, nan 
109.625, 87.875, 1.6274945574023704e-24, nan 
109.875, 87.875, 3.2988536442591505e-24, nan 
110.125, 87.875, 6.0607302642417706e-24, nan 
110.375, 87.875, 3.642561978880962e-24, nan 
110.625, 87.875, 5.494931682256199e-24, nan 
110.875, 87.875, 7.929815895428039e-24, nan 
111.125, 87.875, 7.311994456024574e-24, nan 
111.375, 87.875, 5.109802959777726e-24, nan 
111.625, 87.875, 3.958655220903608e-24, nan 
111.875, 87.875, 3.709421413646233e-24, nan 
112.125, 87.875, 4.4559948728009195e-24, nan 
112.375, 87.875, 4.185607753752786e-24, nan 
112.625, 87.875, 5.3532977329169225e-24, nan 
112.875, 87.875, 8.54599775436488e-24, nan 
113.125, 87.875, 1.1140539936321263e-23, nan 
113.375, 87.875, 1.3502098302871573e-23, nan 
113.625, 87.875, 1.5141637936406476e-23, nan 
113.875, 87.875, 1.6419300431314445e-23, nan 
114.125, 87.875, 1.512042806057686e-23, nan 
114.375, 87.875, 1.1323986571510847e-23, nan 
114.625, 87.875, 7.324938284920302e-24, nan 
114.875, 87.875, 6.129345987996514e-24, nan 
115.125, 87.875, 2.265820095228445e-24, nan 
115.375, 87.875, 2.2500626464452103e-24, nan 
115.625, 87.875, 2.7161313995679547e-24, nan 
115.875, 87.875, 3.663539654918311e-24, nan 
116.125, 87.875, 4.405686957949947e-24, nan 
116.375, 87.875, 4.1822821711206745e-24, nan 
116.625, 87.875, 4.144276916733993e-24, nan 
116.875, 87.875, 4.797516765098873e-24, nan 
117.125, 87.875, 4.481580984492827e-24, nan 
117.375, 87.875, 4.512282333657418e-24, nan 
117.625, 87.875, 4.971710485298182e-24, nan 
117.875, 87.875, 5.1128433849750346e-24, nan 
118.125, 87.875, 5.653012830998104e-24, nan 
118.375, 87.875, 5.348499513130159e-24, nan 
118.625, 87.875, 5.114478982867153e-24, nan 
118.875, 87.875, 6.649334466965071e-24, nan 
119.125, 87.875, 6.399071821589455e-24, nan 
119.375, 87.875, 6.736061735586152e-24, nan 
119.625, 87.875, 7.364798204113448e-24, nan 
119.875, 87.875, 7.673085721995339e-24, nan 
120.125, 87.875, 8.288598735040026e-24, nan 
120.375, 87.875, 8.907164977096425e-24, nan 
120.625, 87.875, 9.939612826572051e-24, nan 
120.875, 87.875, 8.728373806083169e-24, nan 
121.125, 87.875, 6.69746443558746e-24, nan 
121.375, 87.875, 5.419132792583968e-24, nan 
121.625, 87.875, 6.238284709097079e-24, nan 
121.875, 87.875, 5.450950363927691e-24, nan 
122.125, 87.875, 5.23033304620656e-24, nan 
122.375, 87.875, 5.8095687531727964e-24, nan 
122.625, 87.875, 6.909727474354584e-24, nan 
122.875, 87.875, 6.824342990103659e-24, nan 
123.125, 87.875, 4.704092151211761e-24, nan 
123.375, 87.875, 4.300492480604548e-24, nan 
123.625, 87.875, 3.764291920979011e-24, nan 
123.875, 87.875, 5.3885672850588006e-24, nan 
124.125, 87.875, 4.688401264659533e-24, nan 
124.375, 87.875, 5.2985002717061844e-24, nan 
124.625, 87.875, 4.548806494724628e-24, nan 
124.875, 87.875, 8.607195533431905e-24, nan 
125.125, 87.875, 8.011447250309083e-24, nan 
125.375, 87.875, 5.903986196266014e-24, nan 
125.625, 87.875, 5.288995254163579e-24, nan 
125.875, 87.875, 5.884334736807288e-24, nan 
126.125, 87.875, 6.568119843138195e-24, nan 
126.375, 87.875, 6.855393179989984e-24, nan 
126.625, 87.875, 7.488333762467737e-24, nan 
126.875, 87.875, 8.098878404820646e-24, nan 
127.125, 87.875, 7.704149721319606e-24, nan 
127.375, 87.875, 7.543851257679698e-24, nan 
127.625, 87.875, 5.751062623158063e-24, nan 
127.875, 87.875, 5.1510185192863224e-24, nan 
128.125, 87.875, 4.845149742892521e-24, nan 
128.375, 87.875, 5.224955417162247e-24, nan 
128.625, 87.875, 7.468276346334717e-24, nan 
128.875, 87.875, 9.164586732345583e-24, nan 
129.125, 87.875, 1.021620304415213e-23, nan 
129.375, 87.875, 8.76035400168946e-24, nan 
129.625, 87.875, 7.117425019493238e-24, nan 
129.875, 87.875, 5.370165953098716e-24, nan 
130.125, 87.875, 6.219667373974594e-24, nan 
130.375, 87.875, 6.348375436711559e-24, nan 
130.625, 87.875, 6.892087511518945e-24, nan 
130.875, 87.875, 6.1551390953373034e-24, nan 
131.125, 87.875, 4.9822832205616276e-24, nan 
131.375, 87.875, 4.013757806496187e-24, nan 
131.625, 87.875, 5.065908500987524e-24, nan 
131.875, 87.875, 4.3259366906479794e-24, nan 
132.125, 87.875, 6.4833809303526564e-24, nan 
132.375, 87.875, 3.7002020019756024e-24, nan 
132.625, 87.875, 3.559193457815258e-24, nan 
132.875, 87.875, 3.0850600958886773e-24, nan 
133.125, 87.875, 3.6481686002433255e-24, nan 
133.375, 87.875, 4.02807552401571e-24, nan 
133.625, 87.875, 2.7783188165724626e-24, nan 
133.875, 87.875, 4.388307423799192e-24, nan 
134.125, 87.875, 7.317386338938849e-24, nan 
134.375, 87.875, 9.029783734224513e-24, nan 
134.625, 87.875, 9.527049578119915e-24, nan 
134.875, 87.875, 1.0198734250290145e-23, nan 
135.125, 87.875, 1.0239832069170707e-23, nan 
135.375, 87.875, 1.0073910955677608e-23, nan 
135.625, 87.875, 1.2496964103165545e-23, nan 
135.875, 87.875, 1.3960469629430123e-23, nan 
136.125, 87.875, 1.2109851456678358e-23, nan 
136.375, 87.875, 8.295454169793416e-24, nan 
136.625, 87.875, 4.264131666658848e-24, nan 
136.875, 87.875, 6.83351373833447e-24, nan 
137.125, 87.875, 6.483353040883035e-24, nan 
137.375, 87.875, 9.401315078339247e-24, nan 
137.625, 87.875, 1.4068288496903663e-23, nan 
137.875, 87.875, 1.1652880807823576e-23, nan 
138.125, 87.875, 9.938950350499639e-24, nan 
138.375, 87.875, 9.532981388981553e-24, nan 
138.625, 87.875, 9.572388899621633e-24, nan 
138.875, 87.875, 1.0102021014953166e-23, nan 
139.125, 87.875, 1.013141458518114e-23, nan 
139.375, 87.875, 1.0804089263664953e-23, nan 
139.625, 87.875, 1.1536447510489144e-23, nan 
139.875, 87.875, 1.0306124292602843e-23, nan 
140.125, 87.875, 9.125496107913791e-24, nan 
140.375, 87.875, 8.399884111230143e-24, nan 
140.625, 87.875, 9.00676338524021e-24, nan 
140.875, 87.875, 9.2064666701627e-24, nan 
141.125, 87.875, 9.305865668424393e-24, nan 
141.375, 87.875, 9.496705754500775e-24, nan 
141.625, 87.875, 5.737607039459866e-24, nan 
141.875, 87.875, 6.050096245560522e-24, nan 
142.125, 87.875, 1.0744831464900683e-23, nan 
142.375, 87.875, 1.2216766269514771e-23, nan 
142.625, 87.875, 1.3450889510299612e-23, nan 
142.875, 87.875, 9.438666560676775e-24, nan 
143.125, 87.875, 9.670787738493932e-24, nan 
143.375, 87.875, 8.44260806792245e-24, nan 
143.625, 87.875, 9.180360353950969e-24, nan 
143.875, 87.875, 9.26298082584215e-24, nan 
144.125, 87.875, 1.1198453847300815e-23, nan 
144.375, 87.875, 8.692179172911716e-24, nan 
144.625, 87.875, 7.830145973684365e-24, nan 
144.875, 87.875, 5.061409099248041e-24, nan 
145.125, 87.875, 3.8520978141439254e-24, nan 
145.375, 87.875, 6.79416656262883e-24, nan 
145.625, 87.875, 7.216000239311561e-24, nan 
145.875, 87.875, 5.564672426102697e-24, nan 
146.125, 87.875, 1.2797440674899623e-23, nan 
146.375, 87.875, 1.4122513002086166e-23, nan 
146.625, 87.875, 1.3122256657789414e-23, nan 
146.875, 87.875, 1.0199056515372005e-23, nan 
147.125, 87.875, 9.841373047872603e-24, nan 
147.375, 87.875, 9.786096293014916e-24, nan 
147.625, 87.875, 1.2256068409596515e-23, nan 
147.875, 87.875, 1.2664316416811795e-23, nan 
148.125, 87.875, 1.283119087903985e-23, nan 
148.375, 87.875, 1.2346039901388438e-23, nan 
148.625, 87.875, 7.636879471796067e-24, nan 
148.875, 87.875, 1.2381874015119363e-23, nan 
149.125, 87.875, 1.21714226549918e-23, nan 
149.375, 87.875, 1.3445757846458798e-23, nan 
149.625, 87.875, 8.307979830565344e-24, nan 
149.875, 87.875, 1.2090220588798005e-23, nan 
150.125, 87.875, 1.2481993974034764e-23, nan 
150.375, 87.875, 1.383837240522063e-23, nan 
150.625, 87.875, 1.422766348031238e-23, nan 
150.875, 87.875, 1.3878443484224388e-23, nan 
151.125, 87.875, 1.0367627585820188e-23, nan 
151.375, 87.875, 7.16814947234015e-24, nan 
151.625, 87.875, 4.4744964766315325e-24, nan 
151.875, 87.875, 3.7670738202820355e-24, nan 
152.125, 87.875, 5.733965669900143e-24, nan 
152.375, 87.875, 6.181923037738769e-24, nan 
152.625, 87.875, 4.481042399754032e-24, nan 
152.875, 87.875, 8.314265514112618e-24, nan 
153.125, 87.875, 8.984665311579163e-24, nan 
153.375, 87.875, 7.246203797987506e-24, nan 
153.625, 87.875, 6.5508576916734246e-24, nan 
153.875, 87.875, 7.585346982230567e-24, nan 
154.125, 87.875, 8.410858228148517e-24, nan 
154.375, 87.875, 1.1744061615553945e-23, nan 
154.625, 87.875, 1.2672046101249248e-23, nan 
154.875, 87.875, 1.2480295947908689e-23, nan 
155.125, 87.875, 1.4195506803868408e-23, nan 
155.375, 87.875, 7.326812548374192e-24, nan 
155.625, 87.875, 9.978114272012454e-24, nan 
155.875, 87.875, 7.979680942747139e-24, nan 
156.125, 87.875, 7.730704266459124e-24, nan 
156.375, 87.875, 8.60196718908141e-24, nan 
156.625, 87.875, 8.12901687286389e-24, nan 
156.875, 87.875, 8.478773902045028e-24, nan 
157.125, 87.875, 7.507850055855985e-24, nan 
157.375, 87.875, 8.80331876939063e-24, nan 
157.625, 87.875, 8.924814094128198e-24, nan 
157.875, 87.875, 9.899463700694166e-24, nan 
158.125, 87.875, 8.399610222661996e-24, nan 
158.375, 87.875, 6.307482113723918e-24, nan 
158.625, 87.875, 4.4793601380653434e-24, nan 
158.875, 87.875, 5.170043302732221e-24, nan 
159.125, 87.875, 6.045673319108902e-24, nan 
159.375, 87.875, 7.590306658677097e-24, nan 
159.625, 87.875, 7.366007054712567e-24, nan 
159.875, 87.875, 6.47770580453835e-24, nan 
160.125, 87.875, 5.264291524204133e-24, nan 
160.375, 87.875, 5.0149525638788216e-24, nan 
160.625, 87.875, 5.759744639989396e-24, nan 
160.875, 87.875, 4.645706744025377e-24, nan 
161.125, 87.875, 4.8707132140295146e-24, nan 
161.375, 87.875, 5.017652562252844e-24, nan 
161.625, 87.875, 5.0691155246113e-24, nan 
161.875, 87.875, 5.0397702611091364e-24, nan 
162.125, 87.875, 6.34147061811985e-24, nan 
162.375, 87.875, 6.65200131122692e-24, nan 
162.625, 87.875, 7.103636172530723e-24, nan 
162.875, 87.875, 9.402128124074946e-24, nan 
163.125, 87.875, 1.0504556498557896e-23, nan 
163.375, 87.875, 1.1515767417643327e-23, nan 
163.625, 87.875, 1.2735225152666412e-23, nan 
163.875, 87.875, 1.3324058087021164e-23, nan 
164.125, 87.875, 1.28213715101979e-23, nan 
164.375, 87.875, 1.215690763649525e-23, nan 
164.625, 87.875, 1.0528733549080139e-23, nan 
164.875, 87.875, 8.52435029280265e-24, nan 
165.125, 87.875, 5.6852689163564e-24, nan 
165.375, 87.875, 4.8437651665198134e-24, nan 
165.625, 87.875, 3.779800046877487e-24, nan 
165.875, 87.875, 5.828845644329175e-24, nan 
166.125, 87.875, 9.308980366121016e-24, nan 
166.375, 87.875, 8.53927078800944e-24, nan 
166.625, 87.875, 5.7204072572066765e-24, nan 
166.875, 87.875, 5.107572781076954e-24, nan 
167.125, 87.875, 5.853944022634341e-24, nan 
167.375, 87.875, 7.197374310360422e-24, nan 
167.625, 87.875, 7.849216615992026e-24, nan 
167.875, 87.875, 7.415159500838362e-24, nan 
168.125, 87.875, 7.091148554542136e-24, nan 
168.375, 87.875, 7.089826591328694e-24, nan 
168.625, 87.875, 6.5085510051474414e-24, nan 
168.875, 87.875, 8.649912215418696e-24, nan 
169.125, 87.875, 8.540763898477108e-24, nan 
169.375, 87.875, 7.56748244411699e-24, nan 
169.625, 87.875, 8.93037387200012e-24, nan 
169.875, 87.875, 7.712898281764355e-24, nan 
170.125, 87.875, 7.647112090262752e-24, nan 
170.375, 87.875, 7.118154069156293e-24, nan 
170.625, 87.875, 8.016158604807852e-24, nan 
170.875, 87.875, 8.097767634849666e-24, nan 
171.125, 87.875, 8.001550044235477e-24, nan 
171.375, 87.875, 9.543689270806506e-24, nan 
171.625, 87.875, 9.718150126191321e-24, nan 
171.875, 87.875, 8.180340220854658e-24, nan 
172.125, 87.875, 5.956209352654413e-24, nan 
172.375, 87.875, 4.612301278406536e-24, nan 
172.625, 87.875, 3.985074849718112e-24, nan 
172.875, 87.875, 4.9241063667225135e-24, nan 
173.125, 87.875, 4.41170741573459e-24, nan 
173.375, 87.875, 4.115988951305255e-24, nan 
173.625, 87.875, 5.405751476568273e-24, nan 
173.875, 87.875, 5.3206306804690624e-24, nan 
174.125, 87.875, 5.097266121030592e-24, nan 
174.375, 87.875, 4.977843247408997e-24, nan 
174.625, 87.875, 4.9778371362220995e-24, nan 
174.875, 87.875, 5.68689542818887e-24, nan 
175.125, 87.875, 8.300245756708016e-24, nan 
175.375, 87.875, 9.4353681423264e-24, nan 
175.625, 87.875, 1.1245130477414596e-23, nan 
175.875, 87.875, 1.0788190559357746e-23, nan 
176.125, 87.875, 8.538482864912051e-24, nan 
176.375, 87.875, 1.1294162616171733e-23, nan 
176.625, 87.875, 8.755420547931677e-24, nan 
176.875, 87.875, 8.406220116871143e-24, nan 
177.125, 87.875, 5.716313216545659e-24, nan 
177.375, 87.875, 6.608058899100034e-24, nan 
177.625, 87.875, 7.826465903385064e-24, nan 
177.875, 87.875, 8.971156456521316e-24, nan 
178.125, 87.875, 1.0992012695108589e-23, nan 
178.375, 87.875, 1.3467814357037916e-23, nan 
178.625, 87.875, 1.2776444862387993e-23, nan 
178.875, 87.875, 9.809785609698532e-24, nan 
179.125, 87.875, 7.03218825898003e-24, nan 
179.375, 87.875, 4.623199435986808e-24, nan 
179.625, 87.875, 3.5723998668650466e-24, nan 
179.875, 87.875, 3.266330299747537e-24, nan 
-179.875, 88.125, 1.953710295901563e-24, nan 
-179.625, 88.125, 1.2410404172907799e-24, nan 
-179.375, 88.125, 1.4892079004007288e-24, nan 
-179.125, 88.125, 1.3780687985000197e-24, nan 
-178.875, 88.125, 1.5877889169916152e-24, nan 
-178.625, 88.125, 1.994687174935472e-24, nan 
-178.375, 88.125, 1.8540462612387083e-24, nan 
-178.125, 88.125, 2.38718239160281e-24, nan 
-177.875, 88.125, 1.9753154777109064e-24, nan 
-177.625, 88.125, 1.837778503130793e-24, nan 
-177.375, 88.125, 1.7306987701798433e-24, nan 
-177.125, 88.125, 2.1497106033246076e-24, nan 
-176.875, 88.125, 2.164081616167549e-24, nan 
-176.625, 88.125, 2.097887289572783e-24, nan 
-176.375, 88.125, 2.2111392052721577e-24, nan 
-176.125, 88.125, 2.235840517127385e-24, nan 
-175.875, 88.125, 2.2535515877200136e-24, nan 
-175.625, 88.125, 2.3033770720429003e-24, nan 
-175.375, 88.125, 2.2412826128600637e-24, nan 
-175.125, 88.125, 2.26470927315781e-24, nan 
-174.875, 88.125, 1.9058406032668736e-24, nan 
-174.625, 88.125, 1.400544053209966e-24, nan 
-174.375, 88.125, 1.37846643683702e-24, nan 
-174.125, 88.125, 1.3529440577150761e-24, nan 
-173.875, 88.125, 1.300387454773405e-24, nan 
-173.625, 88.125, 1.3122405366234867e-24, nan 
-173.375, 88.125, 1.1658279371125687e-24, nan 
-173.125, 88.125, 1.3687030648833134e-24, nan 
-172.875, 88.125, 1.393678259504524e-24, nan 
-172.625, 88.125, 1.4910425798191875e-24, nan 
-172.375, 88.125, 1.4224616284526418e-24, nan 
-172.125, 88.125, 1.654590809870999e-24, nan 
-171.875, 88.125, 1.2889939982174175e-24, nan 
-171.625, 88.125, 1.36535826515153e-24, nan 
-171.375, 88.125, 1.3371536041815669e-24, nan 
-171.125, 88.125, 1.525001295978266e-24, nan 
-170.875, 88.125, 1.676903184379694e-24, nan 
-170.625, 88.125, 1.5601157276169552e-24, nan 
-170.375, 88.125, 1.796831720175998e-24, nan 
-170.125, 88.125, 1.9465686455177233e-24, nan 
-169.875, 88.125, 2.1662205955472337e-24, nan 
-169.625, 88.125, 2.498121879105579e-24, nan 
-169.375, 88.125, 2.9352591060110054e-24, nan 
-169.125, 88.125, 3.128950623979993e-24, nan 
-168.875, 88.125, 3.2426956521358544e-24, nan 
-168.625, 88.125, 3.461796438037919e-24, nan 
-168.375, 88.125, 3.5559226673305745e-24, nan 
-168.125, 88.125, 3.391589247309873e-24, nan 
-167.875, 88.125, 3.0295556192825698e-24, nan 
-167.625, 88.125, 2.5916939892519102e-24, nan 
-167.375, 88.125, 1.9616913074345815e-24, nan 
-167.125, 88.125, 1.5804726386971527e-24, nan 
-166.875, 88.125, 1.0628713030131159e-24, nan 
-166.625, 88.125, 7.98584610104539e-25, nan 
-166.375, 88.125, 9.411666924350451e-25, nan 
-166.125, 88.125, 1.0956509770072887e-24, nan 
-165.875, 88.125, 1.3584037027101372e-24, nan 
-165.625, 88.125, 2.0053425295783684e-24, nan 
-165.375, 88.125, 1.6844466192197936e-24, nan 
-165.125, 88.125, 1.6023724404874894e-24, nan 
-164.875, 88.125, 1.7776512070406904e-24, nan 
-164.625, 88.125, 1.9576236226007976e-24, nan 
-164.375, 88.125, 1.7164592263527977e-24, nan 
-164.125, 88.125, 1.7263725986591903e-24, nan 
-163.875, 88.125, 1.5224668725724644e-24, nan 
-163.625, 88.125, 1.7546251005521584e-24, nan 
-163.375, 88.125, 2.0327820183185777e-24, nan 
-163.125, 88.125, 2.077533846307389e-24, nan 
-162.875, 88.125, 2.1797074522534164e-24, nan 
-162.625, 88.125, 2.350882104330693e-24, nan 
-162.375, 88.125, 2.864929155060358e-24, nan 
-162.125, 88.125, 3.2838462264365036e-24, nan 
-161.875, 88.125, 3.508203383194987e-24, nan 
-161.625, 88.125, 4.043499962293293e-24, nan 
-161.375, 88.125, 4.48635577543226e-24, nan 
-161.125, 88.125, 4.837791428290289e-24, nan 
-160.875, 88.125, 5.0053823570592646e-24, nan 
-160.625, 88.125, 5.1120632773017866e-24, nan 
-160.375, 88.125, 5.106590360429995e-24, nan 
-160.125, 88.125, 4.393520420256983e-24, nan 
-159.875, 88.125, 4.073760852480254e-24, nan 
-159.625, 88.125, 3.357245623267922e-24, nan 
-159.375, 88.125, 2.801372163079541e-24, nan 
-159.125, 88.125, 2.3641545320298765e-24, nan 
-158.875, 88.125, 2.176516788824771e-24, nan 
-158.625, 88.125, 2.4989399792928263e-24, nan 
-158.375, 88.125, 2.7372944989903237e-24, nan 
-158.125, 88.125, 3.760625877262261e-24, nan 
-157.875, 88.125, 5.4937620672952634e-24, nan 
-157.625, 88.125, 5.0456609531655264e-24, nan 
-157.375, 88.125, 4.763786661993725e-24, nan 
-157.125, 88.125, 3.975743678458942e-24, nan 
-156.875, 88.125, 3.532873216815438e-24, nan 
-156.625, 88.125, 3.3131502936929274e-24, nan 
-156.375, 88.125, 3.354458778719097e-24, nan 
-156.125, 88.125, 3.7015981100308425e-24, nan 
-155.875, 88.125, 4.277797143272169e-24, nan 
-155.625, 88.125, 4.558388680811746e-24, nan 
-155.375, 88.125, 4.362992667776905e-24, nan 
-155.125, 88.125, 3.894522224981207e-24, nan 
-154.875, 88.125, 3.502560729122359e-24, nan 
-154.625, 88.125, 3.2144630738494022e-24, nan 
-154.375, 88.125, 3.1200114884877095e-24, nan 
-154.125, 88.125, 3.2601388439619925e-24, nan 
-153.875, 88.125, 3.523170743407712e-24, nan 
-153.625, 88.125, 3.764447299719113e-24, nan 
-153.375, 88.125, 3.9864820811672726e-24, nan 
-153.125, 88.125, 4.0946641823757906e-24, nan 
-152.875, 88.125, 4.175722478568002e-24, nan 
-152.625, 88.125, 4.126265489833694e-24, nan 
-152.375, 88.125, 3.547908122225485e-24, nan 
-152.125, 88.125, 3.336691427778182e-24, nan 
-5.375, 88.125, 6.788700054678227e-24, nan 
-5.125, 88.125, 6.1232530614593256e-24, nan 
-4.875, 88.125, 5.406354650435967e-24, nan 
-4.625, 88.125, 4.6189870820436825e-24, nan 
-4.375, 88.125, 3.982694599534853e-24, nan 
-4.125, 88.125, 2.8223741148763333e-24, nan 
-3.875, 88.125, 2.154114725717204e-24, nan 
-3.625, 88.125, 1.9287855847835446e-24, nan 
-3.375, 88.125, 2.498825931283256e-24, nan 
-3.125, 88.125, 2.5188500213434448e-24, nan 
-2.875, 88.125, 3.9910779864147266e-24, nan 
-2.625, 88.125, 7.236493399314133e-24, nan 
-2.375, 88.125, 3.515649990417803e-24, nan 
-2.125, 88.125, 1.5848850496629616e-24, nan 
-1.875, 88.125, 1.9795974890749354e-24, nan 
-1.625, 88.125, 2.336035316054712e-24, nan 
-1.375, 88.125, 3.2200553036149604e-24, nan 
-1.125, 88.125, 4.77888887936616e-24, nan 
-0.875, 88.125, 8.957289839653686e-24, nan 
-0.625, 88.125, 8.937852728650622e-24, nan 
-0.375, 88.125, 7.680451641589e-24, nan 
-0.125, 88.125, 6.732212746489065e-24, nan 
0.125, 88.125, 5.903928121486726e-24, nan 
0.375, 88.125, 4.763500339079438e-24, nan 
0.625, 88.125, 4.0671648496977205e-24, nan 
0.875, 88.125, 3.954671263208495e-24, nan 
1.125, 88.125, 4.3643160556616985e-24, nan 
1.375, 88.125, 4.9178316959484734e-24, nan 
1.625, 88.125, 5.5757070221069535e-24, nan 
1.875, 88.125, 5.923451961138017e-24, nan 
2.125, 88.125, 4.631740399710261e-24, nan 
2.375, 88.125, 3.5837814715359524e-24, nan 
2.625, 88.125, 2.8400442211013336e-24, nan 
2.875, 88.125, 2.518828491379452e-24, nan 
3.125, 88.125, 1.9943975143646464e-24, nan 
3.375, 88.125, 1.6580693550281986e-24, nan 
3.625, 88.125, 1.0769731405895663e-24, nan 
3.875, 88.125, 1.0377965356359882e-24, nan 
4.125, 88.125, 1.3936028932448524e-24, nan 
4.375, 88.125, 1.684338571946412e-24, nan 
4.625, 88.125, 1.4943950285211356e-24, nan 
4.875, 88.125, 1.3271784959189074e-24, nan 
5.125, 88.125, 1.0592454789538265e-24, nan 
5.375, 88.125, 8.645581531293742e-25, nan 
5.625, 88.125, 7.094875077536152e-25, nan 
5.875, 88.125, 1.0455016505915083e-24, nan 
6.125, 88.125, 1.5752295410504155e-24, nan 
6.375, 88.125, 1.275565709776195e-24, nan 
6.625, 88.125, 1.0720848797639085e-24, nan 
6.875, 88.125, 1.014050936880141e-24, nan 
7.125, 88.125, 1.0541613989587741e-24, nan 
7.375, 88.125, 1.0692579024802475e-24, nan 
7.625, 88.125, 1.2916275076078062e-24, nan 
7.875, 88.125, 1.0847770289693212e-24, nan 
8.125, 88.125, 1.3037061168962614e-24, nan 
8.375, 88.125, 1.4554698673141193e-24, nan 
8.625, 88.125, 1.4772648000476572e-24, nan 
8.875, 88.125, 1.685194308490184e-24, nan 
9.125, 88.125, 1.7809171719526865e-24, nan 
9.375, 88.125, 1.7155041733695667e-24, nan 
9.625, 88.125, 8.6828119166192e-25, nan 
9.875, 88.125, 4.676918554935648e-25, nan 
10.125, 88.125, 5.235966793461237e-25, nan 
10.375, 88.125, 7.629602984651651e-25, nan 
10.625, 88.125, 1.0094179577688823e-24, nan 
10.875, 88.125, 1.2603532114058277e-24, nan 
11.125, 88.125, 1.4358994610367422e-24, nan 
11.375, 88.125, 1.5927917783246263e-24, nan 
11.625, 88.125, 1.4926329863047535e-24, nan 
11.875, 88.125, 1.7475126474837694e-24, nan 
12.125, 88.125, 1.972828324454121e-24, nan 
12.375, 88.125, 2.1970134935141696e-24, nan 
12.625, 88.125, 1.4472017819479043e-24, nan 
12.875, 88.125, 1.7405439154200505e-24, nan 
13.125, 88.125, 1.9807998559165154e-24, nan 
13.375, 88.125, 1.8087469823840558e-24, nan 
13.625, 88.125, 2.3286932584200317e-24, nan 
13.875, 88.125, 1.2996571517917822e-24, nan 
14.125, 88.125, 1.9871971757587758e-24, nan 
14.375, 88.125, 2.4411593100206973e-24, nan 
14.625, 88.125, 2.095048986311291e-24, nan 
14.875, 88.125, 2.1238984518858883e-24, nan 
15.125, 88.125, 2.2816755653686855e-24, nan 
15.375, 88.125, 2.3058215925981122e-24, nan 
15.625, 88.125, 2.295442487755574e-24, nan 
15.875, 88.125, 1.9360843296523606e-24, nan 
16.125, 88.125, 1.856819519065537e-24, nan 
16.375, 88.125, 1.945215818586436e-24, nan 
16.625, 88.125, 1.936826094278105e-24, nan 
16.875, 88.125, 2.167491072287383e-24, nan 
17.125, 88.125, 1.7284065276699427e-24, nan 
17.375, 88.125, 1.5011787940626079e-24, nan 
17.625, 88.125, 1.2107158587517023e-24, nan 
17.875, 88.125, 1.2887930959139253e-24, nan 
18.125, 88.125, 1.2155281573414751e-24, nan 
18.375, 88.125, 1.5026539664964579e-24, nan 
18.625, 88.125, 1.6198561034570794e-24, nan 
18.875, 88.125, 1.5416981294833322e-24, nan 
19.125, 88.125, 1.564022051344897e-24, nan 
19.375, 88.125, 1.4654195583796618e-24, nan 
19.625, 88.125, 1.2396207244242653e-24, nan 
19.875, 88.125, 1.2043384511325045e-24, nan 
20.125, 88.125, 1.6376117661411636e-24, nan 
20.375, 88.125, 2.20654115258889e-24, nan 
20.625, 88.125, 2.6798244821984602e-24, nan 
20.875, 88.125, 2.9167255585780604e-24, nan 
21.125, 88.125, 3.1913040851223857e-24, nan 
21.375, 88.125, 2.557728556853855e-24, nan 
21.625, 88.125, 2.1245470968927864e-24, nan 
21.875, 88.125, 1.826737254315132e-24, nan 
22.125, 88.125, 1.7666696270796897e-24, nan 
22.375, 88.125, 1.5508482778110293e-24, nan 
22.625, 88.125, 1.6247487397913787e-24, nan 
22.875, 88.125, 1.57910965499437e-24, nan 
23.125, 88.125, 1.7895570481844222e-24, nan 
23.375, 88.125, 1.5189437739872642e-24, nan 
23.625, 88.125, 1.571669806763521e-24, nan 
23.875, 88.125, 1.773871847742307e-24, nan 
24.125, 88.125, 1.9176064124025475e-24, nan 
24.375, 88.125, 1.2902093586728156e-24, nan 
24.625, 88.125, 9.523976538563232e-25, nan 
24.875, 88.125, 1.4720994016150626e-24, nan 
25.125, 88.125, 1.6333771862666913e-24, nan 
25.375, 88.125, 1.981244480200184e-24, nan 
25.625, 88.125, 2.65311860598844e-24, nan 
25.875, 88.125, 3.631651443451781e-24, nan 
26.125, 88.125, 2.938595804318862e-24, nan 
26.375, 88.125, 2.1616577612123356e-24, nan 
26.625, 88.125, 1.9686138526737124e-24, nan 
26.875, 88.125, 1.816531989326164e-24, nan 
27.125, 88.125, 1.7148837944170223e-24, nan 
27.375, 88.125, 1.5470054021385808e-24, nan 
27.625, 88.125, 1.392186533088399e-24, nan 
27.875, 88.125, 1.197129070463561e-24, nan 
28.125, 88.125, 1.4850149842796876e-24, nan 
28.375, 88.125, 1.5729576040232659e-24, nan 
28.625, 88.125, 1.817776956884943e-24, nan 
28.875, 88.125, 2.156466304992767e-24, nan 
29.125, 88.125, 1.9245969710343483e-24, nan 
29.375, 88.125, 1.7125071105671913e-24, nan 
29.625, 88.125, 1.73025851302282e-24, nan 
29.875, 88.125, 1.47913269320857e-24, nan 
30.125, 88.125, 1.4310338454410368e-24, nan 
30.375, 88.125, 1.32030803486612e-24, nan 
30.625, 88.125, 1.4760464603699929e-24, nan 
30.875, 88.125, 2.0763609592384096e-24, nan 
31.125, 88.125, 1.5880121040684902e-24, nan 
31.375, 88.125, 1.5835311426490398e-24, nan 
31.625, 88.125, 1.6845138155626626e-24, nan 
31.875, 88.125, 1.5448551504365968e-24, nan 
32.125, 88.125, 1.5478355784328563e-24, nan 
32.375, 88.125, 1.5946177958598623e-24, nan 
32.625, 88.125, 1.6907585441284964e-24, nan 
32.875, 88.125, 1.338235245887283e-24, nan 
33.125, 88.125, 1.129312591032113e-24, nan 
33.375, 88.125, 9.319261544572761e-25, nan 
33.625, 88.125, 2.541095777248554e-24, nan 
33.875, 88.125, 2.0443217976573635e-24, nan 
34.125, 88.125, 2.784786544397733e-24, nan 
34.375, 88.125, 4.557749981125612e-24, nan 
34.625, 88.125, 4.9677444258445494e-24, nan 
34.875, 88.125, 5.228840260288755e-24, nan 
35.125, 88.125, 4.876528735780729e-24, nan 
35.375, 88.125, 4.3676270615370435e-24, nan 
35.625, 88.125, 3.506566556320223e-24, nan 
35.875, 88.125, 3.701017166175394e-24, nan 
36.125, 88.125, 2.9630082362611695e-24, nan 
36.375, 88.125, 2.1565568295183594e-24, nan 
36.625, 88.125, 1.6606138653134628e-24, nan 
36.875, 88.125, 1.7113642766819294e-24, nan 
37.125, 88.125, 1.5724387398833495e-24, nan 
37.375, 88.125, 1.8590238074473384e-24, nan 
37.625, 88.125, 3.0725982857409247e-24, nan 
37.875, 88.125, 4.061759047324781e-24, nan 
38.125, 88.125, 3.7183955733884694e-24, nan 
38.375, 88.125, 5.1259702430581624e-24, nan 
38.625, 88.125, 4.940067849236747e-24, nan 
38.875, 88.125, 4.028731013937534e-24, nan 
39.125, 88.125, 3.412709101427483e-24, nan 
39.375, 88.125, 3.20816037010014e-24, nan 
39.625, 88.125, 3.919489328801914e-24, nan 
39.875, 88.125, 3.409078790039472e-24, nan 
40.125, 88.125, 3.1489672837065047e-24, nan 
40.375, 88.125, 3.357292021601731e-24, nan 
40.625, 88.125, 2.416381927577157e-24, nan 
40.875, 88.125, 1.221933781739642e-24, nan 
41.125, 88.125, 2.221591165482582e-24, nan 
41.375, 88.125, 3.5730161501836184e-24, nan 
41.625, 88.125, 4.394628439627293e-24, nan 
41.875, 88.125, 5.782267116740736e-24, nan 
42.125, 88.125, 7.194725555597171e-24, nan 
42.375, 88.125, 7.73575839844787e-24, nan 
42.625, 88.125, 7.384323461593771e-24, nan 
42.875, 88.125, 6.1350473452489055e-24, nan 
43.125, 88.125, 5.090886538840382e-24, nan 
43.375, 88.125, 4.110398974411064e-24, nan 
43.625, 88.125, 3.9774438586640226e-24, nan 
43.875, 88.125, 3.0119938364226135e-24, nan 
44.125, 88.125, 2.0222013910368047e-24, nan 
44.375, 88.125, 1.401124589266009e-24, nan 
44.625, 88.125, 1.6723150290395694e-24, nan 
44.875, 88.125, 1.9002671998220144e-24, nan 
45.125, 88.125, 2.358427088664649e-24, nan 
45.375, 88.125, 2.1736969217351375e-24, nan 
45.625, 88.125, 3.1011514747643563e-24, nan 
45.875, 88.125, 4.0843037676656364e-24, nan 
46.125, 88.125, 5.9100978644322236e-24, nan 
46.375, 88.125, 6.260633847416624e-24, nan 
46.625, 88.125, 6.098820596011761e-24, nan 
46.875, 88.125, 6.080078844741942e-24, nan 
47.125, 88.125, 6.0600783730156575e-24, nan 
47.375, 88.125, 6.196652990339824e-24, nan 
47.625, 88.125, 6.3120186054112206e-24, nan 
47.875, 88.125, 6.343950777392198e-24, nan 
48.125, 88.125, 6.805550216034216e-24, nan 
48.375, 88.125, 6.222398383364078e-24, nan 
48.625, 88.125, 4.981859693125296e-24, nan 
48.875, 88.125, 5.40155996887043e-24, nan 
49.125, 88.125, 5.686613974442963e-24, nan 
49.375, 88.125, 6.0432112126430256e-24, nan 
49.625, 88.125, 6.563150020858149e-24, nan 
49.875, 88.125, 6.89825526044272e-24, nan 
50.125, 88.125, 6.798802933800175e-24, nan 
50.375, 88.125, 7.021590794054523e-24, nan 
50.625, 88.125, 7.46994252860986e-24, nan 
50.875, 88.125, 8.476671708444347e-24, nan 
51.125, 88.125, 5.877621326003666e-24, nan 
51.375, 88.125, 5.546032817980919e-24, nan 
51.625, 88.125, 4.7080326126402446e-24, nan 
51.875, 88.125, 5.4613850488305496e-24, nan 
52.125, 88.125, 6.139327523389862e-24, nan 
52.375, 88.125, 5.407646663159653e-24, nan 
52.625, 88.125, 5.4120432771619436e-24, nan 
52.875, 88.125, 5.3304198658591724e-24, nan 
53.125, 88.125, 4.656827178601484e-24, nan 
53.375, 88.125, 5.399069964415167e-24, nan 
53.625, 88.125, 5.7314782333251446e-24, nan 
53.875, 88.125, 6.699671724697455e-24, nan 
54.125, 88.125, 6.91429852048644e-24, nan 
54.375, 88.125, 6.641749288603479e-24, nan 
54.625, 88.125, 5.913447755171296e-24, nan 
54.875, 88.125, 5.3256828715898176e-24, nan 
55.125, 88.125, 5.09197254667759e-24, nan 
55.375, 88.125, 5.2951778693628794e-24, nan 
55.625, 88.125, 5.9199249546995095e-24, nan 
55.875, 88.125, 7.283800288853846e-24, nan 
56.125, 88.125, 8.310084094480885e-24, nan 
56.375, 88.125, 7.376567593925169e-24, nan 
56.625, 88.125, 6.234988237930666e-24, nan 
56.875, 88.125, 5.051221126548094e-24, nan 
57.125, 88.125, 4.523397943548856e-24, nan 
57.375, 88.125, 2.9783575674944686e-24, nan 
57.625, 88.125, 3.2187569942149735e-24, nan 
57.875, 88.125, 3.472290938420639e-24, nan 
58.125, 88.125, 3.946851395925848e-24, nan 
58.375, 88.125, 5.235039776269958e-24, nan 
58.625, 88.125, 6.948297914460508e-24, nan 
58.875, 88.125, 6.620185624824255e-24, nan 
59.125, 88.125, 6.307165293075291e-24, nan 
59.375, 88.125, 5.996045153097118e-24, nan 
59.625, 88.125, 5.6656366554793814e-24, nan 
59.875, 88.125, 5.7136104187465775e-24, nan 
60.125, 88.125, 5.8307369874926395e-24, nan 
60.375, 88.125, 5.579885118735339e-24, nan 
60.625, 88.125, 4.8859144972148606e-24, nan 
60.875, 88.125, 6.439294299822884e-24, nan 
61.125, 88.125, 4.671903358293486e-24, nan 
61.375, 88.125, 4.652047046458701e-24, nan 
61.625, 88.125, 4.8154438564477186e-24, nan 
61.875, 88.125, 4.216113655523134e-24, nan 
62.125, 88.125, 4.2510088797591914e-24, nan 
62.375, 88.125, 4.759583026550263e-24, nan 
62.625, 88.125, 5.1070972234380226e-24, nan 
62.875, 88.125, 6.830039293450474e-24, nan 
63.125, 88.125, 9.506484092960667e-24, nan 
63.375, 88.125, 1.2733959989919671e-23, nan 
63.625, 88.125, 1.4374514996567413e-23, nan 
63.875, 88.125, 1.6106573137893658e-23, nan 
64.125, 88.125, 1.4326293702308403e-23, nan 
64.375, 88.125, 1.3842377340786817e-23, nan 
64.625, 88.125, 1.184156452481306e-23, nan 
64.875, 88.125, 1.1505705598616583e-23, nan 
65.125, 88.125, 1.1214436070202545e-23, nan 
65.375, 88.125, 1.205841237603173e-23, nan 
65.625, 88.125, 1.2083823958146352e-23, nan 
65.875, 88.125, 1.2169384590840935e-23, nan 
66.125, 88.125, 1.2191124555722717e-23, nan 
66.375, 88.125, 1.1603051663842724e-23, nan 
66.625, 88.125, 1.1049678173884968e-23, nan 
66.875, 88.125, 1.0448695416545243e-23, nan 
67.125, 88.125, 1.0370010565236028e-23, nan 
67.375, 88.125, 1.0191482442958816e-23, nan 
67.625, 88.125, 2.2984844718624084e-24, nan 
67.875, 88.125, 9.894896341298524e-24, nan 
68.125, 88.125, 1.0480414624275168e-23, nan 
68.375, 88.125, 1.1488624033930636e-23, nan 
68.625, 88.125, 1.2642651416389088e-23, nan 
68.875, 88.125, 1.2055700239865164e-23, nan 
69.125, 88.125, 1.1741865996528221e-23, nan 
69.375, 88.125, 4.603577324432825e-24, nan 
69.625, 88.125, 4.58119462806571e-24, nan 
69.875, 88.125, 4.946483750026339e-24, nan 
70.125, 88.125, 6.925311682151983e-24, nan 
70.375, 88.125, 7.859835805655796e-24, nan 
70.625, 88.125, 8.46441636190362e-24, nan 
70.875, 88.125, 6.753460763598177e-24, nan 
71.125, 88.125, 8.755539383659283e-24, nan 
71.375, 88.125, 1.0297026333666025e-23, nan 
71.625, 88.125, 1.1023408734043109e-23, nan 
71.875, 88.125, 8.987738782331738e-24, nan 
72.125, 88.125, 9.353847957306009e-24, nan 
72.375, 88.125, 9.222355422336061e-24, nan 
72.625, 88.125, 9.110184919793705e-24, nan 
72.875, 88.125, 5.2201521262406685e-24, nan 
73.125, 88.125, 3.518050154303713e-24, nan 
73.375, 88.125, 1.2656969324865647e-24, nan 
73.625, 88.125, 2.353901608663236e-24, nan 
73.875, 88.125, 2.314705602868786e-24, nan 
74.125, 88.125, 5.4269155633533945e-24, nan 
74.375, 88.125, 6.2487251873400784e-24, nan 
74.625, 88.125, 5.8893296395359694e-24, nan 
74.875, 88.125, 5.768523689016507e-24, nan 
75.125, 88.125, 5.352429344079736e-24, nan 
75.375, 88.125, 4.5183433511264306e-24, nan 
75.625, 88.125, 4.326330309083463e-24, nan 
75.875, 88.125, 2.8044383723940046e-24, nan 
76.125, 88.125, 2.374187779655265e-24, nan 
76.375, 88.125, 2.4277656253880432e-24, nan 
76.625, 88.125, 2.383025561682059e-24, nan 
76.875, 88.125, 2.582940055578651e-24, nan 
77.125, 88.125, 3.036521398984371e-24, nan 
77.375, 88.125, 2.7122679654211794e-24, nan 
77.625, 88.125, 4.258706866652565e-24, nan 
77.875, 88.125, 5.8913420563344744e-24, nan 
78.125, 88.125, 5.529763254440571e-24, nan 
78.375, 88.125, 4.343737854351946e-24, nan 
78.625, 88.125, 2.060253970926646e-24, nan 
78.875, 88.125, 1.4498942673660115e-24, nan 
79.125, 88.125, 1.875684669546958e-24, nan 
79.375, 88.125, 1.7381176549984494e-24, nan 
79.625, 88.125, 1.6823786445997996e-24, nan 
79.875, 88.125, 3.683972071741198e-24, nan 
80.125, 88.125, 2.1799431898799267e-24, nan 
80.375, 88.125, 1.2131254887821074e-24, nan 
80.625, 88.125, 1.14880818532394e-24, nan 
80.875, 88.125, 1.2100200128289026e-24, nan 
81.125, 88.125, 1.6304347177871675e-24, nan 
81.375, 88.125, 3.2355722222005502e-24, nan 
81.625, 88.125, 4.0949576499993626e-24, nan 
81.875, 88.125, 5.11225820518158e-24, nan 
82.125, 88.125, 5.86194760409679e-24, nan 
82.375, 88.125, 3.8265220770374195e-24, nan 
82.625, 88.125, 3.8796382661349755e-24, nan 
82.875, 88.125, 4.6647311755451196e-24, nan 
83.125, 88.125, 5.005182942075417e-24, nan 
83.375, 88.125, 6.384957076400029e-24, nan 
83.625, 88.125, 4.5587926011724526e-24, nan 
83.875, 88.125, 5.045724882239476e-24, nan 
84.125, 88.125, 5.674181281643463e-24, nan 
84.375, 88.125, 5.6988104689183394e-24, nan 
84.625, 88.125, 5.972225517798435e-24, nan 
84.875, 88.125, 6.425965892595224e-24, nan 
85.125, 88.125, 6.811827614597036e-24, nan 
85.375, 88.125, 9.75550565660232e-24, nan 
85.625, 88.125, 1.1594544996501685e-23, nan 
85.875, 88.125, 8.528556927452467e-24, nan 
86.125, 88.125, 3.842108787801604e-24, nan 
86.375, 88.125, 3.47184464734028e-24, nan 
86.625, 88.125, 3.934755570040932e-24, nan 
86.875, 88.125, 3.2180717531890326e-24, nan 
87.125, 88.125, 3.503000597516691e-24, nan 
87.375, 88.125, 5.127792357871061e-24, nan 
87.625, 88.125, 8.779955886630214e-24, nan 
87.875, 88.125, 6.0039918085789076e-24, nan 
88.125, 88.125, 4.844538717890506e-24, nan 
88.375, 88.125, 4.570717532431e-24, nan 
88.625, 88.125, 4.46881567290081e-24, nan 
88.875, 88.125, 4.575348767076205e-24, nan 
89.125, 88.125, 6.489992089156641e-24, nan 
89.375, 88.125, 6.448584179866121e-24, nan 
89.625, 88.125, 6.853196068511914e-24, nan 
89.875, 88.125, 5.647125086950253e-24, nan 
90.125, 88.125, 5.3698806643540496e-24, nan 
90.375, 88.125, 7.076994039707857e-24, nan 
90.625, 88.125, 7.047460172943259e-24, nan 
90.875, 88.125, 7.033683709615497e-24, nan 
91.125, 88.125, 7.664144515640628e-24, nan 
91.375, 88.125, 7.160872657367727e-24, nan 
91.625, 88.125, 7.361084768503646e-24, nan 
91.875, 88.125, 7.628603281213177e-24, nan 
92.125, 88.125, 8.530940291249497e-24, nan 
92.375, 88.125, 1.006358698910018e-23, nan 
92.625, 88.125, 1.1078886969434741e-23, nan 
92.875, 88.125, 1.1617770567352481e-23, nan 
93.125, 88.125, 1.108389443534439e-23, nan 
93.375, 88.125, 1.0351672024394063e-23, nan 
93.625, 88.125, 6.563259900964544e-24, nan 
93.875, 88.125, 3.560420138122385e-24, nan 
94.125, 88.125, 2.9831581410800043e-24, nan 
94.375, 88.125, 2.6752796991806527e-24, nan 
94.625, 88.125, 1.5021086679180934e-24, nan 
94.875, 88.125, 1.5510585251026356e-24, nan 
95.125, 88.125, 3.255990856616883e-24, nan 
95.375, 88.125, 5.645557753054926e-24, nan 
95.625, 88.125, 5.019687486233502e-24, nan 
95.875, 88.125, 5.7098892418225585e-24, nan 
96.125, 88.125, 7.446475889314036e-24, nan 
96.375, 88.125, 9.053769607120699e-24, nan 
96.625, 88.125, 1.0106423515583536e-23, nan 
96.875, 88.125, 1.0778680605849026e-23, nan 
97.125, 88.125, 1.0909183274595367e-23, nan 
97.375, 88.125, 1.080269021192028e-23, nan 
97.625, 88.125, 4.321409863090587e-24, nan 
97.875, 88.125, 1.1821565124978673e-23, nan 
98.125, 88.125, 1.1713298335847744e-23, nan 
98.375, 88.125, 1.2733952339811886e-23, nan 
98.625, 88.125, 1.25569424955524e-23, nan 
98.875, 88.125, 1.0264512019856464e-23, nan 
99.125, 88.125, 8.801193929465258e-24, nan 
99.375, 88.125, 2.096558387254206e-24, nan 
99.625, 88.125, 2.182292915085148e-24, nan 
99.875, 88.125, 2.659196975259926e-24, nan 
100.125, 88.125, 3.650875077559424e-24, nan 
100.375, 88.125, 4.145687394829486e-24, nan 
100.625, 88.125, 5.366649549216872e-24, nan 
100.875, 88.125, 2.4652727590634655e-24, nan 
101.125, 88.125, 4.086198794161821e-24, nan 
101.375, 88.125, 4.942764645331172e-24, nan 
101.625, 88.125, 5.495386899286493e-24, nan 
101.875, 88.125, 6.2424118152528784e-24, nan 
102.125, 88.125, 7.739787075353574e-24, nan 
102.375, 88.125, 5.509196181446928e-24, nan 
102.625, 88.125, 4.2094786991222134e-24, nan 
102.875, 88.125, 5.0735236461532095e-24, nan 
103.125, 88.125, 5.001216987824436e-24, nan 
103.375, 88.125, 5.428330171259343e-24, nan 
103.625, 88.125, 5.880971213153542e-24, nan 
103.875, 88.125, 6.570093817740518e-24, nan 
104.125, 88.125, 7.416355728351562e-24, nan 
104.375, 88.125, 7.51469564526475e-24, nan 
104.625, 88.125, 6.022801692825663e-24, nan 
104.875, 88.125, 5.5080978796641994e-24, nan 
105.125, 88.125, 5.719499537620441e-24, nan 
105.375, 88.125, 6.169733973053797e-24, nan 
105.625, 88.125, 5.181253395887879e-24, nan 
105.875, 88.125, 6.056825043153119e-24, nan 
106.125, 88.125, 7.78111649182085e-24, nan 
106.375, 88.125, 6.684212763059329e-24, nan 
106.625, 88.125, 5.636719531830108e-24, nan 
106.875, 88.125, 4.261889411104555e-24, nan 
107.125, 88.125, 3.609045758901782e-24, nan 
107.375, 88.125, 5.4303973447589236e-24, nan 
107.625, 88.125, 5.908722361047654e-24, nan 
107.875, 88.125, 6.3306435265077985e-24, nan 
108.125, 88.125, 5.30088716219568e-24, nan 
108.375, 88.125, 5.220198001667975e-24, nan 
108.625, 88.125, 5.832273388673624e-24, nan 
108.875, 88.125, 6.795480231507888e-24, nan 
109.125, 88.125, 7.268653131559843e-24, nan 
109.375, 88.125, 7.327281475426303e-24, nan 
109.625, 88.125, 8.467564578419383e-24, nan 
109.875, 88.125, 1.253392280623871e-23, nan 
110.125, 88.125, 1.0936673256550501e-23, nan 
110.375, 88.125, 5.74462183147829e-24, nan 
110.625, 88.125, 6.967121561713404e-24, nan 
110.875, 88.125, 4.506688004333202e-24, nan 
111.125, 88.125, 4.431808032612432e-24, nan 
111.375, 88.125, 4.45741868651935e-24, nan 
111.625, 88.125, 4.920472055186169e-24, nan 
111.875, 88.125, 7.009795026542838e-24, nan 
112.125, 88.125, 9.681785568045052e-24, nan 
112.375, 88.125, 9.015835468352856e-24, nan 
112.625, 88.125, 8.208500237339232e-24, nan 
112.875, 88.125, 8.283303450241256e-24, nan 
113.125, 88.125, 8.394504971833295e-24, nan 
113.375, 88.125, 8.749844063822939e-24, nan 
113.625, 88.125, 9.837903868243537e-24, nan 
113.875, 88.125, 1.3497701235836337e-23, nan 
114.125, 88.125, 1.0123088554100167e-23, nan 
114.375, 88.125, 7.809721682965446e-24, nan 
114.625, 88.125, 5.37029535337471e-24, nan 
114.875, 88.125, 4.899866645013706e-24, nan 
115.125, 88.125, 7.838081782653019e-24, nan 
115.375, 88.125, 7.937440631452776e-24, nan 
115.625, 88.125, 7.690777409137987e-24, nan 
115.875, 88.125, 6.203593943434481e-24, nan 
116.125, 88.125, 4.598791513625524e-24, nan 
116.375, 88.125, 4.800839824270788e-24, nan 
116.625, 88.125, 5.951954510459048e-24, nan 
116.875, 88.125, 5.692326294047041e-24, nan 
117.125, 88.125, 4.682205248328268e-24, nan 
117.375, 88.125, 4.864514536250041e-24, nan 
117.625, 88.125, 6.463210134880885e-24, nan 
117.875, 88.125, 6.165809021335858e-24, nan 
118.125, 88.125, 4.450163149112203e-24, nan 
118.375, 88.125, 4.55023112692791e-24, nan 
118.625, 88.125, 4.150579089801227e-24, nan 
118.875, 88.125, 5.5503921209599476e-24, nan 
119.125, 88.125, 5.531519095296044e-24, nan 
119.375, 88.125, 5.763290961525646e-24, nan 
119.625, 88.125, 6.528412516275067e-24, nan 
119.875, 88.125, 7.549054937948536e-24, nan 
120.125, 88.125, 7.297256402793427e-24, nan 
120.375, 88.125, 7.053383270650058e-24, nan 
120.625, 88.125, 7.010341891279434e-24, nan 
120.875, 88.125, 6.138877588729083e-24, nan 
121.125, 88.125, 5.356297409760561e-24, nan 
121.375, 88.125, 5.557392884469952e-24, nan 
121.625, 88.125, 6.801058387242706e-24, nan 
121.875, 88.125, 5.355601394430368e-24, nan 
122.125, 88.125, 4.5912381437578e-24, nan 
122.375, 88.125, 4.48774561835391e-24, nan 
122.625, 88.125, 5.4462335918145785e-24, nan 
122.875, 88.125, 8.665478104676658e-24, nan 
123.125, 88.125, 5.753513965662775e-24, nan 
123.375, 88.125, 9.007038466660122e-24, nan 
123.625, 88.125, 5.181357780745541e-24, nan 
123.875, 88.125, 9.266401715059636e-24, nan 
124.125, 88.125, 8.650885297725219e-24, nan 
124.375, 88.125, 6.875239632864957e-24, nan 
124.625, 88.125, 6.912336930567153e-24, nan 
124.875, 88.125, 7.731058389645507e-24, nan 
125.125, 88.125, 6.605952401137756e-24, nan 
125.375, 88.125, 5.415902320930765e-24, nan 
125.625, 88.125, 4.1782060911673786e-24, nan 
125.875, 88.125, 4.151315648114977e-24, nan 
126.125, 88.125, 5.293562205075769e-24, nan 
126.375, 88.125, 5.5648382378681185e-24, nan 
126.625, 88.125, 5.812993064709174e-24, nan 
126.875, 88.125, 5.978848982674421e-24, nan 
127.125, 88.125, 5.725174854993843e-24, nan 
127.375, 88.125, 6.0449044834343934e-24, nan 
127.625, 88.125, 6.865699629654393e-24, nan 
127.875, 88.125, 7.340501491619571e-24, nan 
128.125, 88.125, 7.368858407544321e-24, nan 
128.375, 88.125, 6.700323580888568e-24, nan 
128.625, 88.125, 6.532528657571465e-24, nan 
128.875, 88.125, 5.693365486999905e-24, nan 
129.125, 88.125, 1.2055589713776039e-23, nan 
129.375, 88.125, 3.436784342882946e-24, nan 
129.625, 88.125, 1.0655352665445718e-23, nan 
129.875, 88.125, 3.824121264554423e-24, nan 
130.125, 88.125, 4.720349123188326e-24, nan 
130.375, 88.125, 5.496072981933567e-24, nan 
130.625, 88.125, 1.1096251180014826e-23, nan 
130.875, 88.125, 6.216965231340258e-24, nan 
131.125, 88.125, 1.3342245406815474e-23, nan 
131.375, 88.125, 6.738473928703576e-24, nan 
131.625, 88.125, 1.501946158768356e-23, nan 
131.875, 88.125, 1.4563785101831622e-23, nan 
132.125, 88.125, 5.455986861367802e-24, nan 
132.375, 88.125, 9.828664611761081e-24, nan 
132.625, 88.125, 8.889603990192183e-24, nan 
132.875, 88.125, 6.507702748872403e-24, nan 
133.125, 88.125, 4.9868499556958244e-24, nan 
133.375, 88.125, 3.322535765015081e-24, nan 
133.625, 88.125, 3.45921098018045e-24, nan 
133.875, 88.125, 4.127836596433589e-24, nan 
134.125, 88.125, 5.087272244360585e-24, nan 
134.375, 88.125, 5.6336399773529434e-24, nan 
134.625, 88.125, 5.69403063075342e-24, nan 
134.875, 88.125, 6.13641037057193e-24, nan 
135.125, 88.125, 6.371000436971226e-24, nan 
135.375, 88.125, 8.412067143292276e-24, nan 
135.625, 88.125, 1.0106969439319001e-23, nan 
135.875, 88.125, 1.0691032076981754e-23, nan 
136.125, 88.125, 8.605822431808962e-24, nan 
136.375, 88.125, 6.935541932709449e-24, nan 
136.625, 88.125, 4.498528789136336e-24, nan 
136.875, 88.125, 1.808594746471946e-23, nan 
137.125, 88.125, 5.053177465793122e-24, nan 
137.375, 88.125, 1.561685503199229e-23, nan 
137.625, 88.125, 1.002423275111431e-23, nan 
137.875, 88.125, 7.322657977991149e-24, nan 
138.125, 88.125, 5.7825481424339654e-24, nan 
138.375, 88.125, 6.619543417357072e-24, nan 
138.625, 88.125, 5.37373592538617e-24, nan 
138.875, 88.125, 7.509245483292274e-24, nan 
139.125, 88.125, 5.419741333353502e-24, nan 
139.375, 88.125, 9.396810512605641e-24, nan 
139.625, 88.125, 1.0866847419629608e-23, nan 
139.875, 88.125, 6.437347613809463e-24, nan 
140.125, 88.125, 8.35261340845129e-24, nan 
140.375, 88.125, 5.683893517060646e-24, nan 
140.625, 88.125, 3.987235570647057e-24, nan 
140.875, 88.125, 3.276297176075792e-24, nan 
141.125, 88.125, 2.965451107267676e-24, nan 
141.375, 88.125, 2.853175430813835e-24, nan 
141.625, 88.125, 2.81742840417805e-24, nan 
141.875, 88.125, 2.6879357168848965e-24, nan 
142.125, 88.125, 2.6339778650038652e-24, nan 
142.375, 88.125, 1.6618251632972098e-24, nan 
142.625, 88.125, 1.2302493173384617e-24, nan 
142.875, 88.125, 1.2969428864116084e-24, nan 
143.125, 88.125, 3.3149701814363515e-24, nan 
143.375, 88.125, 4.801289958859558e-24, nan 
143.625, 88.125, 5.214030881234978e-24, nan 
143.875, 88.125, 4.2521167923389295e-24, nan 
144.125, 88.125, 3.313591822562569e-24, nan 
144.375, 88.125, 2.8145925994289605e-24, nan 
144.625, 88.125, 7.783282828855597e-24, nan 
144.875, 88.125, 3.0370598334125608e-24, nan 
145.125, 88.125, 7.295350422005298e-24, nan 
145.375, 88.125, 6.615282336725197e-24, nan 
145.625, 88.125, 5.75153515895764e-24, nan 
145.875, 88.125, 2.7357720494688426e-24, nan 
146.125, 88.125, 8.502242501627626e-24, nan 
146.375, 88.125, 9.265899616745164e-24, nan 
146.625, 88.125, 8.913165810086973e-24, nan 
146.875, 88.125, 6.993993712855695e-24, nan 
147.125, 88.125, 7.024678454227596e-24, nan 
147.375, 88.125, 6.981784655706504e-24, nan 
147.625, 88.125, 8.051596752024578e-24, nan 
147.875, 88.125, 8.356524397038161e-24, nan 
148.125, 88.125, 8.462662020667617e-24, nan 
148.375, 88.125, 2.10430664726313e-24, nan 
148.625, 88.125, 4.106325599937127e-24, nan 
148.875, 88.125, 8.507970181375836e-24, nan 
149.125, 88.125, 7.94637587235402e-24, nan 
149.375, 88.125, 8.664211171265375e-24, nan 
149.625, 88.125, 4.878394936944948e-24, nan 
149.875, 88.125, 8.032458278041114e-24, nan 
150.125, 88.125, 8.680534138765177e-24, nan 
150.375, 88.125, 9.436810874655269e-24, nan 
150.625, 88.125, 9.587073009148149e-24, nan 
150.875, 88.125, 9.366592861367178e-24, nan 
151.125, 88.125, 7.671612609680241e-24, nan 
151.375, 88.125, 5.957371071137466e-24, nan 
151.625, 88.125, 4.818722729196357e-24, nan 
151.875, 88.125, 4.280742927310577e-24, nan 
152.125, 88.125, 3.816617268510118e-24, nan 
152.375, 88.125, 3.397276754242147e-24, nan 
152.625, 88.125, 3.1441359630733657e-24, nan 
152.875, 88.125, 3.490441147263217e-24, nan 
153.125, 88.125, 3.1816451640081456e-24, nan 
153.375, 88.125, 3.3969504994847055e-24, nan 
153.625, 88.125, 3.944791366712699e-24, nan 
153.875, 88.125, 4.511911880205754e-24, nan 
154.125, 88.125, 6.934040130712078e-24, nan 
154.375, 88.125, 9.451963830854334e-24, nan 
154.625, 88.125, 1.0068243001092013e-23, nan 
154.875, 88.125, 1.021216965410404e-23, nan 
155.125, 88.125, 9.066371490223345e-24, nan 
155.375, 88.125, 5.744365319814231e-24, nan 
155.625, 88.125, 8.394864484485758e-24, nan 
155.875, 88.125, 6.87841556133692e-24, nan 
156.125, 88.125, 6.594344287713932e-24, nan 
156.375, 88.125, 6.66100886929532e-24, nan 
156.625, 88.125, 6.66794323697303e-24, nan 
156.875, 88.125, 1.0461450217377785e-23, nan 
157.125, 88.125, 8.155585132055185e-24, nan 
157.375, 88.125, 7.371765292208111e-24, nan 
157.625, 88.125, 4.646702972451707e-24, nan 
157.875, 88.125, 5.693415986517334e-24, nan 
158.125, 88.125, 4.968927668073101e-24, nan 
158.375, 88.125, 4.5037372686318474e-24, nan 
158.625, 88.125, 3.624097085083939e-24, nan 
158.875, 88.125, 3.866401354065151e-24, nan 
159.125, 88.125, 4.0336712613032664e-24, nan 
159.375, 88.125, 4.1987107607613386e-24, nan 
159.625, 88.125, 4.282404121509636e-24, nan 
159.875, 88.125, 4.3438011446163315e-24, nan 
160.125, 88.125, 4.397288299704834e-24, nan 
160.375, 88.125, 4.813924511263714e-24, nan 
160.625, 88.125, 5.869917433944706e-24, nan 
160.875, 88.125, 5.7527943585176344e-24, nan 
161.125, 88.125, 5.804308308210795e-24, nan 
161.375, 88.125, 5.9579791850792396e-24, nan 
161.625, 88.125, 6.219527209452041e-24, nan 
161.875, 88.125, 6.493485355589503e-24, nan 
162.125, 88.125, 6.228011954695182e-24, nan 
162.375, 88.125, 5.754300522895377e-24, nan 
162.625, 88.125, 5.349006787377308e-24, nan 
162.875, 88.125, 6.938292785775638e-24, nan 
163.125, 88.125, 7.66241692583267e-24, nan 
163.375, 88.125, 8.318586441683877e-24, nan 
163.625, 88.125, 8.992010466207021e-24, nan 
163.875, 88.125, 9.2811186793543e-24, nan 
164.125, 88.125, 8.9267599454104e-24, nan 
164.375, 88.125, 8.031418308510365e-24, nan 
164.625, 88.125, 1.2375166236681092e-23, nan 
164.875, 88.125, 9.649759930761951e-24, nan 
165.125, 88.125, 5.670610511576453e-24, nan 
165.375, 88.125, 4.535066570379224e-24, nan 
165.625, 88.125, 5.9246695565511795e-24, nan 
165.875, 88.125, 5.797520176135532e-24, nan 
166.125, 88.125, 6.97232425634938e-24, nan 
166.375, 88.125, 6.477001828337235e-24, nan 
166.625, 88.125, 5.033569819734272e-24, nan 
166.875, 88.125, 4.204394757249751e-24, nan 
167.125, 88.125, 4.89068966602589e-24, nan 
167.375, 88.125, 6.1000668618247104e-24, nan 
167.625, 88.125, 6.5572113086080646e-24, nan 
167.875, 88.125, 6.468249637670396e-24, nan 
168.125, 88.125, 5.451870215558488e-24, nan 
168.375, 88.125, 5.1880824310441636e-24, nan 
168.625, 88.125, 5.022701958828853e-24, nan 
168.875, 88.125, 3.5821505984128464e-24, nan 
169.125, 88.125, 3.255407676470564e-24, nan 
169.375, 88.125, 3.3142558522588754e-24, nan 
169.625, 88.125, 4.233358852327527e-24, nan 
169.875, 88.125, 2.994993322753474e-24, nan 
170.125, 88.125, 2.5114071220775376e-24, nan 
170.375, 88.125, 2.3026992378529184e-24, nan 
170.625, 88.125, 2.756526765841378e-24, nan 
170.875, 88.125, 2.6744059785039193e-24, nan 
171.125, 88.125, 2.6767765728315745e-24, nan 
171.375, 88.125, 2.698876707766286e-24, nan 
171.625, 88.125, 2.6712801928591157e-24, nan 
171.875, 88.125, 2.6256604381265567e-24, nan 
172.125, 88.125, 2.577516717028161e-24, nan 
172.375, 88.125, 5.825616947383786e-24, nan 
172.625, 88.125, 4.906528719492942e-24, nan 
172.875, 88.125, 3.0790881421427063e-24, nan 
173.125, 88.125, 3.9348766893680834e-24, nan 
173.375, 88.125, 3.72550398122425e-24, nan 
173.625, 88.125, 4.232043604172514e-24, nan 
173.875, 88.125, 4.4392542184736486e-24, nan 
174.125, 88.125, 4.5846672414652684e-24, nan 
174.375, 88.125, 4.5349662083135075e-24, nan 
174.625, 88.125, 4.4138215903784445e-24, nan 
174.875, 88.125, 4.460220018641706e-24, nan 
175.125, 88.125, 6.246364638288421e-24, nan 
175.375, 88.125, 6.5994031963850876e-24, nan 
175.625, 88.125, 6.417192839662973e-24, nan 
175.875, 88.125, 6.685705542111536e-24, nan 
176.125, 88.125, 5.573873431327735e-24, nan 
176.375, 88.125, 6.899372718039836e-24, nan 
176.625, 88.125, 5.792738912232194e-24, nan 
176.875, 88.125, 5.6474403955210125e-24, nan 
177.125, 88.125, 4.233603644036203e-24, nan 
177.375, 88.125, 4.717901170020347e-24, nan 
177.625, 88.125, 4.9039000416457125e-24, nan 
177.875, 88.125, 5.402537693826116e-24, nan 
178.125, 88.125, 6.3644102177364624e-24, nan 
178.375, 88.125, 7.713225585585595e-24, nan 
178.625, 88.125, 7.430561795108088e-24, nan 
178.875, 88.125, 5.920677664052578e-24, nan 
179.125, 88.125, 4.532988739443763e-24, nan 
179.375, 88.125, 3.2286213614490007e-24, nan 
179.625, 88.125, 2.5141740550524448e-24, nan 
179.875, 88.125, 1.8603045063223105e-24, nan 
-179.875, 88.375, 1.5270483151873606e-24, nan 
-179.625, 88.375, 1.772719815146428e-24, nan 
-179.375, 88.375, 1.866683754982017e-24, nan 
-179.125, 88.375, 1.7945422252582912e-24, nan 
-178.875, 88.375, 1.6037318024995696e-24, nan 
-178.625, 88.375, 1.5842535627907904e-24, nan 
-178.375, 88.375, 1.703637087038634e-24, nan 
-178.125, 88.375, 1.649258043386489e-24, nan 
-177.875, 88.375, 1.7420451936421265e-24, nan 
-177.625, 88.375, 1.8138135157834516e-24, nan 
-177.375, 88.375, 1.931940427844531e-24, nan 
-177.125, 88.375, 2.110392486828061e-24, nan 
-176.875, 88.375, 2.2094384975013993e-24, nan 
-176.625, 88.375, 2.2314271131210167e-24, nan 
-176.375, 88.375, 2.3235420532293224e-24, nan 
-176.125, 88.375, 2.301861791447272e-24, nan 
-175.875, 88.375, 2.312423010958879e-24, nan 
-175.625, 88.375, 1.9811065933016214e-24, nan 
-175.375, 88.375, 1.7587223066307937e-24, nan 
-175.125, 88.375, 1.7766156016422354e-24, nan 
-174.875, 88.375, 1.9200970370541693e-24, nan 
-174.625, 88.375, 1.7812166503259207e-24, nan 
-174.375, 88.375, 2.088358060313608e-24, nan 
-174.125, 88.375, 2.2652021042423735e-24, nan 
-173.875, 88.375, 2.4978628576917185e-24, nan 
-173.625, 88.375, 2.9576301146611463e-24, nan 
-173.375, 88.375, 3.1932564605161252e-24, nan 
-173.125, 88.375, 3.0543491491299817e-24, nan 
-172.875, 88.375, 2.747088444455214e-24, nan 
-172.625, 88.375, 2.3645700085817862e-24, nan 
-172.375, 88.375, 2.7053962412772748e-24, nan 
-172.125, 88.375, 3.051506104471341e-24, nan 
-171.875, 88.375, 2.3532642116585894e-24, nan 
-171.625, 88.375, 2.3825283154202124e-24, nan 
-171.375, 88.375, 2.3149208699856223e-24, nan 
-171.125, 88.375, 2.437107059438529e-24, nan 
-170.875, 88.375, 2.398890022444986e-24, nan 
-170.625, 88.375, 2.477065025642545e-24, nan 
-170.375, 88.375, 2.628141120488816e-24, nan 
-170.125, 88.375, 3.164218646922862e-24, nan 
-169.875, 88.375, 3.165243819597584e-24, nan 
-169.625, 88.375, 3.1303732271925333e-24, nan 
-169.375, 88.375, 2.9193997461055405e-24, nan 
-169.125, 88.375, 2.480384241528438e-24, nan 
-168.875, 88.375, 1.997677362204308e-24, nan 
-168.625, 88.375, 1.6816764391331227e-24, nan 
-168.375, 88.375, 2.1642889355756796e-24, nan 
-168.125, 88.375, 2.6550052991440486e-24, nan 
-167.875, 88.375, 3.0168630867883453e-24, nan 
-167.625, 88.375, 3.3095946566442066e-24, nan 
-167.375, 88.375, 3.566693622422146e-24, nan 
-167.125, 88.375, 3.599531425786189e-24, nan 
-166.875, 88.375, 3.174893845211521e-24, nan 
-166.625, 88.375, 2.8381789923646375e-24, nan 
-166.375, 88.375, 2.9486339830563444e-24, nan 
-166.125, 88.375, 3.540921061565308e-24, nan 
-165.875, 88.375, 3.2890833349949227e-24, nan 
-165.625, 88.375, 3.5621074199433354e-24, nan 
-165.375, 88.375, 5.167742299089457e-24, nan 
-165.125, 88.375, 4.944693756758052e-24, nan 
-164.875, 88.375, 5.644153211623547e-24, nan 
-164.625, 88.375, 6.1828524860866676e-24, nan 
-164.375, 88.375, 7.048938189852983e-24, nan 
-164.125, 88.375, 6.19301078530278e-24, nan 
-163.875, 88.375, 3.9908441651201685e-24, nan 
-163.625, 88.375, 4.62956218912682e-24, nan 
-163.375, 88.375, 5.5044486538614626e-24, nan 
-163.125, 88.375, 4.018174381089178e-24, nan 
-162.875, 88.375, 4.3911753146204e-24, nan 
-162.625, 88.375, 4.708441615461534e-24, nan 
-162.375, 88.375, 4.835995307371944e-24, nan 
-162.125, 88.375, 5.001205139609507e-24, nan 
-161.875, 88.375, 5.675233529627881e-24, nan 
-161.625, 88.375, 6.484126719659841e-24, nan 
-161.375, 88.375, 7.063737330301733e-24, nan 
-161.125, 88.375, 7.367472577403103e-24, nan 
-160.875, 88.375, 7.375512663721405e-24, nan 
-160.625, 88.375, 7.109298145184914e-24, nan 
-160.375, 88.375, 6.458657746594652e-24, nan 
-160.125, 88.375, 5.6199078949303015e-24, nan 
-159.875, 88.375, 4.668594882806918e-24, nan 
-159.625, 88.375, 3.7859557072832714e-24, nan 
-159.375, 88.375, 3.585716584285992e-24, nan 
-159.125, 88.375, 3.2870167672061225e-24, nan 
-158.875, 88.375, 3.3493289371398896e-24, nan 
-158.625, 88.375, 3.34333421074758e-24, nan 
-158.375, 88.375, 3.4802930146867625e-24, nan 
-158.125, 88.375, 3.7146964682636196e-24, nan 
-157.875, 88.375, 4.428378954569011e-24, nan 
-157.625, 88.375, 4.331388308178733e-24, nan 
-157.375, 88.375, 4.27621003763103e-24, nan 
-157.125, 88.375, 4.0172712418897234e-24, nan 
-156.875, 88.375, 3.997466014091436e-24, nan 
-156.625, 88.375, 4.126199780648088e-24, nan 
-156.375, 88.375, 4.1842672617215186e-24, nan 
-156.125, 88.375, 4.101425704531146e-24, nan 
-155.875, 88.375, 4.247287529061114e-24, nan 
-155.625, 88.375, 3.968647882964173e-24, nan 
-155.375, 88.375, 3.725969235586713e-24, nan 
-155.125, 88.375, 3.3636815683071504e-24, nan 
-154.875, 88.375, 3.6081828368827916e-24, nan 
-154.625, 88.375, 3.8166039299715854e-24, nan 
-154.375, 88.375, 3.0613348889097164e-24, nan 
-154.125, 88.375, 3.2956715230126183e-24, nan 
-153.875, 88.375, 3.324899461801371e-24, nan 
-153.625, 88.375, 3.2502112506788493e-24, nan 
-153.375, 88.375, 3.242289537358702e-24, nan 
-153.125, 88.375, 3.481267503910114e-24, nan 
-152.875, 88.375, 3.850198303687057e-24, nan 
-152.625, 88.375, 4.057122747182242e-24, nan 
-152.375, 88.375, 4.199937313129267e-24, nan 
-152.125, 88.375, 4.15391117551051e-24, nan 
-151.875, 88.375, 4.055553601894637e-24, nan 
-151.625, 88.375, 3.732470242627204e-24, nan 
-151.375, 88.375, 3.2256607834575137e-24, nan 
-151.125, 88.375, 2.730305096805719e-24, nan 
-150.875, 88.375, 2.2535199836694536e-24, nan 
-150.625, 88.375, 1.889987461137686e-24, nan 
-150.375, 88.375, 1.696068112041653e-24, nan 
-150.125, 88.375, 1.5531200519082043e-24, nan 
-149.875, 88.375, 1.3998681529615573e-24, nan 
-149.625, 88.375, 1.2957469778316986e-24, nan 
-149.375, 88.375, 1.9221999967286953e-24, nan 
-149.125, 88.375, 1.9216674387229793e-24, nan 
-148.875, 88.375, 1.970224650542869e-24, nan 
-148.625, 88.375, 1.9950944919682915e-24, nan 
-8.125, 88.375, 1.341126663649084e-24, nan 
-7.875, 88.375, 1.4632883075757418e-24, nan 
-7.625, 88.375, 1.866872588929796e-24, nan 
-7.375, 88.375, 2.093558571751281e-24, nan 
-7.125, 88.375, 2.6209622675913106e-24, nan 
-6.875, 88.375, 3.0279187581355304e-24, nan 
-6.625, 88.375, 3.537317496224991e-24, nan 
-6.375, 88.375, 4.139908319794155e-24, nan 
-6.125, 88.375, 4.551434573009786e-24, nan 
-5.875, 88.375, 4.321977361749151e-24, nan 
-5.625, 88.375, 4.409673315469946e-24, nan 
-5.375, 88.375, 3.754627428371935e-24, nan 
-5.125, 88.375, 3.381915488579741e-24, nan 
-4.875, 88.375, 2.8938975530052663e-24, nan 
-4.625, 88.375, 2.4658006716678607e-24, nan 
-4.375, 88.375, 2.1180960901737686e-24, nan 
-4.125, 88.375, 1.6252829624975866e-24, nan 
-3.875, 88.375, 1.3401456806138506e-24, nan 
-3.625, 88.375, 1.4209880044560072e-24, nan 
-3.375, 88.375, 1.8847485761202056e-24, nan 
-3.125, 88.375, 1.7146819167055037e-24, nan 
-2.875, 88.375, 1.7040226500193155e-24, nan 
-2.625, 88.375, 1.4095268275448658e-24, nan 
-2.375, 88.375, 1.4308082489161153e-24, nan 
-2.125, 88.375, 1.4042687224203354e-24, nan 
-1.875, 88.375, 1.0465540876213297e-24, nan 
-1.625, 88.375, 1.128355754261817e-24, nan 
-1.375, 88.375, 9.724738210628082e-25, nan 
-1.125, 88.375, 1.183618802519076e-24, nan 
-0.875, 88.375, 1.174869462028457e-24, nan 
-0.625, 88.375, 1.0893065671783555e-24, nan 
-0.375, 88.375, 1.0736914136087984e-24, nan 
-0.125, 88.375, 1.127610307294682e-24, nan 
0.125, 88.375, 1.1377267938389392e-24, nan 
0.375, 88.375, 1.1587448397269053e-24, nan 
0.625, 88.375, 1.1718621093072822e-24, nan 
0.875, 88.375, 9.276892112390832e-25, nan 
1.125, 88.375, 8.667065129251528e-25, nan 
1.375, 88.375, 1.0204603078420824e-24, nan 
1.625, 88.375, 1.0103814892749346e-24, nan 
1.875, 88.375, 1.2564986104595265e-24, nan 
2.125, 88.375, 1.4403122214168698e-24, nan 
2.375, 88.375, 1.5726275254407053e-24, nan 
2.625, 88.375, 1.6102944478239238e-24, nan 
2.875, 88.375, 1.2634009562578926e-24, nan 
3.125, 88.375, 1.7107816514396664e-24, nan 
3.375, 88.375, 1.716830065423953e-24, nan 
3.625, 88.375, 1.6667191160298746e-24, nan 
3.875, 88.375, 9.751702543742507e-25, nan 
4.125, 88.375, 1.0051099044470659e-24, nan 
4.375, 88.375, 9.996029807291986e-25, nan 
4.625, 88.375, 9.60834317218008e-25, nan 
4.875, 88.375, 8.780990863089248e-25, nan 
5.125, 88.375, 7.709162867297366e-25, nan 
5.375, 88.375, 8.599383666407665e-25, nan 
5.625, 88.375, 9.871332280807624e-25, nan 
5.875, 88.375, 1.2772024577422819e-24, nan 
6.125, 88.375, 1.270438747971234e-24, nan 
6.375, 88.375, 1.8329952486090017e-24, nan 
6.625, 88.375, 1.6302583775429168e-24, nan 
6.875, 88.375, 1.5118407446288253e-24, nan 
7.125, 88.375, 1.048617112809221e-24, nan 
7.375, 88.375, 9.070063913902897e-25, nan 
7.625, 88.375, 1.0753264839853663e-24, nan 
7.875, 88.375, 8.745120582182766e-25, nan 
8.125, 88.375, 1.0812427572277945e-24, nan 
8.375, 88.375, 1.279981894937259e-24, nan 
8.625, 88.375, 1.351525451299389e-24, nan 
8.875, 88.375, 1.5265403464832934e-24, nan 
9.125, 88.375, 1.655433561270982e-24, nan 
9.375, 88.375, 1.8528865977930247e-24, nan 
9.625, 88.375, 1.077041935132208e-24, nan 
9.875, 88.375, 1.0211028421887537e-24, nan 
10.125, 88.375, 1.4303228701457146e-24, nan 
10.375, 88.375, 1.3902763180962197e-24, nan 
10.625, 88.375, 1.3264835914933127e-24, nan 
10.875, 88.375, 1.3090362561898828e-24, nan 
11.125, 88.375, 1.251016849926483e-24, nan 
11.375, 88.375, 1.256945989209671e-24, nan 
11.625, 88.375, 9.85830693472517e-25, nan 
11.875, 88.375, 8.796214024128507e-25, nan 
12.125, 88.375, 8.516934388022854e-25, nan 
12.375, 88.375, 9.136469905496825e-25, nan 
12.625, 88.375, 4.729982589059205e-25, nan 
12.875, 88.375, 6.816278477795926e-25, nan 
13.125, 88.375, 8.74972377830537e-25, nan 
13.375, 88.375, 8.947641327236945e-25, nan 
13.625, 88.375, 1.4714825596424726e-24, nan 
13.875, 88.375, 1.026005492074698e-24, nan 
14.125, 88.375, 1.3054839801403201e-24, nan 
14.375, 88.375, 1.4446145866804489e-24, nan 
14.625, 88.375, 1.4834118250390179e-24, nan 
14.875, 88.375, 1.3871211632169604e-24, nan 
15.125, 88.375, 1.844521408123866e-24, nan 
15.375, 88.375, 1.770166585253993e-24, nan 
15.625, 88.375, 1.6752819072651526e-24, nan 
15.875, 88.375, 1.4142098932373477e-24, nan 
16.125, 88.375, 1.1459432360096034e-24, nan 
16.375, 88.375, 1.4415953515407215e-24, nan 
16.625, 88.375, 9.681093113855473e-25, nan 
16.875, 88.375, 1.1775094918832685e-24, nan 
17.125, 88.375, 8.353153858907722e-25, nan 
17.375, 88.375, 8.489649216140342e-25, nan 
17.625, 88.375, 9.597251138150588e-25, nan 
17.875, 88.375, 9.688335639883697e-25, nan 
18.125, 88.375, 1.5973473696264496e-24, nan 
18.375, 88.375, 1.742140447396809e-24, nan 
18.625, 88.375, 1.792109668689904e-24, nan 
18.875, 88.375, 1.7605324877551436e-24, nan 
19.125, 88.375, 1.6743387848357322e-24, nan 
19.375, 88.375, 1.541446654622127e-24, nan 
19.625, 88.375, 1.2631105525603927e-24, nan 
19.875, 88.375, 8.726532232735828e-25, nan 
20.125, 88.375, 1.150660083104788e-24, nan 
20.375, 88.375, 1.1802849131454393e-24, nan 
20.625, 88.375, 1.2423700114965559e-24, nan 
20.875, 88.375, 1.4305934466341714e-24, nan 
21.125, 88.375, 1.6082079332974862e-24, nan 
21.375, 88.375, 1.4347974851506252e-24, nan 
21.625, 88.375, 9.472456842727747e-25, nan 
21.875, 88.375, 1.72833463758024e-24, nan 
22.125, 88.375, 1.6666567719715325e-24, nan 
22.375, 88.375, 1.8590617913965104e-24, nan 
22.625, 88.375, 2.2591536752199642e-24, nan 
22.875, 88.375, 3.439897317904363e-24, nan 
23.125, 88.375, 2.129669373903167e-24, nan 
23.375, 88.375, 2.644924229635522e-24, nan 
23.625, 88.375, 3.348675440860191e-24, nan 
23.875, 88.375, 3.46791652681003e-24, nan 
24.125, 88.375, 3.434992821293722e-24, nan 
24.375, 88.375, 2.9106228252036174e-24, nan 
24.625, 88.375, 7.117667137738968e-25, nan 
24.875, 88.375, 2.148637505651248e-24, nan 
25.125, 88.375, 2.1245325042117134e-24, nan 
25.375, 88.375, 2.5225298730008715e-24, nan 
25.625, 88.375, 2.7417787381816797e-24, nan 
25.875, 88.375, 2.4941968588631825e-24, nan 
26.125, 88.375, 2.1814552553703762e-24, nan 
26.375, 88.375, 1.5775958378690706e-24, nan 
26.625, 88.375, 2.5149876051223502e-24, nan 
26.875, 88.375, 2.4256089183902813e-24, nan 
27.125, 88.375, 1.5556109945065376e-24, nan 
27.375, 88.375, 1.8230367142022498e-24, nan 
27.625, 88.375, 1.928767207181424e-24, nan 
27.875, 88.375, 1.6903237733174372e-24, nan 
28.125, 88.375, 1.9364453878248912e-24, nan 
28.375, 88.375, 1.695720906076283e-24, nan 
28.625, 88.375, 1.5213245302984771e-24, nan 
28.875, 88.375, 2.094032342291906e-24, nan 
29.125, 88.375, 2.7197757510586745e-24, nan 
29.375, 88.375, 1.5488302233582447e-24, nan 
29.625, 88.375, 2.2144602622581525e-24, nan 
29.875, 88.375, 1.449889850199848e-24, nan 
30.125, 88.375, 1.1434531876896885e-24, nan 
30.375, 88.375, 6.785326809884172e-25, nan 
30.625, 88.375, 1.2619894304238488e-24, nan 
30.875, 88.375, 2.591478945447087e-24, nan 
31.125, 88.375, 2.3929446292119458e-24, nan 
31.375, 88.375, 2.8877357625071066e-24, nan 
31.625, 88.375, 3.2983718458861008e-24, nan 
31.875, 88.375, 3.5726406469083115e-24, nan 
32.125, 88.375, 4.027880257674477e-24, nan 
32.375, 88.375, 4.3134791160078485e-24, nan 
32.625, 88.375, 3.9968677984863164e-24, nan 
32.875, 88.375, 4.062689373697534e-24, nan 
33.125, 88.375, 4.3998011633964684e-24, nan 
33.375, 88.375, 4.150962574231504e-24, nan 
33.625, 88.375, 3.868143198657887e-24, nan 
33.875, 88.375, 4.013572112323209e-24, nan 
34.125, 88.375, 2.9785402221387575e-24, nan 
34.375, 88.375, 2.9230456948677412e-24, nan 
34.625, 88.375, 2.169048293880636e-24, nan 
34.875, 88.375, 2.14129644468789e-24, nan 
35.125, 88.375, 1.7880521957018707e-24, nan 
35.375, 88.375, 1.484665506051152e-24, nan 
35.625, 88.375, 1.3238567302062669e-24, nan 
35.875, 88.375, 1.1411641504511601e-24, nan 
36.125, 88.375, 3.981547989890072e-24, nan 
36.375, 88.375, 2.1637256451545713e-24, nan 
36.625, 88.375, 2.8238170823937222e-24, nan 
36.875, 88.375, 1.385334793719e-24, nan 
37.125, 88.375, 6.5159044846346045e-25, nan 
37.375, 88.375, 3.1808074610162434e-24, nan 
37.625, 88.375, 3.706040618349529e-24, nan 
37.875, 88.375, 4.693465940013795e-24, nan 
38.125, 88.375, 3.401258905724443e-24, nan 
38.375, 88.375, 4.324956254449296e-24, nan 
38.625, 88.375, 4.268280988056402e-24, nan 
38.875, 88.375, 4.735454120779188e-24, nan 
39.125, 88.375, 4.636871243640243e-24, nan 
39.375, 88.375, 4.162243728683808e-24, nan 
39.625, 88.375, 3.2955640437718904e-24, nan 
39.875, 88.375, 3.606744758931665e-24, nan 
40.125, 88.375, 3.717969971125795e-24, nan 
40.375, 88.375, 3.404800288668946e-24, nan 
40.625, 88.375, 3.433209442538986e-24, nan 
40.875, 88.375, 3.6929016173058726e-24, nan 
41.125, 88.375, 4.000684464568397e-24, nan 
41.375, 88.375, 4.7185198525149025e-24, nan 
41.625, 88.375, 8.241939806394912e-24, nan 
41.875, 88.375, 9.719311458122695e-24, nan 
42.125, 88.375, 1.0634240147997324e-23, nan 
42.375, 88.375, 7.98756584557794e-24, nan 
42.625, 88.375, 7.271758653006691e-24, nan 
42.875, 88.375, 6.900085931130035e-24, nan 
43.125, 88.375, 7.873476228494338e-24, nan 
43.375, 88.375, 6.983039198311645e-24, nan 
43.625, 88.375, 6.435862446811524e-24, nan 
43.875, 88.375, 5.721632242523235e-24, nan 
44.125, 88.375, 4.510414240688334e-24, nan 
44.375, 88.375, 3.7700285528309435e-24, nan 
44.625, 88.375, 2.8394240737714944e-24, nan 
44.875, 88.375, 3.1640697159239233e-24, nan 
45.125, 88.375, 3.0661534009712944e-24, nan 
45.375, 88.375, 4.93351350775722e-24, nan 
45.625, 88.375, 4.812788076121009e-24, nan 
45.875, 88.375, 4.9799726959972695e-24, nan 
46.125, 88.375, 9.304028761535636e-24, nan 
46.375, 88.375, 9.438923837146824e-24, nan 
46.625, 88.375, 9.519716457762724e-24, nan 
46.875, 88.375, 9.910647365663543e-24, nan 
47.125, 88.375, 9.941993658283427e-24, nan 
47.375, 88.375, 1.0793053463811504e-23, nan 
47.625, 88.375, 1.0857477131583515e-23, nan 
47.875, 88.375, 1.0847680877935386e-23, nan 
48.125, 88.375, 1.074990467877093e-23, nan 
48.375, 88.375, 1.001163382643673e-23, nan 
48.625, 88.375, 1.0104277179233593e-23, nan 
48.875, 88.375, 1.0783631796720075e-23, nan 
49.125, 88.375, 1.0343971184841171e-23, nan 
49.375, 88.375, 1.0017775886553536e-23, nan 
49.625, 88.375, 9.710853417336813e-24, nan 
49.875, 88.375, 8.972426222777109e-24, nan 
50.125, 88.375, 8.097142021372406e-24, nan 
50.375, 88.375, 6.998053844483346e-24, nan 
50.625, 88.375, 8.264835881657442e-24, nan 
50.875, 88.375, 9.070262366396079e-24, nan 
51.125, 88.375, 9.738006153402786e-24, nan 
51.375, 88.375, 9.584000549579346e-24, nan 
51.625, 88.375, 7.649862525154665e-24, nan 
51.875, 88.375, 5.984368473779106e-24, nan 
52.125, 88.375, 6.518345072959399e-24, nan 
52.375, 88.375, 5.535673030884623e-24, nan 
52.625, 88.375, 5.2756415325090385e-24, nan 
52.875, 88.375, 4.788944366606584e-24, nan 
53.125, 88.375, 4.292738344787843e-24, nan 
53.375, 88.375, 3.793448196409424e-24, nan 
53.625, 88.375, 3.7367399425351965e-24, nan 
53.875, 88.375, 3.497311734395916e-24, nan 
54.125, 88.375, 5.030414307607433e-24, nan 
54.375, 88.375, 4.772167592452682e-24, nan 
54.625, 88.375, 4.6769696244713546e-24, nan 
54.875, 88.375, 7.348819634288998e-24, nan 
55.125, 88.375, 7.611796011191824e-24, nan 
55.375, 88.375, 7.743574813694099e-24, nan 
55.625, 88.375, 7.751870762377275e-24, nan 
55.875, 88.375, 7.576942266862527e-24, nan 
56.125, 88.375, 7.64333634145736e-24, nan 
56.375, 88.375, 7.648175941318269e-24, nan 
56.625, 88.375, 7.683391290647673e-24, nan 
56.875, 88.375, 7.627126684285402e-24, nan 
57.125, 88.375, 7.475734940522565e-24, nan 
57.375, 88.375, 7.465235172836866e-24, nan 
57.625, 88.375, 7.276201997271655e-24, nan 
57.875, 88.375, 7.07800139465713e-24, nan 
58.125, 88.375, 6.857592544003603e-24, nan 
58.375, 88.375, 6.602637993464908e-24, nan 
58.625, 88.375, 6.214016093193636e-24, nan 
58.875, 88.375, 5.722855563655302e-24, nan 
59.125, 88.375, 1.846685292158401e-24, nan 
59.375, 88.375, 1.9060740539886045e-24, nan 
59.625, 88.375, 2.0227585988772485e-24, nan 
59.875, 88.375, 7.227152642350924e-24, nan 
60.125, 88.375, 7.190703908828488e-24, nan 
60.375, 88.375, 5.752811163131144e-24, nan 
60.625, 88.375, 1.9581044585777394e-24, nan 
60.875, 88.375, 4.4477668980618735e-24, nan 
61.125, 88.375, 1.841196565097035e-24, nan 
61.375, 88.375, 1.8379142377672954e-24, nan 
61.625, 88.375, 2.017770438073468e-24, nan 
61.875, 88.375, 2.2779589952999113e-24, nan 
62.125, 88.375, 2.3232281000778435e-24, nan 
62.375, 88.375, 3.2031637062937562e-24, nan 
62.625, 88.375, 3.806210140291036e-24, nan 
62.875, 88.375, 4.858796660992361e-24, nan 
63.125, 88.375, 5.59987759930159e-24, nan 
63.375, 88.375, 6.663816094193107e-24, nan 
63.625, 88.375, 7.399862142885062e-24, nan 
63.875, 88.375, 8.420958901678668e-24, nan 
64.125, 88.375, 7.833903300423781e-24, nan 
64.375, 88.375, 7.526398659897663e-24, nan 
64.625, 88.375, 6.0979651983017886e-24, nan 
64.875, 88.375, 5.871615304727321e-24, nan 
65.125, 88.375, 1.647620234207532e-24, nan 
65.375, 88.375, 1.365097604458946e-24, nan 
65.625, 88.375, 1.2074000457555325e-24, nan 
65.875, 88.375, 1.1202136916693595e-24, nan 
66.125, 88.375, 9.109780935522054e-25, nan 
66.375, 88.375, 1.3862842780298364e-24, nan 
66.625, 88.375, 1.4917568440939685e-24, nan 
66.875, 88.375, 1.2771377199364332e-24, nan 
67.125, 88.375, 1.3814403795386742e-24, nan 
67.375, 88.375, 1.6237544359307821e-24, nan 
67.625, 88.375, 1.7561661792732896e-24, nan 
67.875, 88.375, 1.6291003514522676e-24, nan 
68.125, 88.375, 1.6899241594844823e-24, nan 
68.375, 88.375, 1.9550583234759547e-24, nan 
68.625, 88.375, 1.319083777760004e-24, nan 
68.875, 88.375, 1.0401056065976882e-24, nan 
69.125, 88.375, 1.2980878614980524e-24, nan 
69.375, 88.375, 1.397693860910576e-24, nan 
69.625, 88.375, 2.6756108353611004e-24, nan 
69.875, 88.375, 2.7378464977802974e-24, nan 
70.125, 88.375, 3.646537020836438e-24, nan 
70.375, 88.375, 4.0910724039523835e-24, nan 
70.625, 88.375, 4.039863650606598e-24, nan 
70.875, 88.375, 2.422880430695942e-24, nan 
71.125, 88.375, 1.4280293109603542e-24, nan 
71.375, 88.375, 1.586913843347445e-24, nan 
71.625, 88.375, 1.563654534069382e-24, nan 
71.875, 88.375, 1.5697009855193914e-24, nan 
72.125, 88.375, 1.2498046694060972e-24, nan 
72.375, 88.375, 9.762543575164623e-25, nan 
72.625, 88.375, 6.27544852906335e-25, nan 
72.875, 88.375, 8.732482132163273e-25, nan 
73.125, 88.375, 7.930153598767489e-25, nan 
73.375, 88.375, 9.57809202120263e-25, nan 
73.625, 88.375, 2.6288388076157e-24, nan 
73.875, 88.375, 1.0797451458658522e-24, nan 
74.125, 88.375, 1.1500635628659622e-24, nan 
74.375, 88.375, 1.2590471021705959e-24, nan 
74.625, 88.375, 1.131758386452504e-24, nan 
74.875, 88.375, 1.166341605388325e-24, nan 
75.125, 88.375, 1.6654817451338984e-24, nan 
75.375, 88.375, 1.9657789361744753e-24, nan 
75.625, 88.375, 2.0600856684829875e-24, nan 
75.875, 88.375, 2.1932467052267627e-24, nan 
76.125, 88.375, 2.373834217495455e-24, nan 
76.375, 88.375, 2.2755684419160483e-24, nan 
76.625, 88.375, 2.550590277431497e-24, nan 
76.875, 88.375, 2.2234208067156384e-24, nan 
77.125, 88.375, 2.2840806345135805e-24, nan 
77.375, 88.375, 2.3173637050544944e-24, nan 
77.625, 88.375, 2.341539407029274e-24, nan 
77.875, 88.375, 2.1195891872991897e-24, nan 
78.125, 88.375, 2.4829033610742583e-24, nan 
78.375, 88.375, 2.515008505491403e-24, nan 
78.625, 88.375, 2.6535664993423794e-24, nan 
78.875, 88.375, 2.9253523562727318e-24, nan 
79.125, 88.375, 3.1570756663186694e-24, nan 
79.375, 88.375, 3.4825003927725936e-24, nan 
79.625, 88.375, 3.263991064874779e-24, nan 
79.875, 88.375, 3.686575476395935e-24, nan 
80.125, 88.375, 3.755954647155956e-24, nan 
80.375, 88.375, 3.8635658165766416e-24, nan 
80.625, 88.375, 3.5514986655006104e-24, nan 
80.875, 88.375, 3.2861388593927857e-24, nan 
81.125, 88.375, 2.6833948913348703e-24, nan 
81.375, 88.375, 2.1686073460996902e-24, nan 
81.625, 88.375, 2.2562427198730382e-24, nan 
81.875, 88.375, 2.647904692214429e-24, nan 
82.125, 88.375, 3.0455351205340833e-24, nan 
82.375, 88.375, 6.24916372342334e-24, nan 
82.625, 88.375, 3.187379249535848e-24, nan 
82.875, 88.375, 2.813427225316564e-24, nan 
83.125, 88.375, 3.012816074570343e-24, nan 
83.375, 88.375, 3.877848638991889e-24, nan 
83.625, 88.375, 2.9132819403635762e-24, nan 
83.875, 88.375, 3.2235770095619738e-24, nan 
84.125, 88.375, 3.51880747812457e-24, nan 
84.375, 88.375, 3.653636945342644e-24, nan 
84.625, 88.375, 3.906489284188008e-24, nan 
84.875, 88.375, 4.20534043542476e-24, nan 
85.125, 88.375, 4.604662515365665e-24, nan 
85.375, 88.375, 5.920649282201444e-24, nan 
85.625, 88.375, 6.5458877964957745e-24, nan 
85.875, 88.375, 5.242469171828431e-24, nan 
86.125, 88.375, 3.086392590747985e-24, nan 
86.375, 88.375, 2.3116858739844216e-24, nan 
86.625, 88.375, 2.021932384643356e-24, nan 
86.875, 88.375, 2.4833625795104664e-24, nan 
87.125, 88.375, 2.946438133049988e-24, nan 
87.375, 88.375, 3.8012364210064846e-24, nan 
87.625, 88.375, 5.4113534044024346e-24, nan 
87.875, 88.375, 4.277380863153709e-24, nan 
88.125, 88.375, 4.185841040370301e-24, nan 
88.375, 88.375, 3.539870598101987e-24, nan 
88.625, 88.375, 3.370123222668158e-24, nan 
88.875, 88.375, 3.2182565876193272e-24, nan 
89.125, 88.375, 2.9796847050798237e-24, nan 
89.375, 88.375, 2.997261920900123e-24, nan 
89.625, 88.375, 2.7823515971567717e-24, nan 
89.875, 88.375, 2.4885005756648953e-24, nan 
90.125, 88.375, 2.02452820999391e-24, nan 
90.375, 88.375, 1.263764953259622e-24, nan 
90.625, 88.375, 1.0195454542561623e-24, nan 
90.875, 88.375, 1.0889436742487743e-24, nan 
91.125, 88.375, 4.167742718694516e-24, nan 
91.375, 88.375, 2.4281386467675553e-24, nan 
91.625, 88.375, 2.0007781449306675e-24, nan 
91.875, 88.375, 1.9813666302342483e-24, nan 
92.125, 88.375, 2.9597220133978847e-24, nan 
92.375, 88.375, 2.2849559250054382e-24, nan 
92.625, 88.375, 1.8327539323508734e-24, nan 
92.875, 88.375, 1.4014119840131809e-24, nan 
93.125, 88.375, 2.327361360003414e-24, nan 
93.375, 88.375, 2.8106054903487286e-24, nan 
93.625, 88.375, 3.089496788832682e-24, nan 
93.875, 88.375, 3.418788077886015e-24, nan 
94.125, 88.375, 3.4732176622643995e-24, nan 
94.375, 88.375, 3.5545268053002996e-24, nan 
94.625, 88.375, 3.718935616264628e-24, nan 
94.875, 88.375, 3.956817212928528e-24, nan 
95.125, 88.375, 3.928299149195631e-24, nan 
95.375, 88.375, 3.984554996096855e-24, nan 
95.625, 88.375, 3.786032367280912e-24, nan 
95.875, 88.375, 3.53276304445022e-24, nan 
96.125, 88.375, 3.3320215719476224e-24, nan 
96.375, 88.375, 3.150990609747559e-24, nan 
96.625, 88.375, 2.0493400307651108e-24, nan 
96.875, 88.375, 4.803322175492349e-24, nan 
97.125, 88.375, 4.3991526930344014e-24, nan 
97.375, 88.375, 2.31603913991993e-24, nan 
97.625, 88.375, 2.4875912329001833e-24, nan 
97.875, 88.375, 2.7407488324947842e-24, nan 
98.125, 88.375, 3.0873140446133778e-24, nan 
98.375, 88.375, 2.949833933579096e-24, nan 
98.625, 88.375, 2.8409722539897472e-24, nan 
98.875, 88.375, 2.7621869999391373e-24, nan 
99.125, 88.375, 2.414274754926465e-24, nan 
99.375, 88.375, 2.442578630725836e-24, nan 
99.625, 88.375, 2.5506036744988222e-24, nan 
99.875, 88.375, 2.6858439735852106e-24, nan 
100.125, 88.375, 3.1439902370663275e-24, nan 
100.375, 88.375, 5.330379343678671e-24, nan 
100.625, 88.375, 5.3439479768065105e-24, nan 
100.875, 88.375, 4.807906853409616e-24, nan 
101.125, 88.375, 3.798379617669579e-24, nan 
101.375, 88.375, 3.2197231297159096e-24, nan 
101.625, 88.375, 2.442878305326179e-24, nan 
101.875, 88.375, 2.21277803233342e-24, nan 
102.125, 88.375, 2.5755114213169956e-24, nan 
102.375, 88.375, 3.286113805632336e-24, nan 
102.625, 88.375, 3.443543858315779e-24, nan 
102.875, 88.375, 3.330766152035336e-24, nan 
103.125, 88.375, 3.539413028054684e-24, nan 
103.375, 88.375, 3.8140985669437266e-24, nan 
103.625, 88.375, 4.1816527642974464e-24, nan 
103.875, 88.375, 4.3035862627058035e-24, nan 
104.125, 88.375, 4.53518733692805e-24, nan 
104.375, 88.375, 4.52802710145098e-24, nan 
104.625, 88.375, 4.482208012176405e-24, nan 
104.875, 88.375, 4.6450898803525674e-24, nan 
105.125, 88.375, 4.851087919409547e-24, nan 
105.375, 88.375, 4.6779935464196896e-24, nan 
105.625, 88.375, 4.813430304686526e-24, nan 
105.875, 88.375, 5.077381772151785e-24, nan 
106.125, 88.375, 1.6995062646325513e-24, nan 
106.375, 88.375, 4.409198883231331e-24, nan 
106.625, 88.375, 4.194989007399633e-24, nan 
106.875, 88.375, 3.464463948791845e-24, nan 
107.125, 88.375, 2.740173624354812e-24, nan 
107.375, 88.375, 2.429832316072258e-24, nan 
107.625, 88.375, 2.239517277103602e-24, nan 
107.875, 88.375, 1.628073010597024e-24, nan 
108.125, 88.375, 4.2652518511414114e-24, nan 
108.375, 88.375, 4.355026090071959e-24, nan 
108.625, 88.375, 4.390296500601059e-24, nan 
108.875, 88.375, 4.623804055371798e-24, nan 
109.125, 88.375, 5.4119902722734345e-24, nan 
109.375, 88.375, 5.375007021799854e-24, nan 
109.625, 88.375, 5.659807138020465e-24, nan 
109.875, 88.375, 7.274033130657041e-24, nan 
110.125, 88.375, 6.823631814456702e-24, nan 
110.375, 88.375, 4.272052382219481e-24, nan 
110.625, 88.375, 4.879640971089998e-24, nan 
110.875, 88.375, 2.186402103613427e-24, nan 
111.125, 88.375, 2.4693023852811012e-24, nan 
111.375, 88.375, 2.5973744283892263e-24, nan 
111.625, 88.375, 3.5344176845326105e-24, nan 
111.875, 88.375, 4.91194037240221e-24, nan 
112.125, 88.375, 6.229050306194657e-24, nan 
112.375, 88.375, 6.105158423411844e-24, nan 
112.625, 88.375, 5.8434898151268334e-24, nan 
112.875, 88.375, 5.706392893033086e-24, nan 
113.125, 88.375, 5.6280890064878916e-24, nan 
113.375, 88.375, 5.38677163509727e-24, nan 
113.625, 88.375, 6.0693566282207334e-24, nan 
113.875, 88.375, 7.504551838414366e-24, nan 
114.125, 88.375, 6.2866186700024835e-24, nan 
114.375, 88.375, 4.919559662103543e-24, nan 
114.625, 88.375, 3.388025938231231e-24, nan 
114.875, 88.375, 2.233194433272239e-24, nan 
115.125, 88.375, 5.3126859544956296e-24, nan 
115.375, 88.375, 5.304905754080587e-24, nan 
115.625, 88.375, 5.079051181004891e-24, nan 
115.875, 88.375, 5.2068636116961025e-24, nan 
116.125, 88.375, 3.789807915609439e-24, nan 
116.375, 88.375, 3.24557034085246e-24, nan 
116.625, 88.375, 3.158130386551606e-24, nan 
116.875, 88.375, 3.048369734784538e-24, nan 
117.125, 88.375, 3.159462320348526e-24, nan 
117.375, 88.375, 3.082844894117978e-24, nan 
117.625, 88.375, 3.134586456842819e-24, nan 
117.875, 88.375, 3.2152586850274236e-24, nan 
118.125, 88.375, 3.0466619619048172e-24, nan 
118.375, 88.375, 2.7326238673762993e-24, nan 
118.625, 88.375, 2.256817669421132e-24, nan 
118.875, 88.375, 2.150640401545718e-24, nan 
119.125, 88.375, 2.2810639287481822e-24, nan 
119.375, 88.375, 2.3626177265703252e-24, nan 
119.625, 88.375, 2.629312742580762e-24, nan 
119.875, 88.375, 2.340800199714531e-24, nan 
120.125, 88.375, 1.960616014875628e-24, nan 
120.375, 88.375, 1.9214101220696906e-24, nan 
120.625, 88.375, 2.0312117371465926e-24, nan 
120.875, 88.375, 2.1372363115671053e-24, nan 
121.125, 88.375, 2.3208000539645473e-24, nan 
121.375, 88.375, 2.4446602685009483e-24, nan 
121.625, 88.375, 2.424284190663802e-24, nan 
121.875, 88.375, 2.5105618132224528e-24, nan 
122.125, 88.375, 2.5661417806496913e-24, nan 
122.375, 88.375, 2.5940469827496607e-24, nan 
122.625, 88.375, 2.5965266749435745e-24, nan 
122.875, 88.375, 2.7537998098923093e-24, nan 
123.125, 88.375, 2.872805072931295e-24, nan 
123.375, 88.375, 3.123417065365602e-24, nan 
123.625, 88.375, 3.408372315468587e-24, nan 
123.875, 88.375, 3.4166203898647686e-24, nan 
124.125, 88.375, 3.334181961071618e-24, nan 
124.375, 88.375, 4.363270092318026e-24, nan 
124.625, 88.375, 4.104066701622389e-24, nan 
124.875, 88.375, 2.513750529459309e-24, nan 
125.125, 88.375, 2.4373668345405328e-24, nan 
125.375, 88.375, 2.2846738814317117e-24, nan 
125.625, 88.375, 3.0660449199759882e-24, nan 
125.875, 88.375, 2.3521426311743072e-24, nan 
126.125, 88.375, 1.9684357928142044e-24, nan 
126.375, 88.375, 1.9259797877373284e-24, nan 
126.625, 88.375, 2.0299416395610636e-24, nan 
126.875, 88.375, 1.968461327384693e-24, nan 
127.125, 88.375, 1.83993527645461e-24, nan 
127.375, 88.375, 1.9145573511123013e-24, nan 
127.625, 88.375, 2.026737364114347e-24, nan 
127.875, 88.375, 2.1991159259216835e-24, nan 
128.125, 88.375, 2.5414724162526175e-24, nan 
128.375, 88.375, 2.6742751133640115e-24, nan 
128.625, 88.375, 2.0465417080884656e-24, nan 
128.875, 88.375, 1.6252271522070036e-24, nan 
129.125, 88.375, 1.6174825687258504e-24, nan 
129.375, 88.375, 1.8449595987062943e-24, nan 
129.625, 88.375, 1.5999240154423393e-24, nan 
129.875, 88.375, 1.4242972727255998e-24, nan 
130.125, 88.375, 1.4013575072115626e-24, nan 
130.375, 88.375, 1.209531407123137e-24, nan 
130.625, 88.375, 6.402929441024232e-24, nan 
130.875, 88.375, 3.851889219542557e-24, nan 
131.125, 88.375, 7.569133144842396e-24, nan 
131.375, 88.375, 4.335306965330678e-24, nan 
131.625, 88.375, 8.314295796487627e-24, nan 
131.875, 88.375, 7.753309904307876e-24, nan 
132.125, 88.375, 1.608380626069891e-24, nan 
132.375, 88.375, 5.789787717782566e-24, nan 
132.625, 88.375, 4.822159597313376e-24, nan 
132.875, 88.375, 3.642774388387365e-24, nan 
133.125, 88.375, 2.8944212715457793e-24, nan 
133.375, 88.375, 2.360605528187226e-24, nan 
133.625, 88.375, 2.0677380021630063e-24, nan 
133.875, 88.375, 1.868834806147272e-24, nan 
134.125, 88.375, 1.5002947189897089e-24, nan 
134.375, 88.375, 1.4482904124440986e-24, nan 
134.625, 88.375, 1.4642171428712228e-24, nan 
134.875, 88.375, 1.5601832050768266e-24, nan 
135.125, 88.375, 1.6741803903323395e-24, nan 
135.375, 88.375, 4.1980345255118716e-24, nan 
135.625, 88.375, 5.4084846399549425e-24, nan 
135.875, 88.375, 5.9961539842865995e-24, nan 
136.125, 88.375, 4.99649072498352e-24, nan 
136.375, 88.375, 4.020161911317628e-24, nan 
136.625, 88.375, 2.1833291215793117e-24, nan 
136.875, 88.375, 9.178438350167756e-24, nan 
137.125, 88.375, 1.0295575712848553e-24, nan 
137.375, 88.375, 8.37240947628826e-24, nan 
137.625, 88.375, 1.0164114576606971e-24, nan 
137.875, 88.375, 1.648755931451537e-24, nan 
138.125, 88.375, 2.132116997544666e-24, nan 
138.375, 88.375, 2.2432119439492156e-24, nan 
138.625, 88.375, 2.293754823176726e-24, nan 
138.875, 88.375, 2.126130904670601e-24, nan 
139.125, 88.375, 2.0385783403459623e-24, nan 
139.375, 88.375, 1.5309658171074905e-24, nan 
139.625, 88.375, 1.1360489177142461e-24, nan 
139.875, 88.375, 1.164891888128958e-24, nan 
140.125, 88.375, 9.847112319614776e-25, nan 
140.375, 88.375, 8.79823241988433e-25, nan 
140.625, 88.375, 9.390164737206746e-25, nan 
140.875, 88.375, 9.242896447775779e-25, nan 
141.125, 88.375, 1.0048950300594344e-24, nan 
141.375, 88.375, 1.0959467514941097e-24, nan 
141.625, 88.375, 1.1938936810260778e-24, nan 
141.875, 88.375, 1.3584706386466595e-24, nan 
142.125, 88.375, 1.420133550449423e-24, nan 
142.375, 88.375, 1.2627100364842051e-24, nan 
142.625, 88.375, 1.2671763567208708e-24, nan 
142.875, 88.375, 1.264007706320096e-24, nan 
143.125, 88.375, 1.3089630770124916e-24, nan 
143.375, 88.375, 1.4258889623742509e-24, nan 
143.625, 88.375, 1.5117017101252e-24, nan 
143.875, 88.375, 1.5929871955027316e-24, nan 
144.125, 88.375, 1.8230870220780366e-24, nan 
144.375, 88.375, 2.054149998484723e-24, nan 
144.625, 88.375, 2.2483919918554627e-24, nan 
144.875, 88.375, 1.818035337382118e-24, nan 
145.125, 88.375, 2.3135047372102706e-24, nan 
145.375, 88.375, 3.0393723193438005e-24, nan 
145.625, 88.375, 2.8090002664424157e-24, nan 
145.875, 88.375, 1.3151548099868452e-24, nan 
146.125, 88.375, 7.290409141960678e-25, nan 
146.375, 88.375, 9.13925361934916e-25, nan 
146.625, 88.375, 1.1081686875155878e-24, nan 
146.875, 88.375, 2.501978289715151e-24, nan 
147.125, 88.375, 2.9807895330431563e-24, nan 
147.375, 88.375, 2.4130217693555187e-24, nan 
147.625, 88.375, 9.435269487704685e-25, nan 
147.875, 88.375, 9.58501663000463e-25, nan 
148.125, 88.375, 8.693317620420735e-25, nan 
148.375, 88.375, 1.0275394286599253e-24, nan 
148.625, 88.375, 1.7939501232873266e-24, nan 
148.875, 88.375, 2.001343647671067e-24, nan 
149.125, 88.375, 1.2114117220101318e-24, nan 
149.375, 88.375, 1.550165167010581e-24, nan 
149.625, 88.375, 1.2787744975995322e-24, nan 
149.875, 88.375, 2.2473239451403755e-24, nan 
150.125, 88.375, 2.6554704088718012e-24, nan 
150.375, 88.375, 2.8619936412734997e-24, nan 
150.625, 88.375, 3.047409701162341e-24, nan 
150.875, 88.375, 3.296394345046925e-24, nan 
151.125, 88.375, 2.918002840134107e-24, nan 
151.375, 88.375, 2.8385900342884338e-24, nan 
151.625, 88.375, 2.4768309747705442e-24, nan 
151.875, 88.375, 2.5949788962853393e-24, nan 
152.125, 88.375, 2.4811521651064367e-24, nan 
152.375, 88.375, 2.365351760854619e-24, nan 
152.625, 88.375, 2.392990891417234e-24, nan 
152.875, 88.375, 2.171129220340525e-24, nan 
153.125, 88.375, 2.5895064215442986e-24, nan 
153.375, 88.375, 2.6596394264839292e-24, nan 
153.625, 88.375, 2.0731433076686185e-24, nan 
153.875, 88.375, 1.2016550249645029e-24, nan 
154.125, 88.375, 1.0350640235191868e-24, nan 
154.375, 88.375, 2.0692144102194293e-24, nan 
154.625, 88.375, 1.526041984452996e-24, nan 
154.875, 88.375, 1.7300964519084604e-24, nan 
155.125, 88.375, 2.4567161350764728e-24, nan 
155.375, 88.375, 2.489482214464164e-24, nan 
155.625, 88.375, 2.3751330490248534e-24, nan 
155.875, 88.375, 1.0963615205453427e-24, nan 
156.125, 88.375, 2.2754818406019047e-24, nan 
156.375, 88.375, 1.0642956076687555e-24, nan 
156.625, 88.375, 1.816012787326259e-24, nan 
156.875, 88.375, 9.60250824686854e-25, nan 
157.125, 88.375, 2.1452751091217408e-24, nan 
157.375, 88.375, 1.3690614732823369e-24, nan 
157.625, 88.375, 1.795725519825531e-24, nan 
157.875, 88.375, 1.9870371848680646e-24, nan 
158.125, 88.375, 2.2473502886505822e-24, nan 
158.375, 88.375, 2.0722523495039252e-24, nan 
158.625, 88.375, 2.684851284202469e-24, nan 
158.875, 88.375, 3.0691651681359856e-24, nan 
159.125, 88.375, 2.9773986589277757e-24, nan 
159.375, 88.375, 3.073733049650311e-24, nan 
159.625, 88.375, 3.0989208434950934e-24, nan 
159.875, 88.375, 2.918609169531245e-24, nan 
160.125, 88.375, 2.8473055078273406e-24, nan 
160.375, 88.375, 2.8690863704265515e-24, nan 
160.625, 88.375, 3.1678470754370714e-24, nan 
160.875, 88.375, 3.1921068224203357e-24, nan 
161.125, 88.375, 3.1193252234624003e-24, nan 
161.375, 88.375, 3.101760975714196e-24, nan 
161.625, 88.375, 3.2001403751049144e-24, nan 
161.875, 88.375, 3.1647780707418715e-24, nan 
162.125, 88.375, 3.2893548502812176e-24, nan 
162.375, 88.375, 2.6583053347170953e-24, nan 
162.625, 88.375, 1.820250437641126e-24, nan 
162.875, 88.375, 1.2165588142816801e-24, nan 
163.125, 88.375, 7.904610781763516e-25, nan 
163.375, 88.375, 1.048462633512209e-24, nan 
163.625, 88.375, 1.512771134803807e-24, nan 
163.875, 88.375, 1.6973403380832012e-24, nan 
164.125, 88.375, 1.8067066006992654e-24, nan 
164.375, 88.375, 1.88194347184506e-24, nan 
164.625, 88.375, 6.625402187342521e-24, nan 
164.875, 88.375, 5.669176185365061e-24, nan 
165.125, 88.375, 3.241625905390924e-24, nan 
165.375, 88.375, 1.2205773170117052e-24, nan 
165.625, 88.375, 3.4203316015859725e-24, nan 
165.875, 88.375, 2.923571128253424e-24, nan 
166.125, 88.375, 2.4080561906958178e-24, nan 
166.375, 88.375, 1.9797596473508623e-24, nan 
166.625, 88.375, 1.637081780583827e-24, nan 
166.875, 88.375, 1.5017920623075438e-24, nan 
167.125, 88.375, 1.2552706074555404e-24, nan 
167.375, 88.375, 1.3260555760981065e-24, nan 
167.625, 88.375, 1.1176607762612376e-24, nan 
167.875, 88.375, 1.0635758189057163e-24, nan 
168.125, 88.375, 9.826508938280154e-25, nan 
168.375, 88.375, 1.111071843861201e-24, nan 
168.625, 88.375, 1.117027556424591e-24, nan 
168.875, 88.375, 1.0279665572534636e-24, nan 
169.125, 88.375, 1.0791421586039419e-24, nan 
169.375, 88.375, 1.0926193424353999e-24, nan 
169.625, 88.375, 1.1214330275693283e-24, nan 
169.875, 88.375, 1.3599934077315165e-24, nan 
170.125, 88.375, 1.5332466353819449e-24, nan 
170.375, 88.375, 1.630381815012748e-24, nan 
170.625, 88.375, 1.6674827134863467e-24, nan 
170.875, 88.375, 1.6751308679517007e-24, nan 
171.125, 88.375, 1.6233498538090885e-24, nan 
171.375, 88.375, 2.4913316430997955e-24, nan 
171.625, 88.375, 2.5848263973086287e-24, nan 
171.875, 88.375, 2.512286095705478e-24, nan 
172.125, 88.375, 2.5083555614610933e-24, nan 
172.375, 88.375, 2.5366268813321125e-24, nan 
172.625, 88.375, 2.6251563073820275e-24, nan 
172.875, 88.375, 2.692969422550762e-24, nan 
173.125, 88.375, 2.7889691248578484e-24, nan 
173.375, 88.375, 2.9829719735526036e-24, nan 
173.625, 88.375, 3.24518017212852e-24, nan 
173.875, 88.375, 3.3934238807762225e-24, nan 
174.125, 88.375, 3.355529708190615e-24, nan 
174.375, 88.375, 3.1365112104074313e-24, nan 
174.625, 88.375, 2.896656644215294e-24, nan 
174.875, 88.375, 2.427677155035187e-24, nan 
175.125, 88.375, 1.7666703468909963e-24, nan 
175.375, 88.375, 1.8159001069071777e-24, nan 
175.625, 88.375, 2.5150377149391306e-24, nan 
175.875, 88.375, 1.7657348084360343e-24, nan 
176.125, 88.375, 1.8301822340305633e-24, nan 
176.375, 88.375, 1.792222721927995e-24, nan 
176.625, 88.375, 1.7619540082204962e-24, nan 
176.875, 88.375, 1.6505986073908013e-24, nan 
177.125, 88.375, 1.6431937639992884e-24, nan 
177.375, 88.375, 2.283467422191625e-24, nan 
177.625, 88.375, 1.8621883850969156e-24, nan 
177.875, 88.375, 1.8181240125788164e-24, nan 
178.125, 88.375, 1.9050319117933394e-24, nan 
178.375, 88.375, 1.7937199686851865e-24, nan 
178.625, 88.375, 1.7261015454153546e-24, nan 
178.875, 88.375, 1.691212067958918e-24, nan 
179.125, 88.375, 1.6582466307385626e-24, nan 
179.375, 88.375, 1.612855944973793e-24, nan 
179.625, 88.375, 1.5695012651095575e-24, nan 
179.875, 88.375, 1.5838586626469854e-24, nan 
-179.875, 88.625, 2.656099913824064e-24, nan 
-179.625, 88.625, 2.512718398385911e-24, nan 
-179.375, 88.625, 2.383864279680113e-24, nan 
-179.125, 88.625, 2.3256151663695674e-24, nan 
-178.875, 88.625, 2.1771982224714663e-24, nan 
-178.625, 88.625, 2.1347426909043142e-24, nan 
-178.375, 88.625, 2.209188184355559e-24, nan 
-178.125, 88.625, 2.1691283314863028e-24, nan 
-177.875, 88.625, 2.1251265399264173e-24, nan 
-177.625, 88.625, 2.1120287586505826e-24, nan 
-177.375, 88.625, 2.1045389234108646e-24, nan 
-177.125, 88.625, 1.8537598186109493e-24, nan 
-176.875, 88.625, 1.79375661423511e-24, nan 
-176.625, 88.625, 1.7887332058173003e-24, nan 
-176.375, 88.625, 1.3891719848858454e-24, nan 
-176.125, 88.625, 1.3441336119764866e-24, nan 
-175.875, 88.625, 2.3453743436376587e-24, nan 
-175.625, 88.625, 2.118602970022609e-24, nan 
-175.375, 88.625, 1.6021106208518256e-24, nan 
-175.125, 88.625, 1.6022221604421725e-24, nan 
-174.875, 88.625, 1.8530190504630917e-24, nan 
-174.625, 88.625, 2.744378159250881e-24, nan 
-174.375, 88.625, 2.8464212091891623e-24, nan 
-174.125, 88.625, 1.5840355465059327e-24, nan 
-173.875, 88.625, 1.6680010682596197e-24, nan 
-173.625, 88.625, 2.1998310402253043e-24, nan 
-173.375, 88.625, 2.3163075190918983e-24, nan 
-173.125, 88.625, 2.7339921368660332e-24, nan 
-172.875, 88.625, 3.27155078879311e-24, nan 
-172.625, 88.625, 3.6737983151125816e-24, nan 
-172.375, 88.625, 4.013884388319778e-24, nan 
-172.125, 88.625, 4.703307419319691e-24, nan 
-171.875, 88.625, 4.8425534525705536e-24, nan 
-171.625, 88.625, 4.919568572134944e-24, nan 
-171.375, 88.625, 4.841516867540583e-24, nan 
-171.125, 88.625, 5.3311745687642356e-24, nan 
-170.875, 88.625, 5.231340447483508e-24, nan 
-170.625, 88.625, 5.222798093232978e-24, nan 
-170.375, 88.625, 4.4274131042231534e-24, nan 
-170.125, 88.625, 5.2871735814744695e-24, nan 
-169.875, 88.625, 4.967418547844885e-24, nan 
-169.625, 88.625, 5.512406002649772e-24, nan 
-169.375, 88.625, 5.386045126957318e-24, nan 
-169.125, 88.625, 5.325776583452775e-24, nan 
-168.875, 88.625, 5.1254509492442515e-24, nan 
-168.625, 88.625, 4.977735596954556e-24, nan 
-168.375, 88.625, 4.988175405574064e-24, nan 
-168.125, 88.625, 5.249594232133372e-24, nan 
-167.875, 88.625, 5.3060396246992726e-24, nan 
-167.625, 88.625, 5.218200651277941e-24, nan 
-167.375, 88.625, 5.377966063279257e-24, nan 
-167.125, 88.625, 5.387088340501225e-24, nan 
-166.875, 88.625, 5.00761771058673e-24, nan 
-166.625, 88.625, 4.635921131916399e-24, nan 
-166.375, 88.625, 4.33500301505689e-24, nan 
-166.125, 88.625, 2.97351620073361e-24, nan 
-165.875, 88.625, 3.2660517306440255e-24, nan 
-165.625, 88.625, 5.8634655904321795e-24, nan 
-165.375, 88.625, 3.358437259948314e-24, nan 
-165.125, 88.625, 3.687581910400569e-24, nan 
-164.875, 88.625, 3.92376244579315e-24, nan 
-164.625, 88.625, 4.149069586344089e-24, nan 
-164.375, 88.625, 4.982330820766936e-24, nan 
-164.125, 88.625, 4.461858734238603e-24, nan 
-163.875, 88.625, 3.6553908655011305e-24, nan 
-163.625, 88.625, 3.746145481725881e-24, nan 
-163.375, 88.625, 3.825896295260116e-24, nan 
-163.125, 88.625, 3.378063598958781e-24, nan 
-162.875, 88.625, 3.587592682078074e-24, nan 
-162.625, 88.625, 3.930272939433033e-24, nan 
-162.375, 88.625, 4.178470062217328e-24, nan 
-162.125, 88.625, 4.380149285135165e-24, nan 
-161.875, 88.625, 5.044181351801905e-24, nan 
-161.625, 88.625, 5.465297265766003e-24, nan 
-161.375, 88.625, 5.764161428855071e-24, nan 
-161.125, 88.625, 5.953685975861189e-24, nan 
-160.875, 88.625, 6.165893481394555e-24, nan 
-160.625, 88.625, 5.9954731916880035e-24, nan 
-160.375, 88.625, 5.7175639891461255e-24, nan 
-160.125, 88.625, 5.119891539175982e-24, nan 
-159.875, 88.625, 4.927672674737495e-24, nan 
-159.625, 88.625, 4.2633587062101816e-24, nan 
-159.375, 88.625, 4.4066932451789735e-24, nan 
-159.125, 88.625, 3.93890554437978e-24, nan 
-158.875, 88.625, 3.922666688061169e-24, nan 
-158.625, 88.625, 3.5914365049977046e-24, nan 
-158.375, 88.625, 3.467882246737546e-24, nan 
-158.125, 88.625, 3.437310289414424e-24, nan 
-157.875, 88.625, 3.541256979215076e-24, nan 
-157.625, 88.625, 3.576527328194421e-24, nan 
-157.375, 88.625, 3.532321550421602e-24, nan 
-157.125, 88.625, 3.566566024217359e-24, nan 
-156.875, 88.625, 3.5699658693744355e-24, nan 
-156.625, 88.625, 3.414249813528095e-24, nan 
-156.375, 88.625, 3.055841648461672e-24, nan 
-156.125, 88.625, 2.9270439452293842e-24, nan 
-155.875, 88.625, 2.1480729751608583e-24, nan 
-155.625, 88.625, 2.2527145285969867e-24, nan 
-155.375, 88.625, 3.653304263247351e-24, nan 
-155.125, 88.625, 1.5912310827221755e-24, nan 
-154.875, 88.625, 2.1795789770804444e-24, nan 
-154.625, 88.625, 2.1330548567463825e-24, nan 
-154.375, 88.625, 2.0701496083294512e-24, nan 
-154.125, 88.625, 1.4893418326475754e-24, nan 
-153.875, 88.625, 1.474484061985614e-24, nan 
-153.625, 88.625, 2.4008365022637647e-24, nan 
-153.375, 88.625, 2.3419261117921228e-24, nan 
-153.125, 88.625, 1.890858479128495e-24, nan 
-152.875, 88.625, 1.736265882026896e-24, nan 
-152.625, 88.625, 1.726322965578246e-24, nan 
-152.375, 88.625, 1.6091206539729968e-24, nan 
-152.125, 88.625, 1.5847043017202212e-24, nan 
-151.875, 88.625, 1.5518843826259544e-24, nan 
-151.625, 88.625, 1.6633578804623742e-24, nan 
-151.375, 88.625, 1.504599323983024e-24, nan 
-151.125, 88.625, 1.301890515725772e-24, nan 
-150.875, 88.625, 1.030283257010883e-24, nan 
-150.625, 88.625, 1.1012161664559974e-24, nan 
-150.375, 88.625, 1.0290866895855034e-24, nan 
-150.125, 88.625, 1.1196283702293575e-24, nan 
-149.875, 88.625, 1.1050534442481084e-24, nan 
-149.625, 88.625, 1.1496793178544992e-24, nan 
-149.375, 88.625, 1.4429871661255112e-24, nan 
-149.125, 88.625, 1.4420207970456647e-24, nan 
-148.875, 88.625, 1.5092781488824514e-24, nan 
-148.625, 88.625, 1.5025735744768328e-24, nan 
-148.375, 88.625, 1.6361162500999157e-24, nan 
-148.125, 88.625, 1.5462534671197764e-24, nan 
-147.875, 88.625, 1.5194643873082006e-24, nan 
-147.625, 88.625, 1.331545167985505e-24, nan 
-147.375, 88.625, 1.204501546491624e-24, nan 
-147.125, 88.625, 1.1617240101238452e-24, nan 
-146.875, 88.625, 1.1520804963805216e-24, nan 
-146.625, 88.625, 1.1528358394657913e-24, nan 
-146.375, 88.625, 1.0721613427978501e-24, nan 
-146.125, 88.625, 1.2757201813708485e-24, nan 
-145.875, 88.625, 1.4400488963577952e-24, nan 
-145.625, 88.625, 1.3669180209693831e-24, nan 
-145.375, 88.625, 1.3474433122949418e-24, nan 
-145.125, 88.625, 1.1867215778876293e-24, nan 
-144.875, 88.625, 1.1156294662925337e-24, nan 
-144.625, 88.625, 1.0443469777050813e-24, nan 
-13.125, 88.625, 7.44922154412347e-25, nan 
-12.875, 88.625, 8.796881721786827e-25, nan 
-12.625, 88.625, 7.542698879015272e-25, nan 
-12.375, 88.625, 8.358145660352977e-25, nan 
-12.125, 88.625, 5.787173695600225e-25, nan 
-11.875, 88.625, 7.897173964561136e-25, nan 
-11.625, 88.625, 7.8885719444703885e-25, nan 
-11.375, 88.625, 7.983749868200837e-25, nan 
-11.125, 88.625, 6.511043023938916e-25, nan 
-10.875, 88.625, 8.72752594849191e-25, nan 
-10.625, 88.625, 9.16449947976314e-25, nan 
-10.375, 88.625, 7.178763701125065e-25, nan 
-10.125, 88.625, 8.477105529947159e-25, nan 
-9.875, 88.625, 9.005004173387724e-25, nan 
-9.625, 88.625, 1.0359007819696586e-24, nan 
-9.375, 88.625, 1.055280238630526e-24, nan 
-9.125, 88.625, 9.956851108758227e-25, nan 
-8.875, 88.625, 9.17338857357018e-25, nan 
-8.625, 88.625, 9.322339614661975e-25, nan 
-8.375, 88.625, 9.641328094448656e-25, nan 
-8.125, 88.625, 9.088779461954775e-25, nan 
-7.875, 88.625, 7.3683761431044545e-25, nan 
-7.625, 88.625, 9.14118017870643e-25, nan 
-7.375, 88.625, 1.0459294872913826e-24, nan 
-7.125, 88.625, 1.254594377031432e-24, nan 
-6.875, 88.625, 1.5394034507499197e-24, nan 
-6.625, 88.625, 1.672565346737687e-24, nan 
-6.375, 88.625, 1.8584097448761233e-24, nan 
-6.125, 88.625, 1.9261200454941157e-24, nan 
-5.875, 88.625, 1.3976765503760343e-24, nan 
-5.625, 88.625, 5.631745918757469e-25, nan 
-5.375, 88.625, 4.786262486535655e-25, nan 
-5.125, 88.625, 5.135059172202562e-25, nan 
-4.875, 88.625, 5.308642072987539e-25, nan 
-4.625, 88.625, 4.883804393012298e-25, nan 
-4.375, 88.625, 4.8599053941573195e-25, nan 
-4.125, 88.625, 7.092253510321473e-25, nan 
-3.875, 88.625, 5.656915671006009e-25, nan 
-3.625, 88.625, 8.548380697693836e-25, nan 
-3.375, 88.625, 7.454861252926478e-25, nan 
-3.125, 88.625, 7.379226558572828e-25, nan 
-2.875, 88.625, 7.980805307625521e-25, nan 
-2.625, 88.625, 7.056632495723091e-25, nan 
-2.375, 88.625, 5.549830736933536e-25, nan 
-2.125, 88.625, 6.938550266961458e-25, nan 
-1.875, 88.625, 5.241199815764549e-25, nan 
-1.625, 88.625, 8.263556042460196e-25, nan 
-1.375, 88.625, 5.236566476427297e-25, nan 
-1.125, 88.625, 9.571505580168548e-25, nan 
-0.875, 88.625, 8.242468101035534e-25, nan 
-0.625, 88.625, 7.415702598422445e-25, nan 
-0.375, 88.625, 7.71335045321776e-25, nan 
-0.125, 88.625, 7.485938960231937e-25, nan 
0.125, 88.625, 9.846280580130163e-25, nan 
0.375, 88.625, 7.2720274535930475e-25, nan 
0.625, 88.625, 8.011812870070553e-25, nan 
0.875, 88.625, 8.668535917808093e-25, nan 
1.125, 88.625, 7.730956790656355e-25, nan 
1.375, 88.625, 9.035092952032404e-25, nan 
1.625, 88.625, 8.122262098789712e-25, nan 
1.875, 88.625, 8.37112305090563e-25, nan 
2.125, 88.625, 9.565898550458635e-25, nan 
2.375, 88.625, 9.300515486495306e-25, nan 
2.625, 88.625, 1.0247643108381168e-24, nan 
2.875, 88.625, 1.1754721235481416e-24, nan 
3.125, 88.625, 1.2263673075702305e-24, nan 
3.375, 88.625, 1.1753092653505748e-24, nan 
3.625, 88.625, 1.1106281696043674e-24, nan 
3.875, 88.625, 6.9220744980119155e-25, nan 
4.125, 88.625, 4.439687944944226e-25, nan 
4.375, 88.625, 5.049743764939648e-25, nan 
4.625, 88.625, 5.46979106846801e-25, nan 
4.875, 88.625, 4.792567257249782e-25, nan 
5.125, 88.625, 1.214815273825588e-24, nan 
5.375, 88.625, 5.088883856850501e-25, nan 
5.625, 88.625, 9.388083141493123e-25, nan 
5.875, 88.625, 6.02384873306541e-25, nan 
6.125, 88.625, 1.3001771530268671e-24, nan 
6.375, 88.625, 1.2371666024638313e-24, nan 
6.625, 88.625, 1.932058646356508e-24, nan 
6.875, 88.625, 8.1277727339328e-25, nan 
7.125, 88.625, 6.148272572550168e-25, nan 
7.375, 88.625, 7.592682964239574e-25, nan 
7.625, 88.625, 5.852282239166449e-25, nan 
7.875, 88.625, 6.755022733144693e-25, nan 
8.125, 88.625, 8.799249125868638e-25, nan 
8.375, 88.625, 8.830761060945177e-25, nan 
8.625, 88.625, 1.0123029249712533e-24, nan 
8.875, 88.625, 9.183265883751604e-25, nan 
9.125, 88.625, 1.0964924528229507e-24, nan 
9.375, 88.625, 8.232835410785395e-25, nan 
9.625, 88.625, 1.0592674857878606e-24, nan 
9.875, 88.625, 1.3580132756452924e-24, nan 
10.125, 88.625, 1.6412977577271199e-24, nan 
10.375, 88.625, 1.6329656959191507e-24, nan 
10.625, 88.625, 1.6219871128475105e-24, nan 
10.875, 88.625, 1.6623865185199732e-24, nan 
11.125, 88.625, 1.6372599476770724e-24, nan 
11.375, 88.625, 1.5177091359352317e-24, nan 
11.625, 88.625, 2.052149566428455e-24, nan 
11.875, 88.625, 1.9607579583834733e-24, nan 
12.125, 88.625, 2.1367913032122588e-24, nan 
12.375, 88.625, 2.3505034513671253e-24, nan 
12.625, 88.625, 3.15335331531061e-24, nan 
12.875, 88.625, 2.310561677795656e-24, nan 
13.125, 88.625, 2.6756465144841614e-24, nan 
13.375, 88.625, 3.1191508788604303e-24, nan 
13.625, 88.625, 3.1390997351121026e-24, nan 
13.875, 88.625, 3.1399155797452147e-24, nan 
14.125, 88.625, 2.818173411214966e-24, nan 
14.375, 88.625, 1.861899579954878e-24, nan 
14.625, 88.625, 2.2287596471533534e-24, nan 
14.875, 88.625, 2.1457071587977505e-24, nan 
15.125, 88.625, 2.485647157359727e-24, nan 
15.375, 88.625, 2.6665380344499546e-24, nan 
15.625, 88.625, 2.505460370538323e-24, nan 
15.875, 88.625, 2.3149033563868325e-24, nan 
16.125, 88.625, 1.93000276040566e-24, nan 
16.375, 88.625, 2.8946863383906507e-24, nan 
16.625, 88.625, 2.334145740359391e-24, nan 
16.875, 88.625, 1.70317091426741e-24, nan 
17.125, 88.625, 1.230933609621559e-24, nan 
17.375, 88.625, 2.0575198097270995e-24, nan 
17.625, 88.625, 2.0187971195355153e-24, nan 
17.875, 88.625, 2.216282815122994e-24, nan 
18.125, 88.625, 2.395348383035079e-24, nan 
18.375, 88.625, 2.3777203472812352e-24, nan 
18.625, 88.625, 2.4080333771462244e-24, nan 
18.875, 88.625, 2.3591711419700505e-24, nan 
19.125, 88.625, 2.2876371759935613e-24, nan 
19.375, 88.625, 2.352276735534079e-24, nan 
19.625, 88.625, 2.1241418016269942e-24, nan 
19.875, 88.625, 2.0882484703931695e-24, nan 
20.125, 88.625, 2.0865258957568706e-24, nan 
20.375, 88.625, 2.5531357530448814e-24, nan 
20.625, 88.625, 2.5892508645751358e-24, nan 
20.875, 88.625, 2.834619499300175e-24, nan 
21.125, 88.625, 3.156965847818572e-24, nan 
21.375, 88.625, 3.4105116038462736e-24, nan 
21.625, 88.625, 3.331776106216028e-24, nan 
21.875, 88.625, 4.232387183344663e-24, nan 
22.125, 88.625, 4.168685961206073e-24, nan 
22.375, 88.625, 4.273296626984941e-24, nan 
22.625, 88.625, 4.5990286609644815e-24, nan 
22.875, 88.625, 6.345374376455763e-24, nan 
23.125, 88.625, 4.421808567535881e-24, nan 
23.375, 88.625, 5.2738263209459104e-24, nan 
23.625, 88.625, 6.112853205870415e-24, nan 
23.875, 88.625, 7.126702333904548e-24, nan 
24.125, 88.625, 7.252446159794517e-24, nan 
24.375, 88.625, 6.37351312857991e-24, nan 
24.625, 88.625, 2.466957585230178e-24, nan 
24.875, 88.625, 4.550579906118989e-24, nan 
25.125, 88.625, 3.929381482911296e-24, nan 
25.375, 88.625, 5.1380322138462e-24, nan 
25.625, 88.625, 5.699373688041348e-24, nan 
25.875, 88.625, 4.611961198064062e-24, nan 
26.125, 88.625, 4.394464480468744e-24, nan 
26.375, 88.625, 4.054293272454694e-24, nan 
26.625, 88.625, 4.8952411939179544e-24, nan 
26.875, 88.625, 4.814023328166086e-24, nan 
27.125, 88.625, 2.5674064785903525e-24, nan 
27.375, 88.625, 1.6372751240616956e-24, nan 
27.625, 88.625, 1.894947099440321e-24, nan 
27.875, 88.625, 2.6125449501305182e-24, nan 
28.125, 88.625, 1.8331860636214817e-24, nan 
28.375, 88.625, 2.796286980532973e-24, nan 
28.625, 88.625, 2.13956432512372e-24, nan 
28.875, 88.625, 2.0040601788889786e-24, nan 
29.125, 88.625, 1.7732964866867703e-24, nan 
29.375, 88.625, 2.394736827500983e-24, nan 
29.625, 88.625, 2.1792936418674114e-24, nan 
29.875, 88.625, 2.134722391726898e-24, nan 
30.125, 88.625, 2.6236421824555452e-24, nan 
30.375, 88.625, 3.453360117074562e-24, nan 
30.625, 88.625, 4.504691520577391e-24, nan 
30.875, 88.625, 5.270065599287229e-24, nan 
31.125, 88.625, 6.108608335017573e-24, nan 
31.375, 88.625, 7.072117892704288e-24, nan 
31.625, 88.625, 7.800745661207587e-24, nan 
31.875, 88.625, 8.229957778499337e-24, nan 
32.125, 88.625, 8.69268797665478e-24, nan 
32.375, 88.625, 8.828677520035858e-24, nan 
32.625, 88.625, 7.862849403721693e-24, nan 
32.875, 88.625, 7.15293760860712e-24, nan 
33.125, 88.625, 6.444756467169495e-24, nan 
33.375, 88.625, 5.4927897311767756e-24, nan 
33.625, 88.625, 5.07895584372993e-24, nan 
33.875, 88.625, 7.870548358588584e-24, nan 
34.125, 88.625, 4.5387999890790984e-24, nan 
34.375, 88.625, 4.523659119526833e-24, nan 
34.625, 88.625, 4.2455935609196234e-24, nan 
34.875, 88.625, 2.5755676151333352e-24, nan 
35.125, 88.625, 3.353855455946251e-24, nan 
35.375, 88.625, 3.087799808344333e-24, nan 
35.625, 88.625, 3.589257604931833e-24, nan 
35.875, 88.625, 3.7594330039649984e-24, nan 
36.125, 88.625, 8.411586971871719e-24, nan 
36.375, 88.625, 3.2562782817773683e-24, nan 
36.625, 88.625, 3.730448267656431e-24, nan 
36.875, 88.625, 3.663112812232784e-24, nan 
37.125, 88.625, 3.452415976528056e-24, nan 
37.375, 88.625, 5.9874970648806135e-24, nan 
37.625, 88.625, 3.244196054080639e-24, nan 
37.875, 88.625, 3.655233848090974e-24, nan 
38.125, 88.625, 3.371490887468122e-24, nan 
38.375, 88.625, 3.2426817152559224e-24, nan 
38.625, 88.625, 5.394765430116735e-24, nan 
38.875, 88.625, 2.24946059692695e-24, nan 
39.125, 88.625, 2.3659370669236668e-24, nan 
39.375, 88.625, 1.979423777756691e-24, nan 
39.625, 88.625, 4.948844286020242e-24, nan 
39.875, 88.625, 2.761239062086429e-24, nan 
40.125, 88.625, 2.169358698776614e-24, nan 
40.375, 88.625, 2.6871158565946047e-24, nan 
40.625, 88.625, 3.2129840220884505e-24, nan 
40.875, 88.625, 4.0588287210497995e-24, nan 
41.125, 88.625, 4.62190252881182e-24, nan 
41.375, 88.625, 5.417286087634779e-24, nan 
41.625, 88.625, 6.48316838778198e-24, nan 
41.875, 88.625, 7.269707527365531e-24, nan 
42.125, 88.625, 7.844818195280149e-24, nan 
42.375, 88.625, 8.235267732537509e-24, nan 
42.625, 88.625, 8.105530366559682e-24, nan 
42.875, 88.625, 7.406839038692703e-24, nan 
43.125, 88.625, 6.878266514489664e-24, nan 
43.375, 88.625, 6.020993849392532e-24, nan 
43.625, 88.625, 5.553499508914552e-24, nan 
43.875, 88.625, 5.024056407863062e-24, nan 
44.125, 88.625, 6.2923683860152444e-24, nan 
44.375, 88.625, 2.7863442354104747e-24, nan 
44.625, 88.625, 1.9681899400715112e-24, nan 
44.875, 88.625, 2.0264522007053224e-24, nan 
45.125, 88.625, 1.7141319387362027e-24, nan 
45.375, 88.625, 3.1851914800390612e-24, nan 
45.625, 88.625, 3.0528169359424945e-24, nan 
45.875, 88.625, 3.1093606473812044e-24, nan 
46.125, 88.625, 5.350089283114646e-24, nan 
46.375, 88.625, 7.964190891747988e-24, nan 
46.625, 88.625, 5.69311761773261e-24, nan 
46.875, 88.625, 5.5672060653109594e-24, nan 
47.125, 88.625, 5.905183343528284e-24, nan 
47.375, 88.625, 6.029842201200645e-24, nan 
47.625, 88.625, 7.158140414617514e-24, nan 
47.875, 88.625, 6.157302447717208e-24, nan 
48.125, 88.625, 6.1992457756088516e-24, nan 
48.375, 88.625, 6.1731099165097616e-24, nan 
48.625, 88.625, 5.721693804242533e-24, nan 
48.875, 88.625, 6.56136186801578e-24, nan 
49.125, 88.625, 5.351383191459337e-24, nan 
49.375, 88.625, 5.2752217534001354e-24, nan 
49.625, 88.625, 5.31870383688854e-24, nan 
49.875, 88.625, 6.112144619391915e-24, nan 
50.125, 88.625, 4.936437603562036e-24, nan 
50.375, 88.625, 1.5124108533007452e-24, nan 
50.625, 88.625, 1.6774108420382434e-24, nan 
50.875, 88.625, 1.4251766710035932e-24, nan 
51.125, 88.625, 5.609665829350475e-24, nan 
51.375, 88.625, 5.462710583720821e-24, nan 
51.625, 88.625, 4.411051386084696e-24, nan 
51.875, 88.625, 1.4769672271640002e-24, nan 
52.125, 88.625, 1.1189170297962352e-24, nan 
52.375, 88.625, 1.2815966549108751e-24, nan 
52.625, 88.625, 1.0882470696856245e-24, nan 
52.875, 88.625, 9.913940013438202e-25, nan 
53.125, 88.625, 9.551384683542263e-25, nan 
53.375, 88.625, 9.223870556648746e-25, nan 
53.625, 88.625, 9.07264040336277e-25, nan 
53.875, 88.625, 9.407455314177853e-25, nan 
54.125, 88.625, 9.04279867797636e-25, nan 
54.375, 88.625, 9.768673773539631e-25, nan 
54.625, 88.625, 9.580733477250498e-25, nan 
54.875, 88.625, 1.0226317174004452e-24, nan 
55.125, 88.625, 1.1183027000172796e-24, nan 
55.375, 88.625, 1.0699169422763613e-24, nan 
55.625, 88.625, 9.841447926554295e-25, nan 
55.875, 88.625, 9.989685672610678e-25, nan 
56.125, 88.625, 1.0672570834651766e-24, nan 
56.375, 88.625, 1.0795397220601037e-24, nan 
56.625, 88.625, 1.0725750486000853e-24, nan 
56.875, 88.625, 1.2115204873340002e-24, nan 
57.125, 88.625, 1.2286310310110365e-24, nan 
57.375, 88.625, 1.3317265351149195e-24, nan 
57.625, 88.625, 1.332919025139136e-24, nan 
57.875, 88.625, 1.3293490728213749e-24, nan 
58.125, 88.625, 1.3741735122020814e-24, nan 
58.375, 88.625, 1.3747001065300174e-24, nan 
58.625, 88.625, 1.3730089241488592e-24, nan 
58.875, 88.625, 1.3121912259837919e-24, nan 
59.125, 88.625, 1.3230246736855128e-24, nan 
59.375, 88.625, 1.3033031978814343e-24, nan 
59.625, 88.625, 1.2870006415902407e-24, nan 
59.875, 88.625, 1.0518250987845112e-24, nan 
60.125, 88.625, 8.808057979269153e-25, nan 
60.375, 88.625, 9.031771698041213e-25, nan 
60.625, 88.625, 1.0950000654612013e-24, nan 
60.875, 88.625, 1.8742073029128356e-24, nan 
61.125, 88.625, 1.1596615541007334e-24, nan 
61.375, 88.625, 1.0812005449080476e-24, nan 
61.625, 88.625, 1.140795647867769e-24, nan 
61.875, 88.625, 1.1336640871469467e-24, nan 
62.125, 88.625, 9.53109457655727e-25, nan 
62.375, 88.625, 9.055364687006853e-25, nan 
62.625, 88.625, 9.057002944838383e-25, nan 
62.875, 88.625, 8.420381366428106e-25, nan 
63.125, 88.625, 7.796715808850054e-25, nan 
63.375, 88.625, 8.628621014989663e-25, nan 
63.625, 88.625, 8.54050103826838e-25, nan 
63.875, 88.625, 8.275159147978627e-25, nan 
64.125, 88.625, 8.356930213082854e-25, nan 
64.375, 88.625, 8.149295244452258e-25, nan 
64.625, 88.625, 9.423411763154279e-25, nan 
64.875, 88.625, 8.104000461596396e-25, nan 
65.125, 88.625, 9.81713186728756e-25, nan 
65.375, 88.625, 1.1363437703025103e-24, nan 
65.625, 88.625, 9.091424040178423e-25, nan 
65.875, 88.625, 8.924623503336187e-25, nan 
66.125, 88.625, 8.462851287532548e-25, nan 
66.375, 88.625, 7.491826893261121e-25, nan 
66.625, 88.625, 5.857103211896995e-25, nan 
66.875, 88.625, 6.724355002242234e-25, nan 
67.125, 88.625, 6.807205742953188e-25, nan 
67.375, 88.625, 5.826935030300661e-25, nan 
67.625, 88.625, 5.491781915521916e-25, nan 
67.875, 88.625, 6.491065841635037e-25, nan 
68.125, 88.625, 6.801909504090543e-25, nan 
68.375, 88.625, 6.801630322897031e-25, nan 
68.625, 88.625, 6.425464657672749e-25, nan 
68.875, 88.625, 5.695832889424885e-25, nan 
69.125, 88.625, 7.315867597385568e-25, nan 
69.375, 88.625, 6.926599034267746e-25, nan 
69.625, 88.625, 9.02995571139067e-25, nan 
69.875, 88.625, 8.849807041640548e-25, nan 
70.125, 88.625, 7.890090825057849e-25, nan 
70.375, 88.625, 8.63314187846707e-25, nan 
70.625, 88.625, 9.320717185478135e-25, nan 
70.875, 88.625, 8.182652301937331e-25, nan 
71.125, 88.625, 9.202748769811898e-25, nan 
71.375, 88.625, 9.273174480753761e-25, nan 
71.625, 88.625, 7.2912782163558815e-25, nan 
71.875, 88.625, 1.0414223931896248e-24, nan 
72.125, 88.625, 1.3571485249415256e-24, nan 
72.375, 88.625, 1.3424804795031188e-24, nan 
72.625, 88.625, 1.4199797016257346e-24, nan 
72.875, 88.625, 1.0923338016182132e-24, nan 
73.125, 88.625, 1.0585127417217367e-24, nan 
73.375, 88.625, 1.060572021180314e-24, nan 
73.625, 88.625, 1.0691320133903867e-24, nan 
73.875, 88.625, 1.001054760626405e-24, nan 
74.125, 88.625, 1.0442366676611595e-24, nan 
74.375, 88.625, 1.1465466613763048e-24, nan 
74.625, 88.625, 1.1166839816013342e-24, nan 
74.875, 88.625, 1.1487005067980228e-24, nan 
75.125, 88.625, 1.1559329967452739e-24, nan 
75.375, 88.625, 1.1655268513137068e-24, nan 
75.625, 88.625, 1.20327444453395e-24, nan 
75.875, 88.625, 1.284163540703057e-24, nan 
76.125, 88.625, 1.4070573819459186e-24, nan 
76.375, 88.625, 1.3659753371225554e-24, nan 
76.625, 88.625, 1.5410883387245964e-24, nan 
76.875, 88.625, 1.3575849626410878e-24, nan 
77.125, 88.625, 1.4025374275188228e-24, nan 
77.375, 88.625, 1.2826592457317033e-24, nan 
77.625, 88.625, 1.3185057783557682e-24, nan 
77.875, 88.625, 1.4452679960978069e-24, nan 
78.125, 88.625, 1.4569804106715647e-24, nan 
78.375, 88.625, 1.5152055273121542e-24, nan 
78.625, 88.625, 1.630927007426089e-24, nan 
78.875, 88.625, 1.6594523297179577e-24, nan 
79.125, 88.625, 1.7522508297857732e-24, nan 
79.375, 88.625, 1.793887225901308e-24, nan 
79.625, 88.625, 1.801819590661231e-24, nan 
79.875, 88.625, 2.041320712556869e-24, nan 
80.125, 88.625, 2.0194265444688333e-24, nan 
80.375, 88.625, 2.0556628511533904e-24, nan 
80.625, 88.625, 1.968304322745536e-24, nan 
80.875, 88.625, 1.8611898034124228e-24, nan 
81.125, 88.625, 1.4901454142877278e-24, nan 
81.375, 88.625, 1.2877713622636107e-24, nan 
81.625, 88.625, 9.46571855974882e-25, nan 
81.875, 88.625, 7.320984501596985e-25, nan 
82.125, 88.625, 1.0154088860744314e-24, nan 
82.375, 88.625, 3.237191441968185e-24, nan 
82.625, 88.625, 1.9002404930371647e-24, nan 
82.875, 88.625, 1.2314009580746633e-24, nan 
83.125, 88.625, 1.0214247299351796e-24, nan 
83.375, 88.625, 2.0045687804201923e-24, nan 
83.625, 88.625, 1.4599517093487767e-24, nan 
83.875, 88.625, 1.1966359447797072e-24, nan 
84.125, 88.625, 1.2507862227790943e-24, nan 
84.375, 88.625, 1.2612344789685327e-24, nan 
84.625, 88.625, 1.3281845608340927e-24, nan 
84.875, 88.625, 1.2856377124945198e-24, nan 
85.125, 88.625, 1.3827478100463404e-24, nan 
85.375, 88.625, 1.347947573252595e-24, nan 
85.625, 88.625, 1.2121824962866878e-24, nan 
85.875, 88.625, 1.1499705646448167e-24, nan 
86.125, 88.625, 8.771054874351297e-25, nan 
86.375, 88.625, 5.766506456448838e-25, nan 
86.625, 88.625, 1.5219832551684237e-24, nan 
86.875, 88.625, 1.4962200619499655e-24, nan 
87.125, 88.625, 1.418569416712757e-24, nan 
87.375, 88.625, 1.6551596752134488e-24, nan 
87.625, 88.625, 1.4722711886419236e-24, nan 
87.875, 88.625, 1.6016415870006052e-24, nan 
88.125, 88.625, 1.5700993974442794e-24, nan 
88.375, 88.625, 1.4684011305394737e-24, nan 
88.625, 88.625, 1.747445483039262e-24, nan 
88.875, 88.625, 1.5583187508840245e-24, nan 
89.125, 88.625, 1.449642454614285e-24, nan 
89.375, 88.625, 1.5358144101902001e-24, nan 
89.625, 88.625, 1.6922805798480973e-24, nan 
89.875, 88.625, 1.95664616486383e-24, nan 
90.125, 88.625, 1.838443675296777e-24, nan 
90.375, 88.625, 2.095124007460646e-24, nan 
90.625, 88.625, 2.2150128593036363e-24, nan 
90.875, 88.625, 2.2394098724054197e-24, nan 
91.125, 88.625, 2.3630506400362064e-24, nan 
91.375, 88.625, 2.0756429029950232e-24, nan 
91.625, 88.625, 2.2374581697138608e-24, nan 
91.875, 88.625, 2.4472776009589707e-24, nan 
92.125, 88.625, 2.065799579642122e-24, nan 
92.375, 88.625, 1.8718364113652086e-24, nan 
92.625, 88.625, 1.59929059944903e-24, nan 
92.875, 88.625, 1.7414226850824133e-24, nan 
93.125, 88.625, 2.0658399396787785e-24, nan 
93.375, 88.625, 2.1360795117732786e-24, nan 
93.625, 88.625, 2.2346654015045557e-24, nan 
93.875, 88.625, 2.335935425489878e-24, nan 
94.125, 88.625, 2.36418709749122e-24, nan 
94.375, 88.625, 2.451359925953506e-24, nan 
94.625, 88.625, 2.4611396126576182e-24, nan 
94.875, 88.625, 2.4925521169309153e-24, nan 
95.125, 88.625, 2.524076683582426e-24, nan 
95.375, 88.625, 2.6317755877608355e-24, nan 
95.625, 88.625, 2.507569457687914e-24, nan 
95.875, 88.625, 2.3410166978629248e-24, nan 
96.125, 88.625, 2.213980768861653e-24, nan 
96.375, 88.625, 2.061947101398426e-24, nan 
96.625, 88.625, 1.7902901647414296e-24, nan 
96.875, 88.625, 3.0097050976613675e-24, nan 
97.125, 88.625, 2.9430637906339234e-24, nan 
97.375, 88.625, 1.9512566384652943e-24, nan 
97.625, 88.625, 1.919402791334846e-24, nan 
97.875, 88.625, 1.5347664201340816e-24, nan 
98.125, 88.625, 1.7570366422018802e-24, nan 
98.375, 88.625, 1.4579840084309023e-24, nan 
98.625, 88.625, 1.4865858110277979e-24, nan 
98.875, 88.625, 1.6158519359943463e-24, nan 
99.125, 88.625, 1.4993100349694975e-24, nan 
99.375, 88.625, 1.9056673888579187e-24, nan 
99.625, 88.625, 1.952000669738544e-24, nan 
99.875, 88.625, 2.107566908959224e-24, nan 
100.125, 88.625, 2.5509964043224493e-24, nan 
100.375, 88.625, 3.485088940902302e-24, nan 
100.625, 88.625, 3.495879042496346e-24, nan 
100.875, 88.625, 3.647738789581871e-24, nan 
101.125, 88.625, 3.176425503272914e-24, nan 
101.375, 88.625, 3.1150896138642596e-24, nan 
101.625, 88.625, 2.6255272997649404e-24, nan 
101.875, 88.625, 2.4493043727516265e-24, nan 
102.125, 88.625, 2.6165871835578407e-24, nan 
102.375, 88.625, 2.5250841894741222e-24, nan 
102.625, 88.625, 2.4545493482419538e-24, nan 
102.875, 88.625, 2.0177961909710497e-24, nan 
103.125, 88.625, 2.1643620679573225e-24, nan 
103.375, 88.625, 2.1406405539483033e-24, nan 
103.625, 88.625, 1.95309826425986e-24, nan 
103.875, 88.625, 1.9155878506249596e-24, nan 
104.125, 88.625, 1.8664800067341607e-24, nan 
104.375, 88.625, 1.560165807125185e-24, nan 
104.625, 88.625, 1.5664919872628834e-24, nan 
104.875, 88.625, 1.5595204737971132e-24, nan 
105.125, 88.625, 1.5401467717858601e-24, nan 
105.375, 88.625, 1.5813717183717131e-24, nan 
105.625, 88.625, 1.6163658954797405e-24, nan 
105.875, 88.625, 1.6130247846571147e-24, nan 
106.125, 88.625, 1.8614004878892316e-24, nan 
106.375, 88.625, 1.716197314082217e-24, nan 
106.625, 88.625, 1.8858438422228626e-24, nan 
106.875, 88.625, 1.8600221338268876e-24, nan 
107.125, 88.625, 1.6475285736918777e-24, nan 
107.375, 88.625, 1.7714740069107837e-24, nan 
107.625, 88.625, 1.973000616757917e-24, nan 
107.875, 88.625, 1.5509238006443531e-24, nan 
108.125, 88.625, 1.791416182588627e-24, nan 
108.375, 88.625, 1.8078124585814663e-24, nan 
108.625, 88.625, 1.7091913817229745e-24, nan 
108.875, 88.625, 1.684039608599839e-24, nan 
109.125, 88.625, 1.7076378367751622e-24, nan 
109.375, 88.625, 1.6532904014875642e-24, nan 
109.625, 88.625, 1.9009550800664785e-24, nan 
109.875, 88.625, 1.915338310700924e-24, nan 
110.125, 88.625, 1.9926552362501203e-24, nan 
110.375, 88.625, 2.131718229898729e-24, nan 
110.625, 88.625, 2.173968879595066e-24, nan 
110.875, 88.625, 2.229549828730534e-24, nan 
111.125, 88.625, 2.3778796037882656e-24, nan 
111.375, 88.625, 2.2854388604264482e-24, nan 
111.625, 88.625, 2.590228779425368e-24, nan 
111.875, 88.625, 2.0608034665578375e-24, nan 
112.125, 88.625, 2.1838177301186197e-24, nan 
112.375, 88.625, 2.2805889264159458e-24, nan 
112.625, 88.625, 2.557363695976141e-24, nan 
112.875, 88.625, 2.6586643226582347e-24, nan 
113.125, 88.625, 2.4934372867579294e-24, nan 
113.375, 88.625, 2.6075397439462338e-24, nan 
113.625, 88.625, 2.680622087722111e-24, nan 
113.875, 88.625, 2.667855296041782e-24, nan 
114.125, 88.625, 2.675435148315681e-24, nan 
114.375, 88.625, 2.77153817962745e-24, nan 
114.625, 88.625, 2.4989838625999985e-24, nan 
114.875, 88.625, 2.6094634687395595e-24, nan 
115.125, 88.625, 2.6458543732790034e-24, nan 
115.375, 88.625, 2.6463169015992746e-24, nan 
115.625, 88.625, 2.726409705448119e-24, nan 
115.875, 88.625, 2.781648361845153e-24, nan 
116.125, 88.625, 2.692176483373431e-24, nan 
116.375, 88.625, 2.781312267223121e-24, nan 
116.625, 88.625, 2.5204706625128486e-24, nan 
116.875, 88.625, 2.856269325203499e-24, nan 
117.125, 88.625, 2.6669771067308512e-24, nan 
117.375, 88.625, 2.7223222266012978e-24, nan 
117.625, 88.625, 2.8150868401656567e-24, nan 
117.875, 88.625, 2.5559286749248945e-24, nan 
118.125, 88.625, 2.4222440146652e-24, nan 
118.375, 88.625, 2.0799734968905207e-24, nan 
118.625, 88.625, 2.2263828489960093e-24, nan 
118.875, 88.625, 2.3288801960170496e-24, nan 
119.125, 88.625, 2.3256088043833567e-24, nan 
119.375, 88.625, 2.3069440863012024e-24, nan 
119.625, 88.625, 2.46355393416507e-24, nan 
119.875, 88.625, 2.1834090914304066e-24, nan 
120.125, 88.625, 2.2532469290326313e-24, nan 
120.375, 88.625, 2.1784286429534054e-24, nan 
120.625, 88.625, 2.2143125143384636e-24, nan 
120.875, 88.625, 2.2454430373058037e-24, nan 
121.125, 88.625, 2.3188316257887035e-24, nan 
121.375, 88.625, 2.3420669879818785e-24, nan 
121.625, 88.625, 2.3704754860974325e-24, nan 
121.875, 88.625, 2.4003722337927445e-24, nan 
122.125, 88.625, 2.7488259740737673e-24, nan 
122.375, 88.625, 2.3818994586299068e-24, nan 
122.625, 88.625, 2.442227694721787e-24, nan 
122.875, 88.625, 2.3093130266797338e-24, nan 
123.125, 88.625, 2.507538489428883e-24, nan 
123.375, 88.625, 2.3949190530403963e-24, nan 
123.625, 88.625, 2.4048354320159807e-24, nan 
123.875, 88.625, 2.394003147435709e-24, nan 
124.125, 88.625, 2.541705122884406e-24, nan 
124.375, 88.625, 2.0749926643147836e-24, nan 
124.625, 88.625, 2.194861855883541e-24, nan 
124.875, 88.625, 2.4361555415156454e-24, nan 
125.125, 88.625, 2.2976609787803866e-24, nan 
125.375, 88.625, 2.409843279059114e-24, nan 
125.625, 88.625, 2.447537881362704e-24, nan 
125.875, 88.625, 2.4656901065147533e-24, nan 
126.125, 88.625, 2.4354282055855346e-24, nan 
126.375, 88.625, 3.0360166403173343e-24, nan 
126.625, 88.625, 2.589701262340351e-24, nan 
126.875, 88.625, 1.746233353244925e-24, nan 
127.125, 88.625, 2.5604658931036672e-24, nan 
127.375, 88.625, 2.8494311846979542e-24, nan 
127.625, 88.625, 2.7839662508144197e-24, nan 
127.875, 88.625, 2.925461408308032e-24, nan 
128.125, 88.625, 2.1519562963570534e-24, nan 
128.375, 88.625, 2.0450202330559937e-24, nan 
128.625, 88.625, 2.368171126836356e-24, nan 
128.875, 88.625, 2.7131482173331668e-24, nan 
129.125, 88.625, 2.9958301758043007e-24, nan 
129.375, 88.625, 3.0476676175015518e-24, nan 
129.625, 88.625, 3.1472306097840342e-24, nan 
129.875, 88.625, 3.143185635263787e-24, nan 
130.125, 88.625, 2.9598172788000827e-24, nan 
130.375, 88.625, 2.9570303108339323e-24, nan 
130.625, 88.625, 2.9455181691644937e-24, nan 
130.875, 88.625, 2.932161401303167e-24, nan 
131.125, 88.625, 2.9855753872870536e-24, nan 
131.375, 88.625, 2.7920898836260436e-24, nan 
131.625, 88.625, 2.7969924600082908e-24, nan 
131.875, 88.625, 2.848321308990201e-24, nan 
132.125, 88.625, 2.9754147541870576e-24, nan 
132.375, 88.625, 2.5045917727927837e-24, nan 
132.625, 88.625, 3.098063183256021e-24, nan 
132.875, 88.625, 3.157603411919611e-24, nan 
133.125, 88.625, 2.822168579665169e-24, nan 
133.375, 88.625, 2.7493024544037168e-24, nan 
133.625, 88.625, 2.9350531207644097e-24, nan 
133.875, 88.625, 3.127556612751442e-24, nan 
134.125, 88.625, 2.7469685873629945e-24, nan 
134.375, 88.625, 2.991038931845372e-24, nan 
134.625, 88.625, 2.984936130916464e-24, nan 
134.875, 88.625, 2.899743198761062e-24, nan 
135.125, 88.625, 2.6819325667848742e-24, nan 
135.375, 88.625, 2.6955513683633604e-24, nan 
135.625, 88.625, 2.919328440494766e-24, nan 
135.875, 88.625, 2.762179592100306e-24, nan 
136.125, 88.625, 2.6204127688063476e-24, nan 
136.375, 88.625, 2.7960270748090745e-24, nan 
136.625, 88.625, 2.7789582463928074e-24, nan 
136.875, 88.625, 2.9521546113801994e-24, nan 
137.125, 88.625, 2.899427969771981e-24, nan 
137.375, 88.625, 2.4500831965014553e-24, nan 
137.625, 88.625, 3.1331102508818258e-24, nan 
137.875, 88.625, 2.7886646399752903e-24, nan 
138.125, 88.625, 2.7686638904094227e-24, nan 
138.375, 88.625, 3.1768110430183055e-24, nan 
138.625, 88.625, 3.021191321374777e-24, nan 
138.875, 88.625, 2.8797871428467873e-24, nan 
139.125, 88.625, 2.8672388933765217e-24, nan 
139.375, 88.625, 2.9282905947341286e-24, nan 
139.625, 88.625, 2.933650409833598e-24, nan 
139.875, 88.625, 3.0129412410846442e-24, nan 
140.125, 88.625, 3.168673159551867e-24, nan 
140.375, 88.625, 3.1894482965211457e-24, nan 
140.625, 88.625, 3.3401484339562855e-24, nan 
140.875, 88.625, 3.252909925716021e-24, nan 
141.125, 88.625, 3.364737901620981e-24, nan 
141.375, 88.625, 3.2280974042811843e-24, nan 
141.625, 88.625, 3.392436067786797e-24, nan 
141.875, 88.625, 3.430576260223014e-24, nan 
142.125, 88.625, 3.1802439811926964e-24, nan 
142.375, 88.625, 3.346195855493402e-24, nan 
142.625, 88.625, 3.358661858560544e-24, nan 
142.875, 88.625, 3.3208237174067946e-24, nan 
143.125, 88.625, 3.324603594454615e-24, nan 
143.375, 88.625, 2.9621546963772663e-24, nan 
143.625, 88.625, 2.81188628667537e-24, nan 
143.875, 88.625, 2.9531026905522773e-24, nan 
144.125, 88.625, 3.183610859659183e-24, nan 
144.375, 88.625, 2.841535817030204e-24, nan 
144.625, 88.625, 2.789536919091141e-24, nan 
144.875, 88.625, 2.941128144643761e-24, nan 
145.125, 88.625, 2.0947348998168125e-24, nan 
145.375, 88.625, 2.460505204629712e-24, nan 
145.625, 88.625, 2.7330140159910395e-24, nan 
145.875, 88.625, 3.0414433277717122e-24, nan 
146.125, 88.625, 2.7452611601778155e-24, nan 
146.375, 88.625, 2.9960379472680507e-24, nan 
146.625, 88.625, 2.8625049731186495e-24, nan 
146.875, 88.625, 2.860004789787134e-24, nan 
147.125, 88.625, 2.8004826952252545e-24, nan 
147.375, 88.625, 2.797456766259168e-24, nan 
147.625, 88.625, 2.6268911744308677e-24, nan 
147.875, 88.625, 2.6741101624175442e-24, nan 
148.125, 88.625, 2.890199481819912e-24, nan 
148.375, 88.625, 2.1863431811620517e-24, nan 
148.625, 88.625, 2.123506628907022e-24, nan 
148.875, 88.625, 2.2174189972339374e-24, nan 
149.125, 88.625, 2.476508182856729e-24, nan 
149.375, 88.625, 2.0044498640227658e-24, nan 
149.625, 88.625, 2.395346550430139e-24, nan 
149.875, 88.625, 2.1144249713748228e-24, nan 
150.125, 88.625, 2.219016742586084e-24, nan 
150.375, 88.625, 2.3589630088987034e-24, nan 
150.625, 88.625, 2.451923776099789e-24, nan 
150.875, 88.625, 2.8963032560740778e-24, nan 
151.125, 88.625, 2.6535101939346477e-24, nan 
151.375, 88.625, 2.540843834463873e-24, nan 
151.625, 88.625, 2.742056658989691e-24, nan 
151.875, 88.625, 2.3644465833945637e-24, nan 
152.125, 88.625, 2.9886735092227703e-24, nan 
152.375, 88.625, 2.855823801357759e-24, nan 
152.625, 88.625, 2.5040805711277653e-24, nan 
152.875, 88.625, 2.6804346290378048e-24, nan 
153.125, 88.625, 2.634554697452339e-24, nan 
153.375, 88.625, 2.8083872347853262e-24, nan 
153.625, 88.625, 2.3430659040428464e-24, nan 
153.875, 88.625, 2.411961573025202e-24, nan 
154.125, 88.625, 2.5018052810323535e-24, nan 
154.375, 88.625, 2.8470086164828447e-24, nan 
154.625, 88.625, 2.105518988261668e-24, nan 
154.875, 88.625, 1.845437615732854e-24, nan 
155.125, 88.625, 2.1422517718902475e-24, nan 
155.375, 88.625, 1.9885543710316557e-24, nan 
155.625, 88.625, 2.1178512787213334e-24, nan 
155.875, 88.625, 1.9707500180735864e-24, nan 
156.125, 88.625, 2.830573021191616e-24, nan 
156.375, 88.625, 2.310875953899212e-24, nan 
156.625, 88.625, 2.7530155421025052e-24, nan 
156.875, 88.625, 2.313263768783564e-24, nan 
157.125, 88.625, 1.813561594627002e-24, nan 
157.375, 88.625, 1.9977487214457085e-24, nan 
157.625, 88.625, 1.8113322160424043e-24, nan 
157.875, 88.625, 2.085123828578343e-24, nan 
158.125, 88.625, 2.1277074802469704e-24, nan 
158.375, 88.625, 2.1814127055334716e-24, nan 
158.625, 88.625, 2.188840385757278e-24, nan 
158.875, 88.625, 2.0979978356318546e-24, nan 
159.125, 88.625, 2.0998265287437837e-24, nan 
159.375, 88.625, 1.6125396078998272e-24, nan 
159.625, 88.625, 1.703811490732615e-24, nan 
159.875, 88.625, 1.5395589649894863e-24, nan 
160.125, 88.625, 1.985547149704028e-24, nan 
160.375, 88.625, 2.1364628310868923e-24, nan 
160.625, 88.625, 2.207948160152624e-24, nan 
160.875, 88.625, 2.3435013832143066e-24, nan 
161.125, 88.625, 2.672219187075644e-24, nan 
161.375, 88.625, 2.4961475183922662e-24, nan 
161.625, 88.625, 2.202484589882991e-24, nan 
161.875, 88.625, 2.5483611016852597e-24, nan 
162.125, 88.625, 2.2211418847631448e-24, nan 
162.375, 88.625, 2.591948220059559e-24, nan 
162.625, 88.625, 2.4798228514680162e-24, nan 
162.875, 88.625, 2.0512763018521308e-24, nan 
163.125, 88.625, 2.2476460172990343e-24, nan 
163.375, 88.625, 2.1268173987501704e-24, nan 
163.625, 88.625, 2.2113887685255115e-24, nan 
163.875, 88.625, 2.1127570362121638e-24, nan 
164.125, 88.625, 1.389291473321072e-24, nan 
164.375, 88.625, 1.4528960116684444e-24, nan 
164.625, 88.625, 2.4287284246642153e-24, nan 
164.875, 88.625, 1.8997615349542063e-24, nan 
165.125, 88.625, 1.6388414111079382e-24, nan 
165.375, 88.625, 2.1089597381966007e-24, nan 
165.625, 88.625, 2.132037729646294e-24, nan 
165.875, 88.625, 2.119049399341686e-24, nan 
166.125, 88.625, 1.5789616951135555e-24, nan 
166.375, 88.625, 2.1831253618268277e-24, nan 
166.625, 88.625, 1.713834321801184e-24, nan 
166.875, 88.625, 2.360006435224638e-24, nan 
167.125, 88.625, 1.5284197748616648e-24, nan 
167.375, 88.625, 1.64042767529143e-24, nan 
167.625, 88.625, 1.9063016300209122e-24, nan 
167.875, 88.625, 1.6638688437020927e-24, nan 
168.125, 88.625, 1.9535897078448497e-24, nan 
168.375, 88.625, 1.986223987254297e-24, nan 
168.625, 88.625, 1.9543787627833102e-24, nan 
168.875, 88.625, 1.9290365245122574e-24, nan 
169.125, 88.625, 1.9007113191441383e-24, nan 
169.375, 88.625, 1.6344188897166703e-24, nan 
169.625, 88.625, 1.5211025500355814e-24, nan 
169.875, 88.625, 3.62532113993183e-24, nan 
170.125, 88.625, 3.53900201813238e-24, nan 
170.375, 88.625, 3.493510381595988e-24, nan 
170.625, 88.625, 3.432864270668355e-24, nan 
170.875, 88.625, 3.387725484480088e-24, nan 
171.125, 88.625, 3.353958052821532e-24, nan 
171.375, 88.625, 3.325739300847644e-24, nan 
171.625, 88.625, 3.295163634579389e-24, nan 
171.875, 88.625, 3.407954970378611e-24, nan 
172.125, 88.625, 3.2519574829716537e-24, nan 
172.375, 88.625, 3.4965652828968245e-24, nan 
172.625, 88.625, 3.2244377789835023e-24, nan 
172.875, 88.625, 3.236761371691632e-24, nan 
173.125, 88.625, 3.370173354956657e-24, nan 
173.375, 88.625, 3.2409616439595955e-24, nan 
173.625, 88.625, 3.2563135493685033e-24, nan 
173.875, 88.625, 3.192407826095259e-24, nan 
174.125, 88.625, 3.1925161602103933e-24, nan 
174.375, 88.625, 3.174730233141872e-24, nan 
174.625, 88.625, 3.0955396839143828e-24, nan 
174.875, 88.625, 3.025396041537105e-24, nan 
175.125, 88.625, 3.026877755939923e-24, nan 
175.375, 88.625, 3.013037130269993e-24, nan 
175.625, 88.625, 3.013682328481055e-24, nan 
175.875, 88.625, 2.9523279497074953e-24, nan 
176.125, 88.625, 2.9126971796825023e-24, nan 
176.375, 88.625, 2.878239414447151e-24, nan 
176.625, 88.625, 2.8605235933733473e-24, nan 
176.875, 88.625, 2.7556604089001367e-24, nan 
177.125, 88.625, 2.696776245831204e-24, nan 
177.375, 88.625, 2.6776655575928156e-24, nan 
177.625, 88.625, 2.6921488306802705e-24, nan 
177.875, 88.625, 2.5728604632441447e-24, nan 
178.125, 88.625, 2.6153394974778186e-24, nan 
178.375, 88.625, 2.5881453686699923e-24, nan 
178.625, 88.625, 2.6406132710676868e-24, nan 
178.875, 88.625, 2.626032901492746e-24, nan 
179.125, 88.625, 2.572816641791965e-24, nan 
179.375, 88.625, 2.5598486450220254e-24, nan 
179.625, 88.625, 2.5170078420574905e-24, nan 
179.875, 88.625, 2.50567943888431e-24, nan 
-179.875, 88.875, 2.01526281695812e-24, nan 
-179.625, 88.875, 2.0959338022172373e-24, nan 
-179.375, 88.875, 2.093729336622392e-24, nan 
-179.125, 88.875, 2.401069470752422e-24, nan 
-178.875, 88.875, 2.681406166648308e-24, nan 
-178.625, 88.875, 2.6693598371449106e-24, nan 
-178.375, 88.875, 2.7676811985966764e-24, nan 
-178.125, 88.875, 2.6872865108481668e-24, nan 
-177.875, 88.875, 2.8755988305878013e-24, nan 
-177.625, 88.875, 2.9470257587426643e-24, nan 
-177.375, 88.875, 2.950085848928941e-24, nan 
-177.125, 88.875, 2.8635143678065163e-24, nan 
-176.875, 88.875, 3.009955936041241e-24, nan 
-176.625, 88.875, 3.0389533649415775e-24, nan 
-176.375, 88.875, 3.060141082863418e-24, nan 
-176.125, 88.875, 3.2897088656332983e-24, nan 
-175.875, 88.875, 3.639436848166189e-24, nan 
-175.625, 88.875, 3.960740027731961e-24, nan 
-175.375, 88.875, 4.646814157526739e-24, nan 
-175.125, 88.875, 4.025623470879894e-24, nan 
-174.875, 88.875, 3.451045256926666e-24, nan 
-174.625, 88.875, 3.4654064376919194e-24, nan 
-174.375, 88.875, 3.6161222344619415e-24, nan 
-174.125, 88.875, 4.009123368777537e-24, nan 
-173.875, 88.875, 4.598970803010987e-24, nan 
-173.625, 88.875, 5.4997315941358974e-24, nan 
-173.375, 88.875, 5.505972451515955e-24, nan 
-173.125, 88.875, 4.906770381480154e-24, nan 
-172.875, 88.875, 5.330484599291833e-24, nan 
-172.625, 88.875, 5.346835799419581e-24, nan 
-172.375, 88.875, 5.1320754301130986e-24, nan 
-172.125, 88.875, 5.057704477421026e-24, nan 
-171.875, 88.875, 5.0300402285538916e-24, nan 
-171.625, 88.875, 4.986568214529578e-24, nan 
-171.375, 88.875, 4.3691651629095364e-24, nan 
-171.125, 88.875, 4.7118072354243725e-24, nan 
-170.875, 88.875, 4.5485680190017524e-24, nan 
-170.625, 88.875, 4.0399001914674665e-24, nan 
-170.375, 88.875, 4.0902447685959145e-24, nan 
-170.125, 88.875, 4.1679720135246165e-24, nan 
-169.875, 88.875, 4.083693809961704e-24, nan 
-169.625, 88.875, 3.9806429094182464e-24, nan 
-169.375, 88.875, 3.7681781341233866e-24, nan 
-169.125, 88.875, 3.633238093389839e-24, nan 
-168.875, 88.875, 3.6821771538691875e-24, nan 
-168.625, 88.875, 3.595788551507259e-24, nan 
-168.375, 88.875, 3.559024871715732e-24, nan 
-168.125, 88.875, 3.641282406751461e-24, nan 
-167.875, 88.875, 3.676061368102492e-24, nan 
-167.625, 88.875, 3.5961328637597876e-24, nan 
-167.375, 88.875, 3.728774708521435e-24, nan 
-167.125, 88.875, 3.7103016406164506e-24, nan 
-166.875, 88.875, 3.563411487017067e-24, nan 
-166.625, 88.875, 3.535876899571105e-24, nan 
-166.375, 88.875, 3.52566990163564e-24, nan 
-166.125, 88.875, 2.8625558617684293e-24, nan 
-165.875, 88.875, 3.005745808454286e-24, nan 
-165.625, 88.875, 4.304061669921067e-24, nan 
-165.375, 88.875, 2.428862809099876e-24, nan 
-165.125, 88.875, 2.9326940865892518e-24, nan 
-164.875, 88.875, 2.8793809124504574e-24, nan 
-164.625, 88.875, 3.1504988608729564e-24, nan 
-164.375, 88.875, 2.1932326961361367e-24, nan 
-164.125, 88.875, 2.3006016877965928e-24, nan 
-163.875, 88.875, 3.0639746490751287e-24, nan 
-163.625, 88.875, 3.097470495757056e-24, nan 
-163.375, 88.875, 2.817805737209092e-24, nan 
-163.125, 88.875, 2.826147930678242e-24, nan 
-162.875, 88.875, 2.7971307419370387e-24, nan 
-162.625, 88.875, 2.649752268931918e-24, nan 
-162.375, 88.875, 2.571158157540932e-24, nan 
-162.125, 88.875, 2.5719499916836095e-24, nan 
-161.875, 88.875, 2.5493506211274384e-24, nan 
-161.625, 88.875, 2.602903680742547e-24, nan 
-161.375, 88.875, 2.7361609662035532e-24, nan 
-161.125, 88.875, 2.7978291453347156e-24, nan 
-160.875, 88.875, 2.8187038380407416e-24, nan 
-160.625, 88.875, 2.8891390899978095e-24, nan 
-160.375, 88.875, 2.8458075797346827e-24, nan 
-160.125, 88.875, 2.7473914807867994e-24, nan 
-159.875, 88.875, 2.7170542153486206e-24, nan 
-159.625, 88.875, 2.6089526876008166e-24, nan 
-159.375, 88.875, 2.4758404911037482e-24, nan 
-159.125, 88.875, 2.4542625905408086e-24, nan 
-158.875, 88.875, 2.4466856826622502e-24, nan 
-158.625, 88.875, 2.34121800612284e-24, nan 
-158.375, 88.875, 2.3135314982240315e-24, nan 
-158.125, 88.875, 2.15534267417242e-24, nan 
-157.875, 88.875, 1.9688227204428503e-24, nan 
-157.625, 88.875, 1.884352051737042e-24, nan 
-157.375, 88.875, 1.863586788208694e-24, nan 
-157.125, 88.875, 1.6879103709320083e-24, nan 
-156.875, 88.875, 1.4971341783614201e-24, nan 
-156.625, 88.875, 1.2398433979418438e-24, nan 
-156.375, 88.875, 1.3187256486739134e-24, nan 
-156.125, 88.875, 1.5933041409925424e-24, nan 
-155.875, 88.875, 1.5222252724346856e-24, nan 
-155.625, 88.875, 1.3573818587505981e-24, nan 
-155.375, 88.875, 1.4116615659410946e-24, nan 
-155.125, 88.875, 1.3961414044763156e-24, nan 
-154.875, 88.875, 1.4134202772831423e-24, nan 
-154.625, 88.875, 1.2937863524946722e-24, nan 
-154.375, 88.875, 1.2600825261700057e-24, nan 
-154.125, 88.875, 1.2997374763349178e-24, nan 
-153.875, 88.875, 1.3079817088145576e-24, nan 
-153.625, 88.875, 1.2760944298872783e-24, nan 
-153.375, 88.875, 1.249538901444259e-24, nan 
-153.125, 88.875, 1.1353353573375038e-24, nan 
-152.875, 88.875, 1.1948738743431014e-24, nan 
-152.625, 88.875, 1.230175818704986e-24, nan 
-152.375, 88.875, 1.1245279021241355e-24, nan 
-152.125, 88.875, 1.113012496952102e-24, nan 
-151.875, 88.875, 1.0825979997517526e-24, nan 
-151.625, 88.875, 1.290981600658972e-24, nan 
-151.375, 88.875, 9.912111461129473e-25, nan 
-151.125, 88.875, 9.656292676395988e-25, nan 
-150.875, 88.875, 7.740004586671182e-25, nan 
-150.625, 88.875, 8.346735819721808e-25, nan 
-150.375, 88.875, 7.331267287040367e-25, nan 
-150.125, 88.875, 8.67454585764627e-25, nan 
-149.875, 88.875, 8.508746127181048e-25, nan 
-149.625, 88.875, 8.58356474813371e-25, nan 
-149.375, 88.875, 1.5141386122379005e-24, nan 
-149.125, 88.875, 1.2510887874985381e-24, nan 
-148.875, 88.875, 9.460398669579992e-25, nan 
-148.625, 88.875, 6.382643880078841e-25, nan 
-148.375, 88.875, 8.158304141596463e-25, nan 
-148.125, 88.875, 9.618034179730121e-25, nan 
-147.875, 88.875, 9.773447287320669e-25, nan 
-147.625, 88.875, 9.348365707303805e-25, nan 
-147.375, 88.875, 1.198069596126488e-24, nan 
-147.125, 88.875, 1.0538498074043188e-24, nan 
-146.875, 88.875, 9.524579318374361e-25, nan 
-146.625, 88.875, 1.083086734423681e-24, nan 
-146.375, 88.875, 1.1417562285404097e-24, nan 
-146.125, 88.875, 1.1565471690676038e-24, nan 
-145.875, 88.875, 1.18229189151948e-24, nan 
-145.625, 88.875, 1.2634929161442503e-24, nan 
-145.375, 88.875, 1.230639187394755e-24, nan 
-145.125, 88.875, 1.4207010034307765e-24, nan 
-144.875, 88.875, 1.3078667100445017e-24, nan 
-144.625, 88.875, 1.329444234541479e-24, nan 
-144.375, 88.875, 1.564684428186559e-24, nan 
-144.125, 88.875, 1.5412771320055883e-24, nan 
-143.875, 88.875, 1.5400969606808175e-24, nan 
-143.625, 88.875, 1.5358951818874595e-24, nan 
-143.375, 88.875, 1.4806670520116281e-24, nan 
-143.125, 88.875, 1.8267806315602924e-24, nan 
-142.875, 88.875, 1.7548090510502768e-24, nan 
-142.625, 88.875, 1.79180875959734e-24, nan 
-142.375, 88.875, 1.1353405776200456e-24, nan 
-142.125, 88.875, 1.813591602735017e-24, nan 
-141.875, 88.875, 1.820086791757359e-24, nan 
-141.625, 88.875, 1.8482444090365103e-24, nan 
-141.375, 88.875, 1.891735985467024e-24, nan 
-141.125, 88.875, 2.073819711982361e-24, nan 
-140.875, 88.875, 1.9155960013096986e-24, nan 
-140.625, 88.875, 2.0415880051398015e-24, nan 
-140.375, 88.875, 2.046970830696143e-24, nan 
-140.125, 88.875, 2.1638276118694586e-24, nan 
-139.875, 88.875, 1.8600369308374147e-24, nan 
-139.625, 88.875, 2.0681220332091004e-24, nan 
-139.375, 88.875, 2.2674125386951324e-24, nan 
-139.125, 88.875, 2.302781987891135e-24, nan 
-138.875, 88.875, 2.251700888446842e-24, nan 
-138.625, 88.875, 2.1676562915960067e-24, nan 
-138.375, 88.875, 2.143116545890787e-24, nan 
-138.125, 88.875, 1.8451537695265178e-24, nan 
-137.875, 88.875, 2.0789779910397225e-24, nan 
-137.625, 88.875, 1.950729019346233e-24, nan 
-137.375, 88.875, 1.998932385237711e-24, nan 
-19.875, 88.875, 1.2842887676287766e-24, nan 
-19.625, 88.875, 1.3543048620114308e-24, nan 
-19.375, 88.875, 1.6679074703531684e-24, nan 
-19.125, 88.875, 1.4136136479688647e-24, nan 
-18.875, 88.875, 1.3329570484302348e-24, nan 
-18.625, 88.875, 1.4070546800577946e-24, nan 
-18.375, 88.875, 1.464617382143667e-24, nan 
-18.125, 88.875, 1.2625972588268622e-24, nan 
-17.875, 88.875, 1.8255882347062177e-24, nan 
-17.625, 88.875, 1.4561958863260599e-24, nan 
-17.375, 88.875, 1.4828772864454061e-24, nan 
-17.125, 88.875, 2.3126499547205087e-24, nan 
-16.875, 88.875, 1.658725968036755e-24, nan 
-16.625, 88.875, 1.8163684680281366e-24, nan 
-16.375, 88.875, 1.5233595868041025e-24, nan 
-16.125, 88.875, 1.7896000401458733e-24, nan 
-15.875, 88.875, 1.4602119443766325e-24, nan 
-15.625, 88.875, 1.2265077843533602e-24, nan 
-15.375, 88.875, 2.119436916402151e-24, nan 
-15.125, 88.875, 1.5923905015720138e-24, nan 
-14.875, 88.875, 1.6173562155048223e-24, nan 
-14.625, 88.875, 1.603390131088021e-24, nan 
-14.375, 88.875, 1.4576845841652975e-24, nan 
-14.125, 88.875, 1.6464013356443087e-24, nan 
-13.875, 88.875, 1.954818148830417e-24, nan 
-13.625, 88.875, 1.6831929441464934e-24, nan 
-13.375, 88.875, 1.7119743491479774e-24, nan 
-13.125, 88.875, 1.790596427028132e-24, nan 
-12.875, 88.875, 1.8318901708298675e-24, nan 
-12.625, 88.875, 1.9910895306827825e-24, nan 
-12.375, 88.875, 1.993875694333465e-24, nan 
-12.125, 88.875, 1.9790854100637057e-24, nan 
-11.875, 88.875, 2.134565680372817e-24, nan 
-11.625, 88.875, 2.0193214303568436e-24, nan 
-11.375, 88.875, 2.0901763212293804e-24, nan 
-11.125, 88.875, 1.9652446908556002e-24, nan 
-10.875, 88.875, 2.1957621481180737e-24, nan 
-10.625, 88.875, 2.344341218754008e-24, nan 
-10.375, 88.875, 2.151818012089065e-24, nan 
-10.125, 88.875, 2.2684164394937315e-24, nan 
-9.875, 88.875, 2.3331470978646153e-24, nan 
-9.625, 88.875, 2.2781697460437572e-24, nan 
-9.375, 88.875, 2.8028819003712254e-24, nan 
-9.125, 88.875, 2.2541432352951425e-24, nan 
-8.875, 88.875, 2.0553675234813563e-24, nan 
-8.625, 88.875, 1.9585355492976872e-24, nan 
-8.375, 88.875, 1.968497937161453e-24, nan 
-8.125, 88.875, 1.853240358065457e-24, nan 
-7.875, 88.875, 1.3441603141984097e-24, nan 
-7.625, 88.875, 1.3395600581520782e-24, nan 
-7.375, 88.875, 7.391734381567127e-25, nan 
-7.125, 88.875, 1.089719192421826e-24, nan 
-6.875, 88.875, 1.4008195272872287e-24, nan 
-6.625, 88.875, 7.490859739456583e-25, nan 
-6.375, 88.875, 9.698773468600628e-25, nan 
-6.125, 88.875, 1.5147383065405501e-24, nan 
-5.875, 88.875, 1.194452370251363e-24, nan 
-5.625, 88.875, 1.364480830270824e-24, nan 
-5.375, 88.875, 8.922422813403441e-25, nan 
-5.125, 88.875, 6.26413407058289e-25, nan 
-4.875, 88.875, 9.317224648526665e-25, nan 
-4.625, 88.875, 1.3646978081866353e-24, nan 
-4.375, 88.875, 1.4397057835252489e-24, nan 
-4.125, 88.875, 2.0974236203483765e-24, nan 
-3.875, 88.875, 2.0270990350813838e-24, nan 
-3.625, 88.875, 2.1212492069085116e-24, nan 
-3.375, 88.875, 2.0639079429004805e-24, nan 
-3.125, 88.875, 2.2008867485065605e-24, nan 
-2.875, 88.875, 2.1320744738892662e-24, nan 
-2.625, 88.875, 2.068904786059812e-24, nan 
-2.375, 88.875, 2.208935777868029e-24, nan 
-2.125, 88.875, 2.164746015475975e-24, nan 
-1.875, 88.875, 2.03180212744445e-24, nan 
-1.625, 88.875, 2.0507907896060228e-24, nan 
-1.375, 88.875, 2.056255370892458e-24, nan 
-1.125, 88.875, 1.9665845606738244e-24, nan 
-0.875, 88.875, 1.9844182275059793e-24, nan 
-0.625, 88.875, 2.0299123750430165e-24, nan 
-0.375, 88.875, 2.1054028047941105e-24, nan 
-0.125, 88.875, 2.0644319362103765e-24, nan 
0.125, 88.875, 1.3642960550162436e-24, nan 
0.375, 88.875, 1.8661209876747015e-24, nan 
0.625, 88.875, 2.097004011593024e-24, nan 
0.875, 88.875, 2.2054591315743158e-24, nan 
1.125, 88.875, 2.2124218738585196e-24, nan 
1.375, 88.875, 2.212116131108213e-24, nan 
1.625, 88.875, 2.1534647102269855e-24, nan 
1.875, 88.875, 2.158407352739314e-24, nan 
2.125, 88.875, 2.140609891699971e-24, nan 
2.375, 88.875, 2.0597368548681578e-24, nan 
2.625, 88.875, 2.1774636679843137e-24, nan 
2.875, 88.875, 2.33972283041367e-24, nan 
3.125, 88.875, 2.2355142141311074e-24, nan 
3.375, 88.875, 2.2529266618936755e-24, nan 
3.625, 88.875, 2.3002002064219408e-24, nan 
3.875, 88.875, 2.1786619563965828e-24, nan 
4.125, 88.875, 2.0769418400741055e-24, nan 
4.375, 88.875, 1.923800727693375e-24, nan 
4.625, 88.875, 2.282197701610611e-24, nan 
4.875, 88.875, 2.3598380548779297e-24, nan 
5.125, 88.875, 3.837482180739138e-24, nan 
5.375, 88.875, 2.4190162044454536e-24, nan 
5.625, 88.875, 3.330732835180848e-24, nan 
5.875, 88.875, 2.470637944245521e-24, nan 
6.125, 88.875, 2.5707258592584395e-24, nan 
6.375, 88.875, 3.239974408712816e-24, nan 
6.625, 88.875, 1.938643447982142e-24, nan 
6.875, 88.875, 2.0698781974729626e-24, nan 
7.125, 88.875, 2.396680567306092e-24, nan 
7.375, 88.875, 1.829601942980318e-24, nan 
7.625, 88.875, 1.9698219760038897e-24, nan 
7.875, 88.875, 1.6933154065681715e-24, nan 
8.125, 88.875, 1.6224714230065415e-24, nan 
8.375, 88.875, 1.6477927716576785e-24, nan 
8.625, 88.875, 1.7374936767382783e-24, nan 
8.875, 88.875, 1.6744477844672978e-24, nan 
9.125, 88.875, 1.715319605661138e-24, nan 
9.375, 88.875, 1.6192702774747727e-24, nan 
9.625, 88.875, 1.6500109891055269e-24, nan 
9.875, 88.875, 1.694107532041859e-24, nan 
10.125, 88.875, 1.5770536337476255e-24, nan 
10.375, 88.875, 1.5866135733505315e-24, nan 
10.625, 88.875, 1.5976053781938771e-24, nan 
10.875, 88.875, 1.5656904595211334e-24, nan 
11.125, 88.875, 1.6209583853946764e-24, nan 
11.375, 88.875, 1.6791345312066698e-24, nan 
11.625, 88.875, 1.7114316103526117e-24, nan 
11.875, 88.875, 1.7132788645232125e-24, nan 
12.125, 88.875, 1.726475801191019e-24, nan 
12.375, 88.875, 1.8637490974561146e-24, nan 
12.625, 88.875, 1.8689443468695856e-24, nan 
12.875, 88.875, 1.3775489331710026e-24, nan 
13.125, 88.875, 1.854216670165265e-24, nan 
13.375, 88.875, 1.9685936315820845e-24, nan 
13.625, 88.875, 4.664712153736924e-24, nan 
13.875, 88.875, 2.0353006352558914e-24, nan 
14.125, 88.875, 2.0347764326982165e-24, nan 
14.375, 88.875, 2.059793487383731e-24, nan 
14.625, 88.875, 2.0592107390333143e-24, nan 
14.875, 88.875, 2.1089775798615092e-24, nan 
15.125, 88.875, 2.0881690969899462e-24, nan 
15.375, 88.875, 2.1318823657715708e-24, nan 
15.625, 88.875, 2.231012430630505e-24, nan 
15.875, 88.875, 2.1971234809204695e-24, nan 
16.125, 88.875, 2.101137473200384e-24, nan 
16.375, 88.875, 2.5070801581844035e-24, nan 
16.625, 88.875, 2.1161157726221176e-24, nan 
16.875, 88.875, 1.9009996425454017e-24, nan 
17.125, 88.875, 1.6837411938477572e-24, nan 
17.375, 88.875, 2.114821446266971e-24, nan 
17.625, 88.875, 2.31216023053168e-24, nan 
17.875, 88.875, 2.9567319157735512e-24, nan 
18.125, 88.875, 2.3125800088836546e-24, nan 
18.375, 88.875, 2.7127150269405567e-24, nan 
18.625, 88.875, 2.3591594903882124e-24, nan 
18.875, 88.875, 2.3503609074343908e-24, nan 
19.125, 88.875, 2.6857506143183462e-24, nan 
19.375, 88.875, 1.657738326592331e-24, nan 
19.625, 88.875, 2.114970403547713e-24, nan 
19.875, 88.875, 2.3535966749473665e-24, nan 
20.125, 88.875, 2.0458290210766086e-24, nan 
20.375, 88.875, 2.271015714672163e-24, nan 
20.625, 88.875, 2.0674540231574524e-24, nan 
20.875, 88.875, 2.0796413168723984e-24, nan 
21.125, 88.875, 2.1354233757947528e-24, nan 
21.375, 88.875, 2.21771045747516e-24, nan 
21.625, 88.875, 1.9525135736743214e-24, nan 
21.875, 88.875, 2.7306336725537026e-24, nan 
22.125, 88.875, 2.619857535439925e-24, nan 
22.375, 88.875, 2.879534733639764e-24, nan 
22.625, 88.875, 3.0822224677557697e-24, nan 
22.875, 88.875, 3.909692062956224e-24, nan 
23.125, 88.875, 3.0169334174591293e-24, nan 
23.375, 88.875, 3.393257412142606e-24, nan 
23.625, 88.875, 3.8458029500697125e-24, nan 
23.875, 88.875, 3.899038045765811e-24, nan 
24.125, 88.875, 3.898518204962013e-24, nan 
24.375, 88.875, 3.549537328894356e-24, nan 
24.625, 88.875, 1.807052657662014e-24, nan 
24.875, 88.875, 2.7701759200031877e-24, nan 
25.125, 88.875, 2.492416030934183e-24, nan 
25.375, 88.875, 3.038981457578324e-24, nan 
25.625, 88.875, 3.3548274681090794e-24, nan 
25.875, 88.875, 3.0724495403255003e-24, nan 
26.125, 88.875, 2.788849853650609e-24, nan 
26.375, 88.875, 3.810187190664706e-24, nan 
26.625, 88.875, 3.0322444058332397e-24, nan 
26.875, 88.875, 3.0062421578741244e-24, nan 
27.125, 88.875, 1.216796598145595e-24, nan 
27.375, 88.875, 1.137381071535912e-24, nan 
27.625, 88.875, 8.538134099577467e-25, nan 
27.875, 88.875, 1.982065957543271e-24, nan 
28.125, 88.875, 8.209093221332139e-25, nan 
28.375, 88.875, 8.923973794631142e-25, nan 
28.625, 88.875, 8.865367325393888e-25, nan 
28.875, 88.875, 8.549245362105487e-25, nan 
29.125, 88.875, 9.819416625801832e-25, nan 
29.375, 88.875, 1.166874055306616e-24, nan 
29.625, 88.875, 1.103184789445516e-24, nan 
29.875, 88.875, 1.627893911261229e-24, nan 
30.125, 88.875, 1.885048601441963e-24, nan 
30.375, 88.875, 2.24733815906528e-24, nan 
30.625, 88.875, 2.6670668549517838e-24, nan 
30.875, 88.875, 3.010919500312613e-24, nan 
31.125, 88.875, 3.36068576218423e-24, nan 
31.375, 88.875, 3.721237499386917e-24, nan 
31.625, 88.875, 4.0721757075604566e-24, nan 
31.875, 88.875, 4.192679877284341e-24, nan 
32.125, 88.875, 4.4754511727127475e-24, nan 
32.375, 88.875, 4.49641455324408e-24, nan 
32.625, 88.875, 4.098099170572474e-24, nan 
32.875, 88.875, 3.7943861060289505e-24, nan 
33.125, 88.875, 3.3903097091122315e-24, nan 
33.375, 88.875, 3.0371584653337912e-24, nan 
33.625, 88.875, 2.7363228375468376e-24, nan 
33.875, 88.875, 4.2762818027917155e-24, nan 
34.125, 88.875, 1.4161386190360841e-24, nan 
34.375, 88.875, 1.101184761104337e-24, nan 
34.625, 88.875, 1.1315216450413983e-24, nan 
34.875, 88.875, 1.19339725182985e-24, nan 
35.125, 88.875, 1.0751448606265507e-24, nan 
35.375, 88.875, 1.2221753539959325e-24, nan 
35.625, 88.875, 1.2806116312463463e-24, nan 
35.875, 88.875, 1.2890062734848663e-24, nan 
36.125, 88.875, 4.456283751191188e-24, nan 
36.375, 88.875, 1.402990419431697e-24, nan 
36.625, 88.875, 6.045988561477028e-25, nan 
36.875, 88.875, 1.5571608306103126e-24, nan 
37.125, 88.875, 1.5826006877056493e-24, nan 
37.375, 88.875, 3.0855184912494557e-24, nan 
37.625, 88.875, 1.6694342282239812e-24, nan 
37.875, 88.875, 1.6421160366514937e-24, nan 
38.125, 88.875, 1.7903181376363205e-24, nan 
38.375, 88.875, 1.2387829916192363e-24, nan 
38.625, 88.875, 2.820234737558676e-24, nan 
38.875, 88.875, 5.8279936265775825e-25, nan 
39.125, 88.875, 6.14092792737983e-25, nan 
39.375, 88.875, 1.009421440367225e-24, nan 
39.625, 88.875, 2.660713769764735e-24, nan 
39.875, 88.875, 1.3394729285499129e-24, nan 
40.125, 88.875, 1.1342937011829921e-24, nan 
40.375, 88.875, 1.2250440644796698e-24, nan 
40.625, 88.875, 1.0643625520508287e-24, nan 
40.875, 88.875, 9.357407804217405e-25, nan 
41.125, 88.875, 9.621526121767531e-25, nan 
41.375, 88.875, 9.272069053711727e-25, nan 
41.625, 88.875, 8.797805744644961e-25, nan 
41.875, 88.875, 8.417433939358894e-25, nan 
42.125, 88.875, 7.721140721721417e-25, nan 
42.375, 88.875, 9.42459289983833e-25, nan 
42.625, 88.875, 9.447745027822372e-25, nan 
42.875, 88.875, 8.995646488269587e-25, nan 
43.125, 88.875, 8.741522055426062e-25, nan 
43.375, 88.875, 9.3057266373437e-25, nan 
43.625, 88.875, 9.122187582919285e-25, nan 
43.875, 88.875, 8.873584958977027e-25, nan 
44.125, 88.875, 9.256127820107762e-25, nan 
44.375, 88.875, 9.13077398698388e-25, nan 
44.625, 88.875, 8.77220180998803e-25, nan 
44.875, 88.875, 8.44801651415655e-25, nan 
45.125, 88.875, 9.289330022533602e-25, nan 
45.375, 88.875, 8.753355579327537e-25, nan 
45.625, 88.875, 8.556319883696342e-25, nan 
45.875, 88.875, 8.85135292579606e-25, nan 
46.125, 88.875, 7.960091740724631e-25, nan 
46.375, 88.875, 8.760236449041915e-25, nan 
46.625, 88.875, 8.748552252119565e-25, nan 
46.875, 88.875, 7.061586060376773e-25, nan 
47.125, 88.875, 1.052144797548166e-24, nan 
47.375, 88.875, 8.810468549913232e-25, nan 
47.625, 88.875, 8.077564966702986e-25, nan 
47.875, 88.875, 9.696383791995788e-25, nan 
48.125, 88.875, 7.524566216775808e-25, nan 
48.375, 88.875, 1.0242554726051689e-24, nan 
48.625, 88.875, 1.0586462418764139e-24, nan 
48.875, 88.875, 1.0303362292506532e-24, nan 
49.125, 88.875, 1.040126513593063e-24, nan 
49.375, 88.875, 1.0436843603223598e-24, nan 
49.625, 88.875, 1.0356363528198618e-24, nan 
49.875, 88.875, 1.0704776721219037e-24, nan 
50.125, 88.875, 1.154587114536342e-24, nan 
50.375, 88.875, 1.0433959142720025e-24, nan 
50.625, 88.875, 1.221768473820352e-24, nan 
50.875, 88.875, 1.1389694305950988e-24, nan 
51.125, 88.875, 1.0650112830469899e-24, nan 
51.375, 88.875, 1.0054528945058003e-24, nan 
51.625, 88.875, 1.02410527672442e-24, nan 
51.875, 88.875, 1.0649507484622777e-24, nan 
52.125, 88.875, 1.0576688832525413e-24, nan 
52.375, 88.875, 1.105308255354407e-24, nan 
52.625, 88.875, 1.0712408106373385e-24, nan 
52.875, 88.875, 1.1152673386560254e-24, nan 
53.125, 88.875, 1.0572904695234339e-24, nan 
53.375, 88.875, 1.0879746525038324e-24, nan 
53.625, 88.875, 1.0869691696619337e-24, nan 
53.875, 88.875, 1.0827060544632938e-24, nan 
54.125, 88.875, 1.1004277499302941e-24, nan 
54.375, 88.875, 1.0950076428219683e-24, nan 
54.625, 88.875, 1.0412006636000038e-24, nan 
54.875, 88.875, 1.0417153399245583e-24, nan 
55.125, 88.875, 1.1843059415769064e-24, nan 
55.375, 88.875, 1.1257617947627524e-24, nan 
55.625, 88.875, 1.1306112477007861e-24, nan 
55.875, 88.875, 1.1419269255797781e-24, nan 
56.125, 88.875, 1.0995793722881793e-24, nan 
56.375, 88.875, 1.1051831647042268e-24, nan 
56.625, 88.875, 1.0624693601561842e-24, nan 
56.875, 88.875, 1.0659095434522943e-24, nan 
57.125, 88.875, 1.0455166049448438e-24, nan 
57.375, 88.875, 1.0255966329626419e-24, nan 
57.625, 88.875, 9.635151085631756e-25, nan 
57.875, 88.875, 8.998699950021921e-25, nan 
58.125, 88.875, 8.533503993165943e-25, nan 
58.375, 88.875, 7.469954315124602e-25, nan 
58.625, 88.875, 8.860886047581104e-25, nan 
58.875, 88.875, 8.255207900441709e-25, nan 
59.125, 88.875, 8.1751524829005515e-25, nan 
59.375, 88.875, 8.934344315197435e-25, nan 
59.625, 88.875, 8.660612435444892e-25, nan 
59.875, 88.875, 8.250812371610129e-25, nan 
60.125, 88.875, 8.647272639495901e-25, nan 
60.375, 88.875, 8.489315238795237e-25, nan 
60.625, 88.875, 9.026068185229988e-25, nan 
60.875, 88.875, 8.225108465252544e-25, nan 
61.125, 88.875, 8.375058794969308e-25, nan 
61.375, 88.875, 8.340170460267277e-25, nan 
61.625, 88.875, 8.170245338273126e-25, nan 
61.875, 88.875, 8.757241867989566e-25, nan 
62.125, 88.875, 8.094414702255452e-25, nan 
62.375, 88.875, 7.009957083198891e-25, nan 
62.625, 88.875, 6.566778278052405e-25, nan 
62.875, 88.875, 6.374847506937143e-25, nan 
63.125, 88.875, 6.457763347940564e-25, nan 
63.375, 88.875, 7.071344398948684e-25, nan 
63.625, 88.875, 7.395388598145623e-25, nan 
63.875, 88.875, 7.118344596870512e-25, nan 
64.125, 88.875, 7.54363991380268e-25, nan 
64.375, 88.875, 6.877169544974435e-25, nan 
64.625, 88.875, 6.091411078115083e-25, nan 
64.875, 88.875, 6.395531735946682e-25, nan 
65.125, 88.875, 5.33222465485873e-25, nan 
65.375, 88.875, 5.26254513072506e-25, nan 
65.625, 88.875, 6.195579727057754e-25, nan 
65.875, 88.875, 6.231925652928105e-25, nan 
66.125, 88.875, 6.606186652734256e-25, nan 
66.375, 88.875, 5.8572196519919345e-25, nan 
66.625, 88.875, 6.253769814516745e-25, nan 
66.875, 88.875, 5.813175629092566e-25, nan 
67.125, 88.875, 5.9169014958664735e-25, nan 
67.375, 88.875, 5.309575617702323e-25, nan 
67.625, 88.875, 6.282849519281125e-25, nan 
67.875, 88.875, 5.606469170690034e-25, nan 
68.125, 88.875, 5.808948932345855e-25, nan 
68.375, 88.875, 6.161769504533043e-25, nan 
68.625, 88.875, 5.812756993495124e-25, nan 
68.875, 88.875, 4.983777028608891e-25, nan 
69.125, 88.875, 6.0371700230815e-25, nan 
69.375, 88.875, 5.315506135579629e-25, nan 
69.625, 88.875, 6.077084780409972e-25, nan 
69.875, 88.875, 6.112484660397672e-25, nan 
70.125, 88.875, 5.51116182501544e-25, nan 
70.375, 88.875, 5.9531114018006045e-25, nan 
70.625, 88.875, 5.79888641766043e-25, nan 
70.875, 88.875, 5.192818384682112e-25, nan 
71.125, 88.875, 6.526784247215179e-25, nan 
71.375, 88.875, 5.8454919659517865e-25, nan 
71.625, 88.875, 5.057305692106203e-25, nan 
71.875, 88.875, 6.053442509966662e-25, nan 
72.125, 88.875, 8.756979242614618e-25, nan 
72.375, 88.875, 9.066712466501506e-25, nan 
72.625, 88.875, 7.961599752654269e-25, nan 
72.875, 88.875, 6.248125550213674e-25, nan 
73.125, 88.875, 6.1608552995372125e-25, nan 
73.375, 88.875, 6.275496790767105e-25, nan 
73.625, 88.875, 6.323482519829678e-25, nan 
73.875, 88.875, 6.450976194474612e-25, nan 
74.125, 88.875, 6.307473698662293e-25, nan 
74.375, 88.875, 6.98325332501638e-25, nan 
74.625, 88.875, 5.840397454078688e-25, nan 
74.875, 88.875, 6.226580410967676e-25, nan 
75.125, 88.875, 6.206406518370137e-25, nan 
75.375, 88.875, 6.133006687278711e-25, nan 
75.625, 88.875, 6.056925634164631e-25, nan 
75.875, 88.875, 8.201081540796676e-25, nan 
76.125, 88.875, 7.125383649845385e-25, nan 
76.375, 88.875, 5.722791978835319e-25, nan 
76.625, 88.875, 5.7731716626192155e-25, nan 
76.875, 88.875, 7.955771744013935e-25, nan 
77.125, 88.875, 9.821658791173743e-25, nan 
77.375, 88.875, 9.213671746551768e-25, nan 
77.625, 88.875, 1.0213810733601029e-24, nan 
77.875, 88.875, 1.043797967615735e-24, nan 
78.125, 88.875, 1.0789356143244086e-24, nan 
78.375, 88.875, 1.0477080853070954e-24, nan 
78.625, 88.875, 8.435624393750317e-25, nan 
78.875, 88.875, 9.524543289472997e-25, nan 
79.125, 88.875, 1.0463381737272096e-24, nan 
79.375, 88.875, 1.0098580331146089e-24, nan 
79.625, 88.875, 9.405708395511612e-25, nan 
79.875, 88.875, 9.746394945975108e-25, nan 
80.125, 88.875, 1.0471026512333535e-24, nan 
80.375, 88.875, 1.0672952441769265e-24, nan 
80.625, 88.875, 1.0515268909538895e-24, nan 
80.875, 88.875, 1.1445647717626059e-24, nan 
81.125, 88.875, 1.1671133533113722e-24, nan 
81.375, 88.875, 1.258343858900809e-24, nan 
81.625, 88.875, 1.1751088469058638e-24, nan 
81.875, 88.875, 1.3060216244773271e-24, nan 
82.125, 88.875, 1.2553527980972255e-24, nan 
82.375, 88.875, 1.2194678945998967e-24, nan 
82.625, 88.875, 1.2508796549075136e-24, nan 
82.875, 88.875, 1.1669373765576971e-24, nan 
83.125, 88.875, 1.4091649103336449e-24, nan 
83.375, 88.875, 1.4373729216327062e-24, nan 
83.625, 88.875, 1.4085157446698576e-24, nan 
83.875, 88.875, 1.4757849838046566e-24, nan 
84.125, 88.875, 1.4367906916831576e-24, nan 
84.375, 88.875, 1.571538323186796e-24, nan 
84.625, 88.875, 1.5111490486022628e-24, nan 
84.875, 88.875, 1.6956097373568493e-24, nan 
85.125, 88.875, 1.5513044594876353e-24, nan 
85.375, 88.875, 1.667090999960122e-24, nan 
85.625, 88.875, 1.5642099764141168e-24, nan 
85.875, 88.875, 1.5651557482635065e-24, nan 
86.125, 88.875, 1.64862257184457e-24, nan 
86.375, 88.875, 1.663465647399503e-24, nan 
86.625, 88.875, 1.3172438593781084e-24, nan 
86.875, 88.875, 1.448735342976508e-24, nan 
87.125, 88.875, 1.407810453415325e-24, nan 
87.375, 88.875, 1.3993478453024684e-24, nan 
87.625, 88.875, 1.4301163497826199e-24, nan 
87.875, 88.875, 1.5201596998840217e-24, nan 
88.125, 88.875, 1.4961925565692355e-24, nan 
88.375, 88.875, 1.5869931945569863e-24, nan 
88.625, 88.875, 1.4746043297725187e-24, nan 
88.875, 88.875, 1.3904333938160365e-24, nan 
89.125, 88.875, 1.7082428433738768e-24, nan 
89.375, 88.875, 1.5024012333698458e-24, nan 
89.625, 88.875, 1.5477707015666568e-24, nan 
89.875, 88.875, 1.5100715558233279e-24, nan 
90.125, 88.875, 1.4944058609203984e-24, nan 
90.375, 88.875, 1.5855752888125954e-24, nan 
90.625, 88.875, 1.5709214002667923e-24, nan 
90.875, 88.875, 1.640991958291159e-24, nan 
91.125, 88.875, 1.6463422901059634e-24, nan 
91.375, 88.875, 1.6936739284099647e-24, nan 
91.625, 88.875, 1.6909269652327923e-24, nan 
91.875, 88.875, 1.6831433782222365e-24, nan 
92.125, 88.875, 1.553570950894371e-24, nan 
92.375, 88.875, 1.5203065067992374e-24, nan 
92.625, 88.875, 1.4653475844928328e-24, nan 
92.875, 88.875, 1.4233664896569359e-24, nan 
93.125, 88.875, 1.4428962506770507e-24, nan 
93.375, 88.875, 1.4000455905560822e-24, nan 
93.625, 88.875, 1.420919984220826e-24, nan 
93.875, 88.875, 1.390416081913379e-24, nan 
94.125, 88.875, 1.395763717962827e-24, nan 
94.375, 88.875, 1.3496924167160477e-24, nan 
94.625, 88.875, 1.4070261710775557e-24, nan 
94.875, 88.875, 1.3788275358235997e-24, nan 
95.125, 88.875, 1.3366751679762422e-24, nan 
95.375, 88.875, 1.4034227446959067e-24, nan 
95.625, 88.875, 1.424837488245046e-24, nan 
95.875, 88.875, 1.4947516416531658e-24, nan 
96.125, 88.875, 1.576406394072663e-24, nan 
96.375, 88.875, 1.6405986033229136e-24, nan 
96.625, 88.875, 1.7520819003947427e-24, nan 
96.875, 88.875, 1.430880318079188e-24, nan 
97.125, 88.875, 1.5207882755291253e-24, nan 
97.375, 88.875, 1.4695667630762866e-24, nan 
97.625, 88.875, 1.5864371198715958e-24, nan 
97.875, 88.875, 1.4919055508652907e-24, nan 
98.125, 88.875, 1.5451248855247938e-24, nan 
98.375, 88.875, 1.5060569779814066e-24, nan 
98.625, 88.875, 1.546193957003938e-24, nan 
98.875, 88.875, 1.5646494938184107e-24, nan 
99.125, 88.875, 1.5782730984974177e-24, nan 
99.375, 88.875, 1.5094929462603348e-24, nan 
99.625, 88.875, 1.6171246130724924e-24, nan 
99.875, 88.875, 1.5525931059790521e-24, nan 
100.125, 88.875, 1.427207077087274e-24, nan 
100.375, 88.875, 1.3969542424885835e-24, nan 
100.625, 88.875, 1.4518750813748569e-24, nan 
100.875, 88.875, 1.2987977064659866e-24, nan 
101.125, 88.875, 1.3632788138215575e-24, nan 
101.375, 88.875, 1.0480810784178284e-24, nan 
101.625, 88.875, 1.0756065266684186e-24, nan 
101.875, 88.875, 1.497790856306114e-24, nan 
102.125, 88.875, 1.2286620855639925e-24, nan 
102.375, 88.875, 1.1512871525084731e-24, nan 
102.625, 88.875, 9.625282638115824e-25, nan 
102.875, 88.875, 1.2077797554659831e-24, nan 
103.125, 88.875, 1.0133749450163242e-24, nan 
103.375, 88.875, 1.0765559480348262e-24, nan 
103.625, 88.875, 9.678171716768557e-25, nan 
103.875, 88.875, 9.491732195487954e-25, nan 
104.125, 88.875, 1.357616634095075e-24, nan 
104.375, 88.875, 1.107481102008448e-24, nan 
104.625, 88.875, 1.089148023932409e-24, nan 
104.875, 88.875, 1.1425040229730419e-24, nan 
105.125, 88.875, 1.2116089070435579e-24, nan 
105.375, 88.875, 1.0669259470245774e-24, nan 
105.625, 88.875, 1.117076000742057e-24, nan 
105.875, 88.875, 1.1869092718328667e-24, nan 
106.125, 88.875, 1.084430944424341e-24, nan 
106.375, 88.875, 1.405024131584779e-24, nan 
106.625, 88.875, 1.2398107571439375e-24, nan 
106.875, 88.875, 1.2106610583020835e-24, nan 
107.125, 88.875, 1.326295850144686e-24, nan 
107.375, 88.875, 1.1154291487276421e-24, nan 
107.625, 88.875, 1.016649511683126e-24, nan 
107.875, 88.875, 1.3795101458352353e-24, nan 
108.125, 88.875, 1.6448678736493238e-24, nan 
108.375, 88.875, 1.677710445432373e-24, nan 
108.625, 88.875, 1.6057129680204545e-24, nan 
108.875, 88.875, 1.527006253113259e-24, nan 
109.125, 88.875, 1.5205479909303319e-24, nan 
109.375, 88.875, 1.432849473991677e-24, nan 
109.625, 88.875, 1.5458997027981925e-24, nan 
109.875, 88.875, 1.4972154512080153e-24, nan 
110.125, 88.875, 1.5949186212340385e-24, nan 
110.375, 88.875, 1.502672056779735e-24, nan 
110.625, 88.875, 1.6105638427517836e-24, nan 
110.875, 88.875, 1.6129500850760624e-24, nan 
111.125, 88.875, 1.6694784989959127e-24, nan 
111.375, 88.875, 1.579827540502191e-24, nan 
111.625, 88.875, 2.063239250395979e-24, nan 
111.875, 88.875, 1.39369684806665e-24, nan 
112.125, 88.875, 1.853238436359884e-24, nan 
112.375, 88.875, 2.0379576631047817e-24, nan 
112.625, 88.875, 2.1834751950052048e-24, nan 
112.875, 88.875, 2.1713554742417136e-24, nan 
113.125, 88.875, 2.0449212268413268e-24, nan 
113.375, 88.875, 1.9951289910987155e-24, nan 
113.625, 88.875, 1.754389993685332e-24, nan 
113.875, 88.875, 1.855884216615493e-24, nan 
114.125, 88.875, 2.4014201432586535e-24, nan 
114.375, 88.875, 1.9620911002787023e-24, nan 
114.625, 88.875, 1.705764926996006e-24, nan 
114.875, 88.875, 1.742956563614409e-24, nan 
115.125, 88.875, 1.7627969701362826e-24, nan 
115.375, 88.875, 2.3529210079112175e-24, nan 
115.625, 88.875, 2.6186868817610333e-24, nan 
115.875, 88.875, 2.2019621724552668e-24, nan 
116.125, 88.875, 1.9989701296992433e-24, nan 
116.375, 88.875, 1.888266917050461e-24, nan 
116.625, 88.875, 1.841381876393086e-24, nan 
116.875, 88.875, 1.877131715226138e-24, nan 
117.125, 88.875, 1.6520485020297578e-24, nan 
117.375, 88.875, 1.7632239673028788e-24, nan 
117.625, 88.875, 1.651898050900092e-24, nan 
117.875, 88.875, 1.4503516902774545e-24, nan 
118.125, 88.875, 1.5613000262817178e-24, nan 
118.375, 88.875, 1.3431390619560454e-24, nan 
118.625, 88.875, 1.3583019934545856e-24, nan 
118.875, 88.875, 1.4597343330460494e-24, nan 
119.125, 88.875, 1.3988134926370807e-24, nan 
119.375, 88.875, 1.435832884133727e-24, nan 
119.625, 88.875, 1.8059238145417934e-24, nan 
119.875, 88.875, 1.6228087398411965e-24, nan 
120.125, 88.875, 1.6511088428929127e-24, nan 
120.375, 88.875, 1.7640137254748672e-24, nan 
120.625, 88.875, 1.9221025805408527e-24, nan 
120.875, 88.875, 1.828819036288721e-24, nan 
121.125, 88.875, 1.888772700472514e-24, nan 
121.375, 88.875, 2.027119101162351e-24, nan 
121.625, 88.875, 1.8655673488133463e-24, nan 
121.875, 88.875, 1.8874535942396348e-24, nan 
122.125, 88.875, 1.741801046126801e-24, nan 
122.375, 88.875, 1.8439856025813948e-24, nan 
122.625, 88.875, 1.716492190609397e-24, nan 
122.875, 88.875, 1.6391032581823953e-24, nan 
123.125, 88.875, 1.661350549245453e-24, nan 
123.375, 88.875, 1.708136830366017e-24, nan 
123.625, 88.875, 1.6361581115456772e-24, nan 
123.875, 88.875, 1.794028530292932e-24, nan 
124.125, 88.875, 1.8090599610093202e-24, nan 
124.375, 88.875, 1.9293882194688504e-24, nan 
124.625, 88.875, 2.0187709773625613e-24, nan 
124.875, 88.875, 1.9656089924333398e-24, nan 
125.125, 88.875, 2.1788863752747273e-24, nan 
125.375, 88.875, 2.1857149136441354e-24, nan 
125.625, 88.875, 2.1804646900282594e-24, nan 
125.875, 88.875, 2.0606572605409774e-24, nan 
126.125, 88.875, 1.9505948853003035e-24, nan 
126.375, 88.875, 2.195953917827607e-24, nan 
126.625, 88.875, 1.948790804967833e-24, nan 
126.875, 88.875, 2.4440536693672876e-24, nan 
127.125, 88.875, 2.028012185494028e-24, nan 
127.375, 88.875, 2.1153748652231142e-24, nan 
127.625, 88.875, 2.090126399573786e-24, nan 
127.875, 88.875, 2.10970433066705e-24, nan 
128.125, 88.875, 2.5018612133880768e-24, nan 
128.375, 88.875, 2.8209485558831216e-24, nan 
128.625, 88.875, 2.12526001780526e-24, nan 
128.875, 88.875, 1.9340566104322017e-24, nan 
129.125, 88.875, 2.072433694349083e-24, nan 
129.375, 88.875, 2.098173559336586e-24, nan 
129.625, 88.875, 2.1838397725948267e-24, nan 
129.875, 88.875, 2.1480964443339715e-24, nan 
130.125, 88.875, 2.1273592432530376e-24, nan 
130.375, 88.875, 2.12764998706062e-24, nan 
130.625, 88.875, 2.0929175823798366e-24, nan 
130.875, 88.875, 2.169249219973904e-24, nan 
131.125, 88.875, 2.146683886128547e-24, nan 
131.375, 88.875, 2.071166980210491e-24, nan 
131.625, 88.875, 2.074347216826174e-24, nan 
131.875, 88.875, 2.109094319381549e-24, nan 
132.125, 88.875, 2.172698011410059e-24, nan 
132.375, 88.875, 1.9876891014092236e-24, nan 
132.625, 88.875, 2.1567428265898223e-24, nan 
132.875, 88.875, 2.1792704259834443e-24, nan 
133.125, 88.875, 1.9132459518618354e-24, nan 
133.375, 88.875, 2.0556058845728667e-24, nan 
133.625, 88.875, 1.9709351699687147e-24, nan 
133.875, 88.875, 2.083658227499947e-24, nan 
134.125, 88.875, 2.0708382965582177e-24, nan 
134.375, 88.875, 2.1201670536810453e-24, nan 
134.625, 88.875, 2.1400820699150995e-24, nan 
134.875, 88.875, 2.146330285622866e-24, nan 
135.125, 88.875, 2.1358045633902347e-24, nan 
135.375, 88.875, 2.0907449525376586e-24, nan 
135.625, 88.875, 2.2064257338662997e-24, nan 
135.875, 88.875, 2.1465172909188906e-24, nan 
136.125, 88.875, 2.1220244124714043e-24, nan 
136.375, 88.875, 2.1072292240405882e-24, nan 
136.625, 88.875, 2.1228469183101884e-24, nan 
136.875, 88.875, 2.2057922633834857e-24, nan 
137.125, 88.875, 2.0571920805935605e-24, nan 
137.375, 88.875, 1.9786246295477844e-24, nan 
137.625, 88.875, 2.3549655686874217e-24, nan 
137.875, 88.875, 2.088890878366808e-24, nan 
138.125, 88.875, 2.1146376256562546e-24, nan 
138.375, 88.875, 2.2136073626545486e-24, nan 
138.625, 88.875, 2.0997341743099513e-24, nan 
138.875, 88.875, 2.1833812902524085e-24, nan 
139.125, 88.875, 2.2447423087904222e-24, nan 
139.375, 88.875, 2.2345986818588632e-24, nan 
139.625, 88.875, 2.2467796565872262e-24, nan 
139.875, 88.875, 2.222873456087404e-24, nan 
140.125, 88.875, 2.2864603339903418e-24, nan 
140.375, 88.875, 2.3280048473367506e-24, nan 
140.625, 88.875, 2.256892502948115e-24, nan 
140.875, 88.875, 2.376417809201299e-24, nan 
141.125, 88.875, 2.3855165798458534e-24, nan 
141.375, 88.875, 2.2552983730815972e-24, nan 
141.625, 88.875, 2.3043224611060934e-24, nan 
141.875, 88.875, 2.396975385595551e-24, nan 
142.125, 88.875, 2.2575404024738736e-24, nan 
142.375, 88.875, 2.3475682012458013e-24, nan 
142.625, 88.875, 2.415011381792769e-24, nan 
142.875, 88.875, 2.390703329647704e-24, nan 
143.125, 88.875, 2.399662159027073e-24, nan 
143.375, 88.875, 2.324900225318268e-24, nan 
143.625, 88.875, 2.2674976795371815e-24, nan 
143.875, 88.875, 2.3881325055578943e-24, nan 
144.125, 88.875, 2.4455440070534876e-24, nan 
144.375, 88.875, 2.34661290847167e-24, nan 
144.625, 88.875, 2.351203272563262e-24, nan 
144.875, 88.875, 2.341746622578353e-24, nan 
145.125, 88.875, 1.7960498640330817e-24, nan 
145.375, 88.875, 2.12410123111231e-24, nan 
145.625, 88.875, 2.3679076238657803e-24, nan 
145.875, 88.875, 2.3599356842076316e-24, nan 
146.125, 88.875, 2.353078211104512e-24, nan 
146.375, 88.875, 2.400420017951989e-24, nan 
146.625, 88.875, 2.4164189308232104e-24, nan 
146.875, 88.875, 2.4504353105330945e-24, nan 
147.125, 88.875, 2.4423645036280923e-24, nan 
147.375, 88.875, 2.3888199081195012e-24, nan 
147.625, 88.875, 2.267667361518218e-24, nan 
147.875, 88.875, 2.251322145808357e-24, nan 
148.125, 88.875, 2.4229482547185714e-24, nan 
148.375, 88.875, 2.039674989928829e-24, nan 
148.625, 88.875, 1.637873836078093e-24, nan 
148.875, 88.875, 1.351209798941036e-24, nan 
149.125, 88.875, 2.251731958664482e-24, nan 
149.375, 88.875, 1.8666437965702116e-24, nan 
149.625, 88.875, 2.217498554964775e-24, nan 
149.875, 88.875, 1.731359121087214e-24, nan 
150.125, 88.875, 1.6525026084716903e-24, nan 
150.375, 88.875, 1.7182105571872436e-24, nan 
150.625, 88.875, 1.556065072282633e-24, nan 
150.875, 88.875, 1.4512611638956284e-24, nan 
151.125, 88.875, 1.4808453903000696e-24, nan 
151.375, 88.875, 1.3787113048840954e-24, nan 
151.625, 88.875, 1.4945992114733424e-24, nan 
151.875, 88.875, 1.4267051319818074e-24, nan 
152.125, 88.875, 1.4717938972744213e-24, nan 
152.375, 88.875, 1.515530638592566e-24, nan 
152.625, 88.875, 1.3453097882502e-24, nan 
152.875, 88.875, 1.5368373909375476e-24, nan 
153.125, 88.875, 1.5207779097056988e-24, nan 
153.375, 88.875, 1.5046960987622708e-24, nan 
153.625, 88.875, 1.6399428373610833e-24, nan 
153.875, 88.875, 2.3597425069862527e-24, nan 
154.125, 88.875, 2.4021148624460113e-24, nan 
154.375, 88.875, 1.572909841014901e-24, nan 
154.625, 88.875, 1.731533249705085e-24, nan 
154.875, 88.875, 1.8828873365241596e-24, nan 
155.125, 88.875, 1.669346585013385e-24, nan 
155.375, 88.875, 1.675728784491397e-24, nan 
155.625, 88.875, 1.6844050649266798e-24, nan 
155.875, 88.875, 2.119308998543125e-24, nan 
156.125, 88.875, 1.6841882236532425e-24, nan 
156.375, 88.875, 2.294758880704219e-24, nan 
156.625, 88.875, 1.7969404166878257e-24, nan 
156.875, 88.875, 2.365964401578618e-24, nan 
157.125, 88.875, 1.932146118087355e-24, nan 
157.375, 88.875, 1.8847559590809846e-24, nan 
157.625, 88.875, 1.9030896046283532e-24, nan 
157.875, 88.875, 1.8024700651632698e-24, nan 
158.125, 88.875, 1.76714170938462e-24, nan 
158.375, 88.875, 1.78396659191972e-24, nan 
158.625, 88.875, 1.8076909631425593e-24, nan 
158.875, 88.875, 1.8222446020498432e-24, nan 
159.125, 88.875, 1.9205140831200076e-24, nan 
159.375, 88.875, 1.952059813057051e-24, nan 
159.625, 88.875, 2.0682150212008694e-24, nan 
159.875, 88.875, 2.0737537081238606e-24, nan 
160.125, 88.875, 2.1693750715264832e-24, nan 
160.375, 88.875, 2.203343038683647e-24, nan 
160.625, 88.875, 2.053761715843023e-24, nan 
160.875, 88.875, 2.158770548975304e-24, nan 
161.125, 88.875, 2.250924754604688e-24, nan 
161.375, 88.875, 2.2894491472520206e-24, nan 
161.625, 88.875, 2.0646975618247497e-24, nan 
161.875, 88.875, 2.3012278741035584e-24, nan 
162.125, 88.875, 2.0224694346472026e-24, nan 
162.375, 88.875, 2.288676881220967e-24, nan 
162.625, 88.875, 2.274994724171231e-24, nan 
162.875, 88.875, 2.1076991697786196e-24, nan 
163.125, 88.875, 2.301363957858643e-24, nan 
163.375, 88.875, 2.2911719248947473e-24, nan 
163.625, 88.875, 2.2457100564396113e-24, nan 
163.875, 88.875, 2.407785577745703e-24, nan 
164.125, 88.875, 2.3023581619000595e-24, nan 
164.375, 88.875, 2.387911006603956e-24, nan 
164.625, 88.875, 2.55926172691358e-24, nan 
164.875, 88.875, 2.6130166871812153e-24, nan 
165.125, 88.875, 2.503089238312281e-24, nan 
165.375, 88.875, 2.2906774403434365e-24, nan 
165.625, 88.875, 2.5911716538173407e-24, nan 
165.875, 88.875, 2.509803244574714e-24, nan 
166.125, 88.875, 2.5505202932298228e-24, nan 
166.375, 88.875, 2.439132060937963e-24, nan 
166.625, 88.875, 2.576127812704306e-24, nan 
166.875, 88.875, 2.6848874976760244e-24, nan 
167.125, 88.875, 2.6448604880099572e-24, nan 
167.375, 88.875, 2.0731155287090282e-24, nan 
167.625, 88.875, 2.302741768197162e-24, nan 
167.875, 88.875, 2.2487778275501025e-24, nan 
168.125, 88.875, 2.2521894617948127e-24, nan 
168.375, 88.875, 2.1314872889799144e-24, nan 
168.625, 88.875, 2.0951028981934467e-24, nan 
168.875, 88.875, 2.144513357079981e-24, nan 
169.125, 88.875, 2.2362496461254984e-24, nan 
169.375, 88.875, 2.164305736748533e-24, nan 
169.625, 88.875, 2.0872678785344176e-24, nan 
169.875, 88.875, 2.0886302158127795e-24, nan 
170.125, 88.875, 2.0460241091919132e-24, nan 
170.375, 88.875, 2.055484991190911e-24, nan 
170.625, 88.875, 2.056442468334763e-24, nan 
170.875, 88.875, 2.0359672495243533e-24, nan 
171.125, 88.875, 2.0268725568748444e-24, nan 
171.375, 88.875, 2.3750192822800048e-24, nan 
171.625, 88.875, 2.42777142345972e-24, nan 
171.875, 88.875, 2.1693000725061892e-24, nan 
172.125, 88.875, 1.960776767900215e-24, nan 
172.375, 88.875, 1.987243858377486e-24, nan 
172.625, 88.875, 1.904675600109504e-24, nan 
172.875, 88.875, 1.7630738876897413e-24, nan 
173.125, 88.875, 1.63920990843804e-24, nan 
173.375, 88.875, 1.7625566646330735e-24, nan 
173.625, 88.875, 1.8454240635552813e-24, nan 
173.875, 88.875, 2.0941591583440557e-24, nan 
174.125, 88.875, 2.1769690799427407e-24, nan 
174.375, 88.875, 2.190926092983116e-24, nan 
174.625, 88.875, 2.1507757279623657e-24, nan 
174.875, 88.875, 2.0978220584221766e-24, nan 
175.125, 88.875, 2.1305451363453e-24, nan 
175.375, 88.875, 2.062021016183391e-24, nan 
175.625, 88.875, 2.0679128246289408e-24, nan 
175.875, 88.875, 2.1072786831020844e-24, nan 
176.125, 88.875, 2.274323798672597e-24, nan 
176.375, 88.875, 2.094328157282768e-24, nan 
176.625, 88.875, 2.1386606253489515e-24, nan 
176.875, 88.875, 2.12235807520274e-24, nan 
177.125, 88.875, 2.1930251163098544e-24, nan 
177.375, 88.875, 2.0416112802082742e-24, nan 
177.625, 88.875, 2.2974062766635094e-24, nan 
177.875, 88.875, 2.0442254433908523e-24, nan 
178.125, 88.875, 2.1304907967483013e-24, nan 
178.375, 88.875, 2.1078368849673026e-24, nan 
178.625, 88.875, 1.9529077180157182e-24, nan 
178.875, 88.875, 1.8540253754950476e-24, nan 
179.125, 88.875, 1.795390244324994e-24, nan 
179.375, 88.875, 1.8167984539201024e-24, nan 
179.625, 88.875, 1.8903500576390015e-24, nan 
179.875, 88.875, 1.9853535933042278e-24, nan 
-179.875, 89.125, 5.37672336850495e-24, nan 
-179.625, 89.125, 5.394352084983544e-24, nan 
-179.375, 89.125, 3.183668443362247e-24, nan 
-179.125, 89.125, 2.49557202015569e-24, nan 
-178.875, 89.125, 2.4523577984867037e-24, nan 
-178.625, 89.125, 2.3219115621142324e-24, nan 
-178.375, 89.125, 2.2360506663008698e-24, nan 
-178.125, 89.125, 2.404966236423131e-24, nan 
-177.875, 89.125, 2.314266308659441e-24, nan 
-177.625, 89.125, 2.414240168011029e-24, nan 
-177.375, 89.125, 2.2637251942351316e-24, nan 
-177.125, 89.125, 2.46569996694624e-24, nan 
-176.875, 89.125, 2.4698514733916087e-24, nan 
-176.625, 89.125, 2.5191400918154707e-24, nan 
-176.375, 89.125, 2.4400280863054832e-24, nan 
-176.125, 89.125, 2.4994397128616715e-24, nan 
-175.875, 89.125, 2.647678017449074e-24, nan 
-175.625, 89.125, 2.558063171287287e-24, nan 
-175.375, 89.125, 3.0693388188079483e-24, nan 
-175.125, 89.125, 2.5596462645051667e-24, nan 
-174.875, 89.125, 2.4392735260468917e-24, nan 
-174.625, 89.125, 2.5504937247865677e-24, nan 
-174.375, 89.125, 2.6243279965553766e-24, nan 
-174.125, 89.125, 2.7342417126047538e-24, nan 
-173.875, 89.125, 2.7489231257047187e-24, nan 
-173.625, 89.125, 3.577192854243302e-24, nan 
-173.375, 89.125, 3.609217014360959e-24, nan 
-173.125, 89.125, 2.9784641257531046e-24, nan 
-172.875, 89.125, 3.536876144246809e-24, nan 
-172.625, 89.125, 3.5605293702902175e-24, nan 
-172.375, 89.125, 3.350566848141532e-24, nan 
-172.125, 89.125, 3.31384617230256e-24, nan 
-171.875, 89.125, 3.3199144840032955e-24, nan 
-171.625, 89.125, 3.3323642152481716e-24, nan 
-171.375, 89.125, 2.753404285054729e-24, nan 
-171.125, 89.125, 3.199401853397935e-24, nan 
-170.875, 89.125, 3.1980131620652385e-24, nan 
-170.625, 89.125, 2.805594284246113e-24, nan 
-170.375, 89.125, 2.847821103000731e-24, nan 
-170.125, 89.125, 2.8189949427469124e-24, nan 
-169.875, 89.125, 2.9116585187297115e-24, nan 
-169.625, 89.125, 2.7713884343451625e-24, nan 
-169.375, 89.125, 2.4002922668187062e-24, nan 
-169.125, 89.125, 2.262960673945487e-24, nan 
-168.875, 89.125, 2.291512966485264e-24, nan 
-168.625, 89.125, 2.2130098663482685e-24, nan 
-168.375, 89.125, 2.1457022380335634e-24, nan 
-168.125, 89.125, 2.1005062690073664e-24, nan 
-167.875, 89.125, 2.0324891185978642e-24, nan 
-167.625, 89.125, 1.9071291045028416e-24, nan 
-167.375, 89.125, 1.9699607133227763e-24, nan 
-167.125, 89.125, 1.9543512758864597e-24, nan 
-166.875, 89.125, 2.0165192803729413e-24, nan 
-166.625, 89.125, 2.0070108418866815e-24, nan 
-166.375, 89.125, 1.9819019627284745e-24, nan 
-166.125, 89.125, 1.93907242908019e-24, nan 
-165.875, 89.125, 1.9443310749420427e-24, nan 
-165.625, 89.125, 2.343462135849278e-24, nan 
-165.375, 89.125, 2.2667612234378912e-24, nan 
-165.125, 89.125, 1.9789441145458717e-24, nan 
-164.875, 89.125, 2.0701812247058223e-24, nan 
-164.625, 89.125, 2.904115372590427e-24, nan 
-164.375, 89.125, 2.673620745604724e-24, nan 
-164.125, 89.125, 2.7573675493174738e-24, nan 
-163.875, 89.125, 2.8034056126567677e-24, nan 
-163.625, 89.125, 2.932379491263118e-24, nan 
-163.375, 89.125, 3.0007282757420217e-24, nan 
-163.125, 89.125, 1.75935089327663e-24, nan 
-162.875, 89.125, 1.5437750255128682e-24, nan 
-162.625, 89.125, 1.3329733090005466e-24, nan 
-162.375, 89.125, 1.3711136398224518e-24, nan 
-162.125, 89.125, 1.3172899391110112e-24, nan 
-161.875, 89.125, 1.355207247815799e-24, nan 
-161.625, 89.125, 1.3598811970516283e-24, nan 
-161.375, 89.125, 1.3766155718028991e-24, nan 
-161.125, 89.125, 1.3918121388651748e-24, nan 
-160.875, 89.125, 1.3915631374654554e-24, nan 
-160.625, 89.125, 1.4550126998078482e-24, nan 
-160.375, 89.125, 1.4594888437376737e-24, nan 
-160.125, 89.125, 1.456509818681029e-24, nan 
-159.875, 89.125, 1.5181218044826807e-24, nan 
-159.625, 89.125, 1.3471928730337108e-24, nan 
-159.375, 89.125, 1.440515162815102e-24, nan 
-159.125, 89.125, 1.5245528972612459e-24, nan 
-158.875, 89.125, 1.4427385028032477e-24, nan 
-158.625, 89.125, 1.3115099353100555e-24, nan 
-158.375, 89.125, 1.5605735746833411e-24, nan 
-158.125, 89.125, 1.5874133913890323e-24, nan 
-157.875, 89.125, 1.6291446696168555e-24, nan 
-157.625, 89.125, 1.5979897251121703e-24, nan 
-157.375, 89.125, 1.7307628432957463e-24, nan 
-157.125, 89.125, 1.7573396674033656e-24, nan 
-156.875, 89.125, 1.5331330151302697e-24, nan 
-156.625, 89.125, 1.6951450182833736e-24, nan 
-156.375, 89.125, 1.6965127162663068e-24, nan 
-156.125, 89.125, 1.4705101249599259e-24, nan 
-155.875, 89.125, 1.704331074921917e-24, nan 
-155.625, 89.125, 1.6438910889097915e-24, nan 
-155.375, 89.125, 1.6501047915069526e-24, nan 
-155.125, 89.125, 1.4975290109432325e-24, nan 
-154.875, 89.125, 1.7320967548007997e-24, nan 
-154.625, 89.125, 1.6411029474847823e-24, nan 
-154.375, 89.125, 1.6382545218102422e-24, nan 
-154.125, 89.125, 1.658633582145569e-24, nan 
-153.875, 89.125, 1.719047400141258e-24, nan 
-153.625, 89.125, 1.680657459913576e-24, nan 
-153.375, 89.125, 1.7613506805080072e-24, nan 
-153.125, 89.125, 1.737532355930408e-24, nan 
-152.875, 89.125, 1.8445860207336245e-24, nan 
-152.625, 89.125, 1.6410776504490299e-24, nan 
-152.375, 89.125, 1.678758426146935e-24, nan 
-152.125, 89.125, 1.52798885437291e-24, nan 
-151.875, 89.125, 1.5485169729949462e-24, nan 
-151.625, 89.125, 1.8156106823506303e-24, nan 
-151.375, 89.125, 1.675971431162899e-24, nan 
-151.125, 89.125, 1.7820966131006993e-24, nan 
-150.875, 89.125, 1.7580540407815977e-24, nan 
-150.625, 89.125, 1.7354034131282985e-24, nan 
-150.375, 89.125, 1.6961523583442245e-24, nan 
-150.125, 89.125, 1.5301978719878322e-24, nan 
-149.875, 89.125, 1.5063607786169741e-24, nan 
-149.625, 89.125, 1.3395441309028187e-24, nan 
-149.375, 89.125, 1.1559656302921611e-24, nan 
-149.125, 89.125, 1.1623277074316386e-24, nan 
-148.875, 89.125, 1.0939855443153918e-24, nan 
-148.625, 89.125, 1.302006805774148e-24, nan 
-148.375, 89.125, 1.7175375439719215e-24, nan 
-148.125, 89.125, 1.1433037500027884e-24, nan 
-147.875, 89.125, 1.105354960496364e-24, nan 
-147.625, 89.125, 1.1285922128319315e-24, nan 
-147.375, 89.125, 1.0967640100011178e-24, nan 
-147.125, 89.125, 1.1036906859317803e-24, nan 
-146.875, 89.125, 1.1089701011726717e-24, nan 
-146.625, 89.125, 9.65925813436441e-25, nan 
-146.375, 89.125, 9.662585122646289e-25, nan 
-146.125, 89.125, 1.1112979673754306e-24, nan 
-145.875, 89.125, 9.26538622413008e-25, nan 
-145.625, 89.125, 1.043710361110827e-24, nan 
-145.375, 89.125, 1.023271464723349e-24, nan 
-145.125, 89.125, 1.1370384479577558e-24, nan 
-144.875, 89.125, 1.1582986527100124e-24, nan 
-144.625, 89.125, 1.1605745883598714e-24, nan 
-144.375, 89.125, 1.3471591486285501e-24, nan 
-144.125, 89.125, 1.429753835035744e-24, nan 
-143.875, 89.125, 1.380142211146099e-24, nan 
-143.625, 89.125, 1.4618041924688678e-24, nan 
-143.375, 89.125, 1.3413563041877514e-24, nan 
-143.125, 89.125, 1.5839943546974863e-24, nan 
-142.875, 89.125, 1.5264731909829106e-24, nan 
-142.625, 89.125, 1.545146888697601e-24, nan 
-142.375, 89.125, 1.0931526644966394e-24, nan 
-142.125, 89.125, 1.4409551859838536e-24, nan 
-141.875, 89.125, 1.6492565988037663e-24, nan 
-141.625, 89.125, 1.6753459769078816e-24, nan 
-141.375, 89.125, 1.7839278133042847e-24, nan 
-141.125, 89.125, 1.7488207003987528e-24, nan 
-140.875, 89.125, 1.738230009271644e-24, nan 
-140.625, 89.125, 1.7613918739030774e-24, nan 
-140.375, 89.125, 1.706585883234643e-24, nan 
-140.125, 89.125, 1.8468375564326962e-24, nan 
-139.875, 89.125, 1.4057743700646344e-24, nan 
-139.625, 89.125, 1.7805408125061316e-24, nan 
-139.375, 89.125, 1.768325702776752e-24, nan 
-139.125, 89.125, 1.8122809685539556e-24, nan 
-138.875, 89.125, 1.736095034227248e-24, nan 
-138.625, 89.125, 1.751532863537186e-24, nan 
-138.375, 89.125, 1.7103486677797014e-24, nan 
-138.125, 89.125, 1.5006925031712005e-24, nan 
-137.875, 89.125, 1.629255640429743e-24, nan 
-137.625, 89.125, 1.6247724587168416e-24, nan 
-137.375, 89.125, 1.6014437710687707e-24, nan 
-137.125, 89.125, 1.592505167332215e-24, nan 
-136.875, 89.125, 1.6829927277011888e-24, nan 
-136.625, 89.125, 1.6073879056606225e-24, nan 
-136.375, 89.125, 1.6963515745375264e-24, nan 
-136.125, 89.125, 1.733051004697575e-24, nan 
-135.875, 89.125, 1.693196349084652e-24, nan 
-135.625, 89.125, 1.5370947020732998e-24, nan 
-135.375, 89.125, 1.83606388149686e-24, nan 
-135.125, 89.125, 1.6329279466684533e-24, nan 
-134.875, 89.125, 1.6361789730407889e-24, nan 
-134.625, 89.125, 1.593832663721983e-24, nan 
-134.375, 89.125, 1.7826769123985685e-24, nan 
-134.125, 89.125, 1.533394641335453e-24, nan 
-133.875, 89.125, 1.574938896594886e-24, nan 
-133.625, 89.125, 1.6527696727189379e-24, nan 
-133.375, 89.125, 1.5053752533528051e-24, nan 
-133.125, 89.125, 1.3827679795575826e-24, nan 
-132.875, 89.125, 1.445106674657849e-24, nan 
-132.625, 89.125, 1.2353401475391917e-24, nan 
-132.375, 89.125, 1.213166326712438e-24, nan 
-132.125, 89.125, 1.3586619498462709e-24, nan 
-131.875, 89.125, 1.1109805871188936e-24, nan 
-131.625, 89.125, 1.1437740777175567e-24, nan 
-131.375, 89.125, 1.2973460519581328e-24, nan 
-131.125, 89.125, 1.3137507824153261e-24, nan 
-130.875, 89.125, 1.2589402431352171e-24, nan 
-130.625, 89.125, 1.3097667020349979e-24, nan 
-130.375, 89.125, 8.703799476940562e-25, nan 
-130.125, 89.125, 9.4705372716256e-25, nan 
-129.875, 89.125, 9.678271947292595e-25, nan 
-129.625, 89.125, 9.249963338879752e-25, nan 
-129.375, 89.125, 8.573368849672581e-25, nan 
-129.125, 89.125, 1.0989218253055144e-24, nan 
-128.875, 89.125, 9.936958524763235e-25, nan 
-128.625, 89.125, 1.1027788885131508e-24, nan 
-128.375, 89.125, 9.113248792836808e-25, nan 
-128.125, 89.125, 9.635791074979176e-25, nan 
-127.875, 89.125, 1.0019542117650194e-24, nan 
-127.625, 89.125, 8.229707409873426e-25, nan 
-127.375, 89.125, 1.0053968997905004e-24, nan 
-127.125, 89.125, 8.129132069365573e-25, nan 
-126.875, 89.125, 9.450485834118514e-25, nan 
-126.625, 89.125, 7.508879191295214e-25, nan 
-126.375, 89.125, 8.514574231848993e-25, nan 
-126.125, 89.125, 8.962585276121012e-25, nan 
-125.875, 89.125, 9.003179238560436e-25, nan 
-125.625, 89.125, 8.657658636689362e-25, nan 
-125.375, 89.125, 9.396019563073525e-25, nan 
-125.125, 89.125, 8.434562055188467e-25, nan 
-124.875, 89.125, 8.102031820966909e-25, nan 
-124.625, 89.125, 8.106308471149669e-25, nan 
-124.375, 89.125, 7.698331914443201e-25, nan 
-31.125, 89.125, 2.0646052598744376e-25, nan 
-30.875, 89.125, 1.9826951233982082e-25, nan 
-30.625, 89.125, 1.9653440662175578e-25, nan 
-30.375, 89.125, 2.2604246255107095e-25, nan 
-30.125, 89.125, 2.4135898940527895e-25, nan 
-29.875, 89.125, 2.5229514734738637e-25, nan 
-29.625, 89.125, 2.569624969931586e-25, nan 
-29.375, 89.125, 3.128110932782219e-25, nan 
-29.125, 89.125, 2.911181813304813e-25, nan 
-28.875, 89.125, 4.426341925356699e-25, nan 
-28.625, 89.125, 3.392930868253637e-25, nan 
-28.375, 89.125, 5.14152737785271e-25, nan 
-28.125, 89.125, 3.857454474810375e-25, nan 
-27.875, 89.125, 3.9033272013672364e-25, nan 
-27.625, 89.125, 3.8698982281325684e-25, nan 
-27.375, 89.125, 4.492803787456451e-25, nan 
-27.125, 89.125, 4.492881738246302e-25, nan 
-26.875, 89.125, 4.350839173423324e-25, nan 
-26.625, 89.125, 5.4635495307082575e-25, nan 
-26.375, 89.125, 5.809428618439856e-25, nan 
-26.125, 89.125, 6.262935012130163e-25, nan 
-25.875, 89.125, 7.270007367989217e-25, nan 
-25.625, 89.125, 7.546998445802095e-25, nan 
-25.375, 89.125, 8.018539091149504e-25, nan 
-25.125, 89.125, 8.671841755569937e-25, nan 
-24.875, 89.125, 9.181901521250101e-25, nan 
-24.625, 89.125, 9.327734733379692e-25, nan 
-24.375, 89.125, 9.946831793328175e-25, nan 
-24.125, 89.125, 9.940349081459106e-25, nan 
-23.875, 89.125, 1.0126265489269017e-24, nan 
-23.625, 89.125, 1.2614843998598518e-24, nan 
-23.375, 89.125, 1.1417220599202771e-24, nan 
-23.125, 89.125, 1.1758883335783822e-24, nan 
-22.875, 89.125, 1.154591092310955e-24, nan 
-22.625, 89.125, 1.1791419811367418e-24, nan 
-22.375, 89.125, 1.5127507294216709e-24, nan 
-22.125, 89.125, 8.927805173198764e-25, nan 
-21.875, 89.125, 1.3151287839890866e-24, nan 
-21.625, 89.125, 1.2456162933036864e-24, nan 
-21.375, 89.125, 1.3907422973702191e-24, nan 
-21.125, 89.125, 1.3913455397575812e-24, nan 
-20.875, 89.125, 1.3077567970258216e-24, nan 
-20.625, 89.125, 1.2528639033517066e-24, nan 
-20.375, 89.125, 1.1586073660535653e-24, nan 
-20.125, 89.125, 8.690467096884888e-25, nan 
-19.875, 89.125, 7.193071887435251e-25, nan 
-19.625, 89.125, 5.454032357537111e-25, nan 
-19.375, 89.125, 9.113327774098092e-25, nan 
-19.125, 89.125, 8.871414864381193e-25, nan 
-18.875, 89.125, 6.225127902752441e-25, nan 
-18.625, 89.125, 3.784068741403755e-25, nan 
-18.375, 89.125, 3.277202752745896e-25, nan 
-18.125, 89.125, 6.348414652905492e-25, nan 
-17.875, 89.125, 1.1337241738939004e-24, nan 
-17.625, 89.125, 9.116328821465258e-25, nan 
-17.375, 89.125, 9.514717702703183e-25, nan 
-17.125, 89.125, 1.4217117958311302e-24, nan 
-16.875, 89.125, 1.0392196189253234e-24, nan 
-16.625, 89.125, 1.164078368865097e-24, nan 
-16.375, 89.125, 9.110747010537552e-25, nan 
-16.125, 89.125, 1.2246427898693982e-24, nan 
-15.875, 89.125, 8.85450563271186e-25, nan 
-15.625, 89.125, 7.824346648015488e-25, nan 
-15.375, 89.125, 1.2972561900344362e-24, nan 
-15.125, 89.125, 1.0797479639702855e-24, nan 
-14.875, 89.125, 1.1138654015637335e-24, nan 
-14.625, 89.125, 1.1331231043451969e-24, nan 
-14.375, 89.125, 9.472251263949562e-25, nan 
-14.125, 89.125, 1.1421055586667103e-24, nan 
-13.875, 89.125, 1.3620637836523198e-24, nan 
-13.625, 89.125, 1.2010558256281698e-24, nan 
-13.375, 89.125, 1.2313047512168886e-24, nan 
-13.125, 89.125, 1.2991377400574372e-24, nan 
-12.875, 89.125, 1.31271324137043e-24, nan 
-12.625, 89.125, 1.357513120734607e-24, nan 
-12.375, 89.125, 1.415698849165305e-24, nan 
-12.125, 89.125, 1.4262580125184979e-24, nan 
-11.875, 89.125, 1.507972970564054e-24, nan 
-11.625, 89.125, 1.44408834237485e-24, nan 
-11.375, 89.125, 1.4828677809084233e-24, nan 
-11.125, 89.125, 1.3971392352018022e-24, nan 
-10.875, 89.125, 1.5196044525095886e-24, nan 
-10.625, 89.125, 1.5417400580128834e-24, nan 
-10.375, 89.125, 1.4380347925044155e-24, nan 
-10.125, 89.125, 1.543002934597641e-24, nan 
-9.875, 89.125, 1.5840042564038906e-24, nan 
-9.625, 89.125, 1.6348876254815023e-24, nan 
-9.375, 89.125, 1.6677750603308968e-24, nan 
-9.125, 89.125, 1.581304593553359e-24, nan 
-8.875, 89.125, 1.5325010439602688e-24, nan 
-8.625, 89.125, 1.484295051508463e-24, nan 
-8.375, 89.125, 1.4929856185408938e-24, nan 
-8.125, 89.125, 1.435331820740585e-24, nan 
-7.875, 89.125, 1.0990310434028474e-24, nan 
-7.625, 89.125, 1.3068996221841259e-24, nan 
-7.375, 89.125, 1.3542120465140865e-24, nan 
-7.125, 89.125, 1.4101820033398506e-24, nan 
-6.875, 89.125, 1.6395139338980987e-24, nan 
-6.625, 89.125, 1.2613931778282044e-24, nan 
-6.375, 89.125, 1.3848656392333225e-24, nan 
-6.125, 89.125, 1.4910622385685185e-24, nan 
-5.875, 89.125, 1.4172308235661408e-24, nan 
-5.625, 89.125, 1.4395310026127747e-24, nan 
-5.375, 89.125, 1.257795517133704e-24, nan 
-5.125, 89.125, 1.290824457920537e-24, nan 
-4.875, 89.125, 1.1007716543944494e-24, nan 
-4.625, 89.125, 1.039587926654922e-24, nan 
-4.375, 89.125, 1.1067921728440736e-24, nan 
-4.125, 89.125, 1.394642967114247e-24, nan 
-3.875, 89.125, 1.4356268704783697e-24, nan 
-3.625, 89.125, 1.4122326476311608e-24, nan 
-3.375, 89.125, 1.4413927974385374e-24, nan 
-3.125, 89.125, 1.4503060398914444e-24, nan 
-2.875, 89.125, 1.4407992098566563e-24, nan 
-2.625, 89.125, 1.4434716725943888e-24, nan 
-2.375, 89.125, 1.4876272762324286e-24, nan 
-2.125, 89.125, 1.4491541974654763e-24, nan 
-1.875, 89.125, 1.3828976483144508e-24, nan 
-1.625, 89.125, 1.3533129048212126e-24, nan 
-1.375, 89.125, 1.381659688819818e-24, nan 
-1.125, 89.125, 1.285309703885241e-24, nan 
-0.875, 89.125, 1.2900688071188916e-24, nan 
-0.625, 89.125, 1.3570987345055195e-24, nan 
-0.375, 89.125, 1.3404485215696424e-24, nan 
-0.125, 89.125, 1.3253108163408754e-24, nan 
0.125, 89.125, 7.53254139211636e-25, nan 
0.375, 89.125, 1.1856714499864399e-24, nan 
0.625, 89.125, 1.3195988991583302e-24, nan 
0.875, 89.125, 1.4343406206654477e-24, nan 
1.125, 89.125, 1.4466549560798902e-24, nan 
1.375, 89.125, 1.4340211388681767e-24, nan 
1.625, 89.125, 1.3814733554249963e-24, nan 
1.875, 89.125, 1.3837063667521327e-24, nan 
2.125, 89.125, 1.3496671227636007e-24, nan 
2.375, 89.125, 1.319091703168771e-24, nan 
2.625, 89.125, 1.393338731479166e-24, nan 
2.875, 89.125, 1.4433778023715909e-24, nan 
3.125, 89.125, 1.3631023991657547e-24, nan 
3.375, 89.125, 1.3871774778875941e-24, nan 
3.625, 89.125, 1.530518203870437e-24, nan 
3.875, 89.125, 1.3821098162508545e-24, nan 
4.125, 89.125, 1.476375293365029e-24, nan 
4.375, 89.125, 1.4530890682386577e-24, nan 
4.625, 89.125, 1.4495899567383973e-24, nan 
4.875, 89.125, 1.471102443461538e-24, nan 
5.125, 89.125, 2.1997453395102316e-24, nan 
5.375, 89.125, 1.5251403132653203e-24, nan 
5.625, 89.125, 1.895012231587687e-24, nan 
5.875, 89.125, 1.5108014645406723e-24, nan 
6.125, 89.125, 1.5280225598046963e-24, nan 
6.375, 89.125, 1.8449792618673667e-24, nan 
6.625, 89.125, 4.399999891337134e-25, nan 
6.875, 89.125, 1.285227196145341e-24, nan 
7.125, 89.125, 1.498213217782889e-24, nan 
7.375, 89.125, 1.1118181829395758e-24, nan 
7.625, 89.125, 1.2669448362583773e-24, nan 
7.875, 89.125, 1.0261727841812354e-24, nan 
8.125, 89.125, 1.0126563710230649e-24, nan 
8.375, 89.125, 1.0166125096239998e-24, nan 
8.625, 89.125, 1.0971355913492152e-24, nan 
8.875, 89.125, 1.1435418809816732e-24, nan 
9.125, 89.125, 1.2487108607346434e-24, nan 
9.375, 89.125, 1.2423329351979703e-24, nan 
9.625, 89.125, 1.1845669074136682e-24, nan 
9.875, 89.125, 1.1228555051667e-24, nan 
10.125, 89.125, 1.11007984508219e-24, nan 
10.375, 89.125, 1.0688814345474208e-24, nan 
10.625, 89.125, 1.0319109086427817e-24, nan 
10.875, 89.125, 1.1025058853361593e-24, nan 
11.125, 89.125, 1.0075094773868774e-24, nan 
11.375, 89.125, 9.467414747124041e-25, nan 
11.625, 89.125, 7.0967272968713015e-25, nan 
11.875, 89.125, 5.725021562273692e-25, nan 
12.125, 89.125, 5.015358869300854e-25, nan 
12.375, 89.125, 4.285303714395769e-25, nan 
12.625, 89.125, 7.161207276087935e-25, nan 
12.875, 89.125, 3.023333459789347e-25, nan 
13.125, 89.125, 3.8223549191299886e-25, nan 
13.375, 89.125, 4.214829358002144e-25, nan 
13.625, 89.125, 2.5029763016351697e-24, nan 
13.875, 89.125, 4.177526823938963e-25, nan 
14.125, 89.125, 3.6419166575878045e-25, nan 
14.375, 89.125, 4.760483742757221e-25, nan 
14.625, 89.125, 3.774613341399026e-25, nan 
14.875, 89.125, 3.7408466055137606e-25, nan 
15.125, 89.125, 3.227953103855854e-25, nan 
15.375, 89.125, 4.2967576415780975e-25, nan 
15.625, 89.125, 3.3720023273357626e-25, nan 
15.875, 89.125, 3.491203859356179e-25, nan 
16.125, 89.125, 4.0068746623273206e-25, nan 
16.375, 89.125, 3.641947420317204e-25, nan 
16.625, 89.125, 4.200650743033889e-25, nan 
16.875, 89.125, 5.353203637874571e-25, nan 
17.125, 89.125, 8.360559453116024e-25, nan 
17.375, 89.125, 4.437530910364036e-25, nan 
17.625, 89.125, 5.233189997845611e-25, nan 
17.875, 89.125, 2.695345253119671e-25, nan 
18.125, 89.125, 2.4884069057369147e-25, nan 
18.375, 89.125, 2.511623969440475e-25, nan 
18.625, 89.125, 4.760342539328986e-25, nan 
18.875, 89.125, 3.0720464999208798e-25, nan 
19.125, 89.125, 3.0809530797390935e-25, nan 
19.375, 89.125, 4.72900366264905e-25, nan 
19.625, 89.125, 6.652996333401461e-25, nan 
19.875, 89.125, 3.830270799454128e-25, nan 
20.125, 89.125, 3.434203408462475e-25, nan 
20.375, 89.125, 2.940246612724607e-25, nan 
20.625, 89.125, 4.839211910740927e-25, nan 
20.875, 89.125, 3.6479900281291084e-25, nan 
21.125, 89.125, 5.021915216545707e-25, nan 
21.375, 89.125, 4.6482072843991815e-25, nan 
21.625, 89.125, 4.818970937295858e-25, nan 
21.875, 89.125, 3.339142984091965e-25, nan 
22.125, 89.125, 4.528447364409532e-25, nan 
22.375, 89.125, 4.827755332626553e-25, nan 
22.625, 89.125, 3.093243105107561e-25, nan 
22.875, 89.125, 2.66102896123222e-25, nan 
23.125, 89.125, 4.703820387641426e-25, nan 
23.375, 89.125, 3.7827650616380224e-25, nan 
23.625, 89.125, 3.9615672140105364e-25, nan 
23.875, 89.125, 4.006318128688458e-25, nan 
24.125, 89.125, 3.0196064342264874e-25, nan 
24.375, 89.125, 2.6882952383681494e-25, nan 
24.625, 89.125, 2.9966164874586605e-25, nan 
24.875, 89.125, 2.943641157936212e-25, nan 
25.125, 89.125, 3.0835133875128185e-25, nan 
25.375, 89.125, 4.2191816576216925e-25, nan 
25.625, 89.125, 4.753158589616513e-25, nan 
25.875, 89.125, 3.24695670959438e-25, nan 
26.125, 89.125, 3.3997956788853207e-25, nan 
26.375, 89.125, 4.504152520183166e-25, nan 
26.625, 89.125, 3.6311210743734936e-25, nan 
26.875, 89.125, 2.517718254275403e-25, nan 
27.125, 89.125, 4.0123688960318564e-25, nan 
27.375, 89.125, 5.160737647121045e-25, nan 
27.625, 89.125, 5.715958848722766e-25, nan 
27.875, 89.125, 6.341972683805989e-25, nan 
28.125, 89.125, 5.956055339452414e-25, nan 
28.375, 89.125, 6.7278435818857375e-25, nan 
28.625, 89.125, 5.366101001653e-25, nan 
28.875, 89.125, 4.9340789881530265e-25, nan 
29.125, 89.125, 5.276835471992416e-25, nan 
29.375, 89.125, 7.424389674318912e-25, nan 
29.625, 89.125, 4.253172255687724e-25, nan 
29.875, 89.125, 4.414565209371788e-25, nan 
30.125, 89.125, 5.635185920474104e-25, nan 
30.375, 89.125, 9.82405316561593e-25, nan 
30.625, 89.125, 9.876210427728023e-25, nan 
30.875, 89.125, 8.072160615833135e-25, nan 
31.125, 89.125, 1.138512493944028e-24, nan 
31.375, 89.125, 1.0347841654013902e-24, nan 
31.625, 89.125, 1.3110951211346513e-24, nan 
31.875, 89.125, 1.1112347161841866e-24, nan 
32.125, 89.125, 1.3437593002952704e-24, nan 
32.375, 89.125, 1.3792379894502344e-24, nan 
32.625, 89.125, 1.468236640307336e-24, nan 
32.875, 89.125, 1.6393739614036732e-24, nan 
33.125, 89.125, 1.4830162630746816e-24, nan 
33.375, 89.125, 1.2259074285117342e-24, nan 
33.625, 89.125, 1.1432520501505866e-24, nan 
33.875, 89.125, 1.52655968891432e-24, nan 
34.125, 89.125, 1.3981362038558812e-24, nan 
34.375, 89.125, 1.4105603283050448e-24, nan 
34.625, 89.125, 1.3965645088964775e-24, nan 
34.875, 89.125, 1.4530371251480038e-24, nan 
35.125, 89.125, 1.2220449048227896e-24, nan 
35.375, 89.125, 1.1895306836769478e-24, nan 
35.625, 89.125, 1.1188235575743388e-24, nan 
35.875, 89.125, 1.02699656082746e-24, nan 
36.125, 89.125, 8.018571559983022e-25, nan 
36.375, 89.125, 1.0805670922352356e-24, nan 
36.625, 89.125, 1.3575770862983835e-24, nan 
36.875, 89.125, 1.3042866483780319e-24, nan 
37.125, 89.125, 1.3706227153281205e-24, nan 
37.375, 89.125, 1.4962333097518755e-24, nan 
37.625, 89.125, 1.5692351550499714e-24, nan 
37.875, 89.125, 1.3689408034726565e-24, nan 
38.125, 89.125, 1.213836492385078e-24, nan 
38.375, 89.125, 7.639975901411438e-25, nan 
38.625, 89.125, 9.616486249097172e-25, nan 
38.875, 89.125, 1.0248585666541728e-24, nan 
39.125, 89.125, 1.070756127048449e-24, nan 
39.375, 89.125, 1.1277984946644816e-24, nan 
39.625, 89.125, 1.0899957084742509e-24, nan 
39.875, 89.125, 1.2051511167145267e-24, nan 
40.125, 89.125, 1.2648050166858872e-24, nan 
40.375, 89.125, 1.2951072882099019e-24, nan 
40.625, 89.125, 1.2758030788337405e-24, nan 
40.875, 89.125, 1.2125399499164727e-24, nan 
41.125, 89.125, 1.2659209404372212e-24, nan 
41.375, 89.125, 1.1609843252992621e-24, nan 
41.625, 89.125, 1.1524787024549162e-24, nan 
41.875, 89.125, 1.0347078501552641e-24, nan 
42.125, 89.125, 1.0533172492667935e-24, nan 
42.375, 89.125, 1.0655537055077572e-24, nan 
42.625, 89.125, 1.1112413779660085e-24, nan 
42.875, 89.125, 1.017867163572893e-24, nan 
43.125, 89.125, 1.1883315261994284e-24, nan 
43.375, 89.125, 1.0788780126362974e-24, nan 
43.625, 89.125, 1.0987576577471452e-24, nan 
43.875, 89.125, 1.0266951828975772e-24, nan 
44.125, 89.125, 1.1807592637545847e-24, nan 
44.375, 89.125, 9.546615924363126e-25, nan 
44.625, 89.125, 1.0169769029114307e-24, nan 
44.875, 89.125, 1.150546503053356e-24, nan 
45.125, 89.125, 1.017277599305039e-24, nan 
45.375, 89.125, 1.1257179017967813e-24, nan 
45.625, 89.125, 9.611622240229763e-25, nan 
45.875, 89.125, 1.068245939551695e-24, nan 
46.125, 89.125, 1.0119709963308484e-24, nan 
46.375, 89.125, 1.0193513093974586e-24, nan 
46.625, 89.125, 9.97144783330804e-25, nan 
46.875, 89.125, 1.0545988877225637e-24, nan 
47.125, 89.125, 1.1378935202423837e-24, nan 
47.375, 89.125, 1.0616968013216102e-24, nan 
47.625, 89.125, 9.81876242302131e-25, nan 
47.875, 89.125, 1.2185617150506126e-24, nan 
48.125, 89.125, 1.1116967919495086e-24, nan 
48.375, 89.125, 1.2051042210328873e-24, nan 
48.625, 89.125, 1.213235525982479e-24, nan 
48.875, 89.125, 1.2337247986706772e-24, nan 
49.125, 89.125, 1.2281339971263139e-24, nan 
49.375, 89.125, 1.1650797078417672e-24, nan 
49.625, 89.125, 1.3107370472017132e-24, nan 
49.875, 89.125, 1.2299762141263277e-24, nan 
50.125, 89.125, 1.3073981395729204e-24, nan 
50.375, 89.125, 1.1463553504825495e-24, nan 
50.625, 89.125, 1.2939112636127519e-24, nan 
50.875, 89.125, 1.2284558037132493e-24, nan 
51.125, 89.125, 1.3500931340293512e-24, nan 
51.375, 89.125, 1.163597804279786e-24, nan 
51.625, 89.125, 1.2246368975040054e-24, nan 
51.875, 89.125, 1.2230398696717698e-24, nan 
52.125, 89.125, 1.1650047063977844e-24, nan 
52.375, 89.125, 9.77184179244167e-25, nan 
52.625, 89.125, 1.044486555056958e-24, nan 
52.875, 89.125, 1.1203865206263494e-24, nan 
53.125, 89.125, 1.0491367346990459e-24, nan 
53.375, 89.125, 1.1620157470602457e-24, nan 
53.625, 89.125, 1.2640188582507716e-24, nan 
53.875, 89.125, 1.2453659711354519e-24, nan 
54.125, 89.125, 1.1187450359041728e-24, nan 
54.375, 89.125, 9.985420134926148e-25, nan 
54.625, 89.125, 7.922076752132144e-25, nan 
54.875, 89.125, 1.1018272251584567e-24, nan 
55.125, 89.125, 1.0264027581614748e-24, nan 
55.375, 89.125, 1.0265113217013236e-24, nan 
55.625, 89.125, 1.0937222478103403e-24, nan 
55.875, 89.125, 9.897910710136551e-25, nan 
56.125, 89.125, 1.0350281586088254e-24, nan 
56.375, 89.125, 9.99932907607694e-25, nan 
56.625, 89.125, 1.0342346041628144e-24, nan 
56.875, 89.125, 1.0500739491917053e-24, nan 
57.125, 89.125, 1.029116670506669e-24, nan 
57.375, 89.125, 1.0080149631773567e-24, nan 
57.625, 89.125, 8.904124875439722e-25, nan 
57.875, 89.125, 7.772761750368831e-25, nan 
58.125, 89.125, 7.446438499362831e-25, nan 
58.375, 89.125, 6.89203239208965e-25, nan 
58.625, 89.125, 7.182690432268701e-25, nan 
58.875, 89.125, 7.185103991126125e-25, nan 
59.125, 89.125, 6.569042717522331e-25, nan 
59.375, 89.125, 7.794166525783615e-25, nan 
59.625, 89.125, 7.1909085220371885e-25, nan 
59.875, 89.125, 5.939514733051171e-25, nan 
60.125, 89.125, 6.674102533709392e-25, nan 
60.375, 89.125, 6.706100085676628e-25, nan 
60.625, 89.125, 5.440831421345132e-25, nan 
60.875, 89.125, 6.685658630870892e-25, nan 
61.125, 89.125, 6.8519121998052775e-25, nan 
61.375, 89.125, 8.047095090372641e-25, nan 
61.625, 89.125, 6.705793805808103e-25, nan 
61.875, 89.125, 5.848880609441399e-25, nan 
62.125, 89.125, 5.979682414057324e-25, nan 
62.375, 89.125, 8.379699387487464e-25, nan 
62.625, 89.125, 4.392567048807044e-25, nan 
62.875, 89.125, 6.068916656919725e-25, nan 
63.125, 89.125, 5.707618733352057e-25, nan 
63.375, 89.125, 7.9444966378007145e-25, nan 
63.625, 89.125, 3.8136455669062336e-25, nan 
63.875, 89.125, 6.646007195892604e-25, nan 
64.125, 89.125, 3.942581205512761e-25, nan 
64.375, 89.125, 6.162486172896647e-25, nan 
64.625, 89.125, 8.027085248676997e-25, nan 
64.875, 89.125, 3.8707696953682663e-25, nan 
65.125, 89.125, 5.228324162637294e-25, nan 
65.375, 89.125, 3.301105627638702e-25, nan 
65.625, 89.125, 7.669112560506579e-25, nan 
65.875, 89.125, 4.811486332272417e-25, nan 
66.125, 89.125, 6.730955475773497e-25, nan 
66.375, 89.125, 7.3840677780693025e-25, nan 
66.625, 89.125, 6.5182871507549535e-25, nan 
66.875, 89.125, 7.105773177716019e-25, nan 
67.125, 89.125, 6.469380869047991e-25, nan 
67.375, 89.125, 6.500198445351515e-25, nan 
67.625, 89.125, 7.130133546963627e-25, nan 
67.875, 89.125, 6.5304241859918255e-25, nan 
68.125, 89.125, 6.969615957072478e-25, nan 
68.375, 89.125, 6.3370531665980625e-25, nan 
68.625, 89.125, 6.251711087307004e-25, nan 
68.875, 89.125, 6.26045173259226e-25, nan 
69.125, 89.125, 6.002037631924686e-25, nan 
69.375, 89.125, 8.04486791693638e-25, nan 
69.625, 89.125, 1.0828170096238898e-24, nan 
69.875, 89.125, 1.026648625641391e-24, nan 
70.125, 89.125, 1.0456559346408112e-24, nan 
70.375, 89.125, 7.240638558301343e-25, nan 
70.625, 89.125, 8.958242072115113e-25, nan 
70.875, 89.125, 7.338448344291082e-25, nan 
71.125, 89.125, 8.861052859136862e-25, nan 
71.375, 89.125, 8.869119988667188e-25, nan 
71.625, 89.125, 1.0040827360887095e-24, nan 
71.875, 89.125, 1.0229509950703264e-24, nan 
72.125, 89.125, 1.1936648002565548e-24, nan 
72.375, 89.125, 1.1477711629131316e-24, nan 
72.625, 89.125, 1.2082919017736338e-24, nan 
72.875, 89.125, 1.2110332188552657e-24, nan 
73.125, 89.125, 1.2859054794440595e-24, nan 
73.375, 89.125, 1.2507925475249117e-24, nan 
73.625, 89.125, 1.2940408583848309e-24, nan 
73.875, 89.125, 1.1084633048691139e-24, nan 
74.125, 89.125, 1.1717191170472592e-24, nan 
74.375, 89.125, 1.2285116946922922e-24, nan 
74.625, 89.125, 1.2163404197849082e-24, nan 
74.875, 89.125, 1.2267356827997762e-24, nan 
75.125, 89.125, 1.2508030140601597e-24, nan 
75.375, 89.125, 1.0957445050659071e-24, nan 
75.625, 89.125, 1.1548780016389627e-24, nan 
75.875, 89.125, 1.1321465800052999e-24, nan 
76.125, 89.125, 1.0500615094951362e-24, nan 
76.375, 89.125, 1.0273522247385602e-24, nan 
76.625, 89.125, 1.1572905269806057e-24, nan 
76.875, 89.125, 9.37037257907939e-25, nan 
77.125, 89.125, 1.0441940451597043e-24, nan 
77.375, 89.125, 9.198282838786218e-25, nan 
77.625, 89.125, 9.622187242027767e-25, nan 
77.875, 89.125, 9.332146677724468e-25, nan 
78.125, 89.125, 8.440602323867387e-25, nan 
78.375, 89.125, 8.319730742113338e-25, nan 
78.625, 89.125, 9.833615814948537e-25, nan 
78.875, 89.125, 1.0391113235410536e-24, nan 
79.125, 89.125, 1.0562186473564277e-24, nan 
79.375, 89.125, 1.0618536513557382e-24, nan 
79.625, 89.125, 1.1506886382028881e-24, nan 
79.875, 89.125, 1.199498776953053e-24, nan 
80.125, 89.125, 9.971035818194467e-25, nan 
80.375, 89.125, 1.1495451884432383e-24, nan 
80.625, 89.125, 1.32435211991695e-24, nan 
80.875, 89.125, 1.0914042129497715e-24, nan 
81.125, 89.125, 9.302196936721773e-25, nan 
81.375, 89.125, 1.0179882292978397e-24, nan 
81.625, 89.125, 1.0454802021573249e-24, nan 
81.875, 89.125, 1.07120588695213e-24, nan 
82.125, 89.125, 1.1508424010129443e-24, nan 
82.375, 89.125, 1.1477532933285717e-24, nan 
82.625, 89.125, 1.1740032029505644e-24, nan 
82.875, 89.125, 1.1406449707257914e-24, nan 
83.125, 89.125, 1.130486337399321e-24, nan 
83.375, 89.125, 1.1522889574178229e-24, nan 
83.625, 89.125, 1.1378029712644977e-24, nan 
83.875, 89.125, 1.0830750524230213e-24, nan 
84.125, 89.125, 1.1386847946440852e-24, nan 
84.375, 89.125, 1.1519739262301261e-24, nan 
84.625, 89.125, 1.1268444854717057e-24, nan 
84.875, 89.125, 1.144056820506067e-24, nan 
85.125, 89.125, 1.1658429649308985e-24, nan 
85.375, 89.125, 1.1488875912595344e-24, nan 
85.625, 89.125, 1.189743583264539e-24, nan 
85.875, 89.125, 1.2216106958110493e-24, nan 
86.125, 89.125, 1.2401758565945939e-24, nan 
86.375, 89.125, 1.2182163535588014e-24, nan 
86.625, 89.125, 1.4308912079171677e-24, nan 
86.875, 89.125, 1.3213276873799394e-24, nan 
87.125, 89.125, 1.2019807417703843e-24, nan 
87.375, 89.125, 1.1362281367300304e-24, nan 
87.625, 89.125, 1.141302384531873e-24, nan 
87.875, 89.125, 1.1584458467207557e-24, nan 
88.125, 89.125, 1.162081038308826e-24, nan 
88.375, 89.125, 1.2312789370152494e-24, nan 
88.625, 89.125, 1.1330269716801465e-24, nan 
88.875, 89.125, 1.1698167237302326e-24, nan 
89.125, 89.125, 1.310531320337355e-24, nan 
89.375, 89.125, 1.213783219962312e-24, nan 
89.625, 89.125, 1.2091442100397917e-24, nan 
89.875, 89.125, 1.155505382565626e-24, nan 
90.125, 89.125, 1.1441259674235458e-24, nan 
90.375, 89.125, 1.0939305270621845e-24, nan 
90.625, 89.125, 1.1603578858096677e-24, nan 
90.875, 89.125, 1.1791836290979722e-24, nan 
91.125, 89.125, 1.1290199207062693e-24, nan 
91.375, 89.125, 1.2988837471769462e-24, nan 
91.625, 89.125, 1.0601810082383424e-24, nan 
91.875, 89.125, 1.1127040126231962e-24, nan 
92.125, 89.125, 1.0931003655450806e-24, nan 
92.375, 89.125, 1.0570404252699363e-24, nan 
92.625, 89.125, 1.0187709725180306e-24, nan 
92.875, 89.125, 1.1395790476876278e-24, nan 
93.125, 89.125, 9.121851523561009e-25, nan 
93.375, 89.125, 1.0131322968541024e-24, nan 
93.625, 89.125, 9.15713514788521e-25, nan 
93.875, 89.125, 9.533432168825874e-25, nan 
94.125, 89.125, 9.739965795061254e-25, nan 
94.375, 89.125, 8.889028761840827e-25, nan 
94.625, 89.125, 9.090528436938895e-25, nan 
94.875, 89.125, 9.09263623688925e-25, nan 
95.125, 89.125, 1.0196057287847278e-24, nan 
95.375, 89.125, 1.0033600317986775e-24, nan 
95.625, 89.125, 1.0397319674032472e-24, nan 
95.875, 89.125, 1.0402402544546864e-24, nan 
96.125, 89.125, 1.0924868046977369e-24, nan 
96.375, 89.125, 1.017240140823027e-24, nan 
96.625, 89.125, 1.1157289942614065e-24, nan 
96.875, 89.125, 1.2816575600397667e-24, nan 
97.125, 89.125, 9.962863671264268e-25, nan 
97.375, 89.125, 8.84755167249069e-25, nan 
97.625, 89.125, 8.613177577628495e-25, nan 
97.875, 89.125, 9.819971198435964e-25, nan 
98.125, 89.125, 9.242886631715663e-25, nan 
98.375, 89.125, 9.336664055174093e-25, nan 
98.625, 89.125, 1.0445286462873427e-24, nan 
98.875, 89.125, 9.584160247487869e-25, nan 
99.125, 89.125, 9.318457326136125e-25, nan 
99.375, 89.125, 8.579726987802277e-25, nan 
99.625, 89.125, 9.07738634580301e-25, nan 
99.875, 89.125, 8.555573196186611e-25, nan 
100.125, 89.125, 7.553513976058277e-25, nan 
100.375, 89.125, 8.018965726548789e-25, nan 
100.625, 89.125, 8.006281136402411e-25, nan 
100.875, 89.125, 7.378444865208528e-25, nan 
101.125, 89.125, 7.269690284514911e-25, nan 
101.375, 89.125, 7.188080683804655e-25, nan 
101.625, 89.125, 6.9719348659629095e-25, nan 
101.875, 89.125, 6.679775843365868e-25, nan 
102.125, 89.125, 7.542913347868616e-25, nan 
102.375, 89.125, 6.877270647068466e-25, nan 
102.625, 89.125, 6.36567951252174e-25, nan 
102.875, 89.125, 1.1710723567651653e-24, nan 
103.125, 89.125, 1.0469537397267152e-24, nan 
103.375, 89.125, 9.358712973669895e-25, nan 
103.625, 89.125, 8.64251836338361e-25, nan 
103.875, 89.125, 7.938231337750492e-25, nan 
104.125, 89.125, 7.179611434119818e-25, nan 
104.375, 89.125, 6.085850612931011e-25, nan 
104.625, 89.125, 5.73469452803453e-25, nan 
104.875, 89.125, 4.772776106005065e-25, nan 
105.125, 89.125, 5.136698627762298e-25, nan 
105.375, 89.125, 5.257213760698664e-25, nan 
105.625, 89.125, 4.211096731552502e-25, nan 
105.875, 89.125, 4.454253792804819e-25, nan 
106.125, 89.125, 4.850319873296847e-25, nan 
106.375, 89.125, 6.773923461644979e-25, nan 
106.625, 89.125, 6.06940035210888e-25, nan 
106.875, 89.125, 5.437940972072415e-25, nan 
107.125, 89.125, 5.2867480609457e-25, nan 
107.375, 89.125, 4.394977761401218e-25, nan 
107.625, 89.125, 4.493506992092985e-25, nan 
107.875, 89.125, 4.624033560273429e-25, nan 
108.125, 89.125, 5.378872820314233e-25, nan 
108.375, 89.125, 5.84530094591538e-25, nan 
108.625, 89.125, 4.861554605015167e-25, nan 
108.875, 89.125, 4.703104127103952e-25, nan 
109.125, 89.125, 5.454319110885337e-25, nan 
109.375, 89.125, 4.602171912406496e-25, nan 
109.625, 89.125, 5.008109673427245e-25, nan 
109.875, 89.125, 6.194573116559093e-25, nan 
110.125, 89.125, 6.526100043691356e-25, nan 
110.375, 89.125, 6.151291322747441e-25, nan 
110.625, 89.125, 6.7941387717499765e-25, nan 
110.875, 89.125, 6.453191994829282e-25, nan 
111.125, 89.125, 4.64949065009034e-25, nan 
111.375, 89.125, 5.226503371131344e-25, nan 
111.625, 89.125, 5.048501572409729e-25, nan 
111.875, 89.125, 4.346863060777748e-25, nan 
112.125, 89.125, 5.753398216758521e-25, nan 
112.375, 89.125, 5.863885301286634e-25, nan 
112.625, 89.125, 5.7487671312491775e-25, nan 
112.875, 89.125, 5.406634156939869e-25, nan 
113.125, 89.125, 5.26364961191034e-25, nan 
113.375, 89.125, 5.520890109901365e-25, nan 
113.625, 89.125, 5.666858682196161e-25, nan 
113.875, 89.125, 5.926253056546505e-25, nan 
114.125, 89.125, 5.833132986423201e-25, nan 
114.375, 89.125, 5.773451093118629e-25, nan 
114.625, 89.125, 5.272849413719912e-25, nan 
114.875, 89.125, 5.946270959528788e-25, nan 
115.125, 89.125, 5.83738059502312e-25, nan 
115.375, 89.125, 6.178349331563679e-25, nan 
115.625, 89.125, 5.761955767382394e-25, nan 
115.875, 89.125, 5.856270697144274e-25, nan 
116.125, 89.125, 6.628465621055965e-25, nan 
116.375, 89.125, 5.7297163112394165e-25, nan 
116.625, 89.125, 6.443766828424212e-25, nan 
116.875, 89.125, 6.911642892252926e-25, nan 
117.125, 89.125, 7.125059964187338e-25, nan 
117.375, 89.125, 6.846262669609528e-25, nan 
117.625, 89.125, 7.361362337618717e-25, nan 
117.875, 89.125, 7.667699512091433e-25, nan 
118.125, 89.125, 6.495597922190593e-25, nan 
118.375, 89.125, 8.315732186507563e-25, nan 
118.625, 89.125, 7.277548807549576e-25, nan 
118.875, 89.125, 7.50450148235598e-25, nan 
119.125, 89.125, 7.345940677698589e-25, nan 
119.375, 89.125, 7.881275359732517e-25, nan 
119.625, 89.125, 7.601598654425679e-25, nan 
119.875, 89.125, 8.68589736876869e-25, nan 
120.125, 89.125, 8.39169281205129e-25, nan 
120.375, 89.125, 9.693073561671732e-25, nan 
120.625, 89.125, 9.461792040902999e-25, nan 
120.875, 89.125, 9.177120402348336e-25, nan 
121.125, 89.125, 9.394853595810356e-25, nan 
121.375, 89.125, 9.221925443717341e-25, nan 
121.625, 89.125, 8.70598584801572e-25, nan 
121.875, 89.125, 8.442636270445589e-25, nan 
122.125, 89.125, 8.727507758225811e-25, nan 
122.375, 89.125, 8.960130015410765e-25, nan 
122.625, 89.125, 8.432493371295535e-25, nan 
122.875, 89.125, 8.724125178971574e-25, nan 
123.125, 89.125, 8.406252194717685e-25, nan 
123.375, 89.125, 8.101877118073625e-25, nan 
123.625, 89.125, 8.402830711080801e-25, nan 
123.875, 89.125, 9.163762910401902e-25, nan 
124.125, 89.125, 7.853916436028658e-25, nan 
124.375, 89.125, 1.0726369456814042e-24, nan 
124.625, 89.125, 1.0193126935619066e-24, nan 
124.875, 89.125, 1.0125990685333355e-24, nan 
125.125, 89.125, 1.109417806620344e-24, nan 
125.375, 89.125, 1.0990369036376672e-24, nan 
125.625, 89.125, 1.0977043599116082e-24, nan 
125.875, 89.125, 9.978606012536131e-25, nan 
126.125, 89.125, 9.449871136433125e-25, nan 
126.375, 89.125, 7.547733340538474e-25, nan 
126.625, 89.125, 9.14049236568194e-25, nan 
126.875, 89.125, 1.3560488441296247e-24, nan 
127.125, 89.125, 9.179064520549263e-25, nan 
127.375, 89.125, 8.655513083471179e-25, nan 
127.625, 89.125, 9.284851139780884e-25, nan 
127.875, 89.125, 8.82810519938681e-25, nan 
128.125, 89.125, 1.3723283753713778e-24, nan 
128.375, 89.125, 1.4886100094836332e-24, nan 
128.625, 89.125, 1.1041389112850554e-24, nan 
128.875, 89.125, 9.284597096110054e-25, nan 
129.125, 89.125, 9.028855371268845e-25, nan 
129.375, 89.125, 7.876752444637288e-25, nan 
129.625, 89.125, 8.11765968221979e-25, nan 
129.875, 89.125, 7.867460503559225e-25, nan 
130.125, 89.125, 8.081396966853482e-25, nan 
130.375, 89.125, 8.111460177887936e-25, nan 
130.625, 89.125, 8.265679273159536e-25, nan 
130.875, 89.125, 7.613950262392212e-25, nan 
131.125, 89.125, 8.574657138745614e-25, nan 
131.375, 89.125, 8.630663099787684e-25, nan 
131.625, 89.125, 9.623147307337742e-25, nan 
131.875, 89.125, 8.492671882014682e-25, nan 
132.125, 89.125, 9.037213819875709e-25, nan 
132.375, 89.125, 1.0843633718964907e-24, nan 
132.625, 89.125, 9.034072373768867e-25, nan 
132.875, 89.125, 8.976096892480875e-25, nan 
133.125, 89.125, 1.0825492459097984e-24, nan 
133.375, 89.125, 1.18127207553808e-24, nan 
133.625, 89.125, 1.0686681874780808e-24, nan 
133.875, 89.125, 1.0161006766951619e-24, nan 
134.125, 89.125, 1.125207178971627e-24, nan 
134.375, 89.125, 1.0086415830314365e-24, nan 
134.625, 89.125, 1.028093008221812e-24, nan 
134.875, 89.125, 1.061727926807763e-24, nan 
135.125, 89.125, 1.1258581260821265e-24, nan 
135.375, 89.125, 1.1000259129082263e-24, nan 
135.625, 89.125, 1.1463734983237366e-24, nan 
135.875, 89.125, 1.0687905162094271e-24, nan 
136.125, 89.125, 1.1105666587086065e-24, nan 
136.375, 89.125, 1.0882320507958898e-24, nan 
136.625, 89.125, 1.0960615108560968e-24, nan 
136.875, 89.125, 1.0337217790356604e-24, nan 
137.125, 89.125, 9.643348089494573e-25, nan 
137.375, 89.125, 1.1604934212606327e-24, nan 
137.625, 89.125, 1.0120025315419945e-24, nan 
137.875, 89.125, 1.0037533617251929e-24, nan 
138.125, 89.125, 1.0399717272355581e-24, nan 
138.375, 89.125, 1.1588343494897349e-24, nan 
138.625, 89.125, 1.2280655135562439e-24, nan 
138.875, 89.125, 9.051761503544656e-25, nan 
139.125, 89.125, 1.0162288293650226e-24, nan 
139.375, 89.125, 9.046197681880318e-25, nan 
139.625, 89.125, 1.0205652917461865e-24, nan 
139.875, 89.125, 1.0249018387780133e-24, nan 
140.125, 89.125, 1.0545755329676337e-24, nan 
140.375, 89.125, 9.990335033932138e-25, nan 
140.625, 89.125, 1.1576970693787255e-24, nan 
140.875, 89.125, 1.0285097602719483e-24, nan 
141.125, 89.125, 1.1779125303434514e-24, nan 
141.375, 89.125, 1.0913331575931656e-24, nan 
141.625, 89.125, 1.1114945158493506e-24, nan 
141.875, 89.125, 1.0994383520186438e-24, nan 
142.125, 89.125, 1.1018921380138415e-24, nan 
142.375, 89.125, 1.0218024477338469e-24, nan 
142.625, 89.125, 9.633092687851457e-25, nan 
142.875, 89.125, 1.0840890490534004e-24, nan 
143.125, 89.125, 1.040873967805475e-24, nan 
143.375, 89.125, 1.202551438932353e-24, nan 
143.625, 89.125, 1.0547081461916954e-24, nan 
143.875, 89.125, 1.0938870197281641e-24, nan 
144.125, 89.125, 1.0607413803148617e-24, nan 
144.375, 89.125, 1.0614872194756e-24, nan 
144.625, 89.125, 1.0183584677568537e-24, nan 
144.875, 89.125, 1.037937663151113e-24, nan 
145.125, 89.125, 1.0259219487080375e-24, nan 
145.375, 89.125, 1.0646301093370474e-24, nan 
145.625, 89.125, 8.759815306430555e-25, nan 
145.875, 89.125, 1.0382307709903691e-24, nan 
146.125, 89.125, 9.395345167794203e-25, nan 
146.375, 89.125, 1.0395145372877562e-24, nan 
146.625, 89.125, 1.03805650205863e-24, nan 
146.875, 89.125, 1.1786989972435275e-24, nan 
147.125, 89.125, 9.13730905193843e-25, nan 
147.375, 89.125, 1.2094785610355347e-24, nan 
147.625, 89.125, 9.114941601893013e-25, nan 
147.875, 89.125, 1.0530113405381932e-24, nan 
148.125, 89.125, 9.569355657821332e-25, nan 
148.375, 89.125, 9.923028906638494e-25, nan 
148.625, 89.125, 9.325166812559498e-25, nan 
148.875, 89.125, 9.45334406738267e-25, nan 
149.125, 89.125, 1.0172291796395343e-24, nan 
149.375, 89.125, 7.221453807930779e-25, nan 
149.625, 89.125, 7.779629172345401e-25, nan 
149.875, 89.125, 6.286188945587098e-25, nan 
150.125, 89.125, 8.904916741410232e-25, nan 
150.375, 89.125, 7.160334851676879e-25, nan 
150.625, 89.125, 8.96747655812001e-25, nan 
150.875, 89.125, 7.734901657248504e-25, nan 
151.125, 89.125, 7.58479555038637e-25, nan 
151.375, 89.125, 7.796690126291967e-25, nan 
151.625, 89.125, 7.300099471728401e-25, nan 
151.875, 89.125, 9.164994550887281e-25, nan 
152.125, 89.125, 9.15524694909773e-25, nan 
152.375, 89.125, 7.287181351033723e-25, nan 
152.625, 89.125, 8.469315251448197e-25, nan 
152.875, 89.125, 6.490962554164526e-25, nan 
153.125, 89.125, 9.78385858876646e-25, nan 
153.375, 89.125, 9.111511941846856e-25, nan 
153.625, 89.125, 8.056025402059712e-25, nan 
153.875, 89.125, 1.0160757186727547e-24, nan 
154.125, 89.125, 7.872562508410528e-25, nan 
154.375, 89.125, 9.354377893276752e-25, nan 
154.625, 89.125, 9.818396697497637e-25, nan 
154.875, 89.125, 9.281667796383773e-25, nan 
155.125, 89.125, 8.35700669628365e-25, nan 
155.375, 89.125, 1.3141720660896443e-24, nan 
155.625, 89.125, 1.247788325156705e-24, nan 
155.875, 89.125, 1.0888392589956597e-24, nan 
156.125, 89.125, 1.006388248985594e-24, nan 
156.375, 89.125, 1.2697764174726238e-24, nan 
156.625, 89.125, 1.4982770725226633e-24, nan 
156.875, 89.125, 1.6707869601265737e-24, nan 
157.125, 89.125, 1.2119939531393148e-24, nan 
157.375, 89.125, 1.3984163459384782e-24, nan 
157.625, 89.125, 1.4153821675573285e-24, nan 
157.875, 89.125, 1.2568061427356083e-24, nan 
158.125, 89.125, 1.3495962940195882e-24, nan 
158.375, 89.125, 1.318405909189023e-24, nan 
158.625, 89.125, 1.2351935690801743e-24, nan 
158.875, 89.125, 1.416568208383461e-24, nan 
159.125, 89.125, 1.4340465005035075e-24, nan 
159.375, 89.125, 1.2876551466918742e-24, nan 
159.625, 89.125, 1.4400532804358944e-24, nan 
159.875, 89.125, 1.4296262894479978e-24, nan 
160.125, 89.125, 1.4367096442860843e-24, nan 
160.375, 89.125, 1.4345227764551104e-24, nan 
160.625, 89.125, 1.322392500858799e-24, nan 
160.875, 89.125, 1.4436617222385034e-24, nan 
161.125, 89.125, 1.5334565448120533e-24, nan 
161.375, 89.125, 1.56871339551141e-24, nan 
161.625, 89.125, 1.6246898234396338e-24, nan 
161.875, 89.125, 1.7991532386808606e-24, nan 
162.125, 89.125, 1.8465672083056343e-24, nan 
162.375, 89.125, 1.9673286106293506e-24, nan 
162.625, 89.125, 2.2062604245797512e-24, nan 
162.875, 89.125, 2.4094144957955914e-24, nan 
163.125, 89.125, 2.6091363515975082e-24, nan 
163.375, 89.125, 2.8173339799093557e-24, nan 
163.625, 89.125, 2.9639398049114157e-24, nan 
163.875, 89.125, 1.2064724045460027e-24, nan 
164.125, 89.125, 1.1775266893766198e-24, nan 
164.375, 89.125, 9.927221464271182e-25, nan 
164.625, 89.125, 1.2270285424216902e-24, nan 
164.875, 89.125, 1.2364384313389688e-24, nan 
165.125, 89.125, 1.2510680875963325e-24, nan 
165.375, 89.125, 1.3866148204819509e-24, nan 
165.625, 89.125, 1.4117988750775707e-24, nan 
165.875, 89.125, 1.3241460230859175e-24, nan 
166.125, 89.125, 1.2743126670930195e-24, nan 
166.375, 89.125, 1.3298057733725367e-24, nan 
166.625, 89.125, 1.2118743663138495e-24, nan 
166.875, 89.125, 1.3883521125753434e-24, nan 
167.125, 89.125, 1.4019881942599237e-24, nan 
167.375, 89.125, 1.4073426510907665e-24, nan 
167.625, 89.125, 1.4579699655057809e-24, nan 
167.875, 89.125, 1.4416599867586978e-24, nan 
168.125, 89.125, 1.4987598682990956e-24, nan 
168.375, 89.125, 1.6758991200237817e-24, nan 
168.625, 89.125, 1.4997224457563797e-24, nan 
168.875, 89.125, 1.5663814963669302e-24, nan 
169.125, 89.125, 1.5268585479491896e-24, nan 
169.375, 89.125, 1.5625258382538866e-24, nan 
169.625, 89.125, 1.5970409630458642e-24, nan 
169.875, 89.125, 1.6406609791062941e-24, nan 
170.125, 89.125, 1.6312847880250935e-24, nan 
170.375, 89.125, 1.6444885686841765e-24, nan 
170.625, 89.125, 1.6041083435525283e-24, nan 
170.875, 89.125, 1.582797520212514e-24, nan 
171.125, 89.125, 1.5327570246292717e-24, nan 
171.375, 89.125, 1.5301023206949276e-24, nan 
171.625, 89.125, 1.7007099527685716e-24, nan 
171.875, 89.125, 1.6694904492993233e-24, nan 
172.125, 89.125, 1.848882946207623e-24, nan 
172.375, 89.125, 1.9696342293620284e-24, nan 
172.625, 89.125, 1.9000598008232616e-24, nan 
172.875, 89.125, 2.2964479310607658e-24, nan 
173.125, 89.125, 2.649024015223066e-24, nan 
173.375, 89.125, 1.8554722967882314e-24, nan 
173.625, 89.125, 1.971308840043232e-24, nan 
173.875, 89.125, 1.9678545716558727e-24, nan 
174.125, 89.125, 2.042381089549929e-24, nan 
174.375, 89.125, 2.020738022345869e-24, nan 
174.625, 89.125, 2.0349310195955412e-24, nan 
174.875, 89.125, 2.01612961285748e-24, nan 
175.125, 89.125, 2.131999659164664e-24, nan 
175.375, 89.125, 2.010467536848832e-24, nan 
175.625, 89.125, 2.0597929299291892e-24, nan 
175.875, 89.125, 2.0537947279246846e-24, nan 
176.125, 89.125, 2.0905853660270593e-24, nan 
176.375, 89.125, 2.11752626854134e-24, nan 
176.625, 89.125, 2.117933341348933e-24, nan 
176.875, 89.125, 2.244235557140248e-24, nan 
177.125, 89.125, 2.235764523645545e-24, nan 
177.375, 89.125, 2.32097048963588e-24, nan 
177.625, 89.125, 2.4677098711705974e-24, nan 
177.875, 89.125, 2.6108407542605725e-24, nan 
178.125, 89.125, 2.7880095852420527e-24, nan 
178.375, 89.125, 3.0145791231560994e-24, nan 
178.625, 89.125, 3.295638608073403e-24, nan 
178.875, 89.125, 3.610128083441841e-24, nan 
179.125, 89.125, 4.078807423887951e-24, nan 
179.375, 89.125, 4.38734228878319e-24, nan 
179.625, 89.125, 4.698743096279448e-24, nan 
179.875, 89.125, 4.946984590232504e-24, nan 
-179.875, 89.375, 2.5340157617719718e-24, nan 
-179.625, 89.375, 2.5124371909389325e-24, nan 
-179.375, 89.375, 1.6689987963816936e-24, nan 
-179.125, 89.375, 1.2583148901809086e-24, nan 
-178.875, 89.375, 1.1997646122364314e-24, nan 
-178.625, 89.375, 1.1202297932927706e-24, nan 
-178.375, 89.375, 1.1192081354572016e-24, nan 
-178.125, 89.375, 1.1624345041415922e-24, nan 
-177.875, 89.375, 1.1066726002829366e-24, nan 
-177.625, 89.375, 1.1827306444258108e-24, nan 
-177.375, 89.375, 1.1634166246210728e-24, nan 
-177.125, 89.375, 1.2175392571255766e-24, nan 
-176.875, 89.375, 1.1895576632684102e-24, nan 
-176.625, 89.375, 1.218916511739918e-24, nan 
-176.375, 89.375, 1.1414714316295083e-24, nan 
-176.125, 89.375, 1.158566917140127e-24, nan 
-175.875, 89.375, 1.2120853392208307e-24, nan 
-175.625, 89.375, 8.893741613049679e-25, nan 
-175.375, 89.375, 3.575233612403236e-25, nan 
-175.125, 89.375, 7.474570930392384e-25, nan 
-174.875, 89.375, 1.1254204508788532e-24, nan 
-174.625, 89.375, 1.220349380946176e-24, nan 
-174.375, 89.375, 1.2724923459373997e-24, nan 
-174.125, 89.375, 1.2661542369971935e-24, nan 
-173.875, 89.375, 9.61568997953699e-25, nan 
-173.625, 89.375, 4.693541240492532e-25, nan 
-173.375, 89.375, 3.500370546808036e-25, nan 
-173.125, 89.375, 6.561928225900029e-25, nan 
-172.875, 89.375, 4.917950700216574e-25, nan 
-172.625, 89.375, 3.0353006980061606e-25, nan 
-172.375, 89.375, 2.94142301405979e-25, nan 
-172.125, 89.375, 3.2549550112966463e-25, nan 
-171.875, 89.375, 5.3474038244750725e-25, nan 
-171.625, 89.375, 3.669761188252809e-25, nan 
-171.375, 89.375, 6.587929131546105e-25, nan 
-171.125, 89.375, 4.304251652722245e-25, nan 
-170.875, 89.375, 4.65991612357965e-25, nan 
-170.625, 89.375, 6.742630667937606e-25, nan 
-170.375, 89.375, 4.0848341716895414e-25, nan 
-170.125, 89.375, 4.5367047566823685e-25, nan 
-169.875, 89.375, 3.9333067869577355e-25, nan 
-169.625, 89.375, 4.328063812447553e-25, nan 
-169.375, 89.375, 4.252469903976899e-25, nan 
-169.125, 89.375, 4.835433791933866e-25, nan 
-168.875, 89.375, 4.394805756385766e-25, nan 
-168.625, 89.375, 4.668389373628545e-25, nan 
-168.375, 89.375, 4.197832948288129e-25, nan 
-168.125, 89.375, 5.094231274282921e-25, nan 
-167.875, 89.375, 4.178875038030298e-25, nan 
-167.625, 89.375, 4.804799354515686e-25, nan 
-167.375, 89.375, 4.347247404447151e-25, nan 
-167.125, 89.375, 5.065623107207559e-25, nan 
-166.875, 89.375, 5.979101464477003e-25, nan 
-166.625, 89.375, 6.141633831701173e-25, nan 
-166.375, 89.375, 5.530602555073194e-25, nan 
-166.125, 89.375, 5.779362342542811e-25, nan 
-165.875, 89.375, 5.482492213127458e-25, nan 
-165.625, 89.375, 2.78399957866584e-25, nan 
-165.375, 89.375, 4.197171150810324e-25, nan 
-165.125, 89.375, 6.653936153809184e-25, nan 
-164.875, 89.375, 6.556700214996377e-25, nan 
-164.625, 89.375, 3.676533981910943e-25, nan 
-164.375, 89.375, 5.807095382120339e-25, nan 
-164.125, 89.375, 6.732248644375547e-25, nan 
-163.875, 89.375, 7.729610013810411e-25, nan 
-163.625, 89.375, 5.804174842910134e-25, nan 
-163.375, 89.375, 6.596270073415604e-25, nan 
-163.125, 89.375, 6.56617220337045e-25, nan 
-162.875, 89.375, 6.616325892152794e-25, nan 
-162.625, 89.375, 6.116858696499615e-25, nan 
-162.375, 89.375, 6.573761146672607e-25, nan 
-162.125, 89.375, 6.294410951569096e-25, nan 
-161.875, 89.375, 7.177312475566463e-25, nan 
-161.625, 89.375, 6.816943327293487e-25, nan 
-161.375, 89.375, 7.105492595467641e-25, nan 
-161.125, 89.375, 7.71527432776745e-25, nan 
-160.875, 89.375, 7.213158534385227e-25, nan 
-160.625, 89.375, 7.007052093107461e-25, nan 
-160.375, 89.375, 7.305428376077831e-25, nan 
-160.125, 89.375, 7.049866634509477e-25, nan 
-159.875, 89.375, 8.293177653827538e-25, nan 
-159.625, 89.375, 7.65580078838263e-25, nan 
-159.375, 89.375, 7.977370861045066e-25, nan 
-159.125, 89.375, 7.767446427294218e-25, nan 
-158.875, 89.375, 8.167418577224072e-25, nan 
-158.625, 89.375, 8.660910505436498e-25, nan 
-158.375, 89.375, 8.410928194807416e-25, nan 
-158.125, 89.375, 8.179416453630216e-25, nan 
-157.875, 89.375, 8.82199031281175e-25, nan 
-157.625, 89.375, 9.018248049673722e-25, nan 
-157.375, 89.375, 8.961277594684892e-25, nan 
-157.125, 89.375, 8.973134082469522e-25, nan 
-156.875, 89.375, 8.53462198202553e-25, nan 
-156.625, 89.375, 8.56271502635751e-25, nan 
-156.375, 89.375, 8.631420127649294e-25, nan 
-156.125, 89.375, 8.452472304158637e-25, nan 
-155.875, 89.375, 9.087529687802907e-25, nan 
-155.625, 89.375, 8.697763569666263e-25, nan 
-155.375, 89.375, 8.748410880734092e-25, nan 
-155.125, 89.375, 8.6410144472746e-25, nan 
-154.875, 89.375, 9.350507377532586e-25, nan 
-154.625, 89.375, 8.91964986127635e-25, nan 
-154.375, 89.375, 1.0164639518863644e-24, nan 
-154.125, 89.375, 9.032768019102337e-25, nan 
-153.875, 89.375, 9.21870580673204e-25, nan 
-153.625, 89.375, 8.82398333515653e-25, nan 
-153.375, 89.375, 9.068802309171543e-25, nan 
-153.125, 89.375, 9.032277668851699e-25, nan 
-152.875, 89.375, 1.0443969524997888e-24, nan 
-152.625, 89.375, 8.743286564224584e-25, nan 
-152.375, 89.375, 8.86802083654487e-25, nan 
-152.125, 89.375, 8.316442426881094e-25, nan 
-151.875, 89.375, 8.935297738318104e-25, nan 
-151.625, 89.375, 1.0346938187317295e-24, nan 
-151.375, 89.375, 1.0387032861870893e-24, nan 
-151.125, 89.375, 1.012489372887713e-24, nan 
-150.875, 89.375, 1.0431660668569037e-24, nan 
-150.625, 89.375, 9.965203318621192e-25, nan 
-150.375, 89.375, 9.785802602719586e-25, nan 
-150.125, 89.375, 9.327839289892347e-25, nan 
-149.875, 89.375, 8.74163488085495e-25, nan 
-149.625, 89.375, 7.74565051779928e-25, nan 
-149.375, 89.375, 3.4834171411542134e-25, nan 
-149.125, 89.375, 6.548333109133737e-25, nan 
-148.875, 89.375, 6.339361901144302e-25, nan 
-148.625, 89.375, 9.104862511123115e-25, nan 
-148.375, 89.375, 9.505909212843465e-25, nan 
-148.125, 89.375, 7.141283084802294e-25, nan 
-147.875, 89.375, 6.184589751081521e-25, nan 
-147.625, 89.375, 6.1328076240316605e-25, nan 
-147.375, 89.375, 5.661136285372776e-25, nan 
-147.125, 89.375, 5.242337902041914e-25, nan 
-146.875, 89.375, 5.293948995647807e-25, nan 
-146.625, 89.375, 4.907432819841993e-25, nan 
-146.375, 89.375, 4.535202415150076e-25, nan 
-146.125, 89.375, 4.638001758363942e-25, nan 
-145.875, 89.375, 4.362910552336441e-25, nan 
-145.625, 89.375, 4.123030426465839e-25, nan 
-145.375, 89.375, 4.845399278427236e-25, nan 
-145.125, 89.375, 3.7889621376377996e-25, nan 
-144.875, 89.375, 4.203289965135715e-25, nan 
-144.625, 89.375, 4.066165644119234e-25, nan 
-144.375, 89.375, 3.441412637098892e-25, nan 
-144.125, 89.375, 3.355683470209117e-25, nan 
-143.875, 89.375, 3.511801191202486e-25, nan 
-143.625, 89.375, 2.819856963698031e-25, nan 
-143.375, 89.375, 3.5100729162012733e-25, nan 
-143.125, 89.375, 3.5106382266520946e-25, nan 
-142.875, 89.375, 3.55037669885625e-25, nan 
-142.625, 89.375, 2.8346737195175817e-25, nan 
-142.375, 89.375, 6.146421276783451e-25, nan 
-142.125, 89.375, 3.5550093826300153e-25, nan 
-141.875, 89.375, 3.66664441347906e-25, nan 
-141.625, 89.375, 3.44657955234877e-25, nan 
-141.375, 89.375, 2.631900774410982e-25, nan 
-141.125, 89.375, 2.695714169235058e-25, nan 
-140.875, 89.375, 3.7115952375962695e-25, nan 
-140.625, 89.375, 2.763011760381532e-25, nan 
-140.375, 89.375, 4.690236391158044e-25, nan 
-140.125, 89.375, 3.0013590137215065e-25, nan 
-139.875, 89.375, 5.106669761287271e-25, nan 
-139.625, 89.375, 3.1008632012415606e-25, nan 
-139.375, 89.375, 3.8942126465426104e-25, nan 
-139.125, 89.375, 3.419828692772953e-25, nan 
-138.875, 89.375, 2.9995715420521976e-25, nan 
-138.625, 89.375, 2.7863875887790905e-25, nan 
-138.375, 89.375, 2.7650513917649506e-25, nan 
-138.125, 89.375, 3.8025814536568463e-25, nan 
-137.875, 89.375, 2.772856429589651e-25, nan 
-137.625, 89.375, 2.7930738873781776e-25, nan 
-137.375, 89.375, 3.1764547054676233e-25, nan 
-137.125, 89.375, 3.3492786868819123e-25, nan 
-136.875, 89.375, 3.926139269509627e-25, nan 
-136.625, 89.375, 3.2760953832359984e-25, nan 
-136.375, 89.375, 3.604333899287308e-25, nan 
-136.125, 89.375, 3.040031254400814e-25, nan 
-135.875, 89.375, 3.602222408896881e-25, nan 
-135.625, 89.375, 4.201729494185774e-25, nan 
-135.375, 89.375, 3.6792493757383516e-25, nan 
-135.125, 89.375, 4.634081653855222e-25, nan 
-134.875, 89.375, 3.5824498846199634e-25, nan 
-134.625, 89.375, 3.1299956367991465e-25, nan 
-134.375, 89.375, 4.1248156998126286e-25, nan 
-134.125, 89.375, 3.3578506142694207e-25, nan 
-133.875, 89.375, 4.8817089655040325e-25, nan 
-133.625, 89.375, 3.6714549042960404e-25, nan 
-133.375, 89.375, 4.198947916735456e-25, nan 
-133.125, 89.375, 3.4664512193366366e-25, nan 
-132.875, 89.375, 3.9231401583546463e-25, nan 
-132.625, 89.375, 3.8627398127525976e-25, nan 
-132.375, 89.375, 6.075426697005569e-25, nan 
-132.125, 89.375, 5.713825507883505e-25, nan 
-131.875, 89.375, 4.624274692270107e-25, nan 
-131.625, 89.375, 3.9836789693635466e-25, nan 
-131.375, 89.375, 3.396540528089264e-25, nan 
-131.125, 89.375, 2.8242762919453065e-25, nan 
-130.875, 89.375, 3.137380935176799e-25, nan 
-130.625, 89.375, 2.842195988335312e-25, nan 
-130.375, 89.375, 3.7207800388718064e-25, nan 
-130.125, 89.375, 3.6979336054302622e-25, nan 
-129.875, 89.375, 4.0108657212268443e-25, nan 
-129.625, 89.375, 4.118110912182191e-25, nan 
-129.375, 89.375, 4.793701340901951e-25, nan 
-129.125, 89.375, 4.378049400134271e-25, nan 
-128.875, 89.375, 4.0422943310195874e-25, nan 
-128.625, 89.375, 4.097951902209154e-25, nan 
-128.375, 89.375, 4.098935472750598e-25, nan 
-128.125, 89.375, 4.3488820831247165e-25, nan 
-127.875, 89.375, 4.466672593503974e-25, nan 
-127.625, 89.375, 4.83672080924975e-25, nan 
-127.375, 89.375, 4.956433557371268e-25, nan 
-127.125, 89.375, 5.152989339785227e-25, nan 
-126.875, 89.375, 4.69900295952695e-25, nan 
-126.625, 89.375, 4.693864860361413e-25, nan 
-126.375, 89.375, 4.306169491125467e-25, nan 
-126.125, 89.375, 4.512990237926002e-25, nan 
-125.875, 89.375, 5.097487028974989e-25, nan 
-125.625, 89.375, 4.80109667971623e-25, nan 
-125.375, 89.375, 4.984690511043831e-25, nan 
-125.125, 89.375, 4.990060412576622e-25, nan 
-124.875, 89.375, 4.43622772464569e-25, nan 
-124.625, 89.375, 5.120379953871403e-25, nan 
-124.375, 89.375, 4.69849855553446e-25, nan 
-124.125, 89.375, 5.239938953219539e-25, nan 
-123.875, 89.375, 5.108252055794458e-25, nan 
-123.625, 89.375, 3.4629626652054402e-25, nan 
-123.375, 89.375, 2.806618179383769e-25, nan 
-123.125, 89.375, 2.767916212140227e-25, nan 
-122.875, 89.375, 3.0477637092241896e-25, nan 
-122.625, 89.375, 3.9022440145399064e-25, nan 
-122.375, 89.375, 3.071093193212712e-25, nan 
-122.125, 89.375, 3.694065379612576e-25, nan 
-121.875, 89.375, 4.603004776934776e-25, nan 
-121.625, 89.375, 3.702927919405943e-25, nan 
-121.375, 89.375, 3.2248655526284955e-25, nan 
-121.125, 89.375, 3.488970535607679e-25, nan 
-120.875, 89.375, 3.292838617609864e-25, nan 
-120.625, 89.375, 3.6755982859742774e-25, nan 
-120.375, 89.375, 2.4773223141625266e-25, nan 
-120.125, 89.375, 3.6874314224859296e-25, nan 
-119.875, 89.375, 2.849701188806785e-25, nan 
-119.625, 89.375, 3.9824916520743993e-25, nan 
-119.375, 89.375, 2.814104981660521e-25, nan 
-119.125, 89.375, 2.4971537389343427e-25, nan 
-118.875, 89.375, 2.00076491912246e-25, nan 
-118.625, 89.375, 2.203384779871496e-25, nan 
-118.375, 89.375, 1.961678516269971e-25, nan 
-118.125, 89.375, 2.3567693143655906e-25, nan 
-117.875, 89.375, 1.6427079086600593e-25, nan 
-117.625, 89.375, 3.523146470811877e-25, nan 
-117.375, 89.375, 2.1301045272146003e-25, nan 
-117.125, 89.375, 3.4587584041443975e-25, nan 
-116.875, 89.375, 1.9404767438248583e-25, nan 
-116.625, 89.375, 2.733352976193079e-25, nan 
-116.375, 89.375, 1.2431800856436887e-25, nan 
-116.125, 89.375, 2.388439405134773e-25, nan 
-115.875, 89.375, 1.6374116155447362e-25, nan 
-115.625, 89.375, 1.9710625975234328e-25, nan 
-115.375, 89.375, 1.7887298162192068e-25, nan 
-115.125, 89.375, 1.9735882339713399e-25, nan 
-114.875, 89.375, 1.5430812821134698e-25, nan 
-114.625, 89.375, 2.2861551941889904e-25, nan 
-114.375, 89.375, 1.6424592435090604e-25, nan 
-114.125, 89.375, 1.874211530306926e-25, nan 
-113.875, 89.375, 2.392300590399724e-25, nan 
-113.625, 89.375, 1.3912586729038934e-25, nan 
-113.375, 89.375, 1.9187960847761005e-25, nan 
-113.125, 89.375, 1.8478096893319482e-25, nan 
-112.875, 89.375, 2.1659779176117265e-25, nan 
-112.625, 89.375, 1.9043530571373108e-25, nan 
-112.375, 89.375, 2.0922663508327973e-25, nan 
-112.125, 89.375, 1.3782846158070934e-25, nan 
-111.875, 89.375, 2.3033572957069864e-25, nan 
-111.625, 89.375, 7.769992518082551e-26, nan 
-111.375, 89.375, 2.496113685149071e-25, nan 
-111.125, 89.375, 2.13325031740057e-25, nan 
-110.875, 89.375, 2.2480282374549704e-25, nan 
-110.625, 89.375, 1.728708322829881e-25, nan 
-110.375, 89.375, 1.844842612400193e-25, nan 
-110.125, 89.375, 9.040460886398523e-26, nan 
-109.875, 89.375, 9.631463458642842e-26, nan 
-109.625, 89.375, 2.2532899426387533e-25, nan 
-109.375, 89.375, 1.3158665409785282e-25, nan 
-109.125, 89.375, 2.0790802768452836e-25, nan 
-108.875, 89.375, 1.1648574140219953e-25, nan 
-108.625, 89.375, 1.7095425819522822e-25, nan 
-108.375, 89.375, 1.5338993408676162e-25, nan 
-108.125, 89.375, 1.552221002615946e-25, nan 
-107.875, 89.375, 2.393762795165529e-25, nan 
-107.625, 89.375, 2.6494285025923603e-25, nan 
-107.375, 89.375, 2.445674808910947e-25, nan 
-107.125, 89.375, 2.4752642840486696e-25, nan 
-106.875, 89.375, 2.473510802067745e-25, nan 
-106.625, 89.375, 1.4792078736721112e-25, nan 
-106.375, 89.375, 1.4135877297827073e-25, nan 
-106.125, 89.375, 1.1699228795131159e-25, nan 
-105.875, 89.375, 1.3028740417681502e-25, nan 
-105.625, 89.375, 1.4302920183661957e-25, nan 
-105.375, 89.375, 1.654895027172956e-25, nan 
-105.125, 89.375, 1.477988490019323e-25, nan 
-104.875, 89.375, 1.2758763291067417e-25, nan 
-104.625, 89.375, 1.805582994592651e-25, nan 
-104.375, 89.375, 8.298973561248412e-26, nan 
-104.125, 89.375, 1.3009530171331444e-25, nan 
-103.875, 89.375, 8.772012523769902e-26, nan 
-103.625, 89.375, 1.128313466474516e-25, nan 
-103.375, 89.375, 1.0868552173116634e-25, nan 
-103.125, 89.375, 9.06058371700174e-26, nan 
-102.875, 89.375, 1.5511599231680345e-25, nan 
-102.625, 89.375, 8.119425597386686e-26, nan 
-102.375, 89.375, 1.6030739167056861e-25, nan 
-102.125, 89.375, 1.56454865144409e-25, nan 
-101.875, 89.375, 1.5873833056084406e-25, nan 
-101.625, 89.375, 1.366752484722754e-25, nan 
-101.375, 89.375, 1.5258124271399927e-25, nan 
-101.125, 89.375, 1.6539173912105006e-25, nan 
-100.875, 89.375, 2.0353915645049645e-25, nan 
-100.625, 89.375, 1.2651815963434375e-25, nan 
-100.375, 89.375, 1.6204521919875433e-25, nan 
-100.125, 89.375, 1.1195276421197847e-25, nan 
-99.875, 89.375, 1.5181133269659088e-25, nan 
-99.625, 89.375, 1.514205697277246e-25, nan 
-99.375, 89.375, 1.2899789524151113e-25, nan 
-99.125, 89.375, 7.80164456007568e-26, nan 
-98.875, 89.375, 6.485218466028859e-26, nan 
-98.625, 89.375, 3.7194190014336753e-26, nan 
-98.375, 89.375, 5.027337766874639e-26, nan 
-98.125, 89.375, 6.65210925571283e-26, nan 
-97.875, 89.375, 4.506977657142609e-26, nan 
-97.625, 89.375, 6.160211039114618e-26, nan 
-97.375, 89.375, 6.375594042036855e-26, nan 
-97.125, 89.375, 9.209859789476104e-26, nan 
-96.875, 89.375, 7.445084619334978e-26, nan 
-96.625, 89.375, 9.945596507348563e-26, nan 
-96.375, 89.375, 1.069179597778913e-25, nan 
-96.125, 89.375, 1.4331058527611096e-25, nan 
-95.875, 89.375, 1.419683039222822e-25, nan 
-95.625, 89.375, 2.9219759734367205e-25, nan 
-95.375, 89.375, 2.9422779755617223e-25, nan 
-95.125, 89.375, 2.9679730921115994e-25, nan 
-94.875, 89.375, 2.9327652529344375e-25, nan 
-94.625, 89.375, 2.9677902436691173e-25, nan 
-94.375, 89.375, 2.264612043309229e-25, nan 
-94.125, 89.375, 2.9551905336396057e-25, nan 
-93.875, 89.375, 2.54931221807042e-25, nan 
-93.625, 89.375, 2.669567727576629e-25, nan 
-93.375, 89.375, 2.810101137199587e-25, nan 
-93.125, 89.375, 2.598912327128742e-25, nan 
-92.875, 89.375, 2.10803114957176e-25, nan 
-92.625, 89.375, 2.5046581570949073e-25, nan 
-92.375, 89.375, 2.177753598378722e-25, nan 
-92.125, 89.375, 2.4795914551028913e-25, nan 
-91.875, 89.375, 2.0895944731155834e-25, nan 
-91.625, 89.375, 2.248854021005721e-25, nan 
-91.375, 89.375, 2.1202643106994964e-25, nan 
-91.125, 89.375, 2.431488021432825e-25, nan 
-90.875, 89.375, 2.43465792213889e-25, nan 
-90.625, 89.375, 2.608497128548575e-25, nan 
-90.375, 89.375, 3.0754457113888984e-25, nan 
-90.125, 89.375, 3.0236482333889056e-25, nan 
-89.875, 89.375, 3.4686709181758377e-25, nan 
-89.625, 89.375, 3.1043924994547986e-25, nan 
-89.375, 89.375, 2.4265026553276426e-25, nan 
-89.125, 89.375, 3.0283820867591523e-25, nan 
-88.875, 89.375, 2.3888271244143745e-25, nan 
-88.625, 89.375, 3.625658293364556e-25, nan 
-88.375, 89.375, 2.6088621167119695e-25, nan 
-88.125, 89.375, 2.9328036986236196e-25, nan 
-87.875, 89.375, 1.6452320806403367e-25, nan 
-87.625, 89.375, 3.132430382542503e-25, nan 
-87.375, 89.375, 3.0959191561140747e-25, nan 
-87.125, 89.375, 2.2534018319176474e-25, nan 
-86.875, 89.375, 3.466650427331141e-25, nan 
-86.625, 89.375, 3.075963705833672e-25, nan 
-86.375, 89.375, 3.5040395687849133e-25, nan 
-86.125, 89.375, 2.331790230943067e-25, nan 
-85.875, 89.375, 3.326159303115623e-25, nan 
-85.625, 89.375, 3.1807242130901416e-25, nan 
-85.375, 89.375, 2.8561349392341097e-25, nan 
-85.125, 89.375, 2.930980414545352e-25, nan 
-84.875, 89.375, 4.0904791910554354e-25, nan 
-84.625, 89.375, 2.6450109578323666e-25, nan 
-84.375, 89.375, 4.195798303951817e-25, nan 
-84.125, 89.375, 3.19119371185665e-25, nan 
-83.875, 89.375, 4.016723204434771e-25, nan 
-83.625, 89.375, 2.8278422375827894e-25, nan 
-83.375, 89.375, 4.11532497368251e-25, nan 
-83.125, 89.375, 3.228097754910144e-25, nan 
-82.875, 89.375, 3.384429696692989e-25, nan 
-82.625, 89.375, 4.140881461243052e-25, nan 
-82.375, 89.375, 4.243918455240612e-25, nan 
-82.125, 89.375, 3.7552280994731843e-25, nan 
-81.875, 89.375, 4.0187148267730045e-25, nan 
-81.625, 89.375, 3.8996354433829786e-25, nan 
-63.125, 89.375, 6.585738842534176e-25, nan 
-62.875, 89.375, 6.918805307827312e-25, nan 
-62.625, 89.375, 7.903522813790074e-25, nan 
-62.375, 89.375, 7.108270967244836e-25, nan 
-62.125, 89.375, 7.331590896394346e-25, nan 
-61.875, 89.375, 7.532289377695898e-25, nan 
-61.625, 89.375, 7.262552209930765e-25, nan 
-61.375, 89.375, 7.285091915720818e-25, nan 
-61.125, 89.375, 7.68525705788062e-25, nan 
-60.875, 89.375, 8.49822057151887e-25, nan 
-60.625, 89.375, 7.542952231138404e-25, nan 
-60.375, 89.375, 7.363336175597934e-25, nan 
-60.125, 89.375, 7.57617570199881e-25, nan 
-59.875, 89.375, 8.515652118743092e-25, nan 
-59.625, 89.375, 7.453192688496669e-25, nan 
-59.375, 89.375, 8.213864246809764e-25, nan 
-59.125, 89.375, 7.668797891242693e-25, nan 
-58.875, 89.375, 8.078048590548467e-25, nan 
-58.625, 89.375, 8.17025169965493e-25, nan 
-58.375, 89.375, 7.976719434195405e-25, nan 
-58.125, 89.375, 8.129213870728974e-25, nan 
-57.875, 89.375, 7.971061965960331e-25, nan 
-57.625, 89.375, 8.089498412567992e-25, nan 
-57.375, 89.375, 7.923674828363544e-25, nan 
-57.125, 89.375, 8.996693749288813e-25, nan 
-56.875, 89.375, 7.991969202437365e-25, nan 
-56.625, 89.375, 8.116783678730422e-25, nan 
-56.375, 89.375, 7.972985959111351e-25, nan 
-56.125, 89.375, 8.647721151719095e-25, nan 
-55.875, 89.375, 9.167543793938183e-25, nan 
-55.625, 89.375, 9.552898513924314e-25, nan 
-55.375, 89.375, 9.838818851974795e-25, nan 
-55.125, 89.375, 1.082521679091471e-24, nan 
-54.875, 89.375, 9.942453784210938e-25, nan 
-54.625, 89.375, 1.1036399392041679e-24, nan 
-54.375, 89.375, 1.0090856549231336e-24, nan 
-54.125, 89.375, 1.0157091315299728e-24, nan 
-53.875, 89.375, 1.1025157735392902e-24, nan 
-53.625, 89.375, 9.614774381516564e-25, nan 
-53.375, 89.375, 9.318430316769374e-25, nan 
-53.125, 89.375, 1.0436513392268879e-24, nan 
-52.875, 89.375, 9.625745893691066e-25, nan 
-52.625, 89.375, 1.0343305473411684e-24, nan 
-52.375, 89.375, 9.650893326298127e-25, nan 
-52.125, 89.375, 9.664187198091401e-25, nan 
-51.875, 89.375, 9.50479165240839e-25, nan 
-51.625, 89.375, 9.491601275840207e-25, nan 
-51.375, 89.375, 9.443677455200393e-25, nan 
-51.125, 89.375, 9.26570567253742e-25, nan 
-50.875, 89.375, 9.430935427194121e-25, nan 
-50.625, 89.375, 9.099193025663863e-25, nan 
-50.375, 89.375, 9.161912707664373e-25, nan 
-50.125, 89.375, 8.283387379992169e-25, nan 
-49.875, 89.375, 7.861073753656191e-25, nan 
-49.625, 89.375, 7.691618758707799e-25, nan 
-49.375, 89.375, 8.302593492124969e-25, nan 
-49.125, 89.375, 7.737510823943434e-25, nan 
-48.875, 89.375, 7.976255507089969e-25, nan 
-48.625, 89.375, 7.534657669996178e-25, nan 
-48.375, 89.375, 8.240988649126437e-25, nan 
-48.125, 89.375, 7.816116940779876e-25, nan 
-47.875, 89.375, 7.83589548128821e-25, nan 
-47.625, 89.375, 8.605086050109688e-25, nan 
-47.375, 89.375, 8.844126692898567e-25, nan 
-47.125, 89.375, 9.726273886640102e-25, nan 
-46.875, 89.375, 1.0021270647138793e-24, nan 
-46.625, 89.375, 8.495803425259942e-25, nan 
-46.375, 89.375, 9.378137123225432e-25, nan 
-46.125, 89.375, 9.085693324859743e-25, nan 
-45.875, 89.375, 9.365504861141152e-25, nan 
-45.625, 89.375, 8.864143157678782e-25, nan 
-45.375, 89.375, 8.760853493710546e-25, nan 
-45.125, 89.375, 8.351033678525295e-25, nan 
-44.875, 89.375, 8.933526099827499e-25, nan 
-44.625, 89.375, 8.020443734874678e-25, nan 
-44.375, 89.375, 8.878365080408414e-25, nan 
-44.125, 89.375, 1.0952999386423973e-24, nan 
-43.875, 89.375, 7.73541938121735e-25, nan 
-43.625, 89.375, 7.325375893008488e-25, nan 
-43.375, 89.375, 8.61308446861348e-25, nan 
-43.125, 89.375, 8.57210292363688e-25, nan 
-42.875, 89.375, 8.594358872526651e-25, nan 
-42.625, 89.375, 8.412631649483286e-25, nan 
-42.375, 89.375, 8.634150351919511e-25, nan 
-42.125, 89.375, 8.488607649795726e-25, nan 
-41.875, 89.375, 7.5292189823570435e-25, nan 
-41.625, 89.375, 8.546001016150102e-25, nan 
-41.375, 89.375, 7.46305234234188e-25, nan 
-41.125, 89.375, 7.854177516496832e-25, nan 
-40.875, 89.375, 7.713680930994808e-25, nan 
-40.625, 89.375, 8.1185860413500395e-25, nan 
-40.375, 89.375, 7.409032157378961e-25, nan 
-40.125, 89.375, 7.394086947558273e-25, nan 
-39.875, 89.375, 8.095600861140096e-25, nan 
-39.625, 89.375, 7.699940173654939e-25, nan 
-39.375, 89.375, 7.511788844987066e-25, nan 
-39.125, 89.375, 8.107297186753431e-25, nan 
-38.875, 89.375, 7.113304371122688e-25, nan 
-38.625, 89.375, 7.6096637418306655e-25, nan 
-38.375, 89.375, 7.00694279460279e-25, nan 
-38.125, 89.375, 8.125441133978171e-25, nan 
-37.875, 89.375, 6.922316054295847e-25, nan 
-37.625, 89.375, 7.125471421265867e-25, nan 
-37.375, 89.375, 7.375149635341105e-25, nan 
-37.125, 89.375, 8.170190212340755e-25, nan 
-36.875, 89.375, 6.7218301227250745e-25, nan 
-36.625, 89.375, 7.815988797476825e-25, nan 
-36.375, 89.375, 7.075591879743499e-25, nan 
-36.125, 89.375, 7.654225939106322e-25, nan 
-35.875, 89.375, 8.07720338667468e-25, nan 
-35.625, 89.375, 7.674055510994732e-25, nan 
-35.375, 89.375, 7.344411571741002e-25, nan 
-35.125, 89.375, 7.614029607067268e-25, nan 
-34.875, 89.375, 7.696245746889179e-25, nan 
-34.625, 89.375, 7.732529685452566e-25, nan 
-34.375, 89.375, 9.08579049055791e-25, nan 
-34.125, 89.375, 7.544152350146881e-25, nan 
-33.875, 89.375, 8.072373322863664e-25, nan 
-33.625, 89.375, 7.146508001240446e-25, nan 
-33.375, 89.375, 7.342180641074661e-25, nan 
-33.125, 89.375, 7.212158197484635e-25, nan 
-32.875, 89.375, 7.827173211665148e-25, nan 
-32.625, 89.375, 7.866528785121796e-25, nan 
-32.375, 89.375, 8.501928321564356e-25, nan 
-32.125, 89.375, 8.111073769685673e-25, nan 
-31.875, 89.375, 9.05204167466492e-25, nan 
-31.625, 89.375, 8.158076929475647e-25, nan 
-31.375, 89.375, 8.086699472405038e-25, nan 
-31.125, 89.375, 9.339438098503352e-25, nan 
-30.875, 89.375, 7.543477105781331e-25, nan 
-30.625, 89.375, 7.286847224989059e-25, nan 
-30.375, 89.375, 8.2621742511978135e-25, nan 
-30.125, 89.375, 6.762912684939958e-25, nan 
-29.875, 89.375, 8.153711386649061e-25, nan 
-29.625, 89.375, 7.150899705567448e-25, nan 
-29.375, 89.375, 7.894352820136778e-25, nan 
-29.125, 89.375, 7.430949262992181e-25, nan 
-28.875, 89.375, 7.201429709477517e-25, nan 
-28.625, 89.375, 7.039065693486382e-25, nan 
-28.375, 89.375, 6.885001510848621e-25, nan 
-28.125, 89.375, 7.20065303648326e-25, nan 
-27.875, 89.375, 6.156235767065176e-25, nan 
-27.625, 89.375, 5.812477890306164e-25, nan 
-27.375, 89.375, 6.935211777103768e-25, nan 
-27.125, 89.375, 5.331146521639563e-25, nan 
-26.875, 89.375, 5.481425627930561e-25, nan 
-26.625, 89.375, 5.548775815657134e-25, nan 
-26.375, 89.375, 6.497417254165881e-25, nan 
-26.125, 89.375, 5.543257719315041e-25, nan 
-25.875, 89.375, 6.46600615367816e-25, nan 
-25.625, 89.375, 4.930222809845373e-25, nan 
-25.375, 89.375, 5.771727273578574e-25, nan 
-25.125, 89.375, 6.184862940540851e-25, nan 
-24.875, 89.375, 7.069878859053196e-25, nan 
-24.625, 89.375, 6.655526238298987e-25, nan 
-24.375, 89.375, 8.47823380451052e-25, nan 
-24.125, 89.375, 9.069372659818584e-25, nan 
-23.875, 89.375, 6.705724927824379e-25, nan 
-23.625, 89.375, 8.034646820091706e-25, nan 
-23.375, 89.375, 5.982331219382246e-25, nan 
-23.125, 89.375, 6.818131514561336e-25, nan 
-22.875, 89.375, 5.422978607826658e-25, nan 
-22.625, 89.375, 6.289917172238754e-25, nan 
-22.375, 89.375, 5.872849062730892e-25, nan 
-22.125, 89.375, 8.295469909594792e-25, nan 
-21.875, 89.375, 6.770199859206395e-25, nan 
-21.625, 89.375, 5.616008164391505e-25, nan 
-21.375, 89.375, 5.646871153004457e-25, nan 
-21.125, 89.375, 4.777390608582018e-25, nan 
-20.875, 89.375, 5.63976977960802e-25, nan 
-20.625, 89.375, 8.235771140502219e-25, nan 
-20.375, 89.375, 9.901000011653721e-25, nan 
-20.125, 89.375, 8.872871527367565e-25, nan 
-19.875, 89.375, 9.374284168430004e-25, nan 
-19.625, 89.375, 8.417465988650821e-25, nan 
-19.375, 89.375, 1.026549779905577e-24, nan 
-19.125, 89.375, 1.0003982817762042e-24, nan 
-18.875, 89.375, 7.674882335600126e-25, nan 
-18.625, 89.375, 7.91000355121632e-25, nan 
-18.375, 89.375, 6.4384135505345805e-25, nan 
-18.125, 89.375, 6.489914328984434e-25, nan 
-17.875, 89.375, 5.02753403811361e-25, nan 
-17.625, 89.375, 6.4960126841105e-25, nan 
-17.375, 89.375, 6.351723694409658e-25, nan 
-17.125, 89.375, 4.716234097859224e-25, nan 
-16.875, 89.375, 6.329600028841947e-25, nan 
-16.625, 89.375, 6.8049610788324125e-25, nan 
-16.375, 89.375, 6.121132351771408e-25, nan 
-16.125, 89.375, 6.380949746333083e-25, nan 
-15.875, 89.375, 6.175635000772266e-25, nan 
-15.625, 89.375, 6.419419925431392e-25, nan 
-15.375, 89.375, 6.239815001983033e-25, nan 
-15.125, 89.375, 7.770920373106577e-25, nan 
-14.875, 89.375, 9.95817677913814e-25, nan 
-14.625, 89.375, 9.429866124728733e-25, nan 
-14.375, 89.375, 4.912917462706664e-25, nan 
-14.125, 89.375, 5.537614739935026e-25, nan 
-13.875, 89.375, 5.7995738934168295e-25, nan 
-13.625, 89.375, 6.482684863278106e-25, nan 
-13.375, 89.375, 5.623974007629959e-25, nan 
-13.125, 89.375, 5.70261256455272e-25, nan 
-12.875, 89.375, 4.718854167507493e-25, nan 
-12.625, 89.375, 4.865103500816723e-25, nan 
-12.375, 89.375, 4.85857924906557e-25, nan 
-12.125, 89.375, 3.571023847034334e-25, nan 
-11.875, 89.375, 5.525616974864549e-25, nan 
-11.625, 89.375, 5.0777802121705045e-25, nan 
-11.375, 89.375, 5.695485745310344e-25, nan 
-11.125, 89.375, 8.2933123157377e-25, nan 
-10.875, 89.375, 6.999651473773576e-25, nan 
-10.625, 89.375, 5.474407887857569e-25, nan 
-10.375, 89.375, 6.927188317779432e-25, nan 
-10.125, 89.375, 7.6575304251049e-25, nan 
-9.875, 89.375, 8.031581827214245e-25, nan 
-9.625, 89.375, 6.93249181813357e-25, nan 
-9.375, 89.375, 8.079644575665546e-25, nan 
-9.125, 89.375, 7.402810345512922e-25, nan 
-8.875, 89.375, 6.931787288386835e-25, nan 
-8.625, 89.375, 7.897479334758969e-25, nan 
-8.375, 89.375, 8.277647349786142e-25, nan 
-8.125, 89.375, 2.826499269636685e-25, nan 
-7.875, 89.375, 5.942031912985948e-25, nan 
-7.625, 89.375, 7.423096051874255e-25, nan 
-7.375, 89.375, 7.860983197525503e-25, nan 
-7.125, 89.375, 6.602184178544243e-25, nan 
-6.875, 89.375, 1.0366037949572325e-24, nan 
-6.625, 89.375, 8.308542472769653e-25, nan 
-6.375, 89.375, 8.023732753972084e-25, nan 
-6.125, 89.375, 8.835361487755485e-25, nan 
-5.875, 89.375, 1.0349969583628843e-24, nan 
-5.625, 89.375, 7.800905443741175e-25, nan 
-5.375, 89.375, 1.0598520310077082e-24, nan 
-5.125, 89.375, 9.345629787666407e-25, nan 
-4.875, 89.375, 7.904075733269881e-25, nan 
-4.625, 89.375, 7.895097370854836e-25, nan 
-4.375, 89.375, 8.715040215767517e-25, nan 
-4.125, 89.375, 7.934799843373951e-25, nan 
-3.875, 89.375, 8.648558851175316e-25, nan 
-3.625, 89.375, 9.804523470639742e-25, nan 
-3.375, 89.375, 8.768253879791337e-25, nan 
-3.125, 89.375, 8.72684387188302e-25, nan 
-2.875, 89.375, 9.179067889121722e-25, nan 
-2.625, 89.375, 7.826972282162472e-25, nan 
-2.375, 89.375, 7.600058619402549e-25, nan 
-2.125, 89.375, 1.0768781818120966e-24, nan 
-1.875, 89.375, 8.661418697221757e-25, nan 
-1.625, 89.375, 8.160386210785913e-25, nan 
-1.375, 89.375, 7.978462317161283e-25, nan 
-1.125, 89.375, 9.1728507128084e-25, nan 
-0.875, 89.375, 7.749057657250333e-25, nan 
-0.625, 89.375, 8.195180638072912e-25, nan 
-0.375, 89.375, 8.183822175353177e-25, nan 
-0.125, 89.375, 9.278476020641096e-25, nan 
0.125, 89.375, 8.630961523378473e-25, nan 
0.375, 89.375, 8.079260595669275e-25, nan 
0.625, 89.375, 8.401716349717432e-25, nan 
0.875, 89.375, 7.84280446668937e-25, nan 
1.125, 89.375, 9.15301831656355e-25, nan 
1.375, 89.375, 7.997236096979707e-25, nan 
1.625, 89.375, 9.500043697520736e-25, nan 
1.875, 89.375, 8.056900682415592e-25, nan 
2.125, 89.375, 8.121896111321711e-25, nan 
2.375, 89.375, 6.5546026736432405e-25, nan 
2.625, 89.375, 6.383870144968558e-25, nan 
2.875, 89.375, 6.768062319156929e-25, nan 
3.125, 89.375, 8.393529971463445e-25, nan 
3.375, 89.375, 8.179683396267389e-25, nan 
3.625, 89.375, 1.259895520572006e-24, nan 
3.875, 89.375, 9.10923796140502e-25, nan 
4.125, 89.375, 1.3818016860905268e-24, nan 
4.375, 89.375, 8.1083162706164655e-25, nan 
4.625, 89.375, 4.4731387088708975e-25, nan 
4.875, 89.375, 5.12800532534882e-25, nan 
5.125, 89.375, 6.143102930977566e-25, nan 
5.375, 89.375, 8.317096916465536e-25, nan 
5.625, 89.375, 7.276986160917239e-25, nan 
5.875, 89.375, 1.0974120329480082e-24, nan 
6.125, 89.375, 1.1180610082863725e-24, nan 
6.375, 89.375, 7.2727950272252295e-25, nan 
6.625, 89.375, 1.1657336205013293e-24, nan 
6.875, 89.375, 8.056768746181122e-25, nan 
7.125, 89.375, 1.196968329536419e-24, nan 
7.375, 89.375, 2.876233888710026e-25, nan 
7.625, 89.375, 1.1165040719220966e-24, nan 
7.875, 89.375, 9.357859783191992e-25, nan 
8.125, 89.375, 1.1200220640255365e-24, nan 
8.375, 89.375, 1.1241823569758331e-24, nan 
8.625, 89.375, 1.1434414733979442e-24, nan 
8.875, 89.375, 1.206664105193083e-24, nan 
9.125, 89.375, 1.532995886785846e-24, nan 
9.375, 89.375, 1.2072145907875166e-24, nan 
9.625, 89.375, 1.5313741872161037e-24, nan 
9.875, 89.375, 1.191732582218454e-24, nan 
10.125, 89.375, 1.0155831295109803e-24, nan 
10.375, 89.375, 1.2416766747586878e-24, nan 
10.625, 89.375, 1.0663294672225766e-24, nan 
10.875, 89.375, 1.3711216656175931e-24, nan 
11.125, 89.375, 1.1829944338041528e-24, nan 
11.375, 89.375, 1.4502784875550944e-24, nan 
11.625, 89.375, 1.1148029709466162e-24, nan 
11.875, 89.375, 1.04563189745442e-24, nan 
12.125, 89.375, 6.81268546266372e-25, nan 
12.375, 89.375, 7.028216007885038e-25, nan 
12.625, 89.375, 1.6068469308077007e-24, nan 
12.875, 89.375, 1.0607973018011203e-24, nan 
13.125, 89.375, 8.183200754901164e-25, nan 
13.375, 89.375, 1.1352238204413172e-24, nan 
13.625, 89.375, 1.195755909000958e-24, nan 
13.875, 89.375, 1.1837918799803726e-24, nan 
14.125, 89.375, 1.0782180604209318e-24, nan 
14.375, 89.375, 1.5858018636913647e-24, nan 
14.625, 89.375, 1.0191624961657997e-24, nan 
14.875, 89.375, 1.133400826087076e-24, nan 
15.125, 89.375, 1.0009465302646386e-24, nan 
15.375, 89.375, 1.4415860351071688e-24, nan 
15.625, 89.375, 8.749519188798397e-25, nan 
15.875, 89.375, 9.561086185562397e-25, nan 
16.125, 89.375, 9.04476748049559e-25, nan 
16.375, 89.375, 1.0161902788129893e-24, nan 
16.625, 89.375, 1.0354428006864996e-24, nan 
16.875, 89.375, 9.444633925217633e-25, nan 
17.125, 89.375, 1.1151427636082206e-24, nan 
17.375, 89.375, 1.1469285578194267e-24, nan 
17.625, 89.375, 1.3372754941755309e-24, nan 
17.875, 89.375, 9.849517298403475e-25, nan 
18.125, 89.375, 9.795071353610163e-25, nan 
18.375, 89.375, 9.375287581891011e-25, nan 
18.625, 89.375, 1.2682628663139833e-24, nan 
18.875, 89.375, 1.0735150647426456e-24, nan 
19.125, 89.375, 7.9056742358147e-25, nan 
19.375, 89.375, 7.196666045588543e-25, nan 
19.625, 89.375, 7.105035198671833e-25, nan 
19.875, 89.375, 1.3719354066343078e-24, nan 
20.125, 89.375, 1.4004311571756668e-24, nan 
20.375, 89.375, 1.217700986321136e-24, nan 
20.625, 89.375, 1.5469141954987074e-24, nan 
20.875, 89.375, 1.196787676836686e-24, nan 
21.125, 89.375, 1.656644216374054e-24, nan 
21.375, 89.375, 1.5833330129595192e-24, nan 
21.625, 89.375, 1.5767049043189618e-24, nan 
21.875, 89.375, 1.2299097967443296e-24, nan 
22.125, 89.375, 1.654106424358842e-24, nan 
22.375, 89.375, 9.17774575791655e-25, nan 
22.625, 89.375, 1.6288032136936956e-24, nan 
22.875, 89.375, 1.3797258413729762e-24, nan 
23.125, 89.375, 9.789133095822478e-25, nan 
23.375, 89.375, 1.1078779563426895e-24, nan 
23.625, 89.375, 1.715624245399123e-24, nan 
23.875, 89.375, 1.0541197237480754e-24, nan 
24.125, 89.375, 1.4821386771316468e-24, nan 
24.375, 89.375, 1.2544943555472686e-24, nan 
24.625, 89.375, 1.0817553372382328e-24, nan 
24.875, 89.375, 1.1676213749328684e-24, nan 
25.125, 89.375, 1.167212442848284e-24, nan 
25.375, 89.375, 1.269988842340104e-24, nan 
25.625, 89.375, 8.090876433659082e-25, nan 
25.875, 89.375, 1.2712541109722396e-24, nan 
26.125, 89.375, 1.1975099295234595e-24, nan 
26.375, 89.375, 1.1988567759728198e-24, nan 
26.625, 89.375, 1.1817233966632794e-24, nan 
26.875, 89.375, 1.3497369531965001e-24, nan 
27.125, 89.375, 1.1602983535119841e-24, nan 
27.375, 89.375, 9.590481190918855e-25, nan 
27.625, 89.375, 9.311631458405193e-25, nan 
27.875, 89.375, 1.7092569350087566e-24, nan 
28.125, 89.375, 9.686590883154834e-25, nan 
28.375, 89.375, 8.85436276187034e-25, nan 
28.625, 89.375, 9.743649221033285e-25, nan 
28.875, 89.375, 1.2470333430340711e-24, nan 
29.125, 89.375, 1.1044214449599013e-24, nan 
29.375, 89.375, 1.0319161790056846e-24, nan 
29.625, 89.375, 1.0711932296931543e-24, nan 
29.875, 89.375, 1.0971888603542797e-24, nan 
30.125, 89.375, 1.092579394061194e-24, nan 
30.375, 89.375, 1.1107176182616338e-24, nan 
30.625, 89.375, 1.0256295543305414e-24, nan 
30.875, 89.375, 1.622976184499958e-24, nan 
31.125, 89.375, 1.0290999756282687e-24, nan 
31.375, 89.375, 1.0012368338956003e-24, nan 
31.625, 89.375, 1.0824459050545437e-24, nan 
31.875, 89.375, 1.1850805418948267e-24, nan 
32.125, 89.375, 1.0898450691112459e-24, nan 
32.375, 89.375, 1.1928760093671265e-24, nan 
32.625, 89.375, 1.0919952428216963e-24, nan 
32.875, 89.375, 1.1192759722659946e-24, nan 
33.125, 89.375, 1.1061733803004457e-24, nan 
33.375, 89.375, 9.553623250767708e-25, nan 
33.625, 89.375, 9.943241621020425e-25, nan 
33.875, 89.375, 1.1199371638974964e-24, nan 
34.125, 89.375, 1.2392515394514455e-24, nan 
34.375, 89.375, 1.0692472819173088e-24, nan 
34.625, 89.375, 1.0582565901307965e-24, nan 
34.875, 89.375, 9.659688927625412e-25, nan 
35.125, 89.375, 8.347934737080971e-25, nan 
35.375, 89.375, 1.0682685953930362e-24, nan 
35.625, 89.375, 8.449225502618137e-25, nan 
35.875, 89.375, 8.170325740483403e-25, nan 
36.125, 89.375, 9.20098454568227e-25, nan 
36.375, 89.375, 1.0044739898538915e-24, nan 
36.625, 89.375, 1.187545076444369e-24, nan 
36.875, 89.375, 1.08299083011852e-24, nan 
37.125, 89.375, 1.2639243978993422e-24, nan 
37.375, 89.375, 1.0612462384004444e-24, nan 
37.625, 89.375, 1.2287218955136456e-24, nan 
37.875, 89.375, 1.0528428993252672e-24, nan 
38.125, 89.375, 1.1671607932661058e-24, nan 
38.375, 89.375, 7.99295157495481e-25, nan 
38.625, 89.375, 1.0051054583667753e-24, nan 
38.875, 89.375, 9.292453043527783e-25, nan 
39.125, 89.375, 9.800863049248613e-25, nan 
39.375, 89.375, 1.049572673955574e-24, nan 
39.625, 89.375, 1.1173720643948255e-24, nan 
39.875, 89.375, 1.2037413410916333e-24, nan 
40.125, 89.375, 1.2290855793658631e-24, nan 
40.375, 89.375, 1.351655014832664e-24, nan 
40.625, 89.375, 1.1211943788330016e-24, nan 
40.875, 89.375, 1.065711878683457e-24, nan 
41.125, 89.375, 1.0682005433153127e-24, nan 
41.375, 89.375, 1.2492889777225377e-24, nan 
41.625, 89.375, 1.1559876892837125e-24, nan 
41.875, 89.375, 9.407556410905789e-25, nan 
42.125, 89.375, 8.437923668762773e-25, nan 
42.375, 89.375, 6.936606281355909e-25, nan 
42.625, 89.375, 1.2733138298788309e-24, nan 
42.875, 89.375, 1.2298799541319383e-24, nan 
43.125, 89.375, 1.1633982072282362e-24, nan 
43.375, 89.375, 1.2725688909856906e-24, nan 
43.625, 89.375, 1.0923616318891699e-24, nan 
43.875, 89.375, 1.3037829506438193e-24, nan 
44.125, 89.375, 1.2611940875925418e-24, nan 
44.375, 89.375, 1.2177510261105864e-24, nan 
44.625, 89.375, 1.0033544176732453e-24, nan 
44.875, 89.375, 1.3334794655191175e-24, nan 
45.125, 89.375, 7.466399653480271e-25, nan 
45.375, 89.375, 1.2570460962748703e-24, nan 
45.625, 89.375, 1.0378036344872172e-24, nan 
45.875, 89.375, 8.54204186692292e-25, nan 
46.125, 89.375, 9.241716024277108e-25, nan 
46.375, 89.375, 1.2847740427976414e-24, nan 
46.625, 89.375, 8.297941094177253e-25, nan 
46.875, 89.375, 1.1721108194084216e-24, nan 
47.125, 89.375, 9.18568508660903e-25, nan 
47.375, 89.375, 9.223109717132089e-25, nan 
47.625, 89.375, 9.460850791691101e-25, nan 
47.875, 89.375, 1.1023027792524172e-24, nan 
48.125, 89.375, 1.21624005651795e-24, nan 
48.375, 89.375, 7.200190934336638e-25, nan 
48.625, 89.375, 8.653349618102206e-25, nan 
48.875, 89.375, 8.428744522348217e-25, nan 
49.125, 89.375, 6.9159427813315085e-25, nan 
49.375, 89.375, 8.055649303237824e-25, nan 
49.625, 89.375, 9.34299684145958e-25, nan 
49.875, 89.375, 7.959187131991045e-25, nan 
50.125, 89.375, 6.42657532292655e-25, nan 
50.375, 89.375, 5.866080355969942e-25, nan 
50.625, 89.375, 1.2094574063619218e-24, nan 
50.875, 89.375, 5.451250621215614e-25, nan 
51.125, 89.375, 4.886289863020646e-25, nan 
51.375, 89.375, 5.578416350769512e-25, nan 
51.625, 89.375, 8.238524221380061e-25, nan 
51.875, 89.375, 7.767163652256723e-25, nan 
52.125, 89.375, 5.177451642648052e-25, nan 
52.375, 89.375, 7.369615026907508e-25, nan 
52.625, 89.375, 8.126085590406979e-25, nan 
52.875, 89.375, 7.795109122665705e-25, nan 
53.125, 89.375, 4.516041932754749e-25, nan 
53.375, 89.375, 4.555902395415648e-25, nan 
53.625, 89.375, 1.1375069045369084e-24, nan 
53.875, 89.375, 4.0305292531895026e-25, nan 
54.125, 89.375, 4.327074085362597e-25, nan 
54.375, 89.375, 4.180432664786401e-25, nan 
54.625, 89.375, 4.505660392929266e-25, nan 
54.875, 89.375, 4.658713431203296e-25, nan 
55.125, 89.375, 4.584669557154798e-25, nan 
55.375, 89.375, 4.747914807922192e-25, nan 
55.625, 89.375, 3.915498144933833e-25, nan 
55.875, 89.375, 4.4197985979784845e-25, nan 
56.125, 89.375, 7.25443241553734e-25, nan 
56.375, 89.375, 6.816092659307044e-25, nan 
56.625, 89.375, 3.8374609501077805e-25, nan 
56.875, 89.375, 4.115358194882372e-25, nan 
57.125, 89.375, 4.419026267176738e-25, nan 
57.375, 89.375, 4.021668370242686e-25, nan 
57.625, 89.375, 5.028629068227319e-25, nan 
57.875, 89.375, 5.354426560952436e-25, nan 
58.125, 89.375, 6.224392513152295e-25, nan 
58.375, 89.375, 7.213164769946788e-25, nan 
58.625, 89.375, 7.486310901306362e-25, nan 
58.875, 89.375, 7.572938047462724e-25, nan 
59.125, 89.375, 5.807437765276423e-25, nan 
59.375, 89.375, 5.452936427477388e-25, nan 
59.625, 89.375, 4.87512296223784e-25, nan 
59.875, 89.375, 6.356052811253302e-25, nan 
60.125, 89.375, 6.598294362301848e-25, nan 
60.375, 89.375, 6.515079290025822e-25, nan 
60.625, 89.375, 7.124574912015119e-25, nan 
60.875, 89.375, 5.765551161188652e-25, nan 
61.125, 89.375, 6.792005249374938e-25, nan 
61.375, 89.375, 7.37474149352994e-25, nan 
61.625, 89.375, 5.805917103175119e-25, nan 
61.875, 89.375, 6.102870750996428e-25, nan 
62.125, 89.375, 6.7528335248309945e-25, nan 
62.375, 89.375, 5.631268608345497e-25, nan 
62.625, 89.375, 6.789255401259591e-25, nan 
62.875, 89.375, 5.250970989778631e-25, nan 
63.125, 89.375, 6.992113455267739e-25, nan 
63.375, 89.375, 5.835649231226067e-25, nan 
63.625, 89.375, 7.276283255751429e-25, nan 
63.875, 89.375, 4.9258285412093385e-25, nan 
64.125, 89.375, 7.130341806670457e-25, nan 
64.375, 89.375, 7.428419408961276e-25, nan 
64.625, 89.375, 5.943267804160903e-25, nan 
64.875, 89.375, 7.703628099856257e-25, nan 
65.125, 89.375, 4.797414448270547e-25, nan 
65.375, 89.375, 7.742738122056796e-25, nan 
65.625, 89.375, 5.693863941901596e-25, nan 
65.875, 89.375, 5.128547698254081e-25, nan 
66.125, 89.375, 5.472165526750996e-25, nan 
66.375, 89.375, 5.352214477626505e-25, nan 
66.625, 89.375, 5.399120020779659e-25, nan 
66.875, 89.375, 5.758293847234016e-25, nan 
67.125, 89.375, 5.345554961373803e-25, nan 
67.375, 89.375, 5.495166992607957e-25, nan 
67.625, 89.375, 5.033232379887836e-25, nan 
67.875, 89.375, 5.421065467524665e-25, nan 
68.125, 89.375, 5.710198856184017e-25, nan 
68.375, 89.375, 6.086171864815236e-25, nan 
68.625, 89.375, 6.779939605050433e-25, nan 
68.875, 89.375, 7.788782391206441e-25, nan 
69.125, 89.375, 8.32471166629931e-25, nan 
69.375, 89.375, 5.9232128167670175e-25, nan 
69.625, 89.375, 6.491328150421413e-25, nan 
69.875, 89.375, 5.8826207737157575e-25, nan 
70.125, 89.375, 6.342781928379004e-25, nan 
70.375, 89.375, 6.536745992556759e-25, nan 
70.625, 89.375, 6.552000137849266e-25, nan 
70.875, 89.375, 6.06072857026177e-25, nan 
71.125, 89.375, 5.937856753374851e-25, nan 
71.375, 89.375, 6.199273853313035e-25, nan 
71.625, 89.375, 6.279459996113934e-25, nan 
71.875, 89.375, 6.214696362229286e-25, nan 
72.125, 89.375, 6.931941790499513e-25, nan 
72.375, 89.375, 6.344030409913535e-25, nan 
72.625, 89.375, 6.926793921217306e-25, nan 
72.875, 89.375, 6.752668893672444e-25, nan 
73.125, 89.375, 6.977400673363144e-25, nan 
73.375, 89.375, 6.822992726788263e-25, nan 
73.625, 89.375, 7.2378192516478105e-25, nan 
73.875, 89.375, 6.792848780885278e-25, nan 
74.125, 89.375, 7.149311521690789e-25, nan 
74.375, 89.375, 6.864666914843199e-25, nan 
74.625, 89.375, 6.687638965773784e-25, nan 
74.875, 89.375, 6.734998443234861e-25, nan 
75.125, 89.375, 7.217570059336634e-25, nan 
75.375, 89.375, 6.2811056127433035e-25, nan 
75.625, 89.375, 6.953075842556612e-25, nan 
75.875, 89.375, 6.614024604281498e-25, nan 
76.125, 89.375, 6.15002751380463e-25, nan 
76.375, 89.375, 6.175653266929047e-25, nan 
76.625, 89.375, 6.966745778042017e-25, nan 
76.875, 89.375, 5.500298412272791e-25, nan 
77.125, 89.375, 6.33474939718816e-25, nan 
77.375, 89.375, 6.041549864614295e-25, nan 
77.625, 89.375, 5.565275022817622e-25, nan 
77.875, 89.375, 6.013153445662376e-25, nan 
78.125, 89.375, 5.167788857629398e-25, nan 
78.375, 89.375, 5.562371591484021e-25, nan 
78.625, 89.375, 5.127204473907584e-25, nan 
78.875, 89.375, 5.754724761010595e-25, nan 
79.125, 89.375, 5.556482078685449e-25, nan 
79.375, 89.375, 5.456079732652256e-25, nan 
79.625, 89.375, 6.179054874780139e-25, nan 
79.875, 89.375, 6.169846623924544e-25, nan 
80.125, 89.375, 6.940066897916401e-25, nan 
80.375, 89.375, 6.303559366846835e-25, nan 
80.625, 89.375, 7.297566549231303e-25, nan 
80.875, 89.375, 5.90327536162432e-25, nan 
81.125, 89.375, 6.184897357064966e-25, nan 
81.375, 89.375, 5.728270944803789e-25, nan 
81.625, 89.375, 6.133719970540922e-25, nan 
81.875, 89.375, 6.007698395151963e-25, nan 
82.125, 89.375, 6.546874700609983e-25, nan 
82.375, 89.375, 6.364542770175719e-25, nan 
82.625, 89.375, 6.592715297327577e-25, nan 
82.875, 89.375, 6.897947014841948e-25, nan 
83.125, 89.375, 6.799376112112336e-25, nan 
83.375, 89.375, 7.149672199509165e-25, nan 
83.625, 89.375, 6.300880658670341e-25, nan 
83.875, 89.375, 6.176136238243203e-25, nan 
84.125, 89.375, 4.391138000558063e-25, nan 
84.375, 89.375, 4.984705353644854e-25, nan 
84.625, 89.375, 6.268181693535464e-25, nan 
84.875, 89.375, 6.576147328974023e-25, nan 
85.125, 89.375, 4.154942480361326e-25, nan 
85.375, 89.375, 6.575534074293769e-25, nan 
85.625, 89.375, 5.113687108619713e-25, nan 
85.875, 89.375, 6.762046292751248e-25, nan 
86.125, 89.375, 3.9038197156062277e-25, nan 
86.375, 89.375, 7.116702092690991e-25, nan 
86.625, 89.375, 7.241039298457426e-25, nan 
86.875, 89.375, 7.94719353475527e-25, nan 
87.125, 89.375, 7.625713256511078e-25, nan 
87.375, 89.375, 4.339237822340811e-25, nan 
87.625, 89.375, 7.295146690529691e-25, nan 
87.875, 89.375, 5.247920640775927e-25, nan 
88.125, 89.375, 7.158111627875883e-25, nan 
88.375, 89.375, 3.1922470076711713e-25, nan 
88.625, 89.375, 5.362105943924605e-25, nan 
88.875, 89.375, 4.67961598977226e-25, nan 
89.125, 89.375, 4.279192284645447e-25, nan 
89.375, 89.375, 4.242659008924889e-25, nan 
89.625, 89.375, 4.289531382823335e-25, nan 
89.875, 89.375, 4.541952675617696e-25, nan 
90.125, 89.375, 5.133243026855547e-25, nan 
90.375, 89.375, 4.990158336463905e-25, nan 
90.625, 89.375, 5.277201721790727e-25, nan 
90.875, 89.375, 5.197354869436688e-25, nan 
91.125, 89.375, 5.873018987037532e-25, nan 
91.375, 89.375, 6.405817619759153e-25, nan 
91.625, 89.375, 7.2386238805233685e-25, nan 
91.875, 89.375, 7.568156152364067e-25, nan 
92.125, 89.375, 5.304154406079319e-25, nan 
92.375, 89.375, 3.103048508134527e-25, nan 
92.625, 89.375, 3.4167630803164085e-25, nan 
92.875, 89.375, 3.247049363742984e-25, nan 
93.125, 89.375, 3.5969654863887484e-25, nan 
93.375, 89.375, 3.932020553470169e-25, nan 
93.625, 89.375, 4.283542012926246e-25, nan 
93.875, 89.375, 3.711097353487918e-25, nan 
94.125, 89.375, 4.2862277974678925e-25, nan 
94.375, 89.375, 4.045356750694833e-25, nan 
94.625, 89.375, 4.652933297925147e-25, nan 
94.875, 89.375, 3.6860062018114193e-25, nan 
95.125, 89.375, 4.267723547399828e-25, nan 
95.375, 89.375, 4.003631594918486e-25, nan 
95.625, 89.375, 4.1699610702520615e-25, nan 
95.875, 89.375, 3.662980826070657e-25, nan 
96.125, 89.375, 4.2788060637921355e-25, nan 
96.375, 89.375, 3.588392482842669e-25, nan 
96.625, 89.375, 4.344279526731497e-25, nan 
96.875, 89.375, 3.476172109787923e-25, nan 
97.125, 89.375, 3.633689486248742e-25, nan 
97.375, 89.375, 4.366918984814588e-25, nan 
97.625, 89.375, 3.89009320489234e-25, nan 
97.875, 89.375, 4.418226623495832e-25, nan 
98.125, 89.375, 3.821544283833191e-25, nan 
98.375, 89.375, 4.378548076516505e-25, nan 
98.625, 89.375, 3.9970209404622343e-25, nan 
98.875, 89.375, 4.348461710750721e-25, nan 
99.125, 89.375, 4.0066519164371397e-25, nan 
99.375, 89.375, 4.66955019066213e-25, nan 
99.625, 89.375, 3.7924803736937695e-25, nan 
99.875, 89.375, 3.834921844439437e-25, nan 
100.125, 89.375, 3.7678967492040682e-25, nan 
100.375, 89.375, 4.016596159291804e-25, nan 
100.625, 89.375, 4.172686312405326e-25, nan 
100.875, 89.375, 3.5857405311096427e-25, nan 
101.125, 89.375, 4.018649937331065e-25, nan 
101.375, 89.375, 3.6089898567456928e-25, nan 
101.625, 89.375, 4.353788735596806e-25, nan 
101.875, 89.375, 3.552905095270172e-25, nan 
102.125, 89.375, 3.871904473099342e-25, nan 
102.375, 89.375, 4.16417096424857e-25, nan 
102.625, 89.375, 3.5866577173158734e-25, nan 
102.875, 89.375, 6.059017914983434e-25, nan 
103.125, 89.375, 4.622722532373542e-25, nan 
103.375, 89.375, 5.596117114834818e-25, nan 
103.625, 89.375, 4.35282706808136e-25, nan 
103.875, 89.375, 5.279841435875285e-25, nan 
104.125, 89.375, 4.15546286255027e-25, nan 
104.375, 89.375, 4.579165949427112e-25, nan 
104.625, 89.375, 4.0605108832825296e-25, nan 
104.875, 89.375, 2.7900578550157545e-25, nan 
105.125, 89.375, 4.565434074558964e-25, nan 
105.375, 89.375, 3.516415802592578e-25, nan 
105.625, 89.375, 3.319566067732005e-25, nan 
105.875, 89.375, 3.551060231912908e-25, nan 
106.125, 89.375, 3.405335788792498e-25, nan 
106.375, 89.375, 3.1900407711464998e-25, nan 
106.625, 89.375, 3.6688912415450307e-25, nan 
106.875, 89.375, 3.0418186071253195e-25, nan 
107.125, 89.375, 3.446172973679797e-25, nan 
107.375, 89.375, 3.5334168744689696e-25, nan 
107.625, 89.375, 3.5296984498385542e-25, nan 
107.875, 89.375, 3.516067293687965e-25, nan 
108.125, 89.375, 3.3099826176647693e-25, nan 
108.375, 89.375, 3.041049157022552e-25, nan 
108.625, 89.375, 3.5082305303579927e-25, nan 
108.875, 89.375, 2.8025868725216642e-25, nan 
109.125, 89.375, 3.155304325208772e-25, nan 
109.375, 89.375, 2.9072043656761228e-25, nan 
109.625, 89.375, 2.644980387065509e-25, nan 
109.875, 89.375, 2.9705124055179444e-25, nan 
110.125, 89.375, 4.2132878260158715e-25, nan 
110.375, 89.375, 2.6876653723359176e-25, nan 
110.625, 89.375, 3.406672841128369e-25, nan 
110.875, 89.375, 2.6830448277547027e-25, nan 
111.125, 89.375, 3.157161242451561e-25, nan 
111.375, 89.375, 3.36633948138113e-25, nan 
111.625, 89.375, 4.214259082199701e-25, nan 
111.875, 89.375, 3.6978962105596743e-25, nan 
112.125, 89.375, 2.880611824476233e-25, nan 
112.375, 89.375, 2.8243484767436286e-25, nan 
112.625, 89.375, 3.2192649294169004e-25, nan 
112.875, 89.375, 2.209171454376153e-25, nan 
113.125, 89.375, 3.6553062774535835e-25, nan 
113.375, 89.375, 3.5376049611566585e-25, nan 
113.625, 89.375, 3.1681637596195043e-25, nan 
113.875, 89.375, 3.367533859860063e-25, nan 
114.125, 89.375, 2.9664663592130186e-25, nan 
114.375, 89.375, 3.930767016849098e-25, nan 
114.625, 89.375, 3.329325591844636e-25, nan 
114.875, 89.375, 2.6059473067747362e-25, nan 
115.125, 89.375, 3.261791578474223e-25, nan 
115.375, 89.375, 3.7450357026845204e-25, nan 
115.625, 89.375, 1.8135166655228153e-25, nan 
115.875, 89.375, 1.8297537975400343e-25, nan 
116.125, 89.375, 3.8140806827838893e-25, nan 
116.375, 89.375, 2.8129958668756903e-25, nan 
116.625, 89.375, 5.223974453464694e-25, nan 
116.875, 89.375, 2.351315585813203e-25, nan 
117.125, 89.375, 2.3323008817919603e-25, nan 
117.375, 89.375, 2.6805113865550726e-25, nan 
117.625, 89.375, 2.8308081196859264e-25, nan 
117.875, 89.375, 1.7437795991527832e-25, nan 
118.125, 89.375, 2.317879405695523e-25, nan 
118.375, 89.375, 1.4440679380932194e-25, nan 
118.625, 89.375, 2.699101467007714e-25, nan 
118.875, 89.375, 2.6010192445510305e-25, nan 
119.125, 89.375, 2.1800667360528357e-25, nan 
119.375, 89.375, 2.4307416880736273e-25, nan 
119.625, 89.375, 2.602338085011516e-25, nan 
119.875, 89.375, 2.812147521839884e-25, nan 
120.125, 89.375, 2.813065555806036e-25, nan 
120.375, 89.375, 3.199345834633564e-25, nan 
120.625, 89.375, 1.3200600458092808e-25, nan 
120.875, 89.375, 2.7967551277567855e-25, nan 
121.125, 89.375, 2.2525378441017565e-25, nan 
121.375, 89.375, 3.205150769955595e-25, nan 
121.625, 89.375, 2.968711645938032e-25, nan 
121.875, 89.375, 3.7295949160679493e-25, nan 
122.125, 89.375, 3.0436912600342347e-25, nan 
122.375, 89.375, 2.6252685938025734e-25, nan 
122.625, 89.375, 2.732233531223103e-25, nan 
122.875, 89.375, 4.685905961197053e-25, nan 
123.125, 89.375, 2.9294360482030683e-25, nan 
123.375, 89.375, 3.389265830330694e-25, nan 
123.625, 89.375, 1.1566610751613625e-25, nan 
123.875, 89.375, 1.881271638645034e-25, nan 
124.125, 89.375, 1.3793626765042794e-25, nan 
124.375, 89.375, 2.4156907875404847e-25, nan 
124.625, 89.375, 1.3161271493963494e-25, nan 
124.875, 89.375, 3.209422853016748e-25, nan 
125.125, 89.375, 1.6004993930510533e-25, nan 
125.375, 89.375, 2.0387610673362064e-25, nan 
125.625, 89.375, 1.5456923725105865e-25, nan 
125.875, 89.375, 3.102335021971248e-25, nan 
126.125, 89.375, 3.455105032480575e-25, nan 
126.375, 89.375, 4.595687471592321e-25, nan 
126.625, 89.375, 4.063396040682116e-25, nan 
126.875, 89.375, 4.678207016231956e-25, nan 
127.125, 89.375, 5.755038570129194e-25, nan 
127.375, 89.375, 2.7243062567925377e-25, nan 
127.625, 89.375, 5.394452984760283e-25, nan 
127.875, 89.375, 2.718073393275446e-25, nan 
128.125, 89.375, 4.0421706119135834e-25, nan 
128.375, 89.375, 4.54629534082707e-25, nan 
128.625, 89.375, 4.295518950628385e-25, nan 
128.875, 89.375, 5.128615796194432e-25, nan 
129.125, 89.375, 5.316076671146894e-25, nan 
129.375, 89.375, 3.179763344048376e-25, nan 
129.625, 89.375, 5.559178382933799e-25, nan 
129.875, 89.375, 4.029355913835587e-25, nan 
130.125, 89.375, 6.118091157532917e-25, nan 
130.375, 89.375, 3.041770188635682e-25, nan 
130.625, 89.375, 3.387504055556745e-25, nan 
130.875, 89.375, 4.715003328861182e-25, nan 
131.125, 89.375, 3.3564871026621114e-25, nan 
131.375, 89.375, 5.8907758679867505e-25, nan 
131.625, 89.375, 6.595145589447772e-25, nan 
131.875, 89.375, 4.522737939183687e-25, nan 
132.125, 89.375, 5.035420226144057e-25, nan 
132.375, 89.375, 5.081362282407688e-25, nan 
132.625, 89.375, 2.7937398243145964e-25, nan 
132.875, 89.375, 3.685999195036526e-25, nan 
133.125, 89.375, 5.155841095079113e-25, nan 
133.375, 89.375, 5.586169351846925e-25, nan 
133.625, 89.375, 3.8831531251706655e-25, nan 
133.875, 89.375, 3.6167077502804356e-25, nan 
134.125, 89.375, 3.7314603504508727e-25, nan 
134.375, 89.375, 4.715832446390376e-25, nan 
134.625, 89.375, 3.8925436566968225e-25, nan 
134.875, 89.375, 4.5373988497974095e-25, nan 
135.125, 89.375, 4.632694597578581e-25, nan 
135.375, 89.375, 4.512867580518773e-25, nan 
135.625, 89.375, 4.939659874635306e-25, nan 
135.875, 89.375, 5.49026523686496e-25, nan 
136.125, 89.375, 4.332693673811693e-25, nan 
136.375, 89.375, 4.812582099297018e-25, nan 
136.625, 89.375, 5.537352437124607e-25, nan 
136.875, 89.375, 4.704782700005983e-25, nan 
137.125, 89.375, 4.776368140454167e-25, nan 
137.375, 89.375, 4.537880559033834e-25, nan 
137.625, 89.375, 4.54078540870902e-25, nan 
137.875, 89.375, 4.4965038276013015e-25, nan 
138.125, 89.375, 4.054593910174687e-25, nan 
138.375, 89.375, 5.62965657119943e-25, nan 
138.625, 89.375, 6.809794851610759e-25, nan 
138.875, 89.375, 5.770102517262812e-25, nan 
139.125, 89.375, 4.8123066077013795e-25, nan 
139.375, 89.375, 7.519170291020263e-25, nan 
139.625, 89.375, 5.200930213008582e-25, nan 
139.875, 89.375, 5.171330219650303e-25, nan 
140.125, 89.375, 5.220087384457242e-25, nan 
140.375, 89.375, 5.172384412393111e-25, nan 
140.625, 89.375, 5.901290135777437e-25, nan 
140.875, 89.375, 4.752371701935912e-25, nan 
141.125, 89.375, 5.576371444227442e-25, nan 
141.375, 89.375, 5.214757343732395e-25, nan 
141.625, 89.375, 6.995729141846561e-25, nan 
141.875, 89.375, 5.192047625228398e-25, nan 
142.125, 89.375, 5.363686756520989e-25, nan 
142.375, 89.375, 5.783019120450961e-25, nan 
142.625, 89.375, 5.088789647539327e-25, nan 
142.875, 89.375, 5.319129029184386e-25, nan 
143.125, 89.375, 5.19099624947253e-25, nan 
143.375, 89.375, 5.932157516891698e-25, nan 
143.625, 89.375, 5.191916245045845e-25, nan 
143.875, 89.375, 6.359005803198274e-25, nan 
144.125, 89.375, 5.565491853134267e-25, nan 
144.375, 89.375, 5.407921206339383e-25, nan 
144.625, 89.375, 5.9183405572743475e-25, nan 
144.875, 89.375, 5.799254968211057e-25, nan 
145.125, 89.375, 5.519331602036963e-25, nan 
145.375, 89.375, 5.373622043639839e-25, nan 
145.625, 89.375, 7.433733037923537e-25, nan 
145.875, 89.375, 5.4639762079433295e-25, nan 
146.125, 89.375, 5.511588591579513e-25, nan 
146.375, 89.375, 5.708096752569016e-25, nan 
146.625, 89.375, 5.904781372094506e-25, nan 
146.875, 89.375, 7.124959542639476e-25, nan 
147.125, 89.375, 4.863886572249553e-25, nan 
147.375, 89.375, 7.269818083743648e-25, nan 
147.625, 89.375, 5.538790112588566e-25, nan 
147.875, 89.375, 6.165668379268144e-25, nan 
148.125, 89.375, 5.785791091632446e-25, nan 
148.375, 89.375, 6.505687445717094e-25, nan 
148.625, 89.375, 6.711110337178603e-25, nan 
148.875, 89.375, 5.996642856042538e-25, nan 
149.125, 89.375, 5.99811962414304e-25, nan 
149.375, 89.375, 6.100732162547038e-25, nan 
149.625, 89.375, 6.595747073516718e-25, nan 
149.875, 89.375, 7.720782061533129e-25, nan 
150.125, 89.375, 5.860689815148593e-25, nan 
150.375, 89.375, 7.272866474288953e-25, nan 
150.625, 89.375, 5.79189687389261e-25, nan 
150.875, 89.375, 6.1211267079019345e-25, nan 
151.125, 89.375, 6.333963612175799e-25, nan 
151.375, 89.375, 6.798437482742242e-25, nan 
151.625, 89.375, 7.25910622711254e-25, nan 
151.875, 89.375, 7.072560390647905e-25, nan 
152.125, 89.375, 5.857416422730601e-25, nan 
152.375, 89.375, 7.331046618481899e-25, nan 
152.625, 89.375, 6.197688364063055e-25, nan 
152.875, 89.375, 9.128725626268349e-25, nan 
153.125, 89.375, 6.41784886414408e-25, nan 
153.375, 89.375, 6.409504868348922e-25, nan 
153.625, 89.375, 6.772979368521642e-25, nan 
153.875, 89.375, 6.955363695455081e-25, nan 
154.125, 89.375, 9.703025757368075e-25, nan 
154.375, 89.375, 9.314204533519618e-25, nan 
154.625, 89.375, 7.415032991007348e-25, nan 
154.875, 89.375, 7.930123095877128e-25, nan 
155.125, 89.375, 7.6083403550441625e-25, nan 
155.375, 89.375, 8.531269151463227e-25, nan 
155.625, 89.375, 7.564392696512068e-25, nan 
155.875, 89.375, 6.956323327502367e-25, nan 
156.125, 89.375, 8.129046460063197e-25, nan 
156.375, 89.375, 7.124032461869589e-25, nan 
156.625, 89.375, 6.928657262900034e-25, nan 
156.875, 89.375, 6.616592334166858e-25, nan 
157.125, 89.375, 6.812059003931555e-25, nan 
157.375, 89.375, 7.8576163705478665e-25, nan 
157.625, 89.375, 8.525448466333123e-25, nan 
157.875, 89.375, 8.039108966408276e-25, nan 
158.125, 89.375, 8.257870180001523e-25, nan 
158.375, 89.375, 7.94501061001718e-25, nan 
158.625, 89.375, 7.925406085160219e-25, nan 
158.875, 89.375, 8.02885294668947e-25, nan 
159.125, 89.375, 8.43961257319003e-25, nan 
159.375, 89.375, 8.815844803986245e-25, nan 
159.625, 89.375, 8.579071531864009e-25, nan 
159.875, 89.375, 8.43126528217415e-25, nan 
160.125, 89.375, 8.254871327659196e-25, nan 
160.375, 89.375, 8.39522050903294e-25, nan 
160.625, 89.375, 7.945594859786988e-25, nan 
160.875, 89.375, 8.142780819086726e-25, nan 
161.125, 89.375, 8.494900165149738e-25, nan 
161.375, 89.375, 9.035926191867326e-25, nan 
161.625, 89.375, 8.37853010214026e-25, nan 
161.875, 89.375, 8.443066618630029e-25, nan 
162.125, 89.375, 8.069887892907548e-25, nan 
162.375, 89.375, 7.683660064112556e-25, nan 
162.625, 89.375, 7.8871384097899125e-25, nan 
162.875, 89.375, 7.604355626811717e-25, nan 
163.125, 89.375, 7.552223037832798e-25, nan 
163.375, 89.375, 7.4409249491764705e-25, nan 
163.625, 89.375, 7.322349962577304e-25, nan 
163.875, 89.375, 7.414701775515012e-25, nan 
164.125, 89.375, 7.19238356075673e-25, nan 
164.375, 89.375, 9.795300894121255e-25, nan 
164.625, 89.375, 6.494811464271234e-25, nan 
164.875, 89.375, 6.524646127609949e-25, nan 
165.125, 89.375, 6.333045968524197e-25, nan 
165.375, 89.375, 9.134225234355835e-25, nan 
165.625, 89.375, 6.87216443318193e-25, nan 
165.875, 89.375, 6.404521063435398e-25, nan 
166.125, 89.375, 6.815099673012377e-25, nan 
166.375, 89.375, 6.301939524293289e-25, nan 
166.625, 89.375, 8.088357211165067e-25, nan 
166.875, 89.375, 5.945062153658859e-25, nan 
167.125, 89.375, 6.229234195055435e-25, nan 
167.375, 89.375, 6.062664814561848e-25, nan 
167.625, 89.375, 5.974843902624391e-25, nan 
167.875, 89.375, 5.901957099128042e-25, nan 
168.125, 89.375, 5.765236374315408e-25, nan 
168.375, 89.375, 8.954579314083812e-25, nan 
168.625, 89.375, 6.970145189316573e-25, nan 
168.875, 89.375, 7.332769963911765e-25, nan 
169.125, 89.375, 7.3271907738202275e-25, nan 
169.375, 89.375, 7.92748825215744e-25, nan 
169.625, 89.375, 8.180134114915862e-25, nan 
169.875, 89.375, 7.947845131565571e-25, nan 
170.125, 89.375, 8.479510720103185e-25, nan 
170.375, 89.375, 8.32713982915829e-25, nan 
170.625, 89.375, 8.617799387784872e-25, nan 
170.875, 89.375, 8.944819305898436e-25, nan 
171.125, 89.375, 8.767957974549678e-25, nan 
171.375, 89.375, 7.399046180345689e-25, nan 
171.625, 89.375, 6.508958291592913e-25, nan 
171.875, 89.375, 8.365548499311208e-25, nan 
172.125, 89.375, 1.0095701987174156e-24, nan 
172.375, 89.375, 1.0814857181149502e-24, nan 
172.625, 89.375, 1.1167758170315014e-24, nan 
172.875, 89.375, 1.289637653269408e-24, nan 
173.125, 89.375, 1.4414004579050303e-24, nan 
173.375, 89.375, 1.050163138870311e-24, nan 
173.625, 89.375, 1.1047450815182104e-24, nan 
173.875, 89.375, 1.0638584339622935e-24, nan 
174.125, 89.375, 1.09371755107356e-24, nan 
174.375, 89.375, 1.1133732726593122e-24, nan 
174.625, 89.375, 1.1007159083418686e-24, nan 
174.875, 89.375, 1.0883356503897052e-24, nan 
175.125, 89.375, 1.1829042698790613e-24, nan 
175.375, 89.375, 1.0967947957379833e-24, nan 
175.625, 89.375, 1.1652679446135215e-24, nan 
175.875, 89.375, 1.1317837811117618e-24, nan 
176.125, 89.375, 1.1172644493626264e-24, nan 
176.375, 89.375, 1.1620038801647076e-24, nan 
176.625, 89.375, 1.1602668165699699e-24, nan 
176.875, 89.375, 1.3028936875752119e-24, nan 
177.125, 89.375, 1.2363776579542771e-24, nan 
177.375, 89.375, 1.2949605628685034e-24, nan 
177.625, 89.375, 1.3529981171276691e-24, nan 
177.875, 89.375, 1.4397697221384644e-24, nan 
178.125, 89.375, 1.5358858513456947e-24, nan 
178.375, 89.375, 1.61448098445157e-24, nan 
178.625, 89.375, 1.7348035856780036e-24, nan 
178.875, 89.375, 1.874468717563552e-24, nan 
179.125, 89.375, 2.0761344297091733e-24, nan 
179.375, 89.375, 2.1493772158191786e-24, nan 
179.625, 89.375, 2.308128148219198e-24, nan 
179.875, 89.375, 2.3678044375110653e-24, nan 
-179.875, 89.625, 1.9977432442085277e-25, nan 
-179.625, 89.625, 2.86495811437074e-25, nan 
-179.375, 89.625, 2.3658325677867573e-25, nan 
-179.125, 89.625, 2.6180161902790417e-25, nan 
-178.875, 89.625, 2.1020535241800016e-25, nan 
-178.625, 89.625, 2.5311262963041153e-25, nan 
-178.375, 89.625, 2.249550253556315e-25, nan 
-178.125, 89.625, 2.0090762708755257e-25, nan 
-177.875, 89.625, 2.575155681903403e-25, nan 
-177.625, 89.625, 2.1729690996660544e-25, nan 
-177.375, 89.625, 3.2176533488749115e-25, nan 
-177.125, 89.625, 2.103065300571732e-25, nan 
-176.875, 89.625, 2.9816800038710635e-25, nan 
-176.625, 89.625, 1.9630910114119153e-25, nan 
-176.375, 89.625, 2.509651881131858e-25, nan 
-176.125, 89.625, 1.632481990104551e-25, nan 
-175.875, 89.625, 4.9957209135406097e-26, nan 
-175.625, 89.625, 1.1329404172151829e-25, nan 
-175.375, 89.625, 2.0942270167554627e-25, nan 
-175.125, 89.625, 1.488112015238922e-25, nan 
-174.875, 89.625, 2.0602220656674204e-25, nan 
-174.625, 89.625, 2.607740927267984e-25, nan 
-174.375, 89.625, 2.0427259396542983e-25, nan 
-174.125, 89.625, 1.7741928829536096e-25, nan 
-173.875, 89.625, 1.5463471734886157e-25, nan 
-173.625, 89.625, 2.4178086444226527e-25, nan 
-173.375, 89.625, 1.4662943769480487e-25, nan 
-173.125, 89.625, 1.8086629745700187e-25, nan 
-172.875, 89.625, 1.5327646617896406e-25, nan 
-172.625, 89.625, 1.6226655566119137e-25, nan 
-172.375, 89.625, 1.9840472640975108e-25, nan 
-172.125, 89.625, 1.594089150093979e-25, nan 
-171.875, 89.625, 2.5322881446865674e-25, nan 
-171.625, 89.625, 1.4983803643791316e-25, nan 
-171.375, 89.625, 2.1801385558031844e-25, nan 
-171.125, 89.625, 1.712042192207766e-25, nan 
-170.875, 89.625, 2.4136780371630104e-25, nan 
-170.625, 89.625, 1.7479019712756387e-25, nan 
-170.375, 89.625, 1.8811189547466094e-25, nan 
-170.125, 89.625, 1.8607407783730468e-25, nan 
-169.875, 89.625, 1.902188782039813e-25, nan 
-169.625, 89.625, 1.2112194561898685e-25, nan 
-169.375, 89.625, 1.5663916932795794e-25, nan 
-169.125, 89.625, 1.4546358798376127e-25, nan 
-168.875, 89.625, 1.4754501921973633e-25, nan 
-168.625, 89.625, 1.2401744141976074e-25, nan 
-168.375, 89.625, 1.631255002865199e-25, nan 
-168.125, 89.625, 1.1520089068648372e-25, nan 
-167.875, 89.625, 1.6356468204042871e-25, nan 
-167.625, 89.625, 1.557946400859816e-25, nan 
-167.375, 89.625, 1.3893326597021573e-25, nan 
-167.125, 89.625, 1.1513222907241625e-25, nan 
-166.875, 89.625, 6.444572886212006e-26, nan 
-166.625, 89.625, 9.061424561313514e-26, nan 
-166.375, 89.625, 1.1251945652264862e-25, nan 
-166.125, 89.625, 1.2509846431591957e-25, nan 
-165.875, 89.625, 1.6458079640661432e-25, nan 
-165.625, 89.625, 2.174437453135487e-25, nan 
-165.375, 89.625, 1.4235990156842805e-25, nan 
-165.125, 89.625, 1.0431343766839529e-25, nan 
-164.875, 89.625, 1.226654073851627e-25, nan 
-164.625, 89.625, 1.8915036957948346e-25, nan 
-164.375, 89.625, 1.1603328279325406e-25, nan 
-164.125, 89.625, 8.571069908070532e-26, nan 
-163.875, 89.625, 1.056585960687134e-25, nan 
-163.625, 89.625, 1.5779879225976653e-25, nan 
-163.375, 89.625, 1.038030500821668e-25, nan 
-163.125, 89.625, 1.7492236521522088e-25, nan 
-162.875, 89.625, 1.0049924901316931e-25, nan 
-162.625, 89.625, 1.7915023637238116e-25, nan 
-162.375, 89.625, 1.5696098279541486e-25, nan 
-162.125, 89.625, 1.852012779512142e-25, nan 
-161.875, 89.625, 1.6031238346187282e-25, nan 
-161.625, 89.625, 1.9023287270147293e-25, nan 
-161.375, 89.625, 1.517598209420713e-25, nan 
-161.125, 89.625, 1.8275822851150638e-25, nan 
-160.875, 89.625, 1.4297886003269874e-25, nan 
-160.625, 89.625, 1.7485492537503441e-25, nan 
-160.375, 89.625, 1.4707760274265866e-25, nan 
-160.125, 89.625, 1.6045965917663384e-25, nan 
-159.875, 89.625, 1.6322199156290074e-25, nan 
-159.625, 89.625, 1.6980691861517858e-25, nan 
-159.375, 89.625, 1.3351269727684813e-25, nan 
-159.125, 89.625, 1.7229813990587338e-25, nan 
-158.875, 89.625, 1.3435207520061885e-25, nan 
-158.625, 89.625, 1.742488396085227e-25, nan 
-158.375, 89.625, 1.5242358942872878e-25, nan 
-158.125, 89.625, 1.8977531937761933e-25, nan 
-157.875, 89.625, 1.6413533855688458e-25, nan 
-157.625, 89.625, 1.6781053817360811e-25, nan 
-157.375, 89.625, 1.5068394905199408e-25, nan 
-157.125, 89.625, 1.6851791949621792e-25, nan 
-156.875, 89.625, 1.4147073596701602e-25, nan 
-156.625, 89.625, 1.7044589477119735e-25, nan 
-156.375, 89.625, 1.6851977629324495e-25, nan 
-156.125, 89.625, 1.8503399336555606e-25, nan 
-155.875, 89.625, 1.3759367879959806e-25, nan 
-155.625, 89.625, 1.9522337157611711e-25, nan 
-155.375, 89.625, 1.748707021745377e-25, nan 
-155.125, 89.625, 1.6953864225196567e-25, nan 
-154.875, 89.625, 1.2047018693093325e-25, nan 
-154.625, 89.625, 1.6505731986141047e-25, nan 
-154.375, 89.625, 8.826925133593508e-26, nan 
-154.125, 89.625, 1.517318596117881e-25, nan 
-153.875, 89.625, 1.4949799241123802e-25, nan 
-153.625, 89.625, 2.103991953032855e-25, nan 
-153.375, 89.625, 1.4109322166540541e-25, nan 
-153.125, 89.625, 1.5151474498277052e-25, nan 
-152.875, 89.625, 6.165534519471677e-26, nan 
-152.625, 89.625, 1.5060727852243583e-25, nan 
-152.375, 89.625, 1.5056340201252762e-25, nan 
-152.125, 89.625, 2.127032882806543e-25, nan 
-151.875, 89.625, 1.6620229896762828e-25, nan 
-151.625, 89.625, 1.3560017817983928e-25, nan 
-151.375, 89.625, 9.130522181807907e-26, nan 
-151.125, 89.625, 1.2712602379253423e-25, nan 
-150.875, 89.625, 1.4550166811381963e-25, nan 
-150.625, 89.625, 2.0178212336580735e-25, nan 
-150.375, 89.625, 2.0481299101103695e-25, nan 
-150.125, 89.625, 1.7327201263605438e-25, nan 
-149.875, 89.625, 1.4117310530636078e-25, nan 
-149.625, 89.625, 1.8242673072861673e-25, nan 
-149.375, 89.625, 1.747030309008302e-25, nan 
-149.125, 89.625, 9.101139431609289e-26, nan 
-148.875, 89.625, 1.7017736139684557e-25, nan 
-148.625, 89.625, 1.5750928369689477e-25, nan 
-148.375, 89.625, 1.8529531829013272e-25, nan 
-148.125, 89.625, 1.2971007774550226e-25, nan 
-147.875, 89.625, 1.6782910071735482e-25, nan 
-147.625, 89.625, 1.3401870793418905e-25, nan 
-147.375, 89.625, 2.0732496469741098e-25, nan 
-147.125, 89.625, 1.6079911039372937e-25, nan 
-146.875, 89.625, 1.739288538763323e-25, nan 
-146.625, 89.625, 1.6389849112036234e-25, nan 
-146.375, 89.625, 1.8231025824542842e-25, nan 
-146.125, 89.625, 1.3162017465381735e-25, nan 
-145.875, 89.625, 1.682789848028972e-25, nan 
-145.625, 89.625, 1.778873734235484e-25, nan 
-145.375, 89.625, 2.0157515159424323e-25, nan 
-145.125, 89.625, 1.9040120180346858e-25, nan 
-144.875, 89.625, 2.1897393287187985e-25, nan 
-144.625, 89.625, 1.3182477696896158e-25, nan 
-144.375, 89.625, 1.7846784503180685e-25, nan 
-144.125, 89.625, 6.73685932692097e-26, nan 
-143.875, 89.625, 1.701855789713399e-25, nan 
-143.625, 89.625, 1.3317862252007082e-25, nan 
-143.375, 89.625, 1.6787534158145224e-25, nan 
-143.125, 89.625, 6.949999307143255e-26, nan 
-142.875, 89.625, 1.8165787552333498e-25, nan 
-142.625, 89.625, 1.3830833020215087e-25, nan 
-142.375, 89.625, 1.6465960835777205e-25, nan 
-142.125, 89.625, 1.5277309263628045e-25, nan 
-141.875, 89.625, 8.871978109925163e-26, nan 
-141.625, 89.625, 3.512195446012697e-26, nan 
-141.375, 89.625, 7.611057462739612e-26, nan 
-141.125, 89.625, 7.666321056886003e-26, nan 
-140.875, 89.625, 4.595338589647945e-26, nan 
-140.625, 89.625, 5.844375694111794e-26, nan 
-140.375, 89.625, 2.2462895035153485e-25, nan 
-140.125, 89.625, 1.4934931860142137e-25, nan 
-139.875, 89.625, 2.0374385817612536e-25, nan 
-139.625, 89.625, 1.4845550735015753e-25, nan 
-139.375, 89.625, 1.8285348376842617e-25, nan 
-139.125, 89.625, 5.948662102507271e-26, nan 
-138.875, 89.625, 1.364837071836662e-25, nan 
-138.625, 89.625, 9.415889796464868e-26, nan 
-138.375, 89.625, 1.4397379261522814e-25, nan 
-138.125, 89.625, 8.474653292872943e-26, nan 
-137.875, 89.625, 1.1147782835115907e-25, nan 
-137.625, 89.625, 8.687604299145935e-26, nan 
-137.375, 89.625, 1.2874602787360547e-25, nan 
-137.125, 89.625, 1.0950595556825885e-25, nan 
-136.875, 89.625, 5.849883800209953e-26, nan 
-136.625, 89.625, 1.0457963300250103e-25, nan 
-136.375, 89.625, 7.687082191943772e-26, nan 
-136.125, 89.625, 7.954220273484676e-26, nan 
-135.875, 89.625, 5.342910551881589e-26, nan 
-135.625, 89.625, 8.95643699732068e-26, nan 
-135.375, 89.625, 1.077779005446221e-25, nan 
-135.125, 89.625, 9.930946921228892e-26, nan 
-134.875, 89.625, 7.27993491516558e-26, nan 
-134.625, 89.625, 1.0185956957341878e-25, nan 
-134.375, 89.625, 7.703471266853501e-26, nan 
-134.125, 89.625, 1.152032621746622e-25, nan 
-133.875, 89.625, 1.0435966128346424e-25, nan 
-133.625, 89.625, 1.3169287533679366e-25, nan 
-133.375, 89.625, 6.410078143606506e-26, nan 
-133.125, 89.625, 7.012997879472127e-26, nan 
-132.875, 89.625, 6.093261769194086e-26, nan 
-132.625, 89.625, 5.862980212196436e-26, nan 
-132.375, 89.625, 1.176773154135753e-25, nan 
-132.125, 89.625, 8.275735234054107e-26, nan 
-131.875, 89.625, 7.817385746658501e-26, nan 
-131.625, 89.625, 5.47972022391009e-26, nan 
-131.375, 89.625, 7.08883928758049e-26, nan 
-131.125, 89.625, 6.982927610100716e-26, nan 
-130.875, 89.625, 5.137961175942596e-26, nan 
-130.625, 89.625, 1.271812923555593e-25, nan 
-130.375, 89.625, 1.2046523639068469e-25, nan 
-130.125, 89.625, 1.4515118736376778e-25, nan 
-129.875, 89.625, 1.099050781449053e-25, nan 
-129.625, 89.625, 1.2538133862935517e-25, nan 
-129.375, 89.625, 9.554576612952728e-26, nan 
-129.125, 89.625, 9.050865097317366e-26, nan 
-128.875, 89.625, 8.625425584528406e-26, nan 
-128.625, 89.625, 4.5145615261550364e-26, nan 
-128.375, 89.625, 4.6091480577560555e-26, nan 
-128.125, 89.625, 3.909461949655858e-26, nan 
-127.875, 89.625, 7.310888894899913e-26, nan 
-127.625, 89.625, 7.968233965252339e-26, nan 
-127.375, 89.625, 1.0469548251039903e-25, nan 
-127.125, 89.625, 5.45178513826067e-26, nan 
-126.875, 89.625, 5.988528949821485e-26, nan 
-126.625, 89.625, 1.032896483001432e-25, nan 
-126.375, 89.625, 9.395915124380762e-26, nan 
-126.125, 89.625, 7.985400261763249e-26, nan 
-125.875, 89.625, 5.474519060355249e-26, nan 
-125.625, 89.625, 1.0434232900211514e-25, nan 
-125.375, 89.625, 7.967073577532969e-26, nan 
-125.125, 89.625, 7.83950649073883e-26, nan 
-124.875, 89.625, 9.552034612789611e-26, nan 
-124.625, 89.625, 5.981506242673736e-26, nan 
-124.375, 89.625, 1.2128827969119323e-25, nan 
-124.125, 89.625, 8.229991528133244e-26, nan 
-123.875, 89.625, 7.147625264906558e-26, nan 
-123.625, 89.625, 6.521618542512371e-26, nan 
-123.375, 89.625, 5.526363355156658e-26, nan 
-123.125, 89.625, 8.828366910181016e-26, nan 
-122.875, 89.625, 5.474923842371662e-26, nan 
-122.625, 89.625, 5.727981741889923e-26, nan 
-122.375, 89.625, 1.0259476460304372e-25, nan 
-122.125, 89.625, 5.594343125763492e-26, nan 
-121.875, 89.625, 4.8167163519495285e-26, nan 
-121.625, 89.625, 4.73061017186962e-26, nan 
-121.375, 89.625, 9.414330825741343e-26, nan 
-121.125, 89.625, 7.910684906863004e-26, nan 
-120.875, 89.625, 8.953577455291296e-26, nan 
-120.625, 89.625, 5.916690142871941e-26, nan 
-120.375, 89.625, 5.851850501750725e-26, nan 
-120.125, 89.625, 6.139394187045311e-26, nan 
-119.875, 89.625, 4.1870681788221704e-26, nan 
-119.625, 89.625, 2.637683170674053e-26, nan 
-119.375, 89.625, 4.838639641022121e-26, nan 
-119.125, 89.625, 2.3198480424681182e-26, nan 
-118.875, 89.625, 4.3790784819239353e-26, nan 
-118.625, 89.625, 7.948667590735998e-26, nan 
-118.375, 89.625, 8.770585686012359e-26, nan 
-118.125, 89.625, 3.76734597655895e-26, nan 
-117.875, 89.625, 3.917916291070845e-26, nan 
-117.625, 89.625, 8.228920653458496e-26, nan 
-117.375, 89.625, 3.5647737705245163e-26, nan 
-117.125, 89.625, 4.4038502313911835e-26, nan 
-116.875, 89.625, 1.8887613687359227e-26, nan 
-116.625, 89.625, 4.354674485791302e-26, nan 
-116.375, 89.625, 3.801057892266579e-26, nan 
-116.125, 89.625, 8.430248798832942e-26, nan 
-115.875, 89.625, 1.6484161744907095e-26, nan 
-115.625, 89.625, 5.804625985180445e-26, nan 
-115.375, 89.625, 4.311746122405736e-26, nan 
-115.125, 89.625, 3.756374639780365e-26, nan 
-114.875, 89.625, 6.154687810943565e-26, nan 
-114.625, 89.625, 3.8621974993903736e-26, nan 
-114.375, 89.625, 7.116401941955709e-26, nan 
-114.125, 89.625, 1.002957383545031e-25, nan 
-113.875, 89.625, 1.1166333928932664e-25, nan 
-113.625, 89.625, 1.2645473184999236e-25, nan 
-113.375, 89.625, 1.6156180069150525e-25, nan 
-113.125, 89.625, 1.2498568353998579e-25, nan 
-112.875, 89.625, 1.2302175533383243e-25, nan 
-112.625, 89.625, 1.120386087775213e-25, nan 
-112.375, 89.625, 1.3376636109465158e-25, nan 
-112.125, 89.625, 8.682649459054261e-26, nan 
-111.875, 89.625, 2.049737864650713e-25, nan 
-111.625, 89.625, 7.290973086843982e-26, nan 
-111.375, 89.625, 1.485249464773672e-25, nan 
-111.125, 89.625, 1.4440009326769715e-25, nan 
-110.875, 89.625, 1.5620104367250395e-25, nan 
-110.625, 89.625, 1.1426908549096556e-25, nan 
-110.375, 89.625, 1.2370848292840664e-25, nan 
-110.125, 89.625, 1.273658784261259e-25, nan 
-109.875, 89.625, 1.2181877136009528e-25, nan 
-109.625, 89.625, 1.1453032602880938e-25, nan 
-109.375, 89.625, 1.1751847014706063e-25, nan 
-109.125, 89.625, 1.9773544528122874e-25, nan 
-108.875, 89.625, 1.4833893073893292e-25, nan 
-108.625, 89.625, 1.7147308096258921e-25, nan 
-108.375, 89.625, 1.5342504946387096e-25, nan 
-108.125, 89.625, 1.5869758519666583e-25, nan 
-107.875, 89.625, 1.2286753831776827e-25, nan 
-107.625, 89.625, 1.5410182250147544e-25, nan 
-107.375, 89.625, 2.0754945813696323e-25, nan 
-107.125, 89.625, 2.1868655508717047e-25, nan 
-106.875, 89.625, 2.196955761552755e-25, nan 
-106.625, 89.625, 2.170856055830258e-25, nan 
-106.375, 89.625, 2.0529452343908998e-25, nan 
-106.125, 89.625, 1.9168690946419353e-25, nan 
-105.875, 89.625, 1.81295339011807e-25, nan 
-105.625, 89.625, 1.9776736011226756e-25, nan 
-105.375, 89.625, 1.987671794791771e-25, nan 
-105.125, 89.625, 2.1116836735113154e-25, nan 
-104.875, 89.625, 1.2071997492432816e-25, nan 
-104.625, 89.625, 2.0433870512571658e-25, nan 
-104.375, 89.625, 1.4415201270507014e-25, nan 
-104.125, 89.625, 1.9056190243360186e-25, nan 
-103.875, 89.625, 1.4338751358142364e-25, nan 
-103.625, 89.625, 1.665593249454353e-25, nan 
-103.375, 89.625, 1.4278852448452593e-25, nan 
-103.125, 89.625, 1.5524169703485937e-25, nan 
-102.875, 89.625, 1.0555967731800824e-25, nan 
-102.625, 89.625, 1.6973657454985686e-25, nan 
-102.375, 89.625, 1.3673972964212e-25, nan 
-102.125, 89.625, 1.0350160882528968e-25, nan 
-101.875, 89.625, 1.5100406933911196e-25, nan 
-101.625, 89.625, 1.602658548199781e-25, nan 
-101.375, 89.625, 1.3557836370658451e-25, nan 
-101.125, 89.625, 1.5387479654412502e-25, nan 
-100.875, 89.625, 1.2543570422030871e-25, nan 
-100.625, 89.625, 1.06487201218276e-25, nan 
-100.375, 89.625, 1.6904789771082806e-25, nan 
-100.125, 89.625, 1.3992300644772752e-25, nan 
-99.875, 89.625, 1.5449609114825607e-25, nan 
-99.625, 89.625, 1.2457037143315678e-25, nan 
-99.375, 89.625, 1.431040178147517e-25, nan 
-99.125, 89.625, 6.548462677244707e-26, nan 
-98.875, 89.625, 1.1693467950013652e-25, nan 
-98.625, 89.625, 1.0090342366785925e-25, nan 
-98.375, 89.625, 1.393290510628729e-25, nan 
-98.125, 89.625, 1.2334073085112942e-25, nan 
-97.875, 89.625, 1.5144763334159284e-25, nan 
-97.625, 89.625, 1.2534860502040901e-25, nan 
-97.375, 89.625, 1.2163368080967817e-25, nan 
-97.125, 89.625, 1.0261682076676266e-25, nan 
-96.875, 89.625, 1.1596673551880677e-25, nan 
-96.625, 89.625, 1.4409739582056472e-25, nan 
-96.375, 89.625, 1.0933805226203743e-25, nan 
-96.125, 89.625, 1.3969209982837792e-25, nan 
-95.875, 89.625, 1.388499574148581e-25, nan 
-95.625, 89.625, 1.2627171247649096e-25, nan 
-95.375, 89.625, 1.3827245843144294e-25, nan 
-95.125, 89.625, 1.3875193798904887e-25, nan 
-94.875, 89.625, 1.544127327487523e-25, nan 
-94.625, 89.625, 1.380792405265825e-25, nan 
-94.375, 89.625, 1.2156164238844253e-25, nan 
-94.125, 89.625, 1.5493751513377125e-25, nan 
-93.875, 89.625, 1.216592275442167e-25, nan 
-93.625, 89.625, 1.1274585831614658e-25, nan 
-93.375, 89.625, 1.0546381510236621e-25, nan 
-93.125, 89.625, 1.2411927778229988e-25, nan 
-92.875, 89.625, 8.583329911159734e-26, nan 
-92.625, 89.625, 1.437562826933316e-25, nan 
-92.375, 89.625, 1.2245596625732748e-25, nan 
-92.125, 89.625, 1.079816433934581e-25, nan 
-91.875, 89.625, 1.5138242289608374e-25, nan 
-91.625, 89.625, 1.8654285167787267e-25, nan 
-91.375, 89.625, 1.4324348441451274e-25, nan 
-91.125, 89.625, 1.6306663208840003e-25, nan 
-90.875, 89.625, 1.3586380477905579e-25, nan 
-90.625, 89.625, 1.7315806412741764e-25, nan 
-90.375, 89.625, 1.796367877743197e-25, nan 
-90.125, 89.625, 1.8069391867936528e-25, nan 
-89.875, 89.625, 1.8334465850980814e-25, nan 
-89.625, 89.625, 1.9078727858054737e-25, nan 
-89.375, 89.625, 2.100244405731712e-25, nan 
-89.125, 89.625, 2.0720124687217004e-25, nan 
-88.875, 89.625, 2.119627906818813e-25, nan 
-88.625, 89.625, 2.222179396646151e-25, nan 
-88.375, 89.625, 2.2532929620864386e-25, nan 
-88.125, 89.625, 2.5762174206004852e-25, nan 
-87.875, 89.625, 2.6113282471411483e-25, nan 
-87.625, 89.625, 2.902637425495258e-25, nan 
-87.375, 89.625, 2.64575971180829e-25, nan 
-87.125, 89.625, 2.3974037836400345e-25, nan 
-86.875, 89.625, 2.5163939368417835e-25, nan 
-86.625, 89.625, 3.0715888722609165e-25, nan 
-86.375, 89.625, 2.960968732136476e-25, nan 
-86.125, 89.625, 2.5296129314508854e-25, nan 
-85.875, 89.625, 2.3160964738279794e-25, nan 
-85.625, 89.625, 1.9317048269364859e-25, nan 
-85.375, 89.625, 1.663013724201673e-25, nan 
-85.125, 89.625, 1.2438539182986905e-25, nan 
-84.875, 89.625, 1.8538621277806175e-25, nan 
-84.625, 89.625, 1.4234348688595788e-25, nan 
-84.375, 89.625, 1.3793485057341241e-25, nan 
-84.125, 89.625, 1.4145637786375513e-25, nan 
-83.875, 89.625, 1.5345957494344083e-25, nan 
-83.625, 89.625, 1.8429176431704543e-25, nan 
-83.375, 89.625, 2.037722210508884e-25, nan 
-83.125, 89.625, 1.886880433431543e-25, nan 
-82.875, 89.625, 1.7154947702505557e-25, nan 
-82.625, 89.625, 1.8404781441746855e-25, nan 
-82.375, 89.625, 1.5397247372024026e-25, nan 
-82.125, 89.625, 1.6718558407992692e-25, nan 
-81.875, 89.625, 1.7279283423440974e-25, nan 
-81.625, 89.625, 1.8252718862316478e-25, nan 
-81.375, 89.625, 1.629983710787968e-25, nan 
-81.125, 89.625, 2.201591295364596e-25, nan 
-80.875, 89.625, 1.8837388823902318e-25, nan 
-80.625, 89.625, 1.6162887813299379e-25, nan 
-80.375, 89.625, 1.6789032179020516e-25, nan 
-80.125, 89.625, 1.6617520599054865e-25, nan 
-79.875, 89.625, 2.303568511317265e-25, nan 
-79.625, 89.625, 2.610106040979653e-25, nan 
-79.375, 89.625, 2.8214083244279303e-25, nan 
-79.125, 89.625, 2.8508897543164202e-25, nan 
-78.875, 89.625, 3.0128271416588817e-25, nan 
-78.625, 89.625, 3.0615606889532554e-25, nan 
-78.375, 89.625, 2.89634502903825e-25, nan 
-78.125, 89.625, 2.481685245991175e-25, nan 
-77.875, 89.625, 2.854434807989441e-25, nan 
-77.625, 89.625, 3.0192587414002194e-25, nan 
-77.375, 89.625, 2.7758600996975854e-25, nan 
-77.125, 89.625, 3.095441813251451e-25, nan 
-76.875, 89.625, 3.179895580298932e-25, nan 
-76.625, 89.625, 3.577872078060494e-25, nan 
-76.375, 89.625, 3.850803979949756e-25, nan 
-76.125, 89.625, 3.3711423434532305e-25, nan 
-75.875, 89.625, 3.457258974582517e-25, nan 
-75.625, 89.625, 3.4685966129630723e-25, nan 
-75.375, 89.625, 3.3777272456645796e-25, nan 
-75.125, 89.625, 3.691037335719549e-25, nan 
-74.875, 89.625, 3.529446549075297e-25, nan 
-74.625, 89.625, 3.4039884481200557e-25, nan 
-74.375, 89.625, 3.6261420978513874e-25, nan 
-74.125, 89.625, 3.5982371390147026e-25, nan 
-73.875, 89.625, 3.5671501349698237e-25, nan 
-73.625, 89.625, 3.7557754523222475e-25, nan 
-73.375, 89.625, 3.4846762021430057e-25, nan 
-73.125, 89.625, 3.550230812535709e-25, nan 
-72.875, 89.625, 3.5555421331119847e-25, nan 
-72.625, 89.625, 3.8108507608198297e-25, nan 
-72.375, 89.625, 3.7566423510124116e-25, nan 
-72.125, 89.625, 3.9623669203239353e-25, nan 
-71.875, 89.625, 3.6265816551508456e-25, nan 
-71.625, 89.625, 3.739543335443572e-25, nan 
-71.375, 89.625, 3.7238638176901654e-25, nan 
-71.125, 89.625, 4.149415397532966e-25, nan 
-70.875, 89.625, 4.199230142259459e-25, nan 
-70.625, 89.625, 3.795255005398039e-25, nan 
-70.375, 89.625, 3.5565064926220493e-25, nan 
-70.125, 89.625, 3.5491540776190573e-25, nan 
-69.875, 89.625, 4.367498861471879e-25, nan 
-69.625, 89.625, 3.944330459946303e-25, nan 
-69.375, 89.625, 3.7575071396973235e-25, nan 
-69.125, 89.625, 3.3591761923055813e-25, nan 
-68.875, 89.625, 3.216217606666164e-25, nan 
-68.625, 89.625, 3.594735139630162e-25, nan 
-68.375, 89.625, 3.6695505767941118e-25, nan 
-68.125, 89.625, 3.537964223663083e-25, nan 
-67.875, 89.625, 3.4961028500524993e-25, nan 
-67.625, 89.625, 3.3514316713994027e-25, nan 
-67.375, 89.625, 3.319125298375625e-25, nan 
-67.125, 89.625, 3.7044793632549562e-25, nan 
-66.875, 89.625, 3.4170233026655297e-25, nan 
-66.625, 89.625, 3.504996204496725e-25, nan 
-66.375, 89.625, 3.2976896507291227e-25, nan 
-66.125, 89.625, 3.737221719695421e-25, nan 
-65.875, 89.625, 3.8021827949005105e-25, nan 
-65.625, 89.625, 3.744595871385868e-25, nan 
-65.375, 89.625, 3.9054664200011657e-25, nan 
-65.125, 89.625, 3.781125847605854e-25, nan 
-64.875, 89.625, 3.4960451948591525e-25, nan 
-64.625, 89.625, 3.9657988226954812e-25, nan 
-64.375, 89.625, 3.4953914191454883e-25, nan 
-64.125, 89.625, 4.003520666534963e-25, nan 
-63.875, 89.625, 3.727077950943629e-25, nan 
-63.625, 89.625, 3.8580892831022607e-25, nan 
-63.375, 89.625, 3.794539502256168e-25, nan 
-63.125, 89.625, 4.456083310096968e-25, nan 
-62.875, 89.625, 3.973271703561753e-25, nan 
-62.625, 89.625, 3.4499467163818407e-25, nan 
-62.375, 89.625, 3.352483733634371e-25, nan 
-62.125, 89.625, 3.602403137625879e-25, nan 
-61.875, 89.625, 3.9327549537936514e-25, nan 
-61.625, 89.625, 4.863409871996249e-25, nan 
-61.375, 89.625, 5.458342658888637e-25, nan 
-61.125, 89.625, 5.662961209101922e-25, nan 
-60.875, 89.625, 5.72929763624052e-25, nan 
-60.625, 89.625, 4.548942715880837e-25, nan 
-60.375, 89.625, 3.575290824033846e-25, nan 
-60.125, 89.625, 3.3641702304587592e-25, nan 
-59.875, 89.625, 3.8077939969874445e-25, nan 
-59.625, 89.625, 3.820600068276456e-25, nan 
-59.375, 89.625, 4.111361776468418e-25, nan 
-59.125, 89.625, 3.377246327836293e-25, nan 
-58.875, 89.625, 2.5379525900678894e-25, nan 
-58.625, 89.625, 2.307073583556133e-25, nan 
-58.375, 89.625, 2.3053550901599816e-25, nan 
-58.125, 89.625, 2.2322395227746745e-25, nan 
-57.875, 89.625, 1.97694426871841e-25, nan 
-57.625, 89.625, 2.2653689716473832e-25, nan 
-57.375, 89.625, 1.9824871925269636e-25, nan 
-57.125, 89.625, 2.6132535099158933e-25, nan 
-56.875, 89.625, 3.152019987102069e-25, nan 
-56.625, 89.625, 3.370715351489618e-25, nan 
-56.375, 89.625, 3.657350387378011e-25, nan 
-56.125, 89.625, 3.690572488658366e-25, nan 
-55.875, 89.625, 3.8119953790241205e-25, nan 
-55.625, 89.625, 3.8742444962063084e-25, nan 
-55.375, 89.625, 3.5981534239475936e-25, nan 
-55.125, 89.625, 3.676230006804117e-25, nan 
-54.875, 89.625, 3.9894475526098585e-25, nan 
-54.625, 89.625, 3.7632077713229944e-25, nan 
-54.375, 89.625, 3.852596132670184e-25, nan 
-54.125, 89.625, 3.7323105657429694e-25, nan 
-53.875, 89.625, 3.6447427133851836e-25, nan 
-53.625, 89.625, 3.5636656964371917e-25, nan 
-53.375, 89.625, 3.1028034954095814e-25, nan 
-53.125, 89.625, 2.0070752632007864e-25, nan 
-52.875, 89.625, 2.8041412241110443e-25, nan 
-52.625, 89.625, 3.940019441946741e-25, nan 
-52.375, 89.625, 3.968911177552835e-25, nan 
-52.125, 89.625, 3.315819183964202e-25, nan 
-51.875, 89.625, 3.6071266066144386e-25, nan 
-51.625, 89.625, 3.7945316262640944e-25, nan 
-51.375, 89.625, 4.201955210476246e-25, nan 
-51.125, 89.625, 3.8049067656447842e-25, nan 
-50.875, 89.625, 3.8221659061956443e-25, nan 
-50.625, 89.625, 4.0695553654030993e-25, nan 
-50.375, 89.625, 5.002337691416503e-25, nan 
-50.125, 89.625, 4.520143542583811e-25, nan 
-49.875, 89.625, 4.459867824120869e-25, nan 
-49.625, 89.625, 4.242802500381509e-25, nan 
-49.375, 89.625, 4.664847473631173e-25, nan 
-49.125, 89.625, 3.775052573917661e-25, nan 
-48.875, 89.625, 3.8466140222743243e-25, nan 
-48.625, 89.625, 3.632307108579307e-25, nan 
-48.375, 89.625, 4.534067375279493e-25, nan 
-48.125, 89.625, 4.1302987479781803e-25, nan 
-47.875, 89.625, 3.6947192939761174e-25, nan 
-47.625, 89.625, 3.2373617682072135e-25, nan 
-47.375, 89.625, 2.904427818259977e-25, nan 
-47.125, 89.625, 2.8934344084821805e-25, nan 
-46.875, 89.625, 2.5383034447084817e-25, nan 
-46.625, 89.625, 3.2291584236344354e-25, nan 
-46.375, 89.625, 5.425550461863861e-25, nan 
-46.125, 89.625, 4.373495064677395e-25, nan 
-45.875, 89.625, 3.662832508869626e-25, nan 
-45.625, 89.625, 4.0471836319999116e-25, nan 
-45.375, 89.625, 4.43430878818416e-25, nan 
-45.125, 89.625, 3.687930417741608e-25, nan 
-44.875, 89.625, 2.8999686139218234e-25, nan 
-44.625, 89.625, 3.7011929927939517e-25, nan 
-44.375, 89.625, 4.521058100846506e-25, nan 
-44.125, 89.625, 5.131337906301299e-25, nan 
-43.875, 89.625, 4.378389096833947e-25, nan 
-43.625, 89.625, 3.3091892479669586e-25, nan 
-43.375, 89.625, 3.8368597455665117e-25, nan 
-43.125, 89.625, 3.959013532488626e-25, nan 
-42.875, 89.625, 3.958322379416305e-25, nan 
-42.625, 89.625, 3.603708330414732e-25, nan 
-42.375, 89.625, 4.035967884554086e-25, nan 
-42.125, 89.625, 3.6415129012184897e-25, nan 
-41.875, 89.625, 3.234376511442444e-25, nan 
-41.625, 89.625, 3.439987866112155e-25, nan 
-41.375, 89.625, 3.657517513861037e-25, nan 
-41.125, 89.625, 3.645957777173274e-25, nan 
-40.875, 89.625, 3.716614293545097e-25, nan 
-40.625, 89.625, 3.9006321422748903e-25, nan 
-40.375, 89.625, 4.0084431922237634e-25, nan 
-40.125, 89.625, 3.8864518653574523e-25, nan 
-39.875, 89.625, 4.306955719957421e-25, nan 
-39.625, 89.625, 3.785616694331737e-25, nan 
-39.375, 89.625, 4.321670427040985e-25, nan 
-39.125, 89.625, 4.196387644747271e-25, nan 
-38.875, 89.625, 4.269689320279141e-25, nan 
-38.625, 89.625, 4.284514565060833e-25, nan 
-38.375, 89.625, 4.696351698187704e-25, nan 
-38.125, 89.625, 4.978870464548044e-25, nan 
-37.875, 89.625, 4.622719009031999e-25, nan 
-37.625, 89.625, 4.443504843333631e-25, nan 
-37.375, 89.625, 4.665853163317406e-25, nan 
-37.125, 89.625, 5.346766298780079e-25, nan 
-36.875, 89.625, 4.926724278238038e-25, nan 
-36.625, 89.625, 5.028215457534019e-25, nan 
-36.375, 89.625, 4.677657522411999e-25, nan 
-36.125, 89.625, 5.220469133363381e-25, nan 
-35.875, 89.625, 5.078271678480379e-25, nan 
-35.625, 89.625, 5.049879214424978e-25, nan 
-35.375, 89.625, 4.927979526322253e-25, nan 
-35.125, 89.625, 5.193996374745782e-25, nan 
-34.875, 89.625, 5.180741347597861e-25, nan 
-34.625, 89.625, 5.3290314271332715e-25, nan 
-34.375, 89.625, 5.268913119592823e-25, nan 
-34.125, 89.625, 5.400716572206905e-25, nan 
-33.875, 89.625, 5.255706186577647e-25, nan 
-33.625, 89.625, 5.346375601007615e-25, nan 
-33.375, 89.625, 5.4951446301164935e-25, nan 
-33.125, 89.625, 5.197286030164878e-25, nan 
-32.875, 89.625, 5.953190492479974e-25, nan 
-32.625, 89.625, 5.362654255615676e-25, nan 
-32.375, 89.625, 5.007014750800917e-25, nan 
-32.125, 89.625, 5.6003515712790975e-25, nan 
-31.875, 89.625, 5.627629005498078e-25, nan 
-31.625, 89.625, 5.874735399100706e-25, nan 
-31.375, 89.625, 5.613901416919944e-25, nan 
-31.125, 89.625, 5.68755668866213e-25, nan 
-30.875, 89.625, 5.146428745004499e-25, nan 
-30.625, 89.625, 5.221127742861082e-25, nan 
-30.375, 89.625, 4.798545489675531e-25, nan 
-30.125, 89.625, 4.852204874344963e-25, nan 
-29.875, 89.625, 5.183019711345616e-25, nan 
-29.625, 89.625, 5.3411209636526565e-25, nan 
-29.375, 89.625, 5.5993825904680165e-25, nan 
-29.125, 89.625, 5.4865280297403905e-25, nan 
-28.875, 89.625, 5.394541071845194e-25, nan 
-28.625, 89.625, 5.593686140870555e-25, nan 
-28.375, 89.625, 5.558426605260198e-25, nan 
-28.125, 89.625, 5.887959449555549e-25, nan 
-27.875, 89.625, 5.6514570945032e-25, nan 
-27.625, 89.625, 5.468834657417918e-25, nan 
-27.375, 89.625, 6.1065503239403035e-25, nan 
-27.125, 89.625, 5.3613098099532585e-25, nan 
-26.875, 89.625, 5.254231407083273e-25, nan 
-26.625, 89.625, 5.525931714643305e-25, nan 
-26.375, 89.625, 5.944200108095477e-25, nan 
-26.125, 89.625, 4.587466810242596e-25, nan 
-25.875, 89.625, 5.329845225952096e-25, nan 
-25.625, 89.625, 5.942837686554024e-25, nan 
-25.375, 89.625, 5.973382507974214e-25, nan 
-25.125, 89.625, 5.666668666982464e-25, nan 
-24.875, 89.625, 6.194878590087322e-25, nan 
-24.625, 89.625, 5.747918843206455e-25, nan 
-24.375, 89.625, 5.780215731611341e-25, nan 
-24.125, 89.625, 5.927040019836847e-25, nan 
-23.875, 89.625, 5.883588752382151e-25, nan 
-23.625, 89.625, 5.999899099681139e-25, nan 
-23.375, 89.625, 5.484672100517919e-25, nan 
-23.125, 89.625, 6.447142794365334e-25, nan 
-22.875, 89.625, 7.4212075895686955e-25, nan 
-22.625, 89.625, 6.832539809819474e-25, nan 
-22.375, 89.625, 5.648249694216903e-25, nan 
-22.125, 89.625, 6.143827251208268e-25, nan 
-21.875, 89.625, 5.177305506447385e-25, nan 
-21.625, 89.625, 5.573732400475228e-25, nan 
-21.375, 89.625, 6.226656839138173e-25, nan 
-21.125, 89.625, 4.808715604851841e-25, nan 
-20.875, 89.625, 4.276298228633211e-25, nan 
-20.625, 89.625, 5.612487551551828e-25, nan 
-20.375, 89.625, 6.130313098761923e-25, nan 
-20.125, 89.625, 5.856943756061136e-25, nan 
-19.875, 89.625, 6.216014716538429e-25, nan 
-19.625, 89.625, 6.157006080360357e-25, nan 
-19.375, 89.625, 6.6673976373472505e-25, nan 
-19.125, 89.625, 5.33464660418165e-25, nan 
-18.875, 89.625, 4.828522320818023e-25, nan 
-18.625, 89.625, 5.599814997822948e-25, nan 
-18.375, 89.625, 4.912639177318638e-25, nan 
-18.125, 89.625, 5.394773473115297e-25, nan 
-17.875, 89.625, 4.967574404118242e-25, nan 
-17.625, 89.625, 5.436006546798638e-25, nan 
-17.375, 89.625, 5.708354559137327e-25, nan 
-17.125, 89.625, 4.998365126103677e-25, nan 
-16.875, 89.625, 5.887287904209015e-25, nan 
-16.625, 89.625, 6.075112614674841e-25, nan 
-16.375, 89.625, 6.325954078978334e-25, nan 
-16.125, 89.625, 6.209048164616115e-25, nan 
-15.875, 89.625, 6.206853543586127e-25, nan 
-15.625, 89.625, 6.10063212918254e-25, nan 
-15.375, 89.625, 5.84278354734523e-25, nan 
-15.125, 89.625, 5.220718832830054e-25, nan 
-14.875, 89.625, 5.82071505622143e-25, nan 
-14.625, 89.625, 5.4663337782896065e-25, nan 
-14.375, 89.625, 6.573850837998066e-25, nan 
-14.125, 89.625, 6.369364266199086e-25, nan 
-13.875, 89.625, 6.176372648795894e-25, nan 
-13.625, 89.625, 5.8008219043192095e-25, nan 
-13.375, 89.625, 6.085953997973927e-25, nan 
-13.125, 89.625, 5.258488994299413e-25, nan 
-12.875, 89.625, 4.666567287129709e-25, nan 
-12.625, 89.625, 5.3826749341594715e-25, nan 
-12.375, 89.625, 6.074049281314268e-25, nan 
-12.125, 89.625, 6.478226449021459e-25, nan 
-11.875, 89.625, 6.260452147904474e-25, nan 
-11.625, 89.625, 6.169553540564026e-25, nan 
-11.375, 89.625, 6.337074020159677e-25, nan 
-11.125, 89.625, 6.249348753186876e-25, nan 
-10.875, 89.625, 5.343131637572214e-25, nan 
-10.625, 89.625, 5.14263850820777e-25, nan 
-10.375, 89.625, 5.226423100940316e-25, nan 
-10.125, 89.625, 5.416782166558324e-25, nan 
-9.875, 89.625, 5.513685419453181e-25, nan 
-9.625, 89.625, 5.120740836644712e-25, nan 
-9.375, 89.625, 5.434808373708088e-25, nan 
-9.125, 89.625, 5.225494497597072e-25, nan 
-8.875, 89.625, 5.335744838231788e-25, nan 
-8.625, 89.625, 5.55380103760257e-25, nan 
-8.375, 89.625, 5.571360969563061e-25, nan 
-8.125, 89.625, 8.487317807841579e-25, nan 
-7.875, 89.625, 6.247970187422071e-25, nan 
-7.625, 89.625, 5.6869161270010845e-25, nan 
-7.375, 89.625, 5.679390146492574e-25, nan 
-7.125, 89.625, 6.524774197960695e-25, nan 
-6.875, 89.625, 5.554857340031973e-25, nan 
-6.625, 89.625, 5.547166817036008e-25, nan 
-6.375, 89.625, 5.425616753681619e-25, nan 
-6.125, 89.625, 5.124870977777231e-25, nan 
-5.875, 89.625, 5.682903219696439e-25, nan 
-5.625, 89.625, 5.941513706212474e-25, nan 
-5.375, 89.625, 5.8691811855197835e-25, nan 
-5.125, 89.625, 5.501121100105218e-25, nan 
-4.875, 89.625, 5.547396555046307e-25, nan 
-4.625, 89.625, 5.629594934290981e-25, nan 
-4.375, 89.625, 5.668543885254518e-25, nan 
-4.125, 89.625, 5.481241514004725e-25, nan 
-3.875, 89.625, 5.718791877366945e-25, nan 
-3.625, 89.625, 6.17730892568787e-25, nan 
-3.375, 89.625, 5.433143368855661e-25, nan 
-3.125, 89.625, 5.373079534342692e-25, nan 
-2.875, 89.625, 5.965035606802128e-25, nan 
-2.625, 89.625, 5.375676478659254e-25, nan 
-2.375, 89.625, 5.034194447633547e-25, nan 
-2.125, 89.625, 6.944109606183981e-25, nan 
-1.875, 89.625, 5.73577270036655e-25, nan 
-1.625, 89.625, 5.380071906817969e-25, nan 
-1.375, 89.625, 5.672381997005093e-25, nan 
-1.125, 89.625, 5.880753632703275e-25, nan 
-0.875, 89.625, 5.418201607792443e-25, nan 
-0.625, 89.625, 5.318550765834628e-25, nan 
-0.375, 89.625, 5.521918434328629e-25, nan 
-0.125, 89.625, 6.301808874863804e-25, nan 
0.125, 89.625, 5.715752387960486e-25, nan 
0.375, 89.625, 5.327290728352952e-25, nan 
0.625, 89.625, 5.595757829045255e-25, nan 
0.875, 89.625, 5.065723442955968e-25, nan 
1.125, 89.625, 5.754596875975716e-25, nan 
1.375, 89.625, 5.514536613820192e-25, nan 
1.625, 89.625, 5.919441746285322e-25, nan 
1.875, 89.625, 5.180624445293117e-25, nan 
2.125, 89.625, 5.551940191182308e-25, nan 
2.375, 89.625, 4.858722861930935e-25, nan 
2.625, 89.625, 4.665311453922586e-25, nan 
2.875, 89.625, 4.785957385288817e-25, nan 
3.125, 89.625, 5.409287289482172e-25, nan 
3.375, 89.625, 5.838357898013981e-25, nan 
3.625, 89.625, 6.787847863380986e-25, nan 
3.875, 89.625, 6.01065273371882e-25, nan 
4.125, 89.625, 7.719007537411516e-25, nan 
4.375, 89.625, 5.451707679722448e-25, nan 
4.625, 89.625, 5.2808085689271655e-25, nan 
4.875, 89.625, 7.58050597217292e-25, nan 
5.125, 89.625, 4.624163156367755e-25, nan 
5.375, 89.625, 5.68739658210269e-25, nan 
5.625, 89.625, 4.939252222259912e-25, nan 
5.875, 89.625, 6.22642345728106e-25, nan 
6.125, 89.625, 6.856262909057833e-25, nan 
6.375, 89.625, 5.434796174843111e-25, nan 
6.625, 89.625, 6.388817702704961e-25, nan 
6.875, 89.625, 5.389326993549034e-25, nan 
7.125, 89.625, 6.830779218344748e-25, nan 
7.375, 89.625, 6.453939970406936e-25, nan 
7.625, 89.625, 6.645499645416515e-25, nan 
7.875, 89.625, 5.539765351384323e-25, nan 
8.125, 89.625, 6.927505347047397e-25, nan 
8.375, 89.625, 6.110942925773829e-25, nan 
8.625, 89.625, 6.32001882995382e-25, nan 
8.875, 89.625, 6.488967488138806e-25, nan 
9.125, 89.625, 7.867531307652725e-25, nan 
9.375, 89.625, 6.610900534360054e-25, nan 
9.625, 89.625, 7.930927623706121e-25, nan 
9.875, 89.625, 6.3440727957944885e-25, nan 
10.125, 89.625, 5.655465459630136e-25, nan 
10.375, 89.625, 6.811413241872339e-25, nan 
10.625, 89.625, 6.653362390258623e-25, nan 
10.875, 89.625, 7.740283697809241e-25, nan 
11.125, 89.625, 6.463076421323735e-25, nan 
11.375, 89.625, 7.213630628214517e-25, nan 
11.625, 89.625, 6.0411981136935145e-25, nan 
11.875, 89.625, 5.73112320177147e-25, nan 
12.125, 89.625, 5.583948097946683e-25, nan 
12.375, 89.625, 4.819299376706335e-25, nan 
12.625, 89.625, 8.45088129790793e-25, nan 
12.875, 89.625, 6.896036302253165e-25, nan 
13.125, 89.625, 5.532786445853696e-25, nan 
13.375, 89.625, 7.309418966006415e-25, nan 
13.625, 89.625, 7.204574626000187e-25, nan 
13.875, 89.625, 6.021432306237862e-25, nan 
14.125, 89.625, 5.662133139070938e-25, nan 
14.375, 89.625, 8.127304375837972e-25, nan 
14.625, 89.625, 5.655511144388177e-25, nan 
14.875, 89.625, 6.2964204516625535e-25, nan 
15.125, 89.625, 6.200693642654474e-25, nan 
15.375, 89.625, 8.692631485928992e-25, nan 
15.625, 89.625, 6.452873098389976e-25, nan 
15.875, 89.625, 5.919698650757106e-25, nan 
16.125, 89.625, 5.57619923389982e-25, nan 
16.375, 89.625, 5.6526911251425675e-25, nan 
16.625, 89.625, 6.136205435096662e-25, nan 
16.875, 89.625, 5.67217884427557e-25, nan 
17.125, 89.625, 6.512350765927799e-25, nan 
17.375, 89.625, 6.714372987206139e-25, nan 
17.625, 89.625, 7.639832942923105e-25, nan 
17.875, 89.625, 6.536021432830424e-25, nan 
18.125, 89.625, 6.541656774844764e-25, nan 
18.375, 89.625, 6.328533857719142e-25, nan 
18.625, 89.625, 7.7346009697367095e-25, nan 
18.875, 89.625, 6.972051647310429e-25, nan 
19.125, 89.625, 5.650792895751843e-25, nan 
19.375, 89.625, 4.229600452399958e-25, nan 
19.625, 89.625, 4.548861750140591e-25, nan 
19.875, 89.625, 6.277322591611856e-25, nan 
20.125, 89.625, 6.621051994435622e-25, nan 
20.375, 89.625, 5.746387868263099e-25, nan 
20.625, 89.625, 7.148674448988779e-25, nan 
20.875, 89.625, 5.815821459100789e-25, nan 
21.125, 89.625, 7.523804071221497e-25, nan 
21.375, 89.625, 7.553248846420385e-25, nan 
21.625, 89.625, 7.582362023149278e-25, nan 
21.875, 89.625, 6.680800536316094e-25, nan 
22.125, 89.625, 7.893754521473482e-25, nan 
22.375, 89.625, 4.976776273730037e-25, nan 
22.625, 89.625, 8.010248707647271e-25, nan 
22.875, 89.625, 7.178795109584912e-25, nan 
23.125, 89.625, 4.804282229712174e-25, nan 
23.375, 89.625, 5.454716962914913e-25, nan 
23.625, 89.625, 7.992017474442673e-25, nan 
23.875, 89.625, 5.942528794987179e-25, nan 
24.125, 89.625, 7.636294129277222e-25, nan 
24.375, 89.625, 6.671469057447546e-25, nan 
24.625, 89.625, 5.347351651694193e-25, nan 
24.875, 89.625, 6.385001315839108e-25, nan 
25.125, 89.625, 5.464872379238569e-25, nan 
25.375, 89.625, 6.042055255959684e-25, nan 
25.625, 89.625, 3.8638475002980255e-25, nan 
25.875, 89.625, 6.935060898311124e-25, nan 
26.125, 89.625, 7.148729948199148e-25, nan 
26.375, 89.625, 6.486494424368892e-25, nan 
26.625, 89.625, 6.6031271109092245e-25, nan 
26.875, 89.625, 6.735213700259807e-25, nan 
27.125, 89.625, 6.136011375896925e-25, nan 
27.375, 89.625, 4.574422600040355e-25, nan 
27.625, 89.625, 4.756386298747267e-25, nan 
27.875, 89.625, 7.656854193001712e-25, nan 
28.125, 89.625, 4.0813823055873083e-25, nan 
28.375, 89.625, 3.210739643250695e-25, nan 
28.625, 89.625, 4.0809389806632482e-25, nan 
28.875, 89.625, 5.559125876408882e-25, nan 
29.125, 89.625, 5.1335395435140255e-25, nan 
29.375, 89.625, 3.4287783690208335e-25, nan 
29.625, 89.625, 5.18816170045028e-25, nan 
29.875, 89.625, 4.67886782200403e-25, nan 
30.125, 89.625, 6.540270080391914e-25, nan 
30.375, 89.625, 3.5968023566114004e-25, nan 
30.625, 89.625, 3.3991171214148474e-25, nan 
30.875, 89.625, 7.723226668967039e-25, nan 
31.125, 89.625, 3.722768498977186e-25, nan 
31.375, 89.625, 2.7820207653333185e-25, nan 
31.625, 89.625, 2.8108570748170337e-25, nan 
31.875, 89.625, 3.552711922759553e-25, nan 
32.125, 89.625, 3.134362584014436e-25, nan 
32.375, 89.625, 2.904728691062964e-25, nan 
32.625, 89.625, 3.0388093107260447e-25, nan 
32.875, 89.625, 2.7693188453326016e-25, nan 
33.125, 89.625, 2.2510443292879706e-25, nan 
33.375, 89.625, 4.103533920350656e-25, nan 
33.625, 89.625, 3.996222057801436e-25, nan 
33.875, 89.625, 2.3283783167251595e-25, nan 
34.125, 89.625, 2.6577018578217653e-25, nan 
34.375, 89.625, 2.8013690809166383e-25, nan 
34.625, 89.625, 3.069858286786995e-25, nan 
34.875, 89.625, 3.3601001267301336e-25, nan 
35.125, 89.625, 3.655545184270336e-25, nan 
35.375, 89.625, 4.372590447594824e-25, nan 
35.625, 89.625, 4.528096565854721e-25, nan 
35.875, 89.625, 4.933732058462232e-25, nan 
36.125, 89.625, 5.326693722992887e-25, nan 
36.375, 89.625, 4.259767613826162e-25, nan 
36.625, 89.625, 3.602404831727966e-25, nan 
36.875, 89.625, 3.5891989958280316e-25, nan 
37.125, 89.625, 2.8941444761537975e-25, nan 
37.375, 89.625, 3.1636811592116545e-25, nan 
37.625, 89.625, 2.2476532590895308e-25, nan 
37.875, 89.625, 2.9458523413048575e-25, nan 
38.125, 89.625, 2.8852416334591097e-25, nan 
38.375, 89.625, 4.413930615938696e-25, nan 
38.625, 89.625, 3.734789695455566e-25, nan 
38.875, 89.625, 4.292231657594709e-25, nan 
39.125, 89.625, 3.2060517059875515e-25, nan 
39.375, 89.625, 2.4783630981634128e-25, nan 
39.625, 89.625, 3.2335561458287695e-25, nan 
39.875, 89.625, 2.7930100402997037e-25, nan 
40.125, 89.625, 2.106544247368057e-25, nan 
40.375, 89.625, 2.386469511461582e-25, nan 
40.625, 89.625, 2.0796399486843447e-25, nan 
40.875, 89.625, 2.9876500315531196e-25, nan 
41.125, 89.625, 2.1495994405531947e-25, nan 
41.375, 89.625, 2.0058512304451162e-25, nan 
41.625, 89.625, 2.5261502572954386e-25, nan 
41.875, 89.625, 3.6366580173256136e-25, nan 
42.125, 89.625, 2.606587631125796e-25, nan 
42.375, 89.625, 1.8343717587861388e-25, nan 
42.625, 89.625, 3.076132154971005e-25, nan 
42.875, 89.625, 4.136805277765418e-25, nan 
43.125, 89.625, 5.0451463920957935e-25, nan 
43.375, 89.625, 2.812413032978346e-25, nan 
43.625, 89.625, 3.848000575638065e-25, nan 
43.875, 89.625, 3.8901548444189726e-25, nan 
44.125, 89.625, 2.519674231056865e-25, nan 
44.375, 89.625, 3.2836287651080585e-25, nan 
44.625, 89.625, 2.9342528076417787e-25, nan 
44.875, 89.625, 2.450016499400407e-25, nan 
45.125, 89.625, 2.463624153501135e-25, nan 
45.375, 89.625, 2.1716137932335706e-25, nan 
45.625, 89.625, 4.8452850990681285e-25, nan 
45.875, 89.625, 3.764732682563913e-25, nan 
46.125, 89.625, 3.0433654184063004e-25, nan 
46.375, 89.625, 2.4576935579923507e-25, nan 
46.625, 89.625, 2.222422489355199e-25, nan 
46.875, 89.625, 2.058061337482969e-25, nan 
47.125, 89.625, 1.5528064055870595e-25, nan 
47.375, 89.625, 1.6995620288737595e-25, nan 
47.625, 89.625, 2.0921540779255036e-25, nan 
47.875, 89.625, 1.4831039696481958e-25, nan 
48.125, 89.625, 2.4567521402068117e-25, nan 
48.375, 89.625, 1.217960264334322e-25, nan 
48.625, 89.625, 1.733762505592959e-25, nan 
48.875, 89.625, 1.7193169623356063e-25, nan 
49.125, 89.625, 1.5565951631492686e-25, nan 
49.375, 89.625, 1.9195051534096125e-25, nan 
49.625, 89.625, 1.3608304145028667e-25, nan 
49.875, 89.625, 2.1252017410886924e-25, nan 
50.125, 89.625, 2.0861489630293395e-25, nan 
50.375, 89.625, 3.3634481654403173e-25, nan 
50.625, 89.625, 1.920923835733784e-25, nan 
50.875, 89.625, 1.9854929494822318e-25, nan 
51.125, 89.625, 1.697067358327043e-25, nan 
51.375, 89.625, 2.227348955924188e-25, nan 
51.625, 89.625, 1.9836626885653642e-25, nan 
51.875, 89.625, 2.0682141861452933e-25, nan 
52.125, 89.625, 2.5318196236719186e-25, nan 
52.375, 89.625, 2.3692895106703283e-25, nan 
52.625, 89.625, 1.9093554093793057e-25, nan 
52.875, 89.625, 2.25413646961601e-25, nan 
53.125, 89.625, 3.0291823163821064e-25, nan 
53.375, 89.625, 2.3049089001335216e-25, nan 
53.625, 89.625, 2.3325182325521274e-25, nan 
53.875, 89.625, 2.3974673804994742e-25, nan 
54.125, 89.625, 2.4585901421943075e-25, nan 
54.375, 89.625, 2.106617743672451e-25, nan 
54.625, 89.625, 3.0400837049269973e-25, nan 
54.875, 89.625, 4.183764692512403e-25, nan 
55.125, 89.625, 4.21346012506784e-25, nan 
55.375, 89.625, 4.137343165405271e-25, nan 
55.625, 89.625, 4.40429061979954e-25, nan 
55.875, 89.625, 4.272562754090375e-25, nan 
56.125, 89.625, 3.708485517062236e-25, nan 
56.375, 89.625, 4.300228084392077e-25, nan 
56.625, 89.625, 3.944590408379474e-25, nan 
56.875, 89.625, 4.22952951196334e-25, nan 
57.125, 89.625, 3.7746126345808447e-25, nan 
57.375, 89.625, 3.476921539363551e-25, nan 
57.625, 89.625, 3.2053236766172654e-25, nan 
57.875, 89.625, 3.666498847354527e-25, nan 
58.125, 89.625, 3.4784382728021103e-25, nan 
58.375, 89.625, 3.4944064802436597e-25, nan 
58.625, 89.625, 3.0582157607095818e-25, nan 
58.875, 89.625, 2.9003358351068005e-25, nan 
59.125, 89.625, 2.7369156937663426e-25, nan 
59.375, 89.625, 2.888360398086205e-25, nan 
59.625, 89.625, 3.0071483541494606e-25, nan 
59.875, 89.625, 3.5957906599117e-25, nan 
60.125, 89.625, 3.24364593155701e-25, nan 
60.375, 89.625, 3.673818209534113e-25, nan 
60.625, 89.625, 3.8416341314235506e-25, nan 
60.875, 89.625, 3.4568319115431084e-25, nan 
61.125, 89.625, 3.330627935927941e-25, nan 
61.375, 89.625, 1.955354102815927e-25, nan 
61.625, 89.625, 2.57793788001021e-25, nan 
61.875, 89.625, 3.8230292909759574e-25, nan 
62.125, 89.625, 3.428647765002793e-25, nan 
62.375, 89.625, 1.888707339854398e-25, nan 
62.625, 89.625, 3.5034469183249577e-25, nan 
62.875, 89.625, 2.660595819528771e-25, nan 
63.125, 89.625, 3.3564013230164213e-25, nan 
63.375, 89.625, 3.5683421964965914e-25, nan 
63.625, 89.625, 4.132231787386219e-25, nan 
63.875, 89.625, 2.789101168608173e-25, nan 
64.125, 89.625, 3.805923925824321e-25, nan 
64.375, 89.625, 3.48575053103742e-25, nan 
64.625, 89.625, 4.209606360997551e-25, nan 
64.875, 89.625, 3.6260879382865625e-25, nan 
65.125, 89.625, 3.875637014992069e-25, nan 
65.375, 89.625, 3.9312652005023063e-25, nan 
65.625, 89.625, 3.385239949549967e-25, nan 
65.875, 89.625, 3.3740427700139924e-25, nan 
66.125, 89.625, 2.426115912195344e-25, nan 
66.375, 89.625, 2.4034807850889857e-25, nan 
66.625, 89.625, 2.4762866936102845e-25, nan 
66.875, 89.625, 2.7878895141718133e-25, nan 
67.125, 89.625, 2.4977255732313917e-25, nan 
67.375, 89.625, 2.5626070219547487e-25, nan 
67.625, 89.625, 2.465924462137322e-25, nan 
67.875, 89.625, 2.8014710646132034e-25, nan 
68.125, 89.625, 3.010554693675754e-25, nan 
68.375, 89.625, 3.2538183806828617e-25, nan 
68.625, 89.625, 3.618953114926182e-25, nan 
68.875, 89.625, 4.0631768021657136e-25, nan 
69.125, 89.625, 4.1190854630279115e-25, nan 
69.375, 89.625, 3.0167499599153115e-25, nan 
69.625, 89.625, 2.2978243580983657e-25, nan 
69.875, 89.625, 2.283594797483638e-25, nan 
70.125, 89.625, 1.9399043057321294e-25, nan 
70.375, 89.625, 2.6576724175114035e-25, nan 
70.625, 89.625, 2.144411418176629e-25, nan 
70.875, 89.625, 2.589834098002584e-25, nan 
71.125, 89.625, 2.657395563402515e-25, nan 
71.375, 89.625, 2.571625196901926e-25, nan 
71.625, 89.625, 3.0136634200161136e-25, nan 
71.875, 89.625, 3.1078734904863303e-25, nan 
72.125, 89.625, 2.3795508856229447e-25, nan 
72.375, 89.625, 2.3348879167486485e-25, nan 
72.625, 89.625, 2.253681579919095e-25, nan 
72.875, 89.625, 2.8157534183962473e-25, nan 
73.125, 89.625, 2.6897316187131246e-25, nan 
73.375, 89.625, 3.404209525646414e-25, nan 
73.625, 89.625, 3.478431611662323e-25, nan 
73.875, 89.625, 3.316858995062726e-25, nan 
74.125, 89.625, 3.7636846230563013e-25, nan 
74.375, 89.625, 3.2742254977247244e-25, nan 
74.625, 89.625, 2.092203854499354e-25, nan 
74.875, 89.625, 1.7308901287214193e-25, nan 
75.125, 89.625, 2.518461004968709e-25, nan 
75.375, 89.625, 2.0048918839439e-25, nan 
75.625, 89.625, 2.8286705235923077e-25, nan 
75.875, 89.625, 2.14900977950024e-25, nan 
76.125, 89.625, 2.317554718912235e-25, nan 
76.375, 89.625, 2.0182912064064558e-25, nan 
76.625, 89.625, 3.2971251990699664e-25, nan 
76.875, 89.625, 2.2478661594512883e-25, nan 
77.125, 89.625, 2.576251433589741e-25, nan 
77.375, 89.625, 2.765335874041481e-25, nan 
77.625, 89.625, 2.558352150978141e-25, nan 
77.875, 89.625, 2.542173365388381e-25, nan 
78.125, 89.625, 2.4614860589091922e-25, nan 
78.375, 89.625, 2.493467230957445e-25, nan 
78.625, 89.625, 3.0403108263494692e-25, nan 
78.875, 89.625, 2.893361683254992e-25, nan 
79.125, 89.625, 3.200472108025816e-25, nan 
79.375, 89.625, 3.1112764750848483e-25, nan 
79.625, 89.625, 2.7407059532128685e-25, nan 
79.875, 89.625, 2.331550565410707e-25, nan 
80.125, 89.625, 3.020925737595752e-25, nan 
80.375, 89.625, 2.6546612487222e-25, nan 
80.625, 89.625, 2.812181891106687e-25, nan 
80.875, 89.625, 2.7607239503678905e-25, nan 
81.125, 89.625, 2.7406940864000884e-25, nan 
81.375, 89.625, 2.4247985462483427e-25, nan 
81.625, 89.625, 2.595691826369168e-25, nan 
81.875, 89.625, 2.0053211972976568e-25, nan 
82.125, 89.625, 2.0543122601103197e-25, nan 
82.375, 89.625, 2.327190142744437e-25, nan 
82.625, 89.625, 2.553977410469412e-25, nan 
82.875, 89.625, 2.12707135702327e-25, nan 
83.125, 89.625, 2.2953236498692696e-25, nan 
83.375, 89.625, 1.888205389400338e-25, nan 
83.625, 89.625, 1.9513035339732165e-25, nan 
83.875, 89.625, 1.851121469565286e-25, nan 
84.125, 89.625, 1.872620496591177e-25, nan 
84.375, 89.625, 2.4339617579269247e-25, nan 
84.625, 89.625, 2.1447734300247863e-25, nan 
84.875, 89.625, 1.7635383058007971e-25, nan 
85.125, 89.625, 2.0163455282638222e-25, nan 
85.375, 89.625, 2.144722571461279e-25, nan 
85.625, 89.625, 1.8499946994492722e-25, nan 
85.875, 89.625, 2.133361627314322e-25, nan 
86.125, 89.625, 2.378191899296752e-25, nan 
86.375, 89.625, 2.464293576001567e-25, nan 
86.625, 89.625, 2.6192642227491744e-25, nan 
86.875, 89.625, 2.124170978483153e-25, nan 
87.125, 89.625, 1.937147631794909e-25, nan 
87.375, 89.625, 2.0284925576876351e-25, nan 
87.625, 89.625, 2.5164448429666628e-25, nan 
87.875, 89.625, 2.825721343851705e-25, nan 
88.125, 89.625, 2.425510212142531e-25, nan 
88.375, 89.625, 2.2712933642029394e-25, nan 
88.625, 89.625, 1.9762789066169324e-25, nan 
88.875, 89.625, 2.0272786941049787e-25, nan 
89.125, 89.625, 2.195461213245167e-25, nan 
89.375, 89.625, 2.121910801880447e-25, nan 
89.625, 89.625, 1.9860299154380032e-25, nan 
89.875, 89.625, 1.8207836151764309e-25, nan 
90.125, 89.625, 1.8846932713603184e-25, nan 
90.375, 89.625, 2.0248880992515982e-25, nan 
90.625, 89.625, 2.0041077151833864e-25, nan 
90.875, 89.625, 1.9321605220022943e-25, nan 
91.125, 89.625, 1.9786742974563453e-25, nan 
91.375, 89.625, 2.033274849626678e-25, nan 
91.625, 89.625, 1.775521951406589e-25, nan 
91.875, 89.625, 1.9845013876257873e-25, nan 
92.125, 89.625, 2.047056642066184e-25, nan 
92.375, 89.625, 1.993151125078654e-25, nan 
92.625, 89.625, 2.0504331779136488e-25, nan 
92.875, 89.625, 2.1606437729649634e-25, nan 
93.125, 89.625, 2.3312667318196557e-25, nan 
93.375, 89.625, 2.430335438681248e-25, nan 
93.625, 89.625, 2.202568677397489e-25, nan 
93.875, 89.625, 1.7142286852072168e-25, nan 
94.125, 89.625, 1.699935862014608e-25, nan 
94.375, 89.625, 1.692763418962764e-25, nan 
94.625, 89.625, 1.7034297516968567e-25, nan 
94.875, 89.625, 2.229214712366275e-25, nan 
95.125, 89.625, 2.054584633184218e-25, nan 
95.375, 89.625, 2.226560463810663e-25, nan 
95.625, 89.625, 1.86988196217103e-25, nan 
95.875, 89.625, 1.8508638156827645e-25, nan 
96.125, 89.625, 2.019286184503566e-25, nan 
96.375, 89.625, 2.0755225128121086e-25, nan 
96.625, 89.625, 1.996116675452519e-25, nan 
96.875, 89.625, 2.06921352569805e-25, nan 
97.125, 89.625, 2.281319769690698e-25, nan 
97.375, 89.625, 1.996008548756886e-25, nan 
97.625, 89.625, 2.444607487553425e-25, nan 
97.875, 89.625, 2.173948481536237e-25, nan 
98.125, 89.625, 1.8689256642829571e-25, nan 
98.375, 89.625, 2.2254232165973155e-25, nan 
98.625, 89.625, 2.541163830626725e-25, nan 
98.875, 89.625, 2.2876872588519453e-25, nan 
99.125, 89.625, 2.294302477014511e-25, nan 
99.375, 89.625, 2.6060506252731365e-25, nan 
99.625, 89.625, 1.921945908852078e-25, nan 
99.875, 89.625, 2.219404868543303e-25, nan 
100.125, 89.625, 2.21964735334466e-25, nan 
100.375, 89.625, 2.155059343784781e-25, nan 
100.625, 89.625, 1.601434413972285e-25, nan 
100.875, 89.625, 2.3566167814295782e-25, nan 
101.125, 89.625, 2.2665965706897724e-25, nan 
101.375, 89.625, 2.428467543044659e-25, nan 
101.625, 89.625, 2.4062925135539133e-25, nan 
101.875, 89.625, 2.5968346466651154e-25, nan 
102.125, 89.625, 2.709572645135409e-25, nan 
102.375, 89.625, 3.0122919942994005e-25, nan 
102.625, 89.625, 2.2742738432126225e-25, nan 
102.875, 89.625, 3.054473808363304e-25, nan 
103.125, 89.625, 2.3011888439302383e-25, nan 
103.375, 89.625, 2.6489425498809487e-25, nan 
103.625, 89.625, 2.5970307788717543e-25, nan 
103.875, 89.625, 2.843427490191105e-25, nan 
104.125, 89.625, 2.9643268128881845e-25, nan 
104.375, 89.625, 2.0316920381837042e-25, nan 
104.625, 89.625, 1.7948391895209622e-25, nan 
104.875, 89.625, 1.5063363320846476e-25, nan 
105.125, 89.625, 1.3894525280789885e-25, nan 
105.375, 89.625, 1.8853337881503116e-25, nan 
105.625, 89.625, 2.18808168895867e-25, nan 
105.875, 89.625, 2.1687633830788314e-25, nan 
106.125, 89.625, 2.1848768157041074e-25, nan 
106.375, 89.625, 1.9607942638023295e-25, nan 
106.625, 89.625, 2.424637381958465e-25, nan 
106.875, 89.625, 2.543206838763225e-25, nan 
107.125, 89.625, 2.484010263275469e-25, nan 
107.375, 89.625, 2.748748732483726e-25, nan 
107.625, 89.625, 2.2214227511022606e-25, nan 
107.875, 89.625, 1.4863109881593409e-25, nan 
108.125, 89.625, 1.520060237876229e-25, nan 
108.375, 89.625, 1.4752052084159162e-25, nan 
108.625, 89.625, 1.3104709558075185e-25, nan 
108.875, 89.625, 1.7492960979504353e-25, nan 
109.125, 89.625, 1.9612535947923357e-25, nan 
109.375, 89.625, 1.449191299793835e-25, nan 
109.625, 89.625, 1.5210334490064034e-25, nan 
109.875, 89.625, 1.4781339335512301e-25, nan 
110.125, 89.625, 1.638782120760442e-25, nan 
110.375, 89.625, 1.398322276088483e-25, nan 
110.625, 89.625, 1.5999690000402415e-25, nan 
110.875, 89.625, 1.5374041390523465e-25, nan 
111.125, 89.625, 1.2958616191714525e-25, nan 
111.375, 89.625, 1.311699545462495e-25, nan 
111.625, 89.625, 1.760585229977791e-25, nan 
111.875, 89.625, 1.0508633728484655e-25, nan 
112.125, 89.625, 1.1779944390372546e-25, nan 
112.375, 89.625, 9.380498407096707e-26, nan 
112.625, 89.625, 1.5002006432887568e-25, nan 
112.875, 89.625, 1.5018807641859853e-25, nan 
113.125, 89.625, 1.2831489925882353e-25, nan 
113.375, 89.625, 1.1948346117495119e-25, nan 
113.625, 89.625, 1.5587523798907557e-25, nan 
113.875, 89.625, 1.3567019280684753e-25, nan 
114.125, 89.625, 1.9329736957244723e-25, nan 
114.375, 89.625, 1.7239245201304609e-25, nan 
114.625, 89.625, 1.4576595560269966e-25, nan 
114.875, 89.625, 1.3938849908493448e-25, nan 
115.125, 89.625, 1.8356492154129895e-25, nan 
115.375, 89.625, 2.0631174352483943e-25, nan 
115.625, 89.625, 1.7197957401937738e-25, nan 
115.875, 89.625, 1.8369979134412203e-25, nan 
116.125, 89.625, 1.5193954322805834e-25, nan 
116.375, 89.625, 2.4259423622125525e-25, nan 
116.625, 89.625, 1.4476635719742307e-25, nan 
116.875, 89.625, 1.8862418586453128e-25, nan 
117.125, 89.625, 1.8658975707358385e-25, nan 
117.375, 89.625, 1.9871506781210978e-25, nan 
117.625, 89.625, 2.4831481779917903e-25, nan 
117.875, 89.625, 2.0190030119402043e-25, nan 
118.125, 89.625, 1.5352210025307576e-25, nan 
118.375, 89.625, 1.8750382437251098e-25, nan 
118.625, 89.625, 1.821303925283965e-25, nan 
118.875, 89.625, 1.8497944871783838e-25, nan 
119.125, 89.625, 1.764453863907795e-25, nan 
119.375, 89.625, 1.9115660772291332e-25, nan 
119.625, 89.625, 1.7691461323800684e-25, nan 
119.875, 89.625, 1.7198087302685006e-25, nan 
120.125, 89.625, 1.7459581212241593e-25, nan 
120.375, 89.625, 1.9086019291516157e-25, nan 
120.625, 89.625, 1.7201889115501155e-25, nan 
120.875, 89.625, 1.7609028545441897e-25, nan 
121.125, 89.625, 1.763264018304191e-25, nan 
121.375, 89.625, 1.7617326819003187e-25, nan 
121.625, 89.625, 1.8411030653821164e-25, nan 
121.875, 89.625, 1.89978830704048e-25, nan 
122.125, 89.625, 1.7740816871890254e-25, nan 
122.375, 89.625, 1.6934963996560306e-25, nan 
122.625, 89.625, 1.613580583577428e-25, nan 
122.875, 89.625, 1.6847317627277358e-25, nan 
123.125, 89.625, 1.5483981360686736e-25, nan 
123.375, 89.625, 1.6943374398836165e-25, nan 
123.625, 89.625, 1.8059974913674198e-25, nan 
123.875, 89.625, 1.6590387533398606e-25, nan 
124.125, 89.625, 2.0040883677418298e-25, nan 
124.375, 89.625, 1.9080636655282902e-25, nan 
124.625, 89.625, 1.9587332029833905e-25, nan 
124.875, 89.625, 2.2479318930487357e-25, nan 
125.125, 89.625, 1.9240864666648296e-25, nan 
125.375, 89.625, 1.9563443695281974e-25, nan 
125.625, 89.625, 1.755782725406509e-25, nan 
125.875, 89.625, 1.9845020251072175e-25, nan 
126.125, 89.625, 2.027176569027483e-25, nan 
126.375, 89.625, 2.156526872783555e-25, nan 
126.625, 89.625, 1.9094980396799714e-25, nan 
126.875, 89.625, 1.7816327566169796e-25, nan 
127.125, 89.625, 1.919219414386625e-25, nan 
127.375, 89.625, 1.64678825252527e-25, nan 
127.625, 89.625, 1.4133940316798962e-25, nan 
127.875, 89.625, 1.3487079780193581e-25, nan 
128.125, 89.625, 1.0887060997683268e-25, nan 
128.375, 89.625, 1.037710569060661e-25, nan 
128.625, 89.625, 1.0525311208458137e-25, nan 
128.875, 89.625, 1.4347045051115288e-25, nan 
129.125, 89.625, 1.415342293571678e-25, nan 
129.375, 89.625, 1.589691463565662e-25, nan 
129.625, 89.625, 1.166932896102232e-25, nan 
129.875, 89.625, 1.1457862637044273e-25, nan 
130.125, 89.625, 1.29329847394363e-25, nan 
130.375, 89.625, 9.23544601269569e-26, nan 
130.625, 89.625, 1.036661511061374e-25, nan 
130.875, 89.625, 1.269370091270476e-25, nan 
131.125, 89.625, 1.4083579374286352e-25, nan 
131.375, 89.625, 1.5036121026821601e-25, nan 
131.625, 89.625, 5.512912480823102e-26, nan 
131.875, 89.625, 1.4265317964117075e-25, nan 
132.125, 89.625, 7.518000485799994e-26, nan 
132.375, 89.625, 9.263632661379535e-26, nan 
132.625, 89.625, 1.2482673707187578e-25, nan 
132.875, 89.625, 1.4116010502141522e-25, nan 
133.125, 89.625, 1.8388085847938598e-25, nan 
133.375, 89.625, 1.3660722562891397e-25, nan 
133.625, 89.625, 1.2305506376101845e-25, nan 
133.875, 89.625, 1.2776165888746465e-25, nan 
134.125, 89.625, 1.2323551862282527e-25, nan 
134.375, 89.625, 1.4283522439624375e-25, nan 
134.625, 89.625, 1.5014369868568226e-25, nan 
134.875, 89.625, 1.9250172008675545e-25, nan 
135.125, 89.625, 1.3946356342710493e-25, nan 
135.375, 89.625, 1.1741301176431512e-25, nan 
135.625, 89.625, 1.512255087073326e-25, nan 
135.875, 89.625, 1.8747912542918875e-25, nan 
136.125, 89.625, 1.2878103991959064e-25, nan 
136.375, 89.625, 1.208265068406326e-25, nan 
136.625, 89.625, 1.7061114083363373e-25, nan 
136.875, 89.625, 1.3106072719894027e-25, nan 
137.125, 89.625, 1.6180240752560224e-25, nan 
137.375, 89.625, 1.1570465682706014e-25, nan 
137.625, 89.625, 1.3339113509048485e-25, nan 
137.875, 89.625, 1.354163850951562e-25, nan 
138.125, 89.625, 1.4261506020623346e-25, nan 
138.375, 89.625, 5.396287719015866e-26, nan 
138.625, 89.625, 7.189229983006632e-26, nan 
138.875, 89.625, 2.626990215314459e-25, nan 
139.125, 89.625, 2.0517976211789414e-25, nan 
139.375, 89.625, 3.3262787748902234e-25, nan 
139.625, 89.625, 1.776327074044132e-25, nan 
139.875, 89.625, 1.8352289991882756e-25, nan 
140.125, 89.625, 1.8193460525127875e-25, nan 
140.375, 89.625, 1.8971687255102685e-25, nan 
140.625, 89.625, 8.375819302503776e-26, nan 
140.875, 89.625, 1.6559723462597396e-25, nan 
141.125, 89.625, 6.318957100477379e-26, nan 
141.375, 89.625, 1.991813861998223e-25, nan 
141.625, 89.625, 1.3158797757331834e-25, nan 
141.875, 89.625, 1.5229422602210667e-25, nan 
142.125, 89.625, 1.0779022039722376e-25, nan 
142.375, 89.625, 1.9889207447644894e-25, nan 
142.625, 89.625, 1.4568216646132238e-25, nan 
142.875, 89.625, 1.7483995369170265e-25, nan 
143.125, 89.625, 1.6394798527299917e-25, nan 
143.375, 89.625, 7.888055251901259e-26, nan 
143.625, 89.625, 1.6845860645740677e-25, nan 
143.875, 89.625, 1.2061456578636155e-25, nan 
144.125, 89.625, 1.777024083428017e-25, nan 
144.375, 89.625, 1.6800109524289053e-25, nan 
144.625, 89.625, 1.8737468987110988e-25, nan 
144.875, 89.625, 2.0423832065018845e-25, nan 
145.125, 89.625, 1.7600623933576679e-25, nan 
145.375, 89.625, 1.650118848031634e-25, nan 
145.625, 89.625, 2.5340696192740262e-25, nan 
145.875, 89.625, 1.312458575849137e-25, nan 
146.125, 89.625, 1.7470404691597207e-25, nan 
146.375, 89.625, 9.965824818010375e-26, nan 
146.625, 89.625, 1.1217963970064217e-25, nan 
146.875, 89.625, 4.42909524827708e-26, nan 
147.125, 89.625, 1.498669418541546e-25, nan 
147.375, 89.625, 6.946310691532063e-26, nan 
147.625, 89.625, 1.6315837221848198e-25, nan 
147.875, 89.625, 1.0280500183695333e-25, nan 
148.125, 89.625, 1.3727334662002257e-25, nan 
148.375, 89.625, 1.3447754889691774e-25, nan 
148.625, 89.625, 1.524643892198551e-25, nan 
148.875, 89.625, 1.7027758706422711e-25, nan 
149.125, 89.625, 2.1215168795151617e-25, nan 
149.375, 89.625, 2.4348259761567043e-25, nan 
149.625, 89.625, 2.2558091544539164e-25, nan 
149.875, 89.625, 3.4582738795734686e-25, nan 
150.125, 89.625, 1.717349995652263e-25, nan 
150.375, 89.625, 2.7501403632352895e-25, nan 
150.625, 89.625, 1.7121564947770161e-25, nan 
150.875, 89.625, 2.4075833257846877e-25, nan 
151.125, 89.625, 2.444354065580471e-25, nan 
151.375, 89.625, 2.796965334579603e-25, nan 
151.625, 89.625, 2.8845187835377583e-25, nan 
151.875, 89.625, 2.4091328407137954e-25, nan 
152.125, 89.625, 1.7995760180977637e-25, nan 
152.375, 89.625, 2.920584674895996e-25, nan 
152.625, 89.625, 2.3475544208730545e-25, nan 
152.875, 89.625, 3.910962564294678e-25, nan 
153.125, 89.625, 2.395084974724006e-25, nan 
153.375, 89.625, 2.613147083058666e-25, nan 
153.625, 89.625, 2.9067902244965355e-25, nan 
153.875, 89.625, 2.462103819432569e-25, nan 
154.125, 89.625, 4.21774880220708e-25, nan 
154.375, 89.625, 3.744850840026518e-25, nan 
154.625, 89.625, 3.078161119371326e-25, nan 
154.875, 89.625, 3.243439782049453e-25, nan 
155.125, 89.625, 2.9445378658682604e-25, nan 
155.375, 89.625, 7.202960180497795e-26, nan 
155.625, 89.625, 1.1348049916515745e-25, nan 
155.875, 89.625, 2.468336289903613e-25, nan 
156.125, 89.625, 3.4531466527905126e-25, nan 
156.375, 89.625, 1.7402247755409857e-25, nan 
156.625, 89.625, 1.5575752853488239e-25, nan 
156.875, 89.625, 1.7965324371567736e-25, nan 
157.125, 89.625, 2.226205463688e-25, nan 
157.375, 89.625, 1.8280310523785826e-25, nan 
157.625, 89.625, 2.2942348878066653e-25, nan 
157.875, 89.625, 2.4675263845093257e-25, nan 
158.125, 89.625, 1.8569208665023058e-25, nan 
158.375, 89.625, 1.9621290213470633e-25, nan 
158.625, 89.625, 2.285670714867095e-25, nan 
158.875, 89.625, 1.7526874007799023e-25, nan 
159.125, 89.625, 1.9380669073420182e-25, nan 
159.375, 89.625, 2.995003399585659e-25, nan 
159.625, 89.625, 2.1731205198128724e-25, nan 
159.875, 89.625, 2.380063204241686e-25, nan 
160.125, 89.625, 2.1019882532054943e-25, nan 
160.375, 89.625, 2.170681982562468e-25, nan 
160.625, 89.625, 2.4121858507846616e-25, nan 
160.875, 89.625, 2.422078463578416e-25, nan 
161.125, 89.625, 1.7996247425317452e-25, nan 
161.375, 89.625, 2.156646620892544e-25, nan 
161.625, 89.625, 2.5619213690652747e-25, nan 
161.875, 89.625, 2.0797657755627226e-25, nan 
162.125, 89.625, 2.4381987034061987e-25, nan 
162.375, 89.625, 2.312223314103087e-25, nan 
162.625, 89.625, 2.3808599229765934e-25, nan 
162.875, 89.625, 2.456806573180539e-25, nan 
163.125, 89.625, 2.6315667749278363e-25, nan 
163.375, 89.625, 1.958722526230999e-25, nan 
163.625, 89.625, 2.4143729921850856e-25, nan 
163.875, 89.625, 2.163338670035489e-25, nan 
164.125, 89.625, 2.5217657836513494e-25, nan 
164.375, 89.625, 3.935913773626286e-25, nan 
164.625, 89.625, 2.0464350969589177e-25, nan 
164.875, 89.625, 2.164711063492258e-25, nan 
165.125, 89.625, 2.1603184618063615e-25, nan 
165.375, 89.625, 2.552236501342047e-25, nan 
165.625, 89.625, 1.487481343992679e-25, nan 
165.875, 89.625, 2.0654221062528913e-25, nan 
166.125, 89.625, 2.2237753465183403e-25, nan 
166.375, 89.625, 1.9313543887874145e-25, nan 
166.625, 89.625, 3.203160784094345e-25, nan 
166.875, 89.625, 2.138167961666892e-25, nan 
167.125, 89.625, 2.0869156442413646e-25, nan 
167.375, 89.625, 2.011732182599618e-25, nan 
167.625, 89.625, 1.7567909619044377e-25, nan 
167.875, 89.625, 1.9802146668554835e-25, nan 
168.125, 89.625, 1.5303383203391603e-25, nan 
168.375, 89.625, 5.535174061745688e-26, nan 
168.625, 89.625, 1.8161926106278372e-25, nan 
168.875, 89.625, 1.290331132547532e-25, nan 
169.125, 89.625, 1.6368494563525586e-25, nan 
169.375, 89.625, 2.3958014418435436e-25, nan 
169.625, 89.625, 1.916986983499037e-25, nan 
169.875, 89.625, 1.5125891377343436e-25, nan 
170.125, 89.625, 1.69925051491193e-25, nan 
170.375, 89.625, 1.7630403225597489e-25, nan 
170.625, 89.625, 2.186936563612745e-25, nan 
170.875, 89.625, 2.7658041209281794e-25, nan 
171.125, 89.625, 2.6297852677022208e-25, nan 
171.375, 89.625, 3.1002082214948886e-25, nan 
171.625, 89.625, 1.767666306827264e-25, nan 
171.875, 89.625, 2.4262174172454553e-25, nan 
172.125, 89.625, 1.999471325334767e-25, nan 
172.375, 89.625, 2.12300018664888e-25, nan 
172.625, 89.625, 2.98029808834188e-25, nan 
172.875, 89.625, 2.4787557264366466e-25, nan 
173.125, 89.625, 2.392480201455544e-25, nan 
173.375, 89.625, 2.176782671388706e-25, nan 
173.625, 89.625, 1.931598998515036e-25, nan 
173.875, 89.625, 2.1682052005085683e-25, nan 
174.125, 89.625, 2.17977459350841e-25, nan 
174.375, 89.625, 1.7380518869790864e-25, nan 
174.625, 89.625, 2.15977541309214e-25, nan 
174.875, 89.625, 2.17937513556592e-25, nan 
175.125, 89.625, 1.6799926961747406e-25, nan 
175.375, 89.625, 2.205469137684955e-25, nan 
175.625, 89.625, 2.076284838271262e-25, nan 
175.875, 89.625, 2.233532869062106e-25, nan 
176.125, 89.625, 2.2007844741651077e-25, nan 
176.375, 89.625, 2.2528594874882978e-25, nan 
176.625, 89.625, 2.329841891640311e-25, nan 
176.875, 89.625, 2.257293405528534e-25, nan 
177.125, 89.625, 2.3410773436885302e-25, nan 
177.375, 89.625, 2.1696494283521783e-25, nan 
177.625, 89.625, 2.2823303406068666e-25, nan 
177.875, 89.625, 2.2299102727130358e-25, nan 
178.125, 89.625, 2.4276655266230205e-25, nan 
178.375, 89.625, 2.163888070274935e-25, nan 
178.625, 89.625, 2.2635125877763683e-25, nan 
178.875, 89.625, 2.599067940676437e-25, nan 
179.125, 89.625, 2.4743159543690844e-25, nan 
179.375, 89.625, 2.2230508475314084e-25, nan 
179.625, 89.625, 2.625130236358983e-25, nan 
179.875, 89.625, 2.8773557089288274e-25, nan 
-179.875, 89.875, 7.070988165447486e-26, nan 
-179.625, 89.875, 7.267586347774891e-26, nan 
-179.375, 89.875, 8.817068309723025e-26, nan 
-179.125, 89.875, 8.595082736204433e-26, nan 
-178.875, 89.875, 7.67006859354938e-26, nan 
-178.625, 89.875, 6.335671360105729e-26, nan 
-178.375, 89.875, 4.7026526773881523e-26, nan 
-178.125, 89.875, 6.458400176107907e-26, nan 
-177.875, 89.875, 6.21854425619837e-26, nan 
-177.625, 89.875, 8.831906322176678e-26, nan 
-177.375, 89.875, 7.449639636521889e-26, nan 
-177.125, 89.875, 4.2625644421035547e-26, nan 
-176.875, 89.875, 4.949849548549212e-26, nan 
-176.625, 89.875, 5.644556996214848e-26, nan 
-176.375, 89.875, 5.520487440426733e-26, nan 
-176.125, 89.875, 4.271370403346071e-26, nan 
-175.875, 89.875, 3.931806211797928e-26, nan 
-175.625, 89.875, 5.196717691318262e-26, nan 
-175.375, 89.875, 6.910000416451851e-26, nan 
-175.125, 89.875, 7.729970844726828e-26, nan 
-174.875, 89.875, 4.904936536097692e-26, nan 
-174.625, 89.875, 8.912259205117886e-26, nan 
-174.375, 89.875, 7.495447548644717e-26, nan 
-174.125, 89.875, 7.971442418550497e-26, nan 
-173.875, 89.875, 6.218381254404548e-26, nan 
-173.625, 89.875, 7.454639259434144e-26, nan 
-173.375, 89.875, 6.751696802785056e-26, nan 
-173.125, 89.875, 6.713933599937895e-26, nan 
-172.875, 89.875, 6.983035182676457e-26, nan 
-172.625, 89.875, 7.436838807358161e-26, nan 
-172.375, 89.875, 5.440967825546088e-26, nan 
-172.125, 89.875, 7.23023201498591e-26, nan 
-171.875, 89.875, 6.978609780300672e-26, nan 
-171.625, 89.875, 5.19596117194126e-26, nan 
-171.375, 89.875, 6.249026676661174e-26, nan 
-171.125, 89.875, 5.604706907819881e-26, nan 
-170.875, 89.875, 6.092091065177189e-26, nan 
-170.625, 89.875, 6.210396493717908e-26, nan 
-170.375, 89.875, 4.2649569878157756e-26, nan 
-170.125, 89.875, 2.1127166472342462e-26, nan 
-169.875, 89.875, 5.243126359218118e-26, nan 
-169.625, 89.875, 3.499351249359734e-26, nan 
-169.375, 89.875, 6.161055057776704e-26, nan 
-169.125, 89.875, 6.644849376842882e-26, nan 
-168.875, 89.875, 6.53173873855393e-26, nan 
-168.625, 89.875, 4.1680271855921385e-26, nan 
-168.375, 89.875, 8.024588752533108e-26, nan 
-168.125, 89.875, 5.683100758838462e-26, nan 
-167.875, 89.875, 4.476653874857639e-26, nan 
-167.625, 89.875, 3.999768192330634e-26, nan 
-167.375, 89.875, 3.443374286743948e-26, nan 
-167.125, 89.875, 5.0382997716872105e-26, nan 
-166.875, 89.875, 7.290208076100181e-26, nan 
-166.625, 89.875, 6.800656675162621e-26, nan 
-166.375, 89.875, 5.074076844312374e-26, nan 
-166.125, 89.875, 3.663289506264581e-26, nan 
-165.875, 89.875, 6.662186908642504e-26, nan 
-165.625, 89.875, 6.876344398941086e-26, nan 
-165.375, 89.875, 6.068437268566399e-26, nan 
-165.125, 89.875, 3.803527158631613e-26, nan 
-164.875, 89.875, 1.7618843680831287e-26, nan 
-164.625, 89.875, 6.03352768497955e-26, nan 
-164.375, 89.875, 5.296127269575938e-26, nan 
-164.125, 89.875, 5.130764690592149e-26, nan 
-163.875, 89.875, 6.539824346538209e-26, nan 
-163.625, 89.875, 5.389832631596965e-26, nan 
-163.375, 89.875, 6.275336218259762e-26, nan 
-163.125, 89.875, 6.09864609018478e-26, nan 
-162.875, 89.875, 5.303974818267093e-26, nan 
-162.625, 89.875, 4.563860301788439e-26, nan 
-162.375, 89.875, 6.628111987517495e-26, nan 
-162.125, 89.875, 5.400000040770094e-26, nan 
-161.875, 89.875, 7.645150541062789e-26, nan 
-161.625, 89.875, 7.860806194327051e-26, nan 
-161.375, 89.875, 8.027860498728216e-26, nan 
-161.125, 89.875, 6.575545226843918e-26, nan 
-160.875, 89.875, 3.8454464987893874e-26, nan 
-160.625, 89.875, 5.37743428281253e-26, nan 
-160.375, 89.875, 7.073748890826017e-26, nan 
-160.125, 89.875, 5.240424606375908e-26, nan 
-159.875, 89.875, 5.327728418088995e-26, nan 
-159.625, 89.875, 6.630844083357415e-26, nan 
-159.375, 89.875, 3.747182405871286e-26, nan 
-159.125, 89.875, 6.107189911243602e-26, nan 
-158.875, 89.875, 7.163880311620851e-26, nan 
-158.625, 89.875, 6.25577225543827e-26, nan 
-158.375, 89.875, 7.442614750004963e-26, nan 
-158.125, 89.875, 4.904387141934551e-26, nan 
-157.875, 89.875, 7.878322441545832e-26, nan 
-157.625, 89.875, 6.625476102959014e-26, nan 
-157.375, 89.875, 8.427544853944834e-26, nan 
-157.125, 89.875, 6.400509694383752e-26, nan 
-156.875, 89.875, 4.5615402847954367e-26, nan 
-156.625, 89.875, 8.64500840171219e-26, nan 
-156.375, 89.875, 1.0287106993946798e-25, nan 
-156.125, 89.875, 8.0844842491979e-26, nan 
-155.875, 89.875, 6.773603299205596e-26, nan 
-155.625, 89.875, 8.137431853838853e-26, nan 
-155.375, 89.875, 9.938765329547173e-26, nan 
-155.125, 89.875, 8.910063550840849e-26, nan 
-154.875, 89.875, 8.676942520284893e-26, nan 
-154.625, 89.875, 4.386466477989623e-26, nan 
-154.375, 89.875, 9.307003604627252e-26, nan 
-154.125, 89.875, 6.079150862323277e-26, nan 
-153.875, 89.875, 6.6559043412141e-26, nan 
-153.625, 89.875, 7.6829994949616e-26, nan 
-153.375, 89.875, 7.723841898671685e-26, nan 
-153.125, 89.875, 9.971496798488184e-26, nan 
-152.875, 89.875, 9.67517183343187e-26, nan 
-152.625, 89.875, 7.395947870107866e-26, nan 
-152.375, 89.875, 7.315612931801186e-26, nan 
-152.125, 89.875, 7.612644342388623e-26, nan 
-151.875, 89.875, 5.248877748963517e-26, nan 
-151.625, 89.875, 7.822165103594324e-26, nan 
-151.375, 89.875, 5.833509528181994e-26, nan 
-151.125, 89.875, 5.0745887278357175e-26, nan 
-150.875, 89.875, 7.821308175108917e-26, nan 
-150.625, 89.875, 9.15807962255957e-26, nan 
-150.375, 89.875, 6.221432964984029e-26, nan 
-150.125, 89.875, 8.034303008182423e-26, nan 
-149.875, 89.875, 5.126549566657789e-26, nan 
-149.625, 89.875, 5.020887141957759e-26, nan 
-149.375, 89.875, 5.975615286224156e-26, nan 
-149.125, 89.875, 7.049764025998735e-26, nan 
-148.875, 89.875, 5.642417086078823e-26, nan 
-148.625, 89.875, 6.005546794308921e-26, nan 
-148.375, 89.875, 6.373399915686202e-26, nan 
-148.125, 89.875, 8.910285822361874e-26, nan 
-147.875, 89.875, 6.401229968546318e-26, nan 
-147.625, 89.875, 3.854698934639806e-26, nan 
-147.375, 89.875, 9.616556444260118e-26, nan 
-147.125, 89.875, 9.012705662310993e-26, nan 
-146.875, 89.875, 4.1051815361408054e-26, nan 
-146.625, 89.875, 2.621305803271912e-26, nan 
-146.375, 89.875, 5.507362077978407e-26, nan 
-146.125, 89.875, 5.301804204967876e-26, nan 
-145.875, 89.875, 4.4220623386244363e-26, nan 
-145.625, 89.875, 6.120999856268137e-26, nan 
-145.375, 89.875, 3.950252618820346e-26, nan 
-145.125, 89.875, 9.128035533333772e-26, nan 
-144.875, 89.875, 1.1050627894259996e-25, nan 
-144.625, 89.875, 6.984643870099852e-26, nan 
-144.375, 89.875, 6.181117721198687e-26, nan 
-144.125, 89.875, 4.47657905678913e-26, nan 
-143.875, 89.875, 5.182305426725312e-26, nan 
-143.625, 89.875, 7.074043821456846e-26, nan 
-143.375, 89.875, 3.6187030338705697e-26, nan 
-143.125, 89.875, 7.467693224771556e-26, nan 
-142.875, 89.875, 3.862434786901487e-26, nan 
-142.625, 89.875, 7.139439506677683e-26, nan 
-142.375, 89.875, 7.427331757322255e-26, nan 
-142.125, 89.875, 5.605563175477325e-26, nan 
-141.875, 89.875, 1.0706748467547035e-25, nan 
-141.625, 89.875, 9.915412154748449e-26, nan 
-141.375, 89.875, 4.840476238757756e-26, nan 
-141.125, 89.875, 3.3241058086347253e-26, nan 
-140.875, 89.875, 8.323020908780736e-26, nan 
-140.625, 89.875, 8.491111401168506e-26, nan 
-140.375, 89.875, 3.6519681199196007e-26, nan 
-140.125, 89.875, 1.09632052669592e-25, nan 
-139.875, 89.875, 6.356392379397617e-26, nan 
-139.625, 89.875, 1.1823845406306267e-25, nan 
-139.375, 89.875, 1.112487347200619e-25, nan 
-139.125, 89.875, 5.254048834626103e-26, nan 
-138.875, 89.875, 4.915948151406113e-26, nan 
-138.625, 89.875, 5.908675381590501e-26, nan 
-138.375, 89.875, 7.047560153377217e-26, nan 
-138.125, 89.875, 1.3844478532994588e-25, nan 
-137.875, 89.875, 1.9686084935053648e-25, nan 
-137.625, 89.875, 2.202074479123446e-25, nan 
-137.375, 89.875, 2.072341403563391e-25, nan 
-137.125, 89.875, 1.3723163095808372e-25, nan 
-136.875, 89.875, 4.458935842567181e-26, nan 
-136.625, 89.875, 5.97943371768246e-26, nan 
-136.375, 89.875, 6.977614053472347e-26, nan 
-136.125, 89.875, 3.584827879553119e-26, nan 
-135.875, 89.875, 9.435305823456512e-26, nan 
-135.625, 89.875, 1.0233599452325721e-25, nan 
-135.375, 89.875, 6.490548802769594e-26, nan 
-135.125, 89.875, 4.957245456999351e-26, nan 
-134.875, 89.875, 4.2032102944216587e-26, nan 
-134.625, 89.875, 4.1166346187807714e-26, nan 
-134.375, 89.875, 1.4636719408813467e-26, nan 
-134.125, 89.875, 2.967675551714743e-26, nan 
-133.875, 89.875, 5.629600345791329e-26, nan 
-133.625, 89.875, 7.433190001355996e-26, nan 
-133.375, 89.875, 2.2940926985294674e-26, nan 
-133.125, 89.875, 7.190320735932336e-26, nan 
-132.875, 89.875, 5.5404115741741e-26, nan 
-132.625, 89.875, 6.855845057197928e-26, nan 
-132.375, 89.875, 6.046735825645552e-26, nan 
-132.125, 89.875, 5.929313360249671e-26, nan 
-131.875, 89.875, 5.66870309227473e-26, nan 
-131.625, 89.875, 5.879872855211591e-26, nan 
-131.375, 89.875, 6.431746498406475e-26, nan 
-131.125, 89.875, 5.701723487318005e-26, nan 
-130.875, 89.875, 5.201592040692294e-26, nan 
-130.625, 89.875, 6.650237125227506e-26, nan 
-130.375, 89.875, 6.34714021762592e-26, nan 
-130.125, 89.875, 4.6516808203319897e-26, nan 
-129.875, 89.875, 3.919447364829274e-26, nan 
-129.625, 89.875, 5.202401536261235e-26, nan 
-129.375, 89.875, 5.402463675549109e-26, nan 
-129.125, 89.875, 4.0281774051246053e-26, nan 
-128.875, 89.875, 4.0083467152894454e-26, nan 
-128.625, 89.875, 3.451915133049079e-26, nan 
-128.375, 89.875, 3.138483216240943e-26, nan 
-128.125, 89.875, 3.658846745917987e-26, nan 
-127.875, 89.875, 8.728463518445434e-26, nan 
-127.625, 89.875, 8.126609802221971e-26, nan 
-127.375, 89.875, 3.2301449704716634e-26, nan 
-127.125, 89.875, 4.0363961299263967e-26, nan 
-126.875, 89.875, 1.0944772198307494e-25, nan 
-126.625, 89.875, 8.543793808432116e-26, nan 
-126.375, 89.875, 3.545405940023558e-26, nan 
-126.125, 89.875, 4.1401509752736994e-26, nan 
-125.875, 89.875, 6.425843770912703e-26, nan 
-125.625, 89.875, 5.110465274607176e-26, nan 
-125.375, 89.875, 7.646905695609103e-26, nan 
-125.125, 89.875, 6.361791047159047e-26, nan 
-124.875, 89.875, 4.5067574567369586e-26, nan 
-124.625, 89.875, 3.169465304692177e-26, nan 
-124.375, 89.875, 4.8941850837374327e-26, nan 
-124.125, 89.875, 5.082240704218822e-26, nan 
-123.875, 89.875, 3.219521940377206e-26, nan 
-123.625, 89.875, 4.5428229853674724e-26, nan 
-123.375, 89.875, 5.864062767117918e-26, nan 
-123.125, 89.875, 2.0580310995925094e-26, nan 
-122.875, 89.875, 4.007619422446027e-26, nan 
-122.625, 89.875, 3.2231894492931474e-26, nan 
-122.375, 89.875, 4.62625129063871e-26, nan 
-122.125, 89.875, 4.756440456645315e-26, nan 
-121.875, 89.875, 4.225665315888393e-26, nan 
-121.625, 89.875, 3.487380913831023e-26, nan 
-121.375, 89.875, 2.8977591021809583e-26, nan 
-121.125, 89.875, 5.50726761308638e-26, nan 
-120.875, 89.875, 6.403144462691287e-26, nan 
-120.625, 89.875, 3.952178175160729e-26, nan 
-120.375, 89.875, 3.730333656160797e-26, nan 
-120.125, 89.875, 5.249090230512623e-26, nan 
-119.875, 89.875, 4.973504364123764e-26, nan 
-119.625, 89.875, 3.600315658923829e-26, nan 
-119.375, 89.875, 3.2976818317842577e-26, nan 
-119.125, 89.875, 3.77226485540964e-26, nan 
-118.875, 89.875, 4.6951245340529554e-26, nan 
-118.625, 89.875, 4.0607139484026e-26, nan 
-118.375, 89.875, 3.6173072958851626e-26, nan 
-118.125, 89.875, 3.531093266291733e-26, nan 
-117.875, 89.875, 2.9475149460431815e-26, nan 
-117.625, 89.875, 2.718675215474234e-26, nan 
-117.375, 89.875, 3.739453594078751e-26, nan 
-117.125, 89.875, 5.585893224863835e-26, nan 
-116.875, 89.875, 1.5566736994270223e-26, nan 
-116.625, 89.875, 3.7198080036459476e-26, nan 
-116.375, 89.875, 3.698153406888556e-26, nan 
-116.125, 89.875, 3.6445013157775836e-26, nan 
-115.875, 89.875, 1.4917350556343824e-26, nan 
-115.625, 89.875, 6.793921530279951e-26, nan 
-115.375, 89.875, 4.505680611205123e-26, nan 
-115.125, 89.875, 3.4215405735078515e-26, nan 
-114.875, 89.875, 4.134670381353066e-26, nan 
-114.625, 89.875, 3.744977614228302e-26, nan 
-114.375, 89.875, 3.9526325445770413e-26, nan 
-114.125, 89.875, 5.57427612233048e-26, nan 
-113.875, 89.875, 7.191843142164062e-26, nan 
-113.625, 89.875, 5.88895429766442e-26, nan 
-113.375, 89.875, 6.176366615298197e-26, nan 
-113.125, 89.875, 4.246776108315298e-26, nan 
-112.875, 89.875, 4.921998108433e-26, nan 
-112.625, 89.875, 3.6701761201557736e-26, nan 
-112.375, 89.875, 6.051809552085742e-26, nan 
-112.125, 89.875, 5.889631042840115e-26, nan 
-111.875, 89.875, 4.7499993223239324e-26, nan 
-111.625, 89.875, 6.942941958716686e-26, nan 
-111.375, 89.875, 6.46586925183485e-26, nan 
-111.125, 89.875, 8.929666448458121e-26, nan 
-110.875, 89.875, 5.371461777011786e-26, nan 
-110.625, 89.875, 4.8535987119567466e-26, nan 
-110.375, 89.875, 8.036415989186383e-26, nan 
-110.125, 89.875, 9.861863909065782e-26, nan 
-109.875, 89.875, 6.233212129519853e-26, nan 
-109.625, 89.875, 4.361558403813121e-26, nan 
-109.375, 89.875, 1.0322230622655648e-25, nan 
-109.125, 89.875, 1.0459224663122778e-25, nan 
-108.875, 89.875, 6.384657723573075e-26, nan 
-108.625, 89.875, 5.822118332718648e-26, nan 
-108.375, 89.875, 5.255333176915421e-26, nan 
-108.125, 89.875, 6.141803692861607e-26, nan 
-107.875, 89.875, 6.476081679025466e-26, nan 
-107.625, 89.875, 5.727347317420099e-26, nan 
-107.375, 89.875, 6.016017056170625e-26, nan 
-107.125, 89.875, 5.262980397632936e-26, nan 
-106.875, 89.875, 5.208535603442753e-26, nan 
-106.625, 89.875, 7.422279850322731e-26, nan 
-106.375, 89.875, 6.539450494373765e-26, nan 
-106.125, 89.875, 6.295209347723134e-26, nan 
-105.875, 89.875, 6.678162630223793e-26, nan 
-105.625, 89.875, 5.410945220207738e-26, nan 
-105.375, 89.875, 6.09022876611718e-26, nan 
-105.125, 89.875, 6.964652613319251e-26, nan 
-104.875, 89.875, 5.727004795698786e-26, nan 
-104.625, 89.875, 6.681134382762899e-26, nan 
-104.375, 89.875, 6.53883706229198e-26, nan 
-104.125, 89.875, 6.652865587208559e-26, nan 
-103.875, 89.875, 6.535442174731199e-26, nan 
-103.625, 89.875, 5.773443929228758e-26, nan 
-103.375, 89.875, 5.068376817281989e-26, nan 
-103.125, 89.875, 4.730775321050003e-26, nan 
-102.875, 89.875, 5.803950431448769e-26, nan 
-102.625, 89.875, 5.418941057603099e-26, nan 
-102.375, 89.875, 5.412306642220122e-26, nan 
-102.125, 89.875, 4.695337234344086e-26, nan 
-101.875, 89.875, 5.0780176023323756e-26, nan 
-101.625, 89.875, 5.744640744210901e-26, nan 
-101.375, 89.875, 5.335089803835533e-26, nan 
-101.125, 89.875, 5.803008732451908e-26, nan 
-100.875, 89.875, 3.5773223538866113e-26, nan 
-100.625, 89.875, 4.608699545714707e-26, nan 
-100.375, 89.875, 6.136975737370918e-26, nan 
-100.125, 89.875, 6.08098901412531e-26, nan 
-99.875, 89.875, 4.061713464285171e-26, nan 
-99.625, 89.875, 6.705910626546921e-26, nan 
-99.375, 89.875, 4.7992337293921603e-26, nan 
-99.125, 89.875, 4.435062603149926e-26, nan 
-98.875, 89.875, 6.486739598541704e-26, nan 
-98.625, 89.875, 5.1484890878778376e-26, nan 
-98.375, 89.875, 5.5006762979129e-26, nan 
-98.125, 89.875, 5.702910616096639e-26, nan 
-97.875, 89.875, 8.109319349679219e-26, nan 
-97.625, 89.875, 6.664739011848699e-26, nan 
-97.375, 89.875, 7.174634017902123e-26, nan 
-97.125, 89.875, 5.144329999974309e-26, nan 
-96.875, 89.875, 4.104699948789158e-26, nan 
-96.625, 89.875, 5.52519383172254e-26, nan 
-96.375, 89.875, 4.4989880062252985e-26, nan 
-96.125, 89.875, 5.214541032026824e-26, nan 
-95.875, 89.875, 4.6229409308089625e-26, nan 
-95.625, 89.875, 5.914559351270704e-26, nan 
-95.375, 89.875, 6.265769728170139e-26, nan 
-95.125, 89.875, 4.2175589203473323e-26, nan 
-94.875, 89.875, 6.451323308675887e-26, nan 
-94.625, 89.875, 5.714487047191852e-26, nan 
-94.375, 89.875, 6.381035522090968e-26, nan 
-94.125, 89.875, 5.707225987687477e-26, nan 
-93.875, 89.875, 5.407908518811892e-26, nan 
-93.625, 89.875, 5.199310422213867e-26, nan 
-93.375, 89.875, 5.338505535548524e-26, nan 
-93.125, 89.875, 6.887180441748113e-26, nan 
-92.875, 89.875, 2.414539981388793e-26, nan 
-92.625, 89.875, 6.392977640718786e-26, nan 
-92.375, 89.875, 6.504432388393313e-26, nan 
-92.125, 89.875, 5.062567265347537e-26, nan 
-91.875, 89.875, 3.418210527804327e-26, nan 
-91.625, 89.875, 5.651971035685e-26, nan 
-91.375, 89.875, 6.339139514007884e-26, nan 
-91.125, 89.875, 3.567989426357712e-26, nan 
-90.875, 89.875, 6.488272292454744e-26, nan 
-90.625, 89.875, 6.206426910265878e-26, nan 
-90.375, 89.875, 6.807520178077654e-26, nan 
-90.125, 89.875, 6.123754727498336e-26, nan 
-89.875, 89.875, 5.691330493780146e-26, nan 
-89.625, 89.875, 5.366354084652797e-26, nan 
-89.375, 89.875, 5.510454614728878e-26, nan 
-89.125, 89.875, 5.521082557205101e-26, nan 
-88.875, 89.875, 5.39263478597942e-26, nan 
-88.625, 89.875, 6.054778384315891e-26, nan 
-88.375, 89.875, 4.3393646703650416e-26, nan 
-88.125, 89.875, 3.0481834483583743e-26, nan 
-87.875, 89.875, 5.583512996303839e-26, nan 
-87.625, 89.875, 6.139909756092139e-26, nan 
-87.375, 89.875, 7.324121967276412e-26, nan 
-87.125, 89.875, 5.642549712659996e-26, nan 
-86.875, 89.875, 6.586590026434431e-26, nan 
-86.625, 89.875, 5.419350611186846e-26, nan 
-86.375, 89.875, 5.824128182979752e-26, nan 
-86.125, 89.875, 5.936713657056175e-26, nan 
-85.875, 89.875, 6.76116081631797e-26, nan 
-85.625, 89.875, 5.588082404236164e-26, nan 
-85.375, 89.875, 6.505331206588995e-26, nan 
-85.125, 89.875, 5.639127674366587e-26, nan 
-84.875, 89.875, 6.288819324011842e-26, nan 
-84.625, 89.875, 7.227766059731208e-26, nan 
-84.375, 89.875, 5.254407725421796e-26, nan 
-84.125, 89.875, 4.830870692042963e-26, nan 
-83.875, 89.875, 5.295172891361698e-26, nan 
-83.625, 89.875, 6.087607734605944e-26, nan 
-83.375, 89.875, 6.397003848545054e-26, nan 
-83.125, 89.875, 6.098438038070858e-26, nan 
-82.875, 89.875, 4.7875764039004513e-26, nan 
-82.625, 89.875, 4.481900561395889e-26, nan 
-82.375, 89.875, 5.1551010889424544e-26, nan 
-82.125, 89.875, 5.1670360700781204e-26, nan 
-81.875, 89.875, 8.0424166547818e-26, nan 
-81.625, 89.875, 7.620694661136029e-26, nan 
-81.375, 89.875, 5.83751905516623e-26, nan 
-81.125, 89.875, 7.592736350745798e-26, nan 
-80.875, 89.875, 6.809673745393763e-26, nan 
-80.625, 89.875, 6.176776435112834e-26, nan 
-80.375, 89.875, 5.485063600574944e-26, nan 
-80.125, 89.875, 5.445313178142865e-26, nan 
-79.875, 89.875, 5.509415798017586e-26, nan 
-79.625, 89.875, 6.329886610250589e-26, nan 
-79.375, 89.875, 5.696050212880206e-26, nan 
-79.125, 89.875, 5.182034627733748e-26, nan 
-78.875, 89.875, 7.189923189789191e-26, nan 
-78.625, 89.875, 6.283840541605546e-26, nan 
-78.375, 89.875, 2.5286173418182663e-26, nan 
-78.125, 89.875, 2.5187589981244077e-26, nan 
-77.875, 89.875, 2.6886997844530536e-26, nan 
-77.625, 89.875, 2.9574344932623316e-26, nan 
-77.375, 89.875, 4.76857193184464e-26, nan 
-77.125, 89.875, 5.708232731168831e-26, nan 
-76.875, 89.875, 5.0699592708081725e-26, nan 
-76.625, 89.875, 3.2510411517511944e-26, nan 
-76.375, 89.875, 4.9846310304650373e-26, nan 
-76.125, 89.875, 4.0398240744507973e-26, nan 
-75.875, 89.875, 3.585868594907903e-26, nan 
-75.625, 89.875, 5.905617011303974e-26, nan 
-75.375, 89.875, 6.145713045217179e-26, nan 
-75.125, 89.875, 5.912349974579362e-26, nan 
-74.875, 89.875, 3.6144730240645165e-26, nan 
-74.625, 89.875, 6.234891754326391e-26, nan 
-74.375, 89.875, 9.6791957323201e-26, nan 
-74.125, 89.875, 7.474054162721821e-26, nan 
-73.875, 89.875, 3.935718483970865e-26, nan 
-73.625, 89.875, 5.813817928248616e-26, nan 
-73.375, 89.875, 6.193989364639779e-26, nan 
-73.125, 89.875, 7.27065214868062e-26, nan 
-72.875, 89.875, 5.70925320277754e-26, nan 
-72.625, 89.875, 5.578651813968326e-26, nan 
-72.375, 89.875, 6.737134766076449e-26, nan 
-72.125, 89.875, 5.1227973389614357e-26, nan 
-71.875, 89.875, 4.721716409069641e-26, nan 
-71.625, 89.875, 5.125251035990592e-26, nan 
-71.375, 89.875, 5.648211777028488e-26, nan 
-71.125, 89.875, 6.069149462374183e-26, nan 
-70.875, 89.875, 4.79480909265297e-26, nan 
-70.625, 89.875, 5.096215014030216e-26, nan 
-70.375, 89.875, 5.238545394924794e-26, nan 
-70.125, 89.875, 5.603271215042378e-26, nan 
-69.875, 89.875, 5.1361611020687893e-26, nan 
-69.625, 89.875, 4.8753372574908557e-26, nan 
-69.375, 89.875, 5.776029529954317e-26, nan 
-69.125, 89.875, 6.166847958075419e-26, nan 
-68.875, 89.875, 8.383691884395403e-26, nan 
-68.625, 89.875, 9.262583271148086e-26, nan 
-68.375, 89.875, 7.382435585808091e-26, nan 
-68.125, 89.875, 5.335125267325659e-26, nan 
-67.875, 89.875, 6.205531321078699e-26, nan 
-67.625, 89.875, 7.916928867153872e-26, nan 
-67.375, 89.875, 7.018222581952915e-26, nan 
-67.125, 89.875, 7.8214353171456e-26, nan 
-66.875, 89.875, 5.58556590711863e-26, nan 
-66.625, 89.875, 3.9201594395770387e-26, nan 
-66.375, 89.875, 7.642081614686633e-26, nan 
-66.125, 89.875, 7.129560711097117e-26, nan 
-65.875, 89.875, 5.79432846140134e-26, nan 
-65.625, 89.875, 6.654088267844027e-26, nan 
-65.375, 89.875, 7.821531658673885e-26, nan 
-65.125, 89.875, 7.131130073164272e-26, nan 
-64.875, 89.875, 7.165038541069985e-26, nan 
-64.625, 89.875, 5.787666797325779e-26, nan 
-64.375, 89.875, 7.543550638735191e-26, nan 
-64.125, 89.875, 5.887025606856011e-26, nan 
-63.875, 89.875, 6.108222396095438e-26, nan 
-63.625, 89.875, 6.17561565161703e-26, nan 
-63.375, 89.875, 7.371279352776004e-26, nan 
-63.125, 89.875, 6.601728151330064e-26, nan 
-62.875, 89.875, 6.436613374743695e-26, nan 
-62.625, 89.875, 6.027912246373325e-26, nan 
-62.375, 89.875, 5.42443209632366e-26, nan 
-62.125, 89.875, 6.785517394699021e-26, nan 
-61.875, 89.875, 6.72761045185484e-26, nan 
-61.625, 89.875, 7.237810819691633e-26, nan 
-61.375, 89.875, 5.737243921995659e-26, nan 
-61.125, 89.875, 5.536975383018082e-26, nan 
-60.875, 89.875, 6.701531410002102e-26, nan 
-60.625, 89.875, 7.124431976538016e-26, nan 
-60.375, 89.875, 6.039432050586935e-26, nan 
-60.125, 89.875, 6.815104359637384e-26, nan 
-59.875, 89.875, 4.2907287049077913e-26, nan 
-59.625, 89.875, 5.0741869834724607e-26, nan 
-59.375, 89.875, 7.620032198355791e-26, nan 
-59.125, 89.875, 5.710442912980003e-26, nan 
-58.875, 89.875, 5.815045059550518e-26, nan 
-58.625, 89.875, 5.300484847528084e-26, nan 
-58.375, 89.875, 5.285518388075342e-26, nan 
-58.125, 89.875, 4.897264118980474e-26, nan 
-57.875, 89.875, 5.71617142781299e-26, nan 
-57.625, 89.875, 5.922092226788054e-26, nan 
-57.375, 89.875, 6.711458717207646e-26, nan 
-57.125, 89.875, 6.784252706174442e-26, nan 
-56.875, 89.875, 5.443663874264716e-26, nan 
-56.625, 89.875, 5.28113723134077e-26, nan 
-56.375, 89.875, 4.388008535700305e-26, nan 
-56.125, 89.875, 5.230908099951218e-26, nan 
-55.875, 89.875, 6.200362623749623e-26, nan 
-55.625, 89.875, 5.622351949482326e-26, nan 
-55.375, 89.875, 5.354704729445481e-26, nan 
-55.125, 89.875, 5.519168086559297e-26, nan 
-54.875, 89.875, 5.177714109449529e-26, nan 
-54.625, 89.875, 5.087409072078846e-26, nan 
-54.375, 89.875, 6.010921204176236e-26, nan 
-54.125, 89.875, 5.610313053201358e-26, nan 
-53.875, 89.875, 4.2530929998003774e-26, nan 
-53.625, 89.875, 6.336082266960971e-26, nan 
-53.375, 89.875, 6.38404594534835e-26, nan 
-53.125, 89.875, 6.274559750769208e-26, nan 
-52.875, 89.875, 4.528585251816588e-26, nan 
-52.625, 89.875, 4.4337173620573065e-26, nan 
-52.375, 89.875, 4.875974024209559e-26, nan 
-52.125, 89.875, 7.757456082760205e-26, nan 
-51.875, 89.875, 6.89297564623201e-26, nan 
-51.625, 89.875, 6.485919370231936e-26, nan 
-51.375, 89.875, 5.532037692417375e-26, nan 
-51.125, 89.875, 7.52308860945052e-26, nan 
-50.875, 89.875, 8.257901899130783e-26, nan 
-50.625, 89.875, 7.62519420650999e-26, nan 
-50.375, 89.875, 6.75020070530466e-26, nan 
-50.125, 89.875, 7.895167197647222e-26, nan 
-49.875, 89.875, 7.731324435834498e-26, nan 
-49.625, 89.875, 8.890739402614872e-26, nan 
-49.375, 89.875, 9.296980577028599e-26, nan 
-49.125, 89.875, 8.670858899697356e-26, nan 
-48.875, 89.875, 8.103359684816008e-26, nan 
-48.625, 89.875, 7.619576813771491e-26, nan 
-48.375, 89.875, 9.638135426555901e-26, nan 
-48.125, 89.875, 8.76624848949469e-26, nan 
-47.875, 89.875, 7.913306285595335e-26, nan 
-47.625, 89.875, 8.004313112857767e-26, nan 
-47.375, 89.875, 7.899669860122141e-26, nan 
-47.125, 89.875, 7.552436824333615e-26, nan 
-46.875, 89.875, 6.662060816948037e-26, nan 
-46.625, 89.875, 7.009857713939618e-26, nan 
-46.375, 89.875, 5.912466205658865e-26, nan 
-46.125, 89.875, 5.0519225805923954e-26, nan 
-45.875, 89.875, 4.955549900775577e-26, nan 
-45.625, 89.875, 6.233832239057593e-26, nan 
-45.375, 89.875, 6.270882494196827e-26, nan 
-45.125, 89.875, 7.528951583756093e-26, nan 
-44.875, 89.875, 6.562682372980394e-26, nan 
-44.625, 89.875, 6.270643285734097e-26, nan 
-44.375, 89.875, 6.914238105210778e-26, nan 
-44.125, 89.875, 8.536428042326349e-26, nan 
-43.875, 89.875, 7.315636073391877e-26, nan 
-43.625, 89.875, 7.102994169065686e-26, nan 
-43.375, 89.875, 5.182379167837734e-26, nan 
-43.125, 89.875, 6.730204870195324e-26, nan 
-42.875, 89.875, 6.604911181055291e-26, nan 
-42.625, 89.875, 9.215673951395908e-26, nan 
-42.375, 89.875, 6.40670434460756e-26, nan 
-42.125, 89.875, 5.36140549805495e-26, nan 
-41.875, 89.875, 9.617921829786166e-26, nan 
-41.625, 89.875, 9.866739718722605e-26, nan 
-41.375, 89.875, 1.0877111659827972e-25, nan 
-41.125, 89.875, 1.120990187434526e-25, nan 
-40.875, 89.875, 1.0252563733717763e-25, nan 
-40.625, 89.875, 1.296621728141083e-25, nan 
-40.375, 89.875, 1.1212438581094155e-25, nan 
-40.125, 89.875, 1.0611284838154926e-25, nan 
-39.875, 89.875, 8.993306025950983e-26, nan 
-39.625, 89.875, 1.104251710013383e-25, nan 
-39.375, 89.875, 9.84286697018207e-26, nan 
-39.125, 89.875, 9.763109363851049e-26, nan 
-38.875, 89.875, 1.1097158817839203e-25, nan 
-38.625, 89.875, 1.0868253127975846e-25, nan 
-38.375, 89.875, 1.4458320641476836e-25, nan 
-38.125, 89.875, 1.5483829799320846e-25, nan 
-37.875, 89.875, 1.14361877258626e-25, nan 
-37.625, 89.875, 1.2605023603329963e-25, nan 
-37.375, 89.875, 1.2381538497039159e-25, nan 
-37.125, 89.875, 1.1414830208232375e-25, nan 
-36.875, 89.875, 1.2423143900293057e-25, nan 
-36.625, 89.875, 1.051386960017148e-25, nan 
-36.375, 89.875, 1.0783552853135109e-25, nan 
-36.125, 89.875, 1.1685100896077408e-25, nan 
-35.875, 89.875, 1.2685379226800701e-25, nan 
-35.625, 89.875, 1.254436778973645e-25, nan 
-35.375, 89.875, 1.393588213443664e-25, nan 
-35.125, 89.875, 1.2142321331826574e-25, nan 
-34.875, 89.875, 1.1853637479441397e-25, nan 
-34.625, 89.875, 1.14099633027077e-25, nan 
-34.375, 89.875, 1.2251076946891313e-25, nan 
-34.125, 89.875, 1.213953960502238e-25, nan 
-33.875, 89.875, 1.3175147768532926e-25, nan 
-33.625, 89.875, 1.2702207653565708e-25, nan 
-33.375, 89.875, 1.4954145784827165e-25, nan 
-33.125, 89.875, 1.231028016976883e-25, nan 
-32.875, 89.875, 1.2257957183025744e-25, nan 
-32.625, 89.875, 1.4801084849615665e-25, nan 
-32.375, 89.875, 1.405621933609981e-25, nan 
-32.125, 89.875, 1.2584472880855432e-25, nan 
-31.875, 89.875, 1.2083744748351602e-25, nan 
-31.625, 89.875, 1.2781082110107427e-25, nan 
-31.375, 89.875, 1.220602255843405e-25, nan 
-31.125, 89.875, 1.2354545727659177e-25, nan 
-30.875, 89.875, 1.2516177556418137e-25, nan 
-30.625, 89.875, 1.2234131062095614e-25, nan 
-30.375, 89.875, 1.594217681016962e-25, nan 
-30.125, 89.875, 1.7077116066764536e-25, nan 
-29.875, 89.875, 1.350670733697223e-25, nan 
-29.625, 89.875, 1.2914292838226598e-25, nan 
-29.375, 89.875, 1.2753224613020626e-25, nan 
-29.125, 89.875, 1.2426432084605465e-25, nan 
-28.875, 89.875, 1.3261407060775298e-25, nan 
-28.625, 89.875, 1.2362043802440322e-25, nan 
-28.375, 89.875, 1.3419673292122151e-25, nan 
-28.125, 89.875, 1.2720792329987186e-25, nan 
-27.875, 89.875, 1.3299813925976724e-25, nan 
-27.625, 89.875, 1.457795008503512e-25, nan 
-27.375, 89.875, 1.3535396348637604e-25, nan 
-27.125, 89.875, 1.6916295787804325e-25, nan 
-26.875, 89.875, 1.761154838762319e-25, nan 
-26.625, 89.875, 1.3340647046413543e-25, nan 
-26.375, 89.875, 1.2895420751651717e-25, nan 
-26.125, 89.875, 1.4306867579416806e-25, nan 
-25.875, 89.875, 1.4855718930352187e-25, nan 
-25.625, 89.875, 1.3396488972320852e-25, nan 
-25.375, 89.875, 1.6189525338987738e-25, nan 
-25.125, 89.875, 1.439851601926266e-25, nan 
-24.875, 89.875, 1.894723392820191e-25, nan 
-24.625, 89.875, 1.691072406465855e-25, nan 
-24.375, 89.875, 1.3679100197349247e-25, nan 
-24.125, 89.875, 1.3751433658946485e-25, nan 
-23.875, 89.875, 1.375582790753299e-25, nan 
-23.625, 89.875, 1.478238688095052e-25, nan 
-23.375, 89.875, 2.355337803528755e-25, nan 
-23.125, 89.875, 3.214077560978975e-25, nan 
-22.875, 89.875, 3.5687733608061106e-25, nan 
-22.625, 89.875, 3.3103427594248165e-25, nan 
-22.375, 89.875, 2.273450824961721e-25, nan 
-22.125, 89.875, 1.3516163922006187e-25, nan 
-21.875, 89.875, 1.3098551547902579e-25, nan 
-21.625, 89.875, 1.4421231219486416e-25, nan 
-21.375, 89.875, 1.5152982476227415e-25, nan 
-21.125, 89.875, 1.7671193831583705e-25, nan 
-20.875, 89.875, 1.5889778291271947e-25, nan 
-20.625, 89.875, 1.074703461587404e-25, nan 
-20.375, 89.875, 8.237818651261875e-26, nan 
-20.125, 89.875, 7.741108006350242e-26, nan 
-19.875, 89.875, 7.84183867717266e-26, nan 
-19.625, 89.875, 6.801494138193107e-26, nan 
-19.375, 89.875, 6.761203627966334e-26, nan 
-19.125, 89.875, 7.799955666207412e-26, nan 
-18.875, 89.875, 1.2981099215374284e-25, nan 
-18.625, 89.875, 1.2400776603207398e-25, nan 
-18.375, 89.875, 1.3993207357104643e-25, nan 
-18.125, 89.875, 1.3932569103725223e-25, nan 
-17.875, 89.875, 1.3962364236844159e-25, nan 
-17.625, 89.875, 1.419044734411102e-25, nan 
-17.375, 89.875, 1.4309023398351955e-25, nan 
-17.125, 89.875, 1.2892769778010856e-25, nan 
-16.875, 89.875, 1.3708953826813619e-25, nan 
-16.625, 89.875, 1.481617305491246e-25, nan 
-16.375, 89.875, 1.3966798155182614e-25, nan 
-16.125, 89.875, 1.3973510925573444e-25, nan 
-15.875, 89.875, 1.3967595723116887e-25, nan 
-15.625, 89.875, 1.3378903156381655e-25, nan 
-15.375, 89.875, 1.2645475264779849e-25, nan 
-15.125, 89.875, 1.0295088184616452e-25, nan 
-14.875, 89.875, 7.692600029376645e-26, nan 
-14.625, 89.875, 9.080594674504127e-26, nan 
-14.375, 89.875, 1.4530452224141895e-25, nan 
-14.125, 89.875, 1.4389297247710952e-25, nan 
-13.875, 89.875, 1.3887064890990144e-25, nan 
-13.625, 89.875, 1.349122013326533e-25, nan 
-13.375, 89.875, 1.347702156007762e-25, nan 
-13.125, 89.875, 1.6313098336313512e-25, nan 
-12.875, 89.875, 1.5873652495753719e-25, nan 
-12.625, 89.875, 1.3547133770725182e-25, nan 
-12.375, 89.875, 1.4385986708210672e-25, nan 
-12.125, 89.875, 1.998165929591503e-25, nan 
-11.875, 89.875, 1.8219888005940736e-25, nan 
-11.625, 89.875, 1.4469645089861844e-25, nan 
-11.375, 89.875, 1.5207436313332527e-25, nan 
-11.125, 89.875, 1.4511768490334993e-25, nan 
-10.875, 89.875, 1.1048107658165937e-25, nan 
-10.625, 89.875, 1.3445833765898734e-25, nan 
-10.375, 89.875, 1.2418571559573526e-25, nan 
-10.125, 89.875, 1.1901916101531984e-25, nan 
-9.875, 89.875, 9.249653424263939e-26, nan 
-9.625, 89.875, 1.1192983412175036e-25, nan 
-9.375, 89.875, 9.16482123635821e-26, nan 
-9.125, 89.875, 8.877419629834598e-26, nan 
-8.875, 89.875, 1.0690601717256448e-25, nan 
-8.625, 89.875, 9.455790972166968e-26, nan 
-8.375, 89.875, 8.982702029878233e-26, nan 
-8.125, 89.875, 1.9593119016562819e-25, nan 
-7.875, 89.875, 1.350134047780062e-25, nan 
-7.625, 89.875, 1.1748194313372025e-25, nan 
-7.375, 89.875, 1.2167511282830798e-25, nan 
-7.125, 89.875, 1.5647743435301642e-25, nan 
-6.875, 89.875, 7.508311643467017e-26, nan 
-6.625, 89.875, 1.0864403196216554e-25, nan 
-6.375, 89.875, 1.2217932083510407e-25, nan 
-6.125, 89.875, 1.1711928676062544e-25, nan 
-5.875, 89.875, 7.911501844790607e-26, nan 
-5.625, 89.875, 1.3997428351340497e-25, nan 
-5.375, 89.875, 8.707797312225335e-26, nan 
-5.125, 89.875, 1.048019198707191e-25, nan 
-4.875, 89.875, 1.1116529347381574e-25, nan 
-4.625, 89.875, 9.668897805330262e-26, nan 
-4.375, 89.875, 8.486852937895643e-26, nan 
-4.125, 89.875, 1.064258545680045e-25, nan 
-3.875, 89.875, 8.145205038919814e-26, nan 
-3.625, 89.875, 6.338523279483763e-26, nan 
-3.375, 89.875, 9.118894516961714e-26, nan 
-3.125, 89.875, 1.025462668959385e-25, nan 
-2.875, 89.875, 8.175913220959418e-26, nan 
-2.625, 89.875, 1.064969190751136e-25, nan 
-2.375, 89.875, 1.0267612188368834e-25, nan 
-2.125, 89.875, 5.44589148353349e-26, nan 
-1.875, 89.875, 8.782617144362653e-26, nan 
-1.625, 89.875, 9.489492132971017e-26, nan 
-1.375, 89.875, 1.0354862036635352e-25, nan 
-1.125, 89.875, 7.398368623770089e-26, nan 
-0.875, 89.875, 1.1731263193823368e-25, nan 
-0.625, 89.875, 9.688652051660528e-26, nan 
-0.375, 89.875, 1.0188719060839421e-25, nan 
-0.125, 89.875, 8.192250475865344e-26, nan 
0.125, 89.875, 7.649345489438309e-26, nan 
0.375, 89.875, 9.839416276606396e-26, nan 
0.625, 89.875, 9.369869555839517e-26, nan 
0.875, 89.875, 1.182955242809059e-25, nan 
1.125, 89.875, 8.933343859180592e-26, nan 
1.375, 89.875, 1.073429002341846e-25, nan 
1.625, 89.875, 8.471773068753579e-26, nan 
1.875, 89.875, 1.0252115455960255e-25, nan 
2.125, 89.875, 8.167073379668266e-26, nan 
2.375, 89.875, 1.1831983978371582e-25, nan 
2.625, 89.875, 1.2953592665373274e-25, nan 
2.875, 89.875, 1.0148623967058435e-25, nan 
3.125, 89.875, 1.0516523188566526e-25, nan 
3.375, 89.875, 1.3255085835043865e-25, nan 
3.625, 89.875, 1.7394278489869923e-25, nan 
3.875, 89.875, 1.3158539147455038e-25, nan 
4.125, 89.875, 8.817130883200656e-26, nan 
4.375, 89.875, 1.5254477759539723e-25, nan 
4.625, 89.875, 1.873893991548802e-25, nan 
4.875, 89.875, 2.024641731705417e-25, nan 
5.125, 89.875, 1.2183939431719673e-25, nan 
5.375, 89.875, 1.9383478946224727e-25, nan 
5.625, 89.875, 1.8307474236519468e-25, nan 
5.875, 89.875, 1.1386001870497047e-25, nan 
6.125, 89.875, 1.3321771191919897e-25, nan 
6.375, 89.875, 1.1951534889853893e-25, nan 
6.625, 89.875, 1.185807174922439e-25, nan 
6.875, 89.875, 1.1378656920368763e-25, nan 
7.125, 89.875, 1.1143604133928525e-25, nan 
7.375, 89.875, 1.71851834985812e-25, nan 
7.625, 89.875, 1.4255835712356066e-25, nan 
7.875, 89.875, 1.0796608570994928e-25, nan 
8.125, 89.875, 1.1005495249079073e-25, nan 
8.375, 89.875, 1.0796000027328882e-25, nan 
8.625, 89.875, 9.813202929618177e-26, nan 
8.875, 89.875, 1.1206866002976133e-25, nan 
9.125, 89.875, 9.485828237635977e-26, nan 
9.375, 89.875, 1.0215095314598185e-25, nan 
9.625, 89.875, 1.068931124964103e-25, nan 
9.875, 89.875, 9.944672002438059e-26, nan 
10.125, 89.875, 1.044005366439542e-25, nan 
10.375, 89.875, 1.0255832281032898e-25, nan 
10.625, 89.875, 1.0455765168243148e-25, nan 
10.875, 89.875, 1.0220923437989021e-25, nan 
11.125, 89.875, 9.897890390994581e-26, nan 
11.375, 89.875, 1.0285821053150333e-25, nan 
11.625, 89.875, 9.969585722957709e-26, nan 
11.875, 89.875, 1.2073085988542774e-25, nan 
12.125, 89.875, 1.4755639087529876e-25, nan 
12.375, 89.875, 1.1389357878942818e-25, nan 
12.625, 89.875, 8.556304894192154e-26, nan 
12.875, 89.875, 7.860197626403901e-26, nan 
13.125, 89.875, 1.0586902785111237e-25, nan 
13.375, 89.875, 8.690223994460331e-26, nan 
13.625, 89.875, 8.019206129112992e-26, nan 
13.875, 89.875, 1.0094871184083481e-25, nan 
14.125, 89.875, 1.0065653143522287e-25, nan 
14.375, 89.875, 9.182388115590489e-26, nan 
14.625, 89.875, 1.1548615447474491e-25, nan 
14.875, 89.875, 1.3018660273859508e-25, nan 
15.125, 89.875, 1.2560498755120105e-25, nan 
15.375, 89.875, 9.735187201942823e-26, nan 
15.625, 89.875, 1.0724103156113083e-25, nan 
15.875, 89.875, 1.2359389738244838e-25, nan 
16.125, 89.875, 9.004247619748847e-26, nan 
16.375, 89.875, 1.2943809143319147e-25, nan 
16.625, 89.875, 1.5195903148106917e-25, nan 
16.875, 89.875, 1.7899882695845856e-25, nan 
17.125, 89.875, 1.761851770502033e-25, nan 
17.375, 89.875, 1.7431220171700295e-25, nan 
17.625, 89.875, 1.7242619628218083e-25, nan 
17.875, 89.875, 1.529054767733922e-25, nan 
18.125, 89.875, 1.5615135754785744e-25, nan 
18.375, 89.875, 1.4703730957223774e-25, nan 
18.625, 89.875, 1.675827882569283e-25, nan 
18.875, 89.875, 1.5778617124123396e-25, nan 
19.125, 89.875, 1.4265162370208321e-25, nan 
19.375, 89.875, 1.3223232602582859e-25, nan 
19.625, 89.875, 1.376746231898503e-25, nan 
19.875, 89.875, 1.3425714829588612e-25, nan 
20.125, 89.875, 1.2247942422275955e-25, nan 
20.375, 89.875, 1.2136626550215084e-25, nan 
20.625, 89.875, 1.1749032961889634e-25, nan 
20.875, 89.875, 9.08645004856131e-26, nan 
21.125, 89.875, 8.999065603727843e-26, nan 
21.375, 89.875, 8.302936517955161e-26, nan 
21.625, 89.875, 9.923738850313245e-26, nan 
21.875, 89.875, 6.533255017538469e-26, nan 
22.125, 89.875, 1.0611195081437095e-25, nan 
22.375, 89.875, 1.141598920923741e-25, nan 
22.625, 89.875, 7.452126057531315e-26, nan 
22.875, 89.875, 6.798245449942975e-26, nan 
23.125, 89.875, 9.360039238562565e-26, nan 
23.375, 89.875, 9.240552109844957e-26, nan 
23.625, 89.875, 5.469775319312095e-26, nan 
23.875, 89.875, 8.988366780363588e-26, nan 
24.125, 89.875, 9.548050125586407e-26, nan 
24.375, 89.875, 9.728204216911582e-26, nan 
24.625, 89.875, 1.0723319301821392e-25, nan 
24.875, 89.875, 9.041936925235812e-26, nan 
25.125, 89.875, 1.2086130791585256e-25, nan 
25.375, 89.875, 1.427716086958194e-25, nan 
25.625, 89.875, 9.557256964289453e-26, nan 
25.875, 89.875, 8.749919517684466e-26, nan 
26.125, 89.875, 1.0078419752979335e-25, nan 
26.375, 89.875, 6.041803100909984e-26, nan 
26.625, 89.875, 6.160556019348528e-26, nan 
26.875, 89.875, 1.0003425212686387e-25, nan 
27.125, 89.875, 9.652526883327655e-26, nan 
27.375, 89.875, 1.1840023837117604e-25, nan 
27.625, 89.875, 8.461770897832569e-26, nan 
27.875, 89.875, 1.1137541539407942e-25, nan 
28.125, 89.875, 9.296711523712379e-26, nan 
28.375, 89.875, 1.0184729912538837e-25, nan 
28.625, 89.875, 9.494163976691165e-26, nan 
28.875, 89.875, 1.0600020695634568e-25, nan 
29.125, 89.875, 9.947549571390749e-26, nan 
29.375, 89.875, 9.996108165367339e-26, nan 
29.625, 89.875, 8.852070542609989e-26, nan 
29.875, 89.875, 1.0881517669720548e-25, nan 
30.125, 89.875, 1.2167665132626886e-25, nan 
30.375, 89.875, 9.504149638139474e-26, nan 
30.625, 89.875, 8.45022408871758e-26, nan 
30.875, 89.875, 8.959847224709107e-26, nan 
31.125, 89.875, 9.943350050614984e-26, nan 
31.375, 89.875, 1.1083902306820468e-25, nan 
31.625, 89.875, 1.0971348335797615e-25, nan 
31.875, 89.875, 8.717844350906885e-26, nan 
32.125, 89.875, 8.079876248923942e-26, nan 
32.375, 89.875, 9.961085241403883e-26, nan 
32.625, 89.875, 1.03202410946502e-25, nan 
32.875, 89.875, 1.3813385281082173e-25, nan 
33.125, 89.875, 1.277278303950802e-25, nan 
33.375, 89.875, 1.17147930932199e-25, nan 
33.625, 89.875, 1.3994023764425187e-25, nan 
33.875, 89.875, 1.0861635848465053e-25, nan 
34.125, 89.875, 9.975996108387646e-26, nan 
34.375, 89.875, 9.682511847230304e-26, nan 
34.625, 89.875, 1.0004725704227464e-25, nan 
34.875, 89.875, 9.787907578765013e-26, nan 
35.125, 89.875, 1.188211711374254e-25, nan 
35.375, 89.875, 1.1942992858176045e-25, nan 
35.625, 89.875, 1.1527698401552538e-25, nan 
35.875, 89.875, 1.3784247535445876e-25, nan 
36.125, 89.875, 1.199246241530539e-25, nan 
36.375, 89.875, 5.0642151825774024e-26, nan 
36.625, 89.875, 5.999237691413492e-26, nan 
36.875, 89.875, 5.439883843526708e-26, nan 
37.125, 89.875, 5.304709933287012e-26, nan 
37.375, 89.875, 9.417040356299904e-26, nan 
37.625, 89.875, 1.06629070601976e-25, nan 
37.875, 89.875, 8.052444718847696e-26, nan 
38.125, 89.875, 6.043958984554638e-26, nan 
38.375, 89.875, 1.0575482908391009e-25, nan 
38.625, 89.875, 8.051491413388591e-26, nan 
38.875, 89.875, 5.019772154178857e-26, nan 
39.125, 89.875, 1.0359985884413869e-25, nan 
39.375, 89.875, 1.0656459984653852e-25, nan 
39.625, 89.875, 9.2743141416626e-26, nan 
39.875, 89.875, 6.366017289049389e-26, nan 
40.125, 89.875, 9.544394829325155e-26, nan 
40.375, 89.875, 1.5348099005511113e-25, nan 
40.625, 89.875, 1.3142569444931073e-25, nan 
40.875, 89.875, 9.157686909628156e-26, nan 
41.125, 89.875, 1.0259958790623096e-25, nan 
41.375, 89.875, 1.0732454266971968e-25, nan 
41.625, 89.875, 1.076050566982227e-25, nan 
41.875, 89.875, 9.063172183408003e-26, nan 
42.125, 89.875, 8.642677970535104e-26, nan 
42.375, 89.875, 1.0137016096438235e-25, nan 
42.625, 89.875, 9.16036167314498e-26, nan 
42.875, 89.875, 7.292130405648314e-26, nan 
43.125, 89.875, 8.230915165087001e-26, nan 
43.375, 89.875, 9.601606031304349e-26, nan 
43.625, 89.875, 9.709174295528038e-26, nan 
43.875, 89.875, 7.572918866137632e-26, nan 
44.125, 89.875, 7.195937699257347e-26, nan 
44.375, 89.875, 7.41888588349099e-26, nan 
44.625, 89.875, 8.144143472469084e-26, nan 
44.875, 89.875, 8.817093724224216e-26, nan 
45.125, 89.875, 8.88947701443702e-26, nan 
45.375, 89.875, 8.699275989897748e-26, nan 
45.625, 89.875, 5.0796543486468747e-26, nan 
45.875, 89.875, 5.184128679996553e-26, nan 
46.125, 89.875, 9.918169991495007e-26, nan 
46.375, 89.875, 4.860559410603046e-26, nan 
46.625, 89.875, 6.957016947526844e-26, nan 
46.875, 89.875, 6.163003419204036e-26, nan 
47.125, 89.875, 9.84971220362083e-26, nan 
47.375, 89.875, 9.062210985249483e-26, nan 
47.625, 89.875, 1.0460023861343782e-25, nan 
47.875, 89.875, 7.209423791937055e-26, nan 
48.125, 89.875, 5.741758636360641e-26, nan 
48.375, 89.875, 8.028929103204276e-26, nan 
48.625, 89.875, 8.870207007744313e-26, nan 
48.875, 89.875, 7.537680502491316e-26, nan 
49.125, 89.875, 8.48234678050382e-26, nan 
49.375, 89.875, 9.508146132958636e-26, nan 
49.625, 89.875, 8.45148129686414e-26, nan 
49.875, 89.875, 7.73771516459816e-26, nan 
50.125, 89.875, 1.0156047915499152e-25, nan 
50.375, 89.875, 7.924671455448289e-26, nan 
50.625, 89.875, 9.090908102008213e-26, nan 
50.875, 89.875, 9.413798541900456e-26, nan 
51.125, 89.875, 8.963170575061713e-26, nan 
51.375, 89.875, 1.0334953660598947e-25, nan 
51.625, 89.875, 9.913414209954712e-26, nan 
51.875, 89.875, 7.608407435771601e-26, nan 
52.125, 89.875, 8.484158543134157e-26, nan 
52.375, 89.875, 9.629128257092153e-26, nan 
52.625, 89.875, 1.0018557708506509e-25, nan 
52.875, 89.875, 1.016891736543901e-25, nan 
53.125, 89.875, 8.667865775098189e-26, nan 
53.375, 89.875, 7.633923535762402e-26, nan 
53.625, 89.875, 8.167513125642469e-26, nan 
53.875, 89.875, 9.971415337256762e-26, nan 
54.125, 89.875, 7.816265235372632e-26, nan 
54.375, 89.875, 6.988907329165396e-26, nan 
54.625, 89.875, 9.754170908520157e-26, nan 
54.875, 89.875, 8.530422750476427e-26, nan 
55.125, 89.875, 7.004594119691016e-26, nan 
55.375, 89.875, 1.14691331087763e-25, nan 
55.625, 89.875, 7.634223328186353e-26, nan 
55.875, 89.875, 8.517427130926195e-26, nan 
56.125, 89.875, 7.288127683985807e-26, nan 
56.375, 89.875, 6.502775427722553e-26, nan 
56.625, 89.875, 7.483464096929027e-26, nan 
56.875, 89.875, 7.153926181218501e-26, nan 
57.125, 89.875, 9.756190859886506e-26, nan 
57.375, 89.875, 6.727660293015165e-26, nan 
57.625, 89.875, 6.192929329336899e-26, nan 
57.875, 89.875, 6.668799570989808e-26, nan 
58.125, 89.875, 7.531316014048347e-26, nan 
58.375, 89.875, 7.259757342330268e-26, nan 
58.625, 89.875, 6.160192082224051e-26, nan 
58.875, 89.875, 8.600189504343591e-26, nan 
59.125, 89.875, 8.124994665539994e-26, nan 
59.375, 89.875, 9.461413675813122e-26, nan 
59.625, 89.875, 7.290001276476418e-26, nan 
59.875, 89.875, 9.955027746450629e-26, nan 
60.125, 89.875, 8.004744522276699e-26, nan 
60.375, 89.875, 7.320385262518365e-26, nan 
60.625, 89.875, 6.45050234040503e-26, nan 
60.875, 89.875, 7.173220231413675e-26, nan 
61.125, 89.875, 8.282012362825529e-26, nan 
61.375, 89.875, 8.261930037051084e-26, nan 
61.625, 89.875, 8.53919356833434e-26, nan 
61.875, 89.875, 7.662961898679716e-26, nan 
62.125, 89.875, 7.397716238390621e-26, nan 
62.375, 89.875, 6.662246890448966e-26, nan 
62.625, 89.875, 6.896104283366937e-26, nan 
62.875, 89.875, 8.645934587870203e-26, nan 
63.125, 89.875, 8.6599804166701e-26, nan 
63.375, 89.875, 8.565262592334932e-26, nan 
63.625, 89.875, 7.302854395800684e-26, nan 
63.875, 89.875, 1.0256733606394795e-25, nan 
64.125, 89.875, 9.024741192737247e-26, nan 
64.375, 89.875, 8.441050039579577e-26, nan 
64.625, 89.875, 9.352995176411608e-26, nan 
64.875, 89.875, 7.893773594798477e-26, nan 
65.125, 89.875, 1.2367392215259705e-25, nan 
65.375, 89.875, 8.571073890566977e-26, nan 
65.625, 89.875, 6.873847608163489e-26, nan 
65.875, 89.875, 8.738169717594077e-26, nan 
66.125, 89.875, 5.25788516417347e-26, nan 
66.375, 89.875, 4.529446369302415e-26, nan 
66.625, 89.875, 1.1868208533584873e-25, nan 
66.875, 89.875, 1.9930168127526966e-25, nan 
67.125, 89.875, 1.8496363903323014e-25, nan 
67.375, 89.875, 1.467606133419793e-25, nan 
67.625, 89.875, 9.045066396849124e-26, nan 
67.875, 89.875, 5.975875865900674e-26, nan 
68.125, 89.875, 5.404892243336836e-26, nan 
68.375, 89.875, 6.305450994285596e-26, nan 
68.625, 89.875, 6.777537428446396e-26, nan 
68.875, 89.875, 1.014151481447103e-25, nan 
69.125, 89.875, 8.970226290953514e-26, nan 
69.375, 89.875, 5.850714921973344e-26, nan 
69.625, 89.875, 4.848780523882242e-26, nan 
69.875, 89.875, 4.624789423494478e-26, nan 
70.125, 89.875, 6.641135529580712e-26, nan 
70.375, 89.875, 4.357232237851481e-26, nan 
70.625, 89.875, 7.490473761166601e-26, nan 
70.875, 89.875, 7.731641738217504e-26, nan 
71.125, 89.875, 6.56928857335148e-26, nan 
71.375, 89.875, 5.981480495076371e-26, nan 
71.625, 89.875, 4.7529285695456835e-26, nan 
71.875, 89.875, 4.739397226571776e-26, nan 
72.125, 89.875, 4.6808935328661806e-26, nan 
72.375, 89.875, 5.484142233656475e-26, nan 
72.625, 89.875, 4.898437182878373e-26, nan 
72.875, 89.875, 6.81176539554519e-26, nan 
73.125, 89.875, 4.3132476894940733e-26, nan 
73.375, 89.875, 6.644527798448887e-26, nan 
73.625, 89.875, 6.49199341947421e-26, nan 
73.875, 89.875, 4.2012739288486746e-26, nan 
74.125, 89.875, 5.660752239937012e-26, nan 
74.375, 89.875, 4.4845379741638414e-26, nan 
74.625, 89.875, 4.149411363059697e-26, nan 
74.875, 89.875, 4.005948660163371e-26, nan 
75.125, 89.875, 8.576308585359431e-26, nan 
75.375, 89.875, 4.1784829756641353e-26, nan 
75.625, 89.875, 5.498431219503032e-26, nan 
75.875, 89.875, 6.318203174036332e-26, nan 
76.125, 89.875, 4.120759539929614e-26, nan 
76.375, 89.875, 5.98184678905351e-26, nan 
76.625, 89.875, 9.296270125878384e-26, nan 
76.875, 89.875, 5.987676556114502e-26, nan 
77.125, 89.875, 1.0274215679434876e-25, nan 
77.375, 89.875, 7.120678940005935e-26, nan 
77.625, 89.875, 5.1630694196677227e-26, nan 
77.875, 89.875, 1.2905138120176936e-25, nan 
78.125, 89.875, 7.417826305321357e-26, nan 
78.375, 89.875, 5.436667263866786e-26, nan 
78.625, 89.875, 4.02808505189813e-26, nan 
78.875, 89.875, 4.7940221865931115e-26, nan 
79.125, 89.875, 7.535482293187328e-26, nan 
79.375, 89.875, 7.608903937623606e-26, nan 
79.625, 89.875, 5.583742565187841e-26, nan 
79.875, 89.875, 3.5762665801028795e-26, nan 
80.125, 89.875, 4.195839819735241e-26, nan 
80.375, 89.875, 5.265776258666616e-26, nan 
80.625, 89.875, 4.321707855072584e-26, nan 
80.875, 89.875, 7.734182054723678e-26, nan 
81.125, 89.875, 4.945155768973654e-26, nan 
81.375, 89.875, 5.930565627565451e-26, nan 
81.625, 89.875, 5.42146575580036e-26, nan 
81.875, 89.875, 4.494936903713961e-26, nan 
82.125, 89.875, 5.687926534618139e-26, nan 
82.375, 89.875, 6.279013240067851e-26, nan 
82.625, 89.875, 6.978969522917995e-26, nan 
82.875, 89.875, 4.3079947694534684e-26, nan 
83.125, 89.875, 6.165249761972139e-26, nan 
83.375, 89.875, 4.80749055525789e-26, nan 
83.625, 89.875, 5.120101730466886e-26, nan 
83.875, 89.875, 4.717566189627396e-26, nan 
84.125, 89.875, 3.870576255326499e-26, nan 
84.375, 89.875, 9.777509003671412e-26, nan 
84.625, 89.875, 8.402809261773107e-26, nan 
84.875, 89.875, 4.4139467941452546e-26, nan 
85.125, 89.875, 4.9944489551800514e-26, nan 
85.375, 89.875, 4.6299242640129354e-26, nan 
85.625, 89.875, 4.067679838056212e-26, nan 
85.875, 89.875, 5.138108179504551e-26, nan 
86.125, 89.875, 5.254271882376977e-26, nan 
86.375, 89.875, 5.831293348768049e-26, nan 
86.625, 89.875, 4.7995619901623926e-26, nan 
86.875, 89.875, 5.308729273087243e-26, nan 
87.125, 89.875, 6.133956271028286e-26, nan 
87.375, 89.875, 4.4168081062894256e-26, nan 
87.625, 89.875, 9.304878885951195e-26, nan 
87.875, 89.875, 1.0868963869077708e-25, nan 
88.125, 89.875, 5.001307802219428e-26, nan 
88.375, 89.875, 4.6999636645267363e-26, nan 
88.625, 89.875, 5.538028602811104e-26, nan 
88.875, 89.875, 6.445799530744912e-26, nan 
89.125, 89.875, 5.385515598601143e-26, nan 
89.375, 89.875, 5.508285543659353e-26, nan 
89.625, 89.875, 4.2792362123130734e-26, nan 
89.875, 89.875, 7.598218365643918e-26, nan 
90.125, 89.875, 6.825340219924133e-26, nan 
90.375, 89.875, 3.2742162624580144e-26, nan 
90.625, 89.875, 2.9340977298102016e-26, nan 
90.875, 89.875, 4.010507784135789e-26, nan 
91.125, 89.875, 3.381326884839297e-26, nan 
91.375, 89.875, 1.1722259318086784e-25, nan 
91.625, 89.875, 1.7570963402200431e-25, nan 
91.875, 89.875, 1.9793390802930274e-25, nan 
92.125, 89.875, 1.8387781648670245e-25, nan 
92.375, 89.875, 1.0828517779324604e-25, nan 
92.625, 89.875, 3.89310415158515e-26, nan 
92.875, 89.875, 3.0429997774624455e-26, nan 
93.125, 89.875, 5.171326717291334e-26, nan 
93.375, 89.875, 2.9889876548268166e-26, nan 
93.625, 89.875, 8.833171426423321e-26, nan 
93.875, 89.875, 7.613778774618823e-26, nan 
94.125, 89.875, 4.811076118908321e-26, nan 
94.375, 89.875, 6.450373040878429e-26, nan 
94.625, 89.875, 7.511655979125742e-26, nan 
94.875, 89.875, 4.186097409685548e-26, nan 
95.125, 89.875, 3.633951311773793e-26, nan 
95.375, 89.875, 9.318682891866576e-26, nan 
95.625, 89.875, 7.983346798253152e-26, nan 
95.875, 89.875, 4.9172917719639355e-26, nan 
96.125, 89.875, 3.1313167903708587e-26, nan 
96.375, 89.875, 5.87946477444955e-26, nan 
96.625, 89.875, 5.333673339104634e-26, nan 
96.875, 89.875, 5.83376985304289e-26, nan 
97.125, 89.875, 5.977297056859201e-26, nan 
97.375, 89.875, 6.515290905420071e-26, nan 
97.625, 89.875, 5.390062035572805e-26, nan 
97.875, 89.875, 6.723510157524372e-26, nan 
98.125, 89.875, 5.548626012445236e-26, nan 
98.375, 89.875, 4.221624940256399e-26, nan 
98.625, 89.875, 4.20039379802254e-26, nan 
98.875, 89.875, 4.471165378899682e-26, nan 
99.125, 89.875, 4.340128618474531e-26, nan 
99.375, 89.875, 5.03090084050618e-26, nan 
99.625, 89.875, 6.135895212650766e-26, nan 
99.875, 89.875, 7.255128532459101e-26, nan 
100.125, 89.875, 5.467657114235631e-26, nan 
100.375, 89.875, 4.6001035532390877e-26, nan 
100.625, 89.875, 4.2916795894227693e-26, nan 
100.875, 89.875, 4.52584373550969e-26, nan 
101.125, 89.875, 4.1663579491123375e-26, nan 
101.375, 89.875, 4.385347464916034e-26, nan 
101.625, 89.875, 7.811961236037482e-26, nan 
101.875, 89.875, 6.983258811842846e-26, nan 
102.125, 89.875, 2.8615941569295e-26, nan 
102.375, 89.875, 4.9933071183806225e-26, nan 
102.625, 89.875, 1.013833873096499e-25, nan 
102.875, 89.875, 8.634179193566209e-26, nan 
103.125, 89.875, 3.4791892969604106e-26, nan 
103.375, 89.875, 3.4018771236328364e-26, nan 
103.625, 89.875, 5.06102323161682e-26, nan 
103.875, 89.875, 3.9552395397451827e-26, nan 
104.125, 89.875, 5.833315508055313e-26, nan 
104.375, 89.875, 5.141179462382627e-26, nan 
104.625, 89.875, 3.819466721531668e-26, nan 
104.875, 89.875, 2.8590415354163876e-26, nan 
105.125, 89.875, 5.42033245758143e-26, nan 
105.375, 89.875, 4.774388153538451e-26, nan 
105.625, 89.875, 3.4651745636101365e-26, nan 
105.875, 89.875, 4.601759476661994e-26, nan 
106.125, 89.875, 4.085842386240297e-26, nan 
106.375, 89.875, 3.779374090304194e-26, nan 
106.625, 89.875, 3.9049518249585845e-26, nan 
106.875, 89.875, 6.787454403421512e-26, nan 
107.125, 89.875, 5.0312704352363036e-26, nan 
107.375, 89.875, 5.948722995256136e-26, nan 
107.625, 89.875, 4.3996339938395095e-26, nan 
107.875, 89.875, 3.808969939566741e-26, nan 
108.125, 89.875, 5.85449069693599e-26, nan 
108.375, 89.875, 7.435224563792447e-26, nan 
108.625, 89.875, 6.664503177854539e-26, nan 
108.875, 89.875, 4.522632046582199e-26, nan 
109.125, 89.875, 5.548975468912514e-26, nan 
109.375, 89.875, 5.574966237144513e-26, nan 
109.625, 89.875, 4.06804278800346e-26, nan 
109.875, 89.875, 5.57271601490795e-26, nan 
110.125, 89.875, 5.611951007337689e-26, nan 
110.375, 89.875, 4.8892803492819306e-26, nan 
110.625, 89.875, 5.58370261039423e-26, nan 
110.875, 89.875, 5.33707483911864e-26, nan 
111.125, 89.875, 5.302401167042122e-26, nan 
111.375, 89.875, 3.788733873683092e-26, nan 
111.625, 89.875, 6.025649192155747e-26, nan 
111.875, 89.875, 1.4708460641272503e-26, nan 
112.125, 89.875, 4.8405469320941994e-26, nan 
112.375, 89.875, 6.147363992829303e-26, nan 
112.625, 89.875, 4.3983525823534604e-26, nan 
112.875, 89.875, 4.4581812210695824e-26, nan 
113.125, 89.875, 4.7025158016035863e-26, nan 
113.375, 89.875, 5.029571196980711e-26, nan 
113.625, 89.875, 2.346055807649563e-26, nan 
113.875, 89.875, 5.933685302623977e-26, nan 
114.125, 89.875, 5.352142009256046e-26, nan 
114.375, 89.875, 5.541570870223722e-26, nan 
114.625, 89.875, 5.311259519901903e-26, nan 
114.875, 89.875, 5.551692056028961e-26, nan 
115.125, 89.875, 5.718632206456594e-26, nan 
115.375, 89.875, 6.321647375923825e-26, nan 
115.625, 89.875, 7.276390789134851e-26, nan 
115.875, 89.875, 6.802437429704169e-26, nan 
116.125, 89.875, 6.801536163153505e-26, nan 
116.375, 89.875, 3.9342791969690164e-26, nan 
116.625, 89.875, 3.880185687359276e-26, nan 
116.875, 89.875, 5.839493088311431e-26, nan 
117.125, 89.875, 6.578690810193037e-26, nan 
117.375, 89.875, 8.267716973742785e-26, nan 
117.625, 89.875, 5.485890570687865e-26, nan 
117.875, 89.875, 8.140667465934361e-26, nan 
118.125, 89.875, 6.157937602787455e-26, nan 
118.375, 89.875, 7.55600422784679e-26, nan 
118.625, 89.875, 6.722330579722915e-26, nan 
118.875, 89.875, 6.848811900191434e-26, nan 
119.125, 89.875, 8.268176677748645e-26, nan 
119.375, 89.875, 9.851144708195589e-26, nan 
119.625, 89.875, 6.526510165357265e-26, nan 
119.875, 89.875, 7.446533799329538e-26, nan 
120.125, 89.875, 1.2277137785998763e-25, nan 
120.375, 89.875, 1.077363106574336e-25, nan 
120.625, 89.875, 6.72382933503882e-26, nan 
120.875, 89.875, 6.384611542128525e-26, nan 
121.125, 89.875, 6.377973178401437e-26, nan 
121.375, 89.875, 6.875592271467485e-26, nan 
121.625, 89.875, 9.077864163756297e-26, nan 
121.875, 89.875, 6.774324221217369e-26, nan 
122.125, 89.875, 5.450558452669227e-26, nan 
122.375, 89.875, 7.033337835338472e-26, nan 
122.625, 89.875, 6.391718493237336e-26, nan 
122.875, 89.875, 8.883609059768237e-26, nan 
123.125, 89.875, 9.451077856793492e-26, nan 
123.375, 89.875, 8.089059679930071e-26, nan 
123.625, 89.875, 1.0732547556680117e-25, nan 
123.875, 89.875, 7.812462169241109e-26, nan 
124.125, 89.875, 6.951560236062342e-26, nan 
124.375, 89.875, 6.903465054607539e-26, nan 
124.625, 89.875, 8.059536987903452e-26, nan 
124.875, 89.875, 8.759739091212688e-26, nan 
125.125, 89.875, 9.124391688744173e-26, nan 
125.375, 89.875, 8.581321290761241e-26, nan 
125.625, 89.875, 7.147113748344366e-26, nan 
125.875, 89.875, 9.396087300094407e-26, nan 
126.125, 89.875, 8.426636957617686e-26, nan 
126.375, 89.875, 4.612344361581234e-26, nan 
126.625, 89.875, 4.411852948210862e-26, nan 
126.875, 89.875, 4.506094676909845e-26, nan 
127.125, 89.875, 5.841928609041412e-26, nan 
127.375, 89.875, 8.269353626530614e-26, nan 
127.625, 89.875, 8.422786747045047e-26, nan 
127.875, 89.875, 7.0510041021729e-26, nan 
128.125, 89.875, 4.912639599824722e-26, nan 
128.375, 89.875, 6.559937072814884e-26, nan 
128.625, 89.875, 5.937845240511778e-26, nan 
128.875, 89.875, 5.674369093037632e-26, nan 
129.125, 89.875, 7.91679952500733e-26, nan 
129.375, 89.875, 8.882625143939552e-26, nan 
129.625, 89.875, 7.294637451569303e-26, nan 
129.875, 89.875, 6.170321197213325e-26, nan 
130.125, 89.875, 1.0319868519665561e-25, nan 
130.375, 89.875, 9.328146853485418e-26, nan 
130.625, 89.875, 9.645401940102084e-26, nan 
130.875, 89.875, 7.047760755954677e-26, nan 
131.125, 89.875, 8.294957884497041e-26, nan 
131.375, 89.875, 7.772952083414885e-26, nan 
131.625, 89.875, 9.762706155240068e-26, nan 
131.875, 89.875, 9.399844811645752e-26, nan 
132.125, 89.875, 9.008777575598662e-26, nan 
132.375, 89.875, 7.730209646982474e-26, nan 
132.625, 89.875, 8.15128819402379e-26, nan 
132.875, 89.875, 7.895194521075774e-26, nan 
133.125, 89.875, 7.715401989591192e-26, nan 
133.375, 89.875, 8.703106684647329e-26, nan 
133.625, 89.875, 8.292762661767889e-26, nan 
133.875, 89.875, 7.911757293845805e-26, nan 
134.125, 89.875, 6.291974698256875e-26, nan 
134.375, 89.875, 6.716389455133367e-26, nan 
134.625, 89.875, 8.912983879189873e-26, nan 
134.875, 89.875, 9.808217108630811e-26, nan 
135.125, 89.875, 6.849814290059545e-26, nan 
135.375, 89.875, 7.719290793259035e-26, nan 
135.625, 89.875, 7.649392730784248e-26, nan 
135.875, 89.875, 8.238258509825704e-26, nan 
136.125, 89.875, 9.20875545961338e-26, nan 
136.375, 89.875, 7.850659578070395e-26, nan 
136.625, 89.875, 6.377701353713263e-26, nan 
136.875, 89.875, 8.799575758411038e-26, nan 
137.125, 89.875, 9.506061742735217e-26, nan 
137.375, 89.875, 7.150605292126795e-26, nan 
137.625, 89.875, 7.375629766466684e-26, nan 
137.875, 89.875, 7.875640490910983e-26, nan 
138.125, 89.875, 5.462898350268754e-26, nan 
138.375, 89.875, 6.509331490808648e-26, nan 
138.625, 89.875, 8.425224726419672e-26, nan 
138.875, 89.875, 8.039990875031362e-26, nan 
139.125, 89.875, 7.17524194301472e-26, nan 
139.375, 89.875, 8.760441637892209e-26, nan 
139.625, 89.875, 9.690695425888392e-26, nan 
139.875, 89.875, 1.0928293802239221e-25, nan 
140.125, 89.875, 1.0532277795315476e-25, nan 
140.375, 89.875, 8.642833342503921e-26, nan 
140.625, 89.875, 9.343649317219833e-26, nan 
140.875, 89.875, 9.716616550808207e-26, nan 
141.125, 89.875, 7.511991861476424e-26, nan 
141.375, 89.875, 7.818277161568998e-26, nan 
141.625, 89.875, 9.223667769611101e-26, nan 
141.875, 89.875, 8.700510336991455e-26, nan 
142.125, 89.875, 1.0018246847133441e-25, nan 
142.375, 89.875, 8.051584088498534e-26, nan 
142.625, 89.875, 1.0442717944033537e-25, nan 
142.875, 89.875, 8.820925383033954e-26, nan 
143.125, 89.875, 8.380528226661845e-26, nan 
143.375, 89.875, 8.387066810251735e-26, nan 
143.625, 89.875, 8.780093233479538e-26, nan 
143.875, 89.875, 8.996167607521096e-26, nan 
144.125, 89.875, 9.111881744428715e-26, nan 
144.375, 89.875, 8.465232808008215e-26, nan 
144.625, 89.875, 9.536954124688178e-26, nan 
144.875, 89.875, 8.785882167187924e-26, nan 
145.125, 89.875, 8.686022404727399e-26, nan 
145.375, 89.875, 8.95698664840281e-26, nan 
145.625, 89.875, 7.946463843811017e-26, nan 
145.875, 89.875, 7.912008334922411e-26, nan 
146.125, 89.875, 8.519550808648314e-26, nan 
146.375, 89.875, 7.094381666568432e-26, nan 
146.625, 89.875, 6.364729495561284e-26, nan 
146.875, 89.875, 7.598653874165032e-26, nan 
147.125, 89.875, 1.011722998113109e-25, nan 
147.375, 89.875, 9.801871075727489e-26, nan 
147.625, 89.875, 1.0810474563458419e-25, nan 
147.875, 89.875, 9.898092455593286e-26, nan 
148.125, 89.875, 8.61085953506952e-26, nan 
148.375, 89.875, 9.097431416301911e-26, nan 
148.625, 89.875, 8.717685621344048e-26, nan 
148.875, 89.875, 8.941921417701384e-26, nan 
149.125, 89.875, 8.112372967152753e-26, nan 
149.375, 89.875, 9.143290733302705e-26, nan 
149.625, 89.875, 8.462478903234371e-26, nan 
149.875, 89.875, 9.152286642902856e-26, nan 
150.125, 89.875, 1.0149637758683972e-25, nan 
150.375, 89.875, 8.677839429957226e-26, nan 
150.625, 89.875, 9.048615476969215e-26, nan 
150.875, 89.875, 7.659921527869066e-26, nan 
151.125, 89.875, 7.712058191007904e-26, nan 
151.375, 89.875, 9.812049772394455e-26, nan 
151.625, 89.875, 8.467964203069912e-26, nan 
151.875, 89.875, 5.212049299614045e-26, nan 
152.125, 89.875, 8.916308561087229e-26, nan 
152.375, 89.875, 9.898850305276864e-26, nan 
152.625, 89.875, 8.112565132768053e-26, nan 
152.875, 89.875, 8.55341444942551e-26, nan 
153.125, 89.875, 9.60677964856937e-26, nan 
153.375, 89.875, 5.0425030569905767e-26, nan 
153.625, 89.875, 7.075601089206045e-26, nan 
153.875, 89.875, 1.2341589396904827e-25, nan 
154.125, 89.875, 1.0148261418912816e-25, nan 
154.375, 89.875, 7.362782968949723e-26, nan 
154.625, 89.875, 5.595906858416734e-26, nan 
154.875, 89.875, 6.268577078478857e-26, nan 
155.125, 89.875, 9.374950048279697e-26, nan 
155.375, 89.875, 9.483899816254257e-26, nan 
155.625, 89.875, 7.012186697633485e-26, nan 
155.875, 89.875, 9.024953269376021e-26, nan 
156.125, 89.875, 9.702342112402849e-26, nan 
156.375, 89.875, 7.546589582426008e-26, nan 
156.625, 89.875, 6.035223938443808e-26, nan 
156.875, 89.875, 5.695999893337769e-26, nan 
157.125, 89.875, 8.163393884280037e-26, nan 
157.375, 89.875, 1.009363389151438e-25, nan 
157.625, 89.875, 6.829924782762048e-26, nan 
157.875, 89.875, 8.384193599055089e-26, nan 
158.125, 89.875, 8.798957061684108e-26, nan 
158.375, 89.875, 7.60260756092454e-26, nan 
158.625, 89.875, 5.662868214383863e-26, nan 
158.875, 89.875, 5.15723784980238e-26, nan 
159.125, 89.875, 6.855076391834919e-26, nan 
159.375, 89.875, 6.033920668313108e-26, nan 
159.625, 89.875, 8.165285993649945e-26, nan 
159.875, 89.875, 9.918310150645162e-26, nan 
160.125, 89.875, 9.176032560822182e-26, nan 
160.375, 89.875, 4.3715675663318334e-26, nan 
160.625, 89.875, 7.287449331687308e-26, nan 
160.875, 89.875, 9.61550201115407e-26, nan 
161.125, 89.875, 5.959138154049882e-26, nan 
161.375, 89.875, 8.199375495609891e-26, nan 
161.625, 89.875, 5.189417050648745e-26, nan 
161.875, 89.875, 9.12750289344884e-26, nan 
162.125, 89.875, 9.65673199248329e-26, nan 
162.375, 89.875, 8.671738344022842e-26, nan 
162.625, 89.875, 6.794926362389258e-26, nan 
162.875, 89.875, 2.0089677594308737e-26, nan 
163.125, 89.875, 8.001461740726284e-26, nan 
163.375, 89.875, 7.26171247448258e-26, nan 
163.625, 89.875, 6.109642192647222e-26, nan 
163.875, 89.875, 7.425145955076855e-26, nan 
164.125, 89.875, 7.428334701434648e-26, nan 
164.375, 89.875, 8.212667272743848e-26, nan 
164.625, 89.875, 8.449952857098303e-26, nan 
164.875, 89.875, 8.408893115293256e-26, nan 
165.125, 89.875, 7.39712384223644e-26, nan 
165.375, 89.875, 9.646415100093704e-26, nan 
165.625, 89.875, 8.067406618683257e-26, nan 
165.875, 89.875, 1.0322881052008522e-25, nan 
166.125, 89.875, 9.680570639000631e-26, nan 
166.375, 89.875, 9.31170214581296e-26, nan 
166.625, 89.875, 6.00023406147261e-26, nan 
166.875, 89.875, 1.0694275322577195e-25, nan 
167.125, 89.875, 9.064038043892663e-26, nan 
167.375, 89.875, 8.745213057492697e-26, nan 
167.625, 89.875, 7.376918845219431e-26, nan 
167.875, 89.875, 5.814032967917229e-26, nan 
168.125, 89.875, 6.256782155278403e-26, nan 
168.375, 89.875, 6.28259237476154e-26, nan 
168.625, 89.875, 7.693735628507014e-26, nan 
168.875, 89.875, 5.9062088975236e-26, nan 
169.125, 89.875, 4.9166286365034517e-26, nan 
169.375, 89.875, 9.29357538067871e-26, nan 
169.625, 89.875, 4.782386649867046e-26, nan 
169.875, 89.875, 5.23292859841609e-26, nan 
170.125, 89.875, 8.824661421808945e-26, nan 
170.375, 89.875, 6.765140244342469e-26, nan 
170.625, 89.875, 7.959965030025043e-26, nan 
170.875, 89.875, 5.412748115134624e-26, nan 
171.125, 89.875, 3.853607118911713e-26, nan 
171.375, 89.875, 4.90738348768806e-26, nan 
171.625, 89.875, 5.823044305897274e-26, nan 
171.875, 89.875, 9.568855295094843e-26, nan 
172.125, 89.875, 6.266332561397396e-26, nan 
172.375, 89.875, 5.145545777838446e-26, nan 
172.625, 89.875, 5.364038628552225e-26, nan 
172.875, 89.875, 7.436337497455598e-26, nan 
173.125, 89.875, 2.750420216062315e-26, nan 
173.375, 89.875, 5.949740843815914e-26, nan 
173.625, 89.875, 8.819274700417846e-26, nan 
173.875, 89.875, 8.597039556131993e-26, nan 
174.125, 89.875, 8.416297741764867e-26, nan 
174.375, 89.875, 6.09453609858014e-26, nan 
174.625, 89.875, 4.0020014413889206e-26, nan 
174.875, 89.875, 7.842001652496814e-26, nan 
175.125, 89.875, 6.509281751341172e-26, nan 
175.375, 89.875, 4.056978554210777e-26, nan 
175.625, 89.875, 6.485004696695375e-26, nan 
175.875, 89.875, 6.633118160637381e-26, nan 
176.125, 89.875, 7.344500675538315e-26, nan 
176.375, 89.875, 8.228958637133845e-26, nan 
176.625, 89.875, 4.262402565369404e-26, nan 
176.875, 89.875, 7.455479764685288e-26, nan 
177.125, 89.875, 7.173716540288942e-26, nan 
177.375, 89.875, 6.747743147781482e-26, nan 
177.625, 89.875, 7.865807278482806e-26, nan 
177.875, 89.875, 6.410615812588031e-26, nan 
178.125, 89.875, 5.164780745134143e-26, nan 
178.375, 89.875, 6.087702641918218e-26, nan 
178.625, 89.875, 9.972607206544042e-26, nan 
178.875, 89.875, 9.196334387633776e-26, nan 
179.125, 89.875, 7.791895469463829e-26, nan 
179.375, 89.875, 2.742242530899202e-26, nan 
179.625, 89.875, 7.408100584387614e-26, nan 
179.875, 89.875, 4.7610930998777333e-26, nan 
